5.167718988488646044e-06,5.165627973442384846e-06,5.165665499337195178e-06,5.159326754057481510e-06,5.148758349806633865e-06,5.133987370912669555e-06,5.134064449781415636e-06,5.115140686475154934e-06,5.092100834778384504e-06,5.092218337885459499e-06,5.065136561824201985e-06,5.034066218967708743e-06,5.034236918168024546e-06,4.999276989420384992e-06,4.960495340988711720e-06,4.917988262013905901e-06,4.918257087410617714e-06,4.872160220016890503e-06,4.822559041323519332e-06,4.822928912234162972e-06,4.769984998786779331e-06,4.713790661034480575e-06,4.654481956319633230e-06,4.655036470226420223e-06,4.592813130511239734e-06,4.527771632530628543e-06,4.528513542636507277e-06,4.460882128622389119e-06,4.390752704481618614e-06,4.318289480259201158e-06,4.319367405226505843e-06,4.244841080793909944e-06,4.168328983910483517e-06,4.169740951895811109e-06,4.091547885905364378e-06,4.011731238306076290e-06,4.013565216961310420e-06,3.932467719847168835e-06,3.850119159344302305e-06,3.766701539590824589e-06,3.769267281989732865e-06,3.685181050209404722e-06,3.600405561385278470e-06,3.603674441532182586e-06,3.518659945299499570e-06,3.433337201251187590e-06,3.347886034374575026e-06,3.352343382037402963e-06,3.267289737972879149e-06,3.182482920680884792e-06,3.188053392942943268e-06,3.104085230643240267e-06,3.020732485772531462e-06,3.027636377540917104e-06,2.945564525557078505e-06,2.864467227854459811e-06,2.784504521117155212e-06,2.793576521345620026e-06,2.715522205514795773e-06,2.638941025495232534e-06,2.649966079753215071e-06,2.575722669813341926e-06,2.503275022459135957e-06,2.432759600011906119e-06,2.446869436497457273e-06,2.379278819243220599e-06,2.313913443044797608e-06,2.330721299924158529e-06,2.268675555878414597e-06,2.209125763884044600e-06,2.228973851417301237e-06,2.173117012101174572e-06,2.120001567126222624e-06,2.069720997105061411e-06,2.094157166695715643e-06,2.048038473518374245e-06,2.004957166372889015e-06,2.033221287214872884e-06,1.994594573518019980e-06,1.959174685541001837e-06,1.927017872198398797e-06,1.960851967114830643e-06,1.933472701284250035e-06,1.909472278387276291e-06,1.947776565343148104e-06,1.928721073493599083e-06,1.913118307015534552e-06,1.900982105179938259e-06,1.945516963973788107e-06,1.935711187513453987e-06,1.928436834699766984e-06,1.977739742940094436e-06,1.974704778887673682e-06,1.974424257445655272e-06,2.028464398244150007e-06,2.032586513027036360e-06,2.039622494471945572e-06,2.055073874188969149e-06,2.109743119075748174e-06,2.124235102008709605e-06,2.141763143813018435e-06,2.206051871403545920e-06,2.227936049200251815e-06,2.252827390725190532e-06,2.287037492745288546e-06,2.349828945641946580e-06,2.381714498532050479e-06,2.416440680607847819e-06,2.488424089428357903e-06,2.526708622519586132e-06,2.567592529443994441e-06,2.641636386210283448e-06,2.685502696332795002e-06,2.731642356220217705e-06,2.785690045628733138e-06,2.855228543722426023e-06,2.905520474737223079e-06,2.957518521968457461e-06,3.032511554766804065e-06,3.085676709645328204e-06,3.140053366586623511e-06,3.199993088558331701e-06,3.268167842024222100e-06,3.323456605891740248e-06,3.379203862684995979e-06,3.448766429240743282e-06,3.503419748183199938e-06,3.557954263800624296e-06,3.615266693586075775e-06,3.675526964144518839e-06,3.727269403566660755e-06,3.780665935448413587e-06,3.835398385910567318e-06,3.882813233028035467e-06,3.928768301030539428e-06,3.978838718274354793e-06,4.020489104288630874e-06,4.060182456861337209e-06,4.099111084887361282e-06,4.136585281138522702e-06,4.168799292180373317e-06,4.198483157026105035e-06,4.227910449879595328e-06,4.251644153619941353e-06,4.272539180495763724e-06,4.290895475288270371e-06,4.306420799977246188e-06,4.317884370333958449e-06,4.326254396356188937e-06,4.331599507725430536e-06,4.333274533201684821e-06,4.333274533201684821e-06,4.331822236273835116e-06,4.326477124904593518e-06,4.318338277377242698e-06,4.307122835958592009e-06,4.291707585972827307e-06,4.273514895105757323e-06,4.252927838129382535e-06,4.229545316326542604e-06,4.200118023473052311e-06,4.170837680803930239e-06,4.139088885863388432e-06,4.101794314113273474e-06,4.063222557388985371e-06,4.024146792478123472e-06,3.983205106018616017e-06,3.933134688774799805e-06,3.887989628754601267e-06,3.841496427149783632e-06,3.787075771974816774e-06,3.734411133711204253e-06,3.683844842536912612e-06,3.623961064239128573e-06,3.567591099584994784e-06,3.514528549891814404e-06,3.461510163798695676e-06,3.391947597242948373e-06,3.338007862556197823e-06,3.284708398670819437e-06,3.217081315089008933e-06,3.158773657660453386e-06,3.106775196957895446e-06,3.056194004099727454e-06,2.981200971301380426e-06,2.931999142871484784e-06,2.884721282019068834e-06,2.815877273213454467e-06,2.764371638211972096e-06,2.721694577930659075e-06,2.681519408075062541e-06,2.607475551308773957e-06,2.570512664891957863e-06,2.536379190253061765e-06,2.464395781432551681e-06,2.434049646057144867e-06,2.406770856830929719e-06,2.344740862156589678e-06,2.314599286798937137e-06,2.294756439440139167e-06,2.278133356011310990e-06,2.213844628420783505e-06,2.201783204348289666e-06,2.192955157034104801e-06,2.138940056331794669e-06,2.128686499986758540e-06,2.127680208056378690e-06,2.129754234613923262e-06,2.075714093815428951e-06,2.082345048563505918e-06,2.091871764347605272e-06,2.042568856107277819e-06,2.056462572589694483e-06,2.073000969687453543e-06,2.028466110893603483e-06,2.047234569891837602e-06,2.069698326368534215e-06,2.095843641817604619e-06,2.057539354861737041e-06,2.088857960751796364e-06,2.123782692484186691e-06,2.089948597567790844e-06,2.129876454835237655e-06,2.173290606722753337e-06,2.220131769940533606e-06,2.191867649099054568e-06,2.243379859233468412e-06,2.298141459474508501e-06,2.273705289886652867e-06,2.332835587057425819e-06,2.395001645650017190e-06,2.460103289277968611e-06,2.440255201765179254e-06,2.509236520984472901e-06,2.580892268321313947e-06,2.564084411517507519e-06,2.639229237180438917e-06,2.716758936114545206e-06,2.702649099872446991e-06,2.783252640726859128e-06,2.865926071608489599e-06,2.950520791911262705e-06,2.939495738619682927e-06,3.026540863905091817e-06,3.115158129731650006e-06,3.106086131920177190e-06,3.196696446687229862e-06,3.288510968529988430e-06,3.381353953053271675e-06,3.374450068463819333e-06,3.468611513332367117e-06,3.563408998048298112e-06,3.557838540670339008e-06,3.653477801094503982e-06,3.749348980255044637e-06,3.744891661495550334e-06,3.841126961542156381e-06,3.937181504468983513e-06,4.032856163807008390e-06,4.029587347684463056e-06,4.124931755249275218e-06,4.219475766318712639e-06,4.216910133477784642e-06,4.310654326431946773e-06,4.403178009505108401e-06,4.494278875182778728e-06,4.492445105774290606e-06,4.582073088234902915e-06,4.669865169212095493e-06,4.668453525849319235e-06,4.754332235694314274e-06,4.837972793414806411e-06,4.836895354607951223e-06,4.918200829233551677e-06,4.996881127946381660e-06,5.072753112964093017e-06,5.072011995932852939e-06,5.144965404693998813e-06,5.214753998530626142e-06,5.214200592150737574e-06,5.280710720083073637e-06,5.343725916172842753e-06,5.403094243562073663e-06,5.402726034863893302e-06,5.458340271633437472e-06,5.510024471210706342e-06,5.509757840591055056e-06,5.557413429468315037e-06,5.600892248341687019e-06,5.640086699685551765e-06,5.639919080387362314e-06,5.674751309157556333e-06,5.705112956321436940e-06,5.704999339304715705e-06,5.730829350691369676e-06,5.752046461726229982e-06,5.751974204310048964e-06,5.768536446238922778e-06,5.780389315261195372e-06,5.787502584708177267e-06,5.787471335057270393e-06,5.789824310385720504e-06
5.165606409407890404e-06,5.167750289128681541e-06,5.165660690167183832e-06,5.165700045017301069e-06,5.159363580045429468e-06,5.148797950428859686e-06,5.134030288399101663e-06,5.134111279665978431e-06,5.115192083501999938e-06,5.092157519350256473e-06,5.092281103092098838e-06,5.065206281090185749e-06,5.034143854360453021e-06,5.034323529407977159e-06,4.999373743636542809e-06,4.960603523263559130e-06,4.918109286762664643e-06,4.918392510640248843e-06,4.872311752510573872e-06,4.822728562796375783e-06,4.823118486505651531e-06,4.770196890014537653e-06,4.714027351053300288e-06,4.654746163127714296e-06,4.655331167659074862e-06,4.593141569139631298e-06,4.528137361820066174e-06,4.528920434395029238e-06,4.461334401766020728e-06,4.391254951137566148e-06,4.318846693222424842e-06,4.319985006778468346e-06,4.245524952884872594e-06,4.169085499698424030e-06,4.170577008625847194e-06,4.092470939103493797e-06,4.012749337250024075e-06,4.014687041379318055e-06,3.933702617782667539e-06,3.851477186110554242e-06,3.768193497724833835e-06,3.770904762099041326e-06,3.686976472588787648e-06,3.602372218262929438e-06,3.605826539786745888e-06,3.521012649470372512e-06,3.435906676644897507e-06,3.350689490049884469e-06,3.355399113431187787e-06,3.270617168907890667e-06,3.186102644475373245e-06,3.191987212320942777e-06,3.108356196123281927e-06,3.025364932191787454e-06,3.032655958351548215e-06,2.950998244512010006e-06,2.870343467681206014e-06,2.790853068760859460e-06,2.800428589346443841e-06,2.722910449070388341e-06,2.646899554746573875e-06,2.658530466821820819e-06,2.584929950110001234e-06,2.513163689779256574e-06,2.443369594930435415e-06,2.458242127577482137e-06,2.391456976577045950e-06,2.326941203654707525e-06,2.344644124562520444e-06,2.283540176783413443e-06,2.224980123068412183e-06,2.245867029093029737e-06,2.191099144873614897e-06,2.139123755626161770e-06,2.090035202767562522e-06,2.115716097439622142e-06,2.070895458130512726e-06,2.029166017456041118e-06,2.058836152618530506e-06,2.021669776235562091e-06,1.987764552126110502e-06,1.957176549827026911e-06,1.992633229496527256e-06,1.966929743707817330e-06,1.944657502270186558e-06,1.984741352741399790e-06,1.967515552118282530e-06,1.953791106393696218e-06,1.941266461410582431e-06,1.985250537705271298e-06,1.979359919822433027e-06,1.973566588623250198e-06,2.021247809187770175e-06,2.023525201195527415e-06,2.024925867217014715e-06,2.076444982319264132e-06,2.087052181438681289e-06,2.095940651374430377e-06,2.107876799285606786e-06,2.164430467048204287e-06,2.186704597419187513e-06,2.206267836228107409e-06,2.266539335547158179e-06,2.296754346080609119e-06,2.323744650961686329e-06,2.353752086799488419e-06,2.418450130432015551e-06,2.459017749349966902e-06,2.495845330258859832e-06,2.563302283030014619e-06,2.610180112572220175e-06,2.653073503714760045e-06,2.722586402768278789e-06,2.774719323431379255e-06,2.822702018213578516e-06,2.872760615067930994e-06,2.943719446130742818e-06,3.001447744509555270e-06,3.054956362434846246e-06,3.125750605963200623e-06,3.185551389190444132e-06,3.241097327818010974e-06,3.297532374049257610e-06,3.366370358013369478e-06,3.426925606452352537e-06,3.483288153593039823e-06,3.549113049501835513e-06,3.607970010935873432e-06,3.662640527802787796e-06,3.716801016320904377e-06,3.779686996789563291e-06,3.831049531923472201e-06,3.881317979961033104e-06,3.935164662658430855e-06,3.984110894592422916e-06,4.028966735694290057e-06,4.075586300257670235e-06,4.117710665880618248e-06,4.155771581995847550e-06,4.191524892179152232e-06,4.226943205674303503e-06,4.258248451825860349e-06,4.285629934024224772e-06,4.311588854011057965e-06,4.333535524871248562e-06,4.351687414108646867e-06,4.366777382118957059e-06,4.379284357916049667e-06,4.387853433853529596e-06,4.393008657148992751e-06,4.395027646146810264e-06,4.395027646146810264e-06,4.393122606123452058e-06,4.388199642010583622e-06,4.379764253679403228e-06,4.367368959090070572e-06,4.352546294483880116e-06,4.334692591742209332e-06,4.312947493548358167e-06,4.287125183570611770e-06,4.260131190923195550e-06,4.229102611845142508e-06,4.193853959197718822e-06,4.158615579488029211e-06,4.121148192759868737e-06,4.079466093644124725e-06,4.033086605822764591e-06,3.989012328428495423e-06,3.940658876866596579e-06,3.887110756069079845e-06,3.837854085697848760e-06,3.787634454660619842e-06,3.724748474191960504e-06,3.671872666431496900e-06,3.618639132413148827e-06,3.560911445175960489e-06,3.495556869381849407e-06,3.440966524684334301e-06,3.381823300805152452e-06,3.313527686751192409e-06,3.259238296638207635e-06,3.206037730165911048e-06,3.148145681541231593e-06,3.077995532238269414e-06,3.027254132398567395e-06,2.971810989755606773e-06,2.901554646393744857e-06,2.854709176805142720e-06,2.810169101435705534e-06,2.760944261990519955e-06,2.692198288531803247e-06,2.653214021367724744e-06,2.609690473438849291e-06,2.543023003170352889e-06,2.510573112923594588e-06,2.473822930799991166e-06,2.409917099416401272e-06,2.384748042042995188e-06,2.362820360712750498e-06,2.337132508815173718e-06,2.277614996540820150e-06,2.263544491592614469e-06,2.246268652470790431e-06,2.190412908478697333e-06,2.184367224171800629e-06,2.181553164625568070e-06,2.176626864066150397e-06,2.125673900830204111e-06,2.130680684879844897e-06,2.134511229535262174e-06,2.087276825365717497e-06,2.099758342155819835e-06,2.112152553106477991e-06,2.068471944190195375e-06,2.087907369269998844e-06,2.108492804993217662e-06,2.132808429215855034e-06,2.092724578744644767e-06,2.122315003175359848e-06,2.155563954865873987e-06,2.120107275196399900e-06,2.158466321420309051e-06,2.200365809440223874e-06,2.245746635344059514e-06,2.216076500181969502e-06,2.266236843845190577e-06,2.319700390217700105e-06,2.294019495547953308e-06,2.351957775555394766e-06,2.412983778419292153e-06,2.476996466948713168e-06,2.456109560941849002e-06,2.524101141877800903e-06,2.594815092942292630e-06,2.577112172101966637e-06,2.651407394477609764e-06,2.728131627142614339e-06,2.713259094718457138e-06,2.793141307947262368e-06,2.875133351770012000e-06,2.959085178799318299e-06,2.947454267633135065e-06,3.033929107151513124e-06,3.122010197336077648e-06,3.112434679062471390e-06,3.202572685888261391e-06,3.293944686714706521e-06,3.386373532928988052e-06,3.379082513764532743e-06,3.472882477494317938e-06,3.567342815898013439e-06,3.561458262723866010e-06,3.656805230085146288e-06,3.752404709526456698e-06,3.747695114917294740e-06,3.843696434625559794e-06,3.939534206382184578e-06,4.035008260009239660e-06,4.031554002920764072e-06,4.126727176667725523e-06,4.221113246492889424e-06,4.218402093137298108e-06,4.312012356723482075e-06,4.404412913625358776e-06,4.495400709242831757e-06,4.493463218772498737e-06,4.582996161031774688e-06,4.670701252416478381e-06,4.669210076539896932e-06,4.755016152914264006e-06,4.838590452390354521e-06,4.837452639653515241e-06,4.918703165317156623e-06,4.997333510899094348e-06,5.073160138326412627e-06,5.072377886439269126e-06,5.145294036404365549e-06,5.215048925623630932e-06,5.214465070400559693e-06,5.280947729045440291e-06,5.343938180111066132e-06,5.403284251147415228e-06,5.402896057687673827e-06,5.458492381570907530e-06,5.510160556678675674e-06,5.509879621742820840e-06,5.557522472370520942e-06,5.600989978178414039e-06,5.640174413035289987e-06,5.639997956618486513e-06,5.674822420987645372e-06,5.705177279585234843e-06,5.705057761974776744e-06,5.730882681194448073e-06,5.752095436597378792e-06,5.752019495225161091e-06,5.768578666465039333e-06,5.780429025562511513e-06,5.787540298744123028e-06,5.787507524307513451e-06,5.789859408635327612e-06,5.787467686501224923e-06
5.165621188118695075e-06,5.165638082382326117e-06,5.167783050928808071e-06,5.165694940153521554e-06,5.165736218984761594e-06,5.159402154561815012e-06,5.148839447605743111e-06,5.134075281128744892e-06,5.134160397359659640e-06,5.115246018366816534e-06,5.092217033243103098e-06,5.092347034991138321e-06,5.065279555225638644e-06,5.034225489047958624e-06,5.034414646629075706e-06,4.999475579411985584e-06,4.960717438866122255e-06,4.918236780816893602e-06,4.918535232157078354e-06,4.872471514905029446e-06,4.822907358936421000e-06,4.823318504839885095e-06,4.770420531825525230e-06,4.714277248882099649e-06,4.655025200413349794e-06,4.655642499634448910e-06,4.593488645022445038e-06,4.528523948333831754e-06,4.529350640651106479e-06,4.461812705532660084e-06,4.391786226516350268e-06,4.319436239745975511e-06,4.320638579936039225e-06,4.246248796074200592e-06,4.169886377593151456e-06,4.171462241937714953e-06,4.093448440707532566e-06,4.013827649628885790e-06,4.015875375329906723e-06,3.935010892314165085e-06,3.852916069447916681e-06,3.769774449315797446e-06,3.772640075505682792e-06,3.688879319126786856e-06,3.604456691232874012e-06,3.608107699122213194e-06,3.523506566607179171e-06,3.438630479394902554e-06,3.353661407241196917e-06,3.358638519054656480e-06,3.274144625487498494e-06,3.189939945357766072e-06,3.196157422556979557e-06,3.112883691592321783e-06,3.030275436597747195e-06,3.037976577698630678e-06,2.956757498647811213e-06,2.876571318475759400e-06,2.797580944472424180e-06,2.807689404708699258e-06,2.730738620621460744e-06,2.655331010908254641e-06,2.667602652227753577e-06,2.594681823674773696e-06,2.523635715996547741e-06,2.454603727887907200e-06,2.470281787179262651e-06,2.404347016471678219e-06,2.340727870377616154e-06,2.359375007417593901e-06,2.299264148008454787e-06,2.241747267854157876e-06,2.263728565055355500e-06,2.210107330613563070e-06,2.159331788052671395e-06,2.111497102903277520e-06,2.138486584480966036e-06,2.095029811589306751e-06,2.054719927271230926e-06,2.085865557192964382e-06,2.050230688424051180e-06,2.017912873276983785e-06,1.988967872059744898e-06,2.026122626482347237e-06,2.002171550308566478e-06,1.981705083481430584e-06,2.023646862480237126e-06,2.006978837227833022e-06,1.992642921633073632e-06,1.983521904005276156e-06,2.029342888287360089e-06,2.021783033321388050e-06,2.020902826855343060e-06,2.070538819644290332e-06,2.070264406997151914e-06,2.077866679291892617e-06,2.131434297497871400e-06,2.138783622021028706e-06,2.149240535004152449e-06,2.168845871019109857e-06,2.227524126002100551e-06,2.245802243393031695e-06,2.273695048742447004e-06,2.336097248326589366e-06,2.362027939438884427e-06,2.391075043280402275e-06,2.429913823729127737e-06,2.496674784684199087e-06,2.532800016003622946e-06,2.578460120804210065e-06,2.647857751301219146e-06,2.690315256791224238e-06,2.741791372244589859e-06,2.813059237137268098e-06,2.860869738784183655e-06,2.910870722216559051e-06,2.968766176733471637e-06,3.041135185415995281e-06,3.094829232176188093e-06,3.155411743560662787e-06,3.227279172806713165e-06,3.283223648353081858e-06,3.340149611886255734e-06,3.402313657966900717e-06,3.471687575621012871e-06,3.528698129579393064e-06,3.589723864759494501e-06,3.655621226129708604e-06,3.711046595332386592e-06,3.769258254146579935e-06,3.823229678905974966e-06,3.882507555355092385e-06,3.933610012870951696e-06,3.985804168784753898e-06,4.038524426625542139e-06,4.084188453156007526e-06,4.129868319622938528e-06,4.174833773659457333e-06,4.213623286482988949e-06,4.250082508607906066e-06,4.285205036539723592e-06,4.318297216430550105e-06,4.346240174956003136e-06,4.372059819706029987e-06,4.395236004110066451e-06,4.413769157879521553e-06,4.429184240898402413e-06,4.441535620167443795e-06,4.450751752370107780e-06,4.456021706324168775e-06,4.457685151140464037e-06,4.457685151140464037e-06,4.456142168564012201e-06,4.451117794579802948e-06,4.442015515930798203e-06,4.429809856500002378e-06,4.414677757743541561e-06,4.396460544670908735e-06,4.373418459243330190e-06,4.347823328474210582e-06,4.320291574693954706e-06,4.287364442710562596e-06,4.252550809415672441e-06,4.216638650680547580e-06,4.178479939337080218e-06,4.133748113009393018e-06,4.088559992920302828e-06,4.043726933614091374e-06,3.991298382992919622e-06,3.939760241400463668e-06,3.889733502750350894e-06,3.830813069943330957e-06,3.778091646771784512e-06,3.720852915325541664e-06,3.666954400815316615e-06,3.601522260433619477e-06,3.541730367821463615e-06,3.486601477084611773e-06,3.417766600758684115e-06,3.357137693556613142e-06,3.302487762768348677e-06,3.249029819183006976e-06,3.177806819138694181e-06,3.119284763650768461e-06,3.068520917542990360e-06,2.996857720358335592e-06,2.941417949583281825e-06,2.894814668147020420e-06,2.850641846785435269e-06,2.780149231466831025e-06,2.731778092922943598e-06,2.693444673035636020e-06,2.624848311213044737e-06,2.582754901254536213e-06,2.551240209494796292e-06,2.485286624097103775e-06,2.450490947372004974e-06,2.426530290674806536e-06,2.405916718550524822e-06,2.344288222010462967e-06,2.321162907687748531e-06,2.308642196847689375e-06,2.250684056441696001e-06,2.236323142115653421e-06,2.232027647833263153e-06,2.231025277361240924e-06,2.178048561038778458e-06,2.176375502172173740e-06,2.183329870154395956e-06,2.134166247202835059e-06,2.141399696661750108e-06,2.155915868909954304e-06,2.110423919406482849e-06,2.126287295051215898e-06,2.147793471522025276e-06,2.171713938954692371e-06,2.129772159955887946e-06,2.157556809776105184e-06,2.189053351851687192e-06,2.151898597429103065e-06,2.188614642571153958e-06,2.228926721628657906e-06,2.272776039918390052e-06,2.241630409996969152e-06,2.290371197303644095e-06,2.342470877258450229e-06,2.315481395682658220e-06,2.372165807980225995e-06,2.431991964156507798e-06,2.494858002906684759e-06,2.472876705720793020e-06,2.539825113092419507e-06,2.609545975781683695e-06,2.590898838801691128e-06,2.664297434338544945e-06,2.740171286696211807e-06,2.724493227608114195e-06,2.803613334070558288e-06,2.884885225206428054e-06,2.968157364032496145e-06,2.955885723565582458e-06,3.041757278402621938e-06,3.129271012311180986e-06,3.119162554281133663e-06,3.208800536063788700e-06,3.299703940083707011e-06,3.391694151339413436e-06,3.383993017042701573e-06,3.477409971625653907e-06,3.571513024572401408e-06,3.565295561814272546e-06,3.660332684647300358e-06,3.755644112927601893e-06,3.750667029723120580e-06,3.846420234896142703e-06,3.942028121049904172e-06,4.037289417033984145e-06,4.033638473940129411e-06,4.128630021882148507e-06,4.222848559547621311e-06,4.219983045784651142e-06,4.313451243069763041e-06,4.405721193787231707e-06,4.496589052257475948e-06,4.494541544624639206e-06,4.583973681678639618e-06,4.671586511708642343e-06,4.670010988952021639e-06,4.755740041014741692e-06,4.839244082992903672e-06,4.838042258606780385e-06,4.919234530900349389e-06,4.997811925802801507e-06,5.073590480207668966e-06,5.072764637049148553e-06,5.145641309294505039e-06,5.215360492445399054e-06,5.214744385817070625e-06,5.281197954282224951e-06,5.344162205176142642e-06,5.403484715755646298e-06,5.403075370927849425e-06,5.458652740356816884e-06,5.510303963027794193e-06,5.510007898927992604e-06,5.557637279991295546e-06,5.601092826199575849e-06,5.640266674840537944e-06,5.640080881127341242e-06,5.674897143883429092e-06,5.705244833701458822e-06,5.705119086886541749e-06,5.730938632060480699e-06,5.752146792297234731e-06,5.752066965834769470e-06,5.768622900112426451e-06,5.780470614703988024e-06,5.787579785899641438e-06,5.787545407292278176e-06,5.789896145323048337e-06,5.787503699152709916e-06,5.787495087411501875e-06
5.159258304057911046e-06,5.165653585008625361e-06,5.165671234943130518e-06,5.167817346223585275e-06,5.165730799666570845e-06,5.165774102803153276e-06,5.159442565983425822e-06,5.148882938207804812e-06,5.134122456332757568e-06,5.134211922530366032e-06,5.115302625484654106e-06,5.092279528191345375e-06,5.092416305500556561e-06,5.065356579521153076e-06,5.034311345243169807e-06,5.034510522915959918e-06,4.999582785094147795e-06,4.960837416285030181e-06,4.918371118221202489e-06,4.918685677565652462e-06,4.872639991014409363e-06,4.823095979123297883e-06,4.823529590308540687e-06,4.770656629949199545e-06,4.714541152785704922e-06,4.655319969842932506e-06,4.655971483156154733e-06,4.593855503590507559e-06,4.528932680263156114e-06,4.529805608025341781e-06,4.462318662073241001e-06,4.392348346931686375e-06,4.320060150572821292e-06,4.321330391877046977e-06,4.247015137826613858e-06,4.170734431153601595e-06,4.172399779357083050e-06,4.094483862257729727e-06,4.014970023330329181e-06,4.017134477774230109e-06,3.936397250701458577e-06,3.854441004741464669e-06,3.771450120399894125e-06,3.774479524213753715e-06,3.690896515987670334e-06,3.606666581762884804e-06,3.610526250469519389e-06,3.526150814333178181e-06,3.441518574154802720e-06,3.356812661103006265e-06,3.362073451172381270e-06,3.277885006820712267e-06,3.194008842106021347e-06,3.200579237953940226e-06,3.117684205681260138e-06,3.035481843587327440e-06,3.043617520475999895e-06,2.962863100005124568e-06,2.883173208586696516e-06,2.804712284137259677e-06,2.815384903870361240e-06,2.739034551641060397e-06,2.664265216077083893e-06,2.677214544984050898e-06,2.605012382987939276e-06,2.534727473379282380e-06,2.466500746498227714e-06,2.483029632479837503e-06,2.417992717923672195e-06,2.355319873660537163e-06,2.374963116685732205e-06,2.315899457718588627e-06,2.259482083728524190e-06,2.282616313778563628e-06,2.230202457902294824e-06,2.180689644782797628e-06,2.134173819030398571e-06,2.162538930547436570e-06,2.120515047673377976e-06,2.081695639302047577e-06,2.114389480628509447e-06,2.080360519367607698e-06,2.049706067190939996e-06,2.022481430323302617e-06,2.061412871131451539e-06,2.039293887391735013e-06,2.019914063321243394e-06,2.062782930186780599e-06,2.048354444041347565e-06,2.035340081361948444e-06,2.024901783651375632e-06,2.075586766593676645e-06,2.069578551247487217e-06,2.066416194649686455e-06,2.122221790410142924e-06,2.123708623662196101e-06,2.128245312494228323e-06,2.183718986606463305e-06,2.198337074081591511e-06,2.210802315299497407e-06,2.226497911021263840e-06,2.293527025556302684e-06,2.313931915186806585e-06,2.337569744011795157e-06,2.401984650331248803e-06,2.436858320958381270e-06,2.468116137887668205e-06,2.502472941122963947e-06,2.578152401766890252e-06,2.616457117023892300e-06,2.657628098861657651e-06,2.735721850634500710e-06,2.780251175760722306e-06,2.827318003732103914e-06,2.900259099216499469e-06,2.956521688114725837e-06,3.008335744657583570e-06,3.062099424016547958e-06,3.141711480562382928e-06,3.196920527625428239e-06,3.253554614519564473e-06,3.326419913380930786e-06,3.388850501365641020e-06,3.446779840488058167e-06,3.505325098690575283e-06,3.579560965610155696e-06,3.637109175332887562e-06,3.694645665218245355e-06,3.764284155586704908e-06,3.819729564210653837e-06,3.874530157167141564e-06,3.928447607971559447e-06,3.989841517141169100e-06,4.040218047257644353e-06,4.089108912134248459e-06,4.142827195433528439e-06,4.187192957312989773e-06,4.229521902072090923e-06,4.272701415357236492e-06,4.311348813588809506e-06,4.345764650598678921e-06,4.377505541767874859e-06,4.409145418490593079e-06,4.434534473313356945e-06,4.456904178936140139e-06,4.477177556977830499e-06,4.493277076124707912e-06,4.505558973081647881e-06,4.514536395354424556e-06,4.520288600662270382e-06,4.522084481257123846e-06,4.522084481257123846e-06,4.520537542472420115e-06,4.514785337164574289e-06,4.506066485010611010e-06,4.494062469367472544e-06,4.478139031216761000e-06,4.457996553951127386e-06,4.435972872543652241e-06,4.410979017494393018e-06,4.379339140771674797e-06,4.348052977459939658e-06,4.314161984645474129e-06,4.275899517480684264e-06,4.232940860585870819e-06,4.191309700753088561e-06,4.147744976579416064e-06,4.094026693280136084e-06,4.046051534346071248e-06,3.996716898774421353e-06,3.935322989604811700e-06,3.882585178630181626e-06,3.829113483166997835e-06,3.775157606777358593e-06,3.705519116408899041e-06,3.649643935822216142e-06,3.593939614234977457e-06,3.519703747315397467e-06,3.463195307398349177e-06,3.407505505825586441e-06,3.346882689568919291e-06,3.274660991399708724e-06,3.220698445200483068e-06,3.168388554283480970e-06,3.088776497737645577e-06,3.038146053450143649e-06,2.989704701430946167e-06,2.936267819775442567e-06,2.864117429037024490e-06,2.820913737337956963e-06,2.780496011555165225e-06,2.702402259782322165e-06,2.665591756829565539e-06,2.631895462880007098e-06,2.556216002236080370e-06,2.526713253990396231e-06,2.500551440587370196e-06,2.470197457162300900e-06,2.406595762417555105e-06,2.388521327121333710e-06,2.373902611100965577e-06,2.306873496565926309e-06,2.297177870148057319e-06,2.290916194872142008e-06,2.282052346718419322e-06,2.227220246860482137e-06,2.229259193670394049e-06,2.234514396983886023e-06,2.178708801223429554e-06,2.188765266079028714e-06,2.201804516915744796e-06,2.151119533973443358e-06,2.168709931826584947e-06,2.188980978837726548e-06,2.210631901769362623e-06,2.167884870577506631e-06,2.194679146859271179e-06,2.224343596500786412e-06,2.185412155692651043e-06,2.220407836485088993e-06,2.259056552572172920e-06,2.301299963353854226e-06,2.268606122027634183e-06,2.315856433387439611e-06,2.366523223324432872e-06,2.338158111808937320e-06,2.393523664708931330e-06,2.452087091442897929e-06,2.513745751626113849e-06,2.490611521589187328e-06,2.556460422793298241e-06,2.625134085035749394e-06,2.605490842063599790e-06,2.677943135759706497e-06,2.752919131952299642e-06,2.736390246155279932e-06,2.814705091365035059e-06,2.895215784398120216e-06,2.977769256624065040e-06,2.964819928514237354e-06,3.050053209132086972e-06,3.136966511095826486e-06,3.126293893462788109e-06,3.215402425563967204e-06,3.305809540679612285e-06,3.397335093180784142e-06,3.389199422898053032e-06,3.482210484360453395e-06,3.575934838377808345e-06,3.569364456723118696e-06,3.664073063893524475e-06,3.759079042726271176e-06,3.753818281070064545e-06,3.849308327008942936e-06,3.944672366095220510e-06,4.039707965809785981e-06,4.035848362205063565e-06,4.130647217047940757e-06,4.224688007473764781e-06,4.221658717437631242e-06,4.314976180831558260e-06,4.407107557219620298e-06,4.497848163149766290e-06,4.495683931172685718e-06,4.585009121662298967e-06,4.672524074553219693e-06,4.670859076576582766e-06,4.756506427386505186e-06,4.839935952322132559e-06,4.838666242130810775e-06,4.919796742218500760e-06,4.998317994735937709e-06,5.074045585167227719e-06,5.073173535910403939e-06,5.146008368777899193e-06,5.215689716017758319e-06,5.215039440131716976e-06,5.281462194183235286e-06,5.344398697297475282e-06,5.403696260750500857e-06,5.403264524367581022e-06,5.458821832341991818e-06,5.510455116556586445e-06,5.510143047069183919e-06,5.557758181910676664e-06,5.601201082089546791e-06,5.640363739803343088e-06,5.640168078062562961e-06,5.674975675430217185e-06,5.705315793285537602e-06,5.705183468921293793e-06,5.730997341350480471e-06,5.752200652691410966e-06,5.752116728175097872e-06,5.768669249522556729e-06,5.780514177260652409e-06,5.787621134728037607e-06,5.787585068124882212e-06,5.789934601559570168e-06,5.787541396457074956e-06,5.787532437879980725e-06,5.780377733770737485e-06
5.148664141163283158e-06,5.159291803465192089e-06,5.165687499438831692e-06,5.165705940404470403e-06,5.167853251171859634e-06,5.165768349026551108e-06,5.165813782409898692e-06,5.159484907477928911e-06,5.148928524423249316e-06,5.134171927209629885e-06,5.134265981600528005e-06,5.115362046966394227e-06,5.092345164739217798e-06,5.092489096655607940e-06,5.065437560908735602e-06,5.034401658567123612e-06,5.034611426799279546e-06,4.999695666817446845e-06,4.960963804475088084e-06,4.918512696542561767e-06,4.918844299468665973e-06,4.872817695593172604e-06,4.823295008136598193e-06,4.823752406416195381e-06,4.770905936214903977e-06,4.714819913495771637e-06,4.655631432687930976e-06,4.656319202819476197e-06,4.594243366784213561e-06,4.529364932247050339e-06,4.530286880640002327e-06,4.462854003311662582e-06,4.392943252067271878e-06,4.320720594853539792e-06,4.322062864786688259e-06,4.247826678904171051e-06,4.171632667350818203e-06,4.173392963902128760e-06,4.095580914979792045e-06,4.016180572385566027e-06,4.018468902698069284e-06,3.937866726695636632e-06,3.856057548086445615e-06,3.773226634864541527e-06,3.776429848314187204e-06,3.693035470926407735e-06,3.609010019857533308e-06,3.613091103857597771e-06,3.528955143716247698e-06,3.444581617321025633e-06,3.360154880942680168e-06,3.365716582876108234e-06,3.281852103924785782e-06,3.198324321024549946e-06,3.205268920612403928e-06,3.122775359841813597e-06,3.041003220432483178e-06,3.049599388994626209e-06,2.969337277703178914e-06,2.890173088025203548e-06,2.812272854781888648e-06,2.823542768721007017e-06,2.747827938096319181e-06,2.673733980477801901e-06,2.687400170272550927e-06,2.615957968915400809e-06,2.546477718693411190e-06,2.479101922547113504e-06,2.496529547676073190e-06,2.432440672525696537e-06,2.370766604346011062e-06,2.391460730414855511e-06,2.333501354413817330e-06,2.278242867331314629e-06,2.302591691283777445e-06,2.251449126016782965e-06,2.203265163906556161e-06,2.158136474316573159e-06,2.187947579861279360e-06,2.147428956339979521e-06,2.110174301608101033e-06,2.144492428124316935e-06,2.112147116101717954e-06,2.083235292100898492e-06,2.057811647101543601e-06,2.099050725460691296e-06,2.077785271548854768e-06,2.059975514424275078e-06,2.104648895492526105e-06,2.089741866537328178e-06,2.080133932943615087e-06,2.071194105900736816e-06,2.120691681981058629e-06,2.119719854311453622e-06,2.118282739714597516e-06,2.171827575215088642e-06,2.174649515989431516e-06,2.186204924686798027e-06,2.243863772826762286e-06,2.254777368349302894e-06,2.275262438263796510e-06,2.293103054569897293e-06,2.356016878158359586e-06,2.378397504009321400e-06,2.411028470511144592e-06,2.477664202211515948e-06,2.507917240712568605e-06,2.548455202942531416e-06,2.585076601038027295e-06,2.655911269498747784e-06,2.703496510753763477e-06,2.746853024568876824e-06,2.820048280144585464e-06,2.866786529024242472e-06,2.922677385927396899e-06,2.997331272241066022e-06,3.049092003999835211e-06,3.109105719243480581e-06,3.164556828555201977e-06,3.239560911817727356e-06,3.296505683317171573e-06,3.360107217803449343e-06,3.433877738950017954e-06,3.492324149030716210e-06,3.556173150140031644e-06,3.615460466792457661e-06,3.685582097244513089e-06,3.747901523981674190e-06,3.805664244188698760e-06,3.871318311481219462e-06,3.926947136509087483e-06,3.984797499323391125e-06,4.038185821041396894e-06,4.095799653151249737e-06,4.148016230043254305e-06,4.195789037919342099e-06,4.245742483141423917e-06,4.288875272929200023e-06,4.331403617229750526e-06,4.372514229457809354e-06,4.407617705546266911e-06,4.441165369508176556e-06,4.470466090745459548e-06,4.498350068032276745e-06,4.521194142328749731e-06,4.541336446018861205e-06,4.558414919181056538e-06,4.570962466337835652e-06,4.580161853845236606e-06,4.585694005788331181e-06,4.587874483078129072e-06,4.587874483078129072e-06,4.585821388253947542e-06,4.580548972856765992e-06,4.571499334062938465e-06,4.559245987384550801e-06,4.542297920257791707e-06,4.522350486387461096e-06,4.499873371893012403e-06,4.472142827350523787e-06,4.443278626483151464e-06,4.410043427294834599e-06,4.375497709734922127e-06,4.334601719353198298e-06,4.292502812255351230e-06,4.250112118482770973e-06,4.200429173064329926e-06,4.153540159091995199e-06,4.101995465499818715e-06,4.044717752034790629e-06,3.992473501169232746e-06,3.935505995277481738e-06,3.881290380601963284e-06,3.816083863921447538e-06,3.759943958817704215e-06,3.698903464558169864e-06,3.629308115105279448e-06,3.572019201919853580e-06,3.509767451208592060e-06,3.453698106108789710e-06,3.380569993991438271e-06,3.318926537529286449e-06,3.264814134637358714e-06,3.190522893704633286e-06,3.138175103637511173e-06,3.080734452325729943e-06,3.032542207641728765e-06,2.958686106486339996e-06,2.905820920656829011e-06,2.863163752344068358e-06,2.790803253040207248e-06,2.751797910253315261e-06,2.707965470176229916e-06,2.637982511398189518e-06,2.606217004855164025e-06,2.569937412674305067e-06,2.545044049881293102e-06,2.479241277342196689e-06,2.451380705227687262e-06,2.434839748651393055e-06,2.372713621375012325e-06,2.360907238325410069e-06,2.345952262564326291e-06,2.341529654449238051e-06,2.284538284798753621e-06,2.279000105071989723e-06,2.283042999910672876e-06,2.230050309580238000e-06,2.238449803782310270e-06,2.246117850861324651e-06,2.197029797775496652e-06,2.213202636734216707e-06,2.229912862060633047e-06,2.252349695816950546e-06,2.207824486006857103e-06,2.233096829796373697e-06,2.262035519512824129e-06,2.220742372470884826e-06,2.253937061395031819e-06,2.290843149306250988e-06,2.331402910849598610e-06,2.297084784333568208e-06,2.342770342053820503e-06,2.391931872637878403e-06,2.362120767094415647e-06,2.416099183831498088e-06,2.473333759555393425e-06,2.533721129128071248e-06,2.509372305186766821e-06,2.574062319480357735e-06,2.641631698752315860e-06,2.620937572730127679e-06,2.692391090333656357e-06,2.766419047107648626e-06,2.748991422145602288e-06,2.826455336596626014e-06,2.906161370211056541e-06,2.987954881756048204e-06,2.974288692704191541e-06,3.058846595307610583e-06,3.145124375580435868e-06,3.133854463635130990e-06,3.222402304401538665e-06,3.312283717623633667e-06,3.403316960766502767e-06,3.394720798605432188e-06,3.487301637153745753e-06,3.580624519418477235e-06,3.573679933758699829e-06,3.668040158844981069e-06,3.762722172017878699e-06,3.757160498268570287e-06,3.852371367362434977e-06,3.947476692586503876e-06,4.042272816363892868e-06,4.038191797715578024e-06,4.132786169911865449e-06,4.226638330349574128e-06,4.223435231965662119e-06,4.316592726079969622e-06,4.408577037642522824e-06,4.499182595866787153e-06,4.496894492401036237e-06,4.586106192153273610e-06,4.673517283904906824e-06,4.671757346313355564e-06,4.757318012713590398e-06,4.840668482480124427e-06,4.839326759290434640e-06,4.920391738870258413e-06,4.998853449542430287e-06,5.074526997258006094e-06,5.073605957610204566e-06,5.146396436768959129e-06,5.216037680945863065e-06,5.215351194673450335e-06,5.281741299598924893e-06,5.344648408500309208e-06,5.403919549927571087e-06,5.403464103192982832e-06,5.459000172825803702e-06,5.510614470576567272e-06,5.510285464634348262e-06,5.557885528207707504e-06,5.601315053364270252e-06,5.640465878130220865e-06,5.640259785055525700e-06,5.675058224948093467e-06,5.705390343184968124e-06,5.705251071909305431e-06,5.731058954987963175e-06,5.752257148597581695e-06,5.752168900481647508e-06,5.768717822624693565e-06,5.780559812910613452e-06,5.787664438514894855e-06,5.787626595382663533e-06,5.789974862743854295e-06,5.787580862028335480e-06,5.787571542730031199e-06,5.780416881226729011e-06,5.768520506479816606e-06
5.133865533888432001e-06,5.148699152043498352e-06,5.159326879508913996e-06,5.165723006868422397e-06,5.165742275961187240e-06,5.167890845974049597e-06,5.165807672840666262e-06,5.165855348368983833e-06,5.159529277284252938e-06,5.148976314073794790e-06,5.134223813285194081e-06,5.134322708161175033e-06,5.115424433098012071e-06,5.092414112797801795e-06,5.092565601257772670e-06,5.065522718718647811e-06,5.034496678931631054e-06,5.034717643284419259e-06,4.999814549700730153e-06,4.961096974248858342e-06,4.918661938484452674e-06,4.919011579335461056e-06,4.873005176494335954e-06,4.823505068643312869e-06,4.823987659960737080e-06,4.771169251833747768e-06,4.715114437967761117e-06,4.655960614116137998e-06,4.656686815702005611e-06,4.594653538615040835e-06,4.529822171683073078e-06,4.530796107264620987e-06,4.463420579018541250e-06,4.393573014080153353e-06,4.321419890389335919e-06,4.322838587359216335e-06,4.248686306255034590e-06,4.172584300981889790e-06,4.174445370170841722e-06,4.096743567704047279e-06,4.017463696889424078e-06,4.019883521212563006e-06,3.939424705010964069e-06,3.857771643332615741e-06,3.775110544277095177e-06,3.778498258820189778e-06,3.695304109363326721e-06,3.611495703614149540e-06,3.615811791701717948e-06,3.531929986548900377e-06,3.447831008571071817e-06,3.363700506289600578e-06,3.369581468962239175e-06,3.286060665691709666e-06,3.202902407281885170e-06,3.210243857421123970e-06,3.128175991268737097e-06,3.046859946207920936e-06,3.055944198581704814e-06,2.976203780265357776e-06,2.897596537758253350e-06,2.820290171058505355e-06,2.832192550480547245e-06,2.757150471899311030e-06,2.683771241635145331e-06,2.698195816453158309e-06,2.627557325633667613e-06,2.558927756079786762e-06,2.492451222811467880e-06,2.510828262684821466e-06,2.447740470930107753e-06,2.387120607721026508e-06,2.408923437895353345e-06,2.352128555348772836e-06,2.298091541515971164e-06,2.323719896375790877e-06,2.273915871794555047e-06,2.227130273086558134e-06,2.183460429711463484e-06,2.214791357731876536e-06,2.175853845871624395e-06,2.140241710525348642e-06,2.176263674547015115e-06,2.145683206840026625e-06,2.119745988446867230e-06,2.095745953133656128e-06,2.138479475406960497e-06,2.118345271082223299e-06,2.100535951387890391e-06,2.148550486833647519e-06,2.135027623629310574e-06,2.124174927919266356e-06,2.119779958814190886e-06,2.171344317385740925e-06,2.168071540777421383e-06,2.167883499169548038e-06,2.228422141452695782e-06,2.233175258571767456e-06,2.241199167766562568e-06,2.306876633399031858e-06,2.319892564643364868e-06,2.336277305769754026e-06,2.356072278250097282e-06,2.428014873914864976e-06,2.452663994785675445e-06,2.480682285634513472e-06,2.556663201946643429e-06,2.589217918766868596e-06,2.624995123554000262e-06,2.671126213127922983e-06,2.744085732366892354e-06,2.786886334759433785e-06,2.832550460094690307e-06,2.914704495821664013e-06,2.963528921571242691e-06,3.014819594780885659e-06,3.097833930154944199e-06,3.151437238000218741e-06,3.207018659087556511e-06,3.264380641830347253e-06,3.346542140669819290e-06,3.404877903489025363e-06,3.464401978539889061e-06,3.544296428876279995e-06,3.603695186170534007e-06,3.663640133206827825e-06,3.728203983924849323e-06,3.798478228313339445e-06,3.857025819748391132e-06,3.915194118195209182e-06,3.984107801034329745e-06,4.039427110000088203e-06,4.093700913231622542e-06,4.149368741648910707e-06,4.205830502314468112e-06,4.254468913443702837e-06,4.301202109869327201e-06,4.351525606175860661e-06,4.392936832582015499e-06,4.431901262090004450e-06,4.472284870853920919e-06,4.505089945365725661e-06,4.534999839783195186e-06,4.561870506509853538e-06,4.587619104972425773e-06,4.607477496087998290e-06,4.624008539861179098e-06,4.638054974766349718e-06,4.647195921447567209e-06,4.652853376966663031e-06,4.654861527585224368e-06,4.654996265209094117e-06,4.652988114590532780e-06,4.647605445720416277e-06,4.638755248887075406e-06,4.624708813981903939e-06,4.608495220455521645e-06,4.588991854305633960e-06,4.563243255843061725e-06,4.536776244339347793e-06,4.507329905994622914e-06,4.475059795363289568e-06,4.434676186599373098e-06,4.396329879088314426e-06,4.355631917832218247e-06,4.305308421525684786e-06,4.259395828208907062e-06,4.211697721266217736e-06,4.155564553997479685e-06,4.100640611323094157e-06,4.047583974079300601e-06,3.993638981339958396e-06,3.924725298500837832e-06,3.868100782897433895e-06,3.811278501927709534e-06,3.741525351238506098e-06,3.678358934703003162e-06,3.620536930771459636e-06,3.563476114511811846e-06,3.483581664175421335e-06,3.426620372849323047e-06,3.371081223191990576e-06,3.288919724352518540e-06,3.234596198026190568e-06,3.182302009905077564e-06,3.132240466013590953e-06,3.049226130639531989e-06,3.001736240541776411e-06,2.956974763862860030e-06,2.874820728135886323e-06,2.833483461554002422e-06,2.795273920728115869e-06,2.723180413805405115e-06,2.681037386013639055e-06,2.650374576275412933e-06,2.623190379592727899e-06,2.547209463280598365e-06,2.524812129179977781e-06,2.506027246407855857e-06,2.434084650743087739e-06,2.420388615006539983e-06,2.410327551128011793e-06,2.403848767770971661e-06,2.338171302138502371e-06,2.336885504214107436e-06,2.339057800881806610e-06,2.278519158598658443e-06,2.285805194029762820e-06,2.296332859344980231e-06,2.245206127694457755e-06,2.256558710236288374e-06,2.274929705600187315e-06,2.296075998334350472e-06,2.248061462888593344e-06,2.273580889430331862e-06,2.301493016844099228e-06,2.258759494570801635e-06,2.290586113823291944e-06,2.324379240044535942e-06,2.363174157272248932e-06,2.327152193250722643e-06,2.371195231585290889e-06,2.418775650508155401e-06,2.387444722488734224e-06,2.439964293010506915e-06,2.495800505331482453e-06,2.554849334217297518e-06,2.529220979366907399e-06,2.592689520408149036e-06,2.659094406221673940e-06,2.637291576088155033e-06,2.707690888712635831e-06,2.780717762078997432e-06,2.762340722355894786e-06,2.838905373906135888e-06,2.917760726821772184e-06,2.998750527788490888e-06,2.984325953660481537e-06,3.068169128841778740e-06,3.153774156985705837e-06,3.141871779451478464e-06,3.229825753544995090e-06,3.319150219441122337e-06,3.409661769426218785e-06,3.400577523242498322e-06,3.492702267203723599e-06,3.585599454587015806e-06,3.578258018093703944e-06,3.672248718397934470e-06,3.766587055602952587e-06,3.760706120851650141e-06,3.855620755636807830e-06,3.950451532317469285e-06,4.044993501110654114e-06,4.040677478565219109e-06,4.135054805886788305e-06,4.228706739176234358e-06,4.225319140918600022e-06,4.318306822640861091e-06,4.410135019739046841e-06,4.500597221480469835e-06,4.498177628356670467e-06,4.587268861925041842e-06,4.674569714295813694e-06,4.672709012884925218e-06,4.758177683861990775e-06,4.841444262072930148e-06,4.840026127795046984e-06,4.921021592920615924e-06,4.999420139905048183e-06,5.075036365171598072e-06,5.074063369485167601e-06,5.146806817243888799e-06,5.216405544308072167e-06,5.215680674659165147e-06,5.282036177596529561e-06,5.344912140186769761e-06,5.404155290373943116e-06,5.403674730479889116e-06,5.459188310213912579e-06,5.510782507280467854e-06,5.510435575250980717e-06,5.558019690852518375e-06,5.601435066569783180e-06,5.640573376562667709e-06,5.640356254105660743e-06,5.675145014252399842e-06,5.705468679133109786e-06,5.705322069193083429e-06,5.731123627246061706e-06,5.752316418209236637e-06,5.752223607560967411e-06,5.768768733265818966e-06,5.780607626732177506e-06,5.787709795550433072e-06,5.787670082361762031e-06,5.790017018806787180e-06,5.787622183915028488e-06,5.787612489482102524e-06,5.780457878439380401e-06,5.768561950138312393e-06,5.751953589929590113e-06
5.133912841224807183e-06,5.133902499214511887e-06,5.148735821619218950e-06,5.159363611062461401e-06,5.165760186768564604e-06,5.165780322909604259e-06,5.167930215102755387e-06,5.165848860249387198e-06,5.165898896139492960e-06,5.159575779010792077e-06,5.149026420950886678e-06,5.134278240796286319e-06,5.134382243413688759e-06,5.115489942852437571e-06,5.092486552240527156e-06,5.092646023569215389e-06,5.065612285490042262e-06,5.034596671485499312e-06,5.034829474955138529e-06,4.999939779132830611e-06,4.961237319771626253e-06,4.918819293622005753e-06,4.919188029511698469e-06,4.873203016992034106e-06,4.823726823875932519e-06,4.824236104114401971e-06,4.771447430935091407e-06,4.715425693430939572e-06,4.656308607819253852e-06,4.657075556639324913e-06,4.595087411166771920e-06,4.530305965538862026e-06,4.531335049030536924e-06,4.464020365529755608e-06,4.394239847433073990e-06,4.322160514697234757e-06,4.323660327224690286e-06,4.249597106940589668e-06,4.173592770246733897e-06,4.175560821727528837e-06,4.097976066232803388e-06,4.018824104530970803e-06,4.021383545441904788e-06,3.941076947774987468e-06,3.859589651313460752e-06,3.777108860121212710e-06,3.780692473149750534e-06,3.697710913362344461e-06,3.614132941956386388e-06,3.618698515561297802e-06,3.535086506407627205e-06,3.451278946508976129e-06,3.367462847417325891e-06,3.373682611625755450e-06,3.290526470051709427e-06,3.207760241842317197e-06,3.215522643053929783e-06,3.133906242255198066e-06,3.053073807791489186e-06,3.062675480502996872e-06,2.983487985727529978e-06,2.905470887250616215e-06,2.828793620448231270e-06,2.841365802767205442e-06,2.767035982014928760e-06,2.694413213664095383e-06,2.709640192641621916e-06,2.639851766558254499e-06,2.572121611349338887e-06,2.506595491685572494e-06,2.525975544007415615e-06,2.463944901797063473e-06,2.404437790327113410e-06,2.427410354038633506e-06,2.371843468109625567e-06,2.319093883673624021e-06,2.346070145177686641e-06,2.297675409753074217e-06,2.252361234543651166e-06,2.210225532984491470e-06,2.243153722733389099e-06,2.205876797181640212e-06,2.171988565986765900e-06,2.212503885359026353e-06,2.184666325062830519e-06,2.157982800960810433e-06,2.135034617464598412e-06,2.179596759188657589e-06,2.160878235256624157e-06,2.144383670906849157e-06,2.192671982158504425e-06,2.182545443598003202e-06,2.173263693859340252e-06,2.166904939651665411e-06,2.220374486371694512e-06,2.223028886434170564e-06,2.224742875219477938e-06,2.282483840732155792e-06,2.294540942756082236e-06,2.304662135106694924e-06,2.366679283436189417e-06,2.381511001237607538e-06,2.406713363033428214e-06,2.428809534980890416e-06,2.496179492052655445e-06,2.530274079001182708e-06,2.560657126588523162e-06,2.631692988439847390e-06,2.674003821432854091e-06,2.712134239057396698e-06,2.753419674951216071e-06,2.828400447410163345e-06,2.880883483937796903e-06,2.928769539379397448e-06,3.005745665965944756e-06,3.063829233351653619e-06,3.117125644928711529e-06,3.195047080765651724e-06,3.250705182068567333e-06,3.314511579716156995e-06,3.373458714349657663e-06,3.450829698466283598e-06,3.516410880576330947e-06,3.577096882304443058e-06,3.652383820329080485e-06,3.717895054809788556e-06,3.778504113961871878e-06,3.839228987100476563e-06,3.909555156082597757e-06,3.972430879641755533e-06,4.030506397150432215e-06,4.095265887843280610e-06,4.153612244107540443e-06,4.207180352546337962e-06,4.259242866913039772e-06,4.314420423586391389e-06,4.364264216455688988e-06,4.409452831724905600e-06,4.455802994828178236e-06,4.497207720796297324e-06,4.534020323439005581e-06,4.570403764106917580e-06,4.600934930475906880e-06,4.629271031543921712e-06,4.653251654454653562e-06,4.675061646086025014e-06,4.692357473725274036e-06,4.705534385874473209e-06,4.715696995431694384e-06,4.721377555010168016e-06,4.723305674368888134e-06,4.723305674368888134e-06,4.721656102478493402e-06,4.716130345667160319e-06,4.706102469756988359e-06,4.693237130500858233e-06,4.676139234328017555e-06,4.654476082022743180e-06,4.630884751964758088e-06,4.602817525762191739e-06,4.572778800817879599e-06,4.536592531106702451e-06,4.500372878559690799e-06,4.459404095456099456e-06,4.413302984474687829e-06,4.368903872284572017e-06,4.319653664266977123e-06,4.264789183729263666e-06,4.213763271905878511e-06,4.161374556063447118e-06,4.103936745999281606e-06,4.039603721170939388e-06,3.983031548362372033e-06,3.921330671559345857e-06,3.851513821772048025e-06,3.792666082849281517e-06,3.734138808392870526e-06,3.670289528132860036e-06,3.595638161841342766e-06,3.537475799321590031e-06,3.473938844131200513e-06,3.397282913393245445e-06,3.341339262953992884e-06,3.280002427161563017e-06,3.227826970741926786e-06,3.150721659281233648e-06,3.101201415815011079e-06,3.046295831051627689e-06,2.970184560218035025e-06,2.926610246553244829e-06,2.877814876044547545e-06,2.803727833958317831e-06,2.767292679874281550e-06,2.734279116883511552e-06,2.696455971808147348e-06,2.626311986068705193e-06,2.601565805553461225e-06,2.572502076158704169e-06,2.505988505186639831e-06,2.490021543983804830e-06,2.470389233141415861e-06,2.462183721937902682e-06,2.400913901256266946e-06,2.397583365036565814e-06,2.391875090069772623e-06,2.334770642858306626e-06,2.340221853693955908e-06,2.344400895593263908e-06,2.291427109274809431e-06,2.305262307581188627e-06,2.322150184573031875e-06,2.339762373445085123e-06,2.291705981560803578e-06,2.316010752782105727e-06,2.342588384944160974e-06,2.298050727933978501e-06,2.328936311851774592e-06,2.363795696799899993e-06,2.399740168068932065e-06,2.358899048712068326e-06,2.401218182895169062e-06,2.447138015509411736e-06,2.414209825761298036e-06,2.465195254466780866e-06,2.519560043288593007e-06,2.577199583016825825e-06,2.550223321520673646e-06,2.612404433162758711e-06,2.677581322355132331e-06,2.654608758679094868e-06,2.723895319556675075e-06,2.795865043367551444e-06,2.776484991180323035e-06,2.852099229104415695e-06,2.930055167645769672e-06,3.010194903837232599e-06,2.994967925498332062e-06,3.078054638699939535e-06,3.162947408930582852e-06,3.150375228394017570e-06,3.237700102460577223e-06,3.326434424169887250e-06,3.416393050428152293e-06,3.406791383690105604e-06,3.498432516807097503e-06,3.590878238561289180e-06,3.583115850696844847e-06,3.676714520487240917e-06,3.770688195681061726e-06,3.764468459097056589e-06,3.859068690439449757e-06,3.953608048866563102e-06,4.047880221609378334e-06,4.043314713674699234e-06,4.137461607029992535e-06,4.230900951360468605e-06,4.227317455763210206e-06,4.320124831324192877e-06,4.411787265605615553e-06,4.502097252075416682e-06,4.499538046679865088e-06,4.588501376721453644e-06,4.675685189221989052e-06,4.673717514413458420e-06,4.759088527806721257e-06,4.842266058637184461e-06,4.840766825063585630e-06,4.921688518732951895e-06,5.000020042063558019e-06,5.075575449952309335e-06,5.074547338432293277e-06,5.147240902241190053e-06,5.216794540930861112e-06,5.216028973820433229e-06,5.282347795509185456e-06,5.345190746671454215e-06,5.404404235548367956e-06,5.403897069871204201e-06,5.459386828340228418e-06,5.510959739751562179e-06,5.510593829441267505e-06,5.558161065201762507e-06,5.601561468568829487e-06,5.640686539482577148e-06,5.640457752529364770e-06,5.675236278468132227e-06,5.705551008448672721e-06,5.705396644229407589e-06,5.731191521267609388e-06,5.752378607547618003e-06,5.752280981186736362e-06,5.768822101561774441e-06,5.780657729519746044e-06,5.787757309418839924e-06,5.787715627347621177e-06,5.790061164469770396e-06,5.787665454853104397e-06,5.787655370327712996e-06,5.780500818375780419e-06,5.768605366973176808e-06,5.751997873760862971e-06,5.752020810110996090e-06
5.114956864200687050e-06,5.133952242006116078e-06,5.133941230306202352e-06,5.148774233565198579e-06,5.159402081224915545e-06,5.165799122852053886e-06,5.165820166881925031e-06,5.167971447547598947e-06,5.165892005188025715e-06,5.165944526361010426e-06,5.159624521952625792e-06,5.149078965173745303e-06,5.134335343099780591e-06,5.134444736641274236e-06,5.115558744436428689e-06,5.092562673540096765e-06,5.092730580056242070e-06,5.065706507839584607e-06,5.034701917629300922e-06,5.034947243158060817e-06,5.000071722153303975e-06,4.961385260168111420e-06,4.918985240267976311e-06,4.919374195381839443e-06,4.873411838281987179e-06,4.823960980517101981e-06,4.824498541743946321e-06,4.771741384379118152e-06,4.715754711756258498e-06,4.656676581005453507e-06,4.657486743918665427e-06,4.595546471074089969e-06,4.530817987707568144e-06,4.531905587763492430e-06,4.464655475165586637e-06,4.394946119518987417e-06,4.322945116968817133e-06,4.324531044381227733e-06,4.250562383191332072e-06,4.174661753588998429e-06,4.176743409901694090e-06,4.099282954282028592e-06,4.020266833874880571e-06,4.022974554353503357e-06,3.942829623128744096e-06,3.861518381449891254e-06,3.779229088649359830e-06,3.783020753483872476e-06,3.700264963762912013e-06,3.616931700818287880e-06,3.621762196664058027e-06,3.538436653813641798e-06,3.454938488766412788e-06,3.371456150694632026e-06,3.378035531374861975e-06,3.295266400767284064e-06,3.212916164455053583e-06,3.221125169467145967e-06,3.139987656506278913e-06,3.059668103293253528e-06,3.069818392795275462e-06,2.991217020146453012e-06,2.913825340902677476e-06,2.837814597858613235e-06,2.851096224557357388e-06,2.777520585953560585e-06,2.705698547428864334e-06,2.721774597626319030e-06,2.652885352062605748e-06,2.586106218496041135e-06,2.521584646422226148e-06,2.542024398569943231e-06,2.481110164036363839e-06,2.422777640332344503e-06,2.446984347528919670e-06,2.392712426111338618e-06,2.341319768052851954e-06,2.369715919657167322e-06,2.322804886109808249e-06,2.279038903757542536e-06,2.238516381189660693e-06,2.273123031912041136e-06,2.241154869166027677e-06,2.210726064120179536e-06,2.250408879219439346e-06,2.223487766951729882e-06,2.198549645514585842e-06,2.176229884265078116e-06,2.222683709716295956e-06,2.204165315237360730e-06,2.190401294379072293e-06,2.240737439574480999e-06,2.229453582799218327e-06,2.221100199589346662e-06,2.220198272115260452e-06,2.275896252081636666e-06,2.275719378657308439e-06,2.284405534631686313e-06,2.344477868385636243e-06,2.352865512207604172e-06,2.364748836162237417e-06,2.435594835532707520e-06,2.452696266396329727e-06,2.473355497761005883e-06,2.504903846595058134e-06,2.574677078015166719e-06,2.603887472552262563e-06,2.644158995699753441e-06,2.717530746171157157e-06,2.754779108440001318e-06,2.795310273674384808e-06,2.846571387342154360e-06,2.923694324442087895e-06,2.971136047169373365e-06,3.028664536940588590e-06,3.107544668014990085e-06,3.160700775994385795e-06,3.216210788434924708e-06,3.302541278720497403e-06,3.359965480373413361e-06,3.419179727999135988e-06,3.485892604534191716e-06,3.564316888599306486e-06,3.625505538641512504e-06,3.692843802496702979e-06,3.768698906441856927e-06,3.829995320946538706e-06,3.891489216617028544e-06,3.957074071401626866e-06,4.027237682158015119e-06,4.086183076866449444e-06,4.147790053182339657e-06,4.211790873602950544e-06,4.266262586416044523e-06,4.319249968444870251e-06,4.372957981077941681e-06,4.426558008624017888e-06,4.472612058593633380e-06,4.518177290047455649e-06,4.562344022632018028e-06,4.599900809929210885e-06,4.634592246802908982e-06,4.669528723089206166e-06,4.697293840884431573e-06,4.721790765311025105e-06,4.743441217518095422e-06,4.761826203989113574e-06,4.775292770420294860e-06,4.785183813529451482e-06,4.791516114934993507e-06,4.793487893373867589e-06,4.793487893373867589e-06,4.791810886532308866e-06,4.785617163764917417e-06,4.775894060818240110e-06,4.762757568135411536e-06,4.744518805760089657e-06,4.723087683404300726e-06,4.699003885835130269e-06,4.671711767763046778e-06,4.636775291476750440e-06,4.602629261235497964e-06,4.565703067251104164e-06,4.521778390675376021e-06,4.476699903447001332e-06,4.431486098130385495e-06,4.378191221758527414e-06,4.325143160202079368e-06,4.273259267198862973e-06,4.220042998442466034e-06,4.156460911338340653e-06,4.095856115424139234e-06,4.038510458554064570e-06,3.968849586878374120e-06,3.904553631229015576e-06,3.845055945362695699e-06,3.785972445628848842e-06,3.710749510300482954e-06,3.645220157366671259e-06,3.586711402133109075e-06,3.509001750199108207e-06,3.444502660025584340e-06,3.388473993775814244e-06,3.334499987423300546e-06,3.248169497137727851e-06,3.196380448277962990e-06,3.147220833643459370e-06,3.069214702026271100e-06,3.015087522259223838e-06,2.972201669241062313e-06,2.895985815976538560e-06,2.848654199315848759e-06,2.813238849296685377e-06,2.781382414669469970e-06,2.708921979068053399e-06,2.673402413245420453e-06,2.650120237375366332e-06,2.581226430701107282e-06,2.554983825565552230e-06,2.540757163779867073e-06,2.530324663788098449e-06,2.459478664417628346e-06,2.454488175272710676e-06,2.453203480683120632e-06,2.393796783969303568e-06,2.391743028589690495e-06,2.399396870053245477e-06,2.344224681336829848e-06,2.352239537957927202e-06,2.368375313678305864e-06,2.387566374936766360e-06,2.337491685665652991e-06,2.359006752330080821e-06,2.385622903410882811e-06,2.339221510020583618e-06,2.369651407890295117e-06,2.402796193170150446e-06,2.437947197594612457e-06,2.398264382495429726e-06,2.436925412281624669e-06,2.477107324687861333e-06,2.442500673966094565e-06,2.491872923680003504e-06,2.544689519644157287e-06,2.600845357494312167e-06,2.572449205896581209e-06,2.633273391159068539e-06,2.697155315836812639e-06,2.672948608670900912e-06,2.741060581775440821e-06,2.811913897899257650e-06,2.791474145871551159e-06,2.866083836185331012e-06,2.943088753056442465e-06,3.022329308690695087e-06,3.006253259082143011e-06,3.088539242392866584e-06,3.172677830392103802e-06,3.159396205371292954e-06,3.246054555550087481e-06,3.334163457868587487e-06,3.423535961811528531e-06,3.413385678061358365e-06,3.504513929672588726e-06,3.596480763301823664e-06,3.588271771322001482e-06,3.681454448880383350e-06,3.775041112765458504e-06,3.768461759378335192e-06,3.862728229406072784e-06,3.956958192757742483e-06,4.050943899088548551e-06,4.046113468976040557e-06,4.140015654175209183e-06,4.233229229072861369e-06,4.229437682735785131e-06,4.322053561527853231e-06,4.413539943352319032e-06,4.503688266579173356e-06,4.500980785885682898e-06,4.589808280198513233e-06,4.676867799942362945e-06,4.674786529261619105e-06,4.760053846687653573e-06,4.843136832072228238e-06,4.841551500183066883e-06,4.922394883593251552e-06,5.000655268233448401e-06,5.076146133329239950e-06,5.075059538263765519e-06,5.147700178339539379e-06,5.217205989081635571e-06,5.216397259395168029e-06,5.282677185302833739e-06,5.345485138993018211e-06,5.404667188600495629e-06,5.404131828460700696e-06,5.459596348966699312e-06,5.511146714125725416e-06,5.510760706488002158e-06,5.558310071605747571e-06,5.601694627922630821e-06,5.640805690098548419e-06,5.640564563977510042e-06,5.675332266902453942e-06,5.705637550784411910e-06,5.705474991233044454e-06,5.731262809620639419e-06,5.752443870943906704e-06,5.752341160521853806e-06,5.768878054271020216e-06,5.780710238119760780e-06,5.787807089305704010e-06,5.787763333902247386e-06,5.790107399519257560e-06,5.787710772534419540e-06,5.787700282397885728e-06,5.780545799010467399e-06,5.768650857093208632e-06,5.752044284924150497e-06,5.752068528004952314e-06,5.730798248632480179e-06
5.091882029710958203e-06,5.114999223883544709e-06,5.133993542932900879e-06,5.133981817159722354e-06,5.148814476086008721e-06,5.159442377565143753e-06,5.165839903317097119e-06,5.165861898095103608e-06,5.168014637075219866e-06,5.165937206664650267e-06,5.165992345157086324e-06,5.159675621429120755e-06,5.149134073570789883e-06,5.134395261108789510e-06,5.134510345712332975e-06,5.115631015875091918e-06,5.092642678449931381e-06,5.092819500185540640e-06,5.065805647392599456e-06,5.034812716104092325e-06,5.035071289274512167e-06,5.000210768936064678e-06,4.961541241250077000e-06,4.919160287480389541e-06,4.919570657697093769e-06,4.873632302174730071e-06,4.824208291808207517e-06,4.824775828990169593e-06,4.772052083868946058e-06,4.716102594169219743e-06,4.657065779788247496e-06,4.657921785426506128e-06,4.596032306519838310e-06,4.531360026954277464e-06,4.532509734987974320e-06,4.465328166411412525e-06,4.395694362146874444e-06,4.323776531000629873e-06,4.325453905720728795e-06,4.251585668690360841e-06,4.175795187911840617e-06,4.177997514123071920e-06,4.100669096135325473e-06,4.021797279546935266e-06,4.024662521700555197e-06,3.944689336165000292e-06,3.863565125935572630e-06,3.781479268579253535e-06,3.785491948250305459e-06,3.702975985738805830e-06,3.619902653076681943e-06,3.625014530520385280e-06,3.541993225846197369e-06,3.458823616939147714e-06,3.375695669174793287e-06,3.382656843606374866e-06,3.300298530329365738e-06,3.218389803204698994e-06,3.227072722434085676e-06,3.146443282980211246e-06,3.066667753515879513e-06,3.077399839644311612e-06,2.999419885175835629e-06,2.922691114082897995e-06,2.847386650344046260e-06,2.861419813793995151e-06,2.788642852431114238e-06,2.717668502376241157e-06,2.734643100949448657e-06,2.666705079828858715e-06,2.600931619280491976e-06,2.537471885848138145e-06,2.559031291399453628e-06,2.499296093197744138e-06,2.442203462307678104e-06,2.467712283570846720e-06,2.414805938809835804e-06,2.364843422832967930e-06,2.394735230856335721e-06,2.349386147358753759e-06,2.307249002471873793e-06,2.272900314269315772e-06,2.313566963482796794e-06,2.278030416414163375e-06,2.248428415203963620e-06,2.292165688370750443e-06,2.264149925954664790e-06,2.240312222831974437e-06,2.218765267439840220e-06,2.267873755273975884e-06,2.250733011921542096e-06,2.236283989546169732e-06,2.288497677403538912e-06,2.281544547603577054e-06,2.274944582439783913e-06,2.271533082539191656e-06,2.334168232988089332e-06,2.335986406422611188e-06,2.341232757636115235e-06,2.403466809983274524e-06,2.420077563772394048e-06,2.434237947516040882e-06,2.500882250526341026e-06,2.527227599620009461e-06,2.550293752795525039e-06,2.576993706984984432e-06,2.656717509916386098e-06,2.688394157070282816e-06,2.723584329460943757e-06,2.799163739161177337e-06,2.846745083678691874e-06,2.889711447834871421e-06,2.935851815870036179e-06,3.022757465304869034e-06,3.072487734704966879e-06,3.124988858069542430e-06,3.205674619435442709e-06,3.268274989994811313e-06,3.325738493140116997e-06,3.406741058784557912e-06,3.472760335322429259e-06,3.533552899476908204e-06,3.595769826337556150e-06,3.681067950085096525e-06,3.743370425658792787e-06,3.806404220724520801e-06,3.882727387509472991e-06,3.949771438186363990e-06,4.011641687346514376e-06,4.073233740014304077e-06,4.147159868033573399e-06,4.205858439340516931e-06,4.263545313858336890e-06,4.326658035752916507e-06,4.383531073941189129e-06,4.435388325412279549e-06,4.485280769792512060e-06,4.539447085730289488e-06,4.583707416548076538e-06,4.625399372292321715e-06,4.667230433237204523e-06,4.704038163226798823e-06,4.736095385790034353e-06,4.766819189131815142e-06,4.792691045352130545e-06,4.813998768734121515e-06,4.831751862167925263e-06,4.846907413484928713e-06,4.856719774134959840e-06,4.862802189789760445e-06,4.865228983377954803e-06,4.865228983377954803e-06,4.862953065209167335e-06,4.857178470358256704e-06,4.847692171389987370e-06,4.832536620072983073e-06,4.815140091185244116e-06,4.794231842816664991e-06,4.768631894222796175e-06,4.738091167496445418e-06,4.706557261764999332e-06,4.670125606914036118e-06,4.628523186933292096e-06,4.587530658506432267e-06,4.544078007180242457e-06,4.489911691242465876e-06,4.440948913335492803e-06,4.390157189845438347e-06,4.334097161406964507e-06,4.271386761040727916e-06,4.215078940632948693e-06,4.157936938792855434e-06,4.084010810773586112e-06,4.024166390749560415e-06,3.964248012561484780e-06,3.898749114348767202e-06,3.823049571584573016e-06,3.762413478190348787e-06,3.702748860982691130e-06,3.617450737235150332e-06,3.558122130093309882e-06,3.500477591046626528e-06,3.437044553130689584e-06,3.356871536639908909e-06,3.303098338411254703e-06,3.243577370003602034e-06,3.163782376382175880e-06,3.115535139270684790e-06,3.070344752994139048e-06,2.983439103559306193e-06,2.942125267243270435e-06,2.904271065585999255e-06,2.861135092674119052e-06,2.786505394059010459e-06,2.756988815505588681e-06,2.731258177419288738e-06,2.651534374487887495e-06,2.631045090124777451e-06,2.614444898769319299e-06,2.593979803936710196e-06,2.528165576641898355e-06,2.520947485142003023e-06,2.510771870410974440e-06,2.449263131094050494e-06,2.451380289466919197e-06,2.457112387062117889e-06,2.394477236613220213e-06,2.405608393514567168e-06,2.420079067574668133e-06,2.434711764912465463e-06,2.382821103423796712e-06,2.405384734276740252e-06,2.430731657936149532e-06,2.381623170102015562e-06,2.411446994432686358e-06,2.443611062593048731e-06,2.480232899875426341e-06,2.436244040283163273e-06,2.474207226574405779e-06,2.518607512580480202e-06,2.477423647330290869e-06,2.520083022393793083e-06,2.571270780892140144e-06,2.625864668691814876e-06,2.595972860673883765e-06,2.655366903852923561e-06,2.717883251871252342e-06,2.692374430634410356e-06,2.759246510918526479e-06,2.828920790701013318e-06,2.807361385256135995e-06,2.880909236909346476e-06,2.956908480735837709e-06,3.035197811891070158e-06,3.018223213858829567e-06,3.099661508636790338e-06,3.183001419313840973e-06,3.168968257438621623e-06,3.254920328183328851e-06,3.342366322192782141e-06,3.431117407764541043e-06,3.420385327161978250e-06,3.510969554762139727e-06,3.602428314586279807e-06,3.593745408058690034e-06,3.686486576073622613e-06,3.779662422258467289e-06,3.772701274754112655e-06,3.866613354137189178e-06,3.960514761073823261e-06,4.054196229060226430e-06,4.049084417345025768e-06,4.142726672491496304e-06,4.235700420731710462e-06,4.231687860538703719e-06,4.324100305423108597e-06,4.415399658041283044e-06,4.505376238704936903e-06,4.502511240549586098e-06,4.591194436578454805e-06,4.678121925813854626e-06,4.675919994248366884e-06,4.761077174092970793e-06,4.844059749165729113e-06,4.842382986838791647e-06,4.923143219195614319e-06,5.001328076786227490e-06,5.076750426720097216e-06,5.075601757652725781e-06,5.148186233654273273e-06,5.217641296615471620e-06,5.216786777515509722e-06,5.283025448288075115e-06,5.345796289025254403e-06,5.404945005949374228e-06,5.404379759900669016e-06,5.459817534475781038e-06,5.511344011918876325e-06,5.510936716442094267e-06,5.558467157136402367e-06,5.601834936375525261e-06,5.640931171719542796e-06,5.640676989526991195e-06,5.675433243979849729e-06,5.705728538928790509e-06,5.705557315865300390e-06,5.731337674891927971e-06,5.752512371553831291e-06,5.752404292568414249e-06,5.768936725192690750e-06,5.780765275788088051e-06,5.787859250324807787e-06,5.787813311169381592e-06,5.790155829098306457e-06,5.787758239891852542e-06,5.787747328048292978e-06,5.780592923616413012e-06,5.768698526061688013e-06,5.752092932539588509e-06,5.752118561136336988e-06,5.730850050049892270e-06,5.704962318284753323e-06
5.091961423804480603e-06,5.091927918987715968e-06,5.115043647975539475e-06,5.134036841992789969e-06,5.134024354705029073e-06,5.148856642181016028e-06,5.159484592381167701e-06,5.165882621106253842e-06,5.165905611615153529e-06,5.168059882505469947e-06,5.165984569055445504e-06,5.166042464457971286e-06,5.159729199143295588e-06,5.149191880086110167e-06,5.134458143758041998e-06,5.134579237618095084e-06,5.115706945636873157e-06,5.092726780733608157e-06,5.092913027277313409e-06,5.065909981781668853e-06,5.034929384160019489e-06,5.035201976086741313e-06,5.000357334384268395e-06,4.961705737374753871e-06,4.919344977223537558e-06,4.919778035082660190e-06,4.873865113997829390e-06,4.824469560900793116e-06,4.825068879128858331e-06,4.772380566387904090e-06,4.716470516337406951e-06,4.657477535005785465e-06,4.658382185289444088e-06,4.596546614795968569e-06,4.531933995504961593e-06,4.533149641662010278e-06,4.466040854926751732e-06,4.396487283964457013e-06,4.324657789181668610e-06,4.326432300744353550e-06,4.252670746192646986e-06,4.176997288289809249e-06,4.179327823928287733e-06,4.102139701161142081e-06,4.023421219491342941e-06,4.026453846262950349e-06,3.946663162409989185e-06,3.865737696730363951e-06,3.783868011883169065e-06,3.788115537005665511e-06,3.705854398082041838e-06,3.623057232557041434e-06,3.628468045981312750e-06,3.545769930591513577e-06,3.462949306772758580e-06,3.380197738869075180e-06,3.387564341320915060e-06,3.305642209468615755e-06,3.224202171170735498e-06,3.233388085699372353e-06,3.153297787875387023e-06,3.074099422099595563e-06,3.085448599996404174e-06,3.008127595432073930e-06,2.932101579509655662e-06,2.857545632734990498e-06,2.872375032458661009e-06,2.800443976037600823e-06,2.730367130907620501e-06,2.748292737036301533e-06,2.681361088729093085e-06,2.616651176792677784e-06,2.554313913466383766e-06,2.577056378046764066e-06,2.518566402911117135e-06,2.462782627292218884e-06,2.489665282092158154e-06,2.438198957453992862e-06,2.389743702731675628e-06,2.421210897551392440e-06,2.383973400147439244e-06,2.347801873812255585e-06,2.308813263932319177e-06,2.351142946424831877e-06,2.319567786888677349e-06,2.287900812780816703e-06,2.333475209068998397e-06,2.307565774519274269e-06,2.284108220601441711e-06,2.263858597478058291e-06,2.314106946454923184e-06,2.297521663410919340e-06,2.286746106935710754e-06,2.341181212720614716e-06,2.332490645094309873e-06,2.331487122233479672e-06,2.330030887805940469e-06,2.390180875804050873e-06,2.393489026966793071e-06,2.406667039471725509e-06,2.471389512272851156e-06,2.483801752234784665e-06,2.507064938482332930e-06,2.576240719650291341e-06,2.597798074954805962e-06,2.630793607464972883e-06,2.660019385451013980e-06,2.734556096259278078e-06,2.768639997452591075e-06,2.814363146652047697e-06,2.892336345410193757e-06,2.934515498784767260e-06,2.987977737347198430e-06,3.036547664417874982e-06,3.117840328082010362e-06,3.170024810049601969e-06,3.232420522525524093e-06,3.314943797735926543e-06,3.372406883571093095e-06,3.438981585198238353e-06,3.521441701444546861e-06,3.582520609845268273e-06,3.651404317083091586e-06,3.714962363170082902e-06,3.795181628683135411e-06,3.858851448599490612e-06,3.928211719529006576e-06,4.004816708463368752e-06,4.067486863922759292e-06,4.134307088586265217e-06,4.195891041288591680e-06,4.265246225340671270e-06,4.323874653325579635e-06,4.384477296255176221e-06,4.446409990051503342e-06,4.499203246187058091e-06,4.552566427351071987e-06,4.600861989325442276e-06,4.650688786860210219e-06,4.693220271911761264e-06,4.734532493960309385e-06,4.773688232325805517e-06,4.806420369366200226e-06,4.836885048604774946e-06,4.864359731042618569e-06,4.886128793138376650e-06,4.904738241533034383e-06,4.918895847162731444e-06,4.929854796418993254e-06,4.936077837559098518e-06,4.938036789323588957e-06,4.938036789323588957e-06,4.936237562904071245e-06,4.930340465663218091e-06,4.919532474484177514e-06,4.905724653047871611e-06,4.887337996930707061e-06,4.865992899173807190e-06,4.838697753695755978e-06,4.808536844196281281e-06,4.776361041695431143e-06,4.737427667637140980e-06,4.696536374398267132e-06,4.654749315771523286e-06,4.605203737568826538e-06,4.557802755119532175e-06,4.505113801046403697e-06,4.453455424088207351e-06,4.391916421909224220e-06,4.332214516502344254e-06,4.275054746839544229e-06,4.206179883457874288e-06,4.146298793454590486e-06,4.080813102610471310e-06,4.020219964654760767e-06,3.944233446368300787e-06,3.876561583794613841e-06,3.815440935593386259e-06,3.735931325353571575e-06,3.675219792651959768e-06,3.608650274038798449e-06,3.550912389581664839e-06,3.469285079544370872e-06,3.405500292587707082e-06,3.351948219657888948e-06,3.270323273093683418e-06,3.211233598000872409e-06,3.163550272042171768e-06,3.083202335615574074e-06,3.039446665116842525e-06,2.990123330815294305e-06,2.953339096218715452e-06,2.876334500164989835e-06,2.835330777503416170e-06,2.807222607160945942e-06,2.733634493623295594e-06,2.710643109028663946e-06,2.683248642731423160e-06,2.668480053420587338e-06,2.600162491892702099e-06,2.583078559611193703e-06,2.577938725356524315e-06,2.513972099899425425e-06,2.507530367430238384e-06,2.511917529204783760e-06,2.452387265726984539e-06,2.461643861765736461e-06,2.470155428828204010e-06,2.487040220060635984e-06,2.432960194444637305e-06,2.451701162516698512e-06,2.476711955038701146e-06,2.426605420730526905e-06,2.455247317405551567e-06,2.487249352845376541e-06,2.521767268425318534e-06,2.475968024285518012e-06,2.516484463010588794e-06,2.556677873297783017e-06,2.513853813030243141e-06,2.561926333573556612e-06,2.606636594739279483e-06,2.652340335385490931e-06,2.620873140570225701e-06,2.678759922493122857e-06,2.739836250386092444e-06,2.712953595608603782e-06,2.778516820615701241e-06,2.846945877323470539e-06,2.824203412836981300e-06,2.896628794366284983e-06,2.971564489555909304e-06,3.048847447863596879e-06,3.030921842229854563e-06,3.111462632021968814e-06,3.193956637677839781e-06,3.179127239427305255e-06,3.264330793079948078e-06,3.351074031760650318e-06,3.439166167235875617e-06,3.427816994635247235e-06,3.517824058277905833e-06,3.608743676163758045e-06,3.599557773991524746e-06,3.691830252803273960e-06,3.784569917166672132e-06,3.777203341241595572e-06,3.870739040383848447e-06,3.964291461905446606e-06,4.057649740378092986e-06,4.052238992607139582e-06,4.145605080767241983e-06,4.238324005885238666e-06,4.234076601129870452e-06,4.326272874948182283e-06,4.417373485168549079e-06,4.507167567192619105e-06,4.504135188564907401e-06,4.592665055167067996e-06,4.679452256298119461e-06,4.677122124360889264e-06,4.762162292678418251e-06,4.845038199309058140e-06,4.843264317301633425e-06,4.923936234064672158e-06,5.002040883258028996e-06,5.077390480965445678e-06,5.076175908721554389e-06,5.148700765397533376e-06,5.218101967615050212e-06,5.217198859026116555e-06,5.283393760206589130e-06,5.346125233913219143e-06,5.405238601143271481e-06,5.404641667752312164e-06,5.460051090771773927e-06,5.511552252533622181e-06,5.511122402283341207e-06,5.558632797446004233e-06,5.601982810450834989e-06,5.641063349122912112e-06,5.640795348852178585e-06,5.675539490244852675e-06,5.705824219664757750e-06,5.705643835970858084e-06,5.731416310321463365e-06,5.752584281907129759e-06,5.752470532647596310e-06,5.768998255590589777e-06,5.780822972570328135e-06,5.787913913865588115e-06,5.787865674198753624e-06,5.790206564016272927e-06,5.787807965402157559e-06,5.787796615162216962e-06,5.780642301074348531e-06,5.768748485217711972e-06,5.752143931751705068e-06,5.752171029702544800e-06,5.730904391727826605e-06,5.705018914430226893e-06,5.705069487395271926e-06
5.064838022535179398e-06,5.092011465859378552e-06,5.091976069696909089e-06,5.115090244294111151e-06,5.134082242621453951e-06,5.134068943098809144e-06,5.148900829926235919e-06,5.159528822975859088e-06,5.165927374181573734e-06,5.165951407637969739e-06,5.168107288004878786e-06,5.166034202418695526e-06,5.166095002343955356e-06,5.159785383564515427e-06,5.149252526212760204e-06,5.134524148500544446e-06,5.134651589047071934e-06,5.115786733302099647e-06,5.092815206945928351e-06,5.093011419419743162e-06,5.066019805718026465e-06,5.035052258811184511e-06,5.035339689246180987e-06,5.000511859845606281e-06,4.961879253444900564e-06,4.919539886695140592e-06,4.919996986739334596e-06,4.874111025724739310e-06,4.824745644471529400e-06,4.825378666737220955e-06,4.772727938989948132e-06,4.716859733865040911e-06,4.657913268508041223e-06,4.658869551051343498e-06,4.597091210477538205e-06,4.532541938334351535e-06,4.533827608706714203e-06,4.466796125455646525e-06,4.397327783900599212e-06,4.325592137631506572e-06,4.327469858573163689e-06,4.253821666598534939e-06,4.178272569309541626e-06,4.180739362787408507e-06,4.103700350358427906e-06,4.025144844483534951e-06,4.028355384589958645e-06,3.948758684073452838e-06,3.868044465609622215e-06,3.786404547942377888e-06,3.790901679014251588e-06,3.708911366537880018e-06,3.626407692467966299e-06,3.632136169125954796e-06,3.549781456845251585e-06,3.467331604049003088e-06,3.384979861190471762e-06,3.392777084499640841e-06,3.311318163840137134e-06,3.230375770791474369e-06,3.240095653386182136e-06,3.160577575433911196e-06,3.081991645059932203e-06,3.093995466148517283e-06,3.017373326430476246e-06,2.942092424797640135e-06,2.868329875023471898e-06,2.884002983984138529e-06,2.812967964818260768e-06,2.743841476216733700e-06,2.762773713318283090e-06,2.696906877196345864e-06,2.633321803961098904e-06,2.572171175914561230e-06,2.596163752718807862e-06,2.538988942326081083e-06,2.484586839074458124e-06,2.512918992296913399e-06,2.462971157231188590e-06,2.423648900360096477e-06,2.464175382637077948e-06,2.420032854994429043e-06,2.384449933918952995e-06,2.350255679029187087e-06,2.390424789050712334e-06,2.359712792195757217e-06,2.330884881384474709e-06,2.376749469623642649e-06,2.351991772170135357e-06,2.329589237901971004e-06,2.309753797881240693e-06,2.363600364702486099e-06,2.348574367010544851e-06,2.336524351464907924e-06,2.396498240293426845e-06,2.389647495074604524e-06,2.386114014701639026e-06,2.386048187622454122e-06,2.454103653673020988e-06,2.459604064356060940e-06,2.468790342502565284e-06,2.542618344980080715e-06,2.557416842861263702e-06,2.576012744494718961e-06,2.655153102591423317e-06,2.679227675599594533e-06,2.707092867109647939e-06,2.738745979445893557e-06,2.823898826662257743e-06,2.860574973828301593e-06,2.900853509296109863e-06,2.989441729992322165e-06,3.034144350019223029e-06,3.082135150104694462e-06,3.133283416359457608e-06,3.224636894983167882e-06,3.279111380432630405e-06,3.336256633628959081e-06,3.428087406054274590e-06,3.487527936629969927e-06,3.549045891251614052e-06,3.639817903114779854e-06,3.702459178740340741e-06,3.766497120579067715e-06,3.831660917074623270e-06,3.918449624010571029e-06,3.982987038298010346e-06,4.047886208064072723e-06,4.129689376442364686e-06,4.192609904801152378e-06,4.255105838067257308e-06,4.316877418821446780e-06,4.389388619237138063e-06,4.447359526301646970e-06,4.503840532600127124e-06,4.567500899112932232e-06,4.618927735674879712e-06,4.668155717837451973e-06,4.714932504679436168e-06,4.764561296635884024e-06,4.804793215415384735e-06,4.841994699845242228e-06,4.879699649033189236e-06,4.909488331468531495e-06,4.935794628254047867e-06,4.960666165174925620e-06,4.978925560639056987e-06,4.993399522999436282e-06,5.004014583516929737e-06,5.010885344786736851e-06,5.013006132597157293e-06,5.013006132597157293e-06,5.011215746630566613e-06,5.004344985360758652e-06,4.994073768617119295e-06,4.979970598117236172e-06,4.962122572976408368e-06,4.937251036055531462e-06,4.911410494352665823e-06,4.882155973668166575e-06,4.844451024480219567e-06,4.807866370448359883e-06,4.768348459379149173e-06,4.718719667422702164e-06,4.672768807835261307e-06,4.624493614298814020e-06,4.574161514021026023e-06,4.510501147508221761e-06,4.455271980079456706e-06,4.398725142775097677e-06,4.326213942359407241e-06,4.266053651145764434e-06,4.205370948855469892e-06,4.144479907448090532e-06,4.062676739069798569e-06,4.000037071026972215e-06,3.938002222424965792e-06,3.851213515489018880e-06,3.788807532728724306e-06,3.727793818082634347e-06,3.668453181580373425e-06,3.577681169717207622e-06,3.519748957917748317e-06,3.464186530481669373e-06,3.372355758056354288e-06,3.319386675137926592e-06,3.269390485337857820e-06,3.178037006714147123e-06,3.131671489827110135e-06,3.088768428681116350e-06,3.049457237385960700e-06,2.960869016689747975e-06,2.926282441031484198e-06,2.895593763628451220e-06,2.810440916412086610e-06,2.785063916252175046e-06,2.763754800168203436e-06,2.746505827694858341e-06,2.667365469598153985e-06,2.655852565810224749e-06,2.648380730250989524e-06,2.574552727773474516e-06,2.572921536946872032e-06,2.575188002976192579e-06,2.507132536925625712e-06,2.515159119293176008e-06,2.526828177046268467e-06,2.541969255970081782e-06,2.481995367141562438e-06,2.502469539125309534e-06,2.526031859375190374e-06,2.472185292553945391e-06,2.500646988104265542e-06,2.531743047783073304e-06,2.565238592716981879e-06,2.519374004477842314e-06,2.556960994795500310e-06,2.596430209422067657e-06,2.556261099400816425e-06,2.599187746284557594e-06,2.643455526630175577e-06,2.697103886730581050e-06,2.655686569183265452e-06,2.703532122266970687e-06,2.763089960585297929e-06,2.734757807381851344e-06,2.798939360016412589e-06,2.866053251973391528e-06,2.842060675251497674e-06,2.913299421484462226e-06,2.987110277949534168e-06,3.063328424039580310e-06,3.044396187388956956e-06,3.123986620593819467e-06,3.205584588917303074e-06,3.189911481330118578e-06,3.274321637855809654e-06,3.360319762089201615e-06,3.447713032524819378e-06,3.435709216499727800e-06,3.525103844465790089e-06,3.615451242162016542e-06,3.605731371564146844e-06,3.697506204730412413e-06,3.789782657477635310e-06,3.781985460260304390e-06,3.875121333934017889e-06,3.968302984053576108e-06,4.061317859124928958e-06,4.055589447972112734e-06,4.148662044745259970e-06,4.241110143790539225e-06,4.236613133877286754e-06,4.328579641857713709e-06,4.419469006914290972e-06,4.509069108551690256e-06,4.505858820655796244e-06,4.594225716899508011e-06,4.680863814788205416e-06,4.678397434095350261e-06,4.763313253240804157e-06,4.846075811507846749e-06,4.844198737565999384e-06,4.924776826997700896e-06,5.002796272259597612e-06,5.078068596857699353e-06,5.076784036329039628e-06,5.149245588051428834e-06,5.218589609566838045e-06,5.217634925770253839e-06,5.283783376724526539e-06,5.346473080862440628e-06,5.405548949024910140e-06,5.404918409099571992e-06,5.460297770408721569e-06,5.511772095960151230e-06,5.511318342247286089e-06,5.558807498767465982e-06,5.602138693167072775e-06,5.641202610024488809e-06,5.640919981482726638e-06,5.675651303437704903e-06,5.705924854690071418e-06,5.705734782366592076e-06,5.731498920480891512e-06,5.752659784494432415e-06,5.752540044911615372e-06,5.769062794645034954e-06,5.780883465706674979e-06,5.787971207962688259e-06,5.787920544290754307e-06,5.790259721077890784e-06,5.787860063407776660e-06,5.787848257472540113e-06,5.780694046201673657e-06,5.768800852018126354e-06,5.752197404089863490e-06,5.752226060631969422e-06,5.730961407227075275e-06,5.705078316732730433e-06,5.705131657948165057e-06,5.674700797397898271e-06
5.033722112721218416e-06,5.064892898756274065e-06,5.092064002335540656e-06,5.092026601513068133e-06,5.115139126741325143e-06,5.134129854031487374e-06,5.134115688036420564e-06,5.148947142774162770e-06,5.159575171950070636e-06,5.165974265817011024e-06,5.165999391787725584e-06,5.168156963398580431e-06,5.166086222828681733e-06,5.166150083410776315e-06,5.159844310336146862e-06,5.149316161454848698e-06,5.134593441837849591e-06,5.134727586999069491e-06,5.115870590278393312e-06,5.092908197269667298e-06,5.093114950449626912e-06,5.066135432141563207e-06,5.035181698183782412e-06,5.035484838852091173e-06,5.000674814957909292e-06,4.962062327062322701e-06,4.919745630833644130e-06,4.920228215355903223e-06,4.874370839349625625e-06,4.825037456623305177e-06,4.825706232192194285e-06,4.773095383973834593e-06,4.717271588230046933e-06,4.658374499952755448e-06,4.659385601433820191e-06,4.597668034263736331e-06,4.533186043214467414e-06,4.534546098400959659e-06,4.467596744718441756e-06,4.398218965718097338e-06,4.326583052591545087e-06,4.328570466369389967e-06,4.255042769611214266e-06,4.179625868184637087e-06,4.182237513912814775e-06,4.105357025111740557e-06,4.026974790099451804e-06,4.030374486467439762e-06,3.950984029313099307e-06,3.870494407540451255e-06,3.789098771364493263e-06,3.793861265849769918e-06,3.712158861547219667e-06,3.629967168652324520e-06,3.636033292399754723e-06,3.554043549524721753e-06,3.471987706665232618e-06,3.390060792097508763e-06,3.398315496710826687e-06,3.317348598489282533e-06,3.236934706580097488e-06,3.247221551344237522e-06,3.168310918289745640e-06,3.090374970486067879e-06,3.103073393123765839e-06,3.027192573936407265e-06,2.952701822049021775e-06,2.879780362418556314e-06,2.896347603952112154e-06,2.826261841738332691e-06,2.758141784586760329e-06,2.778139633360979832e-06,2.713399537108575700e-06,2.651004208036825313e-06,2.591108117805307010e-06,2.616421713137186243e-06,2.560635970548513050e-06,2.507692417658798996e-06,2.547416470462151959e-06,2.506431363199474352e-06,2.458958981818853696e-06,2.501079782511431509e-06,2.463619138166411246e-06,2.422731566414292344e-06,2.389301391556606741e-06,2.434998757993234246e-06,2.401748062424661537e-06,2.373977743445286383e-06,2.423251607332072123e-06,2.398636564158432292e-06,2.377545795946897600e-06,2.359189438415725693e-06,2.413569459770693602e-06,2.402195223586489623e-06,2.391922202596844601e-06,2.450798148230831256e-06,2.445089832022838614e-06,2.448200016982608376e-06,2.450295199700800881e-06,2.515228841683483996e-06,2.528995906238366956e-06,2.540566613153964107e-06,2.610244692840619140e-06,2.634581131066144377e-06,2.655725721794534124e-06,2.729928048935162914e-06,2.756319702802159979e-06,2.794941767360859874e-06,2.829268154279054637e-06,2.908746598802889022e-06,2.956513581615936540e-06,2.999434078774001537e-06,3.082099973247943384e-06,3.129416954035513910e-06,3.188350074823566524e-06,3.241956201962677387e-06,3.327367902151779763e-06,3.392234086480950053e-06,3.451556418592257932e-06,3.537546448145728149e-06,3.606524706280618788e-06,3.669830726288733064e-06,3.754928906402982988e-06,3.819403340740972624e-06,3.891333694204095081e-06,3.957614904540306946e-06,4.039126689226797033e-06,4.110180877157238148e-06,4.175586421884952989e-06,4.252299214298202013e-06,4.315699046877619478e-06,4.382576424032431414e-06,4.443939152267836545e-06,4.511674864384556156e-06,4.572491852416762589e-06,4.627836399389399238e-06,4.686787815006430797e-06,4.736960024783349160e-06,4.786916140938797492e-06,4.831582215757924239e-06,4.876633736089619063e-06,4.916204032356709136e-06,4.950609529534955334e-06,4.983730428160151990e-06,5.011577516727678993e-06,5.034473180125696669e-06,5.054793464095766691e-06,5.069591063944872035e-06,5.080496084114568493e-06,5.087045447010033914e-06,5.089676838032491968e-06,5.089676838032491968e-06,5.087214592197056886e-06,5.081010468763074616e-06,5.070305372053726431e-06,5.055900963645526723e-06,5.035754711164205662e-06,5.013309162230453863e-06,4.985769346011136107e-06,4.952854756720511038e-06,4.919040919282115049e-06,4.879896976368151546e-06,4.835103697189769104e-06,4.791230249218164247e-06,4.741863225186446540e-06,4.692706192521304305e-06,4.634121273982148896e-06,4.579985920934002844e-06,4.520093915961633314e-06,4.452812395516082907e-06,4.393014301012853102e-06,4.327352336800356519e-06,4.265883900771078377e-06,4.189770565991051366e-06,4.126575889825075848e-06,4.057277384319495969e-06,3.976464406912011189e-06,3.912894147170116716e-06,3.843148911999816270e-06,3.781888300702197162e-06,3.697628671553772248e-06,3.637869262886178601e-06,3.571816603784513052e-06,3.486743901591137004e-06,3.431567191325408449e-06,3.370176028044026454e-06,3.285742333412512542e-06,3.236899585842706260e-06,3.182026042926179714e-06,3.140086261868062067e-06,3.058443989932286416e-06,3.021217067266893039e-06,2.978429873155398767e-06,2.899968635560708724e-06,2.871936151949246041e-06,2.838919216732703697e-06,2.819421532275813650e-06,2.746163228302686461e-06,2.732145642189110942e-06,2.714338777238140298e-06,2.645510759761391647e-06,2.641557069277711034e-06,2.634908352921264141e-06,2.570694040534377194e-06,2.576639130637276557e-06,2.581199876633898208e-06,2.595390976971817889e-06,2.536971449550456326e-06,2.555772691722425814e-06,2.575554890225367947e-06,2.521414739298634074e-06,2.548515849986310188e-06,2.578430920519292279e-06,2.612047185851730274e-06,2.562635073148353477e-06,2.599300755372901306e-06,2.641869164743906703e-06,2.595752342509970915e-06,2.638060078135468115e-06,2.688499312778385809e-06,2.734880682204920009e-06,2.691887485914339279e-06,2.749065817389511124e-06,2.798774724791277848e-06,2.757863385958434241e-06,2.820586388226389361e-06,2.886311212372199212e-06,2.860997617112123386e-06,2.930981825514740659e-06,3.003602937794477401e-06,3.078694343984459146e-06,3.058696495619262959e-06,3.137280497317682984e-06,3.217929208614248602e-06,3.201361968356780931e-06,3.284931034614159251e-06,3.370139008945407965e-06,3.456790958656734403e-06,3.444092540847587145e-06,3.532837185963561362e-06,3.622577138435443675e-06,3.612290305295248160e-06,3.703536636906654016e-06,3.795321066766468550e-06,3.787066387775877375e-06,3.879777432691998792e-06,3.972565072441736384e-06,4.065214977750899862e-06,4.059148919285131537e-06,4.151909534865272184e-06,4.244069726015398454e-06,4.239307353376525734e-06,4.331029581099164013e-06,4.421694351407429516e-06,4.511088212528576415e-06,4.507688772346686759e-06,4.595882403095551377e-06,4.682361984417559719e-06,4.679750760571854565e-06,4.764534395375486546e-06,4.847176472803199136e-06,4.845189723740902146e-06,4.925668101617123987e-06,5.003597010367632414e-06,5.078787236535225982e-06,5.077428328118186647e-06,5.149822642208185440e-06,5.219105941120563268e-06,5.218096497384590609e-06,5.284195639368315454e-06,5.346841012311766045e-06,5.405877090228442982e-06,5.405210898448973917e-06,5.460558375964138809e-06,5.512004245687822898e-06,5.511525152332091394e-06,5.558991800067984937e-06,5.602303055884427218e-06,5.641349366659041844e-06,5.641051248154666786e-06,5.675768999648744046e-06,5.706030721604006526e-06,5.705830399686384167e-06,5.731585721999327436e-06,5.752739072394342392e-06,5.752613002890113185e-06,5.769130499934501118e-06,5.780946900063012771e-06,5.788031267689129408e-06,5.787978049362893261e-06,5.790315423433034587e-06,5.787914654458863264e-06,5.787902374904091233e-06,5.780748280102326020e-06,5.768855750401445063e-06,5.752253477852200353e-06,5.752283787993360134e-06,5.731021237698326695e-06,5.705140674649135314e-06,5.705196945607660016e-06,5.674769397838885465e-06,5.639860858864570011e-06
5.033842839138220588e-06,5.033782568908681976e-06,5.064950541919045834e-06,5.092119167003181973e-06,5.092079640967654427e-06,5.115190415677482597e-06,5.134179791562984653e-06,5.134164701084133741e-06,5.148995689872895499e-06,5.159623747514416206e-06,5.166023404909311838e-06,5.166049675434099362e-06,5.168209024501950494e-06,5.166140752730849664e-06,5.166207839158586523e-06,5.159906122709946072e-06,5.149382943820467293e-06,5.134666199886401387e-06,5.134807429441787084e-06,5.115958740566557106e-06,5.093006006412350210e-06,5.093223911004439956e-06,5.066257193455775015e-06,5.035318082965067879e-06,5.035637861149674668e-06,5.000846699635911401e-06,4.962255530847672620e-06,4.919962865020857109e-06,4.920472470250324521e-06,4.874645410529271148e-06,4.825345973097132653e-06,4.826052686529395535e-06,4.773484164474522955e-06,4.717707513202382636e-06,4.658862854154942356e-06,4.659932174731645973e-06,4.598279162545070879e-06,4.533868651591442247e-06,4.535307746718308028e-06,4.468445675372631024e-06,4.399164153776221883e-06,4.327634258181694756e-06,4.329738289294923854e-06,4.256338706120385219e-06,4.181062369804063657e-06,4.183828048228421668e-06,4.107116138354070697e-06,4.028918171361626778e-06,4.032519033353598820e-06,3.953347914782949687e-06,3.873097147681724462e-06,3.791961293789698936e-06,3.797005978376894198e-06,3.715609720786059863e-06,3.633749748079236626e-06,3.640174849463914047e-06,3.558573091288940743e-06,3.476936053444134030e-06,3.395460638515877453e-06,3.404201469565580930e-06,3.323757310760151707e-06,3.243904806897229649e-06,3.254793768186032153e-06,3.176528098151748135e-06,3.099282109232301244e-06,3.112717659705920720e-06,3.037623325644488050e-06,2.963970610439867412e-06,2.891940929056755789e-06,2.909455865091733393e-06,2.840375861074227133e-06,2.773321733211472516e-06,2.794447736078078470e-06,2.730900004276009911e-06,2.669763152145164504e-06,2.611193454035888211e-06,2.637903043194608682e-06,2.594686959471332048e-06,2.551794852405721827e-06,2.583269811681036697e-06,2.542631812210610725e-06,2.502844484715301110e-06,2.539558702482314656e-06,2.502710450498311375e-06,2.467248624900120795e-06,2.430160663779742711e-06,2.477778114895422494e-06,2.447838347181943067e-06,2.420054370694234336e-06,2.470547861654613505e-06,2.447258744747798916e-06,2.426616152943771651e-06,2.411121493952275120e-06,2.467848741223423996e-06,2.455308377288776636e-06,2.446048370680038581e-06,2.511516051610682698e-06,2.507855027248951637e-06,2.507806799482332473e-06,2.517779182851471752e-06,2.585377351304445617e-06,2.594987798415737036e-06,2.615875516616272303e-06,2.688281361965329353e-06,2.707707188840511384e-06,2.731148912475080417e-06,2.816162787973099863e-06,2.845238091146824786e-06,2.878264335614056477e-06,2.923851654340607444e-06,3.005951755415855597e-06,3.047913980441779740e-06,3.093538594797017062e-06,3.187292633823289155e-06,3.237190014755117686e-06,3.290350663454069106e-06,3.354815991319941850e-06,3.442286260563460485e-06,3.501514577338086529e-06,3.570923480200522795e-06,3.658572790761637818e-06,3.722107864241755964e-06,3.787477645169350538e-06,3.880714789792601903e-06,3.946556724828611435e-06,4.013466972161899157e-06,4.086901140578860729e-06,4.168811545521800735e-06,4.235039387050158694e-06,4.301198999015127873e-06,4.382556535512380990e-06,4.445822501805227691e-06,4.508181799586159538e-06,4.572965546832664988e-06,4.639504700491024056e-06,4.695851262556438631e-06,4.750188929803525768e-06,4.810087844651194974e-06,4.858375656801289499e-06,4.903950815110207418e-06,4.948371515015211053e-06,4.990577906888538646e-06,5.025717612675325763e-06,5.058521110475742473e-06,5.088161725765854804e-06,5.111560694972107780e-06,5.131087448483883754e-06,5.147904665504911854e-06,5.158687257939562073e-06,5.165390802476780457e-06,5.167499632153255800e-06,5.167499632153255800e-06,5.165569977964399501e-06,5.159232224789137911e-06,5.148837778514470210e-06,5.132020561493442110e-06,5.112919321848176328e-06,5.089998403334833607e-06,5.060560028326726590e-06,5.028100249242077499e-06,4.993590015247803536e-06,4.951634755293743535e-06,4.907691757445923985e-06,4.862960880225436376e-06,4.815649084528711896e-06,4.755750169681042689e-06,4.702536690085721618e-06,4.647478991266437279e-06,4.581384598409741299e-06,4.517626101024316072e-06,4.456934279296296351e-06,4.395549279855054589e-06,4.314191743357801471e-06,4.250142169012332111e-06,4.186268407089850194e-06,4.105051835671559664e-06,4.033536148043158713e-06,3.969509691897668118e-06,3.906835146274095445e-06,3.813598001650842810e-06,3.751690044366474628e-06,3.691920624304079774e-06,3.605193635839307698e-06,3.538939706749473753e-06,3.484106431285369588e-06,3.397624117212188541e-06,3.336887905387901956e-06,3.288768734746881513e-06,3.244237640395696901e-06,3.150483601369424385e-06,3.110548462876539284e-06,3.074595239681017405e-06,2.993534928693117612e-06,2.953230639576935975e-06,2.926833301051774962e-06,2.904683277339426553e-06,2.819669401841406683e-06,2.803437699795888866e-06,2.791493167622457161e-06,2.719969601013793460e-06,2.705936963272712995e-06,2.704303104849930143e-06,2.637458694089251896e-06,2.634930036260624066e-06,2.643376944631171023e-06,2.655616934466978847e-06,2.590149253536334307e-06,2.608146536700262360e-06,2.629559612345299140e-06,2.573106924406949888e-06,2.597311555162764777e-06,2.627026305393611158e-06,2.659450602748452150e-06,2.608957111788086534e-06,2.645914433053248403e-06,2.685040756984376114e-06,2.637031070530513424e-06,2.683686138699502822e-06,2.728286458377103723e-06,2.774212475086694341e-06,2.737498257321990653e-06,2.786278740247151794e-06,2.835801999133835620e-06,2.804327039871840343e-06,2.855973928795204832e-06,2.907792542412421801e-06,2.881082953315915899e-06,2.949740769582200346e-06,3.021103404900741010e-06,3.095002446611730363e-06,3.073876444114432045e-06,3.151394516469995740e-06,3.231037469498068432e-06,3.213522534644353235e-06,3.296199822532030160e-06,3.380569760025390102e-06,3.466435224417548540e-06,3.452999678536047037e-06,3.541054364483868328e-06,3.630149353601251905e-06,3.619260403551111244e-06,3.709945346682630843e-06,3.801207036651527821e-06,3.792466230721690078e-06,3.884725775488182627e-06,3.977094609736085008e-06,4.069356529923035222e-06,4.062931493518887608e-06,4.155360388803469135e-06,4.247214433419991883e-06,4.242169871257112077e-06,4.333632317813002256e-06,4.424058235274179411e-06,4.513232760542593723e-06,4.509632158608577888e-06,4.597641526622606384e-06,4.683952536029399824e-06,4.681187288582961758e-06,4.765830369860083729e-06,4.848344348230125470e-06,4.846240999806504579e-06,4.926613382132777524e-06,5.004446060085222212e-06,5.079549035818710203e-06,5.078111125392312778e-06,5.150434004136427318e-06,5.219652800483529674e-06,5.218585198647489121e-06,5.284631981941663521e-06,5.347230291523372449e-06,5.406224136036986859e-06,5.405520111940165873e-06,5.460833763679706732e-06,5.512249451845398442e-06,5.511743489000660465e-06,5.559186275368910317e-06,5.602476400292347580e-06,5.641504057480176101e-06,5.641189532262398123e-06,5.675892914557862325e-06,5.706142114965717060e-06,5.705930947286302644e-06,5.731676944340128530e-06,5.752822349943760586e-06,5.752689590073493375e-06,5.769201537949246671e-06,5.781013428590156028e-06,5.788094235574750878e-06,5.788038324339568734e-06,5.790373800948601841e-06,5.787971865676929470e-06,5.787959093937687549e-06,5.780805130539046225e-06,5.768913311175353237e-06,5.752312288514720394e-06,5.752344353432326700e-06,5.731084032351397289e-06,5.705206146254872301e-06,5.705265518534719083e-06,5.674841476031061088e-06,5.639936828436770175e-06,5.640020022949951046e-06
4.998828026047692317e-06,5.033909692240193342e-06,5.033846108047952180e-06,5.065011102363762148e-06,5.092177101412498243e-06,5.092135321877214884e-06,5.115244238319809490e-06,5.134232177057330630e-06,5.134216100033088779e-06,5.149046586405855377e-06,5.159674663820971450e-06,5.166074906308645040e-06,5.166102376029568769e-06,5.168263593473314065e-06,5.166197921319740704e-06,5.166268408406194385e-06,5.159970972009125814e-06,5.149453040347761559e-06,5.134742608982658722e-06,5.134891326013192369e-06,5.116051421580840021e-06,5.093108904567746383e-06,5.093338609651518032e-06,5.066385442854510365e-06,5.035461817961435957e-06,5.035799220357554052e-06,5.001028046211003049e-06,4.962459474940639067e-06,4.920192287996582965e-06,4.920730550759279726e-06,4.874935652515096676e-06,4.825672235821906979e-06,4.826419216694253936e-06,4.773895630508487188e-06,4.718169041786140408e-06,4.659380069039015432e-06,4.660511237899512245e-06,4.598926817761562561e-06,4.534592270364812727e-06,4.536115376690790466e-06,4.469346091138899999e-06,4.400166910112023768e-06,4.328749745645700079e-06,4.330977792145816330e-06,4.257714462468087414e-06,4.182587633888833087e-06,4.185517154694429122e-06,4.108984568354836387e-06,4.030982620303546204e-06,4.034797480050671273e-06,3.955859691760895730e-06,3.875863012333006450e-06,3.795003500042766772e-06,3.800348348503306874e-06,3.719277716928368613e-06,3.637770543040758915e-06,3.644577396259144191e-06,3.563388190910621179e-06,3.482196420260327976e-06,3.401200962668103204e-06,3.410458475697647710e-06,3.330569812367239715e-06,3.251313755546437184e-06,3.262842296823669691e-06,3.185261557679587251e-06,3.108748097505376987e-06,3.122966042078967883e-06,3.048706246173233618e-06,2.975942492827862201e-06,2.904858466428794151e-06,2.923377997671846578e-06,2.855363740850306287e-06,2.789438674680395550e-06,2.811759152185351952e-06,2.749473326692874761e-06,2.689667735064395480e-06,2.644895784472268546e-06,2.685406249010957915e-06,2.630030090042564155e-06,2.587384317515049145e-06,2.630065368936419247e-06,2.580335627743144623e-06,2.541055992382717157e-06,2.586439978209103944e-06,2.543548814822478013e-06,2.508884320326646508e-06,2.475965712070535204e-06,2.525354406033412895e-06,2.493745353225227785e-06,2.467190383412839006e-06,2.520508120498113466e-06,2.498300433523397811e-06,2.479209723739191814e-06,2.463113669921903149e-06,2.521987149435708270e-06,2.514195510244396976e-06,2.506925252249917704e-06,2.570603912240707076e-06,2.573797440984850564e-06,2.576018888598576476e-06,2.582109448477453190e-06,2.659017153774589759e-06,2.671129607345147789e-06,2.687281201391320303e-06,2.762221104682130352e-06,2.792189683807977613e-06,2.818366206168019155e-06,2.897845767989669612e-06,2.938243862565872389e-06,2.974059710588118478e-06,3.013820383090251132e-06,3.098388027589882780e-06,3.152100986097077009e-06,3.200451960415820237e-06,3.287854651488420195e-06,3.349271622506947135e-06,3.404960320857900023e-06,3.463671977838799645e-06,3.561437862242456643e-06,3.622878132009701862e-06,3.686719609094269769e-06,3.775913620243512645e-06,3.848954154393720653e-06,3.915944197199316364e-06,4.003266536697365628e-06,4.077304814386875318e-06,4.145257440040880061e-06,4.213765560873874369e-06,4.295951345947897670e-06,4.368210953371026881e-06,4.434508825622704525e-06,4.510565608707336282e-06,4.578233111793339526e-06,4.639979850121755911e-06,4.700242139631677345e-06,4.765427417996158998e-06,4.823841083216165706e-06,4.876522208569821837e-06,4.931469076883666464e-06,4.980250719360343960e-06,5.023404331998614348e-06,5.063352112247183291e-06,5.104115314953795775e-06,5.136119994487402393e-06,5.164410685756682229e-06,5.190417462041094992e-06,5.210953022519974689e-06,5.226533396201949040e-06,5.238678041838869022e-06,5.245411456282532761e-06,5.247695951928486166e-06,5.247695951928486166e-06,5.245782247003173308e-06,5.239255591952649822e-06,5.227290386709753869e-06,5.212127098345030693e-06,5.191858302073641831e-06,5.166048338672018126e-06,5.138283504859921277e-06,5.106882972486000223e-06,5.066119769779386891e-06,5.026870676922346065e-06,4.984526783152620670e-06,4.936344300189521760e-06,4.881735731153596200e-06,4.830136682458817848e-06,4.772541673228433264e-06,4.707781408789274147e-06,4.648941359679600233e-06,4.588812293862635745e-06,4.522399316562837039e-06,4.446917721570881522e-06,4.382677808560574402e-06,4.312038231395136476e-06,4.230534254110736367e-06,4.164586739424574604e-06,4.099467455543648285e-06,4.027710400962254866e-06,3.941225784204588944e-06,3.877651887901709572e-06,3.807404755783008007e-06,3.719140850160168692e-06,3.659338813705135796e-06,3.602260764344808673e-06,3.504494879941151675e-06,3.450473225580205292e-06,3.399805371392908241e-06,3.342665793819789925e-06,3.256338434141129174e-06,3.213671029998954319e-06,3.164885054699907736e-06,3.081401701812148293e-06,3.047974755307764219e-06,3.018807733912400809e-06,2.984332847664780038e-06,2.905884595173739286e-06,2.886956872131904517e-06,2.863570242852462683e-06,2.789578140645959447e-06,2.781222095706805314e-06,2.777154126211369549e-06,2.700246420914232557e-06,2.702430835058502340e-06,2.708694964796026262e-06,2.713610786288690961e-06,2.650497778839380491e-06,2.666610154122906390e-06,2.683040712951577841e-06,2.624514265745214505e-06,2.649716025175136151e-06,2.678007481656857908e-06,2.709527274917277920e-06,2.656168044531665421e-06,2.692038024068954930e-06,2.733315102418271315e-06,2.683592189006473830e-06,2.725837827454877353e-06,2.769797184712968055e-06,2.822736394479551281e-06,2.776541992015855483e-06,2.824977421252411368e-06,2.884901206629609793e-06,2.841076056564102939e-06,2.892642621951191290e-06,2.958271724356672061e-06,2.916277467926690502e-06,2.969645352464878462e-06,3.039676727262300962e-06,3.112313862636935247e-06,3.089993385463820519e-06,3.166382396075070377e-06,3.244959601837756397e-06,3.226440071684001893e-06,3.308171704467954148e-06,3.391652679949041592e-06,3.476683605993288672e-06,3.462465665774692263e-06,3.549787822690129370e-06,3.638197880576292517e-06,3.626669350141082159e-06,3.716757845779613368e-06,3.807464039774195382e-06,3.798206551328512045e-06,3.889986138205643857e-06,3.981909704717426309e-06,4.073759071589012460e-06,4.066952282970323355e-06,4.159028379235455720e-06,4.250556797909026753e-06,4.245212072334684092e-06,4.336398178281802416e-06,4.426570009765788139e-06,4.515511207357862001e-06,4.511696611423596123e-06,4.599509965683908175e-06,4.685641658501642346e-06,4.682712577750488409e-06,4.767206162920370732e-06,4.849583902452037303e-06,4.847356556859299589e-06,4.927616230422960666e-06,5.005346594967482299e-06,5.080356817574340053e-06,5.078834934893570064e-06,5.151081896138421364e-06,5.220232154506268176e-06,5.219102767429845623e-06,5.285093937466229745e-06,5.347642268626545892e-06,5.406591273632214421e-06,5.405847091894182843e-06,5.461124847391947696e-06,5.512508514589528495e-06,5.511974052094606186e-06,5.559391536245855846e-06,5.602659260550027381e-06,5.641667148989589827e-06,5.641335241419828417e-06,5.676023404765884795e-06,5.706259347429954690e-06,5.706036700214892067e-06,5.731772830632558939e-06,5.752909833454716084e-06,5.752770000535962449e-06,5.769276084639238863e-06,5.781083212813182222e-06,5.788160262051680836e-06,5.788101511566723259e-06,5.790434990604008765e-06,5.788031831141577593e-06,5.788018547997436293e-06,5.780864732329591072e-06,5.768973672429422359e-06,5.752373979167368549e-06,5.752407906636988958e-06,5.731149948956171860e-06,5.705274898785388040e-06,5.705337554726917635e-06,5.674917221954297151e-06,5.640016691244815268e-06,5.640104393294752809e-06,5.600816285375298605e-06
4.959986030984125532e-06,4.998902171455719868e-06,5.033979992177892007e-06,5.033912899786239365e-06,5.065074739301369198e-06,5.092237955387403928e-06,5.092193785800816220e-06,5.115300729168064429e-06,5.134287139255924391e-06,5.134270009276547855e-06,5.149099953953584297e-06,5.159728041316312054e-06,5.166128891170315726e-06,5.166157617468202197e-06,5.168320799189179607e-06,5.166257864941259037e-06,5.166331937732311763e-06,5.160039018122123959e-06,5.149526627666532471e-06,5.134822866329900796e-06,5.134979498773213946e-06,5.116148885027830335e-06,5.093217178447258016e-06,5.093459374100568045e-06,5.066520555748017155e-06,5.035613333774625704e-06,5.035969410635424992e-06,5.001219421736837888e-06,4.962674809695805732e-06,4.920434645003422579e-06,4.921003309897588127e-06,4.875242540400555185e-06,4.826017357831558721e-06,4.826807091219864015e-06,4.774331225513052356e-06,4.718657813731946147e-06,4.659928004247323030e-06,4.661124896392124410e-06,4.599613379623000687e-06,4.535359584650602356e-06,4.536972012892262436e-06,4.470301393197914831e-06,4.401231052959996526e-06,4.329933794220252515e-06,4.332293762815152360e-06,4.259175386767852405e-06,4.184207624448675279e-06,4.187311473201771852e-06,4.110969695371537427e-06,4.033176326717120620e-06,4.037218899905819700e-06,3.958529396179148101e-06,3.878803084188645032e-06,3.798237609021854573e-06,3.803901826130025667e-06,3.723177631098963571e-06,3.642045771560707585e-06,3.649258698833867346e-06,3.568508278994600457e-06,3.487790024124223847e-06,3.407304894998868410e-06,3.417111691003137857e-06,3.337813461414988609e-06,3.259191234026614867e-06,3.271399287389364303e-06,3.194546064484066509e-06,3.118810472326496874e-06,3.133859001096108178e-06,3.060484876442644541e-06,2.988664247488841643e-06,2.918583147666312810e-06,2.938167726461769872e-06,2.871282912521882193e-06,2.806553899347776591e-06,2.830139179126229240e-06,2.784324040466892744e-06,2.738225410027409088e-06,2.679828220396438985e-06,2.721819893413579492e-06,2.677547448609145807e-06,2.624406555764113481e-06,2.668745811166097460e-06,2.627578509136099049e-06,2.580937352493632277e-06,2.628170374295462021e-06,2.591406069095596320e-06,2.556282426498678766e-06,2.520542514603439510e-06,2.572039780241768181e-06,2.543153228258459625e-06,2.516664928156631023e-06,2.572290467110521031e-06,2.550809688102953667e-06,2.532292398161749454e-06,2.520163954827556198e-06,2.581587933195176869e-06,2.571943881767038027e-06,2.570920498201645353e-06,2.637303497035677892e-06,2.637272172915862416e-06,2.647683035807593029e-06,2.656262818796540356e-06,2.729168252405476880e-06,2.743342542991466897e-06,2.769878525994552491e-06,2.847701969142141987e-06,2.872183498518003281e-06,2.909700533329162499e-06,2.992028756944583640e-06,3.026479252891383029e-06,3.065020744345320673e-06,3.116785201617801646e-06,3.204029905452183143e-06,3.251537339451045196e-06,3.311798714134903539e-06,3.401634228684468516e-06,3.456861869380247863e-06,3.523972424823304564e-06,3.585108384100235458e-06,3.676477235317213394e-06,3.740389843588429034e-06,3.814359001091350485e-06,3.905033930041331751e-06,3.972418689961399972e-06,4.048271749221301510e-06,4.136504657715365455e-06,4.205117804961500535e-06,4.274404130686550326e-06,4.349623278460856002e-06,4.431841356739631877e-06,4.499081461391060106e-06,4.570435800057673368e-06,4.645794178070237991e-06,4.708561332185187692e-06,4.769885523041607063e-06,4.832796371437335169e-06,4.896266069671478252e-06,4.949964417680701965e-06,5.003649850728686384e-06,5.056119964942589873e-06,5.100162561467874665e-06,5.142766797477066599e-06,5.179744899912128345e-06,5.215509619511550866e-06,5.244428101267317144e-06,5.270169238245401079e-06,5.292127754478700035e-06,5.308062264992450253e-06,5.319830753018950182e-06,5.327414598540626223e-06,5.329752606718186968e-06,5.329752606718186968e-06,5.327807584956044001e-06,5.320408303132730982e-06,5.308864747543256678e-06,5.293372821288472728e-06,5.271610078277947071e-06,5.246165550772155688e-06,5.217806144921933202e-06,5.182274250072347520e-06,5.145966113211314970e-06,5.103846023117559628e-06,5.060666232540036869e-06,5.008525074034540833e-06,4.955510040805608194e-06,4.902965540796439077e-06,4.839910626669608589e-06,4.777911344043225883e-06,4.718103973753925916e-06,4.657061908920765629e-06,4.582269507913174125e-06,4.512300027052430676e-06,4.447253491314105784e-06,4.365710163908095655e-06,4.292268889135162404e-06,4.225709708017953821e-06,4.160112646259565322e-06,4.072715613486190748e-06,3.999344890418891648e-06,3.935592236950041746e-06,3.845850136630845847e-06,3.774904329746347399e-06,3.715280403777791378e-06,3.624925380052122561e-06,3.568449661829803075e-06,3.505264069762838004e-06,3.455353738469449047e-06,3.366609856466273693e-06,3.310920410268901682e-06,3.269420808051996470e-06,3.183282228727826178e-06,3.136759517895680359e-06,3.104899456985991510e-06,3.077455251165811102e-06,2.996187613004272925e-06,2.964930273402613181e-06,2.948070051019437375e-06,2.871227664164885245e-06,2.851617993483938602e-06,2.845620281454085152e-06,2.773575405033992748e-06,2.773347200042316386e-06,2.770808943395484498e-06,2.779706534665620117e-06,2.713927372249628814e-06,2.723398928619341568e-06,2.742256653292499298e-06,2.681217518343425769e-06,2.702311442338244130e-06,2.730289940852318293e-06,2.761316476119533482e-06,2.705684082575799713e-06,2.741782815323581593e-06,2.780303830419059814e-06,2.728503210988348329e-06,2.774184850658470226e-06,2.818923933551880206e-06,2.865254189866114124e-06,2.817233768765033374e-06,2.874152670862174921e-06,2.924709178963891490e-06,2.879242393463562330e-06,2.942774058415310560e-06,2.996159787679867321e-06,2.952693695774921448e-06,3.021505576294959002e-06,3.076349445849545022e-06,3.130693889503231707e-06,3.107108610021450654e-06,3.182301567588096114e-06,3.259749330402684024e-06,3.240164752607696539e-06,3.320893458698486692e-06,3.403431309637606447e-06,3.487576564239069519e-06,3.472528039587451614e-06,3.559072328196829639e-06,3.646754869497523907e-06,3.634546826569923920e-06,3.724001492309031666e-06,3.814117252038581445e-06,3.804310480049814058e-06,3.895579737863983028e-06,3.987029787999640183e-06,4.078440368805395027e-06,4.071227505669515398e-06,4.162928287289230624e-06,4.254110269382198568e-06,4.248446175499945266e-06,4.339338245184515788e-06,4.429239710789197679e-06,4.517932626284411595e-06,4.513890320532709746e-06,4.601495100470405170e-06,4.687435991641560555e-06,4.684332591982346825e-06,4.768667122549526740e-06,4.850899923223616955e-06,4.848540673981130846e-06,4.928680464553842017e-06,5.006302016017922730e-06,5.081213606196588897e-06,5.079602441565243188e-06,5.151768697769361520e-06,5.220846108521458918e-06,5.219651063302263934e-06,5.285583145692521438e-06,5.348078387155417987e-06,5.406979771770525183e-06,5.406192951728968793e-06,5.461432602778131288e-06,5.512782287762940985e-06,5.512217587978272957e-06,5.559608234524404137e-06,5.602852205592670983e-06,5.641839137706453338e-06,5.641488809139653355e-06,5.676160849225377397e-06,5.706382750966328655e-06,5.706147950253697347e-06,5.731873638562628508e-06,5.753001751981230829e-06,5.752854439601224849e-06,5.769354325998852163e-06,5.781156423353064318e-06,5.788229505928744205e-06,5.788167761253143591e-06,5.790499136911947136e-06,5.788094692301932011e-06,5.788080877862865360e-06,5.780927227768606779e-06,5.769036979974839785e-06,5.752438700978994289e-06,5.752474605834895470e-06,5.731219154377581976e-06,5.705347109214811718e-06,5.705413242645965968e-06,5.674996836854451095e-06,5.640100662543406019e-06,5.640193132891518994e-06,5.600910189884088556e-06,5.557327256071746138e-06
4.917412543815462334e-06,4.960068450420890526e-06,4.998980180302929063e-06,5.034053930933896353e-06,5.033983123918563479e-06,5.065141621385082462e-06,5.092301887553576795e-06,5.092255182528929497e-06,5.115360030459067542e-06,5.134344814225623586e-06,5.134326560212109663e-06,5.149155920879182879e-06,5.159784007117346496e-06,5.166185487329065690e-06,5.166215530467386837e-06,5.168380777643546385e-06,5.166320727520984871e-06,5.166398581945782623e-06,5.160110430029331777e-06,5.149603892598039074e-06,5.134907180689870174e-06,5.135072183008529378e-06,5.116251397848550218e-06,5.093331132386733080e-06,5.093586552506257356e-06,5.066662931296450116e-06,5.035773088605838541e-06,5.036148958203638453e-06,5.001421430474889982e-06,4.962902228590988003e-06,4.920690731181610326e-06,4.921291658310953229e-06,4.875567115711536256e-06,4.826382528582007570e-06,4.827217666369328017e-06,4.774792493423816522e-06,4.719175583670718494e-06,4.660508650464067680e-06,4.661775404825542155e-06,4.600341397269292054e-06,4.536173471617453017e-06,4.537880897143235652e-06,4.471315227973616240e-06,4.402360676841403201e-06,4.331190993776345476e-06,4.333691337751524823e-06,4.260727217465091048e-06,4.185928741749209100e-06,4.189218130271363912e-06,4.113079441426866402e-06,4.035508082373913417e-06,4.039793033862896481e-06,3.961367802912639649e-06,3.881929262287703743e-06,3.801676739752626429e-06,3.807680851768665542e-06,3.727325332527401537e-06,3.646592844570985159e-06,3.654237828538568211e-06,3.573954211692535011e-06,3.493739635922644609e-06,3.413797256446473219e-06,3.424188126942593606e-06,3.345517605220174148e-06,3.267569075348893727e-06,3.280499212499585830e-06,3.204418888263289272e-06,3.129509460929405918e-06,3.145439884287362528e-06,3.073005848588743895e-06,3.002185956177241339e-06,2.933168668920128064e-06,2.953882525523261623e-06,2.888194789191612602e-06,2.841312088139998056e-06,2.882822665264548832e-06,2.820370509797849756e-06,2.774287164935415626e-06,2.728227333189507031e-06,2.759618909544102728e-06,2.715599471132985209e-06,2.672169223837430842e-06,2.709036745097233045e-06,2.668396997934403712e-06,2.628931055169648456e-06,2.677898003425430635e-06,2.635839509955513187e-06,2.601668124026482909e-06,2.569525558030937337e-06,2.620984647538533255e-06,2.593386058829213126e-06,2.568375161454471554e-06,2.626110121547159055e-06,2.606807901469433220e-06,2.590054127598394178e-06,2.576627961068963014e-06,2.644233087879921843e-06,2.636679705342291584e-06,2.632860087884426888e-06,2.707394499946484529e-06,2.709747416481753931e-06,2.716137577770539910e-06,2.726699123659557000e-06,2.809997285990696499e-06,2.826891900886981391e-06,2.848085058063473791e-06,2.937297138009962608e-06,2.964641376691345451e-06,2.996266687325441892e-06,3.081254902526085103e-06,3.127912049254294673e-06,3.169382121905660690e-06,3.214890901045981445e-06,3.314195990835941504e-06,3.364527419713042261e-06,3.418505358995932577e-06,3.519953944390117095e-06,3.577777309244717167e-06,3.638706351980676801e-06,3.702519432407882675e-06,3.804256496506244376e-06,3.870277400462143078e-06,3.938457356134433831e-06,4.038262766968508251e-06,4.107231704895873773e-06,4.177535415063177285e-06,4.266551568406533902e-06,4.343002972968106089e-06,4.413009710214401617e-06,4.483112670872395567e-06,4.570678019326435609e-06,4.637884246540878731e-06,4.704262193528526086e-06,4.778766884836647087e-06,4.845185210245875168e-06,4.905384961939562455e-06,4.963530996087581715e-06,5.028249988600218611e-06,5.079990965167194783e-06,5.128890652394853414e-06,5.181016064127577420e-06,5.222295838294322245e-06,5.260073803719037576e-06,5.294134408275996516e-06,5.327484223372556718e-06,5.352673009417570556e-06,5.373715054333324066e-06,5.391935781691848976e-06,5.403548979179570056e-06,5.410781838211022495e-06,5.413388350270019711e-06,5.413589596164460012e-06,5.410983084105461949e-06,5.404161258605868833e-06,5.392984754852534679e-06,5.374764027494010616e-06,5.354201557031795027e-06,5.329552607355566116e-06,5.296202792259005914e-06,5.262759872808818159e-06,5.225695260352463074e-06,5.185242563061073883e-06,5.133117151328349878e-06,5.085176537613987021e-06,5.034545073802863734e-06,4.969826081290226838e-06,4.912958537653671480e-06,4.854224788092335661e-06,4.788932390893757802e-06,4.714973688847482739e-06,4.650491700438877999e-06,4.585423154083909725e-06,4.497857805629869683e-06,4.430151303366025399e-06,4.362816039991303223e-06,4.288496647450294481e-06,4.200310195510590688e-06,4.133272451789185682e-06,4.067886344150369588e-06,3.968080933316296016e-06,3.903811697217917202e-06,3.842038672982382365e-06,3.740301608884020240e-06,3.681080932636554230e-06,3.625094144705413024e-06,3.572566064574423053e-06,3.471117479180238536e-06,3.422788802976596279e-06,3.378459275099694616e-06,3.279154185309734556e-06,3.239996284359650158e-06,3.205220081275304058e-06,3.164472321265926644e-06,3.080603290774354199e-06,3.056330706818612522e-06,3.036650616856380891e-06,2.947438536909892074e-06,2.934206123384494175e-06,2.925552039006774755e-06,2.842253876675635256e-06,2.840193990161128475e-06,2.842546255880665734e-06,2.849154629579264897e-06,2.774620217517207680e-06,2.787596711661837909e-06,2.804478087327002389e-06,2.736872960516043983e-06,2.759772758335506674e-06,2.786119503558625442e-06,2.815040937502237066e-06,2.757372146681391025e-06,2.792133469243574580e-06,2.829519899807371528e-06,2.778060810299830667e-06,2.820000934897673129e-06,2.863951996516227148e-06,2.916482518721655398e-06,2.866778002168741937e-06,2.915906283210182682e-06,2.966109913141749406e-06,2.929242391889280391e-06,2.982112443992700308e-06,3.035422823555305564e-06,3.004031247239561575e-06,3.059209321544485597e-06,3.114215427888063995e-06,3.187369883024940341e-06,3.143862646328410243e-06,3.199213444111535040e-06,3.275464129254570272e-06,3.254750273566468195e-06,3.334415166978648696e-06,3.415952281228207195e-06,3.499157446686678070e-06,3.483227027210669222e-06,3.568945150705657141e-06,3.655854792986122456e-06,3.642924665854690860e-06,3.731705633594818924e-06,3.821193684913557541e-06,3.810802837833197960e-06,3.901529345359948216e-06,3.992475715744388219e-06,4.083419492932002769e-06,4.075774572556051390e-06,4.167075982199155020e-06,4.257889288351570796e-06,4.251885299772934544e-06,4.342464417546592396e-06,4.432078113195665461e-06,4.520506758230198478e-06,4.516222077657209893e-06,4.603604852938117452e-06,4.689342661885252556e-06,4.686053731439912376e-06,4.770218987068650359e-06,4.852297546849331264e-06,4.849797940880457154e-06,4.929810178868570534e-06,5.007315969471357864e-06,5.082122643312453607e-06,5.080416522387103477e-06,5.152496957996705450e-06,5.221496917004041661e-06,5.220232076857551726e-06,5.286101361232040705e-06,5.348540191124632758e-06,5.407390986923604950e-06,5.406558881274550760e-06,5.461758071945032121e-06,5.513071682845819334e-06,5.512474892932631694e-06,5.559837065188127495e-06,5.603055841617616603e-06,5.642020552288682755e-06,5.641650696640606360e-06,5.676305650779018035e-06,5.706512678168915261e-06,5.706265007033621824e-06,5.731979641327698069e-06,5.753098348140067448e-06,5.752943124554048228e-06,5.769436458691095969e-06,5.781233240482892743e-06,5.788302134896856731e-06,5.788237231940268374e-06,5.790566392366151317e-06,5.788160598414455255e-06,5.788146232107640631e-06,5.780992767076944392e-06,5.769103387813102569e-06,5.752506613693333460e-06,5.752544618323492307e-06,5.731291825147157542e-06,5.705422964874622839e-06,5.705492781889049820e-06,5.675080533972490061e-06,5.640188970518360684e-06,5.640286486104051560e-06,5.601009006475832708e-06,5.557431939995642615e-06,5.509660431170114801e-06
4.917608247876237049e-06,4.917504313848075443e-06,4.960155207964889321e-06,4.999062270258715898e-06,5.034131712123131966e-06,5.034056971050989356e-06,5.065211927322341750e-06,5.092369065903421262e-06,5.092319670606123147e-06,5.115422292652288372e-06,5.134405345812909098e-06,5.134385891670689247e-06,5.149214622739064695e-06,5.159842695411598404e-06,5.166244829697497398e-06,5.166276252974138525e-06,5.168443672372999809e-06,5.166386661020371135e-06,5.166468504586819019e-06,5.160185386365184157e-06,5.149685032795817023e-06,5.134995773122650989e-06,5.135169628094571147e-06,5.116359243228780538e-06,5.093451089534797490e-06,5.093720514868224565e-06,5.066812994059689400e-06,5.035941570198517582e-06,5.036338423627597735e-06,5.001634716575352889e-06,4.963142471366356548e-06,4.920961395235667242e-06,4.921596568547732018e-06,4.875910491370010486e-06,4.826769019703393580e-06,4.827652392784107348e-06,4.775281086338379542e-06,4.719724229924756275e-06,4.661124139519355436e-06,4.662465178534374807e-06,4.601113602456547246e-06,4.537037015493880400e-06,4.538845505548998332e-06,4.472391506430297870e-06,4.403560174367536300e-06,4.332526269395916669e-06,4.335176029596882717e-06,4.262376114345160434e-06,4.187757857020860590e-06,4.191244777816345690e-06,4.115322313498741635e-06,4.037987329039220393e-06,4.042530343718248684e-06,3.964386484714950225e-06,3.885254327088242104e-06,3.805334983077570185e-06,3.811700935339298498e-06,3.731737864962604575e-06,3.651430460463456461e-06,3.659535265244671596e-06,3.579748383124409732e-06,3.500069702580516311e-06,3.420704690879732222e-06,3.431716773780614415e-06,3.353713734868726544e-06,3.276481430406002023e-06,3.290179045906538251e-06,3.214919992172911627e-06,3.140888185245438480e-06,3.157755143806602038e-06,3.086319117662326605e-06,3.016561249799750283e-06,2.948672509156010282e-06,2.990190611372047479e-06,2.942341997098803812e-06,2.877210847924922943e-06,2.920139644027238065e-06,2.872734707672244573e-06,2.811668716586183782e-06,2.765755475674688644e-06,2.810849776972739818e-06,2.755187290354570275e-06,2.712171835686410995e-06,2.759931604146363389e-06,2.718389622499704053e-06,2.672256304245310603e-06,2.723260631496330662e-06,2.686804297404717922e-06,2.649226478064980657e-06,2.618262036275523216e-06,2.674010149136393492e-06,2.646498907173620519e-06,2.622640855992234898e-06,2.682897557585080916e-06,2.663607898399607127e-06,2.650784932326377962e-06,2.639377465702411789e-06,2.705897345524045951e-06,2.704746862719612585e-06,2.703267339308613299e-06,2.775041328433371807e-06,2.779116119675660735e-06,2.794912479434826240e-06,2.808197258652477598e-06,2.886760639781174109e-06,2.914556391670897850e-06,2.938656035726724405e-06,3.022192326444100598e-06,3.052166246171743905e-06,3.096099958309783609e-06,3.184041850801757669e-06,3.224231671836382553e-06,3.278362609862806418e-06,3.326844995504444031e-06,3.419313126269860033e-06,3.482199376798929257e-06,3.538965960888094240e-06,3.633479854475745797e-06,3.694108851397162258e-06,3.766721984272849211e-06,3.832888552807183594e-06,3.927900719843983498e-06,4.004525150596786713e-06,4.074563371481296116e-06,4.167840765223993310e-06,4.238711746059425935e-06,4.317581145594359278e-06,4.407183007722368124e-06,4.478002517201568293e-06,4.554898190856165447e-06,4.625267909169594581e-06,4.706975448008553211e-06,4.774401862184096425e-06,4.845106668597807521e-06,4.918403730241553442e-06,4.979681729201799721e-06,5.042394104139989977e-06,5.098837407934398526e-06,5.158119076627759792e-06,5.210616658310012154e-06,5.256966582278726281e-06,5.303687522083394613e-06,5.342280424022059921e-06,5.378509489124228662e-06,5.408980749798154649e-06,5.437113031758365906e-06,5.459290788744450922e-06,5.476088785725395041e-06,5.489237371161319155e-06,5.496644036277933633e-06,5.498970267023178238e-06,5.498970267023178238e-06,5.496857420489924664e-06,5.489886682602676139e-06,5.476939774966060235e-06,5.460611586172630570e-06,5.438735189435083318e-06,5.410824720911084550e-06,5.380948085727784532e-06,5.345133977447660069e-06,5.307300940025059906e-06,5.260882249828432297e-06,5.215452081545947043e-06,5.163636938562982086e-06,5.104738611734424999e-06,5.049526191663283052e-06,4.987747529528949683e-06,4.928033966683519851e-06,4.855272174654918236e-06,4.785816176697799514e-06,4.720412579055017906e-06,4.639354483378273220e-06,4.571323695036576415e-06,4.496275004273968579e-06,4.428302747416472899e-06,4.339526224638119856e-06,4.262986484983530807e-06,4.195592623162833756e-06,4.103251171143405396e-06,4.037075630195112947e-06,3.963622650799384217e-06,3.869643370547493049e-06,3.808031021355639049e-06,3.739219155894196853e-06,3.683832343212481075e-06,3.590455526730998328e-06,3.539320916317928521e-06,3.481258290980229007e-06,3.389959554713046072e-06,3.347828187285974651e-06,3.299235400237590820e-06,3.266110845561348437e-06,3.179317377049624727e-06,3.141645595244167444e-06,3.119414953802987736e-06,3.036961104904335400e-06,3.020873711124843113e-06,3.000408597645991217e-06,2.922817489397476576e-06,2.918107598872591205e-06,2.910320117156069134e-06,2.915394886690278857e-06,2.844344603314702107e-06,2.855085685689633522e-06,2.865173954541772725e-06,2.799158790296018994e-06,2.820163759933933921e-06,2.842465605627046163e-06,2.871723764516362916e-06,2.811571671947315027e-06,2.845374184554875883e-06,2.882986025142166635e-06,2.827035016722484972e-06,2.867958537470054317e-06,2.916019184266378984e-06,2.962555810849752156e-06,2.910840819542087630e-06,2.967700740636481431e-06,3.019166300337799255e-06,2.970335865614679676e-06,3.022971329462466622e-06,3.089546190721824826e-06,3.043011936967404393e-06,3.098225369730918130e-06,3.170207539123486051e-06,3.226683492424113420e-06,3.181758065858068939e-06,3.257715734839596700e-06,3.314132527323081341e-06,3.270254113526181673e-06,3.348790460215577230e-06,3.429265549772580236e-06,3.511472705491591825e-06,3.494605750578121869e-06,3.579446253375728516e-06,3.665534624798929224e-06,3.651837018894046397e-06,3.739901760730205508e-06,3.828722328672346771e-06,3.817710268557263264e-06,3.907859407629094884e-06,3.998269882082618029e-06,4.088716923850815799e-06,4.080612182030956391e-06,4.171488507720661267e-06,4.261909364739543931e-06,4.255543535992504305e-06,4.345789475814462843e-06,4.435096789716918735e-06,4.523244064957158157e-06,4.518701324513059472e-06,4.605847729998452620e-06,4.691369321060155942e-06,4.687882867247153458e-06,4.771867916134980713e-06,4.853782285821351776e-06,4.851133282468941418e-06,4.931009765790333034e-06,5.008392366090599309e-06,5.083087404818991210e-06,5.081280261381842694e-06,5.153269408385216453e-06,5.222186995127132125e-06,5.220847939813265551e-06,5.286650462366682902e-06,5.349029332691238224e-06,5.407826369924824839e-06,5.406946152523329543e-06,5.462102368390754815e-06,5.513377673226014883e-06,5.512746816820824224e-06,5.560078769517255800e-06,5.603270814765675011e-06,5.642211955818965890e-06,5.641821394793348236e-06,5.676458237814410115e-06,5.706649503663503169e-06,5.706388199233190054e-06,5.732091128659908692e-06,5.753199878989519150e-06,5.753036285401148909e-06,5.769522690714261724e-06,5.781313854721215192e-06,5.788378326067611729e-06,5.788310091002481377e-06,5.790636917918052494e-06,5.788229707009032964e-06,5.788214767566723283e-06,5.781061508880391788e-06,5.769173058635729632e-06,5.752577886158258180e-06,5.752618121036659345e-06,5.731368148073904426e-06,5.705502664115347437e-06,5.705576383907312513e-06,5.675168539325284166e-06,5.640281857134795723e-06,5.640384712155362624e-06,5.601113012876435810e-06,5.557542152571887170e-06,5.509777262530529831e-06,5.509914689926220144e-06
4.871430838131939690e-06,4.917710549088732194e-06,4.917600960604470905e-06,4.960246550680841743e-06,4.999148672340039340e-06,5.034213551763148458e-06,5.034134643311356813e-06,5.065285846530223278e-06,5.092439668400805877e-06,5.092387417890161464e-06,5.115487674948840751e-06,5.134468886128859685e-06,5.134448150374230049e-06,5.149276202720861298e-06,5.159904247883626658e-06,5.166307060690348554e-06,5.166339930597667072e-06,5.168509634909373460e-06,5.166455825922809948e-06,5.166541878461523771e-06,5.160264076018184191e-06,5.149770257430602131e-06,5.135088877778486345e-06,5.135272098419218621e-06,5.116472721683003845e-06,5.093577393129288012e-06,5.093861654536534040e-06,5.066971195773212070e-06,5.036119297931443974e-06,5.036538404281020069e-06,5.001859966970189168e-06,4.963396327414392770e-06,4.921247543396635651e-06,4.921919079677908960e-06,4.876273857064106567e-06,4.827178191226488463e-06,4.828112822683831422e-06,4.775798772819386925e-06,4.720305764057661437e-06,4.661776755344459976e-06,4.663196806106739857e-06,4.601932923863002943e-06,4.537953523854360280e-06,4.539869566994001073e-06,4.473534425023290304e-06,4.404834259915489754e-06,4.333944908063037864e-06,4.336753757205759968e-06,4.264128692216039003e-06,4.189702350163648609e-06,4.193399635251113083e-06,4.117707450439156201e-06,4.040624210629537179e-06,4.045442069968331752e-06,3.967597876229501304e-06,3.888792011136239180e-06,3.809227479496004850e-06,3.815978741712132191e-06,3.736433540461677886e-06,3.656578707683333889e-06,3.665173009308585855e-06,3.585914847284042348e-06,3.506806479478938189e-06,3.428055808594990293e-06,3.439728755717875763e-06,3.362435652522291879e-06,3.285964947969591385e-06,3.300478455671804997e-06,3.226092239623001442e-06,3.152992882723332617e-06,3.170854571617890688e-06,3.100478211459675519e-06,3.053033406988089433e-06,3.004437123425919580e-06,3.027618555321018394e-06,2.979577159344209276e-06,2.930896122736607678e-06,2.958741560899730391e-06,2.911348657857925558e-06,2.863877796293909572e-06,2.804745922380662478e-06,2.851566078212148637e-06,2.806680723816865669e-06,2.762596437857223304e-06,2.803570249734666093e-06,2.762688965133136985e-06,2.723238915546253090e-06,2.770719339742730960e-06,2.735258940564563569e-06,2.701855304595650920e-06,2.670794859902005808e-06,2.727588262077566966e-06,2.701567273319986467e-06,2.678473889228262145e-06,2.742570240672286501e-06,2.725133174111623084e-06,2.711146515263716970e-06,2.705387984591101519e-06,2.774791374379420297e-06,2.770829868138661981e-06,2.770950121338192763e-06,2.852104555919304639e-06,2.858805840891006304e-06,2.869864507365022431e-06,2.893796715149564188e-06,2.975480762754379002e-06,2.997639746781477123e-06,3.024351087906929107e-06,3.120268263971502083e-06,3.153294333206582901e-06,3.190783148733527011e-06,3.291505203482074912e-06,3.334744574035120670e-06,3.382187458325061199e-06,3.443607684186306458e-06,3.538780547351847487e-06,3.594926488593852294e-06,3.654670921299951943e-06,3.761094348229347419e-06,3.824285831903032750e-06,3.890423833760848621e-06,3.967860270150648869e-06,4.064580946633066636e-06,4.134958112089649011e-06,4.207180358846277644e-06,4.309321018110920008e-06,4.381513574318694246e-06,4.454625447448501584e-06,4.551425837621334850e-06,4.622832121683281118e-06,4.694180779199808015e-06,4.765094460181676855e-06,4.851434650750595658e-06,4.918339719266558483e-06,4.983831673434173472e-06,5.059926807471133256e-06,5.119799245391437007e-06,5.177339033081059356e-06,5.235114905678025558e-06,5.291780761910526407e-06,5.339095724895923263e-06,5.382982752280574656e-06,5.428340649537512437e-06,5.463527187753024910e-06,5.494685068143746288e-06,5.522501312268781084e-06,5.546272416751963288e-06,5.563458631608786018e-06,5.576112023091071242e-06,5.584399307544578212e-06,5.586922699758111534e-06,5.586922699758111534e-06,5.584841183543591312e-06,5.576553899090083494e-06,5.564361363820769168e-06,5.547674035983174215e-06,5.524123469945498496e-06,5.496642790081730659e-06,5.466117598536323211e-06,5.431659924408170688e-06,5.386302027151232906e-06,5.343259857020356439e-06,5.296925774800603426e-06,5.240632767613247852e-06,5.183621147612079100e-06,5.127394971288999909e-06,5.069032929350356967e-06,4.992937795313398030e-06,4.929173148814257606e-06,4.864232119342558009e-06,4.777891928773639206e-06,4.709198348987003545e-06,4.640344497767091897e-06,4.571725469144992298e-06,4.474925078972159032e-06,4.404909537892153687e-06,4.336137682721656802e-06,4.233997023457014439e-06,4.165533590307490170e-06,4.099265342291709395e-06,4.003582201106049588e-06,3.929577301222453050e-06,3.868276466351789570e-06,3.810295930100078239e-06,3.703872503170682763e-06,3.649716108164758454e-06,3.599536137692900181e-06,3.505552848896675856e-06,3.449285266201223554e-06,3.408556599046694036e-06,3.372396635731477608e-06,3.271674580982929706e-06,3.241621019173400908e-06,3.216374229125952776e-06,3.120457053061379377e-06,3.101854801845277204e-06,3.088118218504148017e-06,3.007444673014381719e-06,2.991219020542905144e-06,2.989151411214239764e-06,2.991692691435632371e-06,2.910538256854520071e-06,2.919887933324183592e-06,2.933521132480915611e-06,2.864664593608829139e-06,2.879722873504365345e-06,2.903703137556889102e-06,2.931252077834761885e-06,2.867155726390738800e-06,2.900449894004826124e-06,2.936730805564023167e-06,2.879937403388487844e-06,2.921286934038967033e-06,2.964978837503342322e-06,3.010696890823230661e-06,2.963216466627374936e-06,3.012864131619358959e-06,3.063854109057263535e-06,3.022880297184515850e-06,3.076956171357173332e-06,3.131688676601981255e-06,3.083442336149000968e-06,3.153676759031849342e-06,3.210627953235246338e-06,3.267281122632244409e-06,3.239435684674235383e-06,3.297134189846420952e-06,3.353928906370636437e-06,3.330747475230747964e-06,3.387813027759246792e-06,3.443424643067787690e-06,3.524572132619297359e-06,3.506710447140815541e-06,3.590618499620416755e-06,3.675834033002060963e-06,3.661320534465556568e-06,3.748623675884224473e-06,3.836734307524493050e-06,3.825061382528588275e-06,3.914596180063833125e-06,4.004436341020051544e-06,4.094354661930026816e-06,4.085760422550113722e-06,4.176184175919144053e-06,4.266187163420662859e-06,4.259436024656483204e-06,4.349327152524646531e-06,4.438308174976591437e-06,4.526155786929098885e-06,4.521338204968663817e-06,4.608232870437348734e-06,4.693524188494370047e-06,4.689827379195686504e-06,4.773620524424776687e-06,4.855360058838877589e-06,4.852551985552630261e-06,4.932283939497942354e-06,5.009535402116779956e-06,5.084111619377133861e-06,5.082196965900348717e-06,5.154088977401818513e-06,5.222918931295655751e-06,5.221500935965393527e-06,5.287232460596845223e-06,5.349547580455741417e-06,5.408287473166966436e-06,5.407356125854392049e-06,5.462466682372818009e-06,5.513701298816288705e-06,5.513034267049112123e-06,5.560334138478031411e-06,5.603497814014505989e-06,5.642413948269574753e-06,5.642001426216722090e-06,5.676619066045054019e-06,5.706793625620535699e-06,5.706517875865329768e-06,5.732208407923844059e-06,5.753306616970748785e-06,5.753134165685175302e-06,5.769613242114153109e-06,5.781398467465198838e-06,5.788458266547438826e-06,5.788386515180077329e-06,5.790710883484371638e-06,5.788302184385271670e-06,5.788286649833991478e-06,5.781133620719888215e-06,5.769246164357262327e-06,5.752652696890727490e-06,5.752695301149950874e-06,5.731448320897454100e-06,5.705586417014572585e-06,5.705664272775131131e-06,5.675261092542033749e-06,5.640379579046185280e-06,5.640488086114456826e-06,5.601222503892242317e-06,5.557658209603890107e-06,5.509900320465330111e-06,5.510045171269604058e-06,5.458216862876776583e-06
4.821740927696335466e-06,4.871544964990846350e-06,4.917818336054199281e-06,4.917702764646983899e-06,4.960342740952719153e-06,4.999239631805960964e-06,5.034299679100258653e-06,5.034216355111196099e-06,5.065363579837703669e-06,5.092513883628608999e-06,5.092458602150271604e-06,5.115556345846398651e-06,5.134535596067264246e-06,5.134513491424234388e-06,5.149340812110428749e-06,5.159968814169482287e-06,5.166372330676430765e-06,5.166406717070087642e-06,5.168578825261938695e-06,5.166528391751676276e-06,5.166618886212071546e-06,5.160346698771696303e-06,5.149859787922695383e-06,5.135186742745531249e-06,5.135379874373038012e-06,5.116592152217905761e-06,5.093710407868952667e-06,5.094010389831264740e-06,5.067138017260540025e-06,5.036306825074959075e-06,5.036749537003400845e-06,5.002097914496736319e-06,4.963664639442655777e-06,4.921550143706019442e-06,4.922260302290113512e-06,4.876658485060979071e-06,4.827611498326014666e-06,4.828600617667510072e-06,4.776347446895058727e-06,4.720922341230608557e-06,4.662468945856430081e-06,4.663973062987070843e-06,4.602802502618273249e-06,4.538926545302739648e-06,4.540957083227714305e-06,4.474748488457088874e-06,4.406187995350862246e-06,4.335452587666835470e-06,4.338430878268039586e-06,4.265992057515204180e-06,4.191770150727376595e-06,4.195691535259163085e-06,4.120244673969096018e-06,4.043429629898706107e-06,4.048540294675284439e-06,3.971015343545849247e-06,3.892557075845550686e-06,3.813370503720522679e-06,3.820532183610878948e-06,3.741432041225474616e-06,3.662059176093816720e-06,3.671174703069997881e-06,3.592479450278965757e-06,3.513978174042885243e-06,3.435881341850529049e-06,3.448257498957494373e-06,3.371719652581267441e-06,3.296058969486528321e-06,3.311440013096133110e-06,3.237981617796394224e-06,3.165873144836688592e-06,3.209253570216771243e-06,3.161286675662068655e-06,3.090578839322783188e-06,3.041702443623590421e-06,3.086022310613725779e-06,3.018039018692248293e-06,2.969269088360849362e-06,3.015244801588820609e-06,2.951380269587005398e-06,2.904058274447982079e-06,2.857012642143949689e-06,2.905517821438045336e-06,2.849475384881364100e-06,2.805930045672449436e-06,2.857450702115835421e-06,2.808995337815028277e-06,2.770419443034637393e-06,2.825565845078523532e-06,2.789680507281509563e-06,2.753872579283141264e-06,2.724189094467903263e-06,2.784592254445978569e-06,2.759432488007619385e-06,2.738094162024049263e-06,2.803401808587413872e-06,2.789835437865930746e-06,2.777971655448651019e-06,2.769938718433207372e-06,2.841977295041324166e-06,2.845746798546914199e-06,2.848461282836815476e-06,2.926030338969765227e-06,2.942552605908522796e-06,2.956472468981691766e-06,2.974976642793240078e-06,3.059547774179464228e-06,3.093794397394529557e-06,3.123626316949311120e-06,3.213154175962209841e-06,3.259160751824337223e-06,3.299816148256547930e-06,3.393553799445363796e-06,3.450154112578913563e-06,3.500684580525281310e-06,3.555281264911258250e-06,3.652989897197500230e-06,3.722210426316984756e-06,3.784745810038853296e-06,3.883802168796517820e-06,3.959278040699684265e-06,4.027796223453949691e-06,4.098841857171727613e-06,4.197131584345272042e-06,4.278010021205482769e-06,4.351859636780560670e-06,4.447188360571685069e-06,4.528261694643167868e-06,4.602279703875261726e-06,4.692513947735867761e-06,4.764821015632650810e-06,4.842415688616621088e-06,4.913124823260197050e-06,4.993354710099238964e-06,5.064552437447615319e-06,5.128935251735890583e-06,5.199059932354413660e-06,5.261276990277818859e-06,5.316787086455088379e-06,5.369324019836513202e-06,5.423174955044325138e-06,5.470203821642727691e-06,5.510878226641398377e-06,5.550568542959381151e-06,5.583775684757971777e-06,5.610933826097495636e-06,5.633645823908927802e-06,5.652913839767934075e-06,5.665952932636167044e-06,5.673770129053073557e-06,5.676977968228405548e-06,5.676977968228405548e-06,5.673996459106784787e-06,5.666641748162005552e-06,5.653871790999816235e-06,5.634826636710546597e-06,5.612655938151694815e-06,5.586108349952997911e-06,5.553321255912993487e-06,5.513910854351525066e-06,5.474046200593238482e-06,5.427605081161754108e-06,5.374106536353190636e-06,5.322660908044276056e-06,5.268414183677312663e-06,5.207152796918488821e-06,5.137528804173290476e-06,5.074816150830673803e-06,5.004904742696978287e-06,4.925293053324329111e-06,4.856742904528588592e-06,4.780837625059618031e-06,4.711192583808417332e-06,4.621765338375539464e-06,4.550782922064319661e-06,4.472140669362916309e-06,4.377742796490268866e-06,4.307596160810851617e-06,4.229730683899356661e-06,4.132484989051437243e-06,4.065861380157503649e-06,4.002139148007937018e-06,3.930663482313974571e-06,3.832783400586180567e-06,3.775809220019109390e-06,3.711308031554196249e-06,3.614827644985706224e-06,3.566563995629706126e-06,3.522748436549949806e-06,3.472003341732691663e-06,3.379501029154509213e-06,3.346302981538935467e-06,3.306923607222558148e-06,3.218581251571513720e-06,3.196903456988597652e-06,3.170047769664442390e-06,3.086564917192841365e-06,3.076846453866419597e-06,3.071998090772225578e-06,3.063959012276420928e-06,2.987241409613227431e-06,2.994100306683328903e-06,2.999482536117415711e-06,2.928078389165972113e-06,2.946082964995901614e-06,2.968075426267524785e-06,2.991670209620943248e-06,2.926590521473592096e-06,2.958282871777398716e-06,2.993953682018930718e-06,2.933460644958048385e-06,2.973601671357956995e-06,3.020310787058471075e-06,3.066817468737296291e-06,3.011049637335532210e-06,3.060008116952419236e-06,3.119762887297072582e-06,3.067240205608176523e-06,3.120968628815431392e-06,3.188446527871181163e-06,3.138546431588543982e-06,3.195462822007861916e-06,3.252459659329763984e-06,3.327769238665088723e-06,3.279802509218884348e-06,3.337782095495728994e-06,3.417091054592394746e-06,3.370388653250571170e-06,3.427920993232032455e-06,3.509740161058453249e-06,3.565915937476872485e-06,3.519590708374419804e-06,3.602507876625680376e-06,3.686795588900651075e-06,3.671414554021930716e-06,3.757907673464707091e-06,3.845263047682187364e-06,3.832886912016090377e-06,3.921767870101095924e-06,4.011000938677058023e-06,4.100356349522334410e-06,4.091240883988947461e-06,4.181182669005598474e-06,4.270740597125089217e-06,4.263579040478278343e-06,4.353092209083928145e-06,4.441725635046762252e-06,4.529254006177562890e-06,4.524143621731329270e-06,4.610770095910536292e-06,4.695816096784828486e-06,4.691895196725259960e-06,4.775483918240435128e-06,4.857037223431063821e-06,4.854059727834888142e-06,4.933637761648405994e-06,5.010749582027138742e-06,5.085199288496962693e-06,5.083170184304291650e-06,5.154958805943742243e-06,5.223695500747768142e-06,5.222193513071312792e-06,5.287849510995795472e-06,5.350096828460533254e-06,5.408775958401191252e-06,5.407790256774548462e-06,5.462852286718830869e-06,5.514043671049397880e-06,5.513338212849338069e-06,5.560604016384674003e-06,5.603737574302391984e-06,5.642627169161312942e-06,5.642191347537077344e-06,5.676788620427987348e-06,5.706945467382441537e-06,5.706654407659853306e-06,5.732331805294394151e-06,5.753418850916578828e-06,5.753237023355835550e-06,5.769708345745334882e-06,5.781487291666537212e-06,5.788542154049905443e-06,5.788466691147204286e-06,5.790788468487811134e-06,5.788378206141176105e-06,5.788362053792483835e-06,5.781209279595532887e-06,5.769322886683974216e-06,5.752731234680107747e-06,5.752776356727502619e-06,5.731532552986714204e-06,5.705674446134833363e-06,5.705756686014097456e-06,5.675358447760701282e-06,5.640482408569105516e-06,5.640596899954800650e-06,5.601337792557307796e-06,5.557780446523221540e-06,5.510029964080277159e-06,5.510182666819953940e-06,5.458362643917167514e-06,5.402587613019833716e-06
4.822013044148429867e-06,4.821868299143162797e-06,4.871665264132119007e-06,4.917931927368118237e-06,4.917810024113807873e-06,4.960444057521740975e-06,4.999335409117785596e-06,5.034390337495957718e-06,5.034302333962903786e-06,5.065445340238438467e-06,5.092591911482440472e-06,5.092533411707582650e-06,5.115628483732751975e-06,5.134605645858331496e-06,5.134582078823417176e-06,5.149408610790090189e-06,5.160036552341193521e-06,5.166440798460195722e-06,5.166476774737250094e-06,5.168651412431230922e-06,5.166604537622675574e-06,5.166699720925185136e-06,5.160433465988531835e-06,5.149953858725356605e-06,5.135289630957896493e-06,5.135493253411327019e-06,5.116717873581826509e-06,5.093850521388277394e-06,5.094167165785788733e-06,5.067313970493839927e-06,5.036504741224214830e-06,5.036972500968513560e-06,5.002349341272018379e-06,4.963948307433403072e-06,4.921870230650009749e-06,4.922621423900565843e-06,4.877065736502407084e-06,4.828070498627726708e-06,4.829117557171013529e-06,4.776929137821123142e-06,4.721576271439211819e-06,4.663203335857940629e-06,4.664796926245799506e-06,4.603725709169706912e-06,4.539959888683319181e-06,4.542112350690740341e-06,4.476038534420203119e-06,4.407626817989389675e-06,4.337055408533147496e-06,4.340214224779845766e-06,4.267973848115407865e-06,4.193969782474784695e-06,4.198129973563065867e-06,4.122944544131537187e-06,4.046415310076434320e-06,4.051838009818952139e-06,3.974653259817409871e-06,3.896565394956172009e-06,3.817781556571109964e-06,3.825380522555899366e-06,3.746754530218644063e-06,3.667895077911854153e-06,3.677565762748769344e-06,3.599469973835441551e-06,3.521615101497229855e-06,3.444214313506057006e-06,3.457338913842960772e-06,3.381604717910891619e-06,3.306805739949184278e-06,3.323109418747162326e-06,3.276790744322612404e-06,3.228678872443533253e-06,3.248720039885626599e-06,3.200386115425477377e-06,3.150730651052677485e-06,3.080139586024318930e-06,3.125937340216661218e-06,3.075983524896111536e-06,3.008992849220113063e-06,3.056621811916391090e-06,3.007736427353758355e-06,2.958937350137875702e-06,2.899073169060262887e-06,2.949487242322629745e-06,2.903866922236217928e-06,2.851180635696694411e-06,2.904832017931484365e-06,2.863916642515303750e-06,2.824723096634789108e-06,2.877341685835625829e-06,2.842637418140653738e-06,2.810320171862764063e-06,2.780285503476030732e-06,2.843352176629130240e-06,2.819299643453737685e-06,2.800804436295608924e-06,2.868991314725218193e-06,2.854420633305042325e-06,2.843679651132384859e-06,2.842654691308521140e-06,2.917810343799607758e-06,2.917955324979662203e-06,2.929987535097773541e-06,3.010795843883905452e-06,3.022370374367995963e-06,3.038628549514194868e-06,3.069043967884467253e-06,3.156913015198544200e-06,3.184834242871557410e-06,3.227684566309816860e-06,3.320448333354197308e-06,3.359584849008308525e-06,3.413838475563408784e-06,3.510645515518088062e-06,3.560085881809304345e-06,3.613782818309870231e-06,3.681941438546404466e-06,3.782327116817104185e-06,3.844411849270588152e-06,3.919853036999926464e-06,4.021143392880339331e-06,4.089639489545969675e-06,4.160852096572093807e-06,4.243152566320111087e-06,4.342907975481634986e-06,4.417288611105646523e-06,4.500817100761597763e-06,4.596900701089527026e-06,4.671737279861725487e-06,4.746996237774698284e-06,4.843809073151329517e-06,4.916257255061742243e-06,4.988069844255370296e-06,5.063828776152436181e-06,5.142851339485170424e-06,5.208386477402316873e-06,5.275803367690239093e-06,5.343814370545245076e-06,5.400417648822846409e-06,5.454039503293161958e-06,5.506851914221894266e-06,5.557410893910444330e-06,5.598974207614825028e-06,5.638130115652368196e-06,5.673716675216572793e-06,5.701489547680976214e-06,5.724734508050781993e-06,5.743623922708574092e-06,5.757885836382706678e-06,5.765894397989467505e-06,5.768408708976872451e-06,5.768408708976872451e-06,5.766134541013347954e-06,5.758616811289074039e-06,5.744581873940456252e-06,5.725987988103576827e-06,5.703318437157054262e-06,5.676195269908579694e-06,5.640882828605980532e-06,5.602198394674781401e-06,5.561498367641480639e-06,5.511282040339323235e-06,5.459129968819015888e-06,5.406672982237758632e-06,5.351418702312420051e-06,5.283896232254314254e-06,5.217546165489558875e-06,5.153794799983711857e-06,5.075378808750176351e-06,5.001047209927566827e-06,4.931539836242329569e-06,4.861688600466938470e-06,4.764875765090307237e-06,4.692524914075653514e-06,4.620925801741981361e-06,4.525769409552829004e-06,4.444897262217167408e-06,4.374461273143764172e-06,4.275751665874194859e-06,4.196724209514885947e-06,4.130215509533392849e-06,4.066816996872737007e-06,3.966714350517383215e-06,3.895582799585729624e-06,3.839398628942565275e-06,3.740259572903100485e-06,3.677158828537077615e-06,3.630168248478958596e-06,3.587831188423964801e-06,3.492288017850736651e-06,3.444263041461171613e-06,3.412997730636081298e-06,3.321453997570165591e-06,3.285620279399687229e-06,3.266285250760110038e-06,3.179543963369444991e-06,3.156918172522154798e-06,3.149887857316911454e-06,3.147828773143303403e-06,3.067916208404428819e-06,3.064766423835438477e-06,3.074635704320674063e-06,3.000159932384612685e-06,3.010727187072614732e-06,3.031868762914751232e-06,3.056987879099463997e-06,2.989072837329137877e-06,3.017961062936168072e-06,3.052762844861441104e-06,2.989646931048990927e-06,3.030532084354652651e-06,3.073670029759064254e-06,3.119181989394177712e-06,3.066563400193676840e-06,3.116519458696511596e-06,3.168120485097372666e-06,3.113492820879876783e-06,3.177733173297244649e-06,3.233793254668855913e-06,3.182001875506353236e-06,3.253515953870137058e-06,3.312392456183531703e-06,3.371133381157307645e-06,3.321517286409700210e-06,3.400103420561632797e-06,3.459394502235862288e-06,3.411208330464049953e-06,3.493231737735660504e-06,3.551617127754930386e-06,3.608347999209447089e-06,3.588306834731423993e-06,3.644465406177698706e-06,3.698464993066552436e-06,3.682161322561274275e-06,3.767792736344323198e-06,3.854344459498139346e-06,3.841219879890463257e-06,3.929404792978315894e-06,4.017991456793627344e-06,4.106747402861844804e-06,4.097076778578197775e-06,4.186505149956728376e-06,4.275588927381849597e-06,4.267990084281145982e-06,4.357100519227823959e-06,4.445363543065945993e-06,4.532551714654154640e-06,4.527129297986127726e-06,4.613469966396893024e-06,4.698254541567631223e-06,4.694094843487244387e-06,4.777465735316535687e-06,4.858820611428089903e-06,4.855662609448118697e-06,4.935076669338456099e-06,5.012039743269564318e-06,5.086354708363280301e-06,5.084203725176373672e-06,5.155882264203765723e-06,5.224519680323109126e-06,5.222928295747900704e-06,5.288503923444530724e-06,5.350679105949569868e-06,5.409293605192105822e-06,5.408250103222939397e-06,5.463260543119686156e-06,5.514405978284873663e-06,5.513659689911441363e-06,5.560889304858003444e-06,5.603990879902574269e-06,5.642852300433359824e-06,5.642391751824654980e-06,5.676967417229702516e-06,5.707105479214895680e-06,5.706798188549492223e-06,5.732461667021249231e-06,5.753536887133034709e-06,5.753345131702602776e-06,5.769808248085092578e-06,5.781580552553268809e-06,5.788630197548917267e-06,5.788550816117302454e-06,5.790869862433213361e-06,5.788457957736483706e-06,5.788441164179605882e-06,5.781288672546789853e-06,5.769403417720907399e-06,5.752813699232691848e-06,5.752861497413690887e-06,5.731621066087487780e-06,5.705766987335205097e-06,5.705853875475999003e-06,5.675460874589150664e-06,5.640590634728817168e-06,5.640711463690194444e-06,5.601459211364943321e-06,5.557909219721880715e-06,5.510166575020331091e-06,5.510327584770246552e-06,5.458516325664464473e-06,5.402750504212826548e-06,5.402939282019898030e-06
4.768961450576184125e-06,4.822155214952645812e-06,4.822002614657864350e-06,4.871792097195488548e-06,4.918051661774719481e-06,4.917923055921906688e-06,4.960550796601319927e-06,4.999436280970093538e-06,5.034485785378434238e-06,5.034392821356537906e-06,5.065531353698062459e-06,5.092673963914112090e-06,5.092612046121034261e-06,5.115704277520988101e-06,5.134679215660698228e-06,5.134654086032918919e-06,5.149479767770387874e-06,5.160107629423471140e-06,5.166512631795064274e-06,5.166550275081834337e-06,5.168727574956747036e-06,5.166684452832951815e-06,5.166784586781689451e-06,5.160524601342579680e-06,5.150052718163137535e-06,5.135397821168668430e-06,5.135612551193699398e-06,5.116850245607161599e-06,5.093998145843930478e-06,5.094332456024102825e-06,5.067499600815284041e-06,5.036713674924781083e-06,5.037208020782324398e-06,5.002615082339847028e-06,4.964248292926425449e-06,4.922208910175370964e-06,4.923003714811089789e-06,4.877497068226925472e-06,4.828556860130791653e-06,4.829665547641082142e-06,4.777546020674464454e-06,4.722270031712647682e-06,4.663982741046908382e-06,4.665671590624946552e-06,4.604706161611205364e-06,4.541057643963129195e-06,4.543339984245055492e-06,4.477409760483179296e-06,4.409156571008942311e-06,4.338759927723955541e-06,4.342111141631843352e-06,4.270082276631810844e-06,4.196310411866326374e-06,4.200725163074506903e-06,4.125818419622963468e-06,4.049593861925420569e-06,4.055349191650665495e-06,3.978527087508402521e-06,3.900834045294329264e-06,3.822479464889399287e-06,3.830544478591652288e-06,3.752423771383652351e-06,3.674111379092186820e-06,3.684373521687558048e-06,3.606916291087663728e-06,3.529749853883582162e-06,3.453090219934133993e-06,3.467011592309084148e-06,3.392132732446006296e-06,3.346126312992541960e-06,3.391538654417635400e-06,3.316630613406149460e-06,3.268077679937138747e-06,3.314281355411962938e-06,3.240643012324123623e-06,3.190693801862412170e-06,3.139699632321253470e-06,3.167173253009100732e-06,3.117123513977620692e-06,3.066615750081816774e-06,3.115937823591724279e-06,3.050790095805479460e-06,3.002236498657750171e-06,2.954161820661617027e-06,2.995306656212138493e-06,2.950246915946479880e-06,2.906353302699374394e-06,2.962010823811315003e-06,2.914365858221942987e-06,2.876224764236107184e-06,2.935920311473231601e-06,2.898205107345835553e-06,2.867332867805006519e-06,2.839307338751080006e-06,2.905109500788913449e-06,2.882901818642351661e-06,2.864151538545885419e-06,2.934960904509226799e-06,2.925646067031435427e-06,2.917291859504512530e-06,2.913157885227768349e-06,2.997590270530922756e-06,3.000464305941562156e-06,3.007920028784290517e-06,3.091699259950204038e-06,3.114477229711870927e-06,3.133851166947477782e-06,3.158113208673444918e-06,3.259066021560289152e-06,3.290256840990241868e-06,3.326302859186547276e-06,3.432782406382816015e-06,3.475223366827145508e-06,3.522297431275532439e-06,3.621965246120679894e-06,3.685572688327156679e-06,3.742435034477609458e-06,3.803345946901130492e-06,3.916876212295577476e-06,3.981819936201567626e-06,4.050139752413519555e-06,4.153501222478076097e-06,4.234427100817514810e-06,4.307866001278242376e-06,4.383514962529956648e-06,4.493274218651607307e-06,4.569216998908802247e-06,4.646367419220035200e-06,4.743049286173876814e-06,4.826264341608995503e-06,4.902008304122659987e-06,4.991980352472879545e-06,5.070769094667969890e-06,5.142143437198656530e-06,5.212153660907773552e-06,5.294529278201329135e-06,5.358651914934892173e-06,5.420382549800479941e-06,5.486074059359229958e-06,5.543956436538635592e-06,5.594857995505005052e-06,5.642134933684179990e-06,5.691384866255975258e-06,5.729313189659723281e-06,5.762937727691089602e-06,5.794237346856714630e-06,5.818831323187211541e-06,5.837398574921020767e-06,5.851090201406531034e-06,5.860099919338085831e-06,5.862827883051954923e-06,5.862827883051954923e-06,5.860597439988838098e-06,5.851587722057283301e-06,5.838415480772018981e-06,5.820411413740970024e-06,5.796180355860156534e-06,5.765146870546519269e-06,5.732239501450094646e-06,5.695138919897296886e-06,5.645888987325502465e-06,5.599573026793847661e-06,5.549788518983998027e-06,5.492738505870828822e-06,5.427510703930302734e-06,5.367278117290113418e-06,5.304878335839671908e-06,5.222502718546116326e-06,5.154462695712592132e-06,5.085327951335475553e-06,5.008288886668545845e-06,4.919097502648291582e-06,4.846195030718589978e-06,4.765234953634708656e-06,4.669469963854666753e-06,4.595839539617906796e-06,4.523780981711814446e-06,4.414021725590162939e-06,4.342635368784812567e-06,4.273849456265481616e-06,4.196768799984945366e-06,4.094615122906106032e-06,4.031755457244159553e-06,3.972683445055209685e-06,3.859153179660763548e-06,3.804527168359510468e-06,3.754361663733502958e-06,3.696538906912306988e-06,3.598191018495138134e-06,3.558622237214529934e-06,3.524077231397551475e-06,3.417597684201281888e-06,3.389825453372826247e-06,3.367270671016545466e-06,3.266317858129701232e-06,3.251035900300408364e-06,3.240965422658011728e-06,3.226804527437702766e-06,3.144012093258019387e-06,3.146435593737824041e-06,3.153689190350552994e-06,3.069256805047399011e-06,3.083738221046021268e-06,3.102629662230124427e-06,3.122276452460638828e-06,3.051830966618816902e-06,3.081403558290660878e-06,3.114527229783376288e-06,3.048725067745549621e-06,3.087727027274197685e-06,3.129602705427652573e-06,3.178833326702378287e-06,3.118619411364832645e-06,3.167718024215854406e-06,3.227168468504570499e-06,3.170590784003289243e-06,3.225265499845371657e-06,3.280970967621161703e-06,3.239826132085759351e-06,3.298381014132475951e-06,3.357220308599948137e-06,3.434407557011658018e-06,3.383109470083543813e-06,3.443432285032197464e-06,3.503023872047122508e-06,3.475550251904976222e-06,3.535789923171086326e-06,3.594666817466127612e-06,3.679901165383788518e-06,3.630691607180306601e-06,3.687479112804473662e-06,3.773636015979746127e-06,3.724837646683437723e-06,3.778320748465284284e-06,3.864017134916473006e-06,3.850095782535548377e-06,3.937539540750213546e-06,4.025437768518542799e-06,4.113555155306662294e-06,4.103293072287983180e-06,4.192174382729015739e-06,4.280752874246385470e-06,4.272687982912600502e-06,4.361369159780870261e-06,4.449237361486287549e-06,4.536062888584634550e-06,4.530307844453379183e-06,4.616343840530345073e-06,4.700849735668485656e-06,4.696435485829787693e-06,4.779574188127313196e-06,4.860717567549702982e-06,4.857367187253305995e-06,4.936606505516472912e-06,5.013411083160332122e-06,5.087582493565314153e-06,5.085301678201791823e-06,5.156862969997884802e-06,5.225394664506923912e-06,5.223708099479346434e-06,5.289198174828774783e-06,5.351296587959631917e-06,5.409842320089188817e-06,5.408737333490739753e-06,5.463692908949078386e-06,5.514789491664644107e-06,5.513999805397405085e-06,5.561190967107066828e-06,5.604258568070166851e-06,5.643090069542441270e-06,5.642603271222253494e-06,5.677156006252879476e-06,5.707274140192380851e-06,5.706949637268004513e-06,5.732598360787039246e-06,5.753661050559449614e-06,5.753458780353765036e-06,5.769913210104101064e-06,5.781678488400913349e-06,5.788722617975817888e-06,5.788639098488724559e-06,5.790955265521721419e-06,5.788541635093154228e-06,5.788524176189798235e-06,5.781371997271551343e-06,5.769487960620058545e-06,5.752900301860508968e-06,5.752950945172991287e-06,5.731714095122817762e-06,5.705864290640820796e-06,5.705956108289396117e-06,5.675568659136116764e-06,5.640704564381362275e-06,5.640832106594227127e-06,5.601587113590330319e-06,5.558044907983417465e-06,5.510310559014295663e-06,5.510480359167563042e-06,5.458678371798025666e-06,5.402922291493307802e-06,5.403121269111341590e-06,5.343552735545987415e-06
4.712648529542754738e-06,4.769120123481777989e-06,4.822305195337175733e-06,4.822144284456366193e-06,4.871925848893058657e-06,4.918177899558713268e-06,4.918042197059956208e-06,4.960663273075185046e-06,4.999542541398377594e-06,5.034586297264439233e-06,5.034488073701018095e-06,5.065621860020322369e-06,5.092760265728816726e-06,5.092694716922273466e-06,5.115783927329478914e-06,5.134756496194637269e-06,5.134729696567758863e-06,5.149554461757807007e-06,5.160182221944953282e-06,5.166588007930795208e-06,5.166627399281027510e-06,5.168807501500985644e-06,5.166768337489637604e-06,5.166873699750195080e-06,5.160620341601083560e-06,5.150156629329399627e-06,5.135511608993047844e-06,5.135738102807447027e-06,5.116989650653329036e-06,5.094153719622141262e-06,5.094506764783560179e-06,5.067695489332954077e-06,5.036934296507248968e-06,5.037456869830464747e-06,5.002896029614871261e-06,4.964565623654044321e-06,4.922567365121418980e-06,4.923408534457016615e-06,4.877954040166721355e-06,4.829072369802093714e-06,4.830246632492217307e-06,4.778200427855837231e-06,4.723006279364939850e-06,4.664810183239960187e-06,4.666600485979693861e-06,4.605747745612500203e-06,4.542224204943566356e-06,4.544644942988918851e-06,4.478867753365233651e-06,4.410783536544880806e-06,4.340573196367960604e-06,4.344129528611728053e-06,4.272326177563807295e-06,4.198801900839656185e-06,4.203488092840690440e-06,4.128878523466379405e-06,4.052978856730336741e-06,4.059088881615922155e-06,3.982653467894583552e-06,3.905381405519987712e-06,3.827484490223150460e-06,3.836046349616280512e-06,3.758464260337420704e-06,3.680734942121885168e-06,3.691627385978355738e-06,3.614850535767252749e-06,3.538417483533325267e-06,3.462547229478932757e-06,3.508716829690279257e-06,3.462893630992161766e-06,3.386445321753369593e-06,3.433151983356750373e-06,3.384335042999969190e-06,3.308589102425005168e-06,3.356222224168102463e-06,3.305560433262424462e-06,3.231919935142233270e-06,3.180726922836071844e-06,3.229752047270456124e-06,3.177873541769530856e-06,3.109244910118618796e-06,3.160397339620442779e-06,3.110074425230793568e-06,3.047298845456254266e-06,2.999653594880626126e-06,3.054023949970032141e-06,3.007832358001772084e-06,2.955571744570637324e-06,3.013582634422465877e-06,2.972880986281488748e-06,2.930235344952950828e-06,2.992532062523950638e-06,2.958915304194300240e-06,2.927243294400997927e-06,2.900948123242653565e-06,2.969362071295114805e-06,2.947720993541632237e-06,2.933207104111390413e-06,3.007150899143934677e-06,2.995949506288941776e-06,2.994782989603828318e-06,2.993329622028124759e-06,3.074692209342845458e-06,3.079502675890723730e-06,3.097723611838409090e-06,3.184962065326057213e-06,3.201967097495688315e-06,3.233870617209606032e-06,3.261462534661599929e-06,3.355849245975937741e-06,3.400774968190028824e-06,3.440239823402770354e-06,3.539358355365841754e-06,3.585018334706345640e-06,3.646608839663067911e-06,3.749385305292659625e-06,3.805305141683194887e-06,3.876484073822559835e-06,3.940495528574719145e-06,4.045984490815969872e-06,4.114047290935073697e-06,4.195524554781271665e-06,4.300944261815448064e-06,4.374566104630012391e-06,4.459787418221611716e-06,4.537332368330703103e-06,4.639552079277719162e-06,4.717431211637425078e-06,4.803827309565648101e-06,4.900839952607418153e-06,4.977569787508483391e-06,5.060508041890657609e-06,5.149909695087785371e-06,5.222417837819972339e-06,5.298828729217506537e-06,5.367757881975343702e-06,5.443538278476448197e-06,5.506461263601190433e-06,5.570158168696192819e-06,5.633038666999323092e-06,5.685004041133896784e-06,5.735821482372630118e-06,5.779681960183410273e-06,5.822717897291670903e-06,5.857110474343616585e-06,5.887985152729394180e-06,5.914460239663922373e-06,5.933463642711268876e-06,5.947593026740606997e-06,5.956056756571893640e-06,5.959557149769691180e-06,5.959557149769691180e-06,5.956311644193571948e-06,5.948369014671864969e-06,5.934543519932702384e-06,5.916138839100737581e-06,5.889928161732837779e-06,5.859458522727392580e-06,5.825829983010561873e-06,5.783111164093431971e-06,5.740171455372312497e-06,5.690024392371038670e-06,5.639251892271550216e-06,5.576822615207790835e-06,5.514059124046386723e-06,5.452736958881003976e-06,5.377525200854914281e-06,5.310501967958575601e-06,5.235563242972320733e-06,5.165448102383972659e-06,5.076816576086323908e-06,4.995811122071465009e-06,4.922115462160859426e-06,4.826012977026479097e-06,4.742092106565311315e-06,4.667967902337072376e-06,4.566792937297152868e-06,4.493451290390313166e-06,4.411664008477617665e-06,4.342995507748339711e-06,4.238792132288141781e-06,4.161473355627957935e-06,4.099213384209404250e-06,3.995021606514028400e-06,3.937271743215553018e-06,3.871435139407780711e-06,3.822611638730443641e-06,3.721182500454695005e-06,3.665765031299625209e-06,3.628040662118549190e-06,3.530245583826928159e-06,3.499088694940984096e-06,3.461598076883699557e-06,3.368459468489953031e-06,3.349908006536320435e-06,3.326262895559636787e-06,3.319033814093138850e-06,3.232828879325907819e-06,3.223652304627077057e-06,3.229194141383280039e-06,3.148654433452524183e-06,3.160580339481203449e-06,3.171860081702255963e-06,3.194054357444934092e-06,3.120522652062802019e-06,3.145765370528377853e-06,3.178661024696524740e-06,3.110329152857285408e-06,3.147778113734143650e-06,3.190924234615216806e-06,3.235925778030885709e-06,3.173148360182208475e-06,3.227632412031547390e-06,3.279629948926063361e-06,3.220729389265017679e-06,3.285079624274358093e-06,3.342341949842748422e-06,3.286655741967439190e-06,3.344993389011101004e-06,3.420018387580986854e-06,3.480835733118177308e-06,3.427714643621275467e-06,3.508555837687993570e-06,3.570401053720213537e-06,3.518975141300800489e-06,3.579620479710847266e-06,3.665213147828519788e-06,3.724867342390829070e-06,3.674208914378881491e-06,3.761606297087850432e-06,3.818665491136955735e-06,3.768542689335914376e-06,3.856249830766245641e-06,3.909502367107149050e-06,3.859552788307025425e-06,3.946207165761771521e-06,4.033372007598822640e-06,4.120809012965408000e-06,4.109916627622335110e-06,4.198214862955403837e-06,4.286254735630234613e-06,4.277692997929038062e-06,4.365916509404359609e-06,4.453363731574585902e-06,4.539802569391937003e-06,4.533692832378020366e-06,4.619403941273308714e-06,4.703612668049543758e-06,4.698926985577726417e-06,4.781818111028857410e-06,4.862735991408004602e-06,4.859180512170758907e-06,4.938233552077843337e-06,5.014869188150511486e-06,5.088887602911113762e-06,5.086468436879038705e-06,5.157904808693431001e-06,5.226323882870098782e-06,5.224535945838729448e-06,5.289934922288022756e-06,5.351951606820508706e-06,5.410424146580918100e-06,5.409253734812575772e-06,5.464150944657527172e-06,5.515195571458292544e-06,5.514359743371041367e-06,5.561510032562665351e-06,5.604541532985830065e-06,5.643341252811385529e-06,5.642826579782864653e-06,5.677354973237768170e-06,5.707451960229405533e-06,5.707109199069692152e-06,5.732742277166763127e-06,5.753791686013375910e-06,5.753578276347026679e-06,5.770023508198159931e-06,5.781781351356624660e-06,5.788819648963602969e-06,5.788731758533454103e-06,5.791044889305669422e-06,5.788629445235674131e-06,5.788611296117410883e-06,5.781459462786898006e-06,5.769576730272794447e-06,5.752991266217792599e-06,5.753044935081694494e-06,5.731811889050174998e-06,5.705966621174807296e-06,5.706063667874862119e-06,5.675682105117571056e-06,5.640824523418289829e-06,5.640959178510053394e-06,5.601721874711540311e-06,5.558187914020944994e-06,5.510462347535138378e-06,5.510641451700633394e-06,5.458849275614528609e-06,5.403103501098438658e-06,5.403313267480849124e-06,5.343755995138057177e-06,5.280517475597234101e-06
4.653209281207773662e-06,4.712825568240606914e-06,4.769287574440825003e-06,4.822463450195176051e-06,4.822293745139058296e-06,4.872066928616446654e-06,4.918311024042073141e-06,4.918167805978655705e-06,4.960781821785464687e-06,4.999654502969510614e-06,5.034692164857169604e-06,5.034588363334928127e-06,5.065717113776759895e-06,5.092851055440249598e-06,5.092781648403400390e-06,5.115867645210163125e-06,5.134837689419634709e-06,5.134809104633409906e-06,5.149632881761186110e-06,5.160260516526537582e-06,5.166667114197356077e-06,5.166708338801288490e-06,5.168891391472424554e-06,5.166856403180724604e-06,5.166967288328194522e-06,5.160720937461342869e-06,5.150265871047584641e-06,5.135631308027170352e-06,5.135870264081449790e-06,5.117136495158593822e-06,5.094317709177169911e-06,5.094690629095404180e-06,5.067902255506390633e-06,5.037167321149175383e-06,5.037719873897351414e-06,5.003193136150162315e-06,4.964901398560003853e-06,4.922946861105917621e-06,4.923837338289853724e-06,4.878438323372242981e-06,4.829618942904780045e-06,4.830863002919432273e-06,4.778894861586837122e-06,4.723787866397398441e-06,4.665688906924408831e-06,4.667587296248253155e-06,4.606854636101057037e-06,4.543464293975685986e-06,4.546032558355532675e-06,4.480418520796055717e-06,4.412514471725762581e-06,4.342502800312795212e-06,4.346277886148176384e-06,4.274715058638986526e-06,4.201454864295147876e-06,4.206430592245957282e-06,4.132138014536037856e-06,4.056584905784085724e-06,4.063073274470484812e-06,3.987050318505317727e-06,3.910227263616128126e-06,3.832818447105736463e-06,3.841910141212095202e-06,3.764902366526517007e-06,3.687794681281333685e-06,3.699359003611345755e-06,3.623307286015775207e-06,3.580849601477880234e-06,3.535762725304628077e-06,3.551436145992239946e-06,3.505058234152105962e-06,3.456439540543241959e-06,3.475880011721476466e-06,3.426606486323938395e-06,3.375562394329381978e-06,3.399412788626619542e-06,3.348444563436049988e-06,3.296253537110298948e-06,3.243101636765846879e-06,3.273890677540444359e-06,3.221983528040354545e-06,3.169763471649686414e-06,3.206566341809553977e-06,3.156496366098071091e-06,3.106812558922611659e-06,3.057842858162178442e-06,3.103707578440238379e-06,3.058227896674632282e-06,3.014206804926704433e-06,3.067575309772722085e-06,3.027975841757180950e-06,2.990578827154598510e-06,3.051946274404976926e-06,3.019846806486030086e-06,2.990665108171701699e-06,2.964728697840162647e-06,3.037272724402725911e-06,3.017739016099041021e-06,3.002078338752642142e-06,3.083132358426125789e-06,3.074443228467638264e-06,3.070150619431952890e-06,3.070490654673002674e-06,3.162592946430839118e-06,3.170417156908274425e-06,3.183201611829930389e-06,3.282992046179753840e-06,3.303269999367984472e-06,3.328662104582016837e-06,3.369943672514128397e-06,3.467876219925863866e-06,3.505551662960625294e-06,3.548288423602572054e-06,3.662076873257513599e-06,3.711193594133672799e-06,3.765039431536988340e-06,3.882342499392012123e-06,3.941534320864806516e-06,4.004915987132739432e-06,4.072265191220187486e-06,4.191192392744158393e-06,4.262046414070511297e-06,4.336058008706586425e-06,4.453582212766353347e-06,4.529415805194960560e-06,4.607440396800745697e-06,4.687267667193397657e-06,4.799092976329552850e-06,4.878181127896088843e-06,4.957949545395363686e-06,5.062524882290391343e-06,5.139550462708030575e-06,5.216088803739546222e-06,5.310886550021030945e-06,5.382688100418288344e-06,5.452848191006076320e-06,5.520935898381063539e-06,5.599002703020838123e-06,5.659814013140900027e-06,5.717514900253223196e-06,5.780581060270002431e-06,5.829403796511760624e-06,5.874235325387707884e-06,5.914784597116129515e-06,5.955249607182112318e-06,5.985253296982544761e-06,6.010395974286809684e-06,6.032531951364218043e-06,6.046383854338229911e-06,6.055058727319521738e-06,6.058226918571276603e-06,6.058497552259662299e-06,6.055329361007907434e-06,6.047207923798233195e-06,6.033945996759638136e-06,6.011810019682228930e-06,5.987318330804179478e-06,5.958051267473063780e-06,5.917586257407080130e-06,5.877884060862688941e-06,5.834035056009381386e-06,5.786355453605611051e-06,5.723289293588832663e-06,5.666917406734746598e-06,5.607646211829634385e-06,5.529579407189859801e-06,5.463268028351347914e-06,5.395145249244368527e-06,5.325666222794019878e-06,5.230868476512536001e-06,5.156961322363150143e-06,5.082898003058942192e-06,4.978322666163915383e-06,4.901868682157007856e-06,4.826466641471779442e-06,4.714641332335624250e-06,4.638889484087888282e-06,4.565345120449525812e-06,4.494409666032388662e-06,4.376885461972621740e-06,4.308200402018085927e-06,4.243108983253980452e-06,4.124181781730010393e-06,4.063035940114796927e-06,4.006299982852239886e-06,3.954194611796439898e-06,3.836891543941416962e-06,3.790568056282886905e-06,3.749401501529106213e-06,3.635613051874163821e-06,3.601242986570172822e-06,3.572336352337198972e-06,3.475692503421889367e-06,3.442275727200780896e-06,3.426401491282077151e-06,3.415982790344216855e-06,3.316192355994392980e-06,3.313583049455818232e-06,3.316222131834152573e-06,3.224119840076316130e-06,3.234501470153449492e-06,3.249742583600483237e-06,3.269574031741318503e-06,3.188520012067836126e-06,3.215482579940771095e-06,3.246442572081090922e-06,3.173898545518529775e-06,3.211349793940588752e-06,3.252098658906180159e-06,3.295781275909779250e-06,3.234413828659518996e-06,3.283373764583789819e-06,3.334480096105231365e-06,3.281111591260472827e-06,3.336548268882700571e-06,3.393317863655861718e-06,3.347453143387501579e-06,3.407553710957697168e-06,3.468177166612648410e-06,3.528964762211517129e-06,3.492161892149220562e-06,3.554848233128922002e-06,3.616942651090275788e-06,3.586153610743111038e-06,3.649187812312996017e-06,3.710932035371862466e-06,3.771102096563774296e-06,3.747251704592653529e-06,3.807125946704275956e-06,3.864839571949520026e-06,3.845399107745283008e-06,3.902051469396155945e-06,3.956042212612087319e-06,3.940368810386286560e-06,3.992635254701327067e-06,4.041828752192183413e-06,4.128540623846030933e-06,4.116976358880173674e-06,4.204652960100515062e-06,4.292118517131584976e-06,4.283026943875370772e-06,4.370762356085805252e-06,4.457760570854623022e-06,4.543786951812607208e-06,4.537298873016264084e-06,4.622663427441866820e-06,4.706555168011502675e-06,4.701579957518579028e-06,4.784207011603510121e-06,4.864884383251750469e-06,4.861110169832539229e-06,4.939964565900695265e-06,5.016420065687566495e-06,5.090275367525740962e-06,5.087708723234407892e-06,5.159011954889802207e-06,5.227311019037477149e-06,5.225415079038028541e-06,5.290717017615641561e-06,5.352646664649259309e-06,5.411041275904548455e-06,5.409801222691954610e-06,5.464636321793858010e-06,5.515625673942794712e-06,5.514740770681400937e-06,5.561847601894530356e-06,5.604840730022748176e-06,5.643606679049177713e-06,5.643062396534567348e-06,5.677564942453258083e-06,5.707639482269760579e-06,5.707277347580466240e-06,5.732893831196852951e-06,5.753929159527174335e-06,5.753703945277298981e-06,5.770139435185698461e-06,5.781889408320375155e-06,5.788921537641745462e-06,5.788829029132072461e-06,5.791138957387146668e-06,5.788721606974053980e-06,5.788702742042682990e-06,5.781551290134623989e-06,5.769669954049780192e-06,5.753086829088676302e-06,5.753143716175487225e-06,5.731914711779890150e-06,5.706074260157589317e-06,5.706176855034325269e-06,5.675801535044522697e-06,5.640950858060680705e-06,5.641093051257806727e-06,5.601863893936965707e-06,5.558338666130734532e-06,5.510622399585433447e-06,5.510811353622397086e-06,5.459029562092468085e-06,5.403294693142955149e-06,5.403515873728923837e-06,5.343970512915775354e-06,5.280744391773494278e-06,5.213985260160144147e-06
4.653620148889125016e-06,4.653406724164940639e-06,4.713012466471897864e-06,4.769464329745165715e-06,4.822630474546064782e-06,4.822451461542876114e-06,4.872215772166168969e-06,4.918451443194508139e-06,4.918300264086411012e-06,4.960906798918102084e-06,4.999772498061832503e-06,5.034803698226398487e-06,5.034693979612548520e-06,5.065817385305074711e-06,5.092946586188311714e-06,5.092873078461748091e-06,5.115955655928905022e-06,5.134923009259737242e-06,5.134892515806599633e-06,5.149715227739645557e-06,5.160342710509521328e-06,5.166750148627966749e-06,5.166793296032868747e-06,5.168979455690300183e-06,5.166948873691368802e-06,5.167065594334102369e-06,5.160826654446056142e-06,5.150380738901246513e-06,5.135757251048607898e-06,5.136009412998027034e-06,5.117291211309793510e-06,5.094490611011942343e-06,5.094884621136650270e-06,5.068120559938283336e-06,5.037413512184378038e-06,5.037997915081182220e-06,5.003507420757425179e-06,4.965256793237163289e-06,4.923348752906488489e-06,4.924291685244043562e-06,4.878951708722828217e-06,4.830198633129671802e-06,4.831517009647276748e-06,4.779632007494965932e-06,4.724617855161389970e-06,4.666622397265200259e-06,4.668635980095991852e-06,4.608031320864451201e-06,4.544782988871549259e-06,4.547508564715120503e-06,4.482068526222792752e-06,4.414356647932899645e-06,4.344556904419353551e-06,4.348565365157303974e-06,4.277259156764682044e-06,4.204280732741116255e-06,4.209565400974608137e-06,4.135611065496331301e-06,4.060427746994466416e-06,4.067319814277953108e-06,3.991736939264094386e-06,3.915392933950061285e-06,3.838504831838049338e-06,3.848161707965086431e-06,3.771766487913124936e-06,3.695321731530947526e-06,3.744428021180394295e-06,3.702758906814237684e-06,3.624274283388001401e-06,3.578582371913616121e-06,3.627630899164841258e-06,3.548303799404693171e-06,3.499158428435035555e-06,3.548897857759921303e-06,3.470080481483499382e-06,3.418640511037990982e-06,3.469510216219283052e-06,3.416441054105409092e-06,3.340291251282794384e-06,3.286995592734597936e-06,3.339565977686163077e-06,3.267722968288818284e-06,3.215626888190021138e-06,3.270656661425311016e-06,3.218976171427611530e-06,3.155577343878655639e-06,3.107177294196238567e-06,3.165905623140138857e-06,3.110939830315575255e-06,3.067877994477349542e-06,3.130686286356433540e-06,3.085765415360189082e-06,3.049749835551214988e-06,3.117303221946283112e-06,3.085157611912174217e-06,3.056527411928735091e-06,3.032584305538822765e-06,3.106840839770670457e-06,3.091457913040572954e-06,3.078223905525721397e-06,3.158422125514274162e-06,3.151147358414534372e-06,3.155624959141531925e-06,3.158945326785102808e-06,3.246986438490439418e-06,3.266072398168555731e-06,3.282145265102981916e-06,3.376233767605808715e-06,3.409697444842585374e-06,3.438584818989018729e-06,3.472738453991702634e-06,3.573951969181508301e-06,3.626585551374493521e-06,3.672930224431908843e-06,3.778588864186054139e-06,3.843052602587115283e-06,3.900380862046319355e-06,4.009156772052603266e-06,4.071772282499757655e-06,4.150037568549352518e-06,4.220463297263304245e-06,4.330837688844017111e-06,4.415534545622253872e-06,4.492087375310705442e-06,4.601204619945657243e-06,4.679632054264603427e-06,4.769233788119973926e-06,4.850640886924315454e-06,4.954591552674105900e-06,5.043241351622271932e-06,5.123686522219033177e-06,5.220670956128676946e-06,5.305026909476675542e-06,5.381231670718995594e-06,5.468683973903006615e-06,5.540073720354209774e-06,5.614231940602540907e-06,5.680541263759554288e-06,5.751696818445016312e-06,5.814200642111824188e-06,5.869040269304722128e-06,5.925305332423472545e-06,5.971124764470878253e-06,6.014579906039124172e-06,6.050927226488804326e-06,6.084931963153966847e-06,6.111602144462628440e-06,6.131696549855634742e-06,6.147628830531110824e-06,6.156354356936632158e-06,6.159308553053238192e-06,6.159308553053238192e-06,6.156915321722673547e-06,6.148504282925714421e-06,6.132843719955949368e-06,6.113386068899973839e-06,6.087127538583799111e-06,6.053423889634559050e-06,6.017890895676520259e-06,5.975008696483165977e-06,5.930238171448724245e-06,5.874387992697867577e-06,5.820822799463877211e-06,5.759271427770200146e-06,5.688643352559487046e-06,5.624045446912085676e-06,5.551194665443842638e-06,5.481983639116922558e-06,5.395264830881886173e-06,5.321618039916586114e-06,5.239266823030123456e-06,5.143166077694714215e-06,5.065962048296616373e-06,4.979893368307918540e-06,4.876976151245022544e-06,4.799575915820772967e-06,4.713217330388594162e-06,4.639566696650007061e-06,4.531684708811501784e-06,4.460406295203949615e-06,4.380088300887637287e-06,4.271053445042753210e-06,4.206795929803350670e-06,4.133743235134902853e-06,4.078182146579424332e-06,3.970832437598466882e-06,3.921024588584844977e-06,3.863096446517556124e-06,3.758863178567452112e-06,3.720909377364869872e-06,3.675712356919061823e-06,3.575869137629136789e-06,3.550921270645547986e-06,3.531618484665185477e-06,3.506917137663639358e-06,3.414006783714094501e-06,3.408204721859911565e-06,3.398716197313571125e-06,3.311650812081827478e-06,3.319175837331520476e-06,3.325067942844554219e-06,3.343785109139589917e-06,3.264152594246811639e-06,3.288850442847321767e-06,3.315604600682873542e-06,3.241576329935276434e-06,3.277217851213269979e-06,3.317760891140205903e-06,3.361895291395193299e-06,3.293984907389611993e-06,3.341772039707668741e-06,3.399202287297547781e-06,3.335606287076679695e-06,3.390303547576240557e-06,3.458023099469132384e-06,3.398054645402099913e-06,3.457812011913184322e-06,3.534083254373006837e-06,3.596943783654362524e-06,3.539975356528114409e-06,3.602765582200043270e-06,3.687426071291622294e-06,3.632451640870560418e-06,3.695853053559546055e-06,3.784634856281036176e-06,3.847342137456678934e-06,3.793392302257438507e-06,3.853872158237344215e-06,3.944838231927700336e-06,3.891593711048991423e-06,3.948969288400951716e-06,4.040000041794315213e-06,3.987049629431055532e-06,4.040101820061656280e-06,4.129759549358935666e-06,4.178042801364619095e-06,4.124503401041996757e-06,4.211517072146635301e-06,4.298370073354862305e-06,4.288713317067045241e-06,4.375928014200469913e-06,4.462447179247971413e-06,4.548033479894731400e-06,4.541141704242691144e-06,4.626136471645137041e-06,4.709689975156936296e-06,4.704405832048286164e-06,4.786751126611899579e-06,4.867171893813214486e-06,4.863164324877078954e-06,4.941806818105570603e-06,5.018070178922210825e-06,5.091751521452916889e-06,5.089027614732545760e-06,5.160188896019663563e-06,5.228360031330375202e-06,5.226348983933035340e-06,5.291547522919164880e-06,5.353384446932447722e-06,5.411696058791990305e-06,5.410381851029305887e-06,5.465150831712443477e-06,5.516081358866048772e-06,5.515144243341395376e-06,5.562204852446979394e-06,5.605157180365959976e-06,5.643887233466676228e-06,5.643311488792680528e-06,5.677786579494158809e-06,5.707837284647372826e-06,5.707454586791583838e-06,5.733053464062926892e-06,5.754073859783698424e-06,5.753836132527806627e-06,5.770261301376153524e-06,5.782002941887468872e-06,5.789028545485386798e-06,5.788931156558355338e-06,5.791237706163432372e-06,5.788818351632653704e-06,5.788798744564010498e-06,5.781647713134869260e-06,5.769767872592013918e-06,5.753187241230093978e-06,5.753247552357238631e-06,5.732022843159664322e-06,5.706187505978916387e-06,5.706295989120457891e-06,5.675927291498838187e-06,5.641083936249730979e-06,5.641234120147628082e-06,5.602013595847902194e-06,5.558497619970913378e-06,5.510791203618235152e-06,5.510990587818648975e-06,5.459219790113759248e-06,5.403496463998424416e-06,5.403729723144086196e-06,5.344196964448355724e-06,5.280983957707985777e-06,5.214238442209716348e-06,5.214514362122215008e-06
4.591238827366053444e-06,4.653840224064629070e-06,4.653615232051498748e-06,4.713209819323404142e-06,4.769650950029306912e-06,4.822806795665288468e-06,4.822617928735282219e-06,4.872372843613444120e-06,4.918599591367067349e-06,4.918439977359147751e-06,4.961038583493676538e-06,4.999896880242236907e-06,5.034921227077584711e-06,5.034805230071266995e-06,5.065922961781719749e-06,5.093047126724440431e-06,5.092969259506228145e-06,5.116048197802017428e-06,5.135012682380392348e-06,5.134980147763745942e-06,5.149801711295197947e-06,5.160429012626506612e-06,5.166837320624186290e-06,5.166882484967010101e-06,5.169071917094228043e-06,5.167045985769013678e-06,5.167168873754095970e-06,5.160937773861776949e-06,5.150501546338220639e-06,5.135889791305192909e-06,5.136155951210780799e-06,5.117454258839862399e-06,5.094672953812987454e-06,5.095089350768162583e-06,5.068351107390429068e-06,5.037673684681586132e-06,5.038291936031370793e-06,5.003839973011876573e-06,4.965633065822320262e-06,4.923774491383240146e-06,4.924773245842140576e-06,4.879496116387583143e-06,4.830813643605107656e-06,4.832211175703767135e-06,4.780414749390317055e-06,4.725499535401787977e-06,4.667614399706333397e-06,4.669750793394853164e-06,4.609282626258482627e-06,4.546185752223945105e-06,4.549079132722951405e-06,4.483824726638220978e-06,4.416317893596892229e-06,4.346744300852146914e-06,4.351001821390303543e-06,4.279969499034631046e-06,4.207291820599492559e-06,4.212906245293315261e-06,4.139312947775362917e-06,4.064524339298488580e-06,4.071847299047279128e-06,3.996734128161749750e-06,3.920901384821181457e-06,3.844568962771457559e-06,3.854828907360314966e-06,3.817741607232621232e-06,3.777475103103254420e-06,3.790519890822773826e-06,3.748237261204878551e-06,3.703081862789938077e-06,3.622454215765202873e-06,3.672867275782821921e-06,3.623772625124197102e-06,3.543037597498119442e-06,3.594277464758102145e-06,3.542392442231046940e-06,3.488751767538865003e-06,3.515559281174752480e-06,3.462221765145457725e-06,3.407738746352402285e-06,3.332442133108035144e-06,3.386924659676229504e-06,3.333178597617769807e-06,3.279293899602929156e-06,3.320468605088897116e-06,3.269160665277621305e-06,3.218479826863232091e-06,3.158722488255695719e-06,3.219918917037775326e-06,3.174245048931813714e-06,3.124132362615977343e-06,3.189679890313806897e-06,3.150802765990020733e-06,3.114511869297225725e-06,3.182483767213219904e-06,3.152105352295767601e-06,3.125065658393494757e-06,3.104039145094218296e-06,3.181636758492567333e-06,3.165303999620194773e-06,3.153293786229920804e-06,3.242194965502817718e-06,3.237734943983087779e-06,3.238109575802803927e-06,3.252096415171281473e-06,3.343881281017600118e-06,3.357273351415715325e-06,3.386210381155013532e-06,3.484087634072802117e-06,3.510652991362476266e-06,3.542645044202109787e-06,3.591824976331147143e-06,3.696726645340840653e-06,3.741378754395410321e-06,3.803381630245030477e-06,3.912497672857066311e-06,3.968644678400842324e-06,4.029564315330804239e-06,4.153478412820932642e-06,4.219390034732640145e-06,4.289392093409568355e-06,4.374430148420776835e-06,4.487171285184736954e-06,4.563798018818785716e-06,4.643273755509728184e-06,4.764332671231571920e-06,4.844703495329543293e-06,4.926812503678614134e-06,5.018739492711492869e-06,5.123192408214791374e-06,5.204645308972742518e-06,5.293373674353124659e-06,5.389872025077378480e-06,5.467269538717210303e-06,5.543465277896744134e-06,5.635287047919698408e-06,5.705285011890393600e-06,5.772879041327125736e-06,5.841659530771865399e-06,5.909846665018401707e-06,5.965842955933152252e-06,6.017976878485881819e-06,6.073112713159798045e-06,6.114974733346552982e-06,6.152164975144987313e-06,6.185667988456340954e-06,6.214455351912510175e-06,6.235029782839064330e-06,6.250370483028090242e-06,6.260351839372139391e-06,6.263378727151023911e-06,6.263378727151023911e-06,6.260947826109571453e-06,6.251245935422693840e-06,6.236248897899019095e-06,6.216351943963772036e-06,6.187863563886172371e-06,6.154820721058181020e-06,6.118498795708969884e-06,6.077641906659242591e-06,6.022506071985326365e-06,5.971541888259843273e-06,5.916907812947841739e-06,5.849234140097050080e-06,5.781522719746747186e-06,5.715759192847439276e-06,5.647866988300807507e-06,5.556045218277852386e-06,5.482257178803317892e-06,5.407595125721773404e-06,5.311969541254571168e-06,5.225456302204540960e-06,5.147466944285859856e-06,5.044041308345305509e-06,4.954947686520582385e-06,4.877115807629578966e-06,4.801455599449097801e-06,4.680396683727254065e-06,4.606079397069598526e-06,4.535070384693825155e-06,4.423680760464397011e-06,4.343376490931624274e-06,4.279932298789842495e-06,4.221052650717651304e-06,4.097138553227522901e-06,4.043722989720865899e-06,3.995546556566307609e-06,3.887889212576532038e-06,3.832855516844462379e-06,3.797075855503252565e-06,3.693585364068699818e-06,3.652295080534043792e-06,3.630012721877181240e-06,3.613543267742235638e-06,3.516893751212843752e-06,3.497185494992656390e-06,3.494582230958928632e-06,3.403826173994413604e-06,3.399900870303496382e-06,3.410885195324936244e-06,3.426937988093955344e-06,3.338036808821058430e-06,3.361837244350287240e-06,3.390120059439995474e-06,3.312802906006422652e-06,3.345620293567414263e-06,3.384813416036882504e-06,3.427387848158742831e-06,3.359415950242802439e-06,3.407905921164709158e-06,3.458945902961874413e-06,3.392648363557538394e-06,3.455598955169917901e-06,3.513247784275131334e-06,3.450839964588729169e-06,3.523633765243408053e-06,3.585954051993373059e-06,3.648681500612541320e-06,3.607506795195306272e-06,3.672558332249705991e-06,3.737187568017342352e-06,3.680302226952990808e-06,3.768572029234473838e-06,3.833285454272958236e-06,3.896488289958497467e-06,3.869680778258648210e-06,3.932798681447693803e-06,3.993751992248076585e-06,3.938977976546171551e-06,4.031887843466530863e-06,4.089179098514737630e-06,4.034823372390308094e-06,4.127131940577042970e-06,4.179555074995140950e-06,4.228624931490853439e-06,4.215580198584574160e-06,4.262145506595852880e-06,4.305037261806167663e-06,4.294777435873133778e-06,4.381436452059304778e-06,4.467444354747487469e-06,4.552560951635807235e-06,4.545238284964998039e-06,4.629838345259351949e-06,4.713030815673265087e-06,4.707416923477462841e-06,4.789461483000158171e-06,4.869608378656327330e-06,4.865351769239908416e-06,4.943768136852122377e-06,5.019826484536504451e-06,5.093322235002654056e-06,5.090430573595423765e-06,5.161440458055879876e-06,5.229475175244374849e-06,5.227341405622656536e-06,5.292429727661169652e-06,5.354167837299795058e-06,5.412391018240349279e-06,5.410997823128220238e-06,5.465696395030388768e-06,5.516564297548514208e-06,5.515571613447314305e-06,5.562583044131392401e-06,5.605491976016072090e-06,5.644183861914565935e-06,5.643574675741158264e-06,5.678020594302762241e-06,5.708045983633582196e-06,5.707641453208166517e-06,5.733221644916154823e-06,5.754226199659187893e-06,5.753975204591182130e-06,5.770389435714749012e-06,5.782122251357095978e-06,5.789140949222975042e-06,5.789038401317169620e-06,5.791341385622717048e-06,5.788919923828151018e-06,5.788899547579901533e-06,5.781748979191435332e-06,5.769870740656852631e-06,5.753292768274080021e-06,5.753356723369673634e-06,5.732136580030380382e-06,5.706306675348411409e-06,5.706421409292598383e-06,5.676059738504243817e-06,5.641224149141781161e-06,5.641382805606989831e-06,5.602171432165760156e-06,5.558665260475584868e-06,5.510969279604607346e-06,5.511179711034938889e-06,5.459420554855454576e-06,5.403709448854834122e-06,5.403955492438876744e-06,5.344436069411571084e-06,5.281236937413530790e-06,5.214505824308949931e-06,5.214796663401275818e-06,5.144699038339466409e-06
4.526023682446610497e-06,4.591483967840837717e-06,4.654072705305052592e-06,4.653835476877660562e-06,4.713418260964381114e-06,4.769848032714146409e-06,4.822992975378347445e-06,4.822793674161972541e-06,4.872538637305419553e-06,4.918755931159136888e-06,4.918587378073726983e-06,4.961177578972377533e-06,5.000028025748318777e-06,5.035045102117328031e-06,5.034922441687093060e-06,5.066034148374821463e-06,5.093152962470045734e-06,5.093070459430197957e-06,5.116145523593409355e-06,5.135106949020797920e-06,5.135072231060668665e-06,5.149892556413414038e-06,5.160519643718266335e-06,5.166928851666140776e-06,5.166976131918961036e-06,5.169169011501988064e-06,5.167147989940928621e-06,5.167277397647898591e-06,5.161054593825389085e-06,5.150628625854842002e-06,5.136029303899261561e-06,5.136310305677193379e-06,5.117626126963923537e-06,5.094865300752903060e-06,5.095305468275154505e-06,5.068594650043758489e-06,5.037948709316555754e-06,5.038602944537647399e-06,5.004191958676939554e-06,4.966031563390355780e-06,4.924225630993016765e-06,4.925283810998219453e-06,4.880073606107263436e-06,4.831466338868599996e-06,4.832948210316976776e-06,4.781246185348073148e-06,4.726436442814048664e-06,4.668668941320785531e-06,4.670936313715987151e-06,4.610613745225695049e-06,4.547678463369105624e-06,4.550750905681308208e-06,4.485694613835160866e-06,4.418406640877064783e-06,4.349074461756721449e-06,4.353597874722702736e-06,4.282857969285162537e-06,4.210501400725007435e-06,4.216467921269639584e-06,4.143260124258132845e-06,4.068892965642584515e-06,4.076675994846810416e-06,4.002064307382091895e-06,3.926777377502648649e-06,3.891523876688885682e-06,3.943484380629463328e-06,3.864728628529957715e-06,3.823819180562502127e-06,3.875942444910873650e-06,3.794792849555794082e-06,3.749019905550310651e-06,3.700520049829399168e-06,3.719275202672707798e-06,3.669638730880984226e-06,3.617735466312033609e-06,3.670789107862942396e-06,3.588663223820353679e-06,3.534652594653879785e-06,3.589070293821311304e-06,3.509524802343804742e-06,3.454889165846036549e-06,3.399477302177338899e-06,3.455947404956250890e-06,3.382420802606373814e-06,3.328766568373162125e-06,3.388067489197294647e-06,3.321480223322542764e-06,3.271392571613516104e-06,3.222431486486503883e-06,3.276424463003248367e-06,3.231755040458148775e-06,3.189037825655830267e-06,3.257125569994305312e-06,3.214145128212409685e-06,3.179481064842568377e-06,3.252802650808017857e-06,3.222544555250573954e-06,3.197603466251759969e-06,3.176532833444679575e-06,3.257164700782171592e-06,3.246630492859172240e-06,3.237358890867593265e-06,3.324337886294008612e-06,3.328942099621824615e-06,3.332456767781573654e-06,3.341196801190707374e-06,3.445853443867233946e-06,3.462705377648079123e-06,3.485030705746181376e-06,3.586382573565704374e-06,3.627653632677895663e-06,3.663397180668641756e-06,3.704671913086201217e-06,3.825384729386884650e-06,3.873803215957115455e-06,3.927463195368227762e-06,4.039783355274228321e-06,4.112199325606064121e-06,4.176671660225872635e-06,4.291384037208669654e-06,4.373011432200198210e-06,4.446155023117683259e-06,4.522955048472700427e-06,4.637864863806877880e-06,4.728426100797311832e-06,4.810219383230753614e-06,4.922443526558991985e-06,5.014894290846379335e-06,5.098475935759770795e-06,5.183044566178870761e-06,5.296189303696077335e-06,5.378122823059931508e-06,5.459754682500664605e-06,5.555556614598666123e-06,5.639332075233467628e-06,5.714522141229769378e-06,5.798666201887489530e-06,5.872508242218478738e-06,5.937926452416873367e-06,6.000105705138413862e-06,6.065081460299293844e-06,6.121434094344548191e-06,6.169868809740711505e-06,6.217897251089858006e-06,6.257849267545636314e-06,6.290319006487647306e-06,6.317563436677507147e-06,6.341709240436656757e-06,6.356709013655650123e-06,6.366123266671090050e-06,6.370077427283142540e-06,6.370077427283142540e-06,6.366428705980883622e-06,6.357639403024366401e-06,6.343306826774113458e-06,6.319161023014963001e-06,6.292654304761391304e-06,6.261021198084464314e-06,6.221649685971930912e-06,6.174004855723062077e-06,6.126690447030748889e-06,6.071157384824141025e-06,6.006667358262681842e-06,5.946007203098419606e-06,5.882350553978808711e-06,5.809850730221293977e-06,5.726396825281449304e-06,5.653537749067726836e-06,5.571571048361025934e-06,5.476616969755972926e-06,5.397993265401779335e-06,5.319443963595389380e-06,5.206299226078183654e-06,5.125513678182994854e-06,5.046134741498596185e-06,4.957081732654041313e-06,4.846100570663811482e-06,4.769401798981674323e-06,4.683029823655538458e-06,4.569491844964907425e-06,4.498729145438850277e-06,4.432105371260760354e-06,4.355984512303242906e-06,4.242770634457228647e-06,4.185787632839070667e-06,4.119816733638996105e-06,4.009020501448012461e-06,3.963800829675925940e-06,3.924281912665169348e-06,3.803569096364485915e-06,3.771637541161240494e-06,3.745661643284665614e-06,3.713231524700490193e-06,3.613208392028804556e-06,3.601429210060364037e-06,3.595471467152118722e-06,3.490814824475592150e-06,3.493285995022076424e-06,3.501266193391498964e-06,3.507672018760680721e-06,3.421426148831979010e-06,3.442652150142627163e-06,3.464923306238582614e-06,3.384681689192184930e-06,3.418012837163474831e-06,3.455307554514548226e-06,3.498187857953490293e-06,3.424650200890539724e-06,3.471732214113796663e-06,3.527770580355992201e-06,3.459014186773532768e-06,3.514052005227006330e-06,3.570934119374124898e-06,3.516941142861954391e-06,3.577968769818384584e-06,3.639939804103468938e-06,3.720086964544915254e-06,3.658890794905284764e-06,3.723956973234900375e-06,3.811007085294876512e-06,3.752140521779320675e-06,3.818364251249445872e-06,3.883468301506231210e-06,3.976241279845825571e-06,3.918694897151185086e-06,3.982410734251237125e-06,4.077417587638925079e-06,4.020772839994935011e-06,4.081531113222882646e-06,4.139570507982248194e-06,4.120815371186166367e-06,4.177251094785708243e-06,4.230480109747798100e-06,4.323201691699320413e-06,4.266472232657072049e-06,4.313848720739913575e-06,4.403509054580184831e-06,4.346606125622871721e-06,4.387312430950815550e-06,4.472774519543208347e-06,4.557389633097166286e-06,4.549606898104682113e-06,4.633785511121589951e-06,4.716592485551872067e-06,4.710626504551205691e-06,4.792349964456721254e-06,4.872204457466472996e-06,4.867681974831484006e-06,4.945856954018815851e-06,5.021696473998265537e-06,5.094994151112901856e-06,5.091923478764332191e-06,5.162771833528872693e-06,5.230661027940281885e-06,5.228396370796657311e-06,5.293367167213647985e-06,5.354999933603501707e-06,5.413128863404932661e-06,5.411651503663210858e-06,5.466275071905395598e-06,5.517076281682717783e-06,5.516024436689569861e-06,5.562983525817653811e-06,5.605846285212462807e-06,5.644497575472698711e-06,5.643852832307297068e-06,5.678267744434505249e-06,5.708266236187079050e-06,5.707838518165771945e-06,5.733398872829057385e-06,5.754386617882209765e-06,5.754121550487805562e-06,5.770524187009730529e-06,5.782247653812006707e-06,5.789259041806757975e-06,5.789151039039627951e-06,5.791450260193818858e-06,5.789026582300327436e-06,5.789005409124333852e-06,5.781855350152672282e-06,5.769978828023202442e-06,5.753403691694121256e-06,5.753471525838064557e-06,5.732256237358891791e-06,5.706432104530991086e-06,5.706553475866206837e-06,5.676199263000312071e-06,5.641371912716437055e-06,5.641539554931767815e-06,5.602337883654267745e-06,5.558842103915679023e-06,5.511157181260011437e-06,5.511379316274875118e-06,5.459632490365814166e-06,5.403934324479723507e-06,5.404193902696877696e-06,5.344688594726988651e-06,5.281504145099010805e-06,5.214788269332307264e-06,5.215094888966064301e-06,5.145013576305826315e-06,5.071716249149135444e-06
4.526574848274150072e-06,4.526296542993043350e-06,4.591743004046020305e-06,4.654318350465351775e-06,4.654068175052242777e-06,4.713638467444317861e-06,4.770056214640284973e-06,4.823189612532831000e-06,4.822979259961264305e-06,4.872713680025935749e-06,4.918920955430055065e-06,4.918742926675378422e-06,4.961324214982714284e-06,5.000166335084348771e-06,5.035175696523199140e-06,5.035045962225523093e-06,5.066151269484026843e-06,5.093264396654012800e-06,5.093176962656217462e-06,5.116247901477196598e-06,5.135206063886139666e-06,5.135169009967560762e-06,5.149988000255805980e-06,5.160614837500007482e-06,5.167024976071261523e-06,5.167074476300173438e-06,5.169270988419035672e-06,5.167255151388152956e-06,5.167391453118019728e-06,5.161177430363908540e-06,5.150762330266577602e-06,5.136176187275148664e-06,5.136472930415559158e-06,5.117807336465740938e-06,5.095068251974887340e-06,5.095533667327927967e-06,5.068851991024224182e-06,5.038239516564153675e-06,5.038932018502898752e-06,5.004564625587476022e-06,4.966453728894147967e-06,4.924703837950669005e-06,4.925825301585462931e-06,4.880686388375199899e-06,4.832159257892241628e-06,4.833731024042221921e-06,4.782129645222933344e-06,4.727432379261671004e-06,4.669790354079159579e-06,4.672197467032166233e-06,4.612030267850517484e-06,4.549267453251796846e-06,4.552531039211663025e-06,4.487686259424351285e-06,4.420631976606348986e-06,4.351557596756431655e-06,4.356364973872144312e-06,4.285937380747359597e-06,4.213923785749041184e-06,4.220266385607805002e-06,4.147470350455804430e-06,4.073553345365936771e-06,4.081827760318061233e-06,4.051888581874191459e-06,4.018297973945040888e-06,3.939484391194572741e-06,3.992711256869238842e-06,3.953010160326897652e-06,3.871223366905002763e-06,3.924705413689718527e-06,3.879649786792240986e-06,3.796099569272771697e-06,3.746993766973500809e-06,3.800681890859340380e-06,3.748710617662532731e-06,3.664362095471784911e-06,3.719074457859377695e-06,3.664459516322467478e-06,3.582010070640509448e-06,3.638272260204795758e-06,3.582504082789957950e-06,3.525691215628218477e-06,3.448295402973444704e-06,3.506887435562298684e-06,3.451343333729166043e-06,3.380272935040777680e-06,3.441950306573783697e-06,3.389535946479540994e-06,3.326685363705247050e-06,3.278571188810748521e-06,3.344835468973534834e-06,3.299240767125641109e-06,3.250624797072083256e-06,3.321736469423322020e-06,3.283957944964900268e-06,3.247824230498951183e-06,3.324454527753582347e-06,3.296269461494639467e-06,3.271886893354881986e-06,3.255388307144270710e-06,3.339664590278200834e-06,3.327122779560989947e-06,3.325966532251260190e-06,3.416791202681428799e-06,3.417197722431219889e-06,3.431839567744569881e-06,3.444038865875463006e-06,3.543241901809342598e-06,3.562858685048091741e-06,3.599673352914409259e-06,3.705021517639402424e-06,3.738481421619609811e-06,3.790112926878768752e-06,3.835303585032339850e-06,3.947419617369529988e-06,3.999517243394404342e-06,4.069897237753877770e-06,4.185697847044547082e-06,4.249170287969099938e-06,4.330024855397504198e-06,4.447735464462812554e-06,4.520439592927197416e-06,4.597049994866031127e-06,4.688683075535274224e-06,4.805710288482239200e-06,4.887820590830830443e-06,4.982687011210483619e-06,5.096180244499586308e-06,5.180500143067035018e-06,5.274992151397744976e-06,5.360464072909841154e-06,5.465173466151696706e-06,5.547993523241843556e-06,5.637006287821740571e-06,5.731649474132315864e-06,5.808148744405297777e-06,5.888110096013792018e-06,5.969944081974606625e-06,6.036646956329840998e-06,6.100120872790117156e-06,6.163423024187514269e-06,6.224574940744723886e-06,6.274090022411498143e-06,6.321248213275133259e-06,6.364401421567941064e-06,6.397626574003882376e-06,6.426604877982978583e-06,6.448391997828572332e-06,6.465753194605035036e-06,6.475407176449896957e-06,6.478434362569196417e-06,6.478434362569196417e-06,6.475731846398168382e-06,6.466742349217682015e-06,6.449688068756758477e-06,6.428622052266605005e-06,6.400111498877252464e-06,6.367778569584760966e-06,6.325000648157206165e-06,6.278496464625282253e-06,6.230178531232259212e-06,6.169498948712362297e-06,6.107120298419975119e-06,6.045271675922303910e-06,5.980454107196547460e-06,5.899294624347597312e-06,5.820834215659406204e-06,5.746829988136170412e-06,5.653020721584100382e-06,5.566017174722266251e-06,5.486415573755650961e-06,5.382707506122105790e-06,5.300938219064799903e-06,5.209405614541277642e-06,5.129575630556194750e-06,5.017325217305533793e-06,4.926170540662731937e-06,4.849495205522566155e-06,4.733848035383934803e-06,4.646762795245297308e-06,4.576582216435840182e-06,4.510815182383460591e-06,4.394625330492077450e-06,4.319695857007540308e-06,4.264175561821580821e-06,4.149930616118645555e-06,4.086446941601048103e-06,4.043290691834092939e-06,3.932707996179797406e-06,3.896899116073403541e-06,3.853642118358406258e-06,3.830490420510015881e-06,3.726522304049194231e-06,3.699045465983980532e-06,3.690527705355698026e-06,3.592518834151102886e-06,3.591650259815502930e-06,3.587696460596254280e-06,3.599333284756792206e-06,3.509300664717932723e-06,3.521948873507547485e-06,3.546975291006108305e-06,3.463146912600682156e-06,3.491841437855002717e-06,3.528984798342074812e-06,3.570004736740355440e-06,3.493209437644438018e-06,3.542373998414438477e-06,3.593006322993912705e-06,3.521269807433992067e-06,3.583309764647585819e-06,3.641607043087825276e-06,3.574229088463272889e-06,3.634656446553860751e-06,3.711260459601685379e-06,3.775847227644405539e-06,3.712292410421140346e-06,3.797160620619629716e-06,3.864338303560445415e-06,3.803355083488063021e-06,3.894456135136574278e-06,3.962232904928253961e-06,4.028586449209560326e-06,3.969181057867347596e-06,4.064954464477734239e-06,4.129321850657715857e-06,4.070990579410448756e-06,4.168260854702648615e-06,4.229066489065844714e-06,4.171313361048135040e-06,4.228558695134958856e-06,4.324234310852660827e-06,4.376629757071202438e-06,4.318482658597896644e-06,4.411754377437172171e-06,4.457748175664048057e-06,4.399509169208030117e-06,4.489095692278279096e-06,4.527912106211840360e-06,4.562541382918100198e-06,4.554267262980828364e-06,4.637995724699599716e-06,4.720390941424521700e-06,4.714048887793628455e-06,4.795429384065178063e-06,4.874971578768915271e-06,4.870165151034507149e-06,4.948082356148135108e-06,5.023688218579022513e-06,5.096774425021462050e-06,5.093512660764301752e-06,5.164188612080611513e-06,5.231922514944871156e-06,5.229518211002074133e-06,5.294363643072645796e-06,5.355884065429316898e-06,5.413912504722600838e-06,5.412345431700953637e-06,5.466889073212363632e-06,5.517619232896581626e-06,5.516504380510113567e-06,5.563407742270959369e-06,5.606221358314670595e-06,5.644829455422906138e-06,5.644146893356243051e-06,5.678528838589477049e-06,5.708498742924293734e-06,5.708046390329528173e-06,5.733585678902554657e-06,5.754555580818290731e-06,5.754275583289275468e-06,5.770665925248558038e-06,5.782379485274818058e-06,5.789383133450906674e-06,5.789269361439792129e-06,5.791564609653914945e-06,5.789138600799536872e-06,5.789116602259482676e-06,5.781967103232175614e-06,5.770092420460444633e-06,5.753520309840535286e-06,5.753592274388475557e-06,5.732382149453984986e-06,5.706564150674029327e-06,5.706692571763552111e-06,5.676346276427899784e-06,5.641527669507108039e-06,5.641704844171399568e-06,5.602513462167950603e-06,5.559028700118790420e-06,5.511355498442922429e-06,5.511590035384275393e-06,5.459856272340192788e-06,5.404171812191438439e-06,5.404445722548438511e-06,5.344955357944735039e-06,5.281786448763217292e-06,5.215086697178868553e-06,5.215410011991405551e-06,5.145345953203375824e-06,5.072066426602700444e-06,5.072425092943658115e-06
4.458734051463492340e-06,4.526878322887622497e-06,4.526584951275063082e-06,4.592016789458940298e-06,4.654577967748641273e-06,4.654314090578585897e-06,4.713871159708897093e-06,4.770276174906907226e-06,4.823397345663538780e-06,4.823175285459233170e-06,4.872898533324933741e-06,4.919095189467551454e-06,4.918907113790455701e-06,4.961478949184385978e-06,5.000312234740675596e-06,5.035313407526685854e-06,5.035176161695775637e-06,5.066274670074487980e-06,5.093381751535791317e-06,5.093289071258561744e-06,5.116355616071053976e-06,5.135310297104470677e-06,5.135270743363547441e-06,5.150088294007913121e-06,5.160714841380805192e-06,5.167125941805148882e-06,5.167177771443371976e-06,5.169378111903607033e-06,5.167367750880045182e-06,5.167511344347317111e-06,5.161306618593367020e-06,5.150903034072032411e-06,5.136330864818404504e-06,5.136644308396722578e-06,5.117998441947422147e-06,5.095282447275189687e-06,5.095774688182358637e-06,5.069123988218429970e-06,5.038547101239506813e-06,5.039280311335075666e-06,5.004959310034147640e-06,4.966901108701409385e-06,4.925210899098555374e-06,4.926399778840664745e-06,4.881336836603410566e-06,4.832895128263446768e-06,4.834562745239037898e-06,4.783068709734857717e-06,4.728491434816341316e-06,4.670983300225286016e-06,4.673539556847441366e-06,4.613538214701316054e-06,4.550959542479740101e-06,4.554427244564923656e-06,4.489808363988996237e-06,4.423003697924843099e-06,4.354204715746935693e-06,4.359315467083354199e-06,4.289221555399661378e-06,4.217574416924001578e-06,4.224318854854754859e-06,4.151962784987067727e-06,4.124473644095542527e-06,4.179940794126767753e-06,4.102766683135565375e-06,4.068556916598886480e-06,4.030713309612896211e-06,4.043038201801122978e-06,4.002691216198613266e-06,3.958980210968311673e-06,3.974638573444468766e-06,3.928956062288505411e-06,3.880279371843571716e-06,3.828790766431239132e-06,3.849954297567833210e-06,3.797440931464945899e-06,3.742635071053163833e-06,3.768806578593526320e-06,3.713807499034481137e-06,3.657134029945809042e-06,3.715447250734359901e-06,3.633191741297967774e-06,3.576297251698167591e-06,3.518774461304115412e-06,3.559802253175166639e-06,3.504495790601265327e-06,3.449378735608059547e-06,3.498134838580797758e-06,3.446339442598352620e-06,3.395597935976693328e-06,3.346315463926269408e-06,3.406518280592559839e-06,3.362145656619757899e-06,3.320121500739241912e-06,3.389610556909076292e-06,3.353542927970185319e-06,3.320683851208216580e-06,3.400330302742014724e-06,3.373887453313985072e-06,3.351913486906985564e-06,3.334303423334305079e-06,3.426606119149859405e-06,3.416951593224180097e-06,3.412293678492951648e-06,3.514203271240435241e-06,3.517918603703807358e-06,3.527097433327319766e-06,3.541952375434869536e-06,3.655680494230114467e-06,3.679069963599634582e-06,3.708311678595734726e-06,3.829650092184191292e-06,3.867043027860419356e-06,3.910223271833037936e-06,3.959168667279763214e-06,4.088203075757401109e-06,4.144231310071516190e-06,4.205595912858508139e-06,4.338045985108540560e-06,4.405185718344689734e-06,4.476977718807913086e-06,4.597446532645805067e-06,4.686322924273515479e-06,4.765956876093036867e-06,4.848947873180539759e-06,4.979446264642431534e-06,5.063829734204295225e-06,5.150373853162675829e-06,5.275205287161695336e-06,5.360862490773199502e-06,5.447356293918416955e-06,5.534165512011261868e-06,5.646693709963386074e-06,5.729373778718757541e-06,5.810973442147963890e-06,5.910804842241840404e-06,5.985937160982414071e-06,6.058640866956973283e-06,6.137911944302754404e-06,6.207114065522127972e-06,6.267544761834516107e-06,6.323897934692876390e-06,6.384053654795898641e-06,6.429338088889745958e-06,6.469624490395689292e-06,6.509476601170938268e-06,6.537418246983957293e-06,6.559734787805520012e-06,6.576270934900896465e-06,6.587311729280974488e-06,6.590596845915371927e-06,6.590596845915371927e-06,6.587985224101521179e-06,6.576944429721444003e-06,6.561113215290976075e-06,6.539564540031567799e-06,6.512485290457242479e-06,6.472633179681993503e-06,6.433335428404238923e-06,6.389197737751607387e-06,6.329042017648584289e-06,6.274025586656114945e-06,6.215153506031716219e-06,6.147121632443662828e-06,6.068492497884823109e-06,5.997885889669337028e-06,5.925166299854048364e-06,5.825334899760171851e-06,5.746493429291959280e-06,5.666945642816649961e-06,5.554417444864524908e-06,5.471141674001369856e-06,5.388607651822136397e-06,5.307359463586389280e-06,5.182528029587370620e-06,5.100862438848326426e-06,5.021844330427433589e-06,4.891345938965541814e-06,4.814221189606200408e-06,4.740964888208861926e-06,4.657422317348237306e-06,4.538515487546149691e-06,4.474140256678860898e-06,4.414937004117994916e-06,4.282486931867962495e-06,4.229573136427584861e-06,4.182500511395536465e-06,4.053466102917898570e-06,4.013967500086903331e-06,3.980707619998710780e-06,3.953687165016657612e-06,3.832348751428200623e-06,3.813906534628293264e-06,3.801715075916712531e-06,3.687986957121467600e-06,3.684696902621630748e-06,3.687415377209555772e-06,3.695892810451080215e-06,3.593983217703596198e-06,3.611090258286998963e-06,3.633409383743471378e-06,3.541106687927917899e-06,3.571554521156183046e-06,3.606496076309755146e-06,3.646048677625600092e-06,3.566345849725658459e-06,3.612299733440681918e-06,3.661459268647746063e-06,3.591970212478146311e-06,3.647039395761611211e-06,3.704366856160705973e-06,3.644164039497011275e-06,3.706268802010416920e-06,3.769658923240627931e-06,3.833889596584943799e-06,3.785133493650166216e-06,3.852434513678836662e-06,3.919637531693287582e-06,3.878609740029101283e-06,3.947707622164714272e-06,4.015823867408063226e-06,4.112087562846200705e-06,4.050604999732973869e-06,4.117707204297395663e-06,4.182700165155227531e-06,4.156528662477269959e-06,4.220871293796585837e-06,4.282444568785274674e-06,4.261281052042441912e-06,4.321335467908589839e-06,4.378069113715819642e-06,4.431287426476788232e-06,4.415629114390132433e-06,4.466344888350432042e-06,4.513158040979878722e-06,4.500833262838646392e-06,4.544599174671262009e-06,4.584184242146315936e-06,4.671803609140905374e-06,4.610718761683073139e-06,4.642488144573765930e-06,4.724443399770086376e-06,4.717699514352979265e-06,4.798713563657628408e-06,4.877922090614473068e-06,4.872812307499019323e-06,4.950454140080581161e-06,5.025810418508727681e-06,5.098670767576054757e-06,5.095204939757911701e-06,5.165696813805542441e-06,5.233264939278840196e-06,5.230711588016493275e-06,5.295423244895487660e-06,5.356823813178749351e-06,5.414745070384688722e-06,5.413082334876543971e-06,5.467540772704788001e-06,5.518195213153249707e-06,5.517013232967616139e-06,5.563857241685128109e-06,5.606618534184512922e-06,5.645180658640532774e-06,5.644457858234349597e-06,5.678804740433623685e-06,5.708744251329736989e-06,5.708265718391730284e-06,5.733782628537185052e-06,5.754733584390732062e-06,5.754437741755621914e-06,5.770815043010180826e-06,5.782518101946930770e-06,5.789513552742431406e-06,5.789393677337533139e-06,5.791684730098611837e-06,5.789256269035151303e-06,5.789233416030153178e-06,5.782084531993804258e-06,5.770211820766032387e-06,5.753642939050311504e-06,5.753719302847593256e-06,5.732514671272233982e-06,5.706703193233779369e-06,5.706839104073954142e-06,5.676501216435355405e-06,5.641691890464257630e-06,5.641879180159351041e-06,5.602698712859211735e-06,5.559225634861477071e-06,5.511564859740218273e-06,5.511812541836887153e-06,5.460092621113668277e-06,5.404422681064656448e-06,5.404711771594464378e-06,5.345237230890355118e-06,5.282084774068998285e-06,5.215402088877455008e-06,5.215743070317902109e-06,5.145697265048130376e-06,5.072436565813585626e-06,5.072814620501944992e-06,4.996517681119879318e-06
4.388374949336873328e-06,4.459071291875419082e-06,4.527199174463478861e-06,4.526889867092864034e-06,4.592306234549638425e-06,4.654852419348857701e-06,4.654574038500991539e-06,4.714117106852688063e-06,4.770508637933696480e-06,4.823616855867096316e-06,4.823382389860996940e-06,4.873093796030922554e-06,4.919279193326426035e-06,4.919080462396893918e-06,4.961642269276740040e-06,5.000466179047004451e-06,5.035458658118826933e-06,5.035313433917038329e-06,5.066404717112847191e-06,5.093505369721168844e-06,5.093407106169857591e-06,5.116468969546030089e-06,5.135419935253379734e-06,5.135377705695500351e-06,5.150193703787371303e-06,5.160819917340207324e-06,5.167232011348484201e-06,5.167286285484433991e-06,5.169490661491597718e-06,5.167486085774089326e-06,5.167637393710179411e-06,5.161442513983039960e-06,5.151051134917893701e-06,5.136493786576024737e-06,5.136824953582008921e-06,5.118200034256496283e-06,5.095508569000919688e-06,5.096029321141551015e-06,5.069411558405248418e-06,5.038872527420259761e-06,5.039649057797008419e-06,5.005377443695862964e-06,4.967375360784851893e-06,4.925748731551701326e-06,4.927009455685930351e-06,4.882027500369030476e-06,4.833676881633209939e-06,4.835446738029768374e-06,4.784067231280256836e-06,4.729618011800298546e-06,4.672252799967015714e-06,4.674968295994713990e-06,4.615144073236380820e-06,4.552762082885078432e-06,4.556447835932750242e-06,4.492070310789149921e-06,4.425532373070694888e-06,4.357027697517981773e-06,4.362462679376584905e-06,4.292725410689865195e-06,4.221469961216072102e-06,4.278154224208570786e-06,4.253008811259809218e-06,4.176450783406577966e-06,4.233212775320338378e-06,4.200920314928373184e-06,4.119909828662823407e-06,4.081401848183776012e-06,4.137932114954369004e-06,4.053524916461540195e-06,4.009146181091320310e-06,4.066042156212322934e-06,4.018014629150853949e-06,3.930206517639208230e-06,3.878100729575923723e-06,3.935366872755447241e-06,3.847565630349347157e-06,3.792276523721991569e-06,3.850794977608214902e-06,3.793333837789406321e-06,3.707776704532741882e-06,3.768136433608609580e-06,3.709887954457342283e-06,3.628785350725935503e-06,3.571350847834334139e-06,3.634473127703416950e-06,3.559842224890995711e-06,3.505182566429719285e-06,3.571830901507382068e-06,3.518480697023775399e-06,3.455853719384015684e-06,3.407624592866876439e-06,3.479477453797521487e-06,3.428186245570336114e-06,3.387712346872311248e-06,3.464945585561528779e-06,3.428705112949148916e-06,3.395969522848606259e-06,3.479248472454596381e-06,3.453796649403793196e-06,3.436276150871771094e-06,3.421454450302594392e-06,3.512998575267819632e-06,3.511661388936475702e-06,3.510260282176865778e-06,3.608722194378183801e-06,3.614690257359803935e-06,3.636868181373050198e-06,3.655523227282149705e-06,3.762629894076174523e-06,3.801302750213772853e-06,3.834573589704039711e-06,3.947772166126499885e-06,3.988739759532432570e-06,4.049252266187282994e-06,4.102324422417146319e-06,4.221836390978301923e-06,4.295575168610484309e-06,4.360875659508522946e-06,4.483342997230112523e-06,4.554351533999744746e-06,4.643134639803537421e-06,4.766443816983409834e-06,4.845884909366018023e-06,4.941132269303361528e-06,5.026804744067773797e-06,5.147515109020476934e-06,5.245573767234848818e-06,5.333896364569961505e-06,5.449232425469898781e-06,5.536695112540456066e-06,5.633388068543791394e-06,5.720511451423300314e-06,5.824231059798711602e-06,5.914366332816650638e-06,5.995032802041249203e-06,6.086336105447227960e-06,6.160428336173751663e-06,6.236566161796375398e-06,6.312650053813734081e-06,6.374353720489874889e-06,6.435485634248273643e-06,6.487901298761777822e-06,6.540217420611361019e-06,6.583638682636411727e-06,6.618840844546599240e-06,6.651096500408212444e-06,6.673954261009612091e-06,6.691088752173848479e-06,6.701325524881596500e-06,6.705661913669646703e-06,6.705661913669646703e-06,6.701670770365576233e-06,6.692140798188311338e-06,6.675420869458198944e-06,6.653381125445772836e-06,6.621486086051149538e-06,6.587235877577361190e-06,6.544477540692829784e-06,6.492597907957743993e-06,6.441462140710806714e-06,6.381269675173111092e-06,6.321234459767078431e-06,6.245775849937284670e-06,6.170953424373740058e-06,6.099107460895109832e-06,6.008590939512840979e-06,5.930596357864247026e-06,5.842541033901453596e-06,5.739785599914286137e-06,5.656107152653591422e-06,5.562141243468161328e-06,5.478915024475194421e-06,5.364812434581989426e-06,5.281288292229620504e-06,5.187124983589946966e-06,5.067810617296072608e-06,4.987938050005129515e-06,4.897482022307095521e-06,4.824838833373668266e-06,4.703110424505969660e-06,4.620089642843293659e-06,4.556970815310098193e-06,4.436149747913890857e-06,4.379293926143106993e-06,4.312867132132073214e-06,4.195008266421111520e-06,4.151408831662670432e-06,4.099266503365028014e-06,4.068788676182682046e-06,3.957126644343169754e-06,3.934733757135402610e-06,3.905987271641820209e-06,3.800248621607772960e-06,3.793272647401940161e-06,3.781997704014507656e-06,3.788518903776915861e-06,3.691035218427800303e-06,3.705050534740800012e-06,3.718600740575256070e-06,3.627688844912546912e-06,3.655543581772325484e-06,3.686015428340128204e-06,3.724965552076138833e-06,3.641687897732197979e-06,3.687984750784322061e-06,3.737804973876114301e-06,3.660091679248383415e-06,3.713860923897908655e-06,3.779361176120190123e-06,3.706511309086513244e-06,3.767825341636626652e-06,3.844905033528680873e-06,3.911234840655317302e-06,3.842773658909105877e-06,3.909887331246776623e-06,3.999050454806572319e-06,3.933562171700729195e-06,4.002839675789594857e-06,4.098341886667036655e-06,4.167957566359223463e-06,4.104417017593606024e-06,4.204101136737368442e-06,4.272060418051823515e-06,4.209843010279638474e-06,4.274909794194744828e-06,4.376189902110403679e-06,4.314737215107133109e-06,4.375631871055224190e-06,4.476346140454731231e-06,4.532320419227174508e-06,4.470579546421967404e-06,4.522153984592634679e-06,4.618433679705873631e-06,4.556676357147517171e-06,4.601273646580804356e-06,4.693373539392046313e-06,4.730781891494877456e-06,4.668313875719036408e-06,4.755121086243910814e-06,4.784238947185312819e-06,4.721595051095182549e-06,4.802217420537516555e-06,4.881069317828776134e-06,4.875635322764902489e-06,4.952982873746094438e-06,5.028072456680413321e-06,5.100691492545549551e-06,5.097007667106214159e-06,5.167302925655484894e-06,5.234694013252691345e-06,5.231981521536492286e-06,5.296550374540086853e-06,5.357823028876544285e-06,5.415629924291274300e-06,5.413865144836981775e-06,5.468232720256127209e-06,5.518806436067710595e-06,5.517552912377862019e-06,5.564333683868777689e-06,5.607039247115826271e-06,5.645552423443511210e-06,5.644786795693386463e-06,5.679096372735888189e-06,5.709003559227702561e-06,5.708497193985293227e-06,5.733990323882652604e-06,5.754921156149154703e-06,5.754608492095647622e-06,5.770971956981144323e-06,5.782663881536552468e-06,5.789650647830507371e-06,5.789524313752598732e-06,5.791810934979023795e-06,5.789379893689500714e-06,5.789356156484594947e-06,5.782207947406005355e-06,5.770337349877094469e-06,5.753771914837333837e-06,5.753852965530712343e-06,5.732654179821058778e-06,5.706849635509226776e-06,5.706993505732714205e-06,5.676664548715548808e-06,5.641865076962499718e-06,5.642063102701233095e-06,5.602894216557482728e-06,5.559433532448648537e-06,5.511785935255248100e-06,5.512047553738837126e-06,5.460342304888867253e-06,5.404687751387925247e-06,5.404992924099358745e-06,5.345535143598181448e-06,5.282400108521489804e-06,5.215735491013514396e-06,5.216095171130676300e-06,5.146068681054852109e-06,5.072827899367132493e-06,5.073226459969857310e-06,4.996950600953630483e-06,4.917798521728917365e-06
4.315659973052517308e-06,4.388749384524587413e-06,4.459427931704600779e-06,4.527538480817369953e-06,4.527212314645005453e-06,4.592612310923607958e-06,4.655142625380286082e-06,4.654848888623015799e-06,4.714377129628776764e-06,4.770754376764877328e-06,4.823848869904024302e-06,4.823601255154990797e-06,4.873300106962169881e-06,4.919473564351991638e-06,4.919263530165891521e-06,4.961814695165268115e-06,5.000628652170999215e-06,5.035611898888966452e-06,5.035458198206253887e-06,5.066541801113823460e-06,5.093635615578442979e-06,5.093531408478811660e-06,5.116588282819078227e-06,5.135535282462100603e-06,5.135490188006209370e-06,5.150304511616683614e-06,5.160930342866443721e-06,5.167343462624262394e-06,5.167400302305379411e-06,5.169608933185726083e-06,5.167610471085938113e-06,5.167769942963062392e-06,5.161585493711816473e-06,5.151207055173061310e-06,5.136665431107786584e-06,5.137015413119865341e-06,5.118412743105786946e-06,5.095747345182274168e-06,5.096298410302194856e-06,5.069715681732294241e-06,5.039216933785153253e-06,5.040039580356960890e-06,5.005820561172034871e-06,4.967878263627942726e-06,4.926319393193094817e-06,4.927656709056326672e-06,4.882761119846231825e-06,4.834507670556023048e-06,4.836386621885561554e-06,4.785129356639233227e-06,4.730816851029685876e-06,4.673604261712890589e-06,4.676489841367816356e-06,4.616854837580787803e-06,4.554683002944932753e-06,4.558601782162136263e-06,4.494482224473832577e-06,4.428229407847584221e-06,4.360039364789219388e-06,4.365820997020096304e-06,4.347718554754608172e-06,4.325470668201052833e-06,4.333103884784184978e-06,4.307426182083034579e-06,4.277670671779331034e-06,4.287631163594271437e-06,4.254731126032848511e-06,4.217914177525563575e-06,4.133230978022744543e-06,4.191210286953286493e-06,4.148005986535738428e-06,4.101279474714854190e-06,4.118988217465950922e-06,4.070312246248474969e-06,4.018536530795593373e-06,3.928758729273462130e-06,3.987772407718868104e-06,3.932222570438617954e-06,3.874367703562939754e-06,3.903886140584436772e-06,3.846077141826444427e-06,3.786656366307611027e-06,3.822669773274409228e-06,3.764334581574421832e-06,3.705176366040662811e-06,3.626015636613232860e-06,3.691630665242902904e-06,3.634727618770560832e-06,3.578279022921774324e-06,3.632869740828964790e-06,3.580319962682607377e-06,3.529168489178915766e-06,3.471937228260638499e-06,3.546984656799845923e-06,3.503269364981870241e-06,3.462350311704998169e-06,3.539549623439903030e-06,3.505313853929009948e-06,3.474783464530187471e-06,3.562385394341406515e-06,3.539472849288641545e-06,3.521084482126445800e-06,3.513390714992391940e-06,3.609077943099420093e-06,3.604230777851357779e-06,3.604904185983247949e-06,3.716345007569767084e-06,3.725977087169354058e-06,3.741551953077745746e-06,3.775122420079644479e-06,3.886609953350864110e-06,3.917232141761222550e-06,3.954074031913944633e-06,4.084750275511963214e-06,4.129903643251674482e-06,4.181086990762648249e-06,4.252280827547915908e-06,4.375692817278500175e-06,4.439718297118332002e-06,4.509106509735862788e-06,4.648887953996448182e-06,4.723560519097803939e-06,4.802731546725735781e-06,4.942039734438134359e-06,5.024525496434339094e-06,5.110403418754694212e-06,5.210834267827592742e-06,5.333100387409375733e-06,5.422118444545054402e-06,5.512707154457521539e-06,5.638711851429824973e-06,5.726969989851985393e-06,5.815325345027564963e-06,5.911031421327465668e-06,6.013640278339956783e-06,6.095698768897918995e-06,6.175794140613200758e-06,6.270955096658175441e-06,6.342811830097731083e-06,6.411323543045935749e-06,6.488469283859324526e-06,6.546602742112564033e-06,6.600201705716654749e-06,6.651478467048759133e-06,6.698530903158278570e-06,6.734564414493398967e-06,6.764872818161462788e-06,6.792080244920948921e-06,6.808742546879277472e-06,6.819245100237620257e-06,6.822539069864195168e-06,6.822539069864195168e-06,6.819612371193014228e-06,6.809861934279348920e-06,6.794004496798132769e-06,6.766797070038646635e-06,6.737381518994089881e-06,6.702364177712555828e-06,6.655738587130227898e-06,6.605209877354296969e-06,6.552979977617353487e-06,6.496445121015658097e-06,6.419299380202269320e-06,6.352650956738477779e-06,6.282956922821359417e-06,6.187795966776384733e-06,6.110196739200139158e-06,6.031000876540438937e-06,5.929341395430207662e-06,5.835946750373049264e-06,5.751280354690494470e-06,5.667167181176475068e-06,5.541162484204171634e-06,5.455200073720453652e-06,5.371312058473820113e-06,5.250444142397062775e-06,5.154267983177278429e-06,5.074581269280564635e-06,4.998836544247437703e-06,4.859528356535039125e-06,4.787655503589493397e-06,4.720841158954081167e-06,4.581059714693495774e-06,4.520088140549900460e-06,4.465031483637721352e-06,4.343311568701687198e-06,4.279935820743320763e-06,4.238788583601544755e-06,4.204177450671326614e-06,4.073501207073308033e-06,4.047683605157777614e-06,4.028539671129159890e-06,3.918479797645290165e-06,3.895382067158432713e-06,3.892094498058267103e-06,3.895098310489630990e-06,3.783657488903112280e-06,3.795927578749070443e-06,3.813982574066449659e-06,3.718992880299828801e-06,3.739416128912786202e-06,3.771404097022626309e-06,3.808041191396299006e-06,3.720439261585085468e-06,3.764770888188122418e-06,3.812836100069085942e-06,3.735636788334285265e-06,3.790365170266418360e-06,3.847821888665909795e-06,3.771820950584227013e-06,3.843632331715728864e-06,3.908249879276001773e-06,3.974060958466637048e-06,3.919470240583708146e-06,3.988932874580189267e-06,4.058562185148442450e-06,3.990592963820920142e-06,4.084508045722969607e-06,4.155704337942174902e-06,4.225682038503544469e-06,4.189668632653814166e-06,4.260305470688170478e-06,4.328875895822595709e-06,4.299357462887387223e-06,4.367493679412337068e-06,4.432822124380198719e-06,4.369581768911291821e-06,4.472842253930699939e-06,4.533334241126995102e-06,4.590172396813970641e-06,4.572463701143930580e-06,4.626786647946538838e-06,4.677012562777681178e-06,4.613732640248816143e-06,4.710156868206458404e-06,4.752828707124166240e-06,4.790996479465899454e-06,4.781036282915577978e-06,4.815472928703567530e-06,4.845247693405454239e-06,4.837615040562795362e-06,4.863380604312014159e-06,4.884427646485647929e-06,4.878647019298516182e-06,4.955679962632179431e-06,5.030484457362700566e-06,5.102845568334554085e-06,5.098928770788828625e-06,5.169013941215479719e-06,5.236215893197125634e-06,5.233333419411912690e-06,5.297749772305150218e-06,5.358885858874037841e-06,5.416570685632611863e-06,5.414697014075954696e-06,5.468967656286241287e-06,5.519455279228867806e-06,5.518125477803788247e-06,5.564838849146557306e-06,5.607485034363566677e-06,5.645946075941760002e-06,5.645134849230796209e-06,5.679404721850096527e-06,5.709277518538839683e-06,5.708741554832186832e-06,5.734209406481160145e-06,5.755118857498268266e-06,5.754788329860617513e-06,5.771137109583922850e-06,5.782817224682899712e-06,5.789794787700272491e-06,5.789661617075277320e-06,5.791943556210964994e-06,5.789509799502335302e-06,5.789485147766744197e-06,5.782337678970771103e-06,5.770469348061887025e-06,5.753907593169369315e-06,5.753993638625014062e-06,5.732801075666997118e-06,5.707003906292285802e-06,5.707156237328647653e-06,5.676836768984815540e-06,5.642047762963758086e-06,5.642257186933938187e-06,5.603100592335114407e-06,5.559653058496070007e-06,5.512019439615952847e-06,5.512295837070569465e-06,5.460606143219184826e-06,5.404967898394847945e-06,5.405290112976160863e-06,5.345850088555739300e-06,5.282733505976380952e-06,5.216088020505182389e-06,5.216467496006504141e-06,5.146461448957862655e-06,5.073241742557268896e-06,5.073661995506305165e-06,4.997408430762529641e-06,4.918279232577912831e-06,4.836450451571961673e-06
4.316462163868926372e-06,4.316075329757235421e-06,4.389145451995270338e-06,4.459805179538854725e-06,4.527897392400936430e-06,4.527553387229642561e-06,4.592936055792104265e-06,4.655449568118409868e-06,4.655139569520920582e-06,4.714652104237396915e-06,4.771014216636217079e-06,4.824094163547861976e-06,4.823832609248572305e-06,4.873518147853820946e-06,4.919678939904334336e-06,4.919456911989589596e-06,4.961996781299754967e-06,5.000800170274699588e-06,5.035773610008043332e-06,5.035610901197789986e-06,5.066686337806765010e-06,5.093772876763477926e-06,5.093662340826619675e-06,5.116713896835114427e-06,5.135656661595149100e-06,5.135608499037444813e-06,5.150421016465729060e-06,5.161046411960974250e-06,5.167460589989915702e-06,5.167520122543091279e-06,5.169733240513893312e-06,5.167741240635086010e-06,5.167909354520609264e-06,5.161735958124127019e-06,5.151371243620927990e-06,5.136846307479734944e-06,5.137216269714870566e-06,5.118637239903047750e-06,5.095999552920176850e-06,5.096582857611462505e-06,5.070037406569004662e-06,5.039581539407757476e-06,5.040453296087119296e-06,5.006290308171777252e-06,4.968411725914952935e-06,4.926925094101458425e-06,4.928344093331513094e-06,4.883540641539961755e-06,4.835390886858776722e-06,4.837386293001244066e-06,4.786259551767841869e-06,4.732093060479120587e-06,4.675043515110308794e-06,4.678110831883610533e-06,4.618678052014455395e-06,4.556730857451354581e-06,4.560898763319310765e-06,4.497055035308585271e-06,4.431107118344568350e-06,4.416217692908198441e-06,4.476255687014599996e-06,4.403836655764293672e-06,4.381081362179584766e-06,4.441230286833164368e-06,4.362993597877766637e-06,4.332636790442692108e-06,4.392920690431501658e-06,4.309732805524133714e-06,4.272256692066195386e-06,4.230899808136201792e-06,4.291020732711307254e-06,4.201867083161405177e-06,4.154442237475425397e-06,4.215059710317998462e-06,4.123977697768158633e-06,4.071570236019727541e-06,4.016278947060724593e-06,4.077461113935123737e-06,3.985643120723786413e-06,3.927326816793809149e-06,3.990024135790064802e-06,3.900584278590573723e-06,3.840939522455779053e-06,3.905810188248406864e-06,3.820816540123296848e-06,3.761748185210363708e-06,3.702348603921385841e-06,3.770470664955887732e-06,3.694732416555186290e-06,3.638907861677244387e-06,3.711044640705483855e-06,3.645057985472016310e-06,3.595011207510723584e-06,3.546992894778817932e-06,3.625009224601627197e-06,3.575788907986862230e-06,3.536708167220831268e-06,3.620673012359191365e-06,3.586012918622287271e-06,3.557881150824852836e-06,3.648438282569875548e-06,3.629817409357257221e-06,3.614372044480468734e-06,3.604043648181542953e-06,3.703479257994729048e-06,3.708997047425204995e-06,3.713303950159783256e-06,3.819984958967696731e-06,3.843247536084968802e-06,3.862826469236128940e-06,3.888689799490310614e-06,4.004173910502385555e-06,4.051897650074036461e-06,4.093065246359310704e-06,4.214452773795439902e-06,4.277974225917331968e-06,4.333466719287279875e-06,4.394910794796877618e-06,4.521913989099618369e-06,4.604701799658466896e-06,4.678080584750734645e-06,4.807073044702919763e-06,4.899708853137729781e-06,4.982317910222248413e-06,5.110812289807085446e-06,5.209734639118345158e-06,5.298263180468878058e-06,5.389443870287220104e-06,5.513028245204358829e-06,5.615294670268969156e-06,5.707164411325202987e-06,5.823229197378624076e-06,5.921976264009353454e-06,6.010366217697835546e-06,6.097836324341808639e-06,6.199074230705921050e-06,6.287327356103546869e-06,6.365628880961382639e-06,6.451870703513971266e-06,6.526871906333462979e-06,6.592190317207371972e-06,6.660644651937764253e-06,6.718985873994665138e-06,6.768058345582865005e-06,6.811779342386199983e-06,6.853325780417316209e-06,6.885719779731529687e-06,6.909972971963029251e-06,6.929490736604302696e-06,6.940070685164853062e-06,6.943642817492005539e-06,6.943642817492005539e-06,6.940832972146636083e-06,6.930682267662344749e-06,6.911534046738056934e-06,6.888152686864405664e-06,6.856327227667187191e-06,6.815193742261580659e-06,6.772600588805164299e-06,6.724839039979662450e-06,6.667452764065966369e-06,6.599574169788739389e-06,6.536042713021966968e-06,6.462387538468143737e-06,6.376879039519605345e-06,6.300984772493092321e-06,6.214584992898277967e-06,6.114263489813897934e-06,6.029958939582214125e-06,5.945162014182604117e-06,5.849254991526627431e-06,5.734400267836544892e-06,5.647064840500169612e-06,5.548443612981835188e-06,5.426256797606691498e-06,5.340648249897171537e-06,5.258238510394668274e-06,5.164366242415354670e-06,5.037500518285151971e-06,4.962139125964669563e-06,4.875596515075427140e-06,4.748331936435422095e-06,4.683347462374683460e-06,4.607754268539187161e-06,4.482519056864288229e-06,4.430596137990289351e-06,4.385168883189349824e-06,4.330542263096965766e-06,4.210850113149616064e-06,4.180774121416898917e-06,4.143066413872898169e-06,4.029131457266499613e-06,4.015275123626214829e-06,4.008109590022110164e-06,3.996449755668969403e-06,3.890947123939563075e-06,3.899747493242005282e-06,3.906785040202819881e-06,3.808183476931420730e-06,3.832137279870920479e-06,3.861396377340829839e-06,3.893782007832813327e-06,3.803413305747392399e-06,3.845588101344722088e-06,3.894644766718559142e-06,3.810366284909421648e-06,3.863520020322188181e-06,3.927613082710687866e-06,3.848737687042505078e-06,3.910661827375556843e-06,3.974459217366457364e-06,4.055724890677802812e-06,3.981858610284096904e-06,4.050987469215927350e-06,4.142067576924637921e-06,4.071620640932948795e-06,4.143710005532659637e-06,4.215103471529920841e-06,4.315230573689248963e-06,4.247151984708311041e-06,4.318290464831931137e-06,4.422535428347412032e-06,4.356065474843626613e-06,4.424926382017154922e-06,4.531083456394444433e-06,4.465595222107393504e-06,4.530387068093880853e-06,4.591744665271824032e-06,4.696240544988817513e-06,4.630593833127001734e-06,4.685825383803652531e-06,4.787648918772311419e-06,4.722077411956785945e-06,4.770059031244969139e-06,4.813560951008839080e-06,4.908154530850346423e-06,4.841890095350785495e-06,4.877071201848922146e-06,4.965796903051327919e-06,4.899385695857594959e-06,4.925773687152689834e-06,5.007725216312136220e-06,4.941201343834178074e-06,4.958557722504530094e-06,5.033057350427849696e-06,5.105142674547456926e-06,5.100976805073545738e-06,5.170837404190871521e-06,5.237837217423478217e-06,5.234773110681578105e-06,5.299026545591492051e-06,5.360016768637339967e-06,5.417571250259172726e-06,5.415581334297282862e-06,5.469748527489226613e-06,5.520144297625140762e-06,5.518733140477436613e-06,5.565374648044134279e-06,5.607957544329278628e-06,5.646363036934050348e-06,5.645503242884743803e-06,5.679730842573319208e-06,5.709567039347415551e-06,5.708999588147784891e-06,5.734440560121513927e-06,5.755327286100653628e-06,5.754977781982489329e-06,5.771310970726688094e-06,5.782978556484222560e-06,5.789946363537701574e-06,5.789805954319579842e-06,5.792082945361701978e-06,5.789646330431108159e-06,5.789620733285410448e-06,5.782474075933066284e-06,5.770608176197391158e-06,5.754050351838832497e-06,5.754141721675909988e-06,5.732955784557864910e-06,5.707166461644078305e-06,5.707327789051101796e-06,5.677018405115818818e-06,5.642240517349831668e-06,5.642462045870516978e-06,5.603318500276114929e-06,5.559884922933515919e-06,5.512266135222062619e-06,5.512558209186820613e-06,5.460885010769431318e-06,5.405264056292525156e-06,5.405604334089092847e-06,5.346183125285941633e-06,5.283086091506567971e-06,5.216460869758455518e-06,5.216861306360829268e-06,5.146876900752525530e-06,5.073679499424354695e-06,5.074122704556574793e-06,4.997892722651642460e-06,4.918787721475827594e-06,4.836983735055587803e-06,4.837481237165413117e-06
4.241634078976271038e-06,4.316922488127993837e-06,4.316514780431098185e-06,4.389564505004173083e-06,4.460204325747227480e-06,4.528277137625316870e-06,4.527914252318851911e-06,4.593278576798118412e-06,4.655774296578950724e-06,4.655447072877770086e-06,4.714942966417732680e-06,4.771289038827776290e-06,4.824353565202801643e-06,4.824077229355130834e-06,4.873748646519689536e-06,4.919896000300777163e-06,4.919661242710942176e-06,4.962189119199011794e-06,5.000981283842439521e-06,5.035944303368913997e-06,5.035772018806352558e-06,5.066838769932434887e-06,5.093917565862841682e-06,5.093800288910329632e-06,5.116846173946024381e-06,5.135784415524186262e-06,5.135732966413944323e-06,5.150543535369547896e-06,5.161168436214531512e-06,5.167583705299347321e-06,5.167646064668814354e-06,5.169863915662025612e-06,5.167878748272073430e-06,5.168056012824126432e-06,5.161894332293460341e-06,5.151544177279623565e-06,5.137036957411892878e-06,5.137428144184059157e-06,5.118874240808902031e-06,5.096266022052325893e-06,5.096883627262893052e-06,5.070377854771290528e-06,5.039967650048141320e-06,5.040891724162101284e-06,5.006788450423085649e-06,4.968977797081252501e-06,4.927568209002467651e-06,4.929074354979917901e-06,4.884369235450300164e-06,4.836330181690808597e-06,4.838449947637975201e-06,4.787462628884823183e-06,4.733452146611700434e-06,4.676576847168713521e-06,4.679838430001983253e-06,4.620621858548928756e-06,4.558914881863855626e-06,4.563349232597893316e-06,4.556067645596377833e-06,4.544423431938920812e-06,4.473534993804686187e-06,4.534910965987301869e-06,4.515039928330145457e-06,4.437850011871222022e-06,4.499396147983260583e-06,4.471496661922910101e-06,4.388793010880221465e-06,4.450550549442112531e-06,4.415042982043117721e-06,4.375392140344876598e-06,4.285783980241972350e-06,4.347497535394229824e-06,4.301209296013573968e-06,4.208941479925182602e-06,4.271285702562309698e-06,4.219406158934973067e-06,4.164325007438725652e-06,4.070184887752063118e-06,4.133302804521355020e-06,4.074553599677973482e-06,3.981975177357231282e-06,4.046823653474180994e-06,3.986105401209504544e-06,3.897163864378942138e-06,3.964438626858864979e-06,3.903680254083100015e-06,3.842277033736660798e-06,3.761483106366181899e-06,3.832378212729328496e-06,3.774005827093818911e-06,3.702302708271156192e-06,3.777537883915055337e-06,3.724481093050776664e-06,3.673219786535464825e-06,3.617525318248019960e-06,3.699077956832755311e-06,3.656447784160103584e-06,3.615016827548591329e-06,3.702853746564514720e-06,3.670997802322504357e-06,3.645522183239464023e-06,3.740256738617722899e-06,3.721056033880205622e-06,3.706949816567113445e-06,3.705843755395371010e-06,3.809770815803995672e-06,3.810487268153544798e-06,3.827645319335757256e-06,3.938951872067368565e-06,3.955270349613780371e-06,3.978020910225862719e-06,4.020750796436959234e-06,4.140851833232893936e-06,4.179420514226551499e-06,4.239077484977924793e-06,4.364888391724877506e-06,4.418383889663734404e-06,4.478102529822484787e-06,4.558895993939526254e-06,4.689795678896319431e-06,4.762124103735738307e-06,4.854312651912896208e-06,4.986565436924013225e-06,5.068788313943647990e-06,5.168879782334402999e-06,5.299799641351360627e-06,5.388549479712305339e-06,5.480224203781688888e-06,5.585869046120702946e-06,5.710493664316319895e-06,5.803322294512108250e-06,5.906926453630053882e-06,6.022802255696231846e-06,6.112464885753338313e-06,6.201355961749999662e-06,6.296197607781989565e-06,6.395460388151106330e-06,6.475255011115941059e-06,6.557765047136413885e-06,6.640644784802538552e-06,6.707348617246704060e-06,6.773790253285528408e-06,6.837537209431540365e-06,6.887723850337930617e-06,6.932485933112894051e-06,6.973248888183451129e-06,7.008494636753870680e-06,7.033346023736042665e-06,7.052038875444922774e-06,7.064296637057850488e-06,7.067959434691723468e-06,7.067959434691723468e-06,7.065108117809875337e-06,7.053230406502964828e-06,7.035008352061800581e-06,7.011086579150742438e-06,6.976250335433322112e-06,6.936125706452065123e-06,6.892569161327640098e-06,6.843785241518385595e-06,6.780598365413730523e-06,6.715235913964119828e-06,6.650446972093786477e-06,6.568281882090587204e-06,6.487286298252383395e-06,6.410072787700505045e-06,6.311708369974346482e-06,6.218938173552918713e-06,6.133440797740385658e-06,6.047629025125497315e-06,5.932952247778057238e-06,5.832487986165869271e-06,5.744514436602445484e-06,5.621284413898179306e-06,5.519641048724340531e-06,5.433924537686909987e-06,5.351712125387214953e-06,5.222433734942672223e-06,5.127830090863957454e-06,5.053336323042414448e-06,4.922836122285404432e-06,4.837226940965339662e-06,4.773831262796157651e-06,4.644736273379095047e-06,4.571664464297215864e-06,4.522053443856949234e-06,4.479229433309589453e-06,4.355166974279449810e-06,4.304974590065265386e-06,4.278133463557038204e-06,4.159643299807471849e-06,4.127513156385024490e-06,4.117420708379302949e-06,4.114168541735928961e-06,4.004110116037030775e-06,3.999135823554286923e-06,4.012171321009689145e-06,3.909149537603460996e-06,3.923374395858656748e-06,3.951726913497244241e-06,3.985344764199667636e-06,3.890865908502402225e-06,3.930621429827878803e-06,3.977078497948937611e-06,3.888988581907986635e-06,3.945286153264686157e-06,4.002489745830317358e-06,3.920129176357535909e-06,3.991112848929570184e-06,4.056712455611633623e-06,4.123915217091760832e-06,4.046982958253566700e-06,4.134289231303981451e-06,4.206282286319261306e-06,4.133080018405573366e-06,4.229473188058635489e-06,4.303799239539314008e-06,4.377073236373485511e-06,4.306584250455058100e-06,4.410813317030316266e-06,4.483130398558605369e-06,4.414486472500145737e-06,4.521955577953787233e-06,4.591270366888019027e-06,4.523807239072098066e-06,4.632305578056632841e-06,4.696827282881285416e-06,4.757558144387103993e-06,4.690122351237922738e-06,4.795730097341576099e-06,4.849652795663593874e-06,4.782412258677463243e-06,4.884560147170175016e-06,4.930596540228446065e-06,4.971859953601636161e-06,4.904027122711733724e-06,4.997932465029816793e-06,5.030330512845266537e-06,4.962417179791094759e-06,5.049850502739033645e-06,5.072980712589620359e-06,5.005005566036336454e-06,5.085145640330548880e-06,5.098843630245855841e-06,5.107593263896848479e-06,5.103161004868601059e-06,5.172781455983226540e-06,5.239565147742088613e-06,5.236306881694031722e-06,5.300386200228689602e-06,5.361220569829828000e-06,5.418635814019201168e-06,5.416521756459134503e-06,5.470578503991419272e-06,5.520876238282061482e-06,5.519378276244788724e-06,5.565943131832819958e-06,5.608458545465963450e-06,5.646804829404346769e-06,5.645893287526722693e-06,5.680075863415619002e-06,5.709873094307681517e-06,5.709272134324157439e-06,5.734684513922614077e-06,5.755547078468575330e-06,5.755177408968853831e-06,5.771494039684476956e-06,5.783148328138030507e-06,5.790105790192720204e-06,5.789957714465287234e-06,5.792229474920248970e-06,5.789789850892960189e-06,5.789763276966325054e-06,5.782617508577012291e-06,5.770754217139933363e-06,5.754200591934902480e-06,5.754297639184956971e-06,5.733118759168314949e-06,5.707337786807905988e-06,5.707508682788282672e-06,5.677210019437560772e-06,5.642443946438931130e-06,5.642678333146830046e-06,5.603548644465305338e-06,5.560129883247724538e-06,5.512526835752115484e-06,5.512835542597048476e-06,5.461179841378066746e-06,5.405577222613091053e-06,5.405936650901065977e-06,5.346535385296375457e-06,5.283459066658203744e-06,5.216855312234185629e-06,5.217277949329104018e-06,5.147316458893507977e-06,5.074142669272193965e-06,5.074610164689148232e-06,4.998405133755420573e-06,4.919325726310227510e-06,4.837547958338119844e-06,4.838072285396206908e-06,4.753789622674859907e-06
4.164792007663124982e-06,4.242143758670402147e-06,4.317409616548197707e-06,4.316979838107288842e-06,4.390007988721169007e-06,4.460626748495307760e-06,4.528679028608553460e-06,4.528296157038191709e-06,4.593641057228744332e-06,4.656117931464336809e-06,4.655772458166015283e-06,4.715250715869254466e-06,4.771579784827375555e-06,4.824627959813317468e-06,4.824335945654646321e-06,4.873992380269328672e-06,4.920125471995736656e-06,4.919877200073455108e-06,4.962392340178505285e-06,5.001172580195223019e-06,5.036124524897342860e-06,5.035942058345533779e-06,5.066999569181235790e-06,5.094070122165150989e-06,5.093945663102223953e-06,5.116985499394729537e-06,5.135918908495351442e-06,5.135863937914866919e-06,5.150672404627387916e-06,5.161296745960284196e-06,5.167713139040248466e-06,5.167778466143851093e-06,5.170001310687160918e-06,5.168023369193569762e-06,5.168210325809759258e-06,5.162061067702260195e-06,5.151726363360903980e-06,5.137237957593407635e-06,5.137651698216965659e-06,5.119124510043501082e-06,5.096547639122955248e-06,5.097201750462563717e-06,5.070738227396310910e-06,5.040376664989680180e-06,5.041356494014974345e-06,5.007316883371679589e-06,4.969578678807874380e-06,4.928251290844181850e-06,4.929850448535648224e-06,4.885250313810141397e-06,4.837329487423745348e-06,4.839582107632092198e-06,4.788743776085237744e-06,4.734900048645463183e-06,4.678211041782553495e-06,4.681680367167695622e-06,4.622695049012216705e-06,4.619094301464540750e-06,4.682729037909135131e-06,4.616284533173897419e-06,4.604303182867828464e-06,4.587815670863927680e-06,4.594789392441591406e-06,4.574447579047824852e-06,4.549601161056608805e-06,4.558814009367369810e-06,4.530336901418703191e-06,4.497454119712920356e-06,4.561562284839349152e-06,4.473322570582295700e-06,4.432969815308238717e-06,4.388525205682581765e-06,4.405350969949636284e-06,4.358359205138806459e-06,4.307658630559836607e-06,4.372340226434007467e-06,4.276477855732062919e-06,4.220756768088397397e-06,4.162086975611318296e-06,4.190829275956068286e-06,4.131603297141641657e-06,4.070124142769589482e-06,4.105535868197148614e-06,4.044584733302476935e-06,3.982193107143628254e-06,4.052037074789217800e-06,3.964606442203126535e-06,3.903415195324535521e-06,3.842133115503360318e-06,3.896963307591397671e-06,3.839243310078567602e-06,3.782458321491808612e-06,3.860658517414809315e-06,3.795266312334585729e-06,3.745362503870128779e-06,3.697947463353124335e-06,3.776967947172556588e-06,3.736274397289788500e-06,3.699110619642977162e-06,3.789446683770347798e-06,3.760121762883133666e-06,3.735289245018932350e-06,3.833802005851427360e-06,3.821013912451470246e-06,3.810244787441836848e-06,3.805183472366097148e-06,3.921917893802436758e-06,3.926469492801725463e-06,3.937294142651225728e-06,4.052786014582577253e-06,4.084886382933687379e-06,4.112010205733945832e-06,4.145868461320745359e-06,4.284596965220318696e-06,4.327704710262379063e-06,4.377445618963750592e-06,4.507299407901162687e-06,4.580692421307178582e-06,4.644894432388376796e-06,4.715135948906273935e-06,4.865187437248176926e-06,4.941627108485340473e-06,5.023231256152240109e-06,5.173382864739380122e-06,5.259086066730487389e-06,5.348790714069312200e-06,5.481861086733748705e-06,5.587007614159117600e-06,5.680953230739032298e-06,5.776935850585434379e-06,5.913817002176907571e-06,6.007720047500459753e-06,6.102035141436449477e-06,6.217452295995962130e-06,6.316509626708830608e-06,6.404622518935471023e-06,6.490844609189962494e-06,6.594795107173541047e-06,6.672311072980925967e-06,6.746373825012992351e-06,6.830786773029654706e-06,6.893715627248265142e-06,6.951837529188361660e-06,7.010587308305304946e-06,7.059124573650438277e-06,7.098278477289411715e-06,7.131262392413582228e-06,7.161100913249381069e-06,7.179219513934116160e-06,7.190669100672251687e-06,7.195603067905631944e-06,7.195603067905631944e-06,7.191085239324175590e-06,7.180488374472424661e-06,7.163283843869859250e-06,7.133445323034060409e-06,7.101477765261968893e-06,7.063483478643516130e-06,7.015758383194517876e-06,6.957540277514726863e-06,6.900987318645286245e-06,6.839893143214244859e-06,6.755480195197582504e-06,6.683558050442694069e-06,6.608528101781471429e-06,6.504577603797892876e-06,6.421225382975589246e-06,6.336403235735953043e-06,6.239920633292399962e-06,6.125675552375289702e-06,6.035596204140316581e-06,5.946447972798403405e-06,5.809566821206929365e-06,5.718884978239010602e-06,5.630809314833942113e-06,5.530459252968221152e-06,5.399050656358568792e-06,5.316407174995974814e-06,5.238377904985051037e-06,5.088226296397911024e-06,5.014913642406814871e-06,4.947382597903648344e-06,4.797331109561745352e-06,4.736609599038757139e-06,4.682527872657417792e-06,4.617984855706172525e-06,4.489985243336865151e-06,4.451510848420483283e-06,4.420205456928394631e-06,4.281476953028822141e-06,4.259925705079175598e-06,4.245578000202969722e-06,4.225291324919122536e-06,4.111191462554288480e-06,4.113959010305482521e-06,4.123339900082818094e-06,4.006605478646478061e-06,4.025890729699562398e-06,4.051124242782692017e-06,4.078166628597801807e-06,3.980051765352627927e-06,4.019670465335168119e-06,4.063861078729406132e-06,3.973525014602062176e-06,4.025579315224388850e-06,4.081133794585182203e-06,4.002113310766224711e-06,4.064305949057119321e-06,4.128851372637205705e-06,4.210322651362179700e-06,4.130497820571916456e-06,4.201500671273149412e-06,4.273154647849470213e-06,4.218324455843013991e-06,4.293211683224493335e-06,4.367636882488448403e-06,4.471112831633103677e-06,4.398046716827931213e-06,4.472814068981422745e-06,4.545659875813109891e-06,4.510248153417571263e-06,4.583110449919380893e-06,4.653180750238551188e-06,4.624438460191644065e-06,4.693389679841557907e-06,4.758808426701788756e-06,4.868984411274516371e-06,4.799085442810556166e-06,4.858266207717144314e-06,4.913110631940655226e-06,4.896284970486282816e-06,4.947946194986029522e-06,4.994873807042466617e-06,5.095313775568203934e-06,5.024935796567801541e-06,5.063103752409506462e-06,5.096223121749683373e-06,5.087010850067391564e-06,5.115861195983932489e-06,5.139575105598525021e-06,5.132602441219193977e-06,5.151839061712638129e-06,5.165956829580044942e-06,5.241029631651156478e-06,5.170304651474819041e-06,5.174854887774375876e-06,5.241407414902585938e-06,5.237941515628019238e-06,5.301834674738102813e-06,5.362502449921338699e-06,5.419768898262187843e-06,5.417522212667654145e-06,5.471460998082253060e-06,5.521654056232034720e-06,5.520063439134180957e-06,5.566546504017775949e-06,5.608989935971964818e-06,5.647273086675091302e-06,5.646306387698836940e-06,5.680440992319679877e-06,5.710196723420616289e-06,5.709560090917602865e-06,5.734942045666707131e-06,5.755778912761294331e-06,5.755387807267972757e-06,5.771686847122714302e-06,5.783327018702578818e-06,5.790273507748318877e-06,5.790117309895808335e-06,5.792383539657633327e-06,5.789940747094676195e-06,5.789913164593543235e-06,5.782768369615697091e-06,5.770907877196293717e-06,5.754358739425283229e-06,5.754461842328553060e-06,5.733290480979151456e-06,5.707518398270555052e-06,5.707699474389879102e-06,5.677412211216931478e-06,5.642658696702167740e-06,5.642906745987561657e-06,5.603791776217149871e-06,5.560388747986142965e-06,5.512802409953120146e-06,5.513128769050907802e-06,5.461491632447418329e-06,5.405908462916632564e-06,5.406288199496291305e-06,5.346908077427688930e-06,5.283853715130049474e-06,5.217272708462681266e-06,5.217718864120036282e-06,5.147781642989256744e-06,5.074632853705454076e-06,5.075126060976918672e-06,4.998947433962782665e-06,4.919895103009823703e-06,4.838145064488008176e-06,4.838697754155812606e-06,4.754444067176120634e-06,4.667855082358965924e-06
4.165843448785684945e-06,4.165355796073177844e-06,4.242683222231195491e-06,4.317925238344999117e-06,4.317472118940656804e-06,4.390477447013474356e-06,4.461073920240978116e-06,4.529104467383523577e-06,4.528700434086582047e-06,4.594024761647504077e-06,4.656481670509700395e-06,4.656116857709046873e-06,4.715576421031524155e-06,4.771887460832046222e-06,4.824918293091481607e-06,4.824609645251869995e-06,4.874250179602856935e-06,4.920368131018877879e-06,4.920105507910233764e-06,4.962607118298756482e-06,5.001374686207987202e-06,5.036314857048671745e-06,5.036121560815610793e-06,5.067169238285158683e-06,5.094231013571637997e-06,5.094098900195117316e-06,5.117132282913155405e-06,5.136060527600008818e-06,5.136001782839880116e-06,5.150807981089550790e-06,5.161431691510183312e-06,5.167849241552608632e-06,5.167917684657374104e-06,5.170145798817007496e-06,5.168175501352246154e-06,5.168372726484379913e-06,5.162236644047747078e-06,5.151918341379370919e-06,5.137449922179544486e-06,5.137887637357364381e-06,5.119388863464265961e-06,5.096845351684161991e-06,5.097538330600009156e-06,5.071119810909847324e-06,5.040810084473110920e-06,5.041849354214360155e-06,5.007877642746613747e-06,4.970216737553298347e-06,4.928977085608242014e-06,4.930675554041311613e-06,4.886187551554456925e-06,4.838393041588242971e-06,4.840787648290381922e-06,4.790108589738980998e-06,4.736443176057289080e-06,4.679953423003643305e-06,4.744494981862468811e-06,4.744776215597018138e-06,4.680496702165234546e-06,4.745527645801303270e-06,4.737136801706189912e-06,4.665421052234837311e-06,4.648502949394419249e-06,4.713705625392309072e-06,4.635115969378577675e-06,4.609713519327209366e-06,4.675144740615648549e-06,4.644806570683346256e-06,4.556943170481080037e-06,4.622667126774376351e-06,4.584316786935295474e-06,4.491907552433067201e-06,4.446721897730822829e-06,4.512506662571690720e-06,4.462889130408631811e-06,4.365555252423049823e-06,4.432145391538869976e-06,4.376838962672897216e-06,4.278815250570291676e-06,4.219559424874852469e-06,4.287183458249132860e-06,4.190486711783001192e-06,4.128636996992372477e-06,4.198322674345855392e-06,4.134605775066664527e-06,4.042707657642801014e-06,4.115228428611091284e-06,4.052053986689877290e-06,3.967104115094802779e-06,3.906284547382757394e-06,3.983017413419408555e-06,3.923347485909613831e-06,3.851649445577270107e-06,3.933292541987942004e-06,3.880035005102288486e-06,3.821174503113368888e-06,3.775504821771920306e-06,3.864230706977572153e-06,3.820365861695392474e-06,3.785565124913910358e-06,3.881188927346052306e-06,3.852344062624392357e-06,3.832292434936171315e-06,3.935371811454074847e-06,3.920615801286313474e-06,3.919307396031025167e-06,3.918025409020185392e-06,4.030859892295838548e-06,4.037967790010534095e-06,4.063905383918344551e-06,4.184336520070065111e-06,4.208160401566829825e-06,4.253120342530282734e-06,4.291648536557151600e-06,4.420787316458494944e-06,4.468020226709338988e-06,4.537962209985695660e-06,4.672343660782035573e-06,4.734720892842064822e-06,4.819459681825976495e-06,4.894157342844073551e-06,5.032452774906777244e-06,5.128817025673724241e-06,5.214325693099987283e-06,5.352567279274485898e-06,5.442185281786777178e-06,5.549503783521060616e-06,5.684585319252985411e-06,5.779053075964293225e-06,5.888109218660264496e-06,5.985706267690400568e-06,6.111502045372384866e-06,6.207034010402900065e-06,6.312078654880065492e-06,6.426486631383028832e-06,6.516054987705129991e-06,6.611512091927962772e-06,6.695955586921645077e-06,6.789975364492992864e-06,6.871405541084323464e-06,6.942122190859659897e-06,7.016882002641012763e-06,7.076320467350974175e-06,7.133675652222971439e-06,7.186587094997675983e-06,7.226674644462224731e-06,7.262041108910103582e-06,7.288452893182943743e-06,7.309830774770151914e-06,7.321583668742680146e-06,7.325268664389003930e-06,7.325268664389003930e-06,7.322026909276500820e-06,7.311182568527866549e-06,7.290223809112986110e-06,7.264803715653593829e-06,7.230086382839011092e-06,7.191238552494197085e-06,7.138846727112182674e-06,7.082410294494442371e-06,7.024652774945214923e-06,6.950551521258777674e-06,6.881887974239888962e-06,6.802009486648166712e-06,6.708828935516743113e-06,6.627154416453641702e-06,6.533836232793840288e-06,6.447798774876731106e-06,6.334546992176503324e-06,6.232365366124766868e-06,6.141375321553454636e-06,6.016954103514154297e-06,5.924557744691489769e-06,5.819699676844320367e-06,5.731514411728526224e-06,5.598101949755533064e-06,5.496020828515608584e-06,5.413947206272734748e-06,5.277523186295954915e-06,5.200259093920932071e-06,5.110864478259822862e-06,4.974477462987690561e-06,4.909287134521796723e-06,4.832747701431896639e-06,4.781122500012927989e-06,4.648647657790704651e-06,4.588156400630894480e-06,4.552860980055248969e-06,4.425521162224083121e-06,4.399392312543736527e-06,4.365723129310246061e-06,4.355375766677360622e-06,4.236410694254889834e-06,4.222914414177232993e-06,4.230097271989311937e-06,4.118393702498228647e-06,4.134099534028728973e-06,4.149379902671964549e-06,4.179263508481097908e-06,4.076657057682545762e-06,4.111531072325077265e-06,4.155781300213556082e-06,4.060103017447076409e-06,4.110075525761348670e-06,4.169731606274233433e-06,4.080368018495282782e-06,4.141117408505536031e-06,4.216191100876162281e-06,4.284541047429760532e-06,4.201313579530412175e-06,4.289459968336867352e-06,4.363714296704254125e-06,4.284740963019575220e-06,4.359486957448051156e-06,4.460888829872367661e-06,4.537527746757895253e-06,4.461783414956032929e-06,4.569912225917411063e-06,4.646142177498076841e-06,4.572598987844361287e-06,4.646128531668616176e-06,4.758416687898962964e-06,4.686332994061915109e-06,4.756147204218286112e-06,4.869153507913951003e-06,4.934070382029148349e-06,4.862199470380681798e-06,4.973781665414813644e-06,5.031710785112204004e-06,4.960164307817325570e-06,5.012777584778430580e-06,5.118140571132339650e-06,5.162788504511015562e-06,5.090694926735835985e-06,5.190549020708764189e-06,5.225832908704440407e-06,5.153707081256632404e-06,5.183246553718109852e-06,5.272280581387902208e-06,5.200123949747908849e-06,5.219892687804915965e-06,5.300980875477502035e-06,5.311052084355230475e-06,5.238799608264218363e-06,5.311366472217469794e-06,5.311547650662745410e-06,5.239684335762398713e-06,5.303378377833272614e-06,5.363868004582103898e-06,5.420975377728478192e-06,5.418586940107121445e-06,5.472399684676186004e-06,5.522480931949434603e-06,5.520791376159795089e-06,5.567187132862747258e-06,5.609553754350881069e-06,5.647769561280901924e-06,5.646744049047818069e-06,5.680827522872758594e-06,5.710539039215456861e-06,5.709864416968247434e-06,5.735213985404861386e-06,5.756023511805950029e-06,5.755609611818468275e-06,5.771889957274960924e-06,5.783515136989522988e-06,5.790449983204144487e-06,5.790285177939327541e-06,5.792545558084124247e-06,5.790099428457457814e-06,5.790070805247168159e-06,5.782927075682059093e-06,5.771069587703440115e-06,5.754525246856624768e-06,5.754634810807549133e-06,5.733471462301726117e-06,5.707708845984581999e-06,5.707900756108186232e-06,5.677625619337592964e-06,5.642885457697457812e-06,5.643148028410833390e-06,5.604048697565345347e-06,5.560662380544456985e-06,5.513093785737744946e-06,5.513438883955698096e-06,5.461821449690847843e-06,5.406258915876460096e-06,5.406660194011029710e-06,5.347302493636175182e-06,5.284271408913235350e-06,5.217714512545054005e-06,5.218185588881951979e-06,5.148274077035842406e-06,5.075151764232540256e-06,5.075672193969783045e-06,4.999521514259174357e-06,4.920497834254895215e-06,4.838777129005220783e-06,4.839359812754775922e-06,4.755136758915430164e-06,4.668579024279611300e-06,4.669205725890521766e-06
4.087256806765988028e-06,4.166466489146663471e-06,4.165952639942830093e-06,4.243254352834795121e-06,4.318471158226656714e-06,4.317993349839815704e-06,4.390974529771548132e-06,4.461547414752193865e-06,4.529554952606366186e-06,4.529128508134916300e-06,4.594431041983413568e-06,4.656866794263433043e-06,4.656481482155104193e-06,4.715921224254088647e-06,4.772213142617405966e-06,4.825225576090142525e-06,4.824899276458507067e-06,4.874522932208256865e-06,4.920624806694564835e-06,4.920346939593587399e-06,4.962834173554136075e-06,5.001588271247697861e-06,5.036515921506529538e-06,5.036311103375467367e-06,5.067348313276897596e-06,5.094400738658046146e-06,5.094260465284380860e-06,5.117286960443793843e-06,5.136209684357559743e-06,5.136146893477642305e-06,5.150950643539106931e-06,5.161573644481124408e-06,5.167992384334750612e-06,5.168064099452754373e-06,5.170297775842747328e-06,5.168335566968959719e-06,5.168543674617877895e-06,5.162421571184104637e-06,5.152120685424776591e-06,5.137673505486387371e-06,5.138136714226428816e-06,5.119668172439335274e-06,5.097160172959426628e-06,5.097894548861925538e-06,5.071523983933208308e-06,5.041269517785428855e-06,5.042372182132905704e-06,5.008472916077941428e-06,4.970894518225471636e-06,4.929748548480531031e-06,4.931553096104539574e-06,4.887184908696770442e-06,4.839525413055419422e-06,4.842071828916386801e-06,4.791563109960945228e-06,4.800347388237368247e-06,4.804668571615978824e-06,4.808598001894110886e-06,4.808766799929396706e-06,4.804281868615931631e-06,4.809633207218015635e-06,4.800965784406583268e-06,4.787527324373299196e-06,4.710463888695386438e-06,4.777178935162180665e-06,4.754837726650935968e-06,4.727686269799715698e-06,4.738147249674429000e-06,4.707184917718526016e-06,4.671537098433136838e-06,4.685189914048977238e-06,4.646148655961032009e-06,4.602668908436016426e-06,4.554876179314712011e-06,4.573972335276048754e-06,4.523619960185821841e-06,4.469397123927896408e-06,4.493598512607376998e-06,4.437639942757957188e-06,4.378393773245902606e-06,4.278793619783018697e-06,4.348685235216623897e-06,4.286127868742144230e-06,4.221355024669507810e-06,4.261375577138305448e-06,4.197502048157171050e-06,4.132324650920062931e-06,4.180905288195145149e-06,4.117952010777425034e-06,4.054711993742885269e-06,3.991670336253985592e-06,4.053286415580613311e-06,3.994476145935061492e-06,3.936991331940818720e-06,4.009473131183334721e-06,3.957643267520547016e-06,3.908287666762960126e-06,3.857168907829428288e-06,3.950022228696209452e-06,3.911266005998927518e-06,3.876629428039337793e-06,3.976879828416575970e-06,3.950957545820312021e-06,3.930154656651143793e-06,4.042589836414195754e-06,4.031359330205522083e-06,4.026082430542429190e-06,4.027144926153387155e-06,4.155077055029761057e-06,4.166443768388726277e-06,4.184659875806863430e-06,4.322994721616714273e-06,4.351423791500946268e-06,4.386916725939933703e-06,4.429578648126956219e-06,4.579112049105996751e-06,4.631171882541627683e-06,4.690139668925000320e-06,4.845347083969135943e-06,4.912385926543949049e-06,4.985715781250437084e-06,5.081201047404117551e-06,5.223237735985361482e-06,5.308123587345569282e-06,5.397942236915723003e-06,5.554283377747309711e-06,5.647142149186396385e-06,5.743536527424678801e-06,5.894266558485806079e-06,5.990882411563317924e-06,6.089411549252630070e-06,6.189205819826999776e-06,6.326299740697254871e-06,6.422178332308392695e-06,6.517524772878232913e-06,6.639827964509513769e-06,6.728188865923041412e-06,6.814237168106699107e-06,6.903808222268401282e-06,6.994284443719727810e-06,7.066510257590905707e-06,7.134193132494122909e-06,7.208567489027340548e-06,7.263066230176351065e-06,7.311755698897238330e-06,7.361140298382902077e-06,7.394894788027756703e-06,7.421969262979045504e-06,7.442145934932525935e-06,7.455848539955248014e-06,7.459840868986732126e-06,7.459840868986732126e-06,7.456769316784443553e-06,7.443066711761721474e-06,7.423856696880098379e-06,7.397840644382168748e-06,7.365282219821945105e-06,7.315897620336283051e-06,7.268587681722108139e-06,7.215697607854484834e-06,7.141323251321267195e-06,7.075523548002688202e-06,7.005500250896738479e-06,6.915842344423574283e-06,6.828018861584526653e-06,6.744942665760428564e-06,6.660001349591889150e-06,6.537698157960609142e-06,6.446257980771222703e-06,6.354808966372008651e-06,6.217715045501753557e-06,6.122907214459140541e-06,6.029951314492401503e-06,5.939521311785686124e-06,5.788791280724558846e-06,5.699216584170881716e-06,5.613827524975957968e-06,5.457486384144372954e-06,5.375798298444815774e-06,5.299709022946634029e-06,5.159612750757163168e-06,5.071648957735202890e-06,5.008439640835587829e-06,4.952167335211263974e-06,4.796959920167129198e-06,4.749386111014120801e-06,4.709323387841302965e-06,4.559789986862261586e-06,4.529698495365687161e-06,4.507314311430951682e-06,4.492492506221635806e-06,4.354157660411784964e-06,4.350003160160912851e-06,4.353104343581661827e-06,4.225172214705287078e-06,4.238932491674175119e-06,4.259332810331577228e-06,4.285930897396255217e-06,4.173495717633204950e-06,4.209852175717042158e-06,4.251454714793147805e-06,4.151204314415919793e-06,4.201587960365705717e-06,4.256098143455145890e-06,4.162669807126224247e-06,4.230064979789868887e-06,4.295010904223732868e-06,4.362262889566802358e-06,4.289781090330633176e-06,4.362464486830228107e-06,4.436196617682848200e-06,4.374580538408553564e-06,4.452216631716945834e-06,4.529675713190025390e-06,4.606427733162781281e-06,4.557847096436342631e-06,4.636361154643733708e-06,4.713070846903538669e-06,4.673050296850357870e-06,4.750123850128850192e-06,4.824415047598537174e-06,4.750026856295658817e-06,4.865262703174158176e-06,4.935028991328477682e-06,5.000867984772022845e-06,4.976666633940252010e-06,5.040113018422878480e-06,5.099018296323452336e-06,5.079922237490016545e-06,5.135586835716375790e-06,5.186250196731218951e-06,5.231782706654622832e-06,5.218130178545784890e-06,5.259575806609420000e-06,5.295644069299902439e-06,5.285183671534119049e-06,5.316753574871629097e-06,5.342832335109150352e-06,5.269039922429594411e-06,5.356247684689793383e-06,5.372091220119690529e-06,5.382515922277477488e-06,5.377166844020627324e-06,5.382776404982488664e-06,5.383115533953862105e-06,5.379189756017509650e-06,5.374778075518045313e-06,5.365323273148134354e-06,5.422260511069656770e-06,5.419720507214368713e-06,5.473398523681326004e-06,5.523360290398742535e-06,5.521565043483899052e-06,5.567867565054230076e-06,5.610152190922764981e-06,5.648296134632909310e-06,5.647207886413284239e-06,5.681236841057808349e-06,5.710901232374035404e-06,5.710186137682345162e-06,5.735501219359284961e-06,5.756281646361810938e-06,5.755843498799676228e-06,5.772103970287928494e-06,5.783713223598528302e-06,5.790635712283749300e-06,5.790461782521435537e-06,5.792715974011019223e-06,5.790266329143944360e-06,5.790236632845046613e-06,5.783094068928947629e-06,5.771239806725742580e-06,5.754700595183435865e-06,5.754817054838760583e-06,5.733662248459804325e-06,5.707909715765516827e-06,5.708113159233199621e-06,5.677850925193489487e-06,5.643124965240001757e-06,5.643402974692519769e-06,5.604320265036300439e-06,5.560951703263109212e-06,5.513401954616410980e-06,5.513766951155282861e-06,5.462170432268547858e-06,5.406629798780673768e-06,5.407053932508647987e-06,5.347720015248942063e-06,5.284713614932098804e-06,5.218182279184155186e-06,5.218679768127263300e-06,5.148795497237351144e-06,5.075701230483293253e-06,5.076250488309992850e-06,5.000129395738996227e-06,4.921136038885248381e-06,4.839446369622280118e-06,4.840060778820335594e-06,4.755870116272272897e-06,4.669345414878306370e-06,4.670005767501610824e-06,4.581347053283589154e-06
4.007010871424123871e-06,4.087944657798531803e-06,4.167126172227935669e-06,4.166584635642756880e-06,4.243859162780712831e-06,4.319049304964373886e-06,4.318545376711880889e-06,4.391501000825277366e-06,4.462048914692240211e-06,4.530032086809203149e-06,4.529581902745424149e-06,4.594861344117011888e-06,4.657274672340729055e-06,4.656867626400069252e-06,4.716286347391142641e-06,4.772557980807713982e-06,4.825550890152830533e-06,4.825205853428388539e-06,4.874811587288216619e-06,4.920896385667778423e-06,4.920602321768514903e-06,4.963074275323543644e-06,5.001814050352031181e-06,5.036728382101618785e-06,5.036511302014957435e-06,5.067537365930878294e-06,5.094579828901080837e-06,5.094430853798553746e-06,5.117449995995424335e-06,5.136366816419783996e-06,5.136299686685216813e-06,5.151100794176256363e-06,5.161722999218106067e-06,5.168142961443832561e-06,5.168218112749358586e-06,5.170457661612417027e-06,5.168504014155410317e-06,5.168723658561344204e-06,5.162616391212389468e-06,5.152334006611367735e-06,5.137909404900563090e-06,5.138399732008956620e-06,5.119963368043813835e-06,5.097493186903117920e-06,5.098271670330586690e-06,5.071952224581486648e-06,5.041756692067304154e-06,5.042926994484918648e-06,5.009105055261004998e-06,4.971614759108281131e-06,4.930568861518515748e-06,4.932486764732229965e-06,4.888246654807948405e-06,4.840731530693841858e-06,4.908311341200186533e-06,4.921556306089962654e-06,4.865560930089293359e-06,4.869843422544468241e-06,4.938433478501855706e-06,4.874083873846163786e-06,4.869385028961483006e-06,4.938522997589469405e-06,4.866140839322499645e-06,4.852325705029938880e-06,4.833587815856449553e-06,4.902942706573799399e-06,4.819167256416123754e-06,4.791410900927903131e-06,4.861064194120035005e-06,4.770978209489630550e-06,4.734633535711858080e-06,4.804676721224361741e-06,4.763224697807671006e-06,4.665247254061019751e-06,4.616672228540952340e-06,4.686903747408270841e-06,4.585958469273370378e-06,4.531004001552127325e-06,4.602245817076272174e-06,4.500211899206143032e-06,4.440364713041026129e-06,4.377546223892492865e-06,4.450126540584492645e-06,4.349240914364660158e-06,4.284154664859652331e-06,4.359175645513947590e-06,4.262769004298755172e-06,4.197630529931104720e-06,4.275949105245032807e-06,4.210395267364788548e-06,4.123857882760730371e-06,4.061467368979555692e-06,4.144660072108146097e-06,4.068995132761468270e-06,4.012725884784374543e-06,4.101453587638102019e-06,4.039220012004842882e-06,3.991704162692659392e-06,3.947447412491601970e-06,4.044079676228765310e-06,4.004163337018940522e-06,3.972282463310650689e-06,4.076448586995481728e-06,4.055090985189125678e-06,4.037695411944978630e-06,4.149868587468938978e-06,4.140379117097761731e-06,4.147042971852666967e-06,4.152336223533510307e-06,4.274765591438517788e-06,4.302019014446929525e-06,4.324897192791363255e-06,4.455035168746522538e-06,4.487224650967090817e-06,4.542741303004039653e-06,4.590417540976939654e-06,4.728960475523927826e-06,4.802480371954166756e-06,4.866397444321180652e-06,5.009480803331174625e-06,5.098330714689834845e-06,5.176268590572507540e-06,5.260118047539847738e-06,5.405551124555524561e-06,5.511020356019710442e-06,5.604576774021458217e-06,5.748200029103623762e-06,5.859602783682359807e-06,5.958699425416100005e-06,6.096960653259052026e-06,6.196325245194666238e-06,6.309286610930354112e-06,6.410017447963804815e-06,6.535499860713722944e-06,6.642339136697460060e-06,6.737052033358046129e-06,6.848164465544458468e-06,6.943790670098526605e-06,7.027531171330008003e-06,7.107722305161837992e-06,7.194320339195567277e-06,7.268541004945303206e-06,7.331683804699475307e-06,7.396006551359036667e-06,7.449007151408452374e-06,7.491637119357360718e-06,7.531395071173035300e-06,7.559146275305954669e-06,7.580157854990612311e-06,7.592667333222393728e-06,7.598108222789383577e-06,7.598108222789383577e-06,7.593139646984819178e-06,7.581598641440343644e-06,7.561158808363750883e-06,7.534537807113635459e-06,7.495277132658213738e-06,7.453973223967726752e-06,7.401905091566385691e-06,7.338190272081343718e-06,7.276849428860960377e-06,7.203963177971447389e-06,7.118140999914332940e-06,7.040414455718876006e-06,6.959537774045583971e-06,6.866118552680539050e-06,6.756105593277813949e-06,6.665183222910294092e-06,6.561320307333987045e-06,6.437175080635588312e-06,6.341316737275000050e-06,6.232249102859054724e-06,6.138859520026739467e-06,6.002276699037043690e-06,5.909906592204659397e-06,5.804025823523469757e-06,5.662268858385590030e-06,5.576775538523765053e-06,5.478051794059052971e-06,5.334618435758801536e-06,5.260197545827772200e-06,5.192366677748551573e-06,5.112230426413485051e-06,4.971207714214248272e-06,4.918714933837423230e-06,4.855256572720932962e-06,4.718703036138514268e-06,4.683675228845543092e-06,4.639550649644782267e-06,4.621218758651112928e-06,4.492776831380173711e-06,4.484111790512129432e-06,4.470127353152572868e-06,4.349072284400770508e-06,4.358800259828481100e-06,4.366523801577271460e-06,4.391864303557093608e-06,4.280405401037806606e-06,4.313615034778792361e-06,4.350760414181671305e-06,4.246764869102873930e-06,4.294686709171268902e-06,4.351104876151599466e-06,4.254032510915307015e-06,4.314310268838090725e-06,4.377745806481433161e-06,4.457184436360180588e-06,4.367010795392596547e-06,4.438821113729967488e-06,4.531904643233363272e-06,4.446561069502784398e-06,4.523893160800196016e-06,4.627858853957705330e-06,4.707908505397777788e-06,4.626373700308248176e-06,4.705187956293123591e-06,4.818671556340651103e-06,4.739742570634717960e-06,4.817454337842978933e-06,4.934957175231461444e-06,4.857808791465900006e-06,4.932070797883808171e-06,5.002730357100373704e-06,5.120396167532203821e-06,5.043681899838840627e-06,5.108124642623747102e-06,5.223876970575671724e-06,5.147641030451757856e-06,5.204321756717358154e-06,5.316172084113005186e-06,5.364523940116268899e-06,5.287801297619311900e-06,5.330127299289093232e-06,5.432527857720826537e-06,5.355832695101667828e-06,5.388156272746214127e-06,5.483134056831462728e-06,5.406446863602057339e-06,5.428364720551487389e-06,5.444681944691554417e-06,5.526538274044881814e-06,5.449765947510630567e-06,5.455653215631291467e-06,5.528311898147151473e-06,5.451972241054465123e-06,5.447631528387172158e-06,5.510779489782395290e-06,5.496310345835943534e-06,5.420927842328356600e-06,5.474461784469804415e-06,5.524295821859733965e-06,5.522387624074978354e-06,5.568590540619241565e-06,5.610787600381056876e-06,5.648854827551445516e-06,5.647699632633854749e-06,5.681670432595533254e-06,5.711284577839757059e-06,5.710526349511014527e-06,5.735804694149590760e-06,5.756554138649652614e-06,5.756090188600147641e-06,5.772329524747968778e-06,5.783921853105587929e-06,5.790831221375512750e-06,5.790647615938069208e-06,5.792895258225215475e-06,5.790441909695546138e-06,5.790411107796674535e-06,5.783269818747168357e-06,5.771419020879320453e-06,5.754885295736246407e-06,5.755009117300459415e-06,5.733863420142434663e-06,5.708121631879161585e-06,5.708337356938787399e-06,5.678088855815935635e-06,5.643378004830330601e-06,5.643672433113415292e-06,5.604607393731857342e-06,5.561257701860443380e-06,5.513727976494264143e-06,5.514114108102879987e-06,5.462539798346797687e-06,5.407022413487244643e-06,5.407470803338651788e-06,5.348162119733790794e-06,5.285181902230594151e-06,5.218677671292068505e-06,5.219203160764395954e-06,5.149347760464493820e-06,5.076283209095401716e-06,5.076863002046447777e-06,5.000773239346753751e-06,4.921811982066196142e-06,4.840155156892028405e-06,4.840803129301967362e-06,4.756646723445327246e-06,4.670156946300302062e-06,4.670852864516788082e-06,4.582230330731250799e-06,4.491646436901495265e-06
4.008377014675278672e-06,4.007769533815491452e-06,4.088673079702702546e-06,4.167824828366107120e-06,4.167254023657221842e-06,4.244499803095684233e-06,4.319661740651766476e-06,4.319130173373056123e-06,4.392058746501963490e-06,4.462580219822201099e-06,4.530537584245018719e-06,4.530062247857786029e-06,4.595317215007400685e-06,4.657706770192212202e-06,4.657276675999240169e-06,4.716673097859001748e-06,4.772923206582594531e-06,4.825895392274293880e-06,4.825530461177439073e-06,4.875117160246221165e-06,4.921183816264170250e-06,4.920872538395709956e-06,4.963328246106590367e-06,5.002052787670281608e-06,5.036952947970287999e-06,5.036722814445664218e-06,5.067737006402357141e-06,5.094768851083942336e-06,5.094610593691529653e-06,5.117621883644581701e-06,5.136532389407028489e-06,5.136460605587654520e-06,5.151258860213716973e-06,5.161880174322227373e-06,5.168301390998327739e-06,5.168380151267357513e-06,5.170625901632865675e-06,5.168681318656138351e-06,5.168913197201462641e-06,5.162821680730599603e-06,5.152558955719556915e-06,5.138158364023017638e-06,5.138677548226504134e-06,5.120275445608609791e-06,5.097845553693206781e-06,5.098671050613284682e-06,5.072406118450465128e-06,5.042273461909500953e-06,5.043515958819405852e-06,5.009776590272139698e-06,4.972380408169196636e-06,4.931441452967683406e-06,4.933480538124794835e-06,4.955442878685849274e-06,4.973038938010015397e-06,4.975921494302316558e-06,4.989324461869693124e-06,4.998070665809121709e-06,4.936366394553894894e-06,5.006473526409314426e-06,5.005981304452874591e-06,4.935853338780387093e-06,5.006564658727651245e-06,4.996615321828510598e-06,4.981547291193063580e-06,4.899295367618184622e-06,4.970303527217424318e-06,4.945749071914901202e-06,4.856553485706929407e-06,4.927948336873131592e-06,4.894256166494084808e-06,4.855578735724388701e-06,4.871102207720432757e-06,4.828913737642807173e-06,4.782032870096191743e-06,4.680043707250617063e-06,4.752307423396683044e-06,4.698330604879325263e-06,4.594328787131861563e-06,4.667796488425209250e-06,4.608170877453540729e-06,4.545179369036637703e-06,4.440917177368370461e-06,4.516021581623650751e-06,4.449982366824420073e-06,4.349215831567878994e-06,4.427058067969311438e-06,4.360207204641761786e-06,4.292229176785624035e-06,4.347048275458459065e-06,4.281870587640833534e-06,4.216697129723214380e-06,4.134496590118562261e-06,4.221331831225622988e-06,4.161693564863315729e-06,4.092260748506871396e-06,4.185035351580883942e-06,4.133689708545881664e-06,4.085369095244505490e-06,4.037603999587507873e-06,4.138797348313078827e-06,4.102616991979010656e-06,4.073307177454076278e-06,4.182393865843115476e-06,4.160642259101104084e-06,4.144697044565645393e-06,4.268725118073561584e-06,4.263217067083607528e-06,4.264336468807682893e-06,4.284586369710908424e-06,4.412433057967813331e-06,4.431534787256100337e-06,4.458074899755244473e-06,4.608354120070952786e-06,4.645537071375061255e-06,4.690243458013239436e-06,4.759575245407633776e-06,4.903195194621922138e-06,4.964876289635586800e-06,5.051205085258177909e-06,5.198851094302307906e-06,5.275343595299105101e-06,5.358105909533345032e-06,5.463622342815367920e-06,5.612570058191193835e-06,5.705829487071285014e-06,5.819245473608767035e-06,5.965295000490515034e-06,6.064799489761102398e-06,6.167209463951888986e-06,6.320504132310799303e-06,6.421411275651737192e-06,6.523373123500439030e-06,6.636567570666334569e-06,6.761151176664619830e-06,6.857397488738500896e-06,6.960804777959451357e-06,7.069367094690164867e-06,7.154719823823511576e-06,7.236584305461704549e-06,7.319984516612616111e-06,7.401817358370210659e-06,7.466405495436656836e-06,7.529065295623717414e-06,7.587061320151405487e-06,7.630722571219615615e-06,7.667612123812586771e-06,7.701491863958311582e-06,7.721719777912173347e-06,7.734567300349290970e-06,7.738598802808874542e-06,7.738598802808874542e-06,7.735070819622764018e-06,7.723256113912875957e-06,7.704138340097618236e-06,7.670258599951893425e-06,7.634608012688536544e-06,7.592365948661061857e-06,7.534963835831065592e-06,7.473360715302915286e-06,7.410705373013538923e-06,7.329627355388496223e-06,7.247737493588208934e-06,7.168519799727489906e-06,7.086243377633218252e-06,6.978758865095531939e-06,6.877825712209003390e-06,6.785650779132826159e-06,6.662388017286597823e-06,6.552504477354556542e-06,6.455772229351602572e-06,6.360725961260105588e-06,6.207431292901196118e-06,6.111542272715428466e-06,6.019242459235643585e-06,5.875071268028613877e-06,5.767683346480441537e-06,5.683044000644159236e-06,5.536123012318896329e-06,5.437919211341501213e-06,5.365214542784927985e-06,5.299490283353748325e-06,5.153954708340489182e-06,5.076979914959740458e-06,5.027438433818046108e-06,4.885871342604639758e-06,4.827274051373501220e-06,4.795969191490121276e-06,4.772762616392630460e-06,4.622483396076922147e-06,4.610449880277144557e-06,4.606335546118489145e-06,4.479948131424964351e-06,4.473653498996545827e-06,4.488318507429063040e-06,4.509920559132326395e-06,4.385892485624411052e-06,4.418178658092672799e-06,4.456453837235441874e-06,4.347619004640267549e-06,4.393317737528761381e-06,4.446190210384496788e-06,4.344629199510397086e-06,4.409439709061395939e-06,4.474358722015949493e-06,4.542159675496055365e-06,4.447991597231172580e-06,4.535068111612930875e-06,4.610691696582928193e-06,4.521741161265717590e-06,4.621720169935185300e-06,4.702180342168649877e-06,4.782217185919536118e-06,4.727398087636997776e-06,4.809760080577291199e-06,4.890475748015740125e-06,4.808711743793207545e-06,4.926705536355507724e-06,5.005454683879907797e-06,4.925747817664733075e-06,5.046694604484336629e-06,5.121112179753824812e-06,5.191483541536853384e-06,5.112479165343385766e-06,5.232062830101419816e-06,5.295367725107042805e-06,5.217017007899975631e-06,5.333691638684134764e-06,5.388432131187001718e-06,5.437735946614396405e-06,5.422212755842424393e-06,5.467259140904484392e-06,5.506574779327161419e-06,5.428017699241591049e-06,5.529258172797444291e-06,5.557959913865177811e-06,5.479487814313750173e-06,5.572626849455769903e-06,5.590403183426978387e-06,5.602360938503704555e-06,5.523871076563021387e-06,5.603104768955674363e-06,5.604255418186247007e-06,5.526249015796849795e-06,5.595868312306087536e-06,5.586507412102332588e-06,5.571884947042834979e-06,5.569009314831248564e-06,5.549612705574164685e-06,5.525291504711946388e-06,5.523262547014121629e-06,5.569359009223339137e-06,5.611462515500001908e-06,5.649447811753224440e-06,5.648221148141495621e-06,5.682129890934574640e-06,5.711690441457508156e-06,5.710886225662658582e-06,5.736125421372875563e-06,5.756841866170160155e-06,5.756350449023518498e-06,5.772567300404607284e-06,5.784141636417903262e-06,5.791037069618144120e-06,5.790843200758426213e-06,5.793083910285522881e-06,5.790626658788835873e-06,5.790594718778336657e-06,5.783454823611139250e-06,5.771607747294051065e-06,5.755079892340738140e-06,5.755211576045005437e-06,5.734075595942653187e-06,5.708345259835664077e-06,5.708574067358512538e-06,5.678340187255078572e-06,5.643645415362982152e-06,5.643957310014643531e-06,5.604911061749104614e-06,5.561581430232851066e-06,5.514072984865938412e-06,5.514481571463223319e-06,5.462930851118831131e-06,5.407438152873462499e-06,5.407912292023216795e-06,5.348630388029978649e-06,5.285677949753143168e-06,5.219202468225596209e-06,5.219757648791226268e-06,5.149932853408031101e-06,5.076899793328676771e-06,5.077511936709451269e-06,5.001455356410811550e-06,4.922528086278692804e-06,4.840906025630431206e-06,4.841589512362109564e-06,4.757469342785363594e-06,4.671016495758601918e-06,4.671750009519201683e-06,4.583165708000682840e-06,4.492620654180537179e-06,4.493401050264665012e-06
3.926770117548707259e-06,4.009212958473014831e-06,4.008573062817045385e-06,4.089444659172312418e-06,4.168564948466154102e-06,4.167963199324533651e-06,4.245178573911286026e-06,4.320310670713604837e-06,4.319749851183253892e-06,4.392649784882431566e-06,4.463143255875055745e-06,4.531073279377173466e-06,4.530571287892405968e-06,4.595800310408637247e-06,4.658164656433775993e-06,4.657710114112014547e-06,4.717082875198086216e-06,4.773310137859854835e-06,4.826260320908828145e-06,4.825874261023327657e-06,4.875440737764540210e-06,4.921488113214615057e-06,4.921158535132212984e-06,4.963596965571215414e-06,5.002305300190268701e-06,5.037190376974606754e-06,5.036946343229693396e-06,5.067947886082349883e-06,5.094968409896883795e-06,5.094800247810536478e-06,5.117803149695464696e-06,5.136706898887588587e-06,5.136630121407911983e-06,5.151425295592377036e-06,5.162045614292043787e-06,5.168468116790662593e-06,5.168550667863772681e-06,5.170802968788937789e-06,5.168867985719543462e-06,5.169112842062378029e-06,5.163038053257472843e-06,5.152796226046652562e-06,5.138421176067733368e-06,5.138971078823587669e-06,5.120605469654735272e-06,5.098218515698303372e-06,5.099094143053999676e-06,5.072887367315585606e-06,5.042821819816404952e-06,5.044141406064072299e-06,5.010490244152141842e-06,4.973194640888856174e-06,4.999550166050899293e-06,5.070251127441021926e-06,5.024030381422590324e-06,5.041873328816625078e-06,5.113753519025282784e-06,5.058508433119645447e-06,5.067310861115382905e-06,5.071202958161536566e-06,5.075952229516820977e-06,5.075327382929503402e-06,5.069591091469576963e-06,5.143187830844452305e-06,5.065810112377273662e-06,5.050324987629273337e-06,5.029561916480674689e-06,5.039159379910659624e-06,5.014040630225675815e-06,4.983687103671554554e-06,5.057936601287834069e-06,4.962013236851700350e-06,4.922586903483266731e-06,4.997342001782802220e-06,4.896233575837315098e-06,4.848572486961965978e-06,4.796324032022817445e-06,4.819465769402124657e-06,4.764750393436506190e-06,4.705990710150205090e-06,4.782338352098155169e-06,4.675040412394788271e-06,4.611462464860833675e-06,4.544888112997641720e-06,4.584152849679684266e-06,4.517790163653155754e-06,4.449363000279660371e-06,4.530277989864769125e-06,4.430707623650933816e-06,4.362901917534937990e-06,4.447636217205450352e-06,4.356478237304916047e-06,4.291987133686530755e-06,4.228233955846452787e-06,4.301677998280368601e-06,4.243318936316960331e-06,4.186971958525439974e-06,4.283533578272579635e-06,4.223511065140193373e-06,4.177391572440466812e-06,4.135154950187538259e-06,4.238732105101846035e-06,4.205465206741806896e-06,4.177260329829613073e-06,4.290783162118306971e-06,4.276160138941377867e-06,4.264095866475395130e-06,4.386153920345417664e-06,4.393017570863628135e-06,4.398610573049286133e-06,4.411450743209133885e-06,4.544171357134384965e-06,4.581772218309030366e-06,4.613412926500786461e-06,4.753813109358538172e-06,4.812243798470292296e-06,4.862216446245516262e-06,4.919832639963845799e-06,5.086160833972398285e-06,5.153004181593165597e-06,5.226931263883842771e-06,5.378711122972812430e-06,5.478288199412453158e-06,5.565655871853975693e-06,5.658748918852254400e-06,5.828085351576664327e-06,5.925099732712523809e-06,6.026356883962874862e-06,6.174494817759826742e-06,6.292327919875064695e-06,6.396902003197494487e-06,6.537058879389841060e-06,6.652941033629263692e-06,6.755530714223668558e-06,6.857891734057652342e-06,6.991792850511709356e-06,7.086943161164724233e-06,7.179859887463535748e-06,7.285517915140717411e-06,7.376263728014555977e-06,7.454600426797763812e-06,7.528165003148745315e-06,7.609951742444804582e-06,7.669247014527127935e-06,7.722316891382534609e-06,7.773688856906776744e-06,7.813472534520187840e-06,7.843032913121271804e-06,7.867236570035646668e-06,7.880208350783595648e-06,7.884568982718060534e-06,7.884568982718060534e-06,7.881255005299514640e-06,7.868875555756382322e-06,7.845179837437827407e-06,7.816826922475348427e-06,7.777838334409267502e-06,7.727039421146816693e-06,7.675551656852247080e-06,7.618105414904689112e-06,7.536318675608630693e-06,7.464922425136572012e-06,7.389124858237395675e-06,7.300308174966209227e-06,7.195681220316883121e-06,7.106194334334017092e-06,7.014989852997951981e-06,6.881088736543894967e-06,6.783233101358195224e-06,6.685748539129994355e-06,6.573940294966397377e-06,6.435450535397015645e-06,6.337284951448357005e-06,6.224658811762839218e-06,6.078416266798969370e-06,5.984975990729006338e-06,5.896507523154620437e-06,5.727171090430210510e-06,5.643360989299224432e-06,5.566014504835236997e-06,5.474984398389451813e-06,5.325411268835152972e-06,5.262957681677434463e-06,5.208287989680995978e-06,5.041959795672443492e-06,4.997191037806741898e-06,4.960706756088055157e-06,4.914430157557521249e-06,4.775966228514190066e-06,4.758973239119583794e-06,4.734892974288418429e-06,4.603807120841693534e-06,4.606575653444350686e-06,4.616986472894515986e-06,4.625479452307407330e-06,4.504402198636613182e-06,4.533073385995573909e-06,4.564082509195425780e-06,4.450983915702512633e-06,4.496135228833401990e-06,4.546416725101341352e-06,4.442839570187085245e-06,4.502091039806240535e-06,4.565158341703196067e-06,4.643273766019927293e-06,4.545433906229980979e-06,4.618398024901453267e-06,4.693114485741665369e-06,4.619670443332226266e-06,4.699461669567110834e-06,4.779614836865710846e-06,4.889194387633084065e-06,4.801271254983356337e-06,4.883830590381917780e-06,5.001573435202906728e-06,4.916714480870774312e-06,4.998802970428095403e-06,5.078221781914457679e-06,5.038957051828316597e-06,5.117948445855965787e-06,5.193274622330653240e-06,5.317291698604530864e-06,5.235278789557072936e-06,5.304376459537879297e-06,5.368696519028901317e-06,5.345554869123315066e-06,5.406661218781885075e-06,5.462423670779241610e-06,5.577876401268785408e-06,5.496116035449948587e-06,5.542116014373692849e-06,5.651259242309616547e-06,5.569599639057654215e-06,5.605001827319486084e-06,5.634415319319251785e-06,5.624818986948248268e-06,5.649132544485524519e-06,5.667435579935373125e-06,5.754992643442323626e-06,5.673318488870361614e-06,5.680452547412262789e-06,5.681791099705671163e-06,5.677045838169080978e-06,5.673203766367416272e-06,5.663808244137373214e-06,5.726123253271591453e-06,5.645966519727939285e-06,5.626313519428222000e-06,5.678401495849398441e-06,5.599460992814286951e-06,5.570176147989587347e-06,5.612179662108772103e-06,5.650077422388486539e-06,5.648774431422115610e-06,5.682616925953182172e-06,5.712120287195614974e-06,5.711267022090104690e-06,5.736464482570431542e-06,5.757145765837632790e-06,5.756625098752789796e-06,5.772818021108156857e-06,5.784373223309336438e-06,5.791253851142627140e-06,5.791049091868315076e-06,5.793282460450442363e-06,5.790821095120521430e-06,5.790787984639249975e-06,5.783649613062586699e-06,5.771806535724733291e-06,5.755284963600678034e-06,5.755425046393030484e-06,5.734299435098277055e-06,5.708581309408637207e-06,5.708824056911652560e-06,5.678605748238567074e-06,5.643928093141092421e-06,5.644258574189211253e-06,5.605232314967853134e-06,5.561924015655232114e-06,5.514438192444300688e-06,5.514870643183158003e-06,5.463344985329250900e-06,5.407878507824581908e-06,5.408379988718960298e-06,5.349126512490552979e-06,5.286203554773489598e-06,5.219758574706200436e-06,5.220345246709260322e-06,5.150552902489030990e-06,5.077553223471855512e-06,5.078199648213277315e-06,5.002178220039641483e-06,4.923286943205965918e-06,4.841701687289141932e-06,4.842422760229046159e-06,4.758340928121744954e-06,4.671927139326354579e-06,4.672700401289102759e-06,4.584156506865893479e-06,4.493652487686700598e-06,4.494474514365675559e-06,4.402213995961428152e-06
3.843867386911489417e-06,3.927690310420562341e-06,4.010098460402393875e-06,4.009424325572851914e-06,4.090262161498308527e-06,4.169349195988879507e-06,4.168714724444031659e-06,4.245897935682669701e-06,4.320998454729371928e-06,4.320406669468420774e-06,4.393276275816985674e-06,4.463740084161071216e-06,4.531641136071020414e-06,4.531110890526113365e-06,4.596312403228419941e-06,4.658650010788265483e-06,4.658169529027724698e-06,4.717517178185219418e-06,4.773720185997765408e-06,4.826647002267270780e-06,4.826238496483183533e-06,4.875783483309972009e-06,4.921810362777650084e-06,4.921461324080627488e-06,4.963881374941264103e-06,5.002572461777411201e-06,5.037441479407794325e-06,5.037182639168132700e-06,5.068170700687887359e-06,5.095179150750236466e-06,5.095000416455542104e-06,5.117994355012192107e-06,5.136890872512629239e-06,5.136808735438166459e-06,5.151600582827212945e-06,5.162219791287568322e-06,5.168643610018918016e-06,5.168730143288656895e-06,5.170989365189361398e-06,5.169064552108426504e-06,5.169323179567329234e-06,5.163266161844855796e-06,5.153046556484977552e-06,5.138698687538316998e-06,5.139281302595806586e-06,5.120954579249308326e-06,5.098613403964415834e-06,5.099542506583913888e-06,5.073397798613198756e-06,5.043403907623211004e-06,5.044805844226392411e-06,5.080404178955588060e-06,5.111867823129046301e-06,5.069070963645767867e-06,5.141298463379722590e-06,5.164170686001876396e-06,5.112145960552876619e-06,5.185607715751214979e-06,5.199280344022389818e-06,5.138012048978671455e-06,5.141851106634798827e-06,5.216486168151719439e-06,5.215224082230531412e-06,5.140176067543547859e-06,5.215490901564308812e-06,5.204096391202473066e-06,5.120611223858313197e-06,5.099322421168897891e-06,5.175001090575230173e-06,5.147993602015528621e-06,5.052868209076109004e-06,5.129031313862154095e-06,5.092337448462047828e-06,4.991211280977237166e-06,5.068011729032460098e-06,5.022389067472477327e-06,4.916833279300338612e-06,4.863780151593071736e-06,4.941128681938959072e-06,4.883243148715713540e-06,4.773570576910086411e-06,4.852391914889737394e-06,4.788857214106948942e-06,4.679891909393930515e-06,4.612838378627693975e-06,4.693694430449302665e-06,4.624029384558008342e-06,4.519484685548167453e-06,4.603549916827349879e-06,4.533690079872151295e-06,4.436556895964954363e-06,4.524821514436466100e-06,4.457525351362608289e-06,4.370782646699053416e-06,4.308074020685946425e-06,4.402480268392163323e-06,4.342345855435166480e-06,4.274427374410961418e-06,4.375485084665666645e-06,4.325127160787231309e-06,4.274454372744543212e-06,4.234930340793925934e-06,4.345305165470268167e-06,4.312442718594580443e-06,4.289373494345268155e-06,4.408287958045384390e-06,4.391579097951300480e-06,4.390357903903305373e-06,4.518068308118707234e-06,4.519235657397934314e-06,4.527745392575103384e-06,4.558295514421848322e-06,4.696802399789211504e-06,4.724619793673777183e-06,4.777230408926091569e-06,4.923297933247958691e-06,4.970114111491258897e-06,5.043114199112300890e-06,5.106185936110547263e-06,5.259583072665366414e-06,5.331493017349988174e-06,5.429352138097910949e-06,5.585611129504015486e-06,5.671830465049064734e-06,5.782181498103278621e-06,5.879570285447230108e-06,6.034833568558453078e-06,6.136159115628788802e-06,6.257269374045685012e-06,6.407254593495668833e-06,6.512592234725463930e-06,6.633766681097054372e-06,6.774234237967966252e-06,6.878098882533721623e-06,6.993472950933859292e-06,7.095387320150463997e-06,7.216761267364909716e-06,7.311386166039433620e-06,7.411166082785058800e-06,7.513035279527451302e-06,7.593024448084858025e-06,7.674053897921500570e-06,7.742784068974266638e-06,7.813379441383034102e-06,7.867742207861404952e-06,7.917898183719401925e-06,7.961581912277365769e-06,7.991893639452085190e-06,8.014939892873645439e-06,8.030179677812819246e-06,8.034654139143263021e-06,8.034654139143263021e-06,8.031296360328564089e-06,8.016578878594381093e-06,7.994185024375686575e-06,7.965163975156858500e-06,7.922047661221890988e-06,7.872788728975252574e-06,7.820121724867044440e-06,7.750222953082792888e-06,7.683567142984062585e-06,7.604079640798776222e-06,7.526819167317047236e-06,7.425956342610550616e-06,7.328352373353473551e-06,7.237415117889162712e-06,7.117301815280082394e-06,7.019762826308217232e-06,6.907837178346690726e-06,6.809457212330549514e-06,6.670648096673609842e-06,6.553979639468160823e-06,6.455518431203601215e-06,6.307433368048698335e-06,6.192037833163477873e-06,6.099085706396823292e-06,5.945917762683705469e-06,5.857747296103794026e-06,5.755151028382452519e-06,5.679631510583029681e-06,5.525625413514551179e-06,5.436981010448336374e-06,5.377290087482403364e-06,5.226134168098794632e-06,5.175963109383362859e-06,5.114410984700023323e-06,5.081896817711756060e-06,4.937847457125073800e-06,4.898135237248931527e-06,4.885798852946887491e-06,4.749017131575881785e-06,4.732731939958064932e-06,4.740661405615045719e-06,4.756318471594038052e-06,4.629683435865295039e-06,4.646971810134979526e-06,4.681071821389122822e-06,4.562672841422388658e-06,4.602795093679001188e-06,4.653331187762159118e-06,4.542827241387921581e-06,4.599708982418383406e-06,4.668526268564601945e-06,4.736440448383100572e-06,4.634167562159383114e-06,4.720677469612114156e-06,4.797940830054308716e-06,4.701545209467774575e-06,4.780676419323822321e-06,4.886246346672855123e-06,4.969554261499734006e-06,4.878115066582399689e-06,4.993948487225310736e-06,5.078797495448377203e-06,4.990780131929014472e-06,5.113683450801236155e-06,5.197130443630395983e-06,5.111575370679873241e-06,5.191391768408759216e-06,5.317838330064345766e-06,5.393074791661132733e-06,5.308523947632892664e-06,5.434880479371395429e-06,5.502953453284529489e-06,5.419265562813624434e-06,5.481445370254983796e-06,5.602230554587643503e-06,5.655663860426465519e-06,5.571745924123907041e-06,5.686996216507291176e-06,5.729892204207214824e-06,5.646191394061971635e-06,5.754256597955321988e-06,5.785871534991868196e-06,5.702316509125233907e-06,5.727289449246182868e-06,5.821842290099809902e-06,5.835530514640512565e-06,5.751983437964769786e-06,5.836820018018914401e-06,5.838914673338972721e-06,5.755908428961973516e-06,5.752159728275976236e-06,5.821300635740156383e-06,5.806428595714543944e-06,5.724524167172786349e-06,5.783171345031191656e-06,5.757868019008520829e-06,5.677234361041813847e-06,5.725441914695600036e-06,5.690422307528769953e-06,5.650746171734106349e-06,5.649361630428858295e-06,5.683133373442464278e-06,5.712575685006378947e-06,5.711670083997851281e-06,5.736823034617398275e-06,5.757466838457913339e-06,5.756915011096181674e-06,5.773082457980074760e-06,5.784617305151762096e-06,5.791482197483577944e-06,5.791265878665370670e-06,5.793491471747995070e-06,5.791025769431383610e-06,5.790991456449383633e-06,5.783854749843738705e-06,5.772015970823962395e-06,5.755501125358666730e-06,5.755650183824992337e-06,5.734535640452602325e-06,5.708830537899375775e-06,5.709088143901849509e-06,5.678886424132483414e-06,5.644226996224728203e-06,5.644577261640365929e-06,5.605572272239406620e-06,5.562286664418448671e-06,5.514824897262896278e-06,5.515282717073551511e-06,5.463783694348075940e-06,5.408345074810965633e-06,5.408875596306463287e-06,5.349652305491905801e-06,5.286760642030378936e-06,5.220348030486317796e-06,5.220968111723601309e-06,5.151210184593985672e-06,5.078245898112937640e-06,5.078928658660350453e-06,5.002944477457132113e-06,4.924091326595893695e-06,4.842545043339586341e-06,4.843305903096122772e-06,4.759264639169017439e-06,4.672892166841941788e-06,4.673707460197507110e-06,4.585206278448691841e-06,4.494745619323715585e-06,4.495611619306018290e-06,4.403395653131868906e-06,4.309596549321236688e-06
3.759847425324997613e-06,3.844879323214876888e-06,3.928665178441970640e-06,4.011036693933405979e-06,4.010326387540552354e-06,4.091128543921313061e-06,4.170180419906487588e-06,4.169511339825027248e-06,4.246660521322069642e-06,4.321727618143394713e-06,4.321103046800285463e-06,4.393940531768761323e-06,4.464372911969788004e-06,4.532243257550653677e-06,4.531683056200888798e-06,4.596855392587198765e-06,4.659164632694598178e-06,4.658656622325604920e-06,4.717977612546571804e-06,4.774154863064414549e-06,4.827056857147556111e-06,4.826624499671540974e-06,4.876146643106790205e-06,4.922151728296541452e-06,4.921781988940945530e-06,4.964182481755368021e-06,5.002855207554712378e-06,5.037707122011192971e-06,5.037432504972971078e-06,5.068406193609009444e-06,5.095401762819178049e-06,5.095211740147218311e-06,5.118196097538628359e-06,5.137084872320236566e-06,5.136996981164665814e-06,5.151785234994464080e-06,5.162403207027057829e-06,5.168828371147272840e-06,5.168919088071156239e-06,5.171185624149560693e-06,5.169271588261549859e-06,5.169544833473449611e-06,5.163506701894896498e-06,5.153310734847511139e-06,5.138991802207689051e-06,5.139609265991632413e-06,5.121323993823238622e-06,5.099031645271638521e-06,5.100017814273465343e-06,5.073939375781971533e-06,5.114030919915668563e-06,5.186970956537598840e-06,5.151780535492310551e-06,5.183806928312217153e-06,5.211388800588931648e-06,5.213844602305322096e-06,5.237085502775671628e-06,5.255511163345965378e-06,5.258992459018368575e-06,5.272831419445370228e-06,5.281536971028705657e-06,5.284951608829847511e-06,5.290350528633268405e-06,5.288932654136398097e-06,5.282012951475608648e-06,5.289386336920003255e-06,5.277645186000349289e-06,5.260290328445790814e-06,5.237270570996538069e-06,5.248203668715316957e-06,5.220579914515248684e-06,5.187357413844195469e-06,5.201817588190355158e-06,5.164399799511842383e-06,5.121595437070388101e-06,5.140464419627714891e-06,5.094071998582912326e-06,5.042666389829841527e-06,4.986435664713428756e-06,5.012781216883100605e-06,4.954136765111987061e-06,4.891294732161421636e-06,4.924599883591848110e-06,4.860467618012443279e-06,4.792942679674524324e-06,4.722419181282493857e-06,4.766975452370920545e-06,4.697064470796669602e-06,4.625208683898729528e-06,4.679734096800875871e-06,4.610055985751385163e-06,4.539629628418204757e-06,4.605409591316121744e-06,4.538831282577186287e-06,4.472809689163000133e-06,4.407967721828074751e-06,4.490557258137530626e-06,4.432014580022033905e-06,4.376044402466765164e-06,4.472318180924740415e-06,4.424285549320473355e-06,4.380195774650138581e-06,4.340693723037224556e-06,4.456020370460744604e-06,4.426541262935842508e-06,4.402880779046695725e-06,4.532517104041762550e-06,4.519916272745959331e-06,4.514161619654165789e-06,4.646931256169220472e-06,4.663405476498940589e-06,4.676898108128729926e-06,4.698336935526784423e-06,4.857912638831614409e-06,4.891108602228330574e-06,4.932496185817495030e-06,5.101806308032325765e-06,5.154149295598678767e-06,5.214507267386506220e-06,5.282818859401141638e-06,5.460526878564228073e-06,5.537765309673987497e-06,5.622144897712257775e-06,5.801877387126500679e-06,5.892812109510729022e-06,5.989642065493353306e-06,6.091853608520533428e-06,6.267585111687478855e-06,6.372300125563814235e-06,6.480618239240360034e-06,6.647873856468639132e-06,6.755170447079152031e-06,6.864035037392031189e-06,7.017974262305675977e-06,7.122094638377169577e-06,7.225618231405076216e-06,7.327706115877965324e-06,7.456589361185855705e-06,7.548922803641889693e-06,7.637711864324455544e-06,7.742834143878179708e-06,7.818560754923549379e-06,7.888880110248036690e-06,7.953155798248735776e-06,8.021219377369152046e-06,8.068873795970161751e-06,8.109212103713856257e-06,8.146594800413130838e-06,8.168692359160260486e-06,8.182769355875245642e-06,8.188128283760181370e-06,8.188701329979585240e-06,8.183342402094649512e-06,8.170441688764193311e-06,8.149610947718110169e-06,8.112228251018835588e-06,8.073307511321237343e-06,8.027281376513775021e-06,7.959217797393358752e-06,7.896840645856757190e-06,7.828748939673541829e-06,7.755636943823475887e-06,7.650514664269751722e-06,7.564783616078440169e-06,7.476006093290672116e-06,7.347122847982783430e-06,7.249140804523103803e-06,7.150321857411574102e-06,7.051550009274687480e-06,6.897610784361044386e-06,6.794779181228052094e-06,6.694235428830416258e-06,6.526979811602136314e-06,6.426163941910829716e-06,6.329723702816339377e-06,6.153992199649393102e-06,6.060844146315975800e-06,5.973875227342013817e-06,5.893600274062915630e-06,5.713867784648672726e-06,5.640940063615648768e-06,5.575931102167646252e-06,5.398223083004559817e-06,5.342896294271804001e-06,5.296248628934800814e-06,5.258304388803302699e-06,5.088994266588471965e-06,5.062650013741377103e-06,5.045091841081231871e-06,4.885516137776401885e-06,4.880253781169711143e-06,4.883415536638172559e-06,4.882735413643492085e-06,4.751238956605571592e-06,4.774405240384960308e-06,4.804690782445425560e-06,4.675054457450359582e-06,4.716599495326300223e-06,4.764088565734256196e-06,4.648761918310754783e-06,4.706324454557330026e-06,4.768450609188332739e-06,4.834421824147936217e-06,4.738148045691063803e-06,4.811886879421405652e-06,4.887958291650370575e-06,4.805368755354629857e-06,4.887432193219591801e-06,4.970303763549943628e-06,5.053299834234669207e-06,4.987519871554445616e-06,5.073874899123679868e-06,5.158939831192151145e-06,5.104414419504462007e-06,5.191066756926651768e-06,5.275140090278461296e-06,5.230583824502286439e-06,5.314596150286901620e-06,5.394901714804384711e-06,5.471076391379688901e-06,5.437771267899745406e-06,5.511892120587200415e-06,5.581030955820952132e-06,5.554685484052105881e-06,5.620609793963749295e-06,5.680896079617906265e-06,5.735348324040472423e-06,5.716479609656848921e-06,5.766519033794055783e-06,5.810346819191142078e-06,5.795887227347320143e-06,5.834698110825124799e-06,5.867095108924993598e-06,5.856163165287156918e-06,5.883150966945860582e-06,5.903680943664593824e-06,5.917819372816953834e-06,5.910448531345037343e-06,5.919005593006567743e-06,5.921320006234524260e-06,5.915925345682680084e-06,5.912688553889012356e-06,5.903464542678001397e-06,5.888435264171883570e-06,5.884961729286170890e-06,5.864700669754833130e-06,5.839004909820849717e-06,5.836560612347875588e-06,5.805933351651517556e-06,5.770297739478659164e-06,5.809944980569922052e-06,5.728421814671674901e-06,5.683681205448969609e-06,5.713058319387819629e-06,5.712096852919543128e-06,5.737202315575334347e-06,5.757806153582420636e-06,5.757221118039965838e-06,5.773361432836532627e-06,5.784874617859096408e-06,5.791722780174163536e-06,5.791494187418556813e-06,5.793711542199111028e-06,5.791241266680415752e-06,5.791205719700560433e-06,5.784070832192414008e-06,5.772236674590416086e-06,5.755729033350069800e-06,5.755887686887387962e-06,5.734784961654531688e-06,5.709093753668198669e-06,5.709367202413123544e-06,5.679183161232136144e-06,5.644543149143545456e-06,5.644914480740505802e-06,5.605932131013594627e-06,5.562670667944090765e-06,5.515234489295861202e-06,5.515719285949720393e-06,5.464248577845095415e-06,5.408839564107881232e-06,5.409400939165198057e-06,5.350209708771729279e-06,5.287351273634677698e-06,5.220973020830096134e-06,5.221628554800059188e-06,5.151907138709428231e-06,5.078980386350856921e-06,5.079701669127975518e-06,5.003756963360867490e-06,4.924944206185879379e-06,4.843439199758089906e-06,4.844242184159446177e-06,4.760243857108220241e-06,4.673915098023715836e-06,4.674774844843033602e-06,4.586318820365260629e-06,4.495903985661151535e-06,4.496816440347601363e-06,4.404647522127353470e-06,4.310896022367801887e-06,4.215750442324195034e-06
3.761759049173581325e-06,3.760959155918315674e-06,3.845951508424963168e-06,3.929698229146194576e-06,4.012031052371350538e-06,4.011282527334921769e-06,4.092046970063290174e-06,4.171061668710614947e-06,4.170355978860290810e-06,4.247469149327702005e-06,4.322500864940079805e-06,4.321841573209893700e-06,4.394645029558560632e-06,4.465044103840288897e-06,4.532881897189906608e-06,4.532289928432152496e-06,4.597431313641557789e-06,4.659710450645355294e-06,4.659173217727085399e-06,4.718465899326535309e-06,4.774615789726503109e-06,4.827491408348243313e-06,4.827033698244925254e-06,4.876531552620311791e-06,4.922513456231364920e-06,4.922121690602438176e-06,4.964501365031693690e-06,5.003154538655325523e-06,5.037988232331690865e-06,5.037696799248624493e-06,5.068655159536120115e-06,5.095636982341322591e-06,5.095434902622318635e-06,5.118409015022579541e-06,5.137289497223470420e-06,5.137195426559363460e-06,5.151979797872017301e-06,5.162596394827639037e-06,5.169022931905771550e-06,5.169118044545978809e-06,5.171392312322614742e-06,5.169489700618683585e-06,5.169778467494407161e-06,5.163760414199864396e-06,5.153589601463150794e-06,5.139301485428633673e-06,5.139956088322930331e-06,5.121715019494795120e-06,5.099474769816300372e-06,5.171955600202225382e-06,5.217518076099069343e-06,5.186137646057616631e-06,5.260652167196378771e-06,5.298174413557182278e-06,5.257265384017302603e-06,5.285318294940816972e-06,5.362243126076494741e-06,5.311553467773690028e-06,5.330243375264760182e-06,5.408516529417554317e-06,5.422432950865823788e-06,5.356723616991653666e-06,5.360067435180879934e-06,5.439625949944843635e-06,5.364254415374192007e-06,5.357056970935950550e-06,5.437382154533772297e-06,5.424356647667013956e-06,5.335020896647283253e-06,5.311422351639968076e-06,5.392190999972304755e-06,5.294858945487842225e-06,5.260920634398623862e-06,5.342289741228140306e-06,5.238230379266316761e-06,5.194630202955302677e-06,5.276795374183908194e-06,5.227422792642163427e-06,5.115429178984376736e-06,5.058358511700419682e-06,5.141289853931154064e-06,5.027117200777842466e-06,4.963555850367076066e-06,5.048273154143294509e-06,4.980576822780262399e-06,4.866403278485217675e-06,4.795454840572689727e-06,4.882668251429503291e-06,4.772877374788145474e-06,4.700990907185903950e-06,4.791949281706525598e-06,4.689664246494831007e-06,4.619719045314634148e-06,4.715506787395295191e-06,4.646249701596413115e-06,4.559024104197720440e-06,4.495519733422911581e-06,4.598317767868729118e-06,4.526370333806327339e-06,4.472482687494309307e-06,4.582698821717730018e-06,4.533931757885112811e-06,4.487691065973280162e-06,4.451372800900481436e-06,4.571843168909185577e-06,4.547212752712523211e-06,4.527522452529060147e-06,4.657166958639740965e-06,4.646485205523289241e-06,4.654601455179220485e-06,4.793483188627742401e-06,4.802373913989001269e-06,4.834535639206035094e-06,4.861438893618105460e-06,5.011282437496570012e-06,5.066730730017214677e-06,5.113851651946631656e-06,5.270917478649025326e-06,5.328240663562901557e-06,5.413831559075445618e-06,5.487849984211636527e-06,5.651103985118878892e-06,5.753813042518039799e-06,5.843404683486547558e-06,6.007977440375778776e-06,6.104011911124387668e-06,6.224474925192056954e-06,6.330707470939383681e-06,6.491404064439198162e-06,6.617011822559161417e-06,6.727981428577226454e-06,6.880542051076248838e-06,7.005122192247021165e-06,7.114956644406022194e-06,7.254683948134161526e-06,7.359762393186982192e-06,7.474458292599701101e-06,7.574930015043306495e-06,7.690708115251581293e-06,7.789634670648900623e-06,7.874748604758702539e-06,7.967241316789718550e-06,8.039165917193524973e-06,8.109678558243597337e-06,8.167647658260716138e-06,8.224177243043695571e-06,8.267844752895598835e-06,8.300193162239465671e-06,8.326856913533510197e-06,8.341321730202572084e-06,8.345863829005509079e-06,8.345863829005509079e-06,8.341933499792482531e-06,8.328724931173872462e-06,8.302639927650423495e-06,8.271671883617587505e-06,8.228917146372560076e-06,8.173043236850060310e-06,8.116892796241599072e-06,8.047689473706015807e-06,7.978158630478414558e-06,7.886595895914205251e-06,7.804416171044069940e-06,7.707727107903711403e-06,7.593134678913440325e-06,7.496630100929471131e-06,7.385026093722083852e-06,7.285009153699303818e-06,7.146898943616999343e-06,7.042959944700577263e-06,6.923103920014085813e-06,6.772441390916868438e-06,6.668853570969415374e-06,6.549271487720590127e-06,6.390716905317768946e-06,6.293457209011295253e-06,6.180461524408692687e-06,6.094978769869019006e-06,5.932787233970277866e-06,5.854622640461301547e-06,5.761721713029855926e-06,5.600890745916244662e-06,5.539887053061134221e-06,5.465715515699294823e-06,5.422963790874641714e-06,5.268165692119484453e-06,5.236209101968878454e-06,5.194544564669670460e-06,5.046707156376451529e-06,5.036163253677788731e-06,5.019251861450388730e-06,5.027910922059730419e-06,4.890405612653492098e-06,4.898863566200318196e-06,4.927822041129359165e-06,4.798987728071850077e-06,4.836881673099086045e-06,4.879719167812729614e-06,4.759392323007725694e-06,4.814130817485435934e-06,4.879388684930803933e-06,4.946882221139216436e-06,4.835663725359068857e-06,4.907721128885939736e-06,4.999437889052214133e-06,4.894808593899454400e-06,4.975949196554348574e-06,5.083127281295894707e-06,5.169648629073138465e-06,5.070746710182853063e-06,5.157035362103316081e-06,5.279080040702201755e-06,5.184158522709924942e-06,5.271243775772997721e-06,5.400372793652041605e-06,5.308376205393720233e-06,5.393194434033724000e-06,5.526072687199731259e-06,5.606528274432242915e-06,5.515889898595278220e-06,5.591065818583173734e-06,5.722648650780718884e-06,5.633119469266450849e-06,5.700182646736636618e-06,5.828533159047252452e-06,5.886492317477233892e-06,5.796862017567523192e-06,5.847934658066293554e-06,5.966556156613452983e-06,5.877251412747974955e-06,5.916972337324628954e-06,6.027567703574578818e-06,5.938482621582781048e-06,5.966200000095688195e-06,6.067449585140227477e-06,6.083093378547295677e-06,5.994048503757960649e-06,6.002970705942414670e-06,6.088190054988612944e-06,5.999751818010360965e-06,5.996633412051980691e-06,6.070817495667118921e-06,6.055732644324317625e-06,5.968491443666549805e-06,5.947959140544044248e-06,6.005115993957852172e-06,5.919257509619891893e-06,5.888119949410798962e-06,5.934215421664196447e-06,5.892410389033719537e-06,5.809135407106003002e-06,5.844481618791683295e-06,5.793603132008133876e-06,5.712548874421200674e-06,5.737603651051894885e-06,5.758164854773384251e-06,5.757544414636265635e-06,5.773655821887645663e-06,5.785145945062335702e-06,5.791976313539976443e-06,5.791734683805516146e-06,5.793943307207129405e-06,5.791468208381479316e-06,5.791431396673511585e-06,5.784298496312656257e-06,5.772469309007573905e-06,5.755969386066949637e-06,5.756138300332637732e-06,5.735048198619639191e-06,5.709371819957122956e-06,5.709662166530417879e-06,5.679496971413029067e-06,5.644877648007428656e-06,5.645271417827746799e-06,5.606313173444801818e-06,5.563077409420926929e-06,5.515668457643407720e-06,5.516181949382295902e-06,5.464741350120286967e-06,5.409363808717569297e-06,5.409957972697319332e-06,5.350800803562621443e-06,5.287977659818984701e-06,5.221635887883286341e-06,5.222329052657799746e-06,5.152646378538020832e-06,5.079759441033932765e-06,5.080521573526398058e-06,5.004618714395382516e-06,4.925848762785342673e-06,4.844387482710103145e-06,4.845235075894895467e-06,4.761282201446369177e-06,4.674999699900335877e-06,4.675906470040244606e-06,4.587498195258482303e-06,4.497131796995653599e-06,4.498093335054598302e-06,4.405974107187414538e-06,4.312272864727397187e-06,4.217178068869583188e-06,4.218205400690379088e-06
3.676963106453844815e-06,3.762979211890027797e-06,3.762137198689634311e-06,3.847087813813732404e-06,3.930793213349962214e-06,4.013085165325318285e-06,4.012296252771531036e-06,4.093020825532352665e-06,4.171996205565069795e-06,4.171251782214377248e-06,4.248326837996314344e-06,4.323321091370339882e-06,4.322625023418627982e-06,4.395392423092366853e-06,4.465756193778335499e-06,4.533559470213516501e-06,4.532933804989661074e-06,4.598042348241975024e-06,4.660289532319958880e-06,4.659721270704432316e-06,4.718983883973414635e-06,4.775104703815226903e-06,4.827952288719375677e-06,4.827467622944172821e-06,4.876939643598870686e-06,4.922896882710669360e-06,4.922481673216857161e-06,4.964839180876570386e-06,5.003471527382588037e-06,5.038285803451380431e-06,5.037976440811893748e-06,5.068918448393617777e-06,5.095885596190421945e-06,5.095670634077186901e-06,5.118633787962712511e-06,5.137505385698741081e-06,5.137404676552916592e-06,5.152184852246124998e-06,5.162799921801839470e-06,5.169227857440906200e-06,5.169327589031849097e-06,5.171610031990537512e-06,5.169719534122815280e-06,5.170024788126895038e-06,5.164028088224056578e-06,5.153884053065847040e-06,5.139628768805777417e-06,5.140322967422841101e-06,5.194129025714148408e-06,5.244298352061707065e-06,5.245410514377672108e-06,5.291868480831770376e-06,5.334217327019998833e-06,5.335902013216693493e-06,5.374134297150727115e-06,5.407802907426662970e-06,5.360823976929062298e-06,5.439462069396405191e-06,5.463669814332405237e-06,5.482680387658593678e-06,5.486635997781183063e-06,5.500720744186995636e-06,5.509265549598091016e-06,5.436820597322556337e-06,5.518247744058792060e-06,5.515907562855469502e-06,5.507637093421421960e-06,5.516041738802071377e-06,5.502629009872288226e-06,5.483178083993371106e-06,5.387275002954380634e-06,5.470114002031950205e-06,5.439710990637682019e-06,5.336245753964368287e-06,5.419816997684273774e-06,5.379039431558020300e-06,5.332528833768319090e-06,5.354057541915463198e-06,5.303870853242195720e-06,5.248392214656666037e-06,5.132310823094151899e-06,5.217874967238299149e-06,5.155001002347969412e-06,5.087782670439303307e-06,5.125700760072739917e-06,5.057432884252294187e-06,4.985741930913244482e-06,4.871141349999404650e-06,4.961687365043509626e-06,4.888118092414791855e-06,4.779859251438560054e-06,4.874555333029701587e-06,4.802038673155996293e-06,4.729083478076314872e-06,4.803410415234008753e-06,4.735121388918219149e-06,4.667841776752653510e-06,4.587555780191415918e-06,4.695150952086329086e-06,4.636891203393682261e-06,4.581851762042730538e-06,4.689678613401931951e-06,4.643677111276475561e-06,4.602364525406775856e-06,4.568447495694978868e-06,4.694755414519821341e-06,4.669978003680089643e-06,4.651853804989769027e-06,4.795272873597016585e-06,4.789250164543152354e-06,4.790895071957529837e-06,4.948449083954957848e-06,4.962608725097557787e-06,4.985109772364252340e-06,5.033739221410149078e-06,5.189898228631331762e-06,5.233298776924448526e-06,5.285438697557464905e-06,5.468032782393504093e-06,5.531212112555821723e-06,5.602725683023745556e-06,5.703025314637520615e-06,5.871418271993341071e-06,5.959469983635863747e-06,6.054584823775720524e-06,6.243378223418791412e-06,6.343960842815800084e-06,6.450036769156246183e-06,6.578827577822120855e-06,6.741834419358975106e-06,6.853462637644597576e-06,6.983527319292066094e-06,7.136703202365268740e-06,7.247813303359245266e-06,7.359363203004362044e-06,7.510999206494226403e-06,7.615219508108560390e-06,7.717516149888770750e-06,7.826265104416079923e-06,7.938063998555721715e-06,8.024977005989086037e-06,8.106916711675454985e-06,8.200130440447518789e-06,8.266274887483860811e-06,8.325676152273194875e-06,8.380773484954724963e-06,8.428896647666970793e-06,8.462081367918687392e-06,8.486980405251081085e-06,8.504231428062316965e-06,8.509131386894469877e-06,8.509131386894469877e-06,8.505504379828432982e-06,8.488253357017198797e-06,8.464695365287337771e-06,8.432987741555469683e-06,8.385513388283587775e-06,8.331448051016486966e-06,8.273998444014315460e-06,8.210142855937031564e-06,8.116929127164967760e-06,8.037680665035249901e-06,7.953924843275325308e-06,7.843284097068210033e-06,7.737061500108088709e-06,7.639035242375096454e-06,7.539726233462867689e-06,7.388090229973003331e-06,7.282143274261726593e-06,7.177373441320677987e-06,7.026089188229903917e-06,6.901250295732721726e-06,6.797549888697088053e-06,6.636695001103513668e-06,6.514516422725928956e-06,6.418059192677427093e-06,6.327959612735136343e-06,6.139166213092066302e-06,6.055399945523394984e-06,5.979554700011291685e-06,5.813643042548498495e-06,5.723909963932232800e-06,5.666260372060806904e-06,5.617727389497651077e-06,5.435133304661611889e-06,5.398380242980893760e-06,5.371057624127030098e-06,5.217001348583250373e-06,5.182981768743904258e-06,5.177765351446194079e-06,5.181394269878960502e-06,5.023840257881533339e-06,5.040415121820168618e-06,5.065012350693843556e-06,4.921593282086595997e-06,4.958567429548667877e-06,5.002388931560162723e-06,4.876323494598526293e-06,4.929153896424835100e-06,4.989651471872996722e-06,5.054785029637606680e-06,4.946958178278875370e-06,5.020995984851631190e-06,5.098041662593113515e-06,4.988675901379712080e-06,5.089229879019418213e-06,5.174645454987237551e-06,5.260639832133108417e-06,5.186312895114861569e-06,5.276477772057897721e-06,5.365647869132536760e-06,5.266990011065134302e-06,5.395252008571363758e-06,5.484199762852669664e-06,5.388845895359751954e-06,5.522924203351780312e-06,5.608535908594100425e-06,5.689940152538156775e-06,5.652022086951235913e-06,5.731562368189218869e-06,5.805918960360196451e-06,5.713669680415902653e-06,5.847059759485485961e-06,5.912287744968455682e-06,5.971339399864226224e-06,5.949810948748367680e-06,6.004296473284262208e-06,6.052157400712626497e-06,5.960512698074837950e-06,6.078246499125342984e-06,6.113961425608908663e-06,6.022652829521138549e-06,6.131466118630371017e-06,6.154496857018791467e-06,6.170645810303664485e-06,6.162243820019725050e-06,6.172426173367117152e-06,6.175874549000811805e-06,6.085389489513857293e-06,6.167225418550593112e-06,6.158253918907849803e-06,6.143013955155235094e-06,6.139066711490618702e-06,6.118201732259407297e-06,6.091468477369640028e-06,6.003711507485853154e-06,6.056657001649942938e-06,6.019213532614742068e-06,5.976627684015262401e-06,5.974963041285347237e-06,5.927715817943876875e-06,5.875844333349534412e-06,5.874759474416426188e-06,5.818695991267168002e-06,5.758544165319060392e-06,5.757885963756599870e-06,5.773966559737058039e-06,5.785432121535708174e-06,5.792243557708796882e-06,5.791988075642545460e-06,5.794187442127070523e-06,5.791707255115848399e-06,5.791669148984693866e-06,5.784538419035721051e-06,5.772714578889293073e-06,5.756222927850431978e-06,5.756402818513457305e-06,5.735326205275710115e-06,5.709665659030469247e-06,5.709974034914564348e-06,5.679828937175401532e-06,5.645231666052191690e-06,5.645649343281071524e-06,5.606716773021834605e-06,5.563508371011973817e-06,5.516128398335952220e-06,5.516672422115752310e-06,5.465263849151741343e-06,5.409919774059232610e-06,5.410548793670153391e-06,5.351427821595370287e-06,5.288642170607838405e-06,5.222339143014502228e-06,5.223072260783717846e-06,5.153430706186153989e-06,5.080586013118899799e-06,5.081391473625617739e-06,5.005532984841354419e-06,4.926808404620108993e-06,4.845393455541020159e-06,4.846288297684990340e-06,4.762383548267507787e-06,4.676150005672733074e-06,4.677106526277934203e-06,4.588748750836734533e-06,4.498433557953275086e-06,4.499446964441322977e-06,4.407380224964235819e-06,4.313732047725686778e-06,4.218690850813075819e-06,4.219772272282619348e-06,4.123541309116573142e-06
3.591418280986257492e-06,3.678300957146052177e-06,3.764272273870573485e-06,3.763385820336168804e-06,3.848292379435411839e-06,3.931954143388833010e-06,4.014202916508265113e-06,4.013371318215020069e-06,4.094053734803515354e-06,4.172987524704195834e-06,4.172202113725700546e-06,4.249236820816066333e-06,4.324191400823488152e-06,4.323456371178511778e-06,4.396185557160701166e-06,4.466511898506714690e-06,4.534278566391790333e-06,4.533617150031316342e-06,4.598690836502071913e-06,4.660904095587251176e-06,4.660302878916159880e-06,4.719533546208862881e-06,4.775623469632686146e-06,4.828441249910591157e-06,4.827927915790788809e-06,4.877372451726921348e-06,4.923303440651755991e-06,4.922863270798470723e-06,4.965197168578978587e-06,5.003807322815992093e-06,5.038600899124531107e-06,5.038272413382145996e-06,5.069196969608456813e-06,5.096148445751760885e-06,5.095919714682192641e-06,5.118871142798451323e-06,5.137733218692442620e-06,5.137625375704960944e-06,5.152401016398801197e-06,5.163014391223221723e-06,5.169443748629601168e-06,5.169548334174452798e-06,5.171839423529171703e-06,5.169961774914394178e-06,5.170284547698499184e-06,5.164310565649246456e-06,5.154195047004320777e-06,5.212440744501606823e-06,5.287162566584473818e-06,5.268072056140646297e-06,5.319243899069566749e-06,5.396442973272302926e-06,5.367803802055669240e-06,5.410973371990539405e-06,5.490386040466761059e-06,5.451728060219186264e-06,5.486015184780633709e-06,5.515389921240320957e-06,5.597423975347422651e-06,5.542966402938263485e-06,5.562251315784859657e-06,5.645761236747884990e-06,5.580730756951903211e-06,5.589319068712122759e-06,5.592062448975753521e-06,5.676983597999711193e-06,5.596104246717057468e-06,5.587518506140865260e-06,5.673306364534499141e-06,5.582697713318786353e-06,5.562733124345129926e-06,5.536557729440955123e-06,5.549889275235422814e-06,5.518815421962405116e-06,5.481642331604206906e-06,5.568706075552439815e-06,5.457733501102278106e-06,5.410372037184274563e-06,5.498419460380519835e-06,5.382402891359971983e-06,5.326084845120257189e-06,5.264663864186760563e-06,5.353736900876866830e-06,5.233142473674759302e-06,5.165209168795210962e-06,5.256432187387887891e-06,5.136920589303380880e-06,5.064794089905477620e-06,4.989781004840911632e-06,5.043734997681129145e-06,4.970138469322099273e-06,4.894903316558252405e-06,4.993507803061308413e-06,4.888684744083734311e-06,4.816435496298019406e-06,4.920573175951631085e-06,4.828331092544421667e-06,4.762462443921249086e-06,4.698567560542295330e-06,4.810669333218760644e-06,4.741020542187001356e-06,4.688493772510113676e-06,4.808831301343888133e-06,4.759634490713070127e-06,4.721695122418604452e-06,4.689480471377641748e-06,4.821033699122605097e-06,4.804229170215744619e-06,4.790649282649116257e-06,4.931976959576261418e-06,4.940356817801286084e-06,4.947256789254842465e-06,5.098168880254156826e-06,5.132014704969785099e-06,5.160291257308744681e-06,5.197442576385353258e-06,5.359257837343118571e-06,5.427794427072657796e-06,5.486079040189544023e-06,5.654508101141135470e-06,5.744583670212652993e-06,5.822047055285786827e-06,5.907619414830323847e-06,6.080621753681201144e-06,6.195574525111499440e-06,6.295836344653938711e-06,6.468164436735230867e-06,6.593791167840815848e-06,6.703861850672753997e-06,6.818353861789297529e-06,7.001203212201262006e-06,7.115283721179815787e-06,7.231551655983873662e-06,7.384929292280404507e-06,7.512102347009175674e-06,7.623561845383332096e-06,7.760292172767259416e-06,7.875745794627223378e-06,7.975779044452011238e-06,8.072241718966177777e-06,8.179633270224496964e-06,8.270648183579256226e-06,8.347362346486613126e-06,8.427457394746970003e-06,8.492882121235897276e-06,8.545011324870646031e-06,8.589225191937205822e-06,8.628696620313958785e-06,8.654786367825214981e-06,8.670248679552913982e-06,8.677172552066680203e-06,8.677172552066680203e-06,8.670902112250163874e-06,8.656782129576032946e-06,8.631490722454027744e-06,8.592669595800210496e-06,8.550081285842114516e-06,8.499824699220993694e-06,8.435730991900826158e-06,8.356494016570619683e-06,8.282353752448749212e-06,8.193263484999605676e-06,8.086972794923481082e-06,7.994051964703944587e-06,7.898138917874275496e-06,7.785889602203250259e-06,7.650712130036483436e-06,7.544701154857818752e-06,7.421847788130349006e-06,7.270339746519661969e-06,7.161045431301654558e-06,7.054759847661417029e-06,6.871910497249451706e-06,6.766064347254170716e-06,6.665512109860104097e-06,6.547799526685178916e-06,6.377961454211653103e-06,6.288993756214549272e-06,6.183627111133649258e-06,6.013217801226311923e-06,5.940695469211982819e-06,5.877129651371501990e-06,5.799247099768748637e-06,5.633337850595926430e-06,5.590540478726805691e-06,5.535917005526090864e-06,5.376401365922078024e-06,5.356131925832551999e-06,5.345343323163039459e-06,5.327819212267642790e-06,5.178610448428174789e-06,5.190198587625928487e-06,5.199554291143154124e-06,5.059364076539788605e-06,5.092120540274288213e-06,5.127868433207714301e-06,4.996768336905232238e-06,5.048514419598593026e-06,5.106034716403169945e-06,5.175527633051831229e-06,5.054439382322942505e-06,5.126392152264734290e-06,5.216901830434535575e-06,5.103163893673869665e-06,5.186002953828575254e-06,5.270459195307026658e-06,5.383883525618439594e-06,5.276722334794467499e-06,5.366633409291027774e-06,5.492508353581029504e-06,5.389953451404403895e-06,5.481671176755897298e-06,5.571077986401105134e-06,5.517123997215645053e-06,5.607226989743716779e-06,5.693680347174094257e-06,5.832827551029659675e-06,5.735495533560505599e-06,5.816123371507424685e-06,5.955414988596487726e-06,5.859480885489305083e-06,5.931858309074756772e-06,5.998237113476850610e-06,6.131237201672972342e-06,6.035360455342152258e-06,6.090962716819023752e-06,6.217618599956158537e-06,6.122197762487670481e-06,6.165783780591638471e-06,6.202363940901792951e-06,6.189033574388996050e-06,6.219818839854828598e-06,6.243509896157467582e-06,6.346224490012049058e-06,6.251192825590512498e-06,6.261790669656797660e-06,6.353288951910915387e-06,6.258939492434947201e-06,6.256580689831546740e-06,6.247600676354184740e-06,6.321035974274789739e-06,6.227989470986843830e-06,6.206845638319385818e-06,6.268273007379112255e-06,6.176733779868538596e-06,6.144153921850269043e-06,6.106035206109540507e-06,6.149611607222047808e-06,6.060875805785520643e-06,6.012721425326877795e-06,6.044998471266437388e-06,5.958676919893530859e-06,5.901498958316917361e-06,5.923027007446604165e-06,5.839436551613171041e-06,5.774294643708956492e-06,5.785734036895979325e-06,5.792525321854625615e-06,5.792255115823326535e-06,5.794444665029598381e-06,5.791959109235229085e-06,5.791919680327952313e-06,5.784791320687702593e-06,5.772973234950200432e-06,5.756490452231746047e-06,5.756682089054657358e-06,5.735619893618749772e-06,5.709976256662754807e-06,5.710303875764642861e-06,5.680180217119172425e-06,5.645606459661218086e-06,5.646049618119141981e-06,5.607144401771080017e-06,5.563965141686082369e-06,5.516616022815299425e-06,5.517192543217656167e-06,5.465818046428745912e-06,5.410509568499229461e-06,5.411175651454315272e-06,5.352093157053382161e-06,5.289347348494578019e-06,5.223085480218280253e-06,5.223861027563315290e-06,5.154263127022069979e-06,5.081463267253638319e-06,5.082314695358047680e-06,5.006503263631551923e-06,4.927826785053181525e-06,4.846460937191439782e-06,4.847405834916693091e-06,4.763552049999440886e-06,4.677370335134666339e-06,4.678379500776965251e-06,4.590075141551153150e-06,4.499814089767113126e-06,4.500882315830034565e-06,4.408871027939446232e-06,4.315278887844791028e-06,4.220294267257625621e-06,4.221432758007865940e-06,4.125259311073197640e-06,4.028066732595576441e-06
3.593853941115929283e-06,3.592883725037103943e-06,3.679718853812835891e-06,3.765642931003731160e-06,3.764709584013426497e-06,3.849569634278685826e-06,3.933185312826641441e-06,4.015388462984519515e-06,4.014511743346237624e-06,4.095149579487858301e-06,4.174039369187374865e-06,4.173210577630677711e-06,4.250202563145729968e-06,4.325115119948074445e-06,4.324338804822536739e-06,4.397027482407632016e-06,4.467314131843576313e-06,4.535041963820425588e-06,4.534342607278165637e-06,4.599379289364167526e-06,4.661556520458703290e-06,4.660920293546778773e-06,4.720117010754889742e-06,4.776174088068774130e-06,4.828960171882473119e-06,4.828416338999412465e-06,4.877831624947334842e-06,4.923734667503763151e-06,4.923267914401100821e-06,4.965576657237162312e-06,5.004163156905521477e-06,5.038934659360534270e-06,5.038585770676731226e-06,5.069491696745149143e-06,5.096426431127500355e-06,5.096182978392226541e-06,5.119121855365113567e-06,5.137973722765555099e-06,5.137858211089193945e-06,5.152628948791608185e-06,5.163240445075549446e-06,5.169671244570292151e-06,5.169780931467606659e-06,5.172081168061210284e-06,5.170217153233902993e-06,5.170558547656173312e-06,5.237699948777245982e-06,5.301714984413769380e-06,5.286792005332073809e-06,5.363120542983234711e-06,5.420227327715326870e-06,5.395789403568613922e-06,5.474676399889544590e-06,5.523880703424272607e-06,5.489382682187592366e-06,5.570561575760630216e-06,5.610905591217768348e-06,5.646321390144133169e-06,5.595816508580387844e-06,5.679719688698580543e-06,5.704931108866047124e-06,5.643570881577339553e-06,5.729025455259522663e-06,5.743320979854629673e-06,5.751628187741386751e-06,5.673807065140567132e-06,5.760774379359276956e-06,5.757362218837116823e-06,5.669215769724899051e-06,5.757144483955080481e-06,5.741843294074877237e-06,5.644149609981580482e-06,5.617335753474621339e-06,5.705941935580516622e-06,5.672451344257110081e-06,5.561904408402115296e-06,5.651402009596626070e-06,5.606924204563150464e-06,5.490265813163400437e-06,5.580942605780668417e-06,5.526614177306912037e-06,5.466703716629343821e-06,5.343744090726589764e-06,5.435750532269841222e-06,5.368326169361121779e-06,5.245165058111291946e-06,5.339641030846748826e-06,5.266991032379000029e-06,5.146739249136886205e-06,5.071481358334983733e-06,5.169466431378885570e-06,5.092150343021910307e-06,4.980545460443803073e-06,5.083337715906980657e-06,5.008058957922048350e-06,4.907922237083287200e-06,5.016745524253434100e-06,4.947014739329903687e-06,4.878831753453792898e-06,4.799989591291029332e-06,4.917439043950272700e-06,4.860033611502099220e-06,4.801133805659942206e-06,4.927324835189841063e-06,4.884134990382464641e-06,4.846476897358803624e-06,4.819783383060120248e-06,4.957749474501876853e-06,4.938719480047224815e-06,4.937674249294540716e-06,5.085710081113464198e-06,5.087415866178748882e-06,5.112765721171226914e-06,5.270500301538043705e-06,5.294088391144052121e-06,5.326782168347121811e-06,5.388786670037755758e-06,5.557222500458615624e-06,5.611874336835551075e-06,5.697392701698904212e-06,5.871943823142857924e-06,5.946739557920931052e-06,6.030088460898132055e-06,6.143689348427478942e-06,6.321664029587235905e-06,6.420760899968797469e-06,6.547608382367972200e-06,6.723624735751321540e-06,6.833529213652887778e-06,6.967409035180532624e-06,7.085125606822831593e-06,7.251526055286653857e-06,7.368871200877927210e-06,7.503208729363228282e-06,7.656110447865481058e-06,7.769178200650670162e-06,7.893831728952268770e-06,8.027932371314768924e-06,8.129803237273989174e-06,8.228236764129299798e-06,8.330511244096382007e-06,8.432332472388163631e-06,8.510811791214910893e-06,8.588251203075096798e-06,8.660674614236096421e-06,8.714089398067690644e-06,8.759467050581356258e-06,8.797629619562396240e-06,8.827084058196825182e-06,8.842981111923726338e-06,8.847981146144191938e-06,8.847981146144191938e-06,8.843679399262143191e-06,8.829217400622543498e-06,8.800423721702465199e-06,8.763150785837496096e-06,8.719515396026144159e-06,8.668110686981521531e-06,8.596524800228952953e-06,8.520600770737988717e-06,8.444890869200635046e-06,8.344141458871489025e-06,8.244052908462471771e-06,8.149434801366487217e-06,8.052003177124133666e-06,7.919429158388259613e-06,7.798374231927499348e-06,7.691175008005444010e-06,7.540127225213172781e-06,7.410599186789704113e-06,7.300757350666067029e-06,7.136519736325271455e-06,7.027321229193509198e-06,6.900428713614338074e-06,6.800738890981638552e-06,6.627243472317919402e-06,6.509027920614139880e-06,6.422023366447096114e-06,6.246694705879927056e-06,6.143470810240844839e-06,6.074056834649720764e-06,6.014079278417368866e-06,5.842131700326516533e-06,5.769672990083633983e-06,5.731482044116598080e-06,5.565445838220728051e-06,5.518244487740875231e-06,5.503431822807938280e-06,5.498332732059810782e-06,5.342416053184712031e-06,5.334268751350858566e-06,5.352033442630135484e-06,5.205251580861434269e-06,5.224877914937004656e-06,5.264019191515622591e-06,5.126618117145231146e-06,5.173043775101169126e-06,5.231093634421456674e-06,5.294678595937069016e-06,5.167830137368003040e-06,5.247695511463907327e-06,5.325233552058320773e-06,5.206222088509115816e-06,5.306497335593213706e-06,5.394207107744832077e-06,5.483041504287969660e-06,5.371232586808676508e-06,5.492960888243248558e-06,5.586278296918521924e-06,5.479546011393923628e-06,5.612497852006450461e-06,5.706530217222464885e-06,5.603675572404048407e-06,5.694457380922923973e-06,5.835208365690938549e-06,5.922206747165694720e-06,5.821560437681581831e-06,5.964371944493056921e-06,6.044378235103095795e-06,5.945422231877278518e-06,6.086991297267891533e-06,6.157620977368712907e-06,6.221714951816299837e-06,6.123083766314777412e-06,6.256500819616284073e-06,6.308818031435495564e-06,6.210817446969136847e-06,6.336744470899501971e-06,6.376154509915751970e-06,6.278598797470499793e-06,6.310200129477939290e-06,6.421068740959506137e-06,6.439492572281035029e-06,6.342136674908615277e-06,6.441939905467562522e-06,6.446705430061136343e-06,6.350117444708159937e-06,6.438070053028585593e-06,6.429448186961762608e-06,6.414046553678440053e-06,6.318855662091023078e-06,6.388095844981200894e-06,6.360290626304247028e-06,6.266681396259375390e-06,6.323618698237831357e-06,6.284254411310183492e-06,6.239335148506268780e-06,6.148635401438934881e-06,6.187511671216698275e-06,6.132585954777873586e-06,6.044383716260904681e-06,6.071926940576987137e-06,6.008093169290838307e-06,5.922710054513946033e-06,5.939551832393172821e-06,5.867942770491576527e-06,5.792822467696245111e-06,5.792536605484055328e-06,5.794715739675903703e-06,5.792224517771225294e-06,5.792183739427526949e-06,5.785057968181558008e-06,5.773246077120678704e-06,5.756772805544151769e-06,5.756977016827530602e-06,5.735930238107998608e-06,5.710304667006097236e-06,5.710652832204004725e-06,5.680552051889841255e-06,5.646003374908096806e-06,5.646473701172549355e-06,5.607597638087544675e-06,5.564449425733564909e-06,5.517133167157452213e-06,5.517744286028188884e-06,5.466406057644708257e-06,5.411135454801233690e-06,5.411840960242244581e-06,5.352799379568110284e-06,5.290095922219560892e-06,5.223877790679556090e-06,5.224698409632390330e-06,5.155146865813429514e-06,5.082394598696942865e-06,5.083294806514624292e-06,5.007533292815292060e-06,4.928907821807490735e-06,4.847594022166278170e-06,4.848591959683004799e-06,4.764792156832274693e-06,4.678665316790997226e-06,4.679730200289567240e-06,4.591482352055824063e-06,4.501278554376957957e-06,4.502404727567459742e-06,4.410452029733843834e-06,4.316919072601599071e-06,4.221994178002503231e-06,4.223192888108069652e-06,4.127080104536836440e-06,4.029948584448278850e-06,4.031194570927922094e-06
3.507937853095914091e-06,3.595457565297343972e-06,3.594436958687785109e-06,3.681221957442656384e-06,3.767096205618073167e-06,3.766113371562167447e-06,3.850924318046984245e-06,3.934491317767111929e-06,4.016646255991383857e-06,4.015721833473247731e-06,4.096312518113234699e-06,4.175155750130693009e-06,4.174281037228685056e-06,4.251227780296427258e-06,4.326095816135177177e-06,4.325275744135619301e-06,4.397921471576979705e-06,4.468166020313006450e-06,4.535852643886207699e-06,4.535113014327728043e-06,4.600110402254535570e-06,4.662249362081744751e-06,4.661575931636321233e-06,4.720736558999730349e-06,4.776758707605622603e-06,4.829511073253997996e-06,4.828934784674897660e-06,4.878318932517079747e-06,4.924192213673288521e-06,4.923697139927602584e-06,4.965979072968485479e-06,5.004540351101242938e-06,5.039288306495578554e-06,5.038917641950365976e-06,5.069803672542067120e-06,5.096720515703099004e-06,5.096461317080953060e-06,5.119386754638800566e-06,5.138227673497869981e-06,5.138103915412467668e-06,5.152869350963073313e-06,5.163478766801255093e-06,5.169911025266127497e-06,5.170026073967604357e-06,5.172335990313156463e-06,5.243734646496280816e-06,5.318888496420272127e-06,5.312645411239820702e-06,5.377997184922971950e-06,5.439878479132445214e-06,5.440708074363331097e-06,5.498993669430718799e-06,5.553270654500009801e-06,5.554606151646138028e-06,5.604804387665411329e-06,5.650461879464810853e-06,5.735206808459261983e-06,5.693622260578634323e-06,5.729700323521726524e-06,5.760467470045258769e-06,5.763841030973227045e-06,5.789476251657833465e-06,5.809353028613478107e-06,5.898572598926945918e-06,5.828631474109722968e-06,5.836970828988450849e-06,5.838990337834276116e-06,5.846481437927576626e-06,5.842857864334739835e-06,5.832686463970842688e-06,5.842946075212288429e-06,5.827213460403981350e-06,5.804840483547520710e-06,5.775786230217971285e-06,5.791032968236494420e-06,5.756811139919074317e-06,5.716057410896661965e-06,5.736232091274375858e-06,5.690929720700238997e-06,5.639441002281043872e-06,5.733950976521026599e-06,5.610593013825384558e-06,5.549808773052378988e-06,5.483677692467304350e-06,5.520315814293803844e-06,5.452168749192833938e-06,5.379564896434011903e-06,5.425727544978768975e-06,5.352637206316482718e-06,5.276202443833059503e-06,5.196967679138610728e-06,5.258333724470602247e-06,5.181141349779329817e-06,5.102559851493639169e-06,5.177186963909053964e-06,5.102654177421329838e-06,5.028296046687415568e-06,5.141708740884802342e-06,5.049404447956805905e-06,4.982999164050276822e-06,4.919221559974237195e-06,5.030018752735025927e-06,4.975273622276561192e-06,4.924843829726951957e-06,5.056358167224369674e-06,5.012959408714043944e-06,4.979243073481484424e-06,4.952172257515632413e-06,5.102532358853468407e-06,5.088322820129001672e-06,5.082036537573858557e-06,5.248487991057109476e-06,5.255761726815099813e-06,5.271883168947611558e-06,5.435684425054491367e-06,5.482446534353832603e-06,5.521464889565570249e-06,5.570049252217255875e-06,5.766011409932664302e-06,5.827116137868277446e-06,5.897522893163424635e-06,6.077537092950286393e-06,6.181527842491523067e-06,6.270981032036394028e-06,6.368559325578980946e-06,6.573756866437792027e-06,6.678096989048834460e-06,6.788932744809945297e-06,6.989505140721193673e-06,7.103337591318005730e-06,7.221565968594561044e-06,7.343333586269142314e-06,7.528640483108556385e-06,7.647547733640220835e-06,7.767427976468104501e-06,7.934360783566850905e-06,8.046794203727565745e-06,8.157534165381748840e-06,8.288542393376905384e-06,8.399297224256720737e-06,8.493903877888534689e-06,8.583330166341966681e-06,8.686486296687593415e-06,8.758766585906587959e-06,8.823821236614980297e-06,8.888201885083778166e-06,8.937666889382789916e-06,8.974085394283252409e-06,9.001484779884191513e-06,9.020617567833775572e-06,9.025996002965682954e-06,9.025996002965682954e-06,9.022071587077766877e-06,9.002938799128181125e-06,8.977073594845875605e-06,8.942349355498699451e-06,8.894012220467793173e-06,8.830437464633000147e-06,8.767634646232848748e-06,8.698001587098635635e-06,8.594845456753008901e-06,8.508537371793431088e-06,8.417593110121824815e-06,8.309647235081591674e-06,8.180106775460780364e-06,8.074324141597376909e-06,7.967590180137515074e-06,7.800657373038768670e-06,7.687274588958890219e-06,7.575712084480447624e-06,7.390405187641033554e-06,7.276871411946881510e-06,7.167799469773972849e-06,7.064070499511899784e-06,6.863498103600650561e-06,6.763727676922186108e-06,6.671419438840939160e-06,6.466221897982128079e-06,6.381636379354189323e-06,6.306120726955266470e-06,6.214216536686536717e-06,6.036971580739755166e-06,5.982302307041878465e-06,5.937770508723812829e-06,5.741808351008404402e-06,5.710577096514392879e-06,5.689628459785884496e-06,5.659526554536386323e-06,5.497780410819798289e-06,5.500942371943216709e-06,5.513437128528196637e-06,5.346985675044945718e-06,5.373438110032314783e-06,5.408120676800153889e-06,5.257760575462318742e-06,5.305518230256726074e-06,5.360040925215580518e-06,5.424726745297072086e-06,5.292756730369102142e-06,5.363949195450255031e-06,5.439296214791068408e-06,5.328499022032621722e-06,5.412628153614625336e-06,5.499048270087317419e-06,5.613845325471855296e-06,5.497535581495315741e-06,5.590992364486404605e-06,5.684053773547861176e-06,5.609426661624149854e-06,5.705899152977050143e-06,5.800282971276496468e-06,5.738916928687293347e-06,5.834587578259912535e-06,5.926652712943246499e-06,6.014524092178415117e-06,5.968361462116256614e-06,6.054859356295221253e-06,6.135981869114642072e-06,6.099343808580381765e-06,6.177506161426738954e-06,6.249357695156210028e-06,6.391015015721143766e-06,6.288295072083387341e-06,6.348886108856733492e-06,6.402300251423054681e-06,6.382126131111538445e-06,6.430002437431259736e-06,6.470363229425625842e-06,6.455117680096989517e-06,6.489337510714195920e-06,6.515916228519215684e-06,6.534912093357915921e-06,6.524655296927746733e-06,6.537168609974939808e-06,6.542235680995163402e-06,6.534749494651677985e-06,6.533301968732952144e-06,6.524690506061703436e-06,6.603707588476839715e-06,6.504335359171126670e-06,6.482591822289937439e-06,6.454340946649428063e-06,6.450981596938976989e-06,6.416886054968204341e-06,6.376800103068534847e-06,6.423690195626452985e-06,6.329011064769034971e-06,6.278096599124597832e-06,6.222069827956774566e-06,6.220766092552581467e-06,6.160128403769451839e-06,6.094982781824009100e-06,6.094195349353169533e-06,6.024994128063633138e-06,5.951893943095671820e-06,5.958998345116035323e-06,5.874899423230482313e-06,5.795001478721311300e-06,5.792504275568595818e-06,5.792462123220391144e-06,5.785339178353002607e-06,5.773533958128023539e-06,5.757070890830166377e-06,5.757288568254550294e-06,5.736258280431407323e-06,5.710652017872789655e-06,5.711022128130053279e-06,5.680945770640195032e-06,5.646423854670077789e-06,5.646923156884429264e-06,5.608078175254026728e-06,5.564963052031526874e-06,5.517681802108210548e-06,5.518329768986761779e-06,5.467030154332294660e-06,5.411799862584346149e-06,5.412547312340707092e-06,5.353549248354465921e-06,5.290890821754205844e-06,5.224719178609244579e-06,5.225587688564471028e-06,5.156085384264228526e-06,5.083383651700103638e-06,5.084335635963784111e-06,5.008627087605240932e-06,4.930055717828726670e-06,4.848797102199692177e-06,4.849851253234116545e-06,4.766108639937988708e-06,4.680039911826139734e-06,4.681163775795494122e-06,4.592975722608974050e-06,4.502832480511471936e-06,4.504019915762657371e-06,4.412129132474534834e-06,4.318658688516779783e-06,4.223796852085914683e-06,4.225059112022354381e-06,4.129010317001573606e-06,4.031943171710955727e-06,4.033253867315919188e-06,3.935367365545380518e-06
3.421640420399816141e-06,3.509690957643387334e-06,3.597157358349341960e-06,3.596083646134374937e-06,3.682815787881000989e-06,3.768637470949637843e-06,3.767602407529448198e-06,3.852361504708133801e-06,3.935877079907667220e-06,4.017981063473344803e-06,4.017006201523007884e-06,4.097547007551365188e-06,4.176340967548428628e-06,4.175417635118042081e-06,4.252316457143458386e-06,4.327137316488767536e-06,4.326270858667684245e-06,4.398871037153863751e-06,4.469070920102454231e-06,4.536713807529515781e-06,4.535931418212630146e-06,4.600887069931185527e-06,4.662985364871807740e-06,4.662272389493866718e-06,4.721394641692300100e-06,4.777379636294740808e-06,4.830096122566466671e-06,4.829485285369637527e-06,4.878836274867091390e-06,4.924677851698618226e-06,4.924152596633020542e-06,4.966405946759036996e-06,5.004940323569935418e-06,5.039663151800244601e-06,5.039269238021206086e-06,5.070134014387481887e-06,5.097031731109197457e-06,5.096755685029360839e-06,5.119666726798075375e-06,5.138495899175751357e-06,5.138363270389043680e-06,5.153122970658633282e-06,5.163730084266533816e-06,5.170163814516626875e-06,5.243532699162820054e-06,5.320751510236658908e-06,5.318811337240399543e-06,5.395573943829433809e-06,5.467031103988277581e-06,5.455917174456276717e-06,5.519091016486911639e-06,5.600472450196574968e-06,5.579469757094306098e-06,5.634861205862277658e-06,5.719032018036469533e-06,5.771198324458013761e-06,5.734069246636997057e-06,5.820741440039194329e-06,5.863347905029585876e-06,5.814929866209935986e-06,5.846244967041942732e-06,5.935888746894765624e-06,5.962139293832431978e-06,5.896087940495319512e-06,5.987436358061104549e-06,6.001897440201102676e-06,5.924256335658856820e-06,5.926161440937269906e-06,6.019179026373663341e-06,5.930337674110322517e-06,5.919808426752215572e-06,6.013917726699851931e-06,5.996480309433227423e-06,5.891681171032658466e-06,5.861924494327915955e-06,5.956846247883919563e-06,5.843294034958813116e-06,5.801703836598325243e-06,5.897705057084469842e-06,5.849147820031540829e-06,5.724809346369951419e-06,5.822242821544904061e-06,5.763391069447619068e-06,5.635391354933297377e-06,5.568407118462572004e-06,5.667525759520243721e-06,5.538780235651389302e-06,5.465554877613426691e-06,5.567612243663399918e-06,5.490330602021375322e-06,5.364765478809644274e-06,5.285406200800894088e-06,5.391652207700029043e-06,5.273960049512765851e-06,5.195843239260932014e-06,5.307636897124696087e-06,5.229729769646050638e-06,5.128592510889424035e-06,5.247250988429523859e-06,5.176432648811591350e-06,5.092739957533752263e-06,5.031328474327059920e-06,5.159703793478290297e-06,5.103846918011542831e-06,5.049932821621390225e-06,5.187930316597752193e-06,5.148470805418752548e-06,5.119896272761683283e-06,5.097484209682091602e-06,5.248204838817475704e-06,5.246861643160658848e-06,5.246088803602125004e-06,5.407358660680447465e-06,5.418064454386153713e-06,5.456323815775574131e-06,5.627401336386765707e-06,5.661662151627206685e-06,5.727137545457174928e-06,5.782457534779527406e-06,5.963673391123277920e-06,6.030608194059551698e-06,6.130884454536037781e-06,6.317049703670331099e-06,6.404132191206210813e-06,6.523480030242597088e-06,6.626949642972755828e-06,6.813993651738010755e-06,6.946581046513171284e-06,7.062111902845707218e-06,7.244370413103546999e-06,7.362901371034242417e-06,7.504592778229192677e-06,7.628790699408814473e-06,7.796696774426792564e-06,7.934333920834477175e-06,8.054452881102468320e-06,8.204605782701228280e-06,8.317242336464145269e-06,8.438919965722680149e-06,8.565702254435343511e-06,8.662259471245805677e-06,8.762112405685049262e-06,8.845981111705984463e-06,8.934421576083715529e-06,9.001088626751370026e-06,9.063579083068604126e-06,9.118470260689087701e-06,9.155839726925430055e-06,9.184630526885994873e-06,9.201659004109597034e-06,9.209363081631169657e-06,9.209363081631169657e-06,9.202405613760262159e-06,9.186912143047043977e-06,9.159037250819141972e-06,9.123483941545202137e-06,9.069389418452619133e-06,9.008178448128375634e-06,8.943932604418584347e-06,8.856481123441847176e-06,8.775594218529506006e-06,8.677980192908751054e-06,8.585371501321613176e-06,8.460024807427363050e-06,8.341523751030388114e-06,8.234233475432847668e-06,8.085868977358048838e-06,7.972074659808115127e-06,7.839472809564782099e-06,7.673709324579991675e-06,7.557588831599299634e-06,7.422451741482263970e-06,7.313767961853910325e-06,7.134103887682320861e-06,7.029539095920506529e-06,6.906120776342245164e-06,6.721867217245834320e-06,6.631348290445700249e-06,6.523063196456243464e-06,6.450878434319364298e-06,6.267563898272288952e-06,6.180292184203988784e-06,6.130126834227953200e-06,5.951614740082532783e-06,5.913790533176815049e-06,5.864173270338670378e-06,5.849065885911954058e-06,5.680165945257469933e-06,5.659528908506324981e-06,5.669183581144941227e-06,5.509539709959435368e-06,5.530810408801341564e-06,5.552062809264140282e-06,5.402270165256821253e-06,5.445762915924898847e-06,5.495460062001059972e-06,5.556645757912011542e-06,5.418301399694133294e-06,5.494260940707551437e-06,5.571689295540414831e-06,5.442004714420502413e-06,5.524259724762027898e-06,5.630794348260876600e-06,5.722233443686090239e-06,5.600729095509693385e-06,5.724839395686358935e-06,5.822299963109193672e-06,5.706618836152693632e-06,5.803125919502224546e-06,5.943409176235066005e-06,5.832254134885749874e-06,5.928528310889891610e-06,6.076073384810679304e-06,6.169047759118951231e-06,6.060641754801377549e-06,6.148190085662618829e-06,6.297535262215949000e-06,6.191200474789842907e-06,6.270601374185738075e-06,6.418021106864078971e-06,6.487647505787461330e-06,6.381873582254354605e-06,6.524287550871675139e-06,6.581534669379202975e-06,6.476576119535386914e-06,6.525545014001841929e-06,6.654927747062390305e-06,6.550544318979817477e-06,6.585667818656459264e-06,6.704701026777184559e-06,6.725702365008586203e-06,6.621587883428164606e-06,6.634579586014901251e-06,6.735192782927623666e-06,6.631946590389089457e-06,6.630683091817732876e-06,6.718452562490125239e-06,6.702951372934281813e-06,6.601233659321425097e-06,6.675797772289277489e-06,6.646888795342009835e-06,6.546901533841492825e-06,6.512216670615298921e-06,6.566820479456935973e-06,6.519403681995370344e-06,6.422582337147351456e-06,6.464435629243464230e-06,6.406217256239636300e-06,6.312118146041967580e-06,6.250242416055381997e-06,6.273939486282237795e-06,6.182911640577125476e-06,6.112269925411454696e-06,6.124847554184974761e-06,6.044904299395012077e-06,5.959008831577626908e-06,5.961283933136654420e-06,5.874865254477668798e-06,5.792755680287660010e-06,5.785635821561620490e-06,5.773837787367562805e-06,5.757385672070941382e-06,5.757617775974898015e-06,5.736605134676298679e-06,5.711019516472285349e-06,5.711413074572005434e-06,5.681362798057273276e-06,5.646869446367304412e-06,5.647399663800166264e-06,5.608587830715009390e-06,5.565507984131547252e-06,5.518264044010292907e-06,5.518951267420549688e-06,5.467692776531792931e-06,5.412505401886267366e-06,5.413297492640497643e-06,5.354345727595524397e-06,5.291735194606031810e-06,5.225612978471964067e-06,5.226532389020570539e-06,5.157082400083147120e-06,5.084434339487613281e-06,5.085441294535683671e-06,5.009788958153738863e-06,4.931274983939961039e-06,4.850074889771906438e-06,4.851188630338157441e-06,4.767506616654818255e-06,4.681499440089916431e-06,4.682685749265414329e-06,4.594560976588366789e-06,4.504481791928597500e-06,4.505734003224131386e-06,4.413908656399285671e-06,4.320504251355879871e-06,4.225708998631462079e-06,4.227038329806709895e-06,4.131057036786767965e-06,4.034057768066798880e-06,4.035436659284321471e-06,3.937618617387573779e-06,3.839147908851652610e-06
3.335136500736029175e-06,3.423555051155776803e-06,3.511549286094777506e-06,3.598959528030967858e-06,3.597829845411786593e-06,3.684506250711451406e-06,3.770272477581794463e-06,3.769182285139083931e-06,3.853886627967703321e-06,3.937347871488539053e-06,4.019397994480531249e-06,4.018369791863545576e-06,4.098857826239095331e-06,4.177599632949801729e-06,4.176624815145880967e-06,4.253472869408234055e-06,4.328243728420106883e-06,4.327328087622481105e-06,4.399879950531587197e-06,4.470032435493165032e-06,4.537628892925693257e-06,4.536801092322367674e-06,4.601712402637603431e-06,4.663767477891861959e-06,4.663012457299037202e-06,4.722093892764253625e-06,4.778039354800776545e-06,4.830717650552738595e-06,4.830070025584727738e-06,4.879385694344652852e-06,4.925193486245555869e-06,4.924636056389156335e-06,4.966858923015426169e-06,5.005364597056065721e-06,5.040060602675244767e-06,5.039641857830921217e-06,5.070483920277895520e-06,5.097361182616972556e-06,5.097067103802368549e-06,5.119962719632270363e-06,5.138779284789683375e-06,5.138637110393258299e-06,5.153390605213895495e-06,5.237086377532118207e-06,5.318471237339740407e-06,5.318597846700139026e-06,5.397470773033558766e-06,5.473504138457878654e-06,5.473908811425430874e-06,5.546895594959612200e-06,5.616449671636483851e-06,5.600024942137948436e-06,5.683207190764030598e-06,5.745164359160653833e-06,5.802798022202270170e-06,5.804309599277345103e-06,5.857550911441345624e-06,5.905884476541412110e-06,5.908189951343159412e-06,5.951641837073020112e-06,5.989626658715569345e-06,6.021859349946683541e-06,6.025700684270009657e-06,6.052398922496356191e-06,6.072857696637253993e-06,6.078340490865053596e-06,6.092979573252726106e-06,6.100974811465195483e-06,6.015342609254987104e-06,6.110690490004571243e-06,6.105786559619011785e-06,6.093802358170441111e-06,6.105545918177515392e-06,6.087626921351730953e-06,6.062546962682118040e-06,5.950184856060795287e-06,6.047737975657488926e-06,6.010015664075330154e-06,5.965293598493498492e-06,5.988406738097553425e-06,5.938967149160452144e-06,5.882946042668479225e-06,5.913074721156033072e-06,5.853358809250540189e-06,5.787720819787593158e-06,5.655809229340513639e-06,5.758392722957412633e-06,5.685369268556040422e-06,5.607784223258588953e-06,5.660493181833379614e-06,5.582849909955410635e-06,5.501919134033755061e-06,5.377486611547164227e-06,5.488183674846308833e-06,5.407374486738800011e-06,5.325497416070485031e-06,5.410203743083007553e-06,5.333329376666390551e-06,5.257136320261527843e-06,5.358193125001326611e-06,5.289255978459058497e-06,5.222832627927353776e-06,5.159801942477213046e-06,5.284403400968252060e-06,5.231735858683559484e-06,5.184282147034251681e-06,5.327190403561048815e-06,5.291913725865774209e-06,5.263516037242576819e-06,5.251578729391834120e-06,5.409663829965417695e-06,5.403062931898594689e-06,5.405396702591863481e-06,5.588825753577914801e-06,5.605752853483218472e-06,5.632444832011728502e-06,5.830151831750070507e-06,5.871088286262855144e-06,5.922088481394179118e-06,5.983311797861346402e-06,6.194795448206732759e-06,6.268552318806806972e-06,6.351966979948289900e-06,6.568589979698571214e-06,6.661987855122385681e-06,6.763840153751921955e-06,6.897179071106531971e-06,7.088622982824675434e-06,7.203683577449877186e-06,7.324650221876254837e-06,7.531233526316541142e-06,7.653029252797190199e-06,7.778220176646543472e-06,7.923408064891059868e-06,8.091117279797965198e-06,8.212885005390625645e-06,8.334139294441109336e-06,8.496113247219708642e-06,8.606616363718834576e-06,8.713736033783400287e-06,8.846543577433464792e-06,8.938338021471669661e-06,9.024150453696800305e-06,9.103078154464920593e-06,9.189494398919257826e-06,9.248081920879166917e-06,9.297966661396718722e-06,9.345533131445607665e-06,9.372768511471689021e-06,9.390285836543986987e-06,9.397110606460847682e-06,9.397909309220170166e-06,9.391084539303309471e-06,9.375210035269740733e-06,9.349753552843984372e-06,9.302187082795093735e-06,9.254307450580326184e-06,9.198040448760525517e-06,9.111624204306186591e-06,9.035420220460110841e-06,8.952820489569661170e-06,8.864810830757530286e-06,8.732003287107464087e-06,8.629320095619033974e-06,8.523980367273172864e-06,8.362006414494573559e-06,8.246712261943137803e-06,8.131764846972217185e-06,7.966184100029047709e-06,7.826604191533842740e-06,7.710113330198746918e-06,7.598019321622859779e-06,7.391436017182573473e-06,7.281200509927186720e-06,7.177917268847060778e-06,6.989306195710766380e-06,6.865963330022139492e-06,6.777984994015619009e-06,6.699487811690251297e-06,6.482864811939969983e-06,6.415347480438225711e-06,6.358443068804685460e-06,6.146959418459299103e-06,6.103491308902960318e-06,6.071086533491614905e-06,6.049513900638340417e-06,5.851806900899999260e-06,5.845167068176859560e-06,5.848893204599649710e-06,5.665464153613599237e-06,5.684291504725246163e-06,5.712463462918787397e-06,5.555436699838498698e-06,5.588195226591337806e-06,5.638677271060737488e-06,5.696138363052690440e-06,5.553230106525926341e-06,5.622863667112193332e-06,5.697603081851818622e-06,5.573001623361766401e-06,5.657895022365673879e-06,5.745873899769799413e-06,5.835965341538757066e-06,5.734908536834815744e-06,5.831765320154107684e-06,5.928728836951371819e-06,5.844022510255820038e-06,5.945335990133758325e-06,6.044856935596576831e-06,5.929243581533781880e-06,6.076514158209135058e-06,6.174518133631907279e-06,6.268334383385076933e-06,6.215625439882005982e-06,6.308438537821615137e-06,6.395707317184265019e-06,6.285818775036866312e-06,6.438267105417208030e-06,6.516098697098626823e-06,6.586952281275258398e-06,6.556823823824674848e-06,6.622915037954232548e-06,6.681351277837749747e-06,6.658238682091579905e-06,6.710883838969020531e-06,6.755460486147615792e-06,6.648267467989865768e-06,6.776066345140833213e-06,6.805897317368790348e-06,6.827540989880246583e-06,6.815800343933573568e-06,6.830505551200622709e-06,6.837151609218158056e-06,6.731361747458661442e-06,6.828233636440533948e-06,6.820111293146612431e-06,6.804458535184385379e-06,6.798985797147168245e-06,6.776663317203294342e-06,6.747286366294297001e-06,6.743460487964414165e-06,6.707773958733577273e-06,6.665596835136034158e-06,6.617253495169975495e-06,6.614973439822535148e-06,6.561092016798330675e-06,6.501683542248427729e-06,6.500207122718665355e-06,6.435830553467677853e-06,6.366590904260252771e-06,6.273554498496070208e-06,6.292101808460254055e-06,6.214307786945438721e-06,6.132657537080902847e-06,6.132318434776558416e-06,6.047239145679053933e-06,5.958972709756292037e-06,5.958927746400331792e-06,5.867838956473094402e-06,5.774158535089847918e-06,5.757718178767354707e-06,5.757965743904482645e-06,5.736971992943459521e-06,5.711408455646007394e-06,5.711827076605537563e-06,5.681804662009330637e-06,5.647341810388685590e-06,5.647905023813348849e-06,5.609128556178971329e-06,5.566086331249990365e-06,5.518882166709005229e-06,5.519611226388754577e-06,5.468396546593294899e-06,5.413254877938959758e-06,5.414094494377421900e-06,5.355192003197172215e-06,5.292632423571880575e-06,5.226562773739368731e-06,5.227536298500955284e-06,5.158141907728933135e-06,5.085550865988357875e-06,5.086616197728458418e-06,5.011023533220660228e-06,4.932570463454994873e-06,4.851432443649447154e-06,4.852609365727386063e-06,4.768991577816292255e-06,4.683049608284271302e-06,4.684302042678286812e-06,4.596244250310615809e-06,4.506232838006551856e-06,4.507553550790866305e-06,4.415797371894719236e-06,4.322462738840752040e-06,4.227737800197963555e-06,4.229137926086606178e-06,4.133227847556268968e-06,4.036300152946105654e-06,4.037750918528726174e-06,3.940004992766158956e-06,3.841606584608965811e-06,3.742734486870271003e-06
3.338457817054849691e-06,3.337225481200210211e-06,3.425584678046644386e-06,3.513519632414806824e-06,3.600870713615601598e-06,3.599682037868896543e-06,3.686299666300353251e-06,3.772007382027961767e-06,3.770858994381268041e-06,3.855505508834838051e-06,3.938909342304700515e-06,4.020902525597346759e-06,4.019817906120777985e-06,4.100250099355821475e-06,4.178936693850594653e-06,4.177907346228785738e-06,4.254701606764172165e-06,4.329419462016684940e-06,4.328451661469042828e-06,4.400952262846931864e-06,4.471054438902559725e-06,4.538601594719876899e-06,4.537725554818139735e-06,4.602589743687508211e-06,4.664598871599436767e-06,4.663799135006234233e-06,4.722837144389041359e-06,4.778740530615767480e-06,4.831378163509937242e-06,4.830691354307408534e-06,4.879969386924944293e-06,4.925741165005674537e-06,4.925149423785506907e-06,4.967339768887969323e-06,5.005814807450544054e-06,5.040482170493112696e-06,5.040036895591093185e-06,5.070854675305701846e-06,5.097710055008988786e-06,5.097396667550792892e-06,5.120275747329324006e-06,5.139078776370653721e-06,5.211392315655086766e-06,5.300864483826033681e-06,5.311996688874976541e-06,5.395132753946105241e-06,5.473278383470760381e-06,5.475839833685291284e-06,5.553511926545022207e-06,5.635358756149000049e-06,5.628500874399055832e-06,5.699548033086085955e-06,5.766772843532422310e-06,5.853658065931389160e-06,5.831039661352337260e-06,5.889880737891563200e-06,5.979812565842430656e-06,5.945837539623996264e-06,5.995152859890844027e-06,6.087819746569941180e-06,6.132852000246709910e-06,6.080649152076188349e-06,6.113465074624908021e-06,6.209379243561848375e-06,6.144727927229173225e-06,6.165491273114681154e-06,6.263282502042011222e-06,6.186178838499203794e-06,6.194198254225992352e-06,6.195205815330054876e-06,6.294843091726850825e-06,6.199223912312200465e-06,6.186833889637769439e-06,6.287713574735539973e-06,6.181010471671354250e-06,6.155302724897517271e-06,6.122254455317811295e-06,6.224106001556766091e-06,6.102451978120846709e-06,6.056824792562304848e-06,6.159977721735414617e-06,6.031281460141418339e-06,5.974320964302559263e-06,6.079203774672030533e-06,5.946046201267392737e-06,5.879555816969625109e-06,5.807463075618306816e-06,5.914449495459431669e-06,5.778648261604078994e-06,5.700490109138496986e-06,5.810957348489821158e-06,5.678954521781563920e-06,5.597903268018687885e-06,5.514339777048773490e-06,5.629773524110807121e-06,5.508586334715243784e-06,5.427428124752191376e-06,5.549240539004883934e-06,5.442085167373061302e-06,5.367447986396443458e-06,5.497043994802381795e-06,5.425595343237867107e-06,5.344244004462389749e-06,5.284094958486334630e-06,5.424578911660452725e-06,5.367077942403001825e-06,5.323554677942025965e-06,5.474565284759314981e-06,5.443943284472662573e-06,5.420495796175420969e-06,5.405128420027811797e-06,5.569761869052036705e-06,5.580091531607506464e-06,5.588646429169654686e-06,5.764178933098156226e-06,5.804526577218318746e-06,5.838049708544411953e-06,6.023274378705925320e-06,6.069511700457083288e-06,6.150492867273761350e-06,6.218929454799740755e-06,6.413286323601301608e-06,6.518971812202512445e-06,6.609267620957925910e-06,6.806937320154211517e-06,6.932242187545607089e-06,7.040129675045638045e-06,7.155664112758594443e-06,7.350908811207971244e-06,7.494774679908718078e-06,7.619895427774409316e-06,7.806871190639925399e-06,7.953313080198913572e-06,8.080602694502793683e-06,8.209523866447395910e-06,8.376520070800968262e-06,8.515188548376504218e-06,8.635234032225835634e-06,8.779617469796783063e-06,8.900882415158623898e-06,9.004057793659351201e-06,9.120032598215345224e-06,9.207795803108381551e-06,9.295519931505093124e-06,9.366937592853251908e-06,9.438238803362343702e-06,9.492861127010364622e-06,9.532931746394799084e-06,9.566672224540375113e-06,9.584451923781542556e-06,9.590370106184338393e-06,9.590370106184338393e-06,9.586116299385419838e-06,9.569286324429304204e-06,9.536355172477647271e-06,9.498232567954885698e-06,9.444913203076917070e-06,9.374539497300385209e-06,9.305726941347977979e-06,9.219899576790485627e-06,9.135600323565148687e-06,9.020957688615827196e-06,8.922042283423602495e-06,8.804057872061396952e-06,8.661371195789170857e-06,8.547095229952783563e-06,8.412968174440841395e-06,8.248060862961957925e-06,8.126691955028545207e-06,8.007929200973543311e-06,7.868397623977341635e-06,7.684056122105456993e-06,7.569530325682221413e-06,7.434423948402794207e-06,7.242086521686194307e-06,7.139300262931397305e-06,7.045239751628866692e-06,6.931739426941581868e-06,6.737155947529114403e-06,6.662787344797751526e-06,6.571016622890452500e-06,6.379669250748366457e-06,6.329103059218130758e-06,6.264121623138241775e-06,6.237647723764620671e-06,6.054982093180429660e-06,6.041758390360795749e-06,6.020322266408457783e-06,5.846821232464256657e-06,5.859757878499791031e-06,5.870034557828737474e-06,5.706734572640086258e-06,5.744385750421129308e-06,5.790354102235472852e-06,5.843612226861825883e-06,5.692615100500213258e-06,5.758808237590940952e-06,5.839898265422299011e-06,5.698407935580686009e-06,5.780947115550454436e-06,5.886492822948015260e-06,5.980206337671444234e-06,5.847948657477533621e-06,5.943801480418738389e-06,6.075395547196135918e-06,5.949785419780793198e-06,6.050927888046462618e-06,6.196287561323426355e-06,6.075933256227342020e-06,6.177947524377817974e-06,6.276586631698897544e-06,6.431774946223349402e-06,6.314792570285681370e-06,6.408656200651895701e-06,6.566640180487654240e-06,6.452171542111632305e-06,6.537926768423250739e-06,6.617015569497290888e-06,6.770430689991888553e-06,6.656805572681964689e-06,6.724184937092583903e-06,6.871635002236992311e-06,6.759044770050408186e-06,6.812884334251537182e-06,6.951660876634849322e-06,6.839801265555267332e-06,6.878873699243113595e-06,6.909530618450437276e-06,7.030757220942827206e-06,6.919249832690299766e-06,6.934499551712203105e-06,7.042862092769667572e-06,6.932338774187733777e-06,6.932205646553799282e-06,6.924113977609112935e-06,7.011299705083434643e-06,6.902451998645778051e-06,6.879828988397198616e-06,6.952834623929531915e-06,6.845883920038127574e-06,6.809572269052632173e-06,6.868464908214928408e-06,6.818373089872747085e-06,6.714873227353921965e-06,6.659909164568057738e-06,6.698231692034368219e-06,6.597704318068979132e-06,6.531987050470821279e-06,6.557515183323640299e-06,6.460339670325929720e-06,6.385176156966145881e-06,6.305717189385326327e-06,6.313530733370708397e-06,6.221951880013529481e-06,6.135042778093011506e-06,6.132280237855514205e-06,6.044829651674693304e-06,5.951784181635844368e-06,5.939407930793422551e-06,5.839259161273395685e-06,5.758333652727552266e-06,5.737360131447001962e-06,5.711820220647941420e-06,5.712265640878370847e-06,5.682273001873365931e-06,5.647842729271707677e-06,5.648441172242324959e-06,5.609702448630628985e-06,5.566700360249840871e-06,5.519538614532775193e-06,5.520312274686409832e-06,5.469144284223996161e-06,5.414051307275460243e-06,5.414941536310657308e-06,5.356091501046080960e-06,5.293586146079777750e-06,5.227572417316507344e-06,5.228603488853047048e-06,5.159268200993444859e-06,5.086737749484094967e-06,5.087865090409300105e-06,5.012335785911203275e-06,4.933947358934128631e-06,4.852875196637474421e-06,4.854119122823120727e-06,4.770569417422433149e-06,4.684696540552264591e-06,4.686019009497676254e-06,4.598032125362517633e-06,4.508092426896233209e-06,4.509485591270428520e-06,4.417802534183473643e-06,4.324541626048019852e-06,4.229890948850565635e-06,4.231365806761347621e-06,4.135530865616009041e-06,4.038678649376662767e-06,4.040205170872818106e-06,3.942535216149655265e-06,3.844212932854144085e-06,3.745417053690236231e-06,3.746999593266687034e-06
3.252179397203294768e-06,3.340734780164483216e-06,3.339439989897132680e-06,3.427736726202238694e-06,3.515609262578654994e-06,3.602898018147225826e-06,3.601647160011455203e-06,3.688202801191470105e-06,3.773848777643286787e-06,3.772638952406857396e-06,3.857224385465162480e-06,3.940567548963997643e-06,4.022500529583146331e-06,4.021356231169902413e-06,4.101729326134830618e-06,4.180357460374802851e-06,4.179270348216474052e-06,4.256007597935636746e-06,4.330669254351270870e-06,4.329646125437528457e-06,4.402092327641414400e-06,4.472141092691673036e-06,4.539635884963621801e-06,4.538708588684093959e-06,4.603522688618682375e-06,4.665482956093734421e-06,4.664635649678480403e-06,4.723627443398890362e-06,4.779486033558732778e-06,4.832080357884307134e-06,4.831351798687118928e-06,4.880589714987657435e-06,4.926323090586441000e-06,4.925694747149602765e-06,4.967850384441861429e-06,5.006292713137520847e-06,5.040929479149904699e-06,5.040455848573900601e-06,5.071247658728308276e-06,5.098079618972061699e-06,5.097745548779917412e-06,5.192606865445789917e-06,5.285846766488069585e-06,5.285683251145249607e-06,5.377097741279524160e-06,5.466345028027679282e-06,5.473442189510842627e-06,5.553273136297134720e-06,5.637385537198069298e-06,5.635264018502070085e-06,5.718912672009300223e-06,5.796723455680927220e-06,5.870843403267435171e-06,5.853149670290193374e-06,5.941999683422665885e-06,6.007938533245153803e-06,5.978916329806094882e-06,6.070919391794766260e-06,6.127448691461570808e-06,6.178663725591446942e-06,6.181284796239907596e-06,6.227228407483265002e-06,6.267243643827717131e-06,6.207170643136568781e-06,6.305398682891165797e-06,6.333194165623535358e-06,6.260272668546013079e-06,6.360483213351223387e-06,6.375229149863389295e-06,6.382765950869437443e-06,6.290485191563460208e-06,6.392687723195883406e-06,6.386296462213517771e-06,6.282118746384632141e-06,6.385703680640467361e-06,6.365308572858956664e-06,6.337181446260404930e-06,6.216572882029108716e-06,6.321340481425915835e-06,6.279720433015052723e-06,6.150819164620115469e-06,6.257118168155669019e-06,6.203116525213192762e-06,6.068351213725824385e-06,6.176670308179035612e-06,6.111980595648935772e-06,6.041067915560514137e-06,5.901437775699407246e-06,6.012307757256408829e-06,5.934061764691423114e-06,5.796622838435971834e-06,5.911428995220800415e-06,5.829011501281898190e-06,5.743413700054339782e-06,5.614507531455329010e-06,5.734946469737879876e-06,5.650547172494734113e-06,5.534268271703928735e-06,5.661690196950870663e-06,5.582738642297772022e-06,5.505081476087133604e-06,5.619411477853642301e-06,5.550303236252247598e-06,5.484508758637615455e-06,5.415579352754706287e-06,5.563088054466164810e-06,5.513415299265141780e-06,5.471189856617402175e-06,5.629757482292303029e-06,5.599969434982786536e-06,5.578155052991635255e-06,5.577420130417778804e-06,5.750077397193268642e-06,5.752487170484220175e-06,5.782972968061084345e-06,5.966623610945731411e-06,5.994625552081768859e-06,6.033332086351782138e-06,6.248807570893415130e-06,6.302283354545649480e-06,6.366519884195372886e-06,6.467408700029217465e-06,6.668827756634527515e-06,6.756126759573317398e-06,6.879555879887384640e-06,7.083145621071207729e-06,7.189305499481257516e-06,7.303700492450334104e-06,7.450053317437755097e-06,7.649053689238489108e-06,7.774229059150648721e-06,7.926332733954873661e-06,8.114933768604578769e-06,8.243250770422936528e-06,8.373652798599479159e-06,8.521957180194299187e-06,8.687269210662404052e-06,8.809315013856244239e-06,8.942485797314212351e-06,9.082461618695558225e-06,9.187754038558862039e-06,9.287774646705330235e-06,9.406405854957955838e-06,9.487403175754023836e-06,9.560613182264808923e-06,9.629680801185934341e-06,9.690550050233641213e-06,9.731684457854550559e-06,9.763550255568626419e-06,9.784874853932078713e-06,9.790953432343745872e-06,9.790953432343745872e-06,9.786657042985779972e-06,9.766164355457557204e-06,9.735351855429484190e-06,9.696308216481303572e-06,9.636355200900509403e-06,9.568769223780635339e-06,9.498364166030182548e-06,9.420676573239185063e-06,9.302045364986559459e-06,9.205933913858613490e-06,9.105240760283927272e-06,8.966926199578826239e-06,8.837469216693028611e-06,8.721653844060130588e-06,8.558405283834172320e-06,8.415195517795269134e-06,8.292943031594878617e-06,8.173821175191887519e-06,7.987859167292289897e-06,7.843400617540864588e-06,7.729630101160280973e-06,7.533568454632578059e-06,7.396821656123073730e-06,7.296117428635163348e-06,7.204787018109644345e-06,7.004357986674754990e-06,6.893715495140061710e-06,6.823447512421924210e-06,6.625138999318368358e-06,6.539207209630294371e-06,6.494015372355097665e-06,6.460490543255115650e-06,6.245015058713482658e-06,6.227084490073189914e-06,6.220593077270226780e-06,6.039116301371386748e-06,6.028603390771073560e-06,6.048871760096097435e-06,5.877692819194478725e-06,5.900049045133471407e-06,5.945271024534396886e-06,5.998658935391516056e-06,5.840236798719919006e-06,5.905992387134929268e-06,5.979300586316642814e-06,5.830898706516795671e-06,5.924202356423021422e-06,6.013212252124681827e-06,6.105162943645968870e-06,5.990832941897927185e-06,6.090857132402969492e-06,6.191603481037003021e-06,6.060423280029908086e-06,6.201592533540049537e-06,6.306377561234495679e-06,6.181021569667351407e-06,6.334407826441599869e-06,6.438677192335398927e-06,6.538813784341740525e-06,6.417440445284292028e-06,6.578160071289898372e-06,6.672068702241195390e-06,6.553628497053511898e-06,6.715403206002143936e-06,6.799771953631872925e-06,6.876777011159159711e-06,6.759578300912645916e-06,6.914382748072035833e-06,6.978379012308787197e-06,6.862476907098954757e-06,7.009809701106910521e-06,7.059094612586276644e-06,6.944128853413091707e-06,7.081448333084648628e-06,7.114948039823868014e-06,7.139596027727598226e-06,7.025165346321290991e-06,7.143349244397577977e-06,7.151829291579951098e-06,7.038509806555504354e-06,7.142964984331783738e-06,7.135476224631213036e-06,7.119810657916696339e-06,7.008301689990865046e-06,7.090685350586694983e-06,7.060154002357393249e-06,6.950645257967624339e-06,7.018435174644505162e-06,6.974035134522541642e-06,6.922945991154875632e-06,6.920352887287489483e-06,6.863278947961749131e-06,6.800218370635462816e-06,6.697384939550295420e-06,6.730121075491619250e-06,6.656442669782788047e-06,6.557076122960049024e-06,6.577063145095029182e-06,6.494169867447719247e-06,6.407129757010251936e-06,6.313539237599781190e-06,6.316036108886864115e-06,6.221911477573870444e-06,6.132578586353581608e-06,6.124731472632883343e-06,6.024841945477232243e-06,5.922522457346450117e-06,5.922804378865796278e-06,5.818438447297357142e-06,5.712256296524084056e-06,5.712730383806678764e-06,5.682769577610241609e-06,5.648374117710793646e-06,5.649010188819709086e-06,5.610311762343495989e-06,5.567352508712553271e-06,5.520236016455252566e-06,5.521057240122675214e-06,5.469939022903807259e-06,5.414897935299313758e-06,5.415842081458010580e-06,5.357047906918485732e-06,5.294600275274733794e-06,5.228646053804076823e-06,5.229738339705652494e-06,5.160465897599628425e-06,5.087999848359308528e-06,5.089193073700852089e-06,5.013731061680222382e-06,4.935411261284703320e-06,4.854408985751870848e-06,4.855723984952003748e-06,4.772246464870298201e-06,4.686446811690634467e-06,4.687843468831943011e-06,4.599931663672578016e-06,4.510067861466077776e-06,4.511537666217610356e-06,4.419931920895786029e-06,4.326748923731637545e-06,4.232176685191392099e-06,4.233730438699165023e-06,4.137974780229323599e-06,4.041202164874721784e-06,4.042808537690178131e-06,3.945218618137806678e-06,3.846976488564057047e-06,3.748260817739227068e-06,3.749923557782683103e-06,3.650921186506741741e-06
3.166053338693809759e-06,3.254658816650342627e-06,3.343148607274443385e-06,3.341788130415495768e-06,3.430019136203415963e-06,3.517825949802579829e-06,3.605049043281959402e-06,3.603732637916128416e-06,3.690222902054139498e-06,3.775803728068629884e-06,3.774529036429166933e-06,3.859049945482783410e-06,3.942328986592288046e-06,4.024198306424195733e-06,4.022990869498730540e-06,4.103301409503594636e-06,4.181867634138732824e-06,4.180719319987946978e-06,4.257396137975922519e-06,4.331998195913323972e-06,4.330916365077551241e-06,4.403304825522159259e-06,4.473296872906460457e-06,4.540736035917015608e-06,4.539754263573232865e-06,4.604515106068426791e-06,4.666423401009299986e-06,4.665525474391100022e-06,4.724468069193494025e-06,4.780278952687726892e-06,4.832827136188469799e-06,4.832054078963456292e-06,4.881249221264966826e-06,4.926941633492436937e-06,4.926274230578823000e-06,4.968392813761306247e-06,5.006800205197168805e-06,5.041404274397908727e-06,5.040900325611417712e-06,5.071664351676493068e-06,5.169904975610494959e-06,5.242468937111943524e-06,5.266461779956992063e-06,5.361728621100227089e-06,5.438705599620509018e-06,5.454965704677623363e-06,5.546169811026209120e-06,5.634865097309698070e-06,5.635011368843108635e-06,5.720976338592652308e-06,5.803833743563577954e-06,5.891218541800653495e-06,5.883838784617403559e-06,5.959583472806600519e-06,6.031208182588814307e-06,6.032332544003611890e-06,6.099700512649434954e-06,6.162277927806750110e-06,6.258502528221081684e-06,6.221831920119441855e-06,6.274108130856731736e-06,6.373329012290463934e-06,6.323787722699305800e-06,6.364587642830223446e-06,6.398982020020099726e-06,6.403664666326506354e-06,6.431949717298136141e-06,6.453286362305977929e-06,6.558133965114616487e-06,6.474925004807704473e-06,6.482469257062233155e-06,6.482403634026704645e-06,6.492910621878592978e-06,6.486237717089465488e-06,6.471718372761046777e-06,6.580029273256282831e-06,6.465221895140444698e-06,6.436400065376288068e-06,6.399664642466039398e-06,6.421150134034765818e-06,6.378676176050822392e-06,6.328572151854585249e-06,6.357002828532331370e-06,6.302090312146399256e-06,6.240096782559810169e-06,6.353209983809561806e-06,6.211597558306325010e-06,6.139821004573624714e-06,6.062213430817380832e-06,6.113590178251628875e-06,6.034769919833637178e-06,5.951381728732559932e-06,6.071195155805705253e-06,5.933305315025745059e-06,5.847748549821648819e-06,5.759914483889114207e-06,5.844899878433250915e-06,5.761264963738424124e-06,5.677235222391868476e-06,5.810209072819606610e-06,5.702477464960152952e-06,5.626808451478739968e-06,5.768571170981669205e-06,5.681978150175677724e-06,5.619242155905053909e-06,5.561213500749252797e-06,5.709732281286053447e-06,5.664236768581097939e-06,5.625427418164207183e-06,5.790754531956822837e-06,5.769787186627277986e-06,5.753673288666910702e-06,5.746795560530929320e-06,5.941358683062742833e-06,5.950373951638821956e-06,5.969778861755086120e-06,6.160594642063949063e-06,6.216336057021144405e-06,6.262535128330885078e-06,6.462628507170772785e-06,6.548143826785208421e-06,6.619959426401152398e-06,6.702639811517406363e-06,6.937786862127736672e-06,7.032236459952193355e-06,7.136414171700143702e-06,7.345171812682721495e-06,7.484908421789618575e-06,7.605093002068842668e-06,7.732382511580964283e-06,7.959327931353681957e-06,8.088497106182053662e-06,8.222038435601662740e-06,8.411672324795364203e-06,8.563507659185455516e-06,8.694750959708918975e-06,8.826002544510976633e-06,9.005454628243674182e-06,9.125501633273254963e-06,9.242282104343959640e-06,9.377286011595898859e-06,9.490103144582265232e-06,9.584142661008235618e-06,9.685314613950144605e-06,9.767087284213319404e-06,9.831509653311636961e-06,9.886495701373442099e-06,9.939514607614519464e-06,9.969498007427275691e-06,9.988854948962020035e-06,9.997806239108945051e-06,9.997806239108945051e-06,9.989770515957863324e-06,9.972298490656689857e-06,9.944361090345756434e-06,9.891342184104677374e-06,9.838669710367526697e-06,9.776933571040800157e-06,9.697093102853914716e-06,9.597150814930918724e-06,9.506848889577621385e-06,9.396856505861556874e-06,9.263437439535546824e-06,9.151829986984857406e-06,9.037804874523553390e-06,8.858352790790857535e-06,8.734050222127486934e-06,8.610752865697005848e-06,8.465285895628995073e-06,8.278286635552989606e-06,8.154854612567671049e-06,8.036938404147738694e-06,7.809992984375021020e-06,7.695124637889508824e-06,7.588540457673476709e-06,7.460278986246932304e-06,7.254822943562223503e-06,7.166581277581436318e-06,7.089195971622920445e-06,6.854048921012589290e-06,6.789516328132989155e-06,6.736874203468676405e-06,6.668529841257681733e-06,6.471394615385510151e-06,6.446199058169093163e-06,6.409775354491088721e-06,6.221428578899906823e-06,6.224493761498544956e-06,6.238524955577935307e-06,6.043961833046120947e-06,6.074349705353868987e-06,6.114320581986895097e-06,6.158943856370252789e-06,5.994045134893976519e-06,6.057045488323285830e-06,6.126718267408052636e-06,5.978199486871467980e-06,6.060272823584123674e-06,6.146804861916210884e-06,6.259258648954531029e-06,6.115070423083084697e-06,6.213706657620495907e-06,6.347499261262009705e-06,6.210862091133270395e-06,6.316624929099939636e-06,6.421240390360170913e-06,6.336254996953427506e-06,6.444236615839622688e-06,6.549035360126757469e-06,6.711861960485964963e-06,6.585383695450549869e-06,6.686017439137619420e-06,6.781008799719098157e-06,6.729632094218856871e-06,6.822296382508426123e-06,6.907983260856875068e-06,7.071494525120787233e-06,6.949222365714731505e-06,7.022768219914540557e-06,7.088035951757768609e-06,7.059605786516129948e-06,7.118865125103112871e-06,7.169297713095852555e-06,7.147813401962169502e-06,7.191320333908940931e-06,7.225740924947444388e-06,7.356295565186681920e-06,7.236686062666761618e-06,7.254522671151066983e-06,7.263411997897180679e-06,7.252910600026618817e-06,7.254124606785908755e-06,7.246694506288061276e-06,7.340835612590495564e-06,7.224184438448873139e-06,7.201010008566630368e-06,7.169971915118437062e-06,7.165306784992945249e-06,7.127289750113767342e-06,7.082039426945701058e-06,7.137955407205021587e-06,7.027156022811443332e-06,6.968913015355270801e-06,7.010289561797817122e-06,6.902741923308779644e-06,6.832865200811765266e-06,6.757597905713714856e-06,6.756528647714660194e-06,6.676454690692196289e-06,6.591750020811713051e-06,6.600164091103400917e-06,6.502395178889654663e-06,6.409690122041935089e-06,6.313496490198278939e-06,6.313447208094263459e-06,6.214184986949066646e-06,6.112108940192589169e-06,6.093996902414372329e-06,6.007857661181167798e-06,5.901226505455380414e-06,5.874449944074327928e-06,5.793256173800825841e-06,5.683296279661771619e-06,5.648938033476902032e-06,5.649614309686195159e-06,5.610958921992913728e-06,5.568045399209086621e-06,5.520977201557267999e-06,5.521849166201039943e-06,5.470784027805806973e-06,5.415798255462153047e-06,5.416799857542544266e-06,5.358065188203001534e-06,5.295679023020259122e-06,5.229788143776687887e-06,5.230945564017696081e-06,5.161739966010282542e-06,5.089342389155630499e-06,5.090605634263123921e-06,5.015215108819877098e-06,4.936968181429364391e-06,4.856040085039820927e-06,4.857430489287634840e-06,4.774029519982680598e-06,4.688307483229095102e-06,4.689782742525409294e-06,4.601950445573264981e-06,4.512166978292805777e-06,4.513717865809521655e-06,4.422193872783398318e-06,4.329093219828964727e-06,4.234603840610192828e-06,4.236240892684145005e-06,4.140568897211351602e-06,4.043880235637690372e-06,4.045570780645952572e-06,3.948065180702914368e-06,3.849907448631082846e-06,3.751276185235450055e-06,3.753023276308208659e-06,3.654105135044243895e-06,3.555058715276623083e-06
3.170204125365325502e-06,3.168750559570755746e-06,3.257287284353824470e-06,3.345708130065008567e-06,3.344278568299503306e-06,3.432440402485667277e-06,3.520178012590691609e-06,3.607331926936063040e-06,3.605946424437592802e-06,3.692367732407196531e-06,3.777879803429129309e-06,3.776536619355189004e-06,3.860989361002537516e-06,3.944200623205644040e-06,4.026002617015424195e-06,4.024728372159510477e-06,4.104972688267261454e-06,4.183473339629026791e-06,4.182260169988347266e-06,4.258872917928982444e-06,4.333411759363432057e-06,4.332267634075275945e-06,4.404594791013857874e-06,4.474526595139297231e-06,4.541906644897040548e-06,4.540866959622805654e-06,4.605571160539205073e-06,4.667424157218336982e-06,4.666472348860478943e-06,4.725362553288527062e-06,4.781122614765139188e-06,4.833621624384412631e-06,4.832801124771746089e-06,4.881950644078735224e-06,4.927599346307648305e-06,4.926890247085811304e-06,4.968969257080888215e-06,5.007339318550955133e-06,5.041908434038228984e-06,5.111380947327608113e-06,5.215110212114358380e-06,5.243240308790890059e-06,5.317307925336892693e-06,5.418523344334462670e-06,5.439235204524721412e-06,5.517849947911747058e-06,5.615442878676726339e-06,5.627732864639221165e-06,5.718390259777500530e-06,5.803566352928614637e-06,5.893387028675228552e-06,5.891109738418083371e-06,5.980459855198791349e-06,6.063524088096860522e-06,6.050325143094014468e-06,6.123520603970769420e-06,6.218559140618952031e-06,6.288822699636211639e-06,6.257482976090004757e-06,6.355974814559574651e-06,6.416061389339254361e-06,6.371761959943178275e-06,6.473367290411915794e-06,6.521985960914649344e-06,6.464208468353679130e-06,6.499243689410132450e-06,6.604561213310277547e-06,6.633484489412110384e-06,6.554707428596931596e-06,6.662217109386480432e-06,6.676994952951882166e-06,6.584579046457603658e-06,6.584340768913838730e-06,6.694065089586003532e-06,6.685945535791483171e-06,6.573675086445193629e-06,6.684979214728103312e-06,6.661775719603151001e-06,6.538188588322314708e-06,6.500609796464985964e-06,6.613320176488178319e-06,6.480343229498623340e-06,6.429282381019519812e-06,6.543824212781506565e-06,6.484787324095600707e-06,6.341044887692287467e-06,6.458003526906907295e-06,6.387886162516854272e-06,6.241874495731206937e-06,6.163490570761060625e-06,6.283560838874226829e-06,6.199731401175133375e-06,6.055479298604449440e-06,6.180175808806147563e-06,6.092775754671115491e-06,5.956633357356007574e-06,5.869227582473024660e-06,6.000529792031385163e-06,5.912629151310986786e-06,5.794615836600867199e-06,5.933894547524536027e-06,5.853230096770024987e-06,5.755211723588420063e-06,5.903964158143195509e-06,5.835346605863797666e-06,5.761832390518192323e-06,5.707670074936193408e-06,5.869370336921959836e-06,5.823784833911412933e-06,5.790417037604350746e-06,5.964069434924679690e-06,5.941102178640784476e-06,5.940036167027196848e-06,5.939713111006700755e-06,6.128168587565647456e-06,6.141147649705727422e-06,6.187066485957684985e-06,6.386537912487669116e-06,6.427133234702271535e-06,6.505074491090038425e-06,6.713401103280323271e-06,6.780715593612299220e-06,6.887275565097017765e-06,6.977701328913047168e-06,7.192379850164065536e-06,7.293948521919496501e-06,7.433387567568190715e-06,7.647673408492439284e-06,7.766635793571443182e-06,7.919594761604029681e-06,8.051870204824143425e-06,8.256839418703957996e-06,8.391008549884939569e-06,8.550740445995357947e-06,8.740672723505285078e-06,8.873438961497768880e-06,9.024628619015674039e-06,9.154944222440575626e-06,9.314506911020143829e-06,9.433561090274735850e-06,9.560308564209722725e-06,9.688804648911829501e-06,9.784989880680175975e-06,9.881896642288717626e-06,9.973679386174875332e-06,1.003970917920970602e-05,1.010020475582395286e-05,1.014441469880705254e-05,1.018194477859570418e-05,1.020186741439106183e-05,1.020816386554220320e-05,1.020816386554220320e-05,1.020284852232065745e-05,1.018494670731596596e-05,1.014834577966493954e-05,1.010638128324889671e-05,1.004739511985320307e-05,9.984258594585741705e-06,9.893675131192487736e-06,9.798979573781641184e-06,9.706830231577649409e-06,9.579879058475382434e-06,9.456351641256263062e-06,9.342889495641603376e-06,9.185292683099655750e-06,9.061709849639067339e-06,8.915842600855433599e-06,8.791661145819243506e-06,8.604354016828988816e-06,8.451717635886887148e-06,8.328454810784200195e-06,8.126492061390797216e-06,8.006499086920387470e-06,7.863751983025554120e-06,7.759413337532855911e-06,7.548494741132403217e-06,7.421555273115688690e-06,7.337072876943882580e-06,7.125800976776558717e-06,7.053589758647737968e-06,6.963069393853066067e-06,6.916208314046072916e-06,6.710975825176948220e-06,6.651372946276518433e-06,6.633097127547768079e-06,6.436247198384824643e-06,6.410811031580749067e-06,6.421609753086138776e-06,6.235096618026333448e-06,6.259341261626169113e-06,6.283641878722048094e-06,6.331679138125099360e-06,6.158606362017782392e-06,6.216640005724698597e-06,6.287516708282877226e-06,6.125303016629644025e-06,6.204085752185684457e-06,6.303700352185091839e-06,6.396985434641974116e-06,6.245899201567124721e-06,6.370469778591778394e-06,6.474791882570725105e-06,6.331906025119853930e-06,6.476518529117750641e-06,6.586648220334459188e-06,6.450465454990949512e-06,6.558623114657699029e-06,6.720714399770182616e-06,6.827552598039780760e-06,6.696146110226226315e-06,6.865477762067346074e-06,6.966553894590980148e-06,6.838653574055246662e-06,6.932595325900170078e-06,7.101831255051122574e-06,7.185589096343136978e-06,7.059329583333834914e-06,7.224760600398723888e-06,7.294919866112640229e-06,7.170259936303151528e-06,7.230817463820224997e-06,7.382854125257057982e-06,7.259350367841054971e-06,7.303972154413163475e-06,7.444720008671682520e-06,7.472782193467014094e-06,7.349944381662734334e-06,7.477412305989881490e-06,7.488023549018868409e-06,7.366451325953892128e-06,7.367939735165279041e-06,7.472575513046066566e-06,7.456998207050202674e-06,7.337421657717896358e-06,7.426463634551667446e-06,7.394755426398069699e-06,7.277380464900718163e-06,7.238680568977829724e-06,7.303905697019906421e-06,7.249872300032591002e-06,7.136425548704146863e-06,7.186405518064823677e-06,7.119395774904577078e-06,7.009324586396767167e-06,7.044685752844737126e-06,6.966187399749717364e-06,6.859910028669382733e-06,6.778086758720190597e-06,6.793042537107457615e-06,6.700133406503762546e-06,6.600170589923702842e-06,6.602856431266887327e-06,6.502349937368738613e-06,6.407041366764591385e-06,6.305587244933015394e-06,6.291931462760775185e-06,6.182701656297348567e-06,6.094733577615271604e-06,6.071638632799204364e-06,5.958349360193722889e-06,5.875477142473682208e-06,5.844074216981059122e-06,5.727973448967743056e-06,5.650255940490036276e-06,5.611646536980770153e-06,5.568781854891320464e-06,5.521765215919873478e-06,5.522691330342762228e-06,5.471682815372932174e-06,5.416756030210798884e-06,5.417818879321783172e-06,5.359147617618326752e-06,5.296826925005827580e-06,5.231003490276431886e-06,5.232230235949498682e-06,5.163095754664103702e-06,5.090770997155351097e-06,5.092108676203028341e-06,5.016794111669857692e-06,4.938624584787944623e-06,4.857775241300905670e-06,4.859245663775255524e-06,4.775925891097822447e-06,4.690286142643852330e-06,4.691844695452032415e-06,4.604096611129053287e-06,4.514398189976167805e-06,4.516034872097703468e-06,4.424597337858344155e-06,4.331583724434365267e-06,4.237181883039991274e-06,4.238906889900463026e-06,4.143323186087938785e-06,4.046723074323519359e-06,4.048502350042467396e-06,3.951085586047547534e-06,3.853016721179051103e-06,3.754474284031421645e-06,3.756310090039198467e-06,3.657480483964971866e-06,3.558522353198613539e-06,3.560388967026782903e-06
3.084709594212222571e-06,3.173135393915248442e-06,3.171609907147104519e-06,3.260074412047182553e-06,3.348422791853906383e-06,3.346920572828619052e-06,3.435009614803195685e-06,3.522674355837863392e-06,3.609755383981748646e-06,3.608297039450957578e-06,3.694645612361553503e-06,3.780085119530439922e-06,3.778669608389128843e-06,3.863050326594760202e-06,3.946189936990797659e-06,4.027920719711692640e-06,4.026575774547029247e-06,4.106749972070703966e-06,4.185181158307086518e-06,4.183899249435752717e-06,4.260444057100276788e-06,4.334915830831937790e-06,4.333705584545734475e-06,4.405967641813114861e-06,4.475835442716360346e-06,4.543152661371868731e-06,4.542051393432500385e-06,4.606695337240993370e-06,4.668489480520986484e-06,4.667480301969753837e-06,4.726314700668121302e-06,4.782020604432370412e-06,4.834467190880028092e-06,4.833596092965556139e-06,4.882696933997765483e-06,4.928298979201015001e-06,4.927545352970932714e-06,4.969582084048903921e-06,5.077067473714337737e-06,5.183902962228767488e-06,5.183331884680810386e-06,5.289319261846767618e-06,5.394145532865863492e-06,5.393740059988906167e-06,5.497189996135747397e-06,5.598913468722323466e-06,5.598711336758545857e-06,5.698482389511160787e-06,5.795910526213120397e-06,5.890665539557423724e-06,5.890826663404405975e-06,5.982668185514598366e-06,6.071177191275237798e-06,6.071717836137382538e-06,6.156650593136802270e-06,6.237510809001077138e-06,6.313922239817791368e-06,6.315195374244554993e-06,6.387014485762082245e-06,6.453644688279188660e-06,6.455719219373311374e-06,6.517107440190467773e-06,6.572576889050056994e-06,6.575764476081718449e-06,6.625397915486394564e-06,6.668418264971651553e-06,6.704470310872212709e-06,6.709826123409744256e-06,6.739266819129398705e-06,6.761146535519386502e-06,6.768830949826016185e-06,6.783795573866375890e-06,6.790723407342681519e-06,6.789377649663432077e-06,6.801446716213705842e-06,6.793000501410567912e-06,6.776041497118758337e-06,6.792634702755261031e-06,6.768839044849997629e-06,6.736507353278876805e-06,6.604247687020566061e-06,6.720357725222828877e-06,6.673465303757541120e-06,6.618390756640829503e-06,6.651099991592963099e-06,6.591099757043330133e-06,6.523578106410843682e-06,6.566150250882385215e-06,6.495181996293818364e-06,6.417674367616091386e-06,6.334119318821420402e-06,6.393076179053621341e-06,6.308745828165960074e-06,6.219830666018369819e-06,6.293633000849271271e-06,6.206293487196542950e-06,6.116130457597228986e-06,6.024009169809369585e-06,6.120955276492197613e-06,6.034147763649114490e-06,5.947506814672869170e-06,6.064052615858286466e-06,5.985498451144882559e-06,5.909368747969391875e-06,6.046981176736796889e-06,5.981614108223573894e-06,5.920947163200541418e-06,5.866077790978062750e-06,6.032939188809595509e-06,5.992273248378268548e-06,5.959502123353147987e-06,6.148038054524654347e-06,6.131133562407482174e-06,6.123881461894421391e-06,6.127124833928661451e-06,6.342143772390881760e-06,6.362529242891269720e-06,6.394442963138697646e-06,6.625904388261959962e-06,6.674419184697725733e-06,6.734800359169402791e-06,6.978332955908408073e-06,7.053598995870512236e-06,7.140283266884073830e-06,7.238222241920757956e-06,7.488913719055429724e-06,7.597706395647223510e-06,7.716126412231550223e-06,7.964118910176222555e-06,8.088890945907683305e-06,8.220895789743640935e-06,8.359141053996000515e-06,8.591404649373263544e-06,8.728585485092249012e-06,8.868750573792800673e-06,9.079766174634506650e-06,9.212744527663898665e-06,9.345157937135516906e-06,9.475620620033710438e-06,9.646198685213740572e-06,9.761236675423515605e-06,9.870873474287142403e-06,1.000310485550916710e-05,1.009203446817758235e-05,1.017263446743413023e-05,1.026109743084425817e-05,1.031691203037486298e-05,1.036231551935499400e-05,1.039677337780415997e-05,1.042144203501689406e-05,1.042815055841804037e-05,1.042815055841804037e-05,1.042348902636753863e-05,1.039882036915480624e-05,1.036653180735578227e-05,1.032354150574347007e-05,1.027050408921821440e-05,1.018204112580808646e-05,1.010470009178278763e-05,1.001962575150928924e-05,9.887394370287264547e-06,9.782319348759578291e-06,9.672654321063432973e-06,9.502076255883399450e-06,9.377895580767244230e-06,9.252762877376255918e-06,9.128143945159870231e-06,8.917128344318164254e-06,8.786470351431458452e-06,8.660000840507442793e-06,8.427737245130179764e-06,8.301450463296120637e-06,8.182679533643876966e-06,8.072429675616853612e-06,7.824437177672181280e-06,7.721824485266535969e-06,7.630105015001253707e-06,7.379413537866582786e-06,7.299778360750488379e-06,7.232577600001461197e-06,7.177909052385530156e-06,6.934376455646525721e-06,6.895627184755999804e-06,6.869686539013365372e-06,6.638225113890102209e-06,6.629724476653728680e-06,6.633478149197047320e-06,6.418459210734827011e-06,6.439960310156313561e-06,6.472435378113313814e-06,6.514910177218710733e-06,6.326374246047205219e-06,6.384929293624856115e-06,6.451458182637396644e-06,6.284596784805929953e-06,6.365274294645377266e-06,6.451562991769772841e-06,6.542237497233220129e-06,6.404625068471613056e-06,6.505624849509928079e-06,6.608494664225246855e-06,6.491948863121971427e-06,6.602240873633781823e-06,6.711932381794083751e-06,6.614986275850310604e-06,6.729130317510053009e-06,6.840369452880318289e-06,6.947762110988215322e-06,6.873959784165035452e-06,6.981838103342671894e-06,7.083983935808606579e-06,7.025027110258533890e-06,7.125201596969535355e-06,7.218093369933198600e-06,7.303180148287018174e-06,7.260608179349216982e-06,7.340961077294999388e-06,7.412491720331056266e-06,7.379782969849551601e-06,7.445081540435566829e-06,7.500893072077331469e-06,7.373782692705071841e-06,7.524666830116259814e-06,7.563339783772047736e-06,7.592215468339397331e-06,7.575625384113713867e-06,7.596429622886212358e-06,7.607515996420043226e-06,7.595452787266955457e-06,7.598269351289294838e-06,7.591680018689466001e-06,7.575962800370263218e-06,7.568290386860906169e-06,7.544612892424461247e-06,7.512373371787528381e-06,7.507036586543118185e-06,7.467235244948327712e-06,7.419561536800389695e-06,7.364420598818431745e-06,7.361265299799100782e-06,7.299488764944506595e-06,7.231040826645514031e-06,7.229011737393294615e-06,7.154624850702537818e-06,7.074397700179666806e-06,7.073185990775507469e-06,6.987770840576263969e-06,6.897354510543165562e-06,6.802361180807359279e-06,6.801907496594840879e-06,6.702885857038783589e-06,6.600122694663070177e-06,6.600070525139293130e-06,6.494032322744531091e-06,6.384995853957063326e-06,6.273332241253381538e-06,6.273675712298586475e-06,6.159823228821526099e-06,6.044036974796161569e-06,6.044609752722813363e-06,5.927284499382379236e-06,5.808660682506796185e-06,5.809425887114337812e-06,5.689857749162752600e-06,5.569564916538425178e-06,5.522603341094217608e-06,5.523587263810461454e-06,5.472639174718920838e-06,5.417775313882901143e-06,5.418903472989328347e-06,5.360299799126224811e-06,5.298048868171014848e-06,5.232297267742475419e-06,5.233597821286928807e-06,5.164539023878491808e-06,5.092291729742196843e-06,5.093708555867955344e-06,5.018474726814302227e-06,4.940387428844287591e-06,4.859621712986679045e-06,4.861177067323482801e-06,4.777943436509588618e-06,4.692390945999641006e-06,4.694037779310172673e-06,4.606378905032527425e-06,4.516770531083006303e-06,4.518498005945103571e-06,4.427151919266354077e-06,4.334230318551414229e-06,4.239920966529598756e-06,4.241738852266077072e-06,4.146248331130935505e-06,4.049741621727910100e-06,4.051614437078671629e-06,3.954291269386785709e-06,3.856315978809287438e-06,3.757867017265424284e-06,3.759796125605076090e-06,3.661059576169516583e-06,3.562194186153841348e-06,3.564153156930238280e-06,3.465333226263789907e-06
2.999717297343423803e-06,3.087892086443222266e-06,3.176242808216727819e-06,3.174641827473820768e-06,3.263030476066933757e-06,3.351302692958965833e-06,3.349724062115473168e-06,3.437736503013088874e-06,3.525324515250461751e-06,3.612328750254134468e-06,3.610793613394158132e-06,3.697065461646941851e-06,3.782428380318588595e-06,3.780936486874186373e-06,3.865241100458070627e-06,3.948304956758414391e-06,4.029960410011703157e-06,4.028540635264190179e-06,4.108640579397915603e-06,4.186998165695761239e-06,4.185643388450226439e-06,4.262116138185131880e-06,4.336516744005623952e-06,4.335236300039201087e-06,4.407429210678499027e-06,4.477228997438197392e-06,4.544479416521911360e-06,4.543312646419275069e-06,4.607892469216802384e-06,4.669623957522276831e-06,4.668553676381965867e-06,4.727328613123261046e-06,4.782976786267014490e-06,4.835367467303291313e-06,4.834442387110993881e-06,4.883491272060415067e-06,4.929043496890933785e-06,4.995422451202317079e-06,5.108040791599065219e-06,5.148246011946349508e-06,5.257402551030767085e-06,5.331245711979850463e-06,5.365104109897935467e-06,5.472243529662586150e-06,5.551100649165889089e-06,5.577559989384028847e-06,5.681556570328697654e-06,5.765382047633710758e-06,5.869715133438015607e-06,5.882978051914175918e-06,5.979874296867538825e-06,6.070877421842037059e-06,6.073966363139989825e-06,6.164479868437680815e-06,6.260055278244770688e-06,6.348850798154587675e-06,6.334596055634387941e-06,6.412719379797910671e-06,6.514527811537695068e-06,6.487497075799592976e-06,6.555594282407892715e-06,6.661192306898843094e-06,6.620537432806276916e-06,6.677190937918718876e-06,6.786210383065410852e-06,6.837702993784478652e-06,6.775168221433767873e-06,6.811903263839455849e-06,6.925000719857015593e-06,6.847613507067253000e-06,6.869830970352918149e-06,6.985358049726970937e-06,7.000073629185930571e-06,6.900154209365122696e-06,6.898596828880974657e-06,7.016592005233269049e-06,6.902777086510932284e-06,6.885300702225109347e-06,7.005104967082663618e-06,6.878731991117437303e-06,6.845642753083634043e-06,6.803844828653522725e-06,6.925318724807459727e-06,6.782589708079567325e-06,6.726487431057840208e-06,6.850145914972449059e-06,6.700680237176638826e-06,6.632172828239166433e-06,6.758712874649017911e-06,6.682672222037182011e-06,6.527832708902279882e-06,6.443537529109959583e-06,6.573843548794737617e-06,6.422036366763909877e-06,6.332877476301881692e-06,6.468601581242255564e-06,6.376032386092894082e-06,6.235106992317039965e-06,6.143700455456116018e-06,6.287131446075941852e-06,6.161840063035351114e-06,6.076912730552381116e-06,6.229419326553631781e-06,6.125079129880630525e-06,6.051818410018283940e-06,6.214939404244412832e-06,6.147634975725415685e-06,6.079930615971249273e-06,6.029673074667155761e-06,6.207058920313177193e-06,6.171193149836625368e-06,6.144291300709899982e-06,6.334473339080293680e-06,6.319857148892927129e-06,6.332726163180676032e-06,6.343398176385653530e-06,6.548892450974616888e-06,6.597431932745493110e-06,6.637492122096856087e-06,6.853716358522356286e-06,6.936171084336724719e-06,7.004954494347641961e-06,7.228963463572904151e-06,7.311369200950354951e-06,7.436231317259169261e-06,7.542152714051461242e-06,7.769779961514400746e-06,7.916287952189312967e-06,8.041471182551126085e-06,8.265382446683806891e-06,8.396758387946623423e-06,8.561876686354896274e-06,8.704277602506267883e-06,8.913020845262969170e-06,9.077632415723655481e-06,9.219195993444285659e-06,9.407401888249872170e-06,9.541799500023123308e-06,9.691447113803667600e-06,9.818995710590037467e-06,9.968760154258229263e-06,1.009319852817574572e-05,1.019649561839403264e-05,1.030898139067893792e-05,1.039952661663715863e-05,1.047055353549016936e-05,1.054061065290173648e-05,1.058722603680275519e-05,1.062373475736902029e-05,1.064518839935439955e-05,1.065522093996035823e-05,1.065522093996035823e-05,1.064624036660700744e-05,1.062695457811383132e-05,1.059175105726998813e-05,1.054773092743761353e-05,1.047880939119967639e-05,1.041090105900714415e-05,1.032261057515878055e-05,1.021155154103805133e-05,1.011261582841688229e-05,9.991488714592897973e-06,9.843565958406035878e-06,9.722066891299959693e-06,9.577140959488357897e-06,9.450622222848999041e-06,9.264982697576647788e-06,9.132700141229326774e-06,8.975562196914184623e-06,8.769847236934003024e-06,8.639219023902958603e-06,8.483776169187429164e-06,8.366666120077995432e-06,8.146295006814791622e-06,8.036841981284816098e-06,7.903692787224596305e-06,7.679749638422929685e-06,7.592152554745365667e-06,7.483225610948816798e-06,7.421663877453903530e-06,7.201161778560100352e-06,7.154198162303018356e-06,7.091466372554262977e-06,6.878338759021907190e-06,6.861993829290818668e-06,6.835500708744714389e-06,6.632456498059509129e-06,6.646938833276108590e-06,6.658169502268255080e-06,6.699368767765093166e-06,6.510261004393443998e-06,6.563492190444257526e-06,6.625870338703021392e-06,6.448416347649040761e-06,6.525093846190939352e-06,6.620399426425953810e-06,6.714339598902396814e-06,6.549203622992303886e-06,6.648003916195614573e-06,6.780736601770255591e-06,6.624830430480441464e-06,6.734088276498202615e-06,6.887738176362654325e-06,6.739508929509883455e-06,6.853606187921509600e-06,7.022429429248772535e-06,7.136349713147815712e-06,6.993798167981095902e-06,7.102536015432084280e-06,7.280829021891719815e-06,7.142443306448219104e-06,7.243920158332872799e-06,7.423891569116393756e-06,7.515066476509421068e-06,7.378791824157298643e-06,7.460592726846871442e-06,7.632674222439104927e-06,7.498356184371345543e-06,7.565069917957335094e-06,7.728495470219463349e-06,7.595594065829987817e-06,7.645324702095770966e-06,7.685025886989114459e-06,7.828989553299413052e-06,7.696909669396862229e-06,7.718424948520829495e-06,7.847682490562767060e-06,7.717047032544858509e-06,7.720194998303375085e-06,7.833399578940508317e-06,7.818036210271782593e-06,7.689605182532095496e-06,7.665608199657893582e-06,7.753108979524945282e-06,7.627106388556362669e-06,7.586580499593302547e-06,7.657204794103191015e-06,7.600012461562235343e-06,7.478312786436478243e-06,7.415234162156875376e-06,7.461135160361108018e-06,7.343139201416681184e-06,7.267125590600579528e-06,7.297663103759013638e-06,7.183826746159519996e-06,7.096505617799754207e-06,7.112665293979916206e-06,7.013354065811059643e-06,6.906434144014258782e-06,6.805175137977828806e-06,6.801856776699269697e-06,6.700034332168213795e-06,6.591604387975314025e-06,6.576872245951931718e-06,6.460104352728698105e-06,6.366311625298368693e-06,6.249919290319054827e-06,6.220398935558750190e-06,6.132174322002199056e-06,6.012264647252962360e-06,5.974460254850765992e-06,5.891860565821899220e-06,5.769699710976444344e-06,5.724794394908549996e-06,5.598762598505585214e-06,5.524540773506213777e-06,5.473657191040171419e-06,5.418860477749934598e-06,5.420058302859604330e-06,5.361526696262202119e-06,5.299350120679993750e-06,5.233675053621309253e-06,5.235054210673544282e-06,5.166075980684233297e-06,5.093911112814005565e-06,5.095412119806927606e-06,5.020264122557295276e-06,4.942264204097614038e-06,4.861587312585403841e-06,4.863232833576238491e-06,4.780090609577024581e-06,4.694630664344325005e-06,4.696371080246958133e-06,4.608806725400841791e-06,4.519293708056089379e-06,4.521117277985811352e-06,4.429867927234617061e-06,4.337043606964683430e-06,4.242831984974548079e-06,4.244747956957368404e-06,4.149355786610855544e-06,4.052947602699177703e-06,4.054919030361588754e-06,3.957694475991039346e-06,3.859817716110173763e-06,3.761467121273942271e-06,3.763494353321183248e-06,3.664855608007869954e-06,3.566087628431479487e-06,3.568143544405916153e-06,3.469420024719002628e-06,3.370894375172600982e-06
3.004861693084660178e-06,3.003169146252004151e-06,3.091265731057709882e-06,3.179537705161651250e-06,3.177857487551414364e-06,3.266166466507372175e-06,3.354358639649725107e-06,3.352699651801985832e-06,3.440631485462535370e-06,3.528138705370305705e-06,3.615062030156839617e-06,3.613445934399466636e-06,3.699636846213157271e-06,3.784918923894538046e-06,3.783346359663957768e-06,3.867570549091243906e-06,3.950554305859472970e-06,4.032130063663523476e-06,4.030631078362164475e-06,4.110652378893361549e-06,4.188931971729893233e-06,4.187499935383164259e-06,4.263896245528428058e-06,4.338221317271490535e-06,4.336866331525325474e-06,4.408985780214091105e-06,4.478713273124812179e-06,4.545892655511916326e-06,4.544656195785607283e-06,4.609167766980112009e-06,4.670832533915969134e-06,4.669697155451971171e-06,4.728408714778104338e-06,4.783995328914850908e-06,4.836326371236378752e-06,4.835343678824781755e-06,4.950402572595803482e-06,5.065548517027613016e-06,5.064696490170438013e-06,5.179751415659151287e-06,5.294429170451279900e-06,5.332458947660853866e-06,5.407825119318945473e-06,5.521020769515354762e-06,5.552029072996529982e-06,5.632562728391113628e-06,5.743141637791554265e-06,5.851909887186790891e-06,5.851676700328392972e-06,5.958388533534561016e-06,6.062612464199997701e-06,6.071097616079002785e-06,6.164162322693031883e-06,6.262421679646475807e-06,6.357101674114390548e-06,6.357710172628406306e-06,6.448547322774442749e-06,6.534988080483455137e-06,6.513823765428042935e-06,6.618059852198598577e-06,6.694724358409894585e-06,6.659951538262295548e-06,6.768118807263736181e-06,6.833474224672905394e-06,6.892391164741164833e-06,6.896031189286422579e-06,6.948621221583500307e-06,6.994007126415744194e-06,6.921937115891776423e-06,7.037934281401945233e-06,7.068556957036264869e-06,7.090935387083235269e-06,7.099760538571605767e-06,7.114659005069544039e-06,7.120800647776877432e-06,7.010563370479345427e-06,7.131821455789947648e-06,7.121313916654685302e-06,6.997397380109035523e-06,7.120674013273567853e-06,7.093620085751488536e-06,7.057325996445187844e-06,6.915039538024693477e-06,7.040306193830453207e-06,6.988483444122354505e-06,6.837785012127335566e-06,6.965582110830648331e-06,6.899968347106425941e-06,6.826371832165891273e-06,6.875395858874143368e-06,6.798504144736613733e-06,6.714787417814506939e-06,6.557046114158474207e-06,6.692575442459221190e-06,6.602392510787753163e-06,6.507660679939096696e-06,6.592268802493968105e-06,6.499976337714818358e-06,6.405153631074946462e-06,6.269263221084393858e-06,6.419466681975476025e-06,6.329727767085132920e-06,6.213303406023759431e-06,6.373359745952995734e-06,6.294127641647444257e-06,6.218266299236865216e-06,6.373973746017107242e-06,6.310604437787357871e-06,6.253088992402811800e-06,6.203426363648559361e-06,6.389961503774810284e-06,6.355517901226629593e-06,6.330329053036968349e-06,6.540518492309400861e-06,6.532848224173549394e-06,6.536185153910442706e-06,6.573210541532465272e-06,6.788440713961826105e-06,6.821946495699115222e-06,6.895230046645601317e-06,7.120829808675422586e-06,7.184198001423431371e-06,7.260275735370450217e-06,7.523082457295571528e-06,7.613832187101459967e-06,7.716393242124525894e-06,7.861723596454498489e-06,8.095924475950830711e-06,8.219324989309218836e-06,8.351963246491135657e-06,8.610094860797171018e-06,8.746647255996924992e-06,8.889429871247348452e-06,9.062263734152318956e-06,9.271802504871874391e-06,9.414841917161205997e-06,9.559073122712044061e-06,9.765738532599117373e-06,9.898470605718208724e-06,1.002846336605632270e-05,1.016825144061799412e-05,1.031106242041856884e-05,1.041672196409620620e-05,1.052408127920400209e-05,1.062629135300854708e-05,1.069911034503093060e-05,1.076156400233504820e-05,1.082316770943515688e-05,1.085712441519059929e-05,1.087921846772502561e-05,1.088622412530906645e-05,1.088622412530906645e-05,1.088034710343858277e-05,1.086058010346954781e-05,1.082915931570234481e-05,1.076755560860223444e-05,1.070798436310201065e-05,1.063852940801443835e-05,1.053771046368384472e-05,1.043293717678411350e-05,1.033199451272278246e-05,1.019098000095266283e-05,1.005497238003786031e-05,9.931529117263738287e-06,9.806422268337743934e-06,9.599756858450672316e-06,9.464318726881651732e-06,9.331319699530240416e-06,9.124805085803532715e-06,8.960300004107160692e-06,8.830232496045988701e-06,8.707790177304855763e-06,8.449658562998820402e-06,8.332540428362403005e-06,8.226066859053021783e-06,7.995636422164694048e-06,7.864847649912042740e-06,7.781943606128357657e-06,7.712137964655814727e-06,7.449331242730692569e-06,7.395409842258816292e-06,7.355319688041677371e-06,7.132980060677508009e-06,7.080731362153196788e-06,7.072420261090009060e-06,6.859818799302563620e-06,6.846131211151924900e-06,6.869396152604526832e-06,6.904160646912735253e-06,6.693971207640303589e-06,6.746599170421980884e-06,6.808676890966006719e-06,6.622237782038415419e-06,6.699483163919535572e-06,6.784573127389709534e-06,6.875266878315764114e-06,6.719559431537873452e-06,6.822354015336188066e-06,6.927993102369785954e-06,6.764620681269047683e-06,6.910114060129412968e-06,7.024832360411367192e-06,6.869869951689666952e-06,7.034614746337113477e-06,7.152548288607227290e-06,7.266876546447142006e-06,7.182268429753210042e-06,7.297881079260282758e-06,7.407720564275812439e-06,7.264031608777177002e-06,7.448306231048854064e-06,7.549065602521808520e-06,7.641631107004807867e-06,7.592607235968979474e-06,7.680480870756001307e-06,7.758956683693437340e-06,7.620313708270033130e-06,7.793296321037355092e-06,7.855131815327547087e-06,7.718217303842906884e-06,7.880747912520910802e-06,7.924233793057937431e-06,7.957097353554327631e-06,7.821285015739486379e-06,7.962196012820486207e-06,7.975837133369905070e-06,7.841660008574133765e-06,7.966672933097337068e-06,7.961139323762176680e-06,7.945651827870526106e-06,7.936839523620179188e-06,7.912725748317809597e-06,7.879270323650654413e-06,7.750068604298081652e-06,7.831489827776062543e-06,7.781240237984859065e-06,7.722852347014144003e-06,7.719247864819238957e-06,7.653659643431223118e-06,7.580811711508461316e-06,7.459957663931420290e-06,7.499215946692520749e-06,7.413591133024275509e-06,7.297049169582024853e-06,7.320981023319018190e-06,7.224334758456221792e-06,7.122746654044637416e-06,7.122235708490951001e-06,7.016317630408140982e-06,6.906380416431576588e-06,6.802256241833906532e-06,6.792888293666571304e-06,6.676252511322387655e-06,6.556826901810831307e-06,6.557219397851385465e-06,6.435488316383944805e-06,6.311729252030770886e-06,6.221633795641563667e-06,6.187027780822492485e-06,6.060343132907463238e-06,5.976045129871651701e-06,5.933581740180417670e-06,5.805247173691154151e-06,5.676494216072792288e-06,5.677605831306366041e-06,5.548759904153396350e-06,5.420016237428429389e-06,5.421288400569829915e-06,5.362833663130768717e-06,5.300736364705761519e-06,5.235142862928965509e-06,5.236605755933502085e-06,5.167713316885789053e-06,5.095636180551326466e-06,5.097226746213057074e-06,5.022170021999672045e-06,4.944262978729475356e-06,4.863680452830601717e-06,4.865421718610374740e-06,4.782376507854952448e-06,4.697014734213110489e-06,4.698854370673898025e-06,4.611390176838052232e-06,4.521978153456357550e-06,4.523903443978649902e-06,4.432756435466692901e-06,4.340034975604857208e-06,4.245926630380550424e-06,4.247946195498593648e-06,4.152657836639736888e-06,4.056353586662076329e-06,4.058428977038974898e-06,3.961308322855968292e-06,3.863535311793550674e-06,3.765288228124770752e-06,3.767418650049974754e-06,3.668882692401425893e-06,3.570217020127522974e-06,3.572374687716353619e-06,3.473752291491020274e-06,3.375327067677260160e-06,3.377500559446838121e-06
2.920903380269828951e-06,3.008602014217594910e-06,3.006828189078091601e-06,3.094842814508046637e-06,3.183032202405120171e-06,3.181268828486938848e-06,3.269494140247786485e-06,3.357602196989231324e-06,3.355858707658735144e-06,3.443705721287499559e-06,3.531127871513282426e-06,3.617965948180208863e-06,3.616264499330190462e-06,3.702370028723511854e-06,3.787566772402245905e-06,3.785909002342747942e-06,3.870048195783496820e-06,3.952947249883493973e-06,4.034438683509258761e-06,4.032855839270829854e-06,4.112793834318627651e-06,4.190990764680947721e-06,4.189476799653420366e-06,4.265792006817725503e-06,4.340036894214729794e-06,4.338602736646452188e-06,4.410644120831593784e-06,4.480294752243342962e-06,4.547398572744639559e-06,4.546087948363483318e-06,4.610526850917814343e-06,4.672120545419605731e-06,4.670915792671637982e-06,4.729559780028510073e-06,4.785080731510306668e-06,4.902219146072796597e-06,4.967326154398563382e-06,5.018686368788810030e-06,5.136312789781827476e-06,5.206751329502494471e-06,5.252966371751760823e-06,5.370164502089256135e-06,5.486736845493896499e-06,5.486046231817068481e-06,5.601773741540387351e-06,5.716301322645435021e-06,5.800362702836441642e-06,5.828896636523606416e-06,5.940147604164483198e-06,6.029647699274648913e-06,6.049059202627777887e-06,6.155684769594994386e-06,6.259398140278751107e-06,6.356765192650297482e-06,6.360120024725780286e-06,6.456991772474903825e-06,6.559377291807181883e-06,6.550579626637337246e-06,6.639014315039087002e-06,6.722511203731942867e-06,6.724049905112412701e-06,6.802463451860081667e-06,6.875094218135170819e-06,6.988490243979027316e-06,6.944431070715697316e-06,7.004632228971165883e-06,7.121795934511398697e-06,7.062248733708775547e-06,7.108571342218418904e-06,7.147088825622648999e-06,7.268741627991417214e-06,7.184855547796891373e-06,7.207580652642491372e-06,7.331932654382875120e-06,7.232143321129317040e-06,7.238257492403688464e-06,7.235129788783424626e-06,7.250043898159699420e-06,7.239168312305071948e-06,7.218823869239395549e-06,7.348008701272619994e-06,7.211663147643580039e-06,7.174533087321812318e-06,7.127996535796686169e-06,7.158619467460503808e-06,7.105826521385748726e-06,7.044125552887014991e-06,7.177889835542646573e-06,7.018058494774904897e-06,6.943444378769470275e-06,7.080633901346481016e-06,6.918444037558050806e-06,6.833993755816244598e-06,6.743353617401028047e-06,6.885070288984897038e-06,6.725606212629787327e-06,6.630800179269845233e-06,6.778840721172333954e-06,6.629648829516535101e-06,6.535593278558583626e-06,6.440305026267165421e-06,6.558581988003930730e-06,6.470668393319664046e-06,6.384015555098644593e-06,6.551285181154328335e-06,6.449149004529701479e-06,6.376822257714890973e-06,6.555920671736523427e-06,6.483457060772174225e-06,6.430856268274360632e-06,6.385863966065540096e-06,6.580552601451880694e-06,6.556098252162232024e-06,6.537709046369081149e-06,6.745940027786839934e-06,6.759260188907460937e-06,6.770503068043488712e-06,6.794056089380302704e-06,7.042723742758238772e-06,7.084866582234744840e-06,7.140018003027877140e-06,7.373802469668685061e-06,7.475866221568675093e-06,7.560901839901964200e-06,7.800826868089103181e-06,7.932547304574964626e-06,8.043385003298633172e-06,8.165433995355441668e-06,8.405265517348255877e-06,8.568156805374757326e-06,8.707110490027283536e-06,8.939002129402384570e-06,9.110654437889929733e-06,9.257280990214953397e-06,9.407991209227535228e-06,9.617584234687851129e-06,9.786150743698176377e-06,9.930000471273014304e-06,1.011263694459227141e-05,1.026266201106145601e-05,1.038859895601988068e-05,1.050905168922566258e-05,1.065694097749391452e-05,1.075482147923311492e-05,1.084379736417528967e-05,1.093519058516951752e-05,1.100452233922976455e-05,1.105478514691968098e-05,1.109818634452747993e-05,1.112073094533175995e-05,1.112815520211809201e-05,1.112815520211809201e-05,1.112308781912841213e-05,1.110189756651151157e-05,1.105964463845342552e-05,1.101217487997886794e-05,1.094473568960441791e-05,1.085467591650208122e-05,1.076949819688025421e-05,1.067612257173785038e-05,1.052823328346959844e-05,1.041312064101091074e-05,1.029347990380476965e-05,1.014835644977548491e-05,9.968182342083076376e-06,9.832865051608924233e-06,9.671089791404051189e-06,9.464494411704813497e-06,9.324903183726129661e-06,9.190783460084028090e-06,9.029398340220783176e-06,8.801174689194729160e-06,8.677606752040221012e-06,8.527624005705739422e-06,8.291723468478788507e-06,8.187951625100861678e-06,8.096793220743961423e-06,7.982180672975179478e-06,7.746174845105778921e-06,7.683441714874843906e-06,7.601273438836730448e-06,7.371082126495324746e-06,7.340500852020123365e-06,7.323891429344605634e-06,7.075223775966669566e-06,7.078037524362109121e-06,7.093855265502390274e-06,7.106509529248140636e-06,6.899911674119449850e-06,6.946303217604743421e-06,6.998549985650899447e-06,6.804310853659756184e-06,6.877628499133949108e-06,6.958482919123788715e-06,7.060599076263696005e-06,6.879877764960826950e-06,6.979862476290968221e-06,7.112268418107132798e-06,6.941873658835106224e-06,7.055023512419832682e-06,7.168660692692709261e-06,7.050383731304063481e-06,7.170505703615361218e-06,7.288398759045012827e-06,7.467247630200087431e-06,7.312295658804786739e-06,7.428670484082530440e-06,7.616765941319170992e-06,7.466736273612839974e-06,7.576381820589082314e-06,7.678473043914383066e-06,7.867076912347448390e-06,7.719709290875345444e-06,7.809123790442197381e-06,7.993527378176605306e-06,7.848536007646271073e-06,7.922115493370290734e-06,7.985318879737648802e-06,7.954697065818585439e-06,8.010182960575639357e-06,8.054815329606736016e-06,8.210316913976836327e-06,8.068055947410578322e-06,8.093080120685216148e-06,8.107271350852522478e-06,8.092363485166473538e-06,8.097482789817500413e-06,8.092078079653212952e-06,8.205172081780167813e-06,8.067002915902024549e-06,8.042569325833434136e-06,8.137468196393884563e-06,8.001983539305971492e-06,7.959551630022896224e-06,7.908294130375431938e-06,7.975579430731709891e-06,7.844817116194896867e-06,7.777818354755686980e-06,7.827581537389706804e-06,7.700891213564075270e-06,7.619835738059472853e-06,7.532268504300395114e-06,7.530802221016468305e-06,7.437487154085049025e-06,7.338619276113127569e-06,7.348671544471407453e-06,7.234141691938515521e-06,7.125777592236851223e-06,7.122178777053550016e-06,7.013242880462184107e-06,6.897191096719887903e-06,6.777872566207092515e-06,6.756264619625169280e-06,6.656129304722305754e-06,6.531624458480170123e-06,6.499795075557619614e-06,6.405755232531640187e-06,6.277583824845595978e-06,6.148070886196115344e-06,6.148994176732326859e-06,6.018541857758473706e-06,5.887392572203452555e-06,5.835775969141563410e-06,5.757024461206313304e-06,5.625409331967129124e-06,5.568042732664737368e-06,5.495279568623723860e-06,5.364226478339664388e-06,5.302213732312112240e-06,5.236707186066381762e-06,5.238259309798995999e-06,5.169458250672812008e-06,5.097474518878787367e-06,5.099160390194648932e-06,5.024200750074232774e-06,4.946392447352325055e-06,4.865910197107592567e-06,4.867753152940488317e-06,4.784810926633521722e-06,4.699553312635900577e-06,4.701498165672101817e-06,4.614140128165654536e-06,4.524835084944042008e-06,4.526868064962353943e-06,4.435829342393843935e-06,4.343216653817265177e-06,4.249217456069552117e-06,4.251346437825442985e-06,4.156167660012175372e-06,4.059973053156479664e-06,4.062158048956362149e-06,3.965146865399404427e-06,3.867483095854027755e-06,3.769344933162471404e-06,3.771583867057798193e-06,3.673155926937876637e-06,3.574597695406343565e-06,3.576862147740722710e-06,3.478345804220627030e-06,3.380025828217133004e-06,3.382303693247419119e-06,3.284338392626259293e-06
2.837785378590997616e-06,2.924952295339470698e-06,3.012566653160127149e-06,3.010707722666612057e-06,3.098636467364349218e-06,3.186739255734619086e-06,3.184888622819311899e-06,3.273026078175260633e-06,3.361045745893916976e-06,3.359213402419897182e-06,3.446971166959217381e-06,3.534303745962545069e-06,3.621052004675182991e-06,3.619260569068198246e-06,3.705276023288180377e-06,3.790382686139405781e-06,3.788634914644950629e-06,3.872684273273607963e-06,3.955493748488682373e-06,4.036895950417956731e-06,4.035224314766919542e-06,4.115074053489315263e-06,4.193183358997617534e-06,4.191582498428264582e-06,4.267811638543327700e-06,4.341971387799070306e-06,4.340453122562229324e-06,4.412411532206391649e-06,4.481980425926281419e-06,4.549003850395819529e-06,4.547614277625061504e-06,4.611975786740051941e-06,4.673493751632064571e-06,4.672215043908937890e-06,4.793045902720650085e-06,4.914680299241287009e-06,4.969459536751103279e-06,5.035814041680827012e-06,5.158502814052720256e-06,5.208557096303081725e-06,5.280400404210450065e-06,5.403244283866691749e-06,5.447518875073540996e-06,5.566692650631599240e-06,5.646924833206197326e-06,5.767985737761068331e-06,5.801415198948117352e-06,5.887299603016588173e-06,6.005667325652415165e-06,6.030369765646483723e-06,6.121866884093129934e-06,6.236169224180035014e-06,6.347827228561505454e-06,6.357013698096209184e-06,6.456635112207048351e-06,6.561916759481111466e-06,6.559222560556292610e-06,6.664033449287633498e-06,6.761328163588121818e-06,6.745511685350248098e-06,6.830935850072635962e-06,6.942830894142035024e-06,7.024778910640289150e-06,6.987072964243144363e-06,7.103295148729800207e-06,7.172957025539593065e-06,7.119615498552476059e-06,7.239764540608080959e-06,7.295535053736712690e-06,7.343440452003222599e-06,7.265239526597752779e-06,7.390094431089856221e-06,7.421917716067289498e-06,7.327161930086688409e-06,7.454888807815555648e-06,7.469600414180376980e-06,7.358734543444274710e-06,7.355357831014154709e-06,7.486089277989775951e-06,7.473183630977465002e-06,7.339229432584906749e-06,7.472281539331934917e-06,7.441521302977821834e-06,7.295037339583370712e-06,7.247506831507438345e-06,7.382914021853101946e-06,7.325582137098389340e-06,7.163949839904507714e-06,7.302361122935591893e-06,7.230549118577427589e-06,7.064484593827460760e-06,7.206821926323103571e-06,7.123481999648368242e-06,7.033044947527711621e-06,6.866538400129346790e-06,7.014156663708932413e-06,6.917779540323537756e-06,6.759388980400853549e-06,6.914061644233303997e-06,6.816720599983233482e-06,6.672486682631274845e-06,6.578583300768510435e-06,6.743215704735525594e-06,6.650902757826432127e-06,6.535243235534445545e-06,6.711004058727123466e-06,6.631834464845995597e-06,6.544916049855549750e-06,6.733305554702331773e-06,6.673057742005353170e-06,6.620001105714929925e-06,6.580754003274628269e-06,6.785553687622524446e-06,6.758960167211273765e-06,6.758377291513716435e-06,6.977078047443677725e-06,6.980466384456706132e-06,7.019606599168743786e-06,7.051983864952197495e-06,7.286111250169315475e-06,7.334610730619740767e-06,7.428221558020656533e-06,7.671734453265215440e-06,7.751521466243208538e-06,7.878432738662936893e-06,8.126854998552797082e-06,8.234074046392611364e-06,8.353276352930866241e-06,8.517111323144313073e-06,8.762881564317356170e-06,8.900703322927608810e-06,9.077706624245263285e-06,9.312856377872304030e-06,9.459855479074253255e-06,9.611646330819490551e-06,9.791287174707563913e-06,9.999808804318516281e-06,1.014569185383128332e-05,1.031018635287990590e-05,1.048806695106004921e-05,1.061642822415703441e-05,1.075405221960656419e-05,1.086779939128599767e-05,1.099328069620895680e-05,1.108450228951124078e-05,1.117237628570009074e-05,1.125065044459704212e-05,1.130227588638071946e-05,1.134298319103983784e-05,1.137049052529742636e-05,1.137811878670756698e-05,1.137811878670756698e-05,1.137302193550646540e-05,1.134669441302386948e-05,1.130749803807703386e-05,1.125888072873151488e-05,1.118192139013499113e-05,1.109621356879481574e-05,1.100909731702288480e-05,1.088527626929041878e-05,1.077663465003258154e-05,1.064290536077327518e-05,1.052136805337400890e-05,1.034590585806311940e-05,1.018697523874406869e-05,1.005033933000917706e-05,9.844792731423763972e-06,9.672780851087406229e-06,9.533026495283731589e-06,9.399554059615125568e-06,9.168102835063661891e-06,9.002456150745115571e-06,8.881235922332241322e-06,8.639469811501798312e-06,8.489775459491353261e-06,8.390236651920318889e-06,8.304154298967930876e-06,8.059786543549013189e-06,7.951364677194435027e-06,7.895443466591971584e-06,7.655692527188701920e-06,7.583404233283132303e-06,7.561088631500227445e-06,7.330152206223727856e-06,7.324536594852512721e-06,7.310564538491087516e-06,7.335813404027310091e-06,7.118946792975017985e-06,7.146837540324238423e-06,7.202911793016966072e-06,6.998751387473650410e-06,7.067010386017947398e-06,7.149720467555689342e-06,7.239458057244951441e-06,7.049594454383277135e-06,7.167151329461110882e-06,7.275004075550491239e-06,7.096226472500621271e-06,7.242956418926737084e-06,7.362554021957436495e-06,7.193322057312115638e-06,7.312822444882055421e-06,7.487813774808331911e-06,7.609398879936465440e-06,7.447795892429554126e-06,7.636140672467160462e-06,7.754238172715640558e-06,7.598234069086765153e-06,7.793472213289456469e-06,7.902821330352967141e-06,8.003592526049249997e-06,7.850927714229236792e-06,8.043234810271882525e-06,8.129420925563586109e-06,7.979587737060921677e-06,8.165461855823782119e-06,8.234054514045336201e-06,8.086310691136936333e-06,8.143161101185875079e-06,8.310538859297643909e-06,8.347949630674499091e-06,8.201540703342126038e-06,8.354017486525521354e-06,8.370632217584615610e-06,8.226097977114974209e-06,8.231615356223155385e-06,8.357379171384013140e-06,8.342282601704481153e-06,8.200415953927349494e-06,8.307680019730660504e-06,8.273005575881831422e-06,8.133991103757357553e-06,8.222379386581812335e-06,8.169393336043480368e-06,8.107518016883651039e-06,7.973445575815601687e-06,8.033688488756641412e-06,7.956067289772540818e-06,7.826234124548418509e-06,7.868818782609677054e-06,7.777309986671319847e-06,7.652218716659025410e-06,7.556759005294120817e-06,7.574705540284756235e-06,7.465905721182896288e-06,7.348669534429220674e-06,7.351867626482170070e-06,7.234081346321062547e-06,7.122628813092128826e-06,7.112492109735219673e-06,6.987543849314022794e-06,6.859630225293157459e-06,6.757265810769140583e-06,6.729736795444465169e-06,6.597267599455218607e-06,6.501193820261520294e-06,6.463892071282785968e-06,6.328412609433033466e-06,6.238680540474944301e-06,6.105323027323499255e-06,6.055885699157745290e-06,5.918425420431832055e-06,5.838110283075872326e-06,5.782212361754258846e-06,5.644941310427960938e-06,5.570791607376122263e-06,5.509616094483576917e-06,5.373542690779272797e-06,5.238375030222513812e-06,5.240022269390519470e-06,5.171318572144238668e-06,5.099434312992802865e-06,5.101221633259872655e-06,5.026365284934745454e-06,4.948661984244738206e-06,4.868286314471702221e-06,4.870237298252353097e-06,4.787404417315008518e-06,4.702257337081951704e-06,4.704313784426139766e-06,4.617068275264323857e-06,4.527876569444750225e-06,4.530023572660646943e-06,4.439099437732379370e-06,4.346601781983808889e-06,4.252717945278005680e-06,4.254962501771196551e-06,4.159899400491020891e-06,4.063820462834764374e-06,4.066121014279020398e-06,3.969225169621794366e-06,3.871676422183136089e-06,3.773652867992939656e-06,3.776005903288329866e-06,3.677691467353867945e-06,3.579246056115000987e-06,3.581622561645446873e-06,3.483217424522053144e-06,3.385007731928887223e-06,3.387394884715338840e-06,3.289537807040578853e-06,3.192181975035289992e-06
2.755660192449072889e-06,2.842164036845117022e-06,2.929243781818505454e-06,3.016769979988535423e-06,3.014821954934688298e-06,3.102660726103668790e-06,3.190672720914836177e-06,3.188730536358369772e-06,3.276775746954436743e-06,3.364702544768530850e-06,3.362776777215905470e-06,3.450440637445394865e-06,3.537678908787455787e-06,3.624332536257753016e-06,3.622446228430399269e-06,3.708366654818194749e-06,3.793378222273650888e-06,3.791535378457586089e-06,3.875489780962660759e-06,3.958204511748761474e-06,4.039512278690738319e-06,4.037746617362305974e-06,4.117502841572390561e-06,4.195519247439462655e-06,4.193826207522332468e-06,4.269963995593680874e-06,4.344033328592340328e-06,4.342425692741994665e-06,4.414295888576791891e-06,4.483777837721400307e-06,4.550715700562855188e-06,4.549242064182736890e-06,4.613521124289420923e-06,4.735808361398901468e-06,4.796457471894920102e-06,4.857813420269954773e-06,4.982028517661116744e-06,5.106897083672778659e-06,5.105717013759585980e-06,5.231072138482446385e-06,5.356633640134737258e-06,5.355606965824268705e-06,5.481179656699727174e-06,5.606441090901426854e-06,5.731103557441849813e-06,5.730318300651701118e-06,5.854144336956803641e-06,5.976743637899477515e-06,5.976179753538916440e-06,6.097292671103731295e-06,6.216478371719726546e-06,6.312169145589615913e-06,6.333173847035714598e-06,6.447462203772170377e-06,6.558638886585444616e-06,6.558844388020565400e-06,6.666619952734742849e-06,6.770451955027341494e-06,6.771180506712477399e-06,6.870781008471946498e-06,6.965503812913681219e-06,7.054870787687870385e-06,7.056620394326369829e-06,7.140480233263529999e-06,7.218046661435811933e-06,7.220924884629344452e-06,7.292177781352027751e-06,7.356215440162061198e-06,7.482344570549591423e-06,7.417672919431629205e-06,7.466587105772865822e-06,7.506969040725711365e-06,7.514527050629084894e-06,7.546951775777318739e-06,7.570120537371837315e-06,7.581024382255364829e-06,7.595930883348695398e-06,7.601025244753439442e-06,7.596030070443018363e-06,7.613249568873421026e-06,7.599918593584512734e-06,7.576279212377539708e-06,7.600014561707590002e-06,7.568539420632093144e-06,7.526842003732107185e-06,7.474974891835601476e-06,7.510381459141545023e-06,7.452006995937469002e-06,7.384081794167765019e-06,7.430886995889438614e-06,7.358091013580427019e-06,7.276776382285993501e-06,7.425828782615123504e-06,7.253496796463194791e-06,7.162388284652662269e-06,7.064953547661685475e-06,7.148623170849641414e-06,7.052197389358796972e-06,6.951523114328494676e-06,7.055592422559374294e-06,6.959083996556485366e-06,6.860756231905232335e-06,6.761807550873570347e-06,6.896960628262853912e-06,6.807018278334971702e-06,6.719259526036486067e-06,6.879980952413863396e-06,6.804579159659693329e-06,6.734223173482718923e-06,6.931071615267773016e-06,6.866539046580161455e-06,6.819315023719589269e-06,6.781203439509634163e-06,7.003618605258709060e-06,6.984275622504517457e-06,6.976288971861666641e-06,7.222901966108065790e-06,7.234702965040307770e-06,7.259460058830260287e-06,7.297958130220429098e-06,7.570902043940321461e-06,7.628874285322422800e-06,7.700963756184155834e-06,7.986991136434976794e-06,8.076175448645554883e-06,8.178807117190165491e-06,8.434532278866063105e-06,8.586173873699171107e-06,8.713629731140154575e-06,8.852045644706741520e-06,9.137100152601920950e-06,9.281167548690450210e-06,9.432976857583517133e-06,9.670488102193295702e-06,9.851925326416378773e-06,1.000610703836346704e-05,1.016243802598868870e-05,1.039302142842496117e-05,1.053756589774013906e-05,1.067976363744624314e-05,1.087061919798211757e-05,1.099358152548491946e-05,1.110993208589607568e-05,1.121814998593612955e-05,1.134344937071935273e-05,1.142398268223883691e-05,1.149326009996277230e-05,1.156250096387229236e-05,1.160011122504686175e-05,1.162469212931703722e-05,1.163464234843128572e-05,1.163594397473924325e-05,1.162599375562499475e-05,1.160409951862045729e-05,1.156942547483205530e-05,1.150018461092253693e-05,1.143425699189438494e-05,1.135764751134244651e-05,1.123234812655922332e-05,1.112878338487173321e-05,1.101796375356479005e-05,1.090154989845914617e-05,1.071069433792327174e-05,1.057619179082863765e-05,1.044060582376115067e-05,1.021002242132487821e-05,1.006401524692184051e-05,9.921608137541731978e-06,9.749724566405602126e-06,9.515952231462568154e-06,9.379000762128713770e-06,9.251382718511340497e-06,8.966328210616159372e-06,8.845957482174040938e-06,8.738124651888347813e-06,8.603324961968086327e-06,8.351918540279157016e-06,8.271923228646970046e-06,8.206768407690660704e-06,7.920741027439841438e-06,7.873972361040253043e-06,7.842492966029649524e-06,7.569549052309754620e-06,7.558581240725075094e-06,7.562244155858311584e-06,7.579594691228073509e-06,7.332981696981672666e-06,7.370685184001163023e-06,7.420138658358868966e-06,7.197723492609796610e-06,7.266164684527202830e-06,7.343762433076532274e-06,7.439686540262156682e-06,7.241691237007464826e-06,7.341993628005693266e-06,7.446880178255664719e-06,7.286158751891398613e-06,7.402784767599068280e-06,7.520830011430241677e-06,7.385676934234767721e-06,7.511827437439504345e-06,7.636330384707289609e-06,7.757873649185492062e-06,7.653804344346322100e-06,7.778271781230955970e-06,7.897160379039847733e-06,7.813490774953423267e-06,7.931982102513128444e-06,8.042677788718984846e-06,8.243704496071658727e-06,8.084024565401026139e-06,8.181847660841106093e-06,8.269566583959738303e-06,8.222761782347084381e-06,8.304008801832196828e-06,8.374098559175059228e-06,8.338693067473368427e-06,8.400673828224855297e-06,8.450896531592968027e-06,8.489330454482580838e-06,8.465598343950550875e-06,8.494660257900076160e-06,8.511912902441671973e-06,8.494699888500052440e-06,8.502159450904159989e-06,8.498118203022323624e-06,8.482905288870485003e-06,8.472015626411431098e-06,8.447239115912575405e-06,8.411961550945662057e-06,8.404426869076157906e-06,8.360011858748911834e-06,8.305943861983719644e-06,8.379052292791288128e-06,8.238317107059013502e-06,8.167083096029648483e-06,8.087708075190053279e-06,8.084888813532895802e-06,7.998346568341060868e-06,7.904715515919674018e-06,7.903046825228809329e-06,7.803185319996805202e-06,7.697299642616984043e-06,7.585929266075532196e-06,7.585316889980219344e-06,7.469175748666510008e-06,7.348605549014446092e-06,7.348546608999047951e-06,7.224151160275810953e-06,7.096264985288175506e-06,7.072889373621346063e-06,6.965835341235443454e-06,6.832457802797741815e-06,6.696921920819489229e-06,6.697712440611294012e-06,6.560515636810990515e-06,6.421947690757163884e-06,6.422995940508826507e-06,6.283499034127769574e-06,6.143335768122323687e-06,6.002828808220600245e-06,6.004166889380580057e-06,5.863683230432450783e-06,5.723436412806004860e-06,5.724963169398595859e-06,5.585272964932703014e-06,5.446320677961957737e-06,5.377800467870501365e-06,5.310077906139166978e-06,5.173302693146141569e-06,5.101524399370061369e-06,5.103419737441786173e-06,5.028673314136903600e-06,4.951081701521699792e-06,4.870819339735867470e-06,4.872885109330918461e-06,4.790168351100904036e-06,4.705138590820959233e-06,4.707313417170753038e-06,4.620187209515093350e-06,4.531115592991667564e-06,4.533383340630297332e-06,4.442580474841079722e-06,4.350204484992420267e-06,4.256442585640599394e-06,4.258809228466952968e-06,4.163868243026680010e-06,4.067911334403459028e-06,4.070333715060261553e-06,3.973559390206809683e-06,3.876131747109457944e-06,3.778228779372144761e-06,3.780701784511058790e-06,3.682506606856636112e-06,3.584179651193867533e-06,3.586673722302235408e-06,3.488385177329553248e-06,3.390291023902238013e-06,3.392792587177613752e-06,3.295048719471412395e-06,3.197804828892250370e-06,3.101205776634248786e-06
2.762420156634145476e-06,2.760390789483310025e-06,2.846804696797006430e-06,2.933793347730438736e-06,3.021227346447942220e-06,3.019186071284815053e-06,3.106930599692804332e-06,3.194847420376326530e-06,3.192809194913068749e-06,3.280757565726514676e-06,3.368586796104868808e-06,3.366562807998636978e-06,3.454127872386492648e-06,3.541266853693700308e-06,3.627820781253900366e-06,3.625834451127991134e-06,3.711654623417169028e-06,3.796565798583875500e-06,3.794622520827566023e-06,3.878476547103118592e-06,3.961091061439546300e-06,4.042298876360748770e-06,4.040433634533757100e-06,4.120090759163080726e-06,4.198008657919645522e-06,4.196217816926646410e-06,4.272258625393325569e-06,4.346231917438629706e-06,4.344529298099557554e-06,4.416305688273400060e-06,4.485695131451762811e-06,4.552541911396004974e-06,4.608827989776178239e-06,4.735039033546204127e-06,4.799377801197741956e-06,4.861127830379824267e-06,4.989847134848138481e-06,5.050764298434991942e-06,5.178330259387043878e-06,5.248687687444287572e-06,5.305171377256496270e-06,5.433508965324809142e-06,5.509853706105693577e-06,5.641190386493394093e-06,5.688885344536938480e-06,5.816388191468886054e-06,5.901905347766508280e-06,5.942224044854868022e-06,6.067664319607880184e-06,6.159375579269087424e-06,6.286269154912351870e-06,6.312988790785510982e-06,6.410860325482767985e-06,6.533479905365833162e-06,6.549428877235762263e-06,6.663250329648818696e-06,6.770050839080084274e-06,6.773814312123464882e-06,6.880123440604766172e-06,6.992636173430043293e-06,7.097007260790920886e-06,7.079853100725904999e-06,7.171329653528487731e-06,7.291643176552515056e-06,7.259029998324304409e-06,7.338396062169588935e-06,7.463482874943298363e-06,7.537826120101972550e-06,7.479848542329605141e-06,7.609274476878825787e-06,7.668468413424811604e-06,7.592853518079018773e-06,7.634039883186548027e-06,7.768665554483449170e-06,7.675203125432171475e-06,7.698746088762931024e-06,7.836577343765728943e-06,7.850951600416362924e-06,7.730635563289536702e-06,7.725339023392821018e-06,7.866545215877288324e-06,7.730117922304606927e-06,7.705828041031285536e-06,7.849707311632475628e-06,7.814723612942662550e-06,7.656611019925354636e-06,7.603658562865540583e-06,7.750322345112084689e-06,7.582395558108385285e-06,7.513354165923079138e-06,7.663578333664384539e-06,7.584917899837866173e-06,7.407769347685211027e-06,7.562635802222792833e-06,7.472280744310107276e-06,7.296873503324164260e-06,7.199034058471439593e-06,7.360177593579226320e-06,7.192623324760250056e-06,7.092355599500062456e-06,7.261683681913934003e-06,7.159259638407938396e-06,7.011714134490963119e-06,6.914647886436279674e-06,7.095435129055420227e-06,6.972002947256923845e-06,6.887539551956177084e-06,7.080833363796484602e-06,7.002667126850295150e-06,6.922293134145297982e-06,7.129512861749103289e-06,7.073749136749686070e-06,7.031424137369473150e-06,7.000334307001286389e-06,7.225195202195885731e-06,7.224158127321745941e-06,7.224563233260463660e-06,7.463772057662861066e-06,7.480261120112927889e-06,7.539252731094039844e-06,7.587554993249023132e-06,7.841657513627933647e-06,7.940916764360721579e-06,8.023030963561764820e-06,8.284912535474693696e-06,8.382601934304319914e-06,8.531227591062861258e-06,8.795184953609903566e-06,8.919564476157496038e-06,9.091804311125058484e-06,9.237734434852763819e-06,9.493404347128356216e-06,9.644838307229314383e-06,9.834608363787665031e-06,1.007378047484145789e-05,1.022905595911097999e-05,1.041338103865020382e-05,1.056985916533853557e-05,1.077309082005785614e-05,1.093848877832965349e-05,1.107664522896916675e-05,1.124142968956256464e-05,1.136035438407693708e-05,1.148330908162238037e-05,1.158181369882063871e-05,1.168413836996567116e-05,1.176148485582667597e-05,1.181730157411297251e-05,1.186596068699009712e-05,1.189128673472346728e-05,1.189935712618524320e-05,1.189935712618524320e-05,1.189268594702786445e-05,1.187024966478206979e-05,1.182291729162360944e-05,1.177034281380825744e-05,1.169520578199034750e-05,1.159443083836095521e-05,1.150036733407794177e-05,1.138070444409289640e-05,1.126777671903040072e-05,1.110525699635181817e-05,1.097450268844897080e-05,1.081489436333191874e-05,1.061453255001356724e-05,1.046808382096135863e-05,1.029178012458208759e-05,1.014926899406345244e-05,9.913844827999969761e-06,9.734724014891270324e-06,9.599365134486398393e-06,9.347883599828945628e-06,9.219875539797667776e-06,9.062770671842271657e-06,8.959531165238559858e-06,8.700020274164884480e-06,8.569705456649123461e-06,8.496315402578147465e-06,8.238706187376741718e-06,8.182133154110867896e-06,8.105874972769049191e-06,7.855560361048805515e-06,7.835159312275675941e-06,7.802039720915183622e-06,7.815724110275549117e-06,7.578997350590526496e-06,7.608885968946804992e-06,7.639405782850432176e-06,7.415808322153167821e-06,7.477915845111978388e-06,7.551527956362118245e-06,7.639095354170730642e-06,7.430908059139851055e-06,7.543818400762077583e-06,7.653138919897222066e-06,7.457210701237562360e-06,7.571379205735369336e-06,7.728126546158061550e-06,7.542971322622315506e-06,7.668082572923023871e-06,7.848741938447774020e-06,7.977870692206957549e-06,7.801588805949545878e-06,7.926448272116871720e-06,8.125821902394895466e-06,7.956093464964127576e-06,8.075729091483280786e-06,8.281513496194442417e-06,8.391289412428504384e-06,8.225645153118358734e-06,8.431345545292723154e-06,8.526100651429640860e-06,8.363854097784045367e-06,8.446742300678427310e-06,8.639928971084132628e-06,8.480197107665552242e-06,8.543688251609452789e-06,8.724607076240758227e-06,8.767212692343129214e-06,8.609090331642163684e-06,8.639076045743886606e-06,8.794418535383431517e-06,8.638449361810024354e-06,8.646386150339605868e-06,8.782976841619113929e-06,8.768470655507834316e-06,8.615471576521259152e-06,8.590362399436517188e-06,8.696203084808367190e-06,8.546371347694780852e-06,8.501114348847663745e-06,8.586618690755855690e-06,8.520995974473240096e-06,8.376607228091943673e-06,8.442112192087713860e-06,8.359305694156094049e-06,8.219593182309373788e-06,8.131058577640887090e-06,8.167943036340957036e-06,8.033456139360897513e-06,7.931247861649020627e-06,7.950722293593484897e-06,7.834020717530254014e-06,7.708179804784684715e-06,7.589274957312229915e-06,7.585249022623832119e-06,7.465773220194130213e-06,7.338424573508348519e-06,7.320725845585739910e-06,7.183512200944823028e-06,7.074024354300409118e-06,7.044253702383991824e-06,6.902250856513972390e-06,6.799667624284727336e-06,6.659297774422697074e-06,6.614300185735971328e-06,6.518667128202923818e-06,6.375998634138225129e-06,6.322750551120346158e-06,6.175797072444792868e-06,6.090461233857135347e-06,5.946879314088408115e-06,5.883807222032132662e-06,5.805197276620808858e-06,5.662497964772645900e-06,5.594476920838591096e-06,5.450497594624652186e-06,5.381555509599555050e-06,5.309718976502157950e-06,5.168567628953274427e-06,5.105764704537353643e-06,5.031135296097057397e-06,4.953662512736867063e-06,4.873520639134396199e-06,4.875708401698287237e-06,4.793114988512236881e-06,4.708209774229813768e-06,4.710510198184700599e-06,4.623510492378143690e-06,4.534566136784887561e-06,4.536961761694840210e-06,4.446287249421975627e-06,4.354039952096867774e-06,4.260406950100823938e-06,4.262902564194879272e-06,4.168090496445630170e-06,4.072262328040581023e-06,4.074813151282511209e-06,3.978166855082729734e-06,3.880866714378875866e-06,3.783090614506018204e-06,3.785689748844050225e-06,3.687619861775536598e-06,3.589417262365652302e-06,3.592034663926330199e-06,3.493868336399723778e-06,3.395895204464437411e-06,3.398516514571041795e-06,3.300891044541014914e-06,3.203764132161801130e-06,3.107280572430128544e-06,3.109886586373519838e-06
2.681896224475942269e-06,2.767525950323190589e-06,2.765404041519369655e-06,2.851724070855536750e-06,2.938617557029930509e-06,3.025955157187615025e-06,3.023816306139185540e-06,3.111462141355938889e-06,3.199279215147809899e-06,3.197140256316920530e-06,3.284986978153494525e-06,3.372713718467806891e-06,3.370586477389636784e-06,3.458047607724118911e-06,3.545082059347557506e-06,3.631530950633396540e-06,3.629439170221557065e-06,3.715153574267864812e-06,3.799958762687089149e-06,3.797909382436608249e-06,3.881657296428816918e-06,3.964165797730679850e-06,4.045267810853274689e-06,4.043297093258483371e-06,4.122849185603707226e-06,4.200662615516181758e-06,4.198767991423132736e-06,4.274705827033792363e-06,4.348577083021394516e-06,4.346773492907592011e-06,4.418450107907690340e-06,4.544008199720170091e-06,4.671255451409916443e-06,4.669596891459464542e-06,4.798428337754648192e-06,4.928643633995350862e-06,4.927112179291948582e-06,5.058579081792629688e-06,5.191057662534689647e-06,5.251265460808552750e-06,5.322998646896948669e-06,5.456894031379222851e-06,5.591104001806132412e-06,5.589939509179403807e-06,5.724253890439088967e-06,5.858320200720351436e-06,5.903569869363851867e-06,5.990930205816505755e-06,6.123614386214657208e-06,6.255048836371329030e-06,6.254403761940042438e-06,6.384305500304084887e-06,6.512187013650471639e-06,6.511851680979863298e-06,6.637414437866814485e-06,6.760107402634799777e-06,6.770349683919669537e-06,6.879697844467965987e-06,6.995416520203429969e-06,7.106883027440654529e-06,7.107706071211190135e-06,7.214608244077467275e-06,7.316221214910946261e-06,7.290658028290610365e-06,7.414005658791308833e-06,7.503818725576705032e-06,7.586767276640732381e-06,7.590059212300021008e-06,7.666139116306489745e-06,7.734330046733792842e-06,7.739446112088139231e-06,7.799973743304605762e-06,7.851648438652051977e-06,7.764371172825712888e-06,7.902680889709133631e-06,7.936347898598094665e-06,7.959873130665980030e-06,7.972462529134692033e-06,7.987023820980842495e-06,7.990845847410056041e-06,7.858131524972291113e-06,8.003556132290730950e-06,7.987366273372778261e-06,7.959935220210628378e-06,7.987426502847450282e-06,7.951648993542775724e-06,7.904780080941714137e-06,7.736238186171664745e-06,7.887927794583764231e-06,7.823314378763415104e-06,7.748462279951624234e-06,7.802658143467957913e-06,7.722991746622169336e-06,7.634325064302910184e-06,7.704600164871794324e-06,7.613600455918273393e-06,7.515322649565157495e-06,7.338833693861762930e-06,7.507110516752647337e-06,7.404391048382091825e-06,7.297669452810239705e-06,7.417298428853749840e-06,7.316105876097730515e-06,7.213693053542063143e-06,7.075948042017795190e-06,7.265955355592708254e-06,7.174599588942226405e-06,7.086549517862661327e-06,7.269357622490127173e-06,7.195797557654811657e-06,7.128695083158262269e-06,7.340455052737371262e-06,7.290917033456900793e-06,7.250769253666287398e-06,7.233824542054556940e-06,7.470392394354299292e-06,7.461891640235399598e-06,7.466461580050696164e-06,7.740036334300572492e-06,7.765988360257387028e-06,7.806440565686928473e-06,7.895273844384844355e-06,8.160573230793595267e-06,8.236299053636299706e-06,8.327168615129576398e-06,8.635898118370661546e-06,8.743394704305349727e-06,8.864748238032212538e-06,9.174636417408907349e-06,9.307440907204119141e-06,9.451597538760430207e-06,9.606054468885374557e-06,9.901144399137070862e-06,1.005781431072686618e-05,1.022075267961217826e-05,1.049162839687467644e-05,1.064858950847221796e-05,1.080712032374883003e-05,1.098833288559029055e-05,1.118671530043999126e-05,1.132747356761623501e-05,1.146304289428911198e-05,1.163569528515013742e-05,1.174616728986833806e-05,1.184718113665667925e-05,1.194531295571757443e-05,1.203308785532387462e-05,1.209044172297016511e-05,1.213443296206451866e-05,1.216687137786003338e-05,1.217534096953795993e-05,1.217534096953795993e-05,1.216979747327470758e-05,1.213735905747919286e-05,1.209648492735563630e-05,1.204262836976282136e-05,1.195638036774225246e-05,1.186078465380602229e-05,1.176457934664756963e-05,1.165983355745779697e-05,1.148718116659677322e-05,1.135841799292424805e-05,1.122569592820495952e-05,1.103013642886435146e-05,1.085550283139169628e-05,1.070785838184617756e-05,1.056336785548273034e-05,1.029249213822023046e-05,1.014368715349428804e-05,1.000286904804556946e-05,9.707779117793873151e-06,9.570923655570752895e-06,9.446124043300308906e-06,9.334412220324995329e-06,9.024524040948300518e-06,8.925953241078059025e-06,8.842858882989822580e-06,8.534129379748737432e-06,8.469187204247647776e-06,8.420797555389351866e-06,8.159491303525961593e-06,8.095273608111185144e-06,8.084549057651301237e-06,8.089275428807497694e-06,7.815700674557618825e-06,7.842580037429220811e-06,7.883112553012158386e-06,7.648035122709105079e-06,7.695909609663823851e-06,7.768669387182247464e-06,7.850814786073708309e-06,7.639054816494734841e-06,7.738566494107026547e-06,7.844149302665955417e-06,7.661341198043725929e-06,7.780846703129883833e-06,7.902919054898192942e-06,7.708639459188538809e-06,7.880473850620881913e-06,8.011655842810018878e-06,8.140434405416233890e-06,8.020805431586788259e-06,8.153808590875418505e-06,8.281398305308630979e-06,8.104478013254288443e-06,8.312977171168665599e-06,8.433040609481525326e-06,8.544181793380984191e-06,8.473906798329049192e-06,8.581021916484031864e-06,8.677408370682520303e-06,8.623212868027424773e-06,8.713034517689768584e-06,8.790856880035977138e-06,8.625845705258494711e-06,8.819160423940690537e-06,8.875732754286494932e-06,8.919488806093258488e-06,8.892000774110629495e-06,8.925717220148348652e-06,8.946537302876516278e-06,8.786011422563206144e-06,8.936856172565180807e-06,8.934499356662937495e-06,8.919903200807829399e-06,8.907328911955883234e-06,8.882333298040463553e-06,8.845823027820145438e-06,8.691936579955194370e-06,8.790672073490969290e-06,8.733619584854394096e-06,8.666551956354890665e-06,8.661481104231622067e-06,8.585666948190234896e-06,8.500947974147204123e-06,8.497721545465779699e-06,8.405198874768637880e-06,8.304941753418142094e-06,8.167075612737491428e-06,8.196014598491195867e-06,8.082440506450128641e-06,7.962917770433848059e-06,7.962225462693410828e-06,7.837554784058473672e-06,7.708107795469444667e-06,7.585788693886966982e-06,7.574498991980584112e-06,7.437216460698338554e-06,7.296715500080761053e-06,7.297267049287659805e-06,7.154166500236087637e-06,7.008803594584956547e-06,7.009705209724005367e-06,6.862630197488303809e-06,6.714158769674233844e-06,6.616471794137214311e-06,6.565969810211553120e-06,6.415964538340441141e-06,6.265687029379769188e-06,6.267203690889410371e-06,6.117055294478434794e-06,5.967265662030520057e-06,5.887127884236244122e-06,5.819909388000442710e-06,5.671726381129447102e-06,5.524683236302014238e-06,5.526655492136266290e-06,5.381027174861603101e-06,5.236955400017750423e-06,5.239088342631592458e-06,5.096803215954901291e-06,4.956416202467766112e-06,4.876402482124329952e-06,4.878719925532282856e-06,4.796257555321476546e-06,4.711484582629794293e-06,4.713918285421677598e-06,4.627052736702976991e-06,4.538243260064153248e-06,4.540774332261547958e-06,4.450235685162164387e-06,4.358124523763520535e-06,4.264627784842797565e-06,4.267259649285725654e-06,4.172583683195135081e-06,4.076891335870468124e-06,4.079577571946888744e-06,3.983066157013480510e-06,3.885900247136166559e-06,3.788257613314351383e-06,3.790989339194810562e-06,3.693051064077658304e-06,3.594978996626866564e-06,3.597725754448377651e-06,3.499687516471929233e-06,3.401841121041077885e-06,3.404587732919016719e-06,3.307086052845398466e-06,3.210081346077932823e-06,3.113718339571934508e-06,3.116443190728784716e-06,3.020851470465018216e-06
2.602679589821116334e-06,2.687401547688821265e-06,2.772936320699383450e-06,2.770717933330457348e-06,2.856940005291100107e-06,2.943734105850306542e-06,3.030970946453155142e-06,3.028730020009466820e-06,3.116272525951534253e-06,3.203985082466362827e-06,3.201740488194379766e-06,3.289480530260468040e-06,3.377099624330072796e-06,3.374863852420974769e-06,3.462215653258734257e-06,3.549140066658555732e-06,3.635478304923020943e-06,3.633275354568257220e-06,3.718878173514758441e-06,3.803571467256073981e-06,3.801409992052307218e-06,3.885045723736774689e-06,3.967442071794822847e-06,4.048432080518746240e-06,4.046349630367555919e-06,4.125790388054821480e-06,4.203493010159240839e-06,4.201488236788261167e-06,4.277316715895946000e-06,4.351079544809714432e-06,4.402132722574017784e-06,4.530983683087574423e-06,4.603478267780628204e-06,4.733342674466858796e-06,4.792705581486191510e-06,4.863103276711629327e-06,4.996075282565769965e-06,5.061373436685871517e-06,5.128737380155812754e-06,5.264097558174562436e-06,5.400309327529756688e-06,5.474985676192521500e-06,5.535770085551643139e-06,5.673007847534393007e-06,5.754226485531135548e-06,5.809146552443171331e-06,5.946303594634757434e-06,6.082914734820429448e-06,6.174181056724313121e-06,6.217761877496789573e-06,6.352309098111240744e-06,6.450376690028163889e-06,6.484622188870384954e-06,6.615575816974792799e-06,6.720418495151305417e-06,6.743813945657686141e-06,6.869485530089014550e-06,6.991754436940188798e-06,7.106431300026912658e-06,7.110537648280756827e-06,7.224725409918402882e-06,7.345703636879375088e-06,7.335116684621012623e-06,7.439202806343314395e-06,7.537307868740153464e-06,7.666894897696384579e-06,7.631412589640822918e-06,7.716329660224152600e-06,7.851193963699578610e-06,7.797728417047582883e-06,7.867487969455460984e-06,8.007157983636031869e-06,7.934882554328701371e-06,7.987684757739000948e-06,8.030868795722795279e-06,8.176297164721463967e-06,8.074554179860402161e-06,8.098460750407663166e-06,8.247476165565658830e-06,8.126773250870451723e-06,8.130520882030516544e-06,8.122942892014667148e-06,8.275758390851909813e-06,8.127735270067591066e-06,8.099568556014241373e-06,8.255468696238541353e-06,8.092643768100900027e-06,8.044793646113861205e-06,7.985736658636096583e-06,8.144925996788357709e-06,7.964262785472893543e-06,7.888235788760640602e-06,8.051638218979575453e-06,7.866038821084749726e-06,7.776453911236962756e-06,7.945333016043038053e-06,7.760607774807078726e-06,7.661952766739986244e-06,7.557031702463227747e-06,7.733335890725591817e-06,7.558428885820283631e-06,7.452452921244917896e-06,7.638220646588973899e-06,7.481173244297656248e-06,7.380775853177648317e-06,7.281010821653861592e-06,7.479894092905602218e-06,7.358421813456303388e-06,7.274479108420351536e-06,7.487337849899737721e-06,7.401049774736446320e-06,7.339776050085858391e-06,7.567868983853276248e-06,7.522160045132561044e-06,7.489517445676591815e-06,7.468381616479729553e-06,7.715191405445532874e-06,7.732040959929788776e-06,7.746167482356069824e-06,8.007460477402314055e-06,8.069942047341539115e-06,8.120808204237484255e-06,8.187257724374767936e-06,8.462224448004388282e-06,8.585147875475927800e-06,8.686674756782201571e-06,8.967016398625656074e-06,9.124029906656863965e-06,9.254973353485759541e-06,9.533550425461936756e-06,9.675326884807228370e-06,9.866044888123786511e-06,1.002724653778823874e-05,1.029033407457885058e-05,1.048718527153898716e-05,1.065343688484022948e-05,1.089287060282402606e-05,1.108115423527133176e-05,1.123879390926754352e-05,1.139463853378922808e-05,1.158726907052173062e-05,1.174422349548455148e-05,1.187267758249121309e-05,1.201823782217992733e-05,1.213378085156035621e-05,1.222311430179088992e-05,1.230021082356275045e-05,1.237304121253818520e-05,1.242013369601971908e-05,1.244757538574276405e-05,1.246088765320742523e-05,1.246088765320742523e-05,1.244908053565816172e-05,1.242474927341859197e-05,1.237954917647421001e-05,1.230823621614436516e-05,1.223504514964448783e-05,1.215030396475058547e-05,1.203812752920093846e-05,1.189466369073815027e-05,1.177271772160396432e-05,1.162076529229024989e-05,1.143084848788692239e-05,1.128407532981479473e-05,1.113699415711496115e-05,1.095714172854247489e-05,1.072143439105492023e-05,1.056902998087115884e-05,1.038347492281463909e-05,1.012469508453325232e-05,9.980895756914924202e-06,9.804691801913963505e-06,9.683832339424299166e-06,9.410059309290602186e-06,9.301898543491058188e-06,9.164589140578858386e-06,8.889024858479548661e-06,8.813587698695178407e-06,8.713837615031131933e-06,8.443281260187769744e-06,8.405773596432652137e-06,8.385052568022192558e-06,8.350551692067224589e-06,8.092455372521184797e-06,8.110354345831540052e-06,8.124210631950781983e-06,7.879374617018273928e-06,7.933643496092698404e-06,7.999668380801057592e-06,8.079165877115439018e-06,7.850711223272983276e-06,7.945254017872462079e-06,8.066611079427048645e-06,7.851597310169473624e-06,7.967908838472655036e-06,8.125073740713523155e-06,7.922140880943971621e-06,8.052653618007123642e-06,8.182746392927186155e-06,8.375210601191757778e-06,8.182525812516676589e-06,8.315677055829076006e-06,8.525067368578574450e-06,8.340016927454273803e-06,8.469138370026797584e-06,8.590374034363188659e-06,8.807219160308140611e-06,8.627113371041054274e-06,8.735850930956169075e-06,8.951469174892355099e-06,8.775421814622329098e-06,8.867018610400523274e-06,9.075279978018625579e-06,8.902247520081095445e-06,8.973243447193036761e-06,9.031228670031186964e-06,9.217609723079713707e-06,9.046509832127601914e-06,9.081279878100589233e-06,9.250009317975205311e-06,9.081386698253140685e-06,9.092194889108425667e-06,9.090067404829631854e-06,9.227148547615822763e-06,9.061839693035876177e-06,9.036518301257952032e-06,9.151808559839964892e-06,8.990025283089493930e-06,8.942663411448499174e-06,8.884408443866986755e-06,8.966184346169575557e-06,8.810408213477051074e-06,8.732877458376549378e-06,8.793334781687224099e-06,8.642728334273676278e-06,8.548027776120491395e-06,8.588173792413235193e-06,8.443338711474537969e-06,8.333741142473742025e-06,8.217413439150663050e-06,8.229539141297953308e-06,8.094241342027548670e-06,7.966535066872222669e-06,7.962149032061350973e-06,7.833871530929706255e-06,7.697080452396032999e-06,7.556471753925643441e-06,7.530448142351612137e-06,7.413170843317607525e-06,7.266639170209838455e-06,7.228458803999616690e-06,7.118775549041420398e-06,6.968224378977008210e-06,6.919594436052498608e-06,6.817543179761309386e-06,6.664693623970993001e-06,6.511238155003561814e-06,6.449925645104791982e-06,6.359155007240933421e-06,6.205628047644936946e-06,6.137764794354349355e-06,6.054344015676492070e-06,5.901986805182008621e-06,5.750590488113178698e-06,5.675382718959619827e-06,5.602496073224879395e-06,5.453795338615505824e-06,5.375208178428677898e-06,5.308990431614226818e-06,5.163790056148628808e-06,5.082871683806790362e-06,4.938818218187067925e-06,4.881933446497667638e-06,4.799610325536204721e-06,4.714977791300962002e-06,4.717552947430096269e-06,4.630829695425385479e-06,4.542163190452590020e-06,4.544837744180037488e-06,4.454442926974520024e-06,4.362475786161127893e-06,4.269123104897392740e-06,4.271898914709396660e-06,4.177366636787732710e-06,4.081817580133369852e-06,4.084646573841281694e-06,3.988277252841127923e-06,3.891252647520716237e-06,3.793750408261715914e-06,3.796621503211816224e-06,3.698821461329015849e-06,3.600886386111549228e-06,3.603768795177563205e-06,3.505864772631838166e-06,3.408151067125254032e-06,3.411028758815802379e-06,3.313656468867574118e-06,3.216779387922690072e-06,3.120542173200521508e-06,3.123390917156292411e-06,3.027921130451856972e-06,2.933360435860379109e-06
2.610894868437072685e-06,2.608609859576668688e-06,2.693234681729251557e-06,2.778670594210703280e-06,2.776351665128788084e-06,2.862471561675017688e-06,2.949161904550373154e-06,3.036293460672881323e-06,3.033945782551082314e-06,3.121380133419017162e-06,3.208983199537234289e-06,3.206627851950768068e-06,3.294255954568938531e-06,3.381762004258703965e-06,3.379412168681118973e-06,3.466648976657909734e-06,3.553457562549954724e-06,3.639679237636207746e-06,3.637359091804865998e-06,3.722844190692308994e-06,3.807419351782609062e-06,3.805139447514300880e-06,3.888656573982871248e-06,3.970934264898478505e-06,4.051805692603778432e-06,4.049604869282224528e-06,4.128927596882317927e-06,4.206512670555620463e-06,4.204390972143031468e-06,4.331356794703009730e-06,4.460600608989047121e-06,4.458575484690604995e-06,4.590027581765078368e-06,4.723532922322626760e-06,4.796688364768340934e-06,4.857086072070811031e-06,4.994314652625867542e-06,5.064903916802895551e-06,5.131406832198791769e-06,5.271682157425441180e-06,5.413152810917248410e-06,5.477915611067330311e-06,5.554075715885843152e-06,5.697285382632677901e-06,5.756710431259841457e-06,5.839615040507528897e-06,5.983483390489307710e-06,6.127181977462356874e-06,6.176075392670678708e-06,6.269347715128968207e-06,6.411739559469201184e-06,6.451827066656675349e-06,6.552124687995883528e-06,6.691672326226891763e-06,6.721412935107830416e-06,6.828714356150358862e-06,6.963701590243697279e-06,7.095632007575519122e-06,7.106769970347385570e-06,7.224245776363347744e-06,7.348697169458286164e-06,7.345481480411567344e-06,7.469486528761338263e-06,7.584412201326615343e-06,7.693590292693830370e-06,7.665764489204614129e-06,7.798701118737769514e-06,7.895033570684033549e-06,7.849201951779954017e-06,7.987633659228119310e-06,8.068972045990929740e-06,8.004090171037088369e-06,8.147547755151744297e-06,8.211877719249967319e-06,8.266490593710362105e-06,8.171366052560659061e-06,8.320887344585835163e-06,8.355791020052259115e-06,8.240764704372772231e-06,8.394125316716276214e-06,8.408149923714600146e-06,8.410395039252207747e-06,8.266119981702194438e-06,8.423651035729013163e-06,8.404128165699522294e-06,8.243250556637056998e-06,8.404239197328418952e-06,8.363552406665274286e-06,8.310817304686631373e-06,8.128937373424909151e-06,8.293791134687647954e-06,8.222194772320556139e-06,8.032824557988769109e-06,8.202501710916244312e-06,8.115255836548349998e-06,7.924035393248054260e-06,8.099930952003342170e-06,8.001405288889417496e-06,7.895426780411896861e-06,7.710010073713473948e-06,7.894417339911834853e-06,7.785162234075333022e-06,7.615052203091924770e-06,7.809927729693691683e-06,7.704196035830258290e-06,7.598018494832256770e-06,7.460404108370594537e-06,7.669706908955597677e-06,7.577756271206701430e-06,7.474096106237979201e-06,7.698370723339496366e-06,7.627979981199971536e-06,7.564579113439803544e-06,7.804905874200726839e-06,7.762617194527017463e-06,7.731556007476688956e-06,7.731775100758610456e-06,7.991384201032948755e-06,7.996004179244608072e-06,8.044211329452939760e-06,8.318187983426890593e-06,8.360587465579874308e-06,8.419074294872983205e-06,8.532622255481668035e-06,8.819145195306430813e-06,8.914523115682971180e-06,9.066959904524252406e-06,9.357084359694818021e-06,9.483967005775745612e-06,9.624796992560667036e-06,9.951346967190520293e-06,1.010107035831069168e-05,1.026134399283827360e-05,1.046665713668410238e-05,1.073227123144594005e-05,1.089937729172869068e-05,1.110124450809185289e-05,1.133888911786085249e-05,1.149858459478221219e-05,1.165708166560467865e-05,1.183326369900174191e-05,1.201784134068582223e-05,1.214911951055487107e-05,1.228628301160274854e-05,1.241909113335346023e-05,1.251066908892089932e-05,1.258993040458666954e-05,1.265946130358281331e-05,1.271422471935281014e-05,1.274251628282152027e-05,1.275157620095685000e-05,1.275157620095685000e-05,1.274413653959035250e-05,1.271919537097272253e-05,1.266596926751883643e-05,1.259857990662216658e-05,1.252354088575351247e-05,1.243693761818600438e-05,1.230617271862375797e-05,1.217289344629133540e-05,1.204868464649651456e-05,1.186675992077026118e-05,1.169631148514440068e-05,1.154767659864774771e-05,1.139945805610518389e-05,1.116551563381030172e-05,1.097315490000216556e-05,1.082108170095359280e-05,1.055979798491989090e-05,1.036707733086663578e-05,1.022565408139304443e-05,1.009671667114625406e-05,9.770166696516402493e-06,9.652036435095617535e-06,9.549715645054717610e-06,9.264532646477454718e-06,9.133497858667310714e-06,9.066137053855963165e-06,8.784235422508411686e-06,8.695623665447438372e-06,8.668078775132178482e-06,8.657830003963494923e-06,8.387302544117848600e-06,8.368813668039817594e-06,8.398173057706924703e-06,8.140794327263859565e-06,8.172922031048786669e-06,8.238938423662351971e-06,8.316338405238077859e-06,8.075876006701988337e-06,8.174459083055416448e-06,8.279615006921740310e-06,8.053369335766503076e-06,8.193274623693881694e-06,8.318807869660278635e-06,8.105583756210131826e-06,8.279821728727613958e-06,8.417645550928331961e-06,8.553806486467534421e-06,8.352042158659314005e-06,8.558107805951042346e-06,8.694938287072795748e-06,8.501741559005328622e-06,8.721919469415509137e-06,8.852170784698712853e-06,8.973191875824938280e-06,8.785921605148325997e-06,9.009172983215262418e-06,9.115189680239122729e-06,8.932655775973537553e-06,9.151738022018868554e-06,9.238257167820974270e-06,9.059292183354473909e-06,9.268272639725742289e-06,9.332071319285465156e-06,9.381918429420594795e-06,9.205394569575445473e-06,9.389100657182524351e-06,9.414083855722621367e-06,9.240377607122476997e-06,9.404516863126456292e-06,9.404231149588260057e-06,9.390506455392694151e-06,9.220453780786055584e-06,9.350900369285694555e-06,9.313190993539620000e-06,9.146907366135085106e-06,9.254578960652861864e-06,9.194361038750804841e-06,9.123144141544747938e-06,8.963174839141867749e-06,9.036538091540573047e-06,8.946001972376796190e-06,8.791432468634877295e-06,8.843250183509493621e-06,8.735739361018686410e-06,8.587174594522452973e-06,8.618688416624469611e-06,8.496674245407142442e-06,8.368194489492790643e-06,8.229520793148540866e-06,8.233365485363523532e-06,8.094160189778084303e-06,7.962759385579362668e-06,7.950489605761623896e-06,7.802880390489342461e-06,7.651842847983731622e-06,7.531822338586200128e-06,7.498699553970452695e-06,7.342552158687291110e-06,7.230382288591018474e-06,7.185674280201952517e-06,7.026350577819897344e-06,6.922064579056914387e-06,6.867505561024518270e-06,6.706734540139167540e-06,6.545779774434995227e-06,6.453134475165779497e-06,6.386802215967775460e-06,6.226606189280344322e-06,6.141538497505170214e-06,6.069247329809790080e-06,5.911021155343740800e-06,5.754141295792121575e-06,5.679921765460645844e-06,5.601130813986286335e-06,5.447685008828941372e-06,5.380325702113168926e-06,5.298679148665875407e-06,5.149423682034251814e-06,5.002474471614971542e-06,5.005076434165988398e-06,4.860612254142599985e-06,4.718705348389319793e-06,4.721430658282272305e-06,4.634858358375030837e-06,4.546343422497015386e-06,4.549169984868282422e-06,4.458927442561777672e-06,4.367112674015400011e-06,4.273912298140414555e-06,4.276840187071066544e-06,4.182459607651394477e-06,4.087061719748045242e-06,4.090041208676484766e-06,3.993821571059732121e-06,3.896945704545723527e-06,3.799591132413395305e-06,3.802608701392563277e-06,3.704953824734360513e-06,3.607162495946931126e-06,3.610187128361790292e-06,3.512423707469500359e-06,3.414848888931721206e-06,3.417863665479841347e-06,3.320626576337965163e-06,3.223882735606580101e-06,3.127776729262537981e-06,3.130754583708693251e-06,3.035411748627187275e-06,2.940975790759245119e-06,2.943910085353707346e-06
2.533658665906284879e-06,2.617276591148031094e-06,2.614892529184686270e-06,2.699416365123404134e-06,2.784749397922186933e-06,2.782325739363635806e-06,2.868339104465533225e-06,2.954921166020507290e-06,3.041942747411879299e-06,3.039483462088768009e-06,3.126804638795081832e-06,3.214293033955829574e-06,3.211821593510614944e-06,3.299332261058026773e-06,3.386719618001497473e-06,3.384249921425029557e-06,3.471365794484638508e-06,3.558052470796186017e-06,3.644151365807081638e-06,3.641707678462683606e-06,3.727068588302123783e-06,3.811519031495694221e-06,3.809114003870118151e-06,3.892505729510112388e-06,3.974657874596065245e-06,4.055403748283619454e-06,4.053077503756946356e-06,4.132275087983480810e-06,4.259245755370192236e-06,4.307331859793038711e-06,4.386457296422975587e-06,4.518280211567096931e-06,4.571922058812172863e-06,4.650252519881073930e-06,4.786509691598081006e-06,4.924766154156327227e-06,4.922782037372194394e-06,5.062927437832261276e-06,5.204742960769384056e-06,5.273850140600535769e-06,5.346248570605361272e-06,5.490856554080713738e-06,5.636492169976494332e-06,5.634881130295777115e-06,5.781350038602976136e-06,5.928310445425482587e-06,6.014813620388588495e-06,6.074121096324945850e-06,6.221203744047597181e-06,6.367794274204092190e-06,6.366704718244176652e-06,6.512516555957035346e-06,6.657058215142132882e-06,6.656266567308826168e-06,6.799222182207194688e-06,6.940030561137937460e-06,7.052511732770237998e-06,7.077939276346435830e-06,7.213147777839612525e-06,7.344709460817281942e-06,7.344972031733343187e-06,7.472535631586648457e-06,7.595389586131767272e-06,7.725693022799089916e-06,7.714183972082933489e-06,7.826082894456551936e-06,7.931461717586421383e-06,7.933893546713520709e-06,8.032601294359183267e-06,8.123585809945198252e-06,8.127627994107552455e-06,8.210931483677215108e-06,8.285333387544590716e-06,8.436342352281945417e-06,8.357482031082092487e-06,8.413312450054724723e-06,8.458571766414023000e-06,8.469382531329635593e-06,8.504990410010806060e-06,8.529141052947770204e-06,8.690565933874536367e-06,8.559056412225687476e-06,8.561186275597346858e-06,8.550897120771416073e-06,8.575806465500195153e-06,8.555743180976730237e-06,8.523108618439935680e-06,8.692388085993743148e-06,8.515999549623535074e-06,8.462189404366003944e-06,8.396248432069204818e-06,8.447607594923515402e-06,8.374905307285284871e-06,8.291109001961395155e-06,8.358883003951878677e-06,8.270766353540585635e-06,8.173158513298959125e-06,8.357744290718617649e-06,8.161980747187260870e-06,8.055806154986847701e-06,7.943402608090182091e-06,8.063159453675097462e-06,7.954729828646838019e-06,7.843018880503090139e-06,8.047249637745816075e-06,7.887164660329873357e-06,7.783652001291510160e-06,7.681843359087094607e-06,7.870867853745557193e-06,7.783310595263168987e-06,7.701096283331179733e-06,7.922781491451288637e-06,7.858627324704671314e-06,7.803330224641718779e-06,8.054505882889094568e-06,8.023194595513947073e-06,8.000891214053908163e-06,7.992076445488445886e-06,8.285821963668245981e-06,8.300636181632374942e-06,8.330992482146791644e-06,8.615872937151896238e-06,8.702337851787289883e-06,8.772258777441715533e-06,8.859143646408411919e-06,9.197470441427823062e-06,9.304022526787165465e-06,9.426528640332442645e-06,9.724911266617220892e-06,9.905331657779843554e-06,1.005555356629430438e-05,1.034709979460475389e-05,1.054664347119120730e-05,1.071343211532639432e-05,1.088828139284840244e-05,1.119130654953971652e-05,1.136099384839842637e-05,1.153345893174684248e-05,1.176825174451947506e-05,1.195556562150573124e-05,1.211023925478382057e-05,1.225989522489010432e-05,1.245467715599986202e-05,1.257691972231914676e-05,1.268911824666962920e-05,1.280844784024201081e-05,1.289791902740864881e-05,1.296185172099585889e-05,1.301109394832028719e-05,1.304781911835186928e-05,1.305725230309750090e-05,1.305725230309750090e-05,1.305121098576821485e-05,1.301448581573663446e-05,1.296886544760361871e-05,1.290901199627156330e-05,1.282234612015627043e-05,1.270496999376930603e-05,1.259842399240500303e-05,1.248293116786874879e-05,1.228814923675898770e-05,1.214653009401261040e-05,1.200135370603693358e-05,1.182152351093683132e-05,1.159035855036147365e-05,1.143075085361637086e-05,1.127577339075605900e-05,1.097274823406474492e-05,1.081454051712552084e-05,1.066637518479743730e-05,1.048234879940726539e-05,1.019590973639536515e-05,1.006830144016050422e-05,9.907181785816590670e-06,9.614057767808770560e-06,9.517982545584883735e-06,9.439629325733329550e-06,9.101302530713918407e-06,9.044253579122728528e-06,9.005649961449371395e-06,8.947832047663272545e-06,8.666925975035065334e-06,8.670299606273306479e-06,8.690113810862565774e-06,8.396368292682767373e-06,8.440489185852640265e-06,8.498548683501633793e-06,8.565479795777943922e-06,8.314659507996778162e-06,8.405920313497622278e-06,8.505799770721876799e-06,8.284114562602787723e-06,8.401595470923021156e-06,8.523749661887386296e-06,8.334725167259565974e-06,8.470261717279159157e-06,8.606447431174786189e-06,8.804784216879018910e-06,8.593749104695094527e-06,8.735527410080112118e-06,8.872506884226592487e-06,8.752750047019149755e-06,8.892066105289499908e-06,9.023413800454349273e-06,9.254193057062916724e-06,9.057940961044521702e-06,9.177007371501416536e-06,9.284641656513632654e-06,9.216867952944316807e-06,9.318207090362175284e-06,9.406458607314463464e-06,9.355100371542426541e-06,9.434592995877086051e-06,9.499965926918008330e-06,9.702185049048082162e-06,9.516673345967601371e-06,9.556968683513715471e-06,9.582799862505462355e-06,9.557897503517944922e-06,9.572114578259072179e-06,9.572129943600519357e-06,9.721611753973930325e-06,9.542659049888928174e-06,9.517293412370287812e-06,9.478900134545361163e-06,9.468117797444204517e-06,9.418586826685808043e-06,9.357075858188571601e-06,9.446349100498963714e-06,9.277973755859543332e-06,9.195333406093124628e-06,9.102637204120385997e-06,9.098671821847588575e-06,8.997235027966935672e-06,8.887091076040248708e-06,8.884766500960135634e-06,8.767062250425830097e-06,8.642019514282562429e-06,8.655212962415256164e-06,8.509499026269252370e-06,8.372112586029199324e-06,8.229434596288896748e-06,8.229370930331575854e-06,8.082193400885431575e-06,7.930924049539051819e-06,7.902647681734447028e-06,7.776836180532990586e-06,7.619287327047186010e-06,7.459334180276169793e-06,7.460435687102793521e-06,7.298712004063934918e-06,7.135569881840066348e-06,7.137018949692458373e-06,6.973015783426438058e-06,6.808467745811373183e-06,6.742268376201725416e-06,6.645606574352936476e-06,6.481216896657477323e-06,6.317385387844449815e-06,6.319467681958683099e-06,6.156584933892439773e-06,5.994861072380290065e-06,5.914047017718180839e-06,5.836927765448633325e-06,5.678354521894077379e-06,5.521659460003818331e-06,5.524210666273550905e-06,5.369645301902501023e-06,5.217326227413193218e-06,5.129913299985164398e-06,5.070166849553402718e-06,4.922833162892150500e-06,4.834546020288024777e-06,4.781039703170793364e-06,4.639157057993631437e-06,4.550802825205896018e-06,4.553790446506522942e-06,4.463709133102270040e-06,4.372055582622881828e-06,4.279016238472025054e-06,4.282104802795363406e-06,4.187884378159952897e-06,4.092645966032787462e-06,4.095784099345458839e-06,3.999722128464239086e-06,3.903002810992211402e-06,3.805803536434425161e-06,3.808975024052252093e-06,3.711472565945035362e-06,3.613832040775097188e-06,3.617005753303082219e-06,3.519389586673787867e-06,3.421960100361147442e-06,3.425118196984097676e-06,3.328022331632673846e-06,3.231417540142125971e-06,3.135448335972124656e-06,3.138560678625805927e-06,3.043349956363915527e-06,2.949043679838180818e-06,2.952105173387286859e-06,2.858808995451944774e-06
2.458026313063159926e-06,2.540519438354501990e-06,2.624036698031583446e-06,2.621549820477218046e-06,2.705968725718592217e-06,2.791194751823718124e-06,2.788662054016079939e-06,2.874564395222491085e-06,2.961033500745489873e-06,3.047940251206405490e-06,3.045364322141127185e-06,3.132567109342104213e-06,3.219935441348838236e-06,3.217342341375529362e-06,3.304729835538310835e-06,3.391992593071363384e-06,3.389396964258983819e-06,3.476385670868140776e-06,3.562944050560899005e-06,3.648913628272950657e-06,3.646339717867926396e-06,3.731569619201190650e-06,3.815888394104439377e-06,3.813351169336826452e-06,3.896610305090787212e-06,3.978629608712568319e-06,4.059242535443936593e-06,4.102730276502087085e-06,4.232098973704557855e-06,4.313018540284249813e-06,4.361810767741042963e-06,4.496573641725003302e-06,4.577116282371062436e-06,4.631611209415096276e-06,4.771404491005925050e-06,4.850773814812191395e-06,4.991939738980441861e-06,5.055693999753839501e-06,5.202040009304382235e-06,5.277864180041246252e-06,5.348263086556450069e-06,5.498127110913775979e-06,5.570241846777610988e-06,5.719169486223013479e-06,5.800113305406327680e-06,5.953499125271668820e-06,6.017643511110966149e-06,6.105974615026179665e-06,6.260304058595440569e-06,6.317383802686251027e-06,6.467484668717942784e-06,6.567202280964708907e-06,6.615658906751882180e-06,6.763726090337924345e-06,6.871179040214439680e-06,7.021335391389661588e-06,7.053645477861993467e-06,7.168823595897381450e-06,7.314188129980727595e-06,7.333565154407572759e-06,7.468430284657564904e-06,7.594848267928246013e-06,7.728921572270818169e-06,7.725435527044052057e-06,7.859079025211395176e-06,7.982840467647153056e-06,7.961980527848172573e-06,8.069987827639350442e-06,8.213520258857061619e-06,8.173753616889934187e-06,8.266969323651791432e-06,8.416598398384261928e-06,8.503673845916450146e-06,8.432813653564862815e-06,8.588030333122491556e-06,8.656459888782808596e-06,8.564086401569543253e-06,8.610299255326482826e-06,8.772259229231334094e-06,8.808374200659724134e-06,8.682848774262902309e-06,8.849126794114674821e-06,8.862376702309300466e-06,8.716257379050925698e-06,8.705552926591882744e-06,8.876553304693963797e-06,8.853138760594052143e-06,8.678415453871326528e-06,8.853420691774093672e-06,8.807121101117009260e-06,8.618418410195311411e-06,8.551253577155418082e-06,8.730817827177540531e-06,8.532964215660540619e-06,8.448056931971025226e-06,8.633313391148965963e-06,8.537704267813281999e-06,8.334032212184187016e-06,8.526595962056323657e-06,8.419935794413742228e-06,8.223476405109903350e-06,8.111383798809584619e-06,8.313932678794583279e-06,8.197954850055808905e-06,8.022832310311722707e-06,8.237410352091456233e-06,8.127417065288065597e-06,7.980142040386513922e-06,7.882134673925496345e-06,8.113063820720413304e-06,8.001778484413800657e-06,7.925296980065879481e-06,8.172766957556068884e-06,8.107183459660563190e-06,8.056816821227725251e-06,8.321558605480890839e-06,8.288632627930004503e-06,8.288351345717450593e-06,8.289739729134557990e-06,8.574348768494876555e-06,8.594659801056968293e-06,8.667175947716269582e-06,8.965515651027895430e-06,9.026817836018123566e-06,9.147523358312085380e-06,9.246465640385644134e-06,9.554576361395408616e-06,9.671364304677068543e-06,9.849706429252910733e-06,1.015735234035549280e-05,1.030424508595998852e-05,1.050784622750917065e-05,1.080529149013797146e-05,1.097102934227838881e-05,1.118470873246008771e-05,1.136401194627944537e-05,1.163121606818377393e-05,1.180539774881429043e-05,1.201027730295638157e-05,1.224019879777722209e-05,1.239749243471674548e-05,1.257214702451783083e-05,1.271435154635540314e-05,1.287810105839407935e-05,1.299310071489999961e-05,1.310679349582013821e-05,1.320937855791161258e-05,1.327506515433294385e-05,1.332802294107731994e-05,1.335877131293775782e-05,1.337387348887736471e-05,1.337387348887736471e-05,1.336051675478088034e-05,1.333337998967884295e-05,1.328262980473729878e-05,1.322135444308789425e-05,1.312069177573439782e-05,1.301023382399830451e-05,1.290137145448228939e-05,1.274008133556708258e-05,1.260556316369273102e-05,1.243684732062694901e-05,1.228989254528123465e-05,1.206354906937373614e-05,1.186718714835409030e-05,1.170699588307796800e-05,1.144413180519542607e-05,1.128116073845090800e-05,1.108088094470274044e-05,1.093534826296526275e-05,1.064309523231168046e-05,1.045664612060936692e-05,1.033421296660408517e-05,1.003197694845228051e-05,9.874741457257982960e-06,9.786434996148992582e-06,9.483579863675909040e-06,9.414729349453758401e-06,9.321010194632103121e-06,9.293228364371060779e-06,8.999135058227645888e-06,8.957200863014083442e-06,8.972806438793373137e-06,8.691257861073346742e-06,8.725907378121275682e-06,8.761242766208511126e-06,8.831911363879652946e-06,8.567790734116579687e-06,8.655388953748181043e-06,8.758686604726411006e-06,8.509878492640959944e-06,8.622646077885740234e-06,8.773033557397217982e-06,8.538643958257642307e-06,8.671438196213737500e-06,8.858101286797371990e-06,9.001691655626604106e-06,8.780366889993619932e-06,8.994421270002299790e-06,9.141016274247594270e-06,8.929587934890033084e-06,9.069572737798472600e-06,9.303022545435796393e-06,9.434853891418584838e-06,9.230481031648165156e-06,9.469135689934589763e-06,9.585860887717389563e-06,9.387101877204677268e-06,9.490272198784051552e-06,9.719276974539874201e-06,9.524768213763905609e-06,9.606075662971774048e-06,9.822981858331394713e-06,9.879814780046913429e-06,9.688215331666659476e-06,9.887998607694692963e-06,9.917848117143453598e-06,9.729503533253360030e-06,9.744396000665605406e-06,9.910694037337015888e-06,9.898155579239062619e-06,9.713912121844317041e-06,9.856370403117815170e-06,9.817522967004326231e-06,9.637495820824374106e-06,9.586984388512780595e-06,9.691595477103128901e-06,9.615914961703372004e-06,9.442884161978451249e-06,9.523044324669567245e-06,9.426166950424268878e-06,9.259127752851954929e-06,9.155225557197890071e-06,9.200256165594409549e-06,9.039871596391089016e-06,8.919246165306058994e-06,8.942965412325628338e-06,8.804623303630513420e-06,8.655184733658575892e-06,8.659363642820301098e-06,8.509407437202082562e-06,8.368015776839970196e-06,8.217150925893184846e-06,8.195670607930689248e-06,8.033032123543175712e-06,7.904212170896145141e-06,7.868236151702561167e-06,7.700228779728962361e-06,7.580068479814108110e-06,7.414408733328523344e-06,7.360355935699108600e-06,7.248876981881503374e-06,7.080955907018923439e-06,7.017261022114897464e-06,6.844616561573405638e-06,6.745923121960589133e-06,6.674335887258356104e-06,6.502772031679145614e-06,6.412378959638072691e-06,6.245825990980092536e-06,6.165340835319846498e-06,5.997754565244692385e-06,5.919207361559925973e-06,5.834589320929873846e-06,5.670967151600758494e-06,5.599886455383784749e-06,5.442081900150360995e-06,5.353519760044569358e-06,5.197265928906264535e-06,5.136584879785193585e-06,5.046726074346820850e-06,4.896125181511312482e-06,4.841849326318184915e-06,4.751583217936592240e-06,4.607039863131136342e-06,4.558720045182466830e-06,4.468809453937346756e-06,4.377326489899071533e-06,4.284457409045717117e-06,4.287715732358629877e-06,4.193664387694123024e-06,4.098594208424155329e-06,4.101899566132785091e-06,4.006003656688117687e-06,3.909449090117162641e-06,3.812413115315729361e-06,3.815746317920904318e-06,3.718403863385755303e-06,3.620921510674014423e-06,3.624251451743450070e-06,3.526789463759859124e-06,3.429512006952118905e-06,3.432819891321806695e-06,3.335871485848414788e-06,3.239411746629632520e-06,3.143585113615354991e-06,3.146837478871657350e-06,3.051764169131454524e-06,2.957592639257301868e-06,2.960786163360972814e-06,2.867619255037485809e-06,2.775596724008420911e-06
2.384125191385336649e-06,2.465394818744747138e-06,2.547786012587251819e-06,2.631198965977752426e-06,2.628605436732785929e-06,2.712915378633407835e-06,2.798030167985151826e-06,2.795384002893845222e-06,2.881170693971422631e-06,2.967522019162072030e-06,3.054308916833799616e-06,3.051611125516317984e-06,3.138690109377562529e-06,3.225932770839855585e-06,3.223212212622997972e-06,3.310470546075353737e-06,3.397602531480752031e-06,3.394874616066802233e-06,3.481729624497663563e-06,3.568153003329156024e-06,3.653986392411013268e-06,3.651275226544572526e-06,3.736366932528379397e-06,3.820546705101951857e-06,3.817869809832642251e-06,3.900988751533286824e-06,4.027004408850467292e-06,4.155954241489674008e-06,4.153354254679318078e-06,4.285211313819153626e-06,4.419887948167298042e-06,4.417370306972325122e-06,4.554819852806643463e-06,4.694918472710928118e-06,4.692505167787950038e-06,4.835182555190459831e-06,4.980274186175165299e-06,5.127634484610636200e-06,5.125395652555298694e-06,5.274909720194603060e-06,5.426344503920190554e-06,5.424264160872617051e-06,5.577470745644667919e-06,5.732163534290609387e-06,5.888088545562016374e-06,5.886259648421786014e-06,6.043208734229387250e-06,6.200809611116308868e-06,6.199204283225076403e-06,6.357207713500388329e-06,6.515176262214925688e-06,6.569509677641704334e-06,6.671476836651604478e-06,6.828288036155185465e-06,6.983820931435161231e-06,6.982911609459602365e-06,7.136820454175838836e-06,7.288481596688098563e-06,7.287994803705826871e-06,7.437042216160641433e-06,7.582763308451657391e-06,7.724570411869848672e-06,7.724860127128256278e-06,7.862367952038768799e-06,7.994775519194960637e-06,7.995900028209338754e-06,8.122836306990401488e-06,8.243338014469836852e-06,8.212125747990788011e-06,8.359498863154662257e-06,8.465598230189311474e-06,8.563226205702485612e-06,8.567873934615910956e-06,8.657103892143645584e-06,8.736545187830184437e-06,8.743833388989626313e-06,8.813900553531308409e-06,8.872952709240124398e-06,8.920356281996441388e-06,8.932883073525137093e-06,8.969741456230363629e-06,8.993978523387824949e-06,9.012198675250968495e-06,9.025639698886729400e-06,9.025774610996025257e-06,9.012262346247596712e-06,9.041257545290885293e-06,9.017221277956927671e-06,8.979427777079467170e-06,9.019519443291210893e-06,8.972298672936412605e-06,8.911720805070192487e-06,8.711469230386300307e-06,8.897829664511676292e-06,8.817250481661354533e-06,8.724807025396044078e-06,8.803671610248277449e-06,8.707237655545716379e-06,8.600862235756599910e-06,8.702691818957693871e-06,8.595896426169998344e-06,8.481721006234548300e-06,8.361461725664338397e-06,8.500007454966490930e-06,8.385310776194138382e-06,8.267947471350512405e-06,8.438136026339383838e-06,8.331005949528923611e-06,8.225014130635409636e-06,8.094820415342885743e-06,8.338321439822422209e-06,8.252275808795827346e-06,8.173315623089829306e-06,8.425270439729121364e-06,8.367157447109576019e-06,8.319931793209972884e-06,8.606481945964392471e-06,8.582923087620550754e-06,8.573463385047642857e-06,8.579693870017521078e-06,8.906680989167768599e-06,8.938504705598533461e-06,8.987846188573342195e-06,9.337587740254996057e-06,9.410992279792787079e-06,9.502349215956893937e-06,9.611926776392391370e-06,9.977064272059809569e-06,1.010542515502954507e-05,1.025013378949623932e-05,1.061272706520314251e-05,1.076911873906911561e-05,1.093835117467067505e-05,1.128453523600438979e-05,1.145641540042058751e-05,1.163622552203782056e-05,1.182191984220443059e-05,1.212354624620381338e-05,1.229774793758584922e-05,1.247165947368702187e-05,1.272343969091950064e-05,1.287517077024997260e-05,1.302047226771653014e-05,1.315710263074007916e-05,1.332372641941162352e-05,1.342565541479454602e-05,1.351420912686295674e-05,1.360661125880622910e-05,1.365442371779885079e-05,1.368614559346220029e-05,1.369944292887343448e-05,1.370132464592532922e-05,1.368802731051409503e-05,1.366020166030029327e-05,1.361668211324060418e-05,1.352427998129733012e-05,1.344067468657741790e-05,1.334459993084078741e-05,1.317797614216924304e-05,1.304834417959172232e-05,1.291140808061111420e-05,1.276961319181116088e-05,1.251783297457868211e-05,1.235560966643053757e-05,1.219500355400027709e-05,1.189337715000089260e-05,1.172331199373846094e-05,1.156125899617488570e-05,1.140932416364953351e-05,1.106314010231581878e-05,1.091606570340459902e-05,1.078403265259382671e-05,1.042143937688692182e-05,1.030324118914281664e-05,1.020345800884739796e-05,9.838320513179979761e-06,9.759269229940574999e-06,9.700236831854263417e-06,9.660776316901947746e-06,9.311034765220297272e-06,9.297053291574973978e-06,9.301781490825198993e-06,8.974794371674951472e-06,9.006067471962510962e-06,9.053730573659632912e-06,9.115933695303275256e-06,8.829383542548857364e-06,8.915432670377592404e-06,9.012288143382026222e-06,8.760333326743011991e-06,8.877700078372495661e-06,9.001570175093104428e-06,8.754790152027793138e-06,8.925270807119897935e-06,9.067233954812980860e-06,9.209095109883933509e-06,9.038906555472333665e-06,9.189575155937380709e-06,9.335985133070252300e-06,9.197439409306514479e-06,9.347673894748464407e-06,9.489960843981110777e-06,9.622899089488196961e-06,9.521069566952263368e-06,9.651534526635023917e-06,9.769939814011106350e-06,9.691075485012167802e-06,9.803326383710735505e-06,9.901521332784771651e-06,9.699929097853700861e-06,9.930827111288184798e-06,1.000462169568512041e-05,1.006288183404351526e-05,1.002279333500731842e-05,1.006948283139547543e-05,1.010031572156746575e-05,1.007132765042317995e-05,1.008959444506337162e-05,1.009223488933509846e-05,1.007966243632655993e-05,1.006145978887159390e-05,1.003626730867976717e-05,9.996710700392336129e-06,9.984214605921124178e-06,9.932464380731697708e-06,9.867504146340765140e-06,9.790061734066991811e-06,9.782831062088010092e-06,9.694651515184772716e-06,9.595408701890175484e-06,9.590846432853172683e-06,9.482037851917280986e-06,9.363675219605170123e-06,9.199016311459876124e-06,9.234395559946448074e-06,9.099758417606184984e-06,8.957879830453122948e-06,8.956932012077735848e-06,8.808875364897798650e-06,8.655087378089899099e-06,8.655023020737444040e-06,8.496395258742177082e-06,8.333375578489220654e-06,8.166625004844012793e-06,8.167408108550446177e-06,7.997727347057686213e-06,7.825530038485325091e-06,7.826791506724844704e-06,7.652782159235368430e-06,7.477345981327432659e-06,7.363362309718331431e-06,7.302753520818227626e-06,7.126041092967709335e-06,6.949297378904428874e-06,6.951384673352234248e-06,6.775108370842660795e-06,6.599570748122323914e-06,6.601933724857192465e-06,6.427560387836241396e-06,6.254575996750385609e-06,6.083264986229137335e-06,6.085942882726188404e-06,5.916632963690954908e-06,5.749482645616777427e-06,5.752361073944570388e-06,5.587638322830582270e-06,5.425464162077781548e-06,5.266001372303582920e-06,5.269101863625003339e-06,5.112540256238232346e-06,4.958952088361590877e-06,4.962185857132367902e-06,4.811714253956604237e-06,4.664406027234927682e-06,4.667745171854993221e-06,4.523701794827935674e-06,4.382949089424836660e-06,4.290260036502388485e-06,4.293697715514787175e-06,4.199824868666957137e-06,4.104932151114175514e-06,4.108413763780601396e-06,4.012692739520350713e-06,3.916311533049622052e-06,3.819447245683463663e-06,3.822950323206404960e-06,3.725775798918412048e-06,3.628459307275915425e-06,3.631952923298588143e-06,3.534652314685866122e-06,3.437533839555627515e-06,3.440998213020537522e-06,3.344203716244977627e-06,3.247895224423876356e-06,3.152217103343844520e-06,3.155615177464517326e-06,3.060684712278369968e-06,2.966653107575945294e-06,2.969983588362457378e-06,2.876950624884730761e-06,2.785058989064448213e-06,2.694420335183556017e-06
2.394639086214933367e-06,2.392031191862850327e-06,2.473198012281646375e-06,2.555483792497271869e-06,2.638788748732251398e-06,2.636084666379959197e-06,2.720281531403753976e-06,2.805280757082332903e-06,2.802516583469199472e-06,2.888182868279444897e-06,2.974411441893105349e-06,3.061073300619075979e-06,3.058248246599233560e-06,3.145197813443793576e-06,3.232308978997496190e-06,3.229454927522442969e-06,3.316577858157098011e-06,3.403572625337646837e-06,3.400705776905667631e-06,3.487420244683447183e-06,3.573701588993135988e-06,3.659391570102865988e-06,3.656535749906527307e-06,3.741481688968182533e-06,3.825514722440049589e-06,3.863176006395268049e-06,3.990911324738540923e-06,4.076335355899882585e-06,4.207730055863115390e-06,4.253129023512832628e-06,4.339384656947496711e-06,4.476710721139491170e-06,4.527829226594449428e-06,4.614246681506826445e-06,4.757200632200618613e-06,4.814488032706083298e-06,4.963312776574847543e-06,5.048426851393035902e-06,5.198944144199858631e-06,5.266287247741500995e-06,5.349333657865440014e-06,5.504115218812337095e-06,5.578700895615038263e-06,5.739019870022421703e-06,5.816758262124107635e-06,5.976279823510185768e-06,6.062399222769523192e-06,6.134948835231874134e-06,6.296280376748313941e-06,6.390506152094400477e-06,6.456357128220388704e-06,6.618153844844250736e-06,6.779557219874256789e-06,6.886313720088274638e-06,6.938915642293277065e-06,7.098329875214076068e-06,7.213621922492499222e-06,7.255138865424026447e-06,7.410644402498858953e-06,7.534476528639402313e-06,7.691293316620388375e-06,7.712430931852827206e-06,7.857885416547903483e-06,7.994163654057860103e-06,7.999249309935852438e-06,8.135075699688333159e-06,8.279369326956285578e-06,8.266495206509008508e-06,8.390100753029682595e-06,8.506374880367614764e-06,8.661644061335658679e-06,8.618161067059974418e-06,8.718240933301186238e-06,8.880290983488794263e-06,8.814691913922528422e-06,8.896068910251227777e-06,9.064346859893024740e-06,9.137197727259601477e-06,9.036097293292574500e-06,9.084518665134600586e-06,9.260314069054171343e-06,9.135661300116341093e-06,9.160317224256857660e-06,9.340982277157320267e-06,9.353161776954501861e-06,9.193646045809602144e-06,9.179636961066215837e-06,9.365662087966945042e-06,9.186334794849380331e-06,9.147640533236527023e-06,9.338312222361713237e-06,9.142881374566429292e-06,9.081202798898984615e-06,9.006169746268888495e-06,9.202214825338581573e-06,8.989187063546491709e-06,8.895620213308970894e-06,9.098374100536584850e-06,8.883707356034773418e-06,8.776765345692556528e-06,8.988087884252011001e-06,8.872657352584133474e-06,8.666167254441527930e-06,8.546595178220538287e-06,8.769579715588262761e-06,8.582726793301745429e-06,8.467581450580119614e-06,8.704331521121327439e-06,8.546627495488494852e-06,8.444716423274804359e-06,8.346561347085903036e-06,8.601718571542518545e-06,8.497987678708571202e-06,8.426002029074635395e-06,8.699272630004596749e-06,8.644669444565895213e-06,8.606542843159937795e-06,8.898143889504740847e-06,8.877067689734595353e-06,8.898675693795625512e-06,8.916587736687096906e-06,9.228123089202263003e-06,9.305155252837570066e-06,9.367183274701913298e-06,9.691085372924100385e-06,9.773840744342180044e-06,9.923377945756012137e-06,1.004572047233159980e-05,1.037524276253762801e-05,1.056391434097316602e-05,1.071972302686070017e-05,1.104330230621196862e-05,1.125702828679887688e-05,1.143431530558755529e-05,1.174024574715750989e-05,1.192001848781046235e-05,1.214545347410066352e-05,1.233327404741694998e-05,1.259661490979186527e-05,1.280412209181484117e-05,1.297445473859996526e-05,1.318970332752252277e-05,1.333799998479977017e-05,1.349640876630183416e-05,1.362143663000978390e-05,1.375624968604056243e-05,1.385689906441258153e-05,1.392842331000625744e-05,1.399278771593557976e-05,1.402552233277190443e-05,1.403606398322344270e-05,1.403606398322344270e-05,1.402946591712310525e-05,1.399902459189247296e-05,1.393658868670653087e-05,1.386983896445209797e-05,1.377249451639204652e-05,1.363997091656779055e-05,1.352161330331093979e-05,1.336822080761813749e-05,1.322903782680475466e-05,1.301717304395708054e-05,1.285810624789073231e-05,1.265952300771058421e-05,1.240043717315786487e-05,1.222785297217541326e-05,1.201476591334448497e-05,1.185431442625928247e-05,1.155377112317113516e-05,1.139841970162778461e-05,1.120309212884414093e-05,1.088533559703175871e-05,1.075599578318448935e-05,1.059009003323331035e-05,1.026644256019569245e-05,1.017479992234772048e-05,1.005240070048558375e-05,1.000437223002419268e-05,9.685564766947029792e-06,9.659413553426944986e-06,9.615580068476054548e-06,9.308024543830370386e-06,9.328346382538279293e-06,9.343342166408445893e-06,9.404895851458716443e-06,9.114799268599868578e-06,9.192736564059643994e-06,9.287703033521798893e-06,9.013862080461559990e-06,9.125355406833808361e-06,9.270919154324596854e-06,9.012892389471178123e-06,9.149219010405668358e-06,9.288276987144420947e-06,9.488389821312895556e-06,9.245137215704339880e-06,9.394750940151958289e-06,9.623353020507517889e-06,9.391472664149362127e-06,9.542126902460730919e-06,9.788953212721759211e-06,9.932601415012889446e-06,9.709059083041586614e-06,9.841048516588344543e-06,1.009274072832103934e-05,9.875828165573442952e-06,9.990030365722447949e-06,1.023725184774689474e-05,1.002538663261256615e-05,1.011651699682612041e-05,1.019202071978025994e-05,1.041676305138312132e-05,1.020835497644785311e-05,1.025640209835847996e-05,1.046153264472565732e-05,1.025688999808272667e-05,1.027596212700278070e-05,1.045769346285573372e-05,1.044673034860034799e-05,1.024670046898402791e-05,1.022119149828790389e-05,1.036272363745667357e-05,1.016742219566412168e-05,1.011463502044145164e-05,1.022919739472997967e-05,1.014871510070731408e-05,9.961183125221870227e-06,9.870894872132204736e-06,9.945172173820292802e-06,9.764304716563444205e-06,9.652789014774273979e-06,9.702050922155119991e-06,9.528576262703992159e-06,9.398741647507208720e-06,9.260651456918943714e-06,9.275436076774725298e-06,9.114104122045217196e-06,8.962235619008607619e-06,8.956828486726515983e-06,8.804421349394823422e-06,8.641722906264676270e-06,8.618299776644298326e-06,8.442859659048461692e-06,8.304373041103738236e-06,8.130400212135602815e-06,8.084140163829885958e-06,7.955227183589886990e-06,7.776885164367889277e-06,7.718219583333544269e-06,7.598886770598103803e-06,7.418335866449145215e-06,7.237352150841909042e-06,7.163872699030673917e-06,7.058611218190182923e-06,6.878174401671682997e-06,6.797216261485220624e-06,6.701063727948857655e-06,6.522681601866299449e-06,6.435936771622230566e-06,6.256678766303214935e-06,6.173483377235860986e-06,6.000446168151439270e-06,5.907787799586399956e-06,5.832730863599997388e-06,5.664494395531072542e-06,5.569541636039039372e-06,5.403215249903204721e-06,5.339452079060056114e-06,5.179715546269453885e-06,5.083327118105383186e-06,5.026492221301562062e-06,4.873076655087578654e-06,4.776883925472246260e-06,4.726470308235858709e-06,4.579712157908434698e-06,4.484461971044658349e-06,4.341809769284533456e-06,4.300077408554785322e-06,4.206392994539733493e-06,4.111687461616416470e-06,4.115354830404443263e-06,4.019817961976921500e-06,3.923619147830422744e-06,3.826935334626662295e-06,3.830616822037124228e-06,3.733618505734301571e-06,3.636475890951521485e-06,3.640140931784356770e-06,3.543009183179908700e-06,3.446056898528655767e-06,3.449684696076542290e-06,3.353050767802382401e-06,3.256899907203906964e-06,3.161376405654775300e-06,3.164926020272271032e-06,3.070143956055644392e-06,2.976257558923598141e-06,2.979730006398375937e-06,2.886835727396717349e-06,2.795079458424926735e-06,2.704572824024998911e-06,2.707921751203069548e-06
2.323232887411696151e-06,2.403113407114628917e-06,2.400402266628497483e-06,2.481462996342462517e-06,2.563639857353909380e-06,2.646833086439923676e-06,2.644014494240453456e-06,2.728094096867075389e-06,2.812973342857885208e-06,2.810086512845508062e-06,2.895627510650378489e-06,2.981728218487465608e-06,3.068259690429182715e-06,3.065301792502835439e-06,3.152116128512202009e-06,3.239089752981320838e-06,3.236095933504689114e-06,3.323076959361670318e-06,3.409927782079527437e-06,3.406915053667149213e-06,3.493481817298920990e-06,3.579613751922985132e-06,3.665152743775098957e-06,3.662144488102907803e-06,3.785591074092166751e-06,3.912357434646307716e-06,3.909377075088747197e-06,4.039464423350796411e-06,4.172836973958988958e-06,4.260550428956385412e-06,4.306551231287565355e-06,4.446397955532881766e-06,4.534692937074517799e-06,4.586559965671591026e-06,4.732640682169735441e-06,4.881690274655698655e-06,4.878974775906129460e-06,5.030922604510452359e-06,5.185597747987705995e-06,5.271776156386949618e-06,5.340319202992823750e-06,5.500025428175474927e-06,5.661939640582752487e-06,5.659583214879347550e-06,5.823548475452562079e-06,5.989257519006652746e-06,6.066463584170849403e-06,6.154357725980371775e-06,6.322784220182581112e-06,6.393958615968917190e-06,6.490222055438352456e-06,6.660061998489266120e-06,6.829993705902859376e-06,6.888951413089969576e-06,6.998165717068088973e-06,7.167089087442135390e-06,7.215642768654560936e-06,7.333689387027756760e-06,7.499679967317042975e-06,7.663319938205596999e-06,7.662753232998357396e-06,7.823639961061311157e-06,7.980975967432831370e-06,7.994630430091795640e-06,8.134424799665299760e-06,8.282923333453523222e-06,8.279046904433382450e-06,8.427165230224566907e-06,8.564190163433764820e-06,8.694185709385090247e-06,8.660035902836972835e-06,8.819569879289897786e-06,8.933801898894006664e-06,8.877456463913325411e-06,9.044073341640417163e-06,9.139783966520619274e-06,9.224700894790873839e-06,9.233132297097701341e-06,9.307769410410981077e-06,9.370243731809840587e-06,9.253286889237751316e-06,9.434399397810818978e-06,9.472456867615374376e-06,9.496574490973906893e-06,9.517792000126342109e-06,9.530143765999178564e-06,9.527826919591021043e-06,9.352035033513104520e-06,9.544317858159412046e-06,9.515636214388558019e-06,9.321190504579888997e-06,9.518695125924880377e-06,9.464952351761668609e-06,9.396675190264775049e-06,9.180241186841023998e-06,9.384007900288672777e-06,9.294605655178722039e-06,9.073093094504315097e-06,9.284490780934743012e-06,9.178909454461244274e-06,9.062965617714486253e-06,9.181442758641972389e-06,9.066135560752386054e-06,8.943493167852237431e-06,8.741279656316556921e-06,8.975536911073836324e-06,8.854586208377408072e-06,8.678684759285500819e-06,8.928041703837381096e-06,8.817949431437549425e-06,8.710364576470375078e-06,8.585533713198680055e-06,8.854879113172861276e-06,8.771917145120987296e-06,8.695783748526262152e-06,8.984255068099038227e-06,8.934377749325851062e-06,8.897736914672041262e-06,9.220304032900683867e-06,9.210089047863951475e-06,9.216359550840592517e-06,9.276497210056552871e-06,9.603563350464824661e-06,9.655301208929988657e-06,9.726590211345764286e-06,1.010957621488335124e-05,1.020539523488466410e-05,1.032050507944570960e-05,1.050530168063970658e-05,1.084604319906687463e-05,1.099733142368308368e-05,1.121424626672400992e-05,1.154533715585407986e-05,1.172078533288373512e-05,1.190775900558379289e-05,1.226147352012908435e-05,1.244542190365193144e-05,1.263477980322483752e-05,1.286147716190732821e-05,1.312003768434629467e-05,1.329310881750574130e-05,1.346211334391609668e-05,1.369235503462878190e-05,1.383092250780756504e-05,1.395908332073357580e-05,1.408712194662013227e-05,1.420323381581073015e-05,1.427674698391912721e-05,1.433655463162310576e-05,1.437751500918188308e-05,1.438834827928288895e-05,1.438834827928288895e-05,1.438177228397002852e-05,1.434279150758000065e-05,1.428556807821309454e-05,1.421722743702145398e-05,1.410336677697161806e-05,1.397915156835721793e-05,1.385824770728603719e-05,1.372838218118302368e-05,1.349814049047033845e-05,1.333952366785436351e-05,1.317874059322920023e-05,1.292438525982604715e-05,1.270785549171243891e-05,1.253510546757931388e-05,1.237011313408408321e-05,1.201639861953879344e-05,1.185080226618683817e-05,1.169918387500715552e-05,1.137403608935618224e-05,1.117744869156340612e-05,1.105481717665636929e-05,1.072014895133538892e-05,1.056022547782000085e-05,1.047821554745787517e-05,1.041747698436569307e-05,1.003449098082810612e-05,1.000005715883786636e-05,9.986715050597223228e-06,9.663954189330346110e-06,9.639190104916546894e-06,9.673606103823021915e-06,9.725227234218162631e-06,9.402660115989521720e-06,9.481131578117324801e-06,9.572966883849612070e-06,9.284214152043506648e-06,9.402420100074889182e-06,9.526719528213056201e-06,9.254734295983511221e-06,9.422813289616252939e-06,9.570016583543245825e-06,9.718494400845832079e-06,9.462743059679169303e-06,9.681968494266596914e-06,9.838191493183776976e-06,9.595052963699251522e-06,9.839584374761744411e-06,9.993673004238180196e-06,1.013830529692681978e-05,1.001982820177091888e-05,1.016286908759958066e-05,1.029323580098347665e-05,1.006745989190385112e-05,1.032576368961239655e-05,1.043516654831017822e-05,1.021527885087531409e-05,1.046540414672265484e-05,1.054881919394752088e-05,1.061528526385044844e-05,1.039964409127447117e-05,1.062257209644555728e-05,1.065926205744096414e-05,1.044791241105709995e-05,1.064851411885439912e-05,1.065436325139869227e-05,1.064342046237768641e-05,1.062222141819197081e-05,1.059748176004773844e-05,1.055686229987342249e-05,1.035573189440520074e-05,1.048834389117184276e-05,1.041973801193935137e-05,1.033734002238440369e-05,1.032897195854808690e-05,1.023478258518402264e-05,1.012838785339844278e-05,9.942453125154620142e-06,1.000623672665264274e-05,9.878835184527742094e-06,9.700615539323991442e-06,9.739342728747206793e-06,9.594119535383812227e-06,9.440983466422617624e-06,9.275387912622930415e-06,9.280059900072744995e-06,9.113993992133560706e-06,8.957665019078754653e-06,8.942649945684637205e-06,8.766648914998757128e-06,8.586665100947039924e-06,8.587568922296527047e-06,8.404498611955029544e-06,8.218796830029107147e-06,8.086814360418077480e-06,8.032695655016568168e-06,7.843723005948448503e-06,7.721654474684329708e-06,7.655900410690537095e-06,7.465821395114371845e-06,7.275854037312523929e-06,7.168329686772156028e-06,7.088924025757692380e-06,6.900568243047464916e-06,6.802449005857752228e-06,6.716313933890898249e-06,6.531030955433170506e-06,6.347710821083550048e-06,6.350743569144480103e-06,6.169738974062559008e-06,5.991216534423681185e-06,5.914839794452013875e-06,5.818712387087173262e-06,5.645849731974852223e-06,5.476049644255561535e-06,5.479538222806554684e-06,5.312997915843734551e-06,5.149789584362474758e-06,5.092141924228280415e-06,4.993685855382212794e-06,4.837476513811964605e-06,4.786414517862366431e-06,4.688621940451277828e-06,4.539676830842845156e-06,4.394415121050660109e-06,4.398242488763666748e-06,4.256705753562839263e-06,4.118889932370225366e-06,4.122753049348296544e-06,4.027410072194731901e-06,3.931403121140903882e-06,3.834908981064884189e-06,3.838777799281153982e-06,3.741964328446325914e-06,3.645003940005465203e-06,3.648848463354639404e-06,3.551893337668578887e-06,3.455114709310662948e-06,3.458913098045390281e-06,3.362446605700741208e-06,3.266459943725977162e-06,3.171097329309325804e-06,3.174804452997226000e-06,3.080176460576937342e-06,2.986440645852701990e-06,2.990060141064489816e-06,2.897309336411029694e-06,2.805692935975663349e-06,2.715322537903169191e-06,2.718804048559893000e-06,2.629746469776965008e-06
2.253822764628880368e-06,2.332307398707314481e-06,2.412084717285071580e-06,2.409267288331258369e-06,2.490218650395848136e-06,2.572283077244927458e-06,2.655360823063264358e-06,2.652423720871039421e-06,2.736381814367899508e-06,2.821136585123981505e-06,2.818122352483932310e-06,2.903533064894997357e-06,2.989500655346174605e-06,3.075896235059872162e-06,3.072799733813004905e-06,3.159472825975596864e-06,3.246302643663297211e-06,3.243162539286258050e-06,3.329994894350288563e-06,3.416694760192703264e-06,3.413528896372887845e-06,3.499940461494868693e-06,3.585915257933956334e-06,3.708120876232040906e-06,3.742251903771644325e-06,3.830587588155088857e-06,3.959649718366558908e-06,3.998727725558959609e-06,4.088995742965018026e-06,4.224883157420922628e-06,4.364132518031532362e-06,4.361057362157325116e-06,4.503645542803470671e-06,4.649488471161647256e-06,4.703054918255873476e-06,4.795549682139168879e-06,4.947687625396438077e-06,5.007934628199171099e-06,5.099958551579908799e-06,5.257952215133313116e-06,5.418633081808438872e-06,5.489815262904239890e-06,5.579192194387106064e-06,5.744753887289148830e-06,5.823842499148870430e-06,5.909961631594670071e-06,6.079517963808605632e-06,6.250633531901849219e-06,6.248415590166659854e-06,6.420863633293800486e-06,6.594225240529775466e-06,6.694863768859590971e-06,6.766270848287588905e-06,6.940413420586977368e-06,7.114259055295549310e-06,7.112732156978276326e-06,7.285932222755083479e-06,7.457861385875180058e-06,7.581758650763294969e-06,7.627008653980898814e-06,7.794897327085833922e-06,7.928257818419024713e-06,7.959381314763265791e-06,8.120852460258744384e-06,8.278018355400506792e-06,8.278354197436193156e-06,8.430784820219465621e-06,8.577533106694828813e-06,8.733623402880037257e-06,8.719557232392599128e-06,8.852985799975740907e-06,8.978376729816849833e-06,8.981800289729536575e-06,9.099019094579076253e-06,9.206634054593849025e-06,9.382498262658858863e-06,9.310555424178391422e-06,9.397591288641725057e-06,9.580415333375923631e-06,9.483165387008926896e-06,9.547123280539526313e-06,9.597811834188209215e-06,9.789037403024080348e-06,9.652402410207059919e-06,9.676937857197922003e-06,9.873670199596456048e-06,9.712428090136584490e-06,9.709923213193257573e-06,9.691983075912698575e-06,9.728574183064027606e-06,9.699230986520566744e-06,9.654454105770807941e-06,9.862683884256556979e-06,9.650435202274304389e-06,9.580970184435074757e-06,9.497047332175917778e-06,9.572582620718645305e-06,9.482145910690420912e-06,9.378959636626799318e-06,9.601413229314121017e-06,9.372268479960812066e-06,9.255933889234863792e-06,9.488412471527986656e-06,9.269002987593032793e-06,9.147148177163727880e-06,9.019883514658184353e-06,9.192680353479662346e-06,9.074136740189773441e-06,8.954346798800349262e-06,9.216060898244212286e-06,9.059425352295405798e-06,8.956995541327549110e-06,8.860096520796690567e-06,9.124710737271829336e-06,9.049237734652253894e-06,8.983871621027883419e-06,9.285766580604925939e-06,9.248557276955588139e-06,9.222614489335697740e-06,9.543620163870659203e-06,9.566052772682192689e-06,9.584818294104963251e-06,9.622456119081379905e-06,9.962718734725775003e-06,1.006933062073764880e-05,1.015456051722213436e-05,1.050485348731295871e-05,1.066367547504593051e-05,1.079215323558805481e-05,1.093970435088882678e-05,1.134329006695769490e-05,1.150590314100981255e-05,1.168405356569896363e-05,1.202090167292985636e-05,1.225515371629522171e-05,1.244855229450509557e-05,1.275839670267158934e-05,1.299039612373311356e-05,1.318065752768318083e-05,1.337183704220506407e-05,1.362429010540208500e-05,1.382478755230706207e-05,1.398606477061928243e-05,1.417820953181699547e-05,1.432806929996605696e-05,1.444190929296124517e-05,1.454121622534923898e-05,1.464656662419972077e-05,1.470008171205651893e-05,1.473579219548142322e-05,1.475383908072131418e-05,1.475383908072131418e-05,1.473798437704939615e-05,1.470681952086115387e-05,1.465833146352318282e-05,1.455298106467270104e-05,1.445949553914347322e-05,1.435257236477866271e-05,1.420786276946515566e-05,1.401886441118718445e-05,1.386752647672569940e-05,1.367477273779794699e-05,1.342639491105652819e-05,1.324912053293257932e-05,1.307502243999031190e-05,1.285610485848419037e-05,1.255173384089980434e-05,1.237937483100457427e-05,1.216254446165954246e-05,1.183184736382991856e-05,1.167980648019148129e-05,1.154579816317063126e-05,1.114221244710176483e-05,1.102567503749877888e-05,1.093049090838459134e-05,1.080109625507601812e-05,1.045678065010956402e-05,1.040886168315113483e-05,1.033624823278725346e-05,1.000096814779348714e-05,1.000371898449247245e-05,1.002646691698289651e-05,1.004385089974458046e-05,9.725369181397230500e-06,9.794172877281517270e-06,9.874103361415444095e-06,9.572558310619432031e-06,9.680897346383526605e-06,9.798943441482416429e-06,9.534329225009529073e-06,9.673110878252362080e-06,9.816457046712478575e-06,1.001891693736745119e-05,9.751070760081798324e-06,9.909091639489536315e-06,1.006419018003527774e-05,9.891393343865683723e-06,1.005334620296510304e-05,1.020785657920216163e-05,1.047034025148940626e-05,1.022526974962648295e-05,1.036979767854522797e-05,1.063957226750924472e-05,1.040230253802256921e-05,1.052885555756491141e-05,1.064016793930155904e-05,1.056463337617400046e-05,1.066691845350663096e-05,1.075222937077553465e-05,1.099679362141248805e-05,1.076959671896707990e-05,1.082525228333893955e-05,1.086305439615599506e-05,1.082647054318954225e-05,1.085051318242124164e-05,1.085683534898952239e-05,1.104061659691041586e-05,1.082297910732629328e-05,1.079795228283607923e-05,1.095321430540149713e-05,1.074089285560985267e-05,1.068579983531825375e-05,1.061563832094245348e-05,1.072591251331647867e-05,1.052223878879580473e-05,1.042574575394916673e-05,1.050724830254553840e-05,1.031100633310504737e-05,1.019113802982584307e-05,1.006043084220425959e-05,1.005715040091496382e-05,9.917162523897285928e-06,9.768121227787765780e-06,9.784290408117004477e-06,9.609786280416502278e-06,9.445722193635818056e-06,9.275270709123615456e-06,9.275207497311176323e-06,9.099422757969424905e-06,8.918806387925065472e-06,8.884224412897795246e-06,8.735095773334304673e-06,8.547282646257213664e-06,8.496874104221524522e-06,8.358354558693587848e-06,8.166026370277322804e-06,7.972280939507955799e-06,7.974304218236951417e-06,7.779851507970019802e-06,7.585075096483924211e-06,7.505411194646143746e-06,7.393006617473618427e-06,7.199134283556928593e-06,7.006295515542838939e-06,7.009159545435570443e-06,6.817833637890229208e-06,6.628264479987891274e-06,6.532186535553222496e-06,6.443994821190417459e-06,6.258929212039457332e-06,6.159228431248839377e-06,6.079921103774176270e-06,5.900348964765985683e-06,5.723795092366453272e-06,5.621159728592835067e-06,5.554133385701940632e-06,5.384160265254074534e-06,5.281016136623190100e-06,5.221491961418479869e-06,5.058587671809904110e-06,4.899334352031886485e-06,4.903283677000318591e-06,4.747778539617559719e-06,4.596043095948787720e-06,4.495421418589905679e-06,4.452154283843953756e-06,4.308072181137347325e-06,4.209620561630515068e-06,4.171899764762704272e-06,4.035502157318001408e-06,3.939696993864446407e-06,3.843402150772361787e-06,3.847467616830324649e-06,3.750847996440156207e-06,3.654078522912022079e-06,3.658110897449286395e-06,3.561340440774926568e-06,3.464743190319585761e-06,3.468719566194106879e-06,3.372427579596581699e-06,3.276611860101884439e-06,3.181416551500450092e-06,3.185287279130095724e-06,3.090819131464664655e-06,2.997239352591536360e-06,3.001011032328662695e-06,2.908408525444374956e-06,2.816936507279885579e-06,2.726706553623852080e-06,2.730324554572472997e-06,2.641399501475876257e-06,2.553917287733251376e-06
2.266347080277572601e-06,2.263530354859701391e-06,2.341912366811182851e-06,2.421583729561507018e-06,2.418657010497864301e-06,2.499495752077892518e-06,2.581444236717473673e-06,2.664402732250180941e-06,2.661343090604549509e-06,2.745175379911513054e-06,2.829801111960778356e-06,2.826654642371130848e-06,2.911929962184637166e-06,2.997759053570485508e-06,3.084013083778508146e-06,3.080772045717823926e-06,3.167297684247004345e-06,3.253977209570385964e-06,3.250684060021055385e-06,3.337360711084339818e-06,3.423902316342070746e-06,3.420575746055311485e-06,3.540018177333161526e-06,3.663068985802251759e-06,3.751972066609061505e-06,3.786413170107064535e-06,3.916744778334442204e-06,4.007911336333791785e-06,4.047410437649947068e-06,4.185054189278745532e-06,4.277999216328622599e-06,4.419937328087249171e-06,4.467954212085889738e-06,4.616411887641909512e-06,4.710848658096399942e-06,4.765198218354129038e-06,4.920611065247670487e-06,5.015083768680752805e-06,5.076295885942755508e-06,5.238298525010564133e-06,5.403384227706775590e-06,5.496072377864504537e-06,5.568534939791719080e-06,5.739346288011261759e-06,5.829414144612282950e-06,5.910023015467231324e-06,6.085744792871850891e-06,6.171836169541036526e-06,6.347006352059262372e-06,6.440653412111719411e-06,6.621673350185886201e-06,6.698814666028183089e-06,6.801669531223374596e-06,6.984529564336154225e-06,7.053506455050465071e-06,7.231737627208542851e-06,7.348885286808951454e-06,7.531175825774847813e-06,7.584074024281056280e-06,7.710997477275853651e-06,7.890345512096895065e-06,7.929844594658555897e-06,8.066577550913715689e-06,8.240571382390443313e-06,8.264383502379579706e-06,8.425727074464009966e-06,8.576795600354772880e-06,8.737471198115862790e-06,8.733247926732809794e-06,8.893582975793413683e-06,9.041778858948903638e-06,9.016114788422576926e-06,9.144820988263553874e-06,9.317872205967422635e-06,9.441070962665112747e-06,9.379221862304399737e-06,9.560181838621591678e-06,9.662990102278116861e-06,9.575361740100780364e-06,9.763640826388282943e-06,9.843211203015707515e-06,9.909312563118241647e-06,9.780911011574816940e-06,9.978102076569459966e-06,1.001727149327399952e-05,9.862638308863181492e-06,1.006577788933084174e-05,1.007666519255308325e-05,9.897612515699776782e-06,9.879120198863887837e-06,1.008902288431328603e-05,1.005489909317417121e-05,9.843053777266802859e-06,1.005903670730386631e-05,9.997812255971066844e-06,9.771857917514832669e-06,9.686655833849052403e-06,9.910013832177546762e-06,9.810718739641148293e-06,9.573034117640193919e-06,9.805366897771812876e-06,9.689732935757997388e-06,9.457834659167323676e-06,9.701454436265433536e-06,9.577065712410359820e-06,9.361433740199543021e-06,9.235860097104879983e-06,9.494776019622785701e-06,9.367728155195133381e-06,9.190315008381230193e-06,9.466373915389452240e-06,9.354181062530490240e-06,9.219702064900240038e-06,9.129653726229304610e-06,9.427914818447350441e-06,9.350017166748334193e-06,9.289519605827176404e-06,9.608336595703388712e-06,9.569337141952818002e-06,9.570322985138485155e-06,9.908592959246723613e-06,9.914767471164269102e-06,9.940054030656125513e-06,1.003034691378560839e-05,1.038705407352600385e-05,1.046181669979320575e-05,1.061026960853102333e-05,1.097513865807660186e-05,1.109572437077719552e-05,1.129187020329638515e-05,1.145251506747139730e-05,1.181279521004533235e-05,1.198742857245191292e-05,1.222935726064728536e-05,1.257172084999080661e-05,1.276444325591548424e-05,1.301181535103906005e-05,1.332131666385438756e-05,1.351305694710117983e-05,1.370677765936208896e-05,1.393151441115006567e-05,1.417480688004745394e-05,1.433933305643941330e-05,1.451743025038615761e-05,1.469359954989882581e-05,1.481022156693908741e-05,1.492392157368099053e-05,1.500425121317074280e-05,1.507740364732128303e-05,1.511425680679066596e-05,1.512623823711402569e-05,1.512623823711402569e-05,1.511662584525071739e-05,1.508468882140669246e-05,1.501378882623848388e-05,1.493906828213103999e-05,1.482927778221487164e-05,1.472018606045379869e-05,1.454708348803431781e-05,1.437496751500141753e-05,1.422129273691466135e-05,1.398199704354592935e-05,1.376617378762177672e-05,1.358764231043475797e-05,1.341355044323116684e-05,1.310952350685165769e-05,1.287692101132415569e-05,1.270712747331790066e-05,1.237100004937696977e-05,1.214848896969113223e-05,1.200222381221057877e-05,1.164857186185953859e-05,1.151896679123764323e-05,1.134973987009997270e-05,1.126510618905136857e-05,1.090651237629408274e-05,1.078992366101643242e-05,1.075525029637133615e-05,1.040387641184708516e-05,1.035001919168860884e-05,1.036788460410038519e-05,1.040592840304237069e-05,1.007055372101240472e-05,1.011162703377061957e-05,1.019597980971641730e-05,9.877856386637699643e-06,9.983074419717642557e-06,1.010611351499501913e-05,9.806012422743244481e-06,9.939255695364940517e-06,1.012056640315700298e-05,1.027520567428802798e-05,9.993171047596258674e-06,1.021754327740728243e-05,1.038386727154297118e-05,1.011618666049584982e-05,1.027775247995058291e-05,1.053874233285655977e-05,1.069608645108581973e-05,1.043976246382471053e-05,1.071490617472828174e-05,1.085855962994215102e-05,1.061119329163872092e-05,1.088932883874901840e-05,1.101138370492640365e-05,1.077097759525396506e-05,1.087537522057946751e-05,1.113663036175995515e-05,1.121254701182456643e-05,1.097716613327023864e-05,1.122045400873606867e-05,1.126401701761996826e-05,1.103361952820385480e-05,1.105860301795545965e-05,1.126301249577016778e-05,1.125419637503524573e-05,1.102960418944545895e-05,1.120551199979530181e-05,1.116397899516009717e-05,1.094512569599524610e-05,1.109081486654598654e-05,1.101836764340096917e-05,1.093063624209899949e-05,1.072093852204658671e-05,1.082021255510079532e-05,1.070599325701425309e-05,1.050409973508462149e-05,1.057414629808553268e-05,1.043678318680331796e-05,1.024349338008989939e-05,1.009982518183917420e-05,1.012905885875466123e-05,9.963459665492868241e-06,9.784224558190847320e-06,9.789329219267901093e-06,9.609661497031644372e-06,9.440740135709367744e-06,9.260294164276461909e-06,9.233927455881753648e-06,9.039294589998048509e-06,8.886406008109173164e-06,8.842456981082433409e-06,8.641826148352252610e-06,8.499935302147733639e-06,8.440986986524919196e-06,8.237076871826808279e-06,8.106159892390968577e-06,7.906814968688151088e-06,7.829886258813682833e-06,7.625374878295110946e-06,7.510510273330418892e-06,7.424465232840924045e-06,7.222046989317472757e-06,7.117530422103243646e-06,6.921687250294021508e-06,6.825656772801164452e-06,6.629216027616920141e-06,6.539347957168886103e-06,6.438891675631858483e-06,6.247980875350867641e-06,6.167267067212441246e-06,6.063901128118070826e-06,5.879430033954933066e-06,5.698420503286418990e-06,5.630341813644014465e-06,5.525004913686168655e-06,5.351397604743718975e-06,5.291025247096088723e-06,5.185744743824106683e-06,5.019944519711312248e-06,4.966680308119930079e-06,4.808191743371735854e-06,4.704597077955094987e-06,4.550925134368720886e-06,4.507214703364560749e-06,4.405618406975188047e-06,4.260143272016233744e-06,4.222102780123516158e-06,4.123044159375764937e-06,3.985726726548366991e-06,3.852451366279082045e-06,3.856723202536934135e-06,3.760306811638939034e-06,3.663737284711676557e-06,3.667966191637998916e-06,3.571388732436733588e-06,3.474980834183006458e-06,3.479142816695063969e-06,3.383032600640445993e-06,3.287394734512193436e-06,3.192373290144306900e-06,3.196413829712594935e-06,3.102111386986812363e-06,3.008693159468058497e-06,3.012622198163908094e-06,2.920172826466100536e-06,2.828849695432157779e-06,2.738764363321609456e-06,2.742522709121423976e-06,2.653733719162435215e-06,2.566383287590108526e-06,2.570000384972425667e-06
2.199769291612490139e-06,2.276721624357744613e-06,2.273803441332883770e-06,2.352080413489373595e-06,2.431643144099646601e-06,2.428604194818260610e-06,2.509327107067568267e-06,2.591156167204713664e-06,2.673991652265998774e-06,2.670805428934054263e-06,2.754507585939382767e-06,2.838999661814104315e-06,2.835716045361870988e-06,2.920850767552732285e-06,3.006535857527367246e-06,3.092642536849291109e-06,3.089250860378839140e-06,3.175622642853565165e-06,3.262145172567765795e-06,3.258691974429533087e-06,3.345205619246960839e-06,3.462981172610186885e-06,3.491222522710297994e-06,3.580932696566818259e-06,3.706096583130578989e-06,3.835004069580897696e-06,3.831487759422925069e-06,3.964157883792168816e-06,4.100599579138175241e-06,4.097096748135254832e-06,4.237317240432884587e-06,4.381293721042811875e-06,4.528997546178233899e-06,4.525556187009785685e-06,4.676967808162167396e-06,4.832007951129932531e-06,4.828647967686438743e-06,4.987274557432067711e-06,5.149362046055627993e-06,5.212745006979649585e-06,5.311594147085151527e-06,5.480285309908861095e-06,5.652028877771825617e-06,5.648986624264936035e-06,5.823658198696689700e-06,6.000989046525466297e-06,5.998141658155075144e-06,6.177964895449848400e-06,6.359941267091159978e-06,6.543768879483440039e-06,6.541242036177102481e-06,6.726677751069572514e-06,6.913264528062702058e-06,6.911030487455585709e-06,7.098471346212113058e-06,7.286219424405633868e-06,7.473792031420840610e-06,7.472039176257157098e-06,7.659054787029030006e-06,7.844818795079426638e-06,7.843522871521725720e-06,8.027608649671498444e-06,8.209208512214509045e-06,8.208494261869825429e-06,8.387154673222300556e-06,8.561941411275494614e-06,8.732091787450582318e-06,8.732462388782052151e-06,8.897502161598034532e-06,9.056358304848996120e-06,9.057912246675213033e-06,9.210142674864823739e-06,9.354446317666581840e-06,9.489914129602102660e-06,9.493855190022091613e-06,9.620358294340591895e-06,9.736260259632472096e-06,9.742917602575150232e-06,9.848431058979415962e-06,9.941625943746167852e-06,1.014069469170995556e-05,1.003377266086424709e-05,1.010148134307144337e-05,1.015447527246297976e-05,1.017278879441389592e-05,1.021283704281921573e-05,1.023697817886730734e-05,1.026377845416885419e-05,1.027486676446576712e-05,1.026928841023851111e-05,1.024666663358851517e-05,1.028954300628412180e-05,1.025466348492626985e-05,1.020283696512413618e-05,1.026221858376151644e-05,1.019999497746564583e-05,1.012166615531182602e-05,1.002768459991689228e-05,1.011618480311861834e-05,1.001587079093479173e-05,9.901998252672407184e-06,1.001823889152452749e-05,9.902306401755858184e-06,9.775796615233459821e-06,9.924972358083648471e-06,9.801507006840910901e-06,9.671272153805794453e-06,9.536210644786855841e-06,9.736711413130314422e-06,9.612901926078251766e-06,9.489084451587172502e-06,9.732336145247344751e-06,9.625693323974776990e-06,9.524168632068384297e-06,9.430345555565948794e-06,9.732913764960599712e-06,9.664073542065469179e-06,9.607938782893331154e-06,9.953441044429509746e-06,9.925920424764650193e-06,9.915349335156597427e-06,1.026834351458839619e-05,1.031849410026004902e-05,1.035795326519542909e-05,1.041885363475758081e-05,1.083968876668212904e-05,1.092922159095083437e-05,1.104063181703280423e-05,1.147464176485221392e-05,1.160916786439231692e-05,1.176380289532409592e-05,1.193782038878622967e-05,1.236404971713216038e-05,1.254924147265583870e-05,1.274881708793019598e-05,1.314764871899062793e-05,1.334605602342769344e-05,1.355204195326307493e-05,1.385955498622845433e-05,1.409540944992409478e-05,1.428623534212647662e-05,1.447370517583320158e-05,1.473607450977884087e-05,1.489027808301536156e-05,1.503359990072974218e-05,1.521127063582631097e-05,1.531043062718252058e-05,1.539302444354938100e-05,1.545754075268075979e-05,1.550748864619739073e-05,1.551964034609868109e-05,1.551964034609868109e-05,1.551246256279891942e-05,1.546251466928228848e-05,1.540334589242242254e-05,1.532684064777967785e-05,1.523486534802414860e-05,1.505719461292758319e-05,1.492249027629515852e-05,1.477864930063071593e-05,1.451627996668507665e-05,1.434120010235553505e-05,1.416503829930980487e-05,1.394089684575134543e-05,1.363881523147408397e-05,1.345261531002943060e-05,1.327674815057461174e-05,1.287791651951417809e-05,1.270369629731181107e-05,1.254668320611302293e-05,1.212045387776709391e-05,1.197739287418926027e-05,1.185639420807014434e-05,1.175803620762284076e-05,1.132402625980343106e-05,1.125112112899694860e-05,1.120219378457572616e-05,1.078135865265117792e-05,1.076289131437426950e-05,1.076739001795563541e-05,1.075871026718058836e-05,1.040940213777050971e-05,1.046598715917961751e-05,1.054002754871413969e-05,1.019452528717796449e-05,1.029733186335890282e-05,1.041264581271446954e-05,1.011007760332040138e-05,1.024983551165866495e-05,1.039642969883683557e-05,1.054696891324260906e-05,1.030371721966919331e-05,1.046997246478262264e-05,1.063450064371010785e-05,1.043399987684552644e-05,1.060782769761454219e-05,1.077467172752724156e-05,1.093241366974059401e-05,1.078323795452059299e-05,1.094154579512280239e-05,1.108668095864564392e-05,1.097044047423215997e-05,1.111083193740569121e-05,1.123491982036796731e-05,1.114642025210850821e-05,1.126139547671306153e-05,1.135792618355371807e-05,1.143557077033993200e-05,1.137619204446718946e-05,1.144069089847723723e-05,1.148554269449163619e-05,1.144267358989508889e-05,1.147263546754265089e-05,1.148299972246033408e-05,1.147423503607636829e-05,1.144745462259827717e-05,1.142328178703322706e-05,1.138095296294366353e-05,1.136267635063222925e-05,1.130527761627657500e-05,1.123115554389237496e-05,1.135247666449655209e-05,1.113078567276585492e-05,1.102755118233364398e-05,1.091037286805931858e-05,1.090382743590841086e-05,1.077477907364393600e-05,1.063376124183434360e-05,1.062998112434082108e-05,1.047877400505643525e-05,1.031761138174787567e-05,1.014752123084288669e-05,1.014620834074192349e-05,9.968626090073233760e-06,9.784091648032514459e-06,9.784031264368393008e-06,9.593739054714329719e-06,9.398243181540946487e-06,9.198401877243357462e-06,9.199526633776881803e-06,8.996390290681741342e-06,8.790471588952898310e-06,8.792256126391339346e-06,8.584468305495710196e-06,8.375285911814142148e-06,8.377605234340893686e-06,8.167817165511975802e-06,7.957842747508608999e-06,7.748223242516474125e-06,7.751123258646532287e-06,7.542482867990275532e-06,7.335143362395809856e-06,7.338405092456029154e-06,7.132889570583664143e-06,6.929459021412227008e-06,6.728451409222349812e-06,6.732115104631670626e-06,6.533920096523198146e-06,6.338713977223001925e-06,6.342624416798753450e-06,6.150716384417799393e-06,5.962236279449827282e-06,5.852013529240240030e-06,5.781533502102032127e-06,5.600473105353203583e-06,5.423296187295689947e-06,5.427611647303944995e-06,5.254463181800369479e-06,5.085384363524046338e-06,5.089803940470688858e-06,4.924886288268195491e-06,4.764147403367327647e-06,4.607618860245000848e-06,4.612117150706212893e-06,4.459825188944068566e-06,4.311759538630493557e-06,4.316275067795604443e-06,4.172425025848942688e-06,4.032768581532261965e-06,3.932832770436494642e-06,3.901764060615265387e-06,3.770380851940399728e-06,3.674020648788561245e-06,3.678455081540955072e-06,3.582079227786194071e-06,3.485868903405707086e-06,3.490224327922935465e-06,3.394303332257249482e-06,3.298850385336164715e-06,3.204009489237798313e-06,3.208226145812164327e-06,3.114095337549515052e-06,3.020844219331760724e-06,3.024935807821304762e-06,2.932644399953828453e-06,2.841474627837895786e-06,2.751538037913379827e-06,2.755440504104512733e-06,2.666791014070369636e-06,2.579575469317011923e-06,2.583322853454858069e-06,2.497577832203272739e-06
2.135429191228037821e-06,2.210845611901011010e-06,2.287698290197373998e-06,2.284676621533534743e-06,2.362846256304095135e-06,2.442297781533466640e-06,2.439143747228878946e-06,2.519747688066216349e-06,2.601453888865039610e-06,2.684162630648219736e-06,2.680845789930955911e-06,2.764413471449916804e-06,2.848767236249414665e-06,2.845341502487500584e-06,2.930330337669534189e-06,3.015865814992297061e-06,3.101819207935690615e-06,3.098270631474133391e-06,3.184481968990397916e-06,3.270840586282527138e-06,3.295095771704292249e-06,3.413108081321171992e-06,3.502901478574457342e-06,3.531303632213359568e-06,3.657063215914551394e-06,3.750037545403461933e-06,3.881215752598018566e-06,3.916757510048229793e-06,4.012569476820392221e-06,4.151521362030417977e-06,4.192475573397848304e-06,4.338229664609254131e-06,4.437417789273397790e-06,4.588014817433311368e-06,4.638130858849730354e-06,4.738810438854886863e-06,4.897010220395742361e-06,4.953968601149592209e-06,5.119483440908675696e-06,5.220889342324427114e-06,5.285290123070515378e-06,5.458212996658705150e-06,5.558883608829447785e-06,5.734464028343373881e-06,5.811121183317142279e-06,5.909868000771071791e-06,6.091295820793854632e-06,6.176864583179122115e-06,6.365455711684117427e-06,6.458622541464849788e-06,6.646898555060007832e-06,6.746787518806940517e-06,6.834189321702675927e-06,7.025420083689286411e-06,7.135459863116903573e-06,7.332672327393609645e-06,7.407741894056926503e-06,7.600157818822471290e-06,7.726006429009771946e-06,7.790178371996565570e-06,7.980840095895575732e-06,8.117534601906848128e-06,8.168434268721006951e-06,8.354905264502089659e-06,8.502506157370920501e-06,8.691047183991978964e-06,8.717161500916665668e-06,8.891951118848207442e-06,9.055521241546475404e-06,9.061902280897090285e-06,9.225110476574395360e-06,9.399024236048641250e-06,9.559620685369033929e-06,9.531434436112632409e-06,9.670576592071957145e-06,9.858693580763568175e-06,9.804740736259364749e-06,9.923734043764118049e-06,1.012070630361318582e-05,1.023129990656879455e-05,1.013483711980453943e-05,1.034002515833782140e-05,1.042492024656927209e-05,1.029932960381827759e-05,1.035353927764158947e-05,1.056873566570374570e-05,1.041433097940863348e-05,1.043893379327445751e-05,1.066089492466051172e-05,1.066985079421485681e-05,1.047352436304824630e-05,1.045024624717568063e-05,1.067994564449138329e-05,1.046115686009309792e-05,1.040827435143523747e-05,1.064506418517436929e-05,1.057523811960001430e-05,1.033009495572962064e-05,1.023477952749209035e-05,1.048024774480809698e-05,1.022957180813845312e-05,1.011490233189539049e-05,1.037091068232071938e-05,1.012485668924046180e-05,9.998614764248793117e-06,1.026777702745970931e-05,1.013375502283494067e-05,9.909452475846088746e-06,9.776817016565983215e-06,1.006361506876062427e-05,9.873038978612152302e-06,9.753971721638835988e-06,1.006011568476176825e-05,9.947011071046916141e-06,9.820970308704712718e-06,9.735575671755576215e-06,1.006612502445470189e-05,1.000025524700319307e-05,9.955282628267415377e-06,1.030757400998556122e-05,1.028260696151863041e-05,1.031074784961870977e-05,1.068248374265915373e-05,1.070851600003944427e-05,1.080475449817860387e-05,1.088128965552509326e-05,1.126895707865315257e-05,1.142708767998190783e-05,1.155390741660827494e-05,1.194523876023180708e-05,1.209262448174662167e-05,1.232127569387904307e-05,1.250808102978989914e-05,1.288522564367391112e-05,1.313898394011910097e-05,1.334684115444425168e-05,1.369552854146430500e-05,1.390212972152145803e-05,1.415913046182206829e-05,1.446220402454528295e-05,1.465549125470261674e-05,1.488008260128043645e-05,1.505962901737720950e-05,1.527791271427799964e-05,1.544699212407374300e-05,1.557460525658142664e-05,1.571204971913963774e-05,1.579690138834078492e-05,1.586726583842105887e-05,1.590764019491822847e-05,1.592832122348235735e-05,1.592832122348235735e-05,1.591020255296345814e-05,1.587514978097615169e-05,1.580808130990470336e-05,1.572984550512551583e-05,1.559527429592138384e-05,1.547586842252749606e-05,1.531294140585619839e-05,1.509838379925699523e-05,1.493069781968770252e-05,1.471540133800119871e-05,1.453815887033249355e-05,1.424047232134495939e-05,1.399683743763777741e-05,1.381186281100092977e-05,1.346957766565864048e-05,1.328672839101872912e-05,1.305381562412953356e-05,1.268376396296061831e-05,1.252779976817844162e-05,1.232551956143624071e-05,1.221460018063791759e-05,1.183043223739982178e-05,1.174244579312333477e-05,1.161898144977646663e-05,1.123773918377310427e-05,1.120427907115710473e-05,1.114775800706475995e-05,1.116874502041353646e-05,1.080111460221090024e-05,1.081701506485224342e-05,1.089087686698588275e-05,1.054042921526679559e-05,1.063335485598016614e-05,1.074791630800120820e-05,1.041651278865887595e-05,1.054927024550465324e-05,1.072569384371835368e-05,1.088574664727984119e-05,1.057421119217076381e-05,1.073722498119561736e-05,1.097853533183889164e-05,1.068322164032028962e-05,1.085609822590335210e-05,1.112999450283770787e-05,1.130111856392232549e-05,1.101896231681300421e-05,1.117831822147655949e-05,1.147048812247695115e-05,1.119880712215415792e-05,1.134115203188602621e-05,1.163467524166387567e-05,1.137120000555095130e-05,1.148847901348280559e-05,1.177264037322768793e-05,1.185946745884232347e-05,1.160192326626723736e-05,1.166814436507293296e-05,1.191952812814378759e-05,1.166777739793661470e-05,1.169885909936876584e-05,1.192327559783050579e-05,1.191720224898559622e-05,1.167203367037643136e-05,1.164757829411500454e-05,1.182331718667251815e-05,1.158463668873900756e-05,1.152603328109640101e-05,1.166861760635178135e-05,1.157514938358393650e-05,1.134670600028373982e-05,1.145605054308275528e-05,1.133325842963229597e-05,1.111355504092260624e-05,1.098110195995560711e-05,1.104231510830360826e-05,1.083223230430777757e-05,1.067694803740044910e-05,1.070907522823807133e-05,1.052964341034502413e-05,1.033525010199270494e-05,1.015281814572721387e-05,1.014606671268185950e-05,9.963183561245131907e-06,9.767715878753408583e-06,9.738811701689216126e-06,9.527921688872720681e-06,9.362897999454770941e-06,9.154325542874359366e-06,9.097647979501454114e-06,8.944852526220436572e-06,8.731600018270464642e-06,8.660072778448591648e-06,8.519453469156258946e-06,8.304263568684478253e-06,8.220557459142873772e-06,8.000015961232379510e-06,7.877152967006339942e-06,7.663336876419374807e-06,7.565860893565370958e-06,7.454406363487460308e-06,7.243936188905657569e-06,7.140036154949727117e-06,6.929235504553404441e-06,6.833870101872622425e-06,6.631116191888727187e-06,6.521006530036969266e-06,6.435655121851677442e-06,6.239480636469659224e-06,6.127242116839951182e-06,5.934061143749146263e-06,5.862473624448189930e-06,5.749432782602861380e-06,5.564571376741621794e-06,5.501340162774819953e-06,5.324684629734868065e-06,5.212477964559113497e-06,5.156925460062717016e-06,4.988798848901910989e-06,4.878272391716354250e-06,4.715576171478250330e-06,4.670297341329159102e-06,4.515224473469660004e-06,4.408485187277365136e-06,4.369271464914901957e-06,4.222907675398342486e-06,4.119345753243167010e-06,3.979050238983688010e-06,3.947830323772209142e-06,3.847826297208032800e-06,3.716203465081025332e-06,3.689621297110113721e-06,3.593455931030059824e-06,3.497451641667644701e-06,3.502008549003767266e-06,3.406284395793620466e-06,3.311023573758138959e-06,3.216370018297918541e-06,3.220769174680927592e-06,3.126815978474602736e-06,3.033737546860578167e-06,3.037996867588363203e-06,2.945868217036242255e-06,2.854856214683845445e-06,2.765072401849769444e-06,2.769122654431220770e-06,2.680615968749562871e-06,2.593538261266851814e-06,2.597418536457682617e-06,2.511801486438959072e-06,2.427786010262914516e-06
2.150218924238082546e-06,2.147243011544475974e-06,2.222562274079560807e-06,2.299313715305932250e-06,2.296186698875124751e-06,2.374246847556378957e-06,2.453584725197227035e-06,2.450312863395888626e-06,2.530794783516557754e-06,2.612374762503473739e-06,2.694953079288660967e-06,2.691501614437432072e-06,2.774930483241588658e-06,2.859141264176289629e-06,2.855568400082389584e-06,2.940405990780549082e-06,3.025786149798755826e-06,3.111580199348692390e-06,3.107868311921276083e-06,3.220065702610163341e-06,3.336102925728503012e-06,3.332307659342006272e-06,3.452226583854829180e-06,3.576112360348301532e-06,3.572255002204986329e-06,3.700145306383827655e-06,3.832104127705970150e-06,3.928425178272973319e-06,3.964267334024263026e-06,4.104462895149753752e-06,4.248813492066024638e-06,4.244911538304262638e-06,4.393429939995945169e-06,4.546106035101822207e-06,4.648303602763515680e-06,4.699065716227281996e-06,4.859999601336141410e-06,5.024982744946036106e-06,5.021207192829340262e-06,5.190200535984595138e-06,5.363080718060950891e-06,5.359419938910899229e-06,5.536118069773469440e-06,5.716451726813303076e-06,5.818760184116359959e-06,5.896809146545346870e-06,6.083953617120528863e-06,6.274155064933962717e-06,6.270919583252749505e-06,6.464002584790886014e-06,6.659602857581659468e-06,6.752488324966928487e-06,6.854512115431779474e-06,7.054235757040728047e-06,7.255391763325695077e-06,7.252834716914912027e-06,7.455101392122758751e-06,7.657876483578488259e-06,7.729723674470620809e-06,7.858612181739545798e-06,8.060922005075365042e-06,8.120385294921715437e-06,8.260518694993278468e-06,8.459928256605925970e-06,8.656748000902453579e-06,8.655912611543480591e-06,8.849640774316546205e-06,9.039225409187782916e-06,9.056172814111553034e-06,9.224218108958907961e-06,9.403276442061146590e-06,9.575589986204507793e-06,9.577364783535697337e-06,9.742450000226439221e-06,9.898823397309959056e-06,9.856374433761713107e-06,1.005000338246185753e-05,1.018677435589857476e-05,1.031180761823573054e-05,1.031952855953423383e-05,1.043310857366234056e-05,1.053301215462396220e-05,1.054528932294403059e-05,1.063241267677478429e-05,1.070408844676668123e-05,1.055858756548769670e-05,1.078081993032566665e-05,1.082189124599971233e-05,1.084528418906297720e-05,1.087671416346582937e-05,1.088584500086236911e-05,1.087650297241478457e-05,1.066049713026010879e-05,1.089868262320173499e-05,1.085730663002587762e-05,1.079729074501831681e-05,1.086710266680118034e-05,1.079620210968001160e-05,1.070776454972229659e-05,1.045009869329179134e-05,1.070632941029517918e-05,1.059496132529652124e-05,1.033731525650972111e-05,1.060547557923177867e-05,1.047877215848144544e-05,1.034127969146164281e-05,1.051559727771476105e-05,1.038305049976949202e-05,1.024421889610779515e-05,1.003165912105327357e-05,1.033429624236353555e-05,1.020577481430440086e-05,1.007885357913597635e-05,1.035968128335589537e-05,1.025352098144884693e-05,1.015476428258346550e-05,1.006236680506388510e-05,1.041204872366761722e-05,1.035257430264485036e-05,1.030885762542460281e-05,1.069977707506127901e-05,1.068821404994089694e-05,1.069673257382770779e-05,1.112570645964008827e-05,1.116686561063065854e-05,1.123075188562411586e-05,1.137520414432169014e-05,1.178024009475806935e-05,1.189714953240493647e-05,1.203758180162234656e-05,1.250487554569216994e-05,1.266637862524698320e-05,1.284822900828612461e-05,1.310900473436086208e-05,1.349356813372294790e-05,1.369988157345243913e-05,1.391843407926576852e-05,1.432102061990769503e-05,1.453022137550347591e-05,1.474326089008133226e-05,1.508289849518272384e-05,1.527103555140959791e-05,1.545409231350779153e-05,1.565512014427121196e-05,1.585574512756416586e-05,1.598647227253150254e-05,1.610150140078406189e-05,1.622795846115799057e-05,1.628963830735590123e-05,1.633133321310785261e-05,1.634499928592011923e-05,1.634499928592011923e-05,1.633410712207349983e-05,1.629817800450957536e-05,1.624291383756563850e-05,1.611645677719171320e-05,1.600891313098560259e-05,1.588714133309656495e-05,1.569014883584940733e-05,1.549628634991190350e-05,1.532620783029569976e-05,1.515352587581753058e-05,1.481388827071613562e-05,1.461902948794566829e-05,1.443093074861414920e-05,1.402834420797222438e-05,1.383395305307731535e-05,1.365493742095791053e-05,1.327759471481648453e-05,1.304004679949077313e-05,1.289174655838400352e-05,1.276678412600645154e-05,1.229949038193662816e-05,1.219841893168035224e-05,1.212346538482705383e-05,1.172522851544500420e-05,1.161825408442843190e-05,1.160064966275396297e-05,1.160742696965105232e-05,1.117845308383867184e-05,1.121914926448076559e-05,1.128081129355182317e-05,1.088989184391514697e-05,1.098418860609218871e-05,1.109431965913547622e-05,1.074415808861047272e-05,1.088736993458181733e-05,1.103575370325228766e-05,1.119046625032465081e-05,1.090963854613746622e-05,1.108369349457063824e-05,1.125761385246782166e-05,1.094657938465606610e-05,1.121091491836704119e-05,1.139085136287467844e-05,1.156201037707367859e-05,1.138769280930206879e-05,1.156112047975233086e-05,1.172093210078756685e-05,1.143689278780792620e-05,1.174058306968594864e-05,1.187908953253120067e-05,1.160452662734246193e-05,1.190458457418208886e-05,1.201397876873508033e-05,1.210273662629907024e-05,1.203292742983653386e-05,1.210773035170652608e-05,1.216087242018029458e-05,1.190008622324671899e-05,1.214751728867145253e-05,1.216281299511329792e-05,1.215687400343023879e-05,1.212546476352260617e-05,1.210262133435335299e-05,1.205957720051111069e-05,1.181321047947081589e-05,1.197853103788864132e-05,1.190025092479936074e-05,1.180441605096075008e-05,1.179221934513520310e-05,1.168165600159058891e-05,1.155560253292504323e-05,1.154800637237436574e-05,1.140884986309234700e-05,1.125643472122364759e-05,1.104022485906591129e-05,1.108843479188270330e-05,1.091382233056656162e-05,1.072939524314693558e-05,1.072789417258476514e-05,1.053528894158110374e-05,1.033509911664444567e-05,1.014722692519257142e-05,1.012862682436126442e-05,9.916596557746877399e-06,9.699917893464689560e-06,9.701222526573777732e-06,9.481078513051497948e-06,9.258036329992599888e-06,9.101411765814550100e-06,9.035176053956466818e-06,8.808906462543804040e-06,8.664906955343955268e-06,8.584826574828717129e-06,8.358068517859616156e-06,8.131892255169018206e-06,8.135209447946746214e-06,7.910302653472950674e-06,7.687013288109830711e-06,7.573197687805682862e-06,7.469632833895854667e-06,7.251000113140380886e-06,7.035199376937246467e-06,7.039361754034938270e-06,6.826811496901215736e-06,6.617696489039278236e-06,6.530819928731267771e-06,6.416772580319783923e-06,6.215315669621304177e-06,6.017939854204263220e-06,6.022642349969169950e-06,5.829558030697022206e-06,5.640834465503298756e-06,5.645683569918691098e-06,5.461463054929658633e-06,5.281783352191355484e-06,5.225541677219271923e-06,5.111675451183260349e-06,4.941256192188396996e-06,4.775496790463420046e-06,4.780507607481692786e-06,4.619419315579174082e-06,4.462986209061599342e-06,4.423468288440980844e-06,4.316189758617981449e-06,4.168981690732850883e-06,4.026329848409659604e-06,4.031283292788648456e-06,3.893112546713653662e-06,3.759382794163540471e-06,3.764256492724046985e-06,3.634867735857424009e-06,3.509776502046872199e-06,3.514543124859993954e-06,3.419023592225728596e-06,3.323962221993943113e-06,3.229502886977141278e-06,3.234090980644546312e-06,3.140321397059920630e-06,3.047421221703689180e-06,3.051853419937724833e-06,2.959892254582919485e-06,2.869042339915567582e-06,2.779415219937350228e-06,2.783616780657109320e-06,2.695256035489272620e-06,2.608318924534939966e-06,2.612334482030608700e-06,2.526847435567764819e-06,2.442956724989092106e-06,2.446778242625822324e-06
2.089025911750570615e-06,2.162806816528216118e-06,2.159736990863326872e-06,2.234958016947451191e-06,2.311606854487905491e-06,2.308372827294369361e-06,2.386321522531571473e-06,2.465543473016336287e-06,2.462151184238750915e-06,2.542508156738244855e-06,2.623958652290069959e-06,2.706402940696558086e-06,2.702812899826578876e-06,2.786098649112396577e-06,2.870161778418922707e-06,2.866436749646090894e-06,2.951117689769385972e-06,3.036336747998685774e-06,3.146427308077948227e-06,3.167180243570880669e-06,3.256471335958116198e-06,3.374343020070533514e-06,3.398991056533772784e-06,3.492225119504519882e-06,3.618166841542782347e-06,3.647205376314811668e-06,3.744177201805949168e-06,3.878431533305873693e-06,4.016919942423433624e-06,4.053562954771274861e-06,4.155558496066112483e-06,4.302597939906854162e-06,4.345034441003078760e-06,4.449824200476332214e-06,4.605470005568117416e-06,4.765398734692703547e-06,4.817696018080393812e-06,4.925519008334835536e-06,5.093917386141038413e-06,5.153614170543003635e-06,5.262475327666631003e-06,5.439077499338453988e-06,5.506854377735325127e-06,5.615763996330880641e-06,5.800128736451907124e-06,5.988115631540817781e-06,6.069263251998147284e-06,6.175926822273393986e-06,6.370610403062761946e-06,6.461522639509178137e-06,6.564869828212356937e-06,6.765232590526493547e-06,6.967914903577196395e-06,7.074584985344985563e-06,7.169570292867404252e-06,7.375846443504623037e-06,7.493730419085681883e-06,7.580596640706862957e-06,7.788671616969823099e-06,7.996784645318632962e-06,7.994621149384696141e-06,8.202344327550417023e-06,8.408873280678307084e-06,8.556346611476447906e-06,8.612114575892020695e-06,8.814349052701844824e-06,8.973980115562073216e-06,9.012548054395732669e-06,9.207419886352526285e-06,9.397169290977391937e-06,9.574638223930869772e-06,9.581694067410744767e-06,9.758854356227573067e-06,9.947901870693214604e-06,9.930496190021065696e-06,1.009126098505894638e-05,1.024197558443680038e-05,1.044693226497722786e-05,1.038744298382104304e-05,1.051589819417841689e-05,1.073079843342451974e-05,1.064090954755094163e-05,1.074346940757844072e-05,1.096761884027948654e-05,1.084618685170250400e-05,1.091969031530639421e-05,1.097629385424619965e-05,1.121171360296045633e-05,1.104156170723518843e-05,1.106540773992866340e-05,1.130854273878591448e-05,1.110886747360779073e-05,1.109925777312566136e-05,1.107027295905565470e-05,1.132228121269112979e-05,1.108281895306680595e-05,1.102162752320552117e-05,1.128191539329320699e-05,1.102559902572277841e-05,1.093598835102190573e-05,1.082923767776530930e-05,1.094199152251530940e-05,1.082995760997846825e-05,1.070357565888403294e-05,1.098642209281134031e-05,1.072493066535689751e-05,1.058814278792660978e-05,1.088627419786524305e-05,1.064625548688631550e-05,1.051008623899297992e-05,1.037063831180487869e-05,1.068898437424009311e-05,1.049833007604409333e-05,1.037749734317583256e-05,1.071751746304782498e-05,1.058106171045294793e-05,1.049139143693814563e-05,1.041327777121135657e-05,1.077977975317976436e-05,1.073518266990672406e-05,1.070470245258576667e-05,1.109371706408330086e-05,1.112306331903013054e-05,1.114709723096972554e-05,1.155473756024996066e-05,1.165719102644659581e-05,1.173772410554261265e-05,1.184288527234913817e-05,1.226225636138519150e-05,1.245808998859577152e-05,1.261460511299704779e-05,1.303123228755143854e-05,1.327302466987525803e-05,1.346777026873748043e-05,1.368033302798087661e-05,1.407006298959509790e-05,1.434555731626446326e-05,1.456973359802293060e-05,1.491781273972191715e-05,1.518030918888655554e-05,1.539116023033779935e-05,1.567839559791024586e-05,1.590010197686298935e-05,1.607226030062326106e-05,1.623313155416817200e-05,1.641486499359631767e-05,1.654850685264244221e-05,1.664169545763445921e-05,1.672884246611446498e-05,1.677235823521067905e-05,1.678604129616890575e-05,1.678604129616890575e-05,1.677818993912400707e-05,1.673810118527318448e-05,1.665381672610358494e-05,1.656782465300725353e-05,1.643925491562422974e-05,1.626098457852886154e-05,1.611039320363688657e-05,1.595063159865544073e-05,1.573860406921416869e-05,1.545653428983213991e-05,1.526325806633918521e-05,1.501488275988317399e-05,1.467321598417850280e-05,1.447270069477181528e-05,1.421667445923984709e-05,1.383437017155626809e-05,1.365197314851798808e-05,1.349063737116372405e-05,1.327739303824170983e-05,1.286877748494603542e-05,1.275181380107499038e-05,1.259075133444905587e-05,1.217893459379065274e-05,1.211860145117973846e-05,1.208508057310769036e-05,1.202600865563336411e-05,1.162382607944705535e-05,1.165007143924521594e-05,1.166885282989931191e-05,1.128302159969567188e-05,1.136542423475643693e-05,1.146178706512529066e-05,1.109562924255064436e-05,1.122562091519325596e-05,1.136652972764477448e-05,1.155780160625655338e-05,1.121317511077848022e-05,1.138282319913520983e-05,1.162866021316047942e-05,1.130221496972916784e-05,1.148670883006037197e-05,1.166561477118428818e-05,1.195901624103701547e-05,1.164769362863436125e-05,1.182192847436110963e-05,1.213423609258534621e-05,1.183511300224245887e-05,1.199299979799528848e-05,1.213341143597992631e-05,1.202065808712548715e-05,1.215260014507482891e-05,1.226418716013025868e-05,1.256147714177126068e-05,1.227897975885966320e-05,1.235574530318586088e-05,1.263139848772958252e-05,1.235564249181091292e-05,1.239399877767687796e-05,1.241000300872673107e-05,1.263836833823208714e-05,1.237008731436947311e-05,1.234701666053094353e-05,1.254086923095511271e-05,1.227994252532729178e-05,1.221901617670345287e-05,1.213885137783489333e-05,1.227681985409469929e-05,1.202736775219743507e-05,1.191393453611688578e-05,1.201593600560623638e-05,1.177629925136915829e-05,1.163337780751790807e-05,1.170090924147392258e-05,1.147206034100361668e-05,1.130389913895756518e-05,1.112440738171781399e-05,1.114447642495817872e-05,1.093319123355973595e-05,1.073518609809449448e-05,1.072773313787681382e-05,1.052932956039941394e-05,1.031715069585494387e-05,1.009922170344098681e-05,1.005640650980675290e-05,9.877951839696629132e-06,9.651765970505419982e-06,9.589682430583179498e-06,9.424859888663030644e-06,9.193880490572825016e-06,8.961572715188642824e-06,8.964429215132463122e-06,8.731707306269756921e-06,8.499040529867145979e-06,8.402186942543536023e-06,8.270594868309969670e-06,8.039983116407301987e-06,7.934073095235987089e-06,7.815084893515728801e-06,7.588539229562152220e-06,7.364605007269490971e-06,7.249377611856162894e-06,7.148093889475411189e-06,6.930557768985136043e-06,6.811648416603317438e-06,6.721336744544803770e-06,6.511333591938262005e-06,6.305397387101140564e-06,6.184007875535870608e-06,6.108710162467376552e-06,5.911493147213120991e-06,5.790177993559827960e-06,5.723951055611403385e-06,5.535941323913823070e-06,5.415803138082667918e-06,5.357878247945852421e-06,5.179367517340272328e-06,5.005657235002395594e-06,4.888926491606946925e-06,4.842055947746126075e-06,4.677990139641270702e-06,4.564390239874905980e-06,4.524009119682650907e-06,4.369520547551328180e-06,4.219773619793441112e-06,4.111794722735700079e-06,4.079923984400003971e-06,3.939480980143614619e-06,3.835679033624977369e-06,3.808715228881364704e-06,3.677300382313995791e-06,3.577901490861239154e-06,3.555285962896682397e-06,3.432572141217208916e-06,3.337717648371021922e-06,3.243459476033378087e-06,3.248242971845177739e-06,3.154662994993377226e-06,3.061946606478952387e-06,3.066556757033882317e-06,2.974767704159130847e-06,2.884084065591308357e-06,2.794617397054185333e-06,2.798973604034443933e-06,2.710761726687543654e-06,2.623967738640495673e-06,2.628120713977231172e-06,2.542765426010265803e-06,2.459000865744819944e-06,2.462942981700168993e-06,2.380773737945243512e-06
2.030286746272135439e-06,2.102425235128759741e-06,2.176116277612355562e-06,2.172952026913432313e-06,2.248074008731183265e-06,2.324619129908530064e-06,2.321276665355042400e-06,2.399112157650604296e-06,2.478216099708023726e-06,2.474700962174234777e-06,2.554930216200638188e-06,2.636248100037737702e-06,2.718554866247984642e-06,2.714822382179665765e-06,2.797960763910274767e-06,2.881871605573468525e-06,2.877989381429250605e-06,2.983694073276587925e-06,3.093306534339703281e-06,3.182113843216957241e-06,3.202859490404813223e-06,3.320518188721115281e-06,3.413477041035305660e-06,3.438181063756464358e-06,3.564231716171998475e-06,3.661180679195581701e-06,3.690354591113623526e-06,3.825103490294790098e-06,3.964308925287767981e-06,4.066758463641030681e-06,4.103693047703967458e-06,4.251944079291233031e-06,4.357571884474415187e-06,4.400429806331393337e-06,4.557863335541176655e-06,4.719903788328227903e-06,4.829262688255255751e-06,4.882224046306311477e-06,5.053445038797527131e-06,5.164387895339704977e-06,5.224944387346492292e-06,5.405177358835915391e-06,5.516785855345275506e-06,5.585648562939558714e-06,5.774553961973741365e-06,5.967577328874312669e-06,6.078007803555447479e-06,6.160640450687361227e-06,6.361426038513760630e-06,6.469340142735222240e-06,6.562045830085791349e-06,6.769678366864417705e-06,6.980251724831183802e-06,7.081134029835819439e-06,7.190120990494747818e-06,7.405595744141626979e-06,7.499313241993526866e-06,7.619904617349359380e-06,7.838562324041831490e-06,7.922816802120472167e-06,8.136474611007034883e-06,8.275226628590549269e-06,8.494509351106651913e-06,8.559630337491880929e-06,8.710900367104805990e-06,8.927350844960740611e-06,8.976230541111837426e-06,9.140130741581278454e-06,9.350641407241256007e-06,9.556715974752222903e-06,9.575385730565282212e-06,9.757838768711241717e-06,9.952525401914954961e-06,9.947347244392756784e-06,1.014186850106703358e-05,1.032127483805977783e-05,1.049107880759824085e-05,1.044423606831212387e-05,1.065537201607136740e-05,1.080352468402135641e-05,1.072604274715339051e-05,1.094761840340091421e-05,1.107006835295790413e-05,1.096027556542272799e-05,1.119162384966335484e-05,1.128470723314281146e-05,1.136056192618659995e-05,1.119991106960484033e-05,1.144328906790782157e-05,1.148518455923392102e-05,1.129257328513574769e-05,1.154434628717082498e-05,1.155092718014018791e-05,1.153697855814599732e-05,1.129980113855647301e-05,1.156148757755110114e-05,1.151247052223301866e-05,1.125419091061830867e-05,1.152522553388224704e-05,1.144433986363229244e-05,1.117343905636641612e-05,1.106556956467534075e-05,1.134843009755539174e-05,1.122468646511019539e-05,1.094899144715647039e-05,1.124583033088820350e-05,1.110739790075018421e-05,1.084820496047129077e-05,1.116214673995830816e-05,1.102016961457640852e-05,1.087266941256170196e-05,1.065664315320191731e-05,1.099312678943150772e-05,1.086075707306254140e-05,1.069639405858546412e-05,1.105629642805967568e-05,1.095250526339245820e-05,1.085892552648073013e-05,1.078549507260246343e-05,1.117339022836384486e-05,1.112663120568163698e-05,1.112970514255883650e-05,1.154041891246086519e-05,1.154874127572800531e-05,1.162995696917461892e-05,1.205841634888607104e-05,1.212511971269336645e-05,1.221743716119879665e-05,1.240233698221421329e-05,1.283914460224062622e-05,1.298628804403947757e-05,1.322691644649143167e-05,1.365639920166215380e-05,1.384565184333116549e-05,1.405465873003001746e-05,1.434342627616908873e-05,1.473743519834969979e-05,1.496158993081264143e-05,1.524708708389741017e-05,1.559122911486928901e-05,1.580445689979696449e-05,1.605690377979731868e-05,1.633121022426849446e-05,1.650660776646142635e-05,1.667131126365190772e-05,1.684181369641199425e-05,1.699909142815859701e-05,1.709485141186309316e-05,1.717517496345268938e-05,1.723080072041795519e-05,1.724485012898095414e-05,1.724485012898095414e-05,1.723712412656411394e-05,1.718443368261141226e-05,1.710800618790178689e-05,1.702008308548300555e-05,1.686620361843990632e-05,1.670162221992075417e-05,1.654816684992990722e-05,1.638635286005783205e-05,1.611711225110124151e-05,1.587587666995472543e-05,1.568192154351183708e-05,1.534415710405866870e-05,1.507478952422124392e-05,1.487654697632918404e-05,1.449003774581383792e-05,1.422318571390298518e-05,1.404712019566143726e-05,1.389428290793291281e-05,1.347307719718170296e-05,1.326393514745640749e-05,1.315970701688654493e-05,1.273083195527807935e-05,1.258380597955378453e-05,1.253986769524092266e-05,1.252374895888999529e-05,1.210122806455802236e-05,1.206645723577790361e-05,1.211188084879617032e-05,1.170484090837484754e-05,1.175274654547015909e-05,1.185460214988712051e-05,1.146750238454799820e-05,1.159521344938444066e-05,1.174339411457220603e-05,1.190087373089536301e-05,1.153667820180130251e-05,1.175769678167179725e-05,1.194071872019591789e-05,1.159631899236024196e-05,1.186885310704560195e-05,1.206257148615095613e-05,1.224811942171257889e-05,1.192094701203490828e-05,1.223406080839598073e-05,1.241011044031314443e-05,1.209680551326593102e-05,1.242335883250042207e-05,1.257815662804562026e-05,1.227597839716598220e-05,1.241023188715540041e-05,1.272589490048155954e-05,1.282750640442578773e-05,1.253375481773320110e-05,1.283204187028157808e-05,1.289495758857038107e-05,1.260892482481937387e-05,1.288104097212179230e-05,1.290235414101016345e-05,1.290002962632437873e-05,1.262241991439301193e-05,1.284217123355464712e-05,1.279871850888453255e-05,1.252911052128625688e-05,1.271179704615330330e-05,1.262917596658414398e-05,1.252695948401690474e-05,1.226957557712594791e-05,1.239417420907001129e-05,1.225837479422666693e-05,1.201134539291173949e-05,1.209922718231538325e-05,1.193418507716469030e-05,1.169846965954227223e-05,1.175169799595064975e-05,1.156212285691166465e-05,1.136172637410343051e-05,1.114434402683547731e-05,1.115066034199997814e-05,1.093301939985333650e-05,1.072906039459710784e-05,1.070858376178808297e-05,1.047813022807967325e-05,1.024269980744511754e-05,1.005948846103739350e-05,1.000514523183834874e-05,9.763062719516105365e-06,9.594013915301023373e-06,9.521493725548244003e-06,9.276263729079145545e-06,9.121270605912131890e-06,8.882366962567638368e-06,8.788457950591969242e-06,8.543979712231865900e-06,8.409387429972071463e-06,8.304918401567146195e-06,8.064048804699306807e-06,7.942500290477747516e-06,7.830045784965685804e-06,7.594708607140158422e-06,7.362679103559293253e-06,7.259423958730003687e-06,7.139141259349179832e-06,6.914817998283289870e-06,6.822881641250336495e-06,6.699810747805087790e-06,6.484213141644773151e-06,6.273237440317641380e-06,6.196762962903578128e-06,6.072403534484166562e-06,5.871164362864125973e-06,5.804013851575345637e-06,5.680415762537539038e-06,5.489286787120217414e-06,5.430656852407272202e-06,5.308842344114474143e-06,5.128005896078895263e-06,4.952331854666565522e-06,4.905026584811701005e-06,4.787394602221894476e-06,4.622007255175828497e-06,4.581335312820947570e-06,4.467259331094429300e-06,4.311999909842009995e-06,4.161730218917173662e-06,4.129741126338540363e-06,4.021813738671870603e-06,3.881276563180669808e-06,3.854281216740410277e-06,3.750808717927833444e-06,3.619656927202644557e-06,3.597078473482982408e-06,3.498238168903999078e-06,3.376081065206199992e-06,3.258294785923283947e-06,3.263280144046744494e-06,3.169895727269535400e-06,3.077368580715797809e-06,3.082161649632133501e-06,2.990549195824662641e-06,2.900035850537759620e-06,2.810733191632041855e-06,2.815247154802145613e-06,2.727186817941124595e-06,2.640538199419022683e-06,2.644830424561898261e-06,2.559608323935422781e-06,2.475970951339530474e-06,2.480034323179033613e-06,2.397980476067306577e-06,2.317656166339414868e-06
1.974085259676670347e-06,2.044535578193495534e-06,2.116589118290369994e-06,2.190190417549691855e-06,2.186931559232045523e-06,2.261954002387649195e-06,2.338394590837214979e-06,2.334942540457413063e-06,2.412663339163929987e-06,2.491647429970384230e-06,2.488007238802683932e-06,2.568106197699254028e-06,2.649288511852014904e-06,2.731454407281649800e-06,2.727575731789466995e-06,2.810562589393607698e-06,2.913923289344963752e-06,2.929553066437574338e-06,3.017095868244302649e-06,3.128321439799703845e-06,3.243651527291401772e-06,3.239409969036944944e-06,3.358893141631866397e-06,3.482664593002769285e-06,3.478297850802540260e-06,3.606405036056667302e-06,3.738965825503556135e-06,3.768602899486413585e-06,3.871556356566510872e-06,4.013208184001328153e-06,4.159508972322240646e-06,4.154950071297537970e-06,4.305931858402624282e-06,4.461646786158840568e-06,4.505585807175437018e-06,4.617526996739847212e-06,4.782762735218749013e-06,4.952757879116636890e-06,4.948190105758275234e-06,5.122936043652013874e-06,5.302376246213398792e-06,5.297873700843384373e-06,5.481974306731420529e-06,5.670619550812577712e-06,5.741968653886103125e-06,5.859352763591688967e-06,6.056770332274606101e-06,6.258309759849308297e-06,6.254146997521505574e-06,6.459675705762420736e-06,6.668888926619316257e-06,6.765561962959905114e-06,6.877672242277266200e-06,7.093482738165455810e-06,7.312032953763201291e-06,7.308508725821038971e-06,7.529514274491043186e-06,7.752412490642933456e-06,7.749271103846140562e-06,7.973706408676430290e-06,8.198990383542357875e-06,8.424516355773455973e-06,8.422020889885243312e-06,8.647318438419271524e-06,8.871489806331314578e-06,8.869620226661705588e-06,9.092133077853621354e-06,9.311927354720100469e-06,9.484908241002404893e-06,9.527373503774675748e-06,9.739349731439127456e-06,9.945789394433836712e-06,9.946263028953675341e-06,1.014657604157179403e-05,1.033930059404517278e-05,1.054526344808257643e-05,1.052608452182229447e-05,1.070078810399919293e-05,1.086436747114406586e-05,1.087003272449150677e-05,1.102242144274834702e-05,1.116133232061518617e-05,1.117102632133225835e-05,1.129691881257054217e-05,1.140705969980974830e-05,1.165253856150255676e-05,1.151821962855589898e-05,1.159605996357999348e-05,1.165502581090404042e-05,1.168228898245782723e-05,1.172523896074852965e-05,1.174786152521459652e-05,1.201489182811967511e-05,1.179482437126529974e-05,1.178052283291593054e-05,1.174472084573357933e-05,1.180926958201285769e-05,1.175939934947258222e-05,1.168854104677378324e-05,1.177800999256153834e-05,1.169619287211872385e-05,1.159500342875517232e-05,1.147530933012315755e-05,1.160823930920605883e-05,1.148400061574588353e-05,1.134467983578759474e-05,1.151829407183128205e-05,1.138075073752930144e-05,1.123274634935973779e-05,1.156378428792720419e-05,1.131460121729845854e-05,1.117076202224418894e-05,1.102502313589440333e-05,1.131699617669257302e-05,1.119121544951490977e-05,1.107024032592088402e-05,1.144835803198584159e-05,1.132464059617463728e-05,1.124217105221279600e-05,1.117463752448971875e-05,1.159581265938097454e-05,1.156330703177133074e-05,1.155144784764256309e-05,1.201968111339523391e-05,1.204463517792887313e-05,1.209420388954353024e-05,1.253987726761845244e-05,1.268192015290381202e-05,1.279246158032786432e-05,1.293001584899754115e-05,1.345306589012154471e-05,1.361691760023013665e-05,1.380501916284285095e-05,1.424437631028341826e-05,1.451927388585284622e-05,1.473969835008602195e-05,1.497592138222294744e-05,1.543464261727787711e-05,1.566304896497850766e-05,1.589770970195378429e-05,1.628679584372215056e-05,1.649530543436859685e-05,1.669960035800545657e-05,1.695918848706522793e-05,1.715710917327759106e-05,1.730422486905655444e-05,1.743436038009269352e-05,1.758029509639027726e-05,1.764990974009269967e-05,1.769730534650309402e-05,1.772238436431653575e-05,1.772238436431653575e-05,1.770056524834878162e-05,1.765995782817718343e-05,1.759793082124330301e-05,1.745199610494571588e-05,1.733076177420918811e-05,1.719434698352149333e-05,1.700453469467219715e-05,1.674978667695756955e-05,1.656108778110392858e-05,1.637116493093065765e-05,1.598207878916229477e-05,1.576927430017903767e-05,1.556620170963050453e-05,1.510748047457557825e-05,1.490020103221989443e-05,1.471238349888786419e-05,1.446496065749342158e-05,1.403437257181038815e-05,1.388604616451881093e-05,1.376531956927170137e-05,1.324226952814769612e-05,1.315093828322029274e-05,1.308940223341525572e-05,1.299183599349379933e-05,1.255310337158639306e-05,1.255694889143797999e-05,1.258695648149470106e-05,1.211872321574203193e-05,1.218661880756285727e-05,1.227575050034089335e-05,1.185457536544964264e-05,1.197883746283453088e-05,1.211765847747107068e-05,1.230046661583805263e-05,1.191876914826553173e-05,1.209397491199568374e-05,1.227229612693422645e-05,1.198032308635821826e-05,1.217653737877504200e-05,1.236845064951298545e-05,1.267627263938431710e-05,1.233197353947837169e-05,1.252240708368599433e-05,1.269922189448351892e-05,1.252560773242894391e-05,1.270087607546468773e-05,1.285761373135161384e-05,1.272468415735162151e-05,1.287334407847884897e-05,1.299991885696579251e-05,1.310352857386156822e-05,1.301406204313241084e-05,1.310314106113394443e-05,1.316770805683238494e-05,1.310316631713401148e-05,1.315021812390075484e-05,1.317241762598701717e-05,1.342446021077585703e-05,1.313013919928917141e-05,1.310908248822633185e-05,1.306474286441103977e-05,1.303752341814129032e-05,1.297437912467618376e-05,1.288972788993513059e-05,1.304245762721539348e-05,1.276938786822720358e-05,1.264770253458427160e-05,1.250815488339528643e-05,1.249860793888610643e-05,1.234412811605762453e-05,1.217441040131701118e-05,1.216896211652291673e-05,1.198649084203882625e-05,1.179147370398480846e-05,1.181361108563583220e-05,1.158344803047906053e-05,1.136807260581343464e-05,1.114416058153466754e-05,1.114411900167412595e-05,1.091329777638684477e-05,1.067626094244915589e-05,1.062913414623398480e-05,1.043577733963860033e-05,1.018997294089235550e-05,9.941127262371234630e-06,9.943683046721610123e-06,9.692995852078224316e-06,9.441058065698665748e-06,9.444348184990208433e-06,9.192180548517667584e-06,8.940298325731962188e-06,8.689381703316866967e-06,8.693453125641718905e-06,8.444288754246851082e-06,8.197259899748210216e-06,8.201805124960849963e-06,7.957556376580049846e-06,7.716391131408850573e-06,7.591423259874272311e-06,7.483763834000788718e-06,7.250028475641212515e-06,7.020432628358197458e-06,7.025782202627864183e-06,6.800676494955443451e-06,6.580197969940070892e-06,6.449395869431616415e-06,6.370178091147351387e-06,6.159550398163986562e-06,5.954020286535783259e-06,5.959802938723843394e-06,5.759503517419465568e-06,5.564466898069851241e-06,5.570332930202908938e-06,5.380623549776666080e-06,5.196247663097666398e-06,5.071582486165468800e-06,5.023105479384711668e-06,4.849395691723673861e-06,4.680987201672723944e-06,4.686841562577594686e-06,4.523672441913610447e-06,4.365708477555397514e-06,4.251097484313304386e-06,4.218624355735173863e-06,4.070832202517218413e-06,3.928024247352775556e-06,3.933631804921494428e-06,3.795669095567312333e-06,3.662504057136702097e-06,3.667950855880004972e-06,3.539424047282644765e-06,3.415487942338202725e-06,3.318077365707301727e-06,3.301228374396465265e-06,3.186078358840449733e-06,3.093745791910773345e-06,3.098726592474200364e-06,3.007295037820084262e-06,2.916955784291890831e-06,2.827820443832173863e-06,2.832494994586462145e-06,2.744588564673747761e-06,2.658087229891818710e-06,2.662520179644199429e-06,2.577432314693146749e-06,2.493922764645354775e-06,2.498107626835350018e-06,2.416169023463589833e-06,2.335953800665499251e-06,2.257524071663369263e-06
1.992293786032788729e-06,1.989222319022032295e-06,2.059593522922145870e-06,2.131562932148834970e-06,2.205075000273592718e-06,2.201721729416836742e-06,2.276644500711383587e-06,2.352980083654061928e-06,2.349417623781014760e-06,2.427022543059884326e-06,2.505885223377333151e-06,2.502118034801541061e-06,2.582084359250083441e-06,2.663128358017918689e-06,2.745150219958731117e-06,2.757700934211886222e-06,2.860130012289889369e-06,2.946826627804887153e-06,2.962350940471603085e-06,3.072839371319868255e-06,3.164231138649956125e-06,3.281308272935166908e-06,3.302164164434245351e-06,3.398215001786144430e-06,3.523960940289785886e-06,3.548983223336088748e-06,3.681537047698651891e-06,3.784372800507932774e-06,3.814123656038799493e-06,3.956175123888525693e-06,4.063242034446436471e-06,4.212184634802629830e-06,4.250199726590858467e-06,4.407078616271925584e-06,4.519815037023548078e-06,4.564171515411234889e-06,4.731190599051847738e-06,4.847050037889850950e-06,5.020485597830244537e-06,5.075723720279813125e-06,5.194008373337383746e-06,5.377238246660260472e-06,5.440698590712173048e-06,5.633132549102769369e-06,5.753327210525447425e-06,5.825818005146664781e-06,6.028024104499096284e-06,6.148053740362448746e-06,6.354293719007939308e-06,6.441833997202114204e-06,6.657563777986512807e-06,6.774542881947329391e-06,6.873144576386471717e-06,7.096772088308873890e-06,7.209509144826752749e-06,7.433618438320416087e-06,7.550182319124153076e-06,7.656564548072929781e-06,7.885308854594592410e-06,8.014729930190820899e-06,8.251551619445275749e-06,8.343710193702872459e-06,8.575393900971620893e-06,8.725014028868309529e-06,8.804238160636456174e-06,9.034672154945931323e-06,9.198264498855220636e-06,9.433717005151502589e-06,9.487506839365642246e-06,9.665231191567363398e-06,9.894487090180408971e-06,9.927185575045171723e-06,1.013961249818491629e-05,1.033814254070214194e-05,1.055030239952368949e-05,1.054461254903259924e-05,1.075670769446719630e-05,1.095211390207900992e-05,1.091675433043342206e-05,1.108506055700079106e-05,1.131584562272874886e-05,1.124796074965697268e-05,1.139082227225620604e-05,1.163338417635312768e-05,1.176560242496098848e-05,1.164397319955227364e-05,1.189759224464889802e-05,1.199710682821242790e-05,1.183904041094688152e-05,1.189947106691941025e-05,1.216671011243794077e-05,1.220914643958266309e-05,1.199630714689182670e-05,1.227317888399474048e-05,1.227646938738346973e-05,1.203255099954199396e-05,1.199592568243287998e-05,1.228422999009516140e-05,1.201557878224282328e-05,1.194358571449863976e-05,1.224284170498307533e-05,1.215043929303207447e-05,1.185631668197434808e-05,1.173555966864858556e-05,1.204870490195851205e-05,1.175574558179351912e-05,1.161651817746179543e-05,1.194600868171916242e-05,1.179485136058317635e-05,1.152292263997453501e-05,1.187218427203116587e-05,1.172055231353501839e-05,1.148768105972062360e-05,1.134749728858358420e-05,1.172231602736330788e-05,1.158737093696147285e-05,1.143235338145303493e-05,1.183302076405254948e-05,1.173405987177769466e-05,1.165371865804493387e-05,1.160006330113230303e-05,1.203023904294542471e-05,1.203253991742690318e-05,1.203755906764336093e-05,1.249014883673347101e-05,1.252287914011614529e-05,1.264493583699314425e-05,1.311245188040092374e-05,1.320887381057019922e-05,1.340641039433777926e-05,1.356281059487543235e-05,1.403059827484520363e-05,1.421028589657837845e-05,1.448985940083357112e-05,1.493990265594995919e-05,1.515631303924266861e-05,1.545863764828766328e-05,1.570266716329698925e-05,1.609844377182396608e-05,1.639132390140357167e-05,1.662481277199435602e-05,1.695292755959417884e-05,1.716063104629413286e-05,1.739604650973246752e-05,1.763545649691247526e-05,1.778592047524273941e-05,1.793846591249838771e-05,1.804409148812992998e-05,1.814428808431820195e-05,1.819323896937038459e-05,1.820951228537305225e-05,1.820951228537305225e-05,1.819677807008305355e-05,1.815520388211103474e-05,1.805838242107224201e-05,1.796130092974564370e-05,1.781482575415454722e-05,1.767608141907707204e-05,1.744139271733943675e-05,1.721546273446665701e-05,1.702488825541614528e-05,1.670293188217728995e-05,1.649060224890506299e-05,1.621482928028805269e-05,1.582664297539032797e-05,1.561101941872090724e-05,1.533222436531071170e-05,1.515149610699663905e-05,1.471044374804357613e-05,1.446146519807218469e-05,1.432512467357247347e-05,1.386638346866624698e-05,1.375656691708704607e-05,1.360039673759819475e-05,1.355695037737518123e-05,1.309689456286848945e-05,1.302278622552288823e-05,1.304742372100532675e-05,1.260011281437301973e-05,1.265252026362433857e-05,1.270607849731619445e-05,1.227822003594856802e-05,1.239029027395243048e-05,1.253002060944875043e-05,1.268830548312439845e-05,1.228446196530711452e-05,1.250081836540074848e-05,1.269229843718293345e-05,1.231027033871609804e-05,1.250289057627644941e-05,1.279704485804502269e-05,1.299792150694115395e-05,1.263541099626385399e-05,1.296675027750139272e-05,1.316073934712605942e-05,1.281426636712919956e-05,1.299107682338936697e-05,1.333836176088494894e-05,1.300491166217498086e-05,1.315603163923806963e-05,1.349992033971503758e-05,1.361643667976239101e-05,1.329287411965720022e-05,1.338407570701008262e-05,1.369452447415482701e-05,1.337997290978373046e-05,1.342855448482953422e-05,1.370855163519519485e-05,1.371082427973238848e-05,1.340589698259310529e-05,1.364901647925164105e-05,1.360557519765683121e-05,1.330977267418632248e-05,1.324523243246565018e-05,1.342509987119460631e-05,1.331603079070099531e-05,1.303400011138393731e-05,1.317212340284930345e-05,1.302560692708499181e-05,1.275526092619993494e-05,1.259644306994736026e-05,1.267359246881411500e-05,1.241599020922138536e-05,1.222828113460958912e-05,1.226866639411492185e-05,1.205043195522339546e-05,1.181343961504837794e-05,1.182040202623308132e-05,1.158325209207400779e-05,1.136134466663789712e-05,1.112384723772960734e-05,1.108770110452028780e-05,1.083132788202400162e-05,1.063268712404017917e-05,1.057290203527612247e-05,1.030959023477736817e-05,1.012679720687287041e-05,9.869126135175470207e-06,9.780880032017591407e-06,9.613776923437604755e-06,9.354745713496211064e-06,9.252051340653107286e-06,8.987294645860448538e-06,8.842883742792083556e-06,8.587208820076631857e-06,8.468642152549832935e-06,8.338683732706911840e-06,8.088248459514294308e-06,7.962607388408729731e-06,7.712740604184893935e-06,7.602963965714647976e-06,7.472610216008126472e-06,7.231629735237407568e-06,7.134281576694674281e-06,6.903954459625553697e-06,6.770225203356682231e-06,6.544435232602395729e-06,6.463983552641582476e-06,6.330091874058855795e-06,6.115270230750408861e-06,6.044953231219916014e-06,5.840452455832601447e-06,5.708718282357827490e-06,5.647622612238598391e-06,5.454101995410587091e-06,5.325089311720830050e-06,5.138758101131888309e-06,5.089855078838322123e-06,4.964338729827310888e-06,4.789363605671077365e-06,4.747558459119193051e-06,4.581468412392187550e-06,4.462290931161533272e-06,4.303912527432543951e-06,4.271348418498040299e-06,4.156895331482456484e-06,4.009140211054660455e-06,3.981854692580400863e-06,3.841712780990166461e-06,3.734832991598201921e-06,3.712192174870149742e-06,3.581738206927651261e-06,3.480052817083836977e-06,3.356962668118086029e-06,3.340259206685442413e-06,3.243805766635938494e-06,3.129715943809130972e-06,3.116314067358934043e-06,3.025067473251391452e-06,2.934905837374440179e-06,2.845940819397040856e-06,2.850778453833780655e-06,2.763027933165404841e-06,2.676675404918688402e-06,2.681250136992794210e-06,2.596297114836744397e-06,2.512915558384708824e-06,2.517221660413984835e-06,2.435397643182481850e-06,2.355290457021624889e-06,2.276962323036198573e-06,2.280906546712923357e-06
1.939631350759281643e-06,2.008358347923058288e-06,2.005214578893126817e-06,2.075508255212352276e-06,2.147394812629519332e-06,2.220818608445459428e-06,2.217371551260767534e-06,2.292194931814530368e-06,2.368425432732389142e-06,2.364752116619905028e-06,2.442240326894834036e-06,2.520980371737036542e-06,2.517084552835895185e-06,2.596916189565737364e-06,2.692954475722543685e-06,2.792859374347773294e-06,2.788677748634266997e-06,2.892497749138843133e-06,3.000419619779935461e-06,2.996036129081724564e-06,3.108111527227172897e-06,3.224520671194315205e-06,3.319936197497603994e-06,3.340747021971685962e-06,3.466101202175559504e-06,3.596118421173878480e-06,3.591329364098016992e-06,3.726062593847020173e-06,3.865658341565483931e-06,3.860734328146159934e-06,4.005243135446849353e-06,4.154788311520583131e-06,4.309442301735033814e-06,4.304386571629631268e-06,4.464188430928790397e-06,4.629215799017187044e-06,4.624104226825599829e-06,4.794384756666459468e-06,4.969954703502811851e-06,5.089783313369282529e-06,5.145700464895446507e-06,5.331857338592938917e-06,5.523266022400916689e-06,5.518198863923717975e-06,5.714830609230207753e-06,5.916579241273472003e-06,5.911617865829975586e-06,6.118420211388106567e-06,6.330092961093181195e-06,6.546460961792616238e-06,6.541732470260977443e-06,6.762660010857823357e-06,6.987828163382538739e-06,6.983348871472004506e-06,7.212563303780644792e-06,7.445395906549216246e-06,7.558277490104043170e-06,7.677423506731263767e-06,7.916415318083874056e-06,8.157719556331255155e-06,8.154108000621031641e-06,8.397338546182186528e-06,8.641735192373657109e-06,8.730323963436569968e-06,8.883742444723079394e-06,9.128610494253426639e-06,9.372450987898321454e-06,9.370278109304052631e-06,9.612500593148172118e-06,9.851910905905920081e-06,9.850663613347828589e-06,1.008662829923808780e-05,1.031773782716768924e-05,1.054285295214777496e-05,1.054337500155441184e-05,1.076183839629640052e-05,1.097197629483051234e-05,1.097447473838829194e-05,1.117570805215457037e-05,1.136597999730961116e-05,1.131244926006043227e-05,1.155047968546602873e-05,1.171600545322434633e-05,1.186649336691397617e-05,1.187781770482148037e-05,1.201385743869188812e-05,1.213227271276648433e-05,1.215048024871440992e-05,1.225281303949761851e-05,1.233520265029757385e-05,1.239643909826415375e-05,1.242858649415057644e-05,1.247213087405830844e-05,1.249292886694435085e-05,1.254039123660362893e-05,1.254388436157632694e-05,1.252383903464760517e-05,1.225622145245055542e-05,1.255631840596495276e-05,1.249733362674107884e-05,1.241520044199358697e-05,1.252115504578447189e-05,1.242781126097805245e-05,1.231339828626462797e-05,1.200766424651930863e-05,1.233616172665630316e-05,1.219831933651259512e-05,1.204473389225352773e-05,1.224932916246451487e-05,1.209968167624183509e-05,1.193985514330811950e-05,1.219900373373089403e-05,1.205139832255735529e-05,1.190029195055822101e-05,1.174915643250903337e-05,1.208888897269140230e-05,1.196230036175087920e-05,1.184338595770179450e-05,1.224543859947531047e-05,1.215847389110985168e-05,1.208665153735047312e-05,1.205775680714366325e-05,1.251309294255458605e-05,1.249989623248483261e-05,1.251154112225719083e-05,1.303735037261418260e-05,1.308899903280261819e-05,1.316899187390002512e-05,1.372511367766995526e-05,1.384079204060047397e-05,1.398520101658628299e-05,1.415864131992169712e-05,1.472070945208193384e-05,1.491697835034472218e-05,1.513743175619371697e-05,1.567285141627817690e-05,1.590006579534879053e-05,1.614316747276325168e-05,1.646100175564217479e-05,1.685364933591204507e-05,1.708931283348732037e-05,1.732568327483129431e-05,1.768842495812198972e-05,1.788475387367380044e-05,1.807031939557556118e-05,1.831777381147580737e-05,1.844613167460179722e-05,1.855469763706144398e-05,1.864102270945551486e-05,1.871093063766754745e-05,1.872681456644906522e-05,1.872681456644906522e-05,1.871838738369488453e-05,1.864847945548285193e-05,1.857023924561878599e-05,1.847099959664502117e-05,1.835379365699266353e-05,1.810633924109241396e-05,1.793429258719071696e-05,1.775433539239960987e-05,1.739159370910891447e-05,1.717486702026925472e-05,1.696246197301298653e-05,1.657738726410626140e-05,1.627911136397802103e-05,1.606718121370457515e-05,1.587525161073659243e-05,1.533983195065213081e-05,1.515875365341523327e-05,1.500583262280385326e-05,1.444376449064361823e-05,1.431743651674590339e-05,1.422361185176692012e-05,1.416162200938386154e-05,1.360550020561393309e-05,1.358186786563565179e-05,1.358876726612829995e-05,1.306295801577130987e-05,1.311152526179894583e-05,1.318604906169037974e-05,1.273359626151443639e-05,1.282148814591942765e-05,1.295518293230870750e-05,1.310346215740409722e-05,1.270140951563187044e-05,1.288055245967787411e-05,1.306578609834464636e-05,1.272605355824498003e-05,1.293379074248356627e-05,1.313903883059634544e-05,1.333795670926354796e-05,1.307880812383244870e-05,1.328679844475441949e-05,1.348119270013656879e-05,1.327659748040667517e-05,1.347129553468410212e-05,1.364644934800946748e-05,1.329732135394301999e-05,1.365707802500847148e-05,1.380089021869514317e-05,1.391961057516495842e-05,1.381365814491844140e-05,1.391715554729033508e-05,1.399353629408221353e-05,1.366652191740787445e-05,1.397457059715481387e-05,1.400433628486534984e-05,1.400690534731945309e-05,1.395946550000396891e-05,1.394122665117565752e-05,1.389689819596122845e-05,1.386479733180225494e-05,1.379962301277607109e-05,1.371032067194911563e-05,1.359829569378727842e-05,1.358019003194901059e-05,1.344952156120921916e-05,1.329885271437218125e-05,1.328769254677505264e-05,1.312042612614603515e-05,1.293614916721758906e-05,1.267050131921207024e-05,1.273139745809476740e-05,1.251904443520825263e-05,1.229433071967641798e-05,1.229221138332274340e-05,1.205740475227884096e-05,1.181323022652537641e-05,1.181320323850884734e-05,1.156152440755955027e-05,1.130311530540075095e-05,1.103925860906527618e-05,1.104116750443751890e-05,1.077344957923999452e-05,1.050258648467295045e-05,1.050554834027389155e-05,1.023289207439873371e-05,9.959097532178975536e-06,9.787775988499244871e-06,9.689104112135647033e-06,9.415884100368329156e-06,9.143987366644798059e-06,9.148665296207437171e-06,8.878960778062821736e-06,8.611863873352798755e-06,8.479056597620756409e-06,8.353283856907452672e-06,8.093135426746336862e-06,7.837055414526799589e-06,7.842815753352995448e-06,7.591296122462241731e-06,7.344539807420950628e-06,7.350615929228551567e-06,7.108989686658295476e-06,6.872633312377629089e-06,6.641742073802285808e-06,6.648114716299178336e-06,6.422899484639010320e-06,6.203422628130604118e-06,6.209930308571644616e-06,5.996313435112252417e-06,5.788583284214862478e-06,5.726773265571570063e-06,5.593358851303843014e-06,5.397492852305990125e-06,5.207552251686514725e-06,5.214116379954736568e-06,5.030057420274001225e-06,4.851849952522990127e-06,4.858342311650326054e-06,4.685894178601999182e-06,4.519164764409643291e-06,4.358072288159149969e-06,4.364395472689560811e-06,4.208794339213831932e-06,4.058633707433734200e-06,4.064783579592477807e-06,3.919890481677842386e-06,3.780213007794439926e-06,3.757654947001465559e-06,3.651501515440377714e-06,3.521817303278355438e-06,3.396978332068945523e-06,3.402607391286938405e-06,3.282400671005277978e-06,3.166778588121742509e-06,3.172148422077885294e-06,3.060890048496105182e-06,2.953952129004512460e-06,2.865160070217840255e-06,2.870162885248407238e-06,2.782569846890990078e-06,2.696367190480329430e-06,2.701084278565664905e-06,2.616266197465475451e-06,2.533012273608942238e-06,2.537438811328775750e-06,2.455728148961822521e-06,2.375727356932855698e-06,2.297498779972528863e-06,2.301535850270602603e-06,2.225037769158232932e-06
1.889681031044676116e-06,1.956663152953175915e-06,2.025325696754027826e-06,2.022112054654585347e-06,2.092330324379720377e-06,2.164135829717276406e-06,2.237472818217380883e-06,2.233933091315811347e-06,2.308657835571560954e-06,2.384783632837569409e-06,2.380999448801204926e-06,2.458370534288649441e-06,2.536987109712371811e-06,2.545356718098710813e-06,2.640090350596159018e-06,2.723666330650423800e-06,2.824892908061122267e-06,2.837133036474827926e-06,2.925785384359437935e-06,3.035218505813769825e-06,3.050540439699057670e-06,3.144344666082859029e-06,3.262476883761814442e-06,3.385173117959406692e-06,3.406067509197118618e-06,3.507653268800564074e-06,3.639759411121028842e-06,3.665034614086223347e-06,3.771698454576065766e-06,3.913656146450761562e-06,3.943930106161441297e-06,4.093758894868190827e-06,4.207708510174421154e-06,4.365185510346513025e-06,4.404257990646567976e-06,4.522649881049348676e-06,4.690837618606631368e-06,4.736699618510618560e-06,4.859059163653560434e-06,5.038151316935106906e-06,5.222729425088443263e-06,5.280317013755817519e-06,5.407373243607873748e-06,5.602888728026401115e-06,5.669384446696264467e-06,5.798452611652745387e-06,6.004717159947074701e-06,6.081041126461279099e-06,6.297760275112574992e-06,6.427575334404740906e-06,6.649087502173466612e-06,6.741882673741937253e-06,6.870327031884537457e-06,7.101053943133106971e-06,7.206016562629474081e-06,7.331245423163998627e-06,7.570033896223539276e-06,7.812238891799018118e-06,7.937058195877352352e-06,8.053226573435357967e-06,8.301010005954395638e-06,8.440107119115392121e-06,8.546996773628235566e-06,8.798148671028480360e-06,9.049896423467262974e-06,9.211517249946454307e-06,9.298606337514747655e-06,9.549438393421487233e-06,9.726697885650795143e-06,9.796340390028273004e-06,1.004275289595551047e-05,1.023587120149870139e-05,1.048612692909921893e-05,1.052230368205360665e-05,1.075413079273972401e-05,1.097065310759864063e-05,1.097969515825611280e-05,1.119613722508032083e-05,1.142795563190120006e-05,1.140611306200704657e-05,1.160208932745639849e-05,1.178529321813805982e-05,1.203820286959211788e-05,1.196284460852209510e-05,1.211773113879796022e-05,1.238396870796446520e-05,1.227001649552301199e-05,1.239180527856306554e-05,1.267059392599552477e-05,1.277703819459145439e-05,1.260152248825160670e-05,1.266431799079499914e-05,1.295857292249341505e-05,1.274404124143901069e-05,1.276533863886046876e-05,1.307067988835918597e-05,1.282084267931601322e-05,1.280046988326195998e-05,1.275553783292108831e-05,1.307408910350570733e-05,1.277908954295598398e-05,1.269572794107861385e-05,1.302712214483801208e-05,1.271720693225244475e-05,1.260195096196989941e-05,1.246664364302134462e-05,1.281432213864638515e-05,1.250010477336388136e-05,1.234707661153510955e-05,1.271381916642618420e-05,1.242201151401875826e-05,1.226511186445990876e-05,1.265460776258728937e-05,1.249328678366966796e-05,1.225838870639908267e-05,1.211449228141089999e-05,1.253270494124278623e-05,1.236412471512868707e-05,1.225636349871337583e-05,1.270274191383167819e-05,1.261465292179285959e-05,1.255783543290235358e-05,1.252160895008585120e-05,1.299827369504426732e-05,1.303737225826903784e-05,1.306857257249167186e-05,1.356603347763210977e-05,1.369645560212706400e-05,1.379726738110506021e-05,1.430494229312612155e-05,1.443532705390679734e-05,1.467982411365419505e-05,1.487270097241406830e-05,1.536911877797956965e-05,1.566490413687941704e-05,1.589976454487391770e-05,1.636460470741002516e-05,1.667978579618435131e-05,1.692928271700455846e-05,1.718816088532965794e-05,1.757510750654604444e-05,1.786779192371257735e-05,1.809652666693714395e-05,1.839485448359037774e-05,1.862028842643470111e-05,1.878655407724956218e-05,1.897554362607528462e-05,1.908698679526737952e-05,1.918282032485416072e-05,1.923697311713891552e-05,1.926605406956633407e-05,1.926605406956633407e-05,1.924081923895170016e-05,1.919469121663082409e-05,1.910390705685968289e-05,1.900265679053758083e-05,1.881807582227557714e-05,1.866466264381045161e-05,1.844904186414883483e-05,1.815650912105940505e-05,1.794661179292796762e-05,1.766892647412581874e-05,1.728944303287844626e-05,1.705696056972726918e-05,1.683800691430130557e-05,1.654810231629456115e-05,1.609279121259909475e-05,1.589701155196430432e-05,1.563441482962080832e-05,1.514807582045568745e-05,1.500246642279643067e-05,1.479928449489362293e-05,1.472384714525045640e-05,1.422524679263719249e-05,1.418170863138514733e-05,1.410391219364119658e-05,1.361353096131448316e-05,1.364392853560415705e-05,1.366364243898181191e-05,1.319108516964916318e-05,1.329096617530952204e-05,1.341158195677794961e-05,1.356478731476586311e-05,1.311665308303367664e-05,1.328677618440489572e-05,1.352241285472191829e-05,1.309797637851252383e-05,1.330068396739075361e-05,1.360274091500629312e-05,1.381979889925647622e-05,1.341722452403485929e-05,1.362438664509572499e-05,1.398034367991622829e-05,1.359620990471456449e-05,1.379225452217006479e-05,1.416683334851213294e-05,1.379788451201710689e-05,1.396822492559141623e-05,1.411437280012322924e-05,1.447699866431393230e-05,1.411960902372276951e-05,1.422551069099151986e-05,1.456724060072232338e-05,1.422037462024988667e-05,1.427966424838871502e-05,1.431044800093086452e-05,1.459741961114818193e-05,1.426156364519332183e-05,1.424321019703142735e-05,1.448841487871785453e-05,1.416299247064922679e-05,1.409636621888998461e-05,1.429627201472725248e-05,1.417986137496513584e-05,1.386999548773810410e-05,1.373571129739373337e-05,1.386527010954357994e-05,1.356863078156414231e-05,1.339654062381297296e-05,1.348223611085138434e-05,1.319999594897255810e-05,1.299572680881103551e-05,1.277704269135592132e-05,1.280231264092084120e-05,1.254331512571105828e-05,1.230148924860426382e-05,1.229198750486553955e-05,1.204999595284276598e-05,1.179083399967542071e-05,1.175086015615600431e-05,1.147102750165824251e-05,1.125520796533156028e-05,1.097968065198881980e-05,1.090220951708130002e-05,1.070417550524145809e-05,1.042372401203476997e-05,1.032674133388891329e-05,1.014627013952947346e-05,9.864838985229870601e-06,9.584092885749180085e-06,9.464993646416680961e-06,9.309827820287213532e-06,9.032909747980445977e-06,8.903468708139906083e-06,8.764352678137866438e-06,8.493736527183712694e-06,8.226964297257313092e-06,8.087437633405945085e-06,7.970631382362228652e-06,7.712934517544017121e-06,7.569845835692029588e-06,7.466709446512049818e-06,7.219371264075883794e-06,7.074778414599020274e-06,6.832828120516941220e-06,6.748181520921094882e-06,6.517958008605439067e-06,6.374229235670964610e-06,6.300609761003082793e-06,6.082441944791643868e-06,5.940976899091044725e-06,5.877344555936547797e-06,5.671434504089036970e-06,5.471670200448428517e-06,5.335466635661440597e-06,5.284967258166582404e-06,5.097413060227806168e-06,4.965645329992132175e-06,4.922741014170297899e-06,4.747172904067021498e-06,4.620366048991699747e-06,4.453354061906485884e-06,4.420281923094343821e-06,4.262073344555917995e-06,4.143398947977512122e-06,4.115902033817551032e-06,3.968704145107036916e-06,3.855690903094461033e-06,3.833072607802208849e-06,3.696386617284824501e-06,3.564803063358789967e-06,3.460464841458784798e-06,3.444045206084575664e-06,3.322173116789961167e-06,3.223571312203365041e-06,3.210568091830510080e-06,3.097853433219913869e-06,3.004901481897705416e-06,2.899435820671777654e-06,2.890717934260786790e-06,2.803283449123115296e-06,2.717231198477444829e-06,2.722090657579040662e-06,2.637407031647492029e-06,2.554279771569206818e-06,2.558825311083954499e-06,2.477226122311288283e-06,2.397329413291559516e-06,2.319197669691690575e-06,2.323324467476007720e-06,2.246909154134979355e-06,2.172363347131610150e-06
1.910741941901214438e-06,1.907720171814825761e-06,1.974646782078700151e-06,2.043248218357481338e-06,2.039967743486146871e-06,2.110113327070586311e-06,2.181840166380568754e-06,2.255092384420659985e-06,2.251461660450216016e-06,2.326089061643447812e-06,2.402111053709397309e-06,2.398216489909187973e-06,2.486573023215828354e-06,2.578684174017794846e-06,2.574527725560655097e-06,2.670437776191718822e-06,2.770365713763989636e-06,2.857881966966785833e-06,2.869947567314587304e-06,2.978228366556122350e-06,3.071012310983457646e-06,3.086187559135247090e-06,3.203362564494133447e-06,3.325224676173078148e-06,3.426043030219429733e-06,3.446861267316976861e-06,3.578417107096999908e-06,3.684536211242416810e-06,3.709800380695199051e-06,3.851561820392907765e-06,3.998635837482338264e-06,3.993214001586045595e-06,4.145657947667461953e-06,4.303628563664221353e-06,4.422291491332110334e-06,4.461613834705765406e-06,4.630869208841216478e-06,4.753943419491459930e-06,4.800205401676662237e-06,4.981045992740124906e-06,5.167761621922828318e-06,5.296358515477586173e-06,5.354636043529036380e-06,5.553150032308887130e-06,5.684416362817513856e-06,5.751840946840947668e-06,5.962097725268600246e-06,6.178122795441255862e-06,6.172511820602605369e-06,6.394246161789618265e-06,6.621511570878099027e-06,6.754240486239294608e-06,6.848754187949387046e-06,7.086590498049051775e-06,7.217116643906060371e-06,7.324197561193121870e-06,7.571600634864137118e-06,7.823229317332078690e-06,7.946407403604048542e-06,8.074035991328797773e-06,8.332958476442951033e-06,8.448103008695854888e-06,8.590532894001626574e-06,8.854659433232830532e-06,9.120337773213667729e-06,9.217666834136448997e-06,9.383483141141958240e-06,9.650204588993970792e-06,9.731423507005171507e-06,9.913504732216933446e-06,1.017778906135065662e-05,1.043917755651207487e-05,1.043770752765880605e-05,1.069549223241862328e-05,1.094807028253880256e-05,1.097171847957443332e-05,1.119472171525901912e-05,1.143356144069137792e-05,1.142712418482520649e-05,1.166611814326829541e-05,1.188600014568692699e-05,1.209371127855121386e-05,1.203422761515600380e-05,1.229532327062876163e-05,1.247549711699664220e-05,1.237695121848925481e-05,1.265210090997974202e-05,1.279934419920531521e-05,1.292679244106451390e-05,1.294823121150994835e-05,1.305778040373766734e-05,1.314490684466165298e-05,1.294116746460121086e-05,1.324627806992727628e-05,1.329001723351166885e-05,1.304725163943024786e-05,1.336452085273706896e-05,1.336375281232547346e-05,1.333666987375902963e-05,1.304160716750624200e-05,1.337374415377201710e-05,1.330399142083700558e-05,1.298786551521327457e-05,1.333454207665814771e-05,1.322790099742827270e-05,1.309836349869931481e-05,1.276810525253335524e-05,1.313358493801733720e-05,1.298059539931143517e-05,1.266599825771556271e-05,1.305294091006783417e-05,1.289037466819049208e-05,1.271824257378455136e-05,1.302272573909096640e-05,1.286678850058306571e-05,1.270918572869285698e-05,1.250568536038497373e-05,1.294946977162867547e-05,1.282427273268008779e-05,1.270034361150570926e-05,1.317397290636800296e-05,1.309759186232475168e-05,1.304073271920328635e-05,1.304723368919558575e-05,1.355156175097925769e-05,1.356284130726420906e-05,1.366781244086739906e-05,1.419140368101794301e-05,1.427487844334733026e-05,1.439054424962636690e-05,1.500061016135597736e-05,1.515147148561204686e-05,1.533320865685658415e-05,1.563159307508041980e-05,1.614202218027731116e-05,1.637095356416355798e-05,1.670278474914694501e-05,1.717238737778363630e-05,1.742060448951760426e-05,1.768053689082823321e-05,1.800735182690773483e-05,1.838413887753898758e-05,1.861639639107263424e-05,1.888461857152776434e-05,1.916058118398305290e-05,1.933056383169588397e-05,1.948267749400785933e-05,1.966095963814879638e-05,1.974180610748287469e-05,1.979777374329769454e-05,1.981659249146710744e-05,1.981659249146710744e-05,1.980195792988503472e-05,1.975472972866271031e-05,1.968372620167225677e-05,1.950544405753131972e-05,1.936498057913073112e-05,1.920911225994569209e-05,1.893880595208621804e-05,1.868209932530142368e-05,1.847058621383683603e-05,1.810117079448750235e-05,1.779172510328709881e-05,1.756085257618664265e-05,1.734622775847453511e-05,1.688628235803147761e-05,1.658301815474255470e-05,1.639692675639810098e-05,1.589688912672166185e-05,1.563543880604239378e-05,1.550527351044573188e-05,1.540989017926837275e-05,1.479982426753876398e-05,1.474311260281308144e-05,1.472156189478316058e-05,1.420569115687648587e-05,1.415732624226794370e-05,1.421216408371860275e-05,1.371260243313312694e-05,1.376860293700326843e-05,1.389322822428673772e-05,1.403722461188728444e-05,1.356238901244005342e-05,1.375435690040957168e-05,1.394500051261482866e-05,1.349539327388178676e-05,1.376821339880466378e-05,1.398684712671294903e-05,1.420088661672812096e-05,1.389640345394589798e-05,1.412330421114978769e-05,1.433696093935205822e-05,1.393252279484676561e-05,1.431174436242932236e-05,1.450767834543723220e-05,1.412061664754146570e-05,1.451105328389261339e-05,1.467473057568418486e-05,1.481099975672638550e-05,1.443774361069773775e-05,1.480556160055737881e-05,1.489594397549124177e-05,1.453476426906089493e-05,1.487510410885955820e-05,1.491412269761658464e-05,1.492267509270220655e-05,1.457401315360558652e-05,1.485200082812172826e-05,1.480827121156122796e-05,1.447105912298650791e-05,1.470337775407993375e-05,1.460930412353123774e-05,1.448965682995208827e-05,1.446832984304976231e-05,1.432788420242440982e-05,1.416495808940075397e-05,1.385846606824780087e-05,1.397043099478012972e-05,1.376993072378898476e-05,1.347860394315246552e-05,1.354631165356987279e-05,1.331454487482940884e-05,1.306904836065647068e-05,1.280206328140756674e-05,1.280999486063156275e-05,1.254307562660819477e-05,1.229386437073044677e-05,1.226798222842590809e-05,1.198559479986848358e-05,1.169736505425734945e-05,1.169959717306407337e-05,1.140732958400223001e-05,1.111182427869010087e-05,1.090842810897972863e-05,1.081804929285060922e-05,1.051985174165674956e-05,1.033472332241607362e-05,1.022634475195241745e-05,9.929369225102094391e-06,9.634151424527779444e-06,9.475299716870091692e-06,9.347037186121434497e-06,9.057707112817082790e-06,8.915494768527351801e-06,8.778286332356609613e-06,8.497180914150466666e-06,8.220825773026541275e-06,8.101700179437960702e-06,7.956320936943781988e-06,7.690726132377150145e-06,7.585719306834688717e-06,7.437907461452264174e-06,7.184188047054250046e-06,6.936673882402640422e-06,6.943880685748378856e-06,6.702776298362432489e-06,6.468139500316429156e-06,6.393533219013368060e-06,6.247402425653731883e-06,6.025930128348520390e-06,5.961576934878149754e-06,5.818438706399894913e-06,5.610183847355027553e-06,5.408508946829371487e-06,5.357610376223753610e-06,5.220648607758466622e-06,5.031941336504639434e-06,4.988803096654530944e-06,4.856766575220929284e-06,4.680683233128036214e-06,4.510784045657351471e-06,4.517746506901602088e-06,4.353846174477053751e-06,4.195888347468254325e-06,4.168441926127317120e-06,4.050396402422983349e-06,3.903840924526005355e-06,3.881342466543658884e-06,3.769201377577892537e-06,3.633470998292497905e-06,3.502979425516428335e-06,3.486753791120121129e-06,3.383563604044450802e-06,3.262997669840494115e-06,3.250216046927017210e-06,3.152887078443525774e-06,3.041638383453747319e-06,2.934877235822036749e-06,2.940214738222184495e-06,2.837681444807842407e-06,2.739340457974120375e-06,2.744341661221795960e-06,2.659791336712537931e-06,2.576789079704666536e-06,2.581451473083948397e-06,2.499961142277754028e-06,2.420165452219172493e-06,2.342127048510216921e-06,2.346339669583323317e-06,2.270002827452890368e-06,2.195528305715406634e-06,2.199408711096039145e-06
1.864569184376441484e-06,1.929828769328256817e-06,1.926761578398047552e-06,1.993637016671025303e-06,2.062181384585399026e-06,2.058837800336011186e-06,2.128914089812210397e-06,2.200565307853630686e-06,2.273735436710565078e-06,2.270016016981147004e-06,2.344547979717431653e-06,2.430330243483813321e-06,2.436078025545650653e-06,2.515715082856230221e-06,2.608939055915471966e-06,2.616812904076669919e-06,2.701752779141175013e-06,2.802963093477319951e-06,2.908421240887935683e-06,2.903762620670039038e-06,3.013517590036954453e-06,3.127800987981435711e-06,3.142835530792960199e-06,3.241739654381533158e-06,3.365413636059711924e-06,3.494033927620205424e-06,3.488773029519229345e-06,3.622396540619112455e-06,3.761235980821848280e-06,3.786685592129497289e-06,3.899861784407340681e-06,4.049445018222367504e-06,4.080174316467388465e-06,4.198868013237888836e-06,4.359677053083627176e-06,4.526284744401010708e-06,4.520385455511345556e-06,4.692839092102859573e-06,4.871261975377309215e-06,4.918624302779143331e-06,5.049682007545219615e-06,5.240194725894481676e-06,5.436819151860516752e-06,5.430743935155783941e-06,5.633486640835565990e-06,5.842338822018860417e-06,5.911999862077617045e-06,6.051223935793884890e-06,6.272168812115836632e-06,6.352537459442498687e-06,6.493091400636462958e-06,6.725754731209212320e-06,6.964013764252221957e-06,6.958276888211080567e-06,7.201993519703033672e-06,7.450832608809148134e-06,7.562661458192959379e-06,7.699122554520860018e-06,7.957331713451237511e-06,8.219568185990035127e-06,8.214602231522644135e-06,8.480533249699478290e-06,8.749465948588415552e-06,8.899184611403164431e-06,9.016504605424259812e-06,9.289713287020206600e-06,9.563854231752242041e-06,9.560255772561479341e-06,9.834742900278755390e-06,1.010840224279910438e-05,1.030085877322324334e-05,1.037782669877516649e-05,1.064707346357779937e-05,1.085738148306456537e-05,1.091108748325832984e-05,1.117138103453161811e-05,1.142500592378246392e-05,1.142560907926739214e-05,1.167182173830273601e-05,1.190859300291807490e-05,1.216261889971603875e-05,1.213838443735994992e-05,1.235250500665680761e-05,1.255237620275062890e-05,1.256066399448726027e-05,1.274635411054856673e-05,1.291459616558321558e-05,1.320763653395021748e-05,1.308067185033555986e-05,1.321185279497835625e-05,1.351918793151475509e-05,1.334797129129166656e-05,1.343758326657903761e-05,1.350256760853202683e-05,1.354400296692955112e-05,1.358903771306687468e-05,1.360770241119297668e-05,1.394545059986441722e-05,1.366867015603099362e-05,1.364116325962642805e-05,1.358626744158834379e-05,1.368540698715251455e-05,1.361483993237768530e-05,1.351820430394593808e-05,1.388631309451532785e-05,1.354840452143135444e-05,1.341815641813457808e-05,1.326642038982376654e-05,1.346931965432616219e-05,1.331714928534705555e-05,1.314907622247661057e-05,1.355839691834164027e-05,1.325257824368507255e-05,1.308457349938327622e-05,1.351993431199208606e-05,1.326549098960248999e-05,1.311577068686508029e-05,1.296997338131554795e-05,1.339656324240110912e-05,1.328346627536880632e-05,1.318336712929598586e-05,1.368081400569540329e-05,1.362081347634064559e-05,1.358192352142391672e-05,1.356858357333031618e-05,1.414726479623545043e-05,1.417957149816458559e-05,1.424281569218679956e-05,1.478762473362661414e-05,1.496845904444654138e-05,1.510688092931059164e-05,1.565464267182834179e-05,1.591514184844500365e-05,1.611694555431886691e-05,1.634818228362025578e-05,1.695961057374785675e-05,1.720246388402279695e-05,1.746589139831735218e-05,1.793683559391047973e-05,1.827076666472895469e-05,1.853170885338643908e-05,1.879584466287965061e-05,1.921639809925690544e-05,1.943693115000830337e-05,1.964688620360738607e-05,1.989857912974224094e-05,2.008020208914175763e-05,2.020390229932862315e-05,2.032518692325190751e-05,2.038450586028291907e-05,2.040254385010084048e-05,2.040254385010084048e-05,2.039333604967871803e-05,2.033927255310992972e-05,2.022234448391275341e-05,2.010979881180930881e-05,1.993620420592314704e-05,1.968989933497739689e-05,1.949628151717040586e-05,1.929558805532916033e-05,1.887503461895190550e-05,1.863473008081638764e-05,1.840199579522027118e-05,1.809109892718467470e-05,1.762997627463617245e-05,1.740420352656162650e-05,1.720383215576990827e-05,1.659240386564230730e-05,1.640838189904405840e-05,1.625831307161245345e-05,1.604301695843054205e-05,1.550598379075546204e-05,1.542726729460027512e-05,1.530034758331585794e-05,1.476459420136260770e-05,1.476700628058292399e-05,1.480241026029273659e-05,1.422372903738760064e-05,1.430616747485242505e-05,1.441485966146783995e-05,1.454466301058141032e-05,1.404723441061931411e-05,1.421650307773044162e-05,1.439747545312541891e-05,1.397088559205320698e-05,1.418266098600309114e-05,1.439590744671588070e-05,1.472358518531772702e-05,1.427556525875811834e-05,1.450075618093121278e-05,1.487764072718425223e-05,1.445067663307095238e-05,1.466809871172841137e-05,1.486529944715370261e-05,1.466240038857431855e-05,1.485466592916447328e-05,1.502082029475417226e-05,1.541772507329397591e-05,1.502183895870300260e-05,1.514498972666845897e-05,1.523740290766764795e-05,1.513826957057044696e-05,1.521042118372180544e-05,1.525070486839532026e-05,1.556919503453307207e-05,1.519820346549673887e-05,1.518382821658320598e-05,1.513911813302308848e-05,1.509773346714071827e-05,1.502933464314945709e-05,1.493278423528688421e-05,1.512796783681040602e-05,1.478655610005266302e-05,1.464212478169923837e-05,1.478658504976955939e-05,1.446019311972170699e-05,1.427337744826407601e-05,1.406680358233735058e-05,1.405881061911799641e-05,1.383602177928570557e-05,1.359714428287125314e-05,1.362521398519589143e-05,1.334144335757883300e-05,1.307693933629480777e-05,1.280180693106906773e-05,1.280181356105752152e-05,1.251831231959649963e-05,1.222732232472069618e-05,1.216778011280067447e-05,1.193278099232730115e-05,1.163175076713521524e-05,1.154615386770190924e-05,1.133117662738536786e-05,1.102523519576872454e-05,1.071838264739345103e-05,1.072311043527957734e-05,1.041668298166814862e-05,1.011132000906073917e-05,9.980632436418037149e-06,9.813666426990885110e-06,9.513155349981051721e-06,9.216027185730356043e-06,9.222426619183763898e-06,8.929475560283417309e-06,8.641054264106804347e-06,8.489054040921048275e-06,8.364666917654085503e-06,8.086790281262485366e-06,7.814665971087093012e-06,7.822037071539606718e-06,7.556050074927131252e-06,7.296341874615847151e-06,7.139839654352144501e-06,7.050774945347810750e-06,6.804216736193176606e-06,6.649221576121908507e-06,6.572166904191330085e-06,6.339166949098031863e-06,6.113012881486582516e-06,6.120814653977033465e-06,5.901513976292300945e-06,5.689058464948241079e-06,5.543212048754988638e-06,5.491132261167277002e-06,5.292209329436839647e-06,5.099968223123651470e-06,5.107543830879773078e-06,4.921837954535535173e-06,4.742620423033659599e-06,4.610579136799593251e-06,4.577081935070453645e-06,4.410412492547116525e-06,4.284521969195030801e-06,4.256907362198160902e-06,4.102240803285680681e-06,3.953405690317048897e-06,3.960161473049757372e-06,3.816905871654094566e-06,3.679178482540460324e-06,3.569188951037726324e-06,3.553151306054642409e-06,3.425902540298811195e-06,3.303712715256268001e-06,3.309695081518724347e-06,3.192289510759079775e-06,3.079627993709782615e-06,2.985180331889562190e-06,2.977060761375485165e-06,2.873300939362470172e-06,2.784748174503329680e-06,2.778964161913608787e-06,2.683495352231297476e-06,2.600615652495241272e-06,2.605391944512623145e-06,2.524007028511944569e-06,2.444308447487995037e-06,2.366359027792298141e-06,2.370652690758877708e-06,2.294389132955665314e-06,2.219980323718726737e-06,2.223919056265707977e-06,2.151290784764537524e-06
1.821252120319206901e-06,1.884744177048929903e-06,1.949969635674411480e-06,1.946862435932889632e-06,2.013691821644890403e-06,2.082183931841530615e-06,2.078781723490443287e-06,2.148792861782642259e-06,2.220372241765328519e-06,2.293463687208626576e-06,2.297203104391498244e-06,2.381321829131122668e-06,2.459531481411452687e-06,2.465052191028098857e-06,2.556656545352441342e-06,2.640204227396903041e-06,2.647851947431467524e-06,2.747520243592560331e-06,2.836603354214149166e-06,2.943459984426620812e-06,2.955103195672883960e-06,3.068044123361702302e-06,3.165777876015486767e-06,3.180632444298320813e-06,3.303157776994381659e-06,3.406757959379077104e-06,3.537350840894963343e-06,3.558088607211363667e-06,3.696194183041249703e-06,3.808681143720751293e-06,3.834084403428763547e-06,3.983300645691470427e-06,4.101591519478998065e-06,4.132361375852428327e-06,4.293258620752830464e-06,4.417161416721937659e-06,4.586850937316229036e-06,4.627168741647398651e-06,4.806561704723970769e-06,4.938255430010145875e-06,4.986001604950833964e-06,5.178215401300715432e-06,5.314415275558174308e-06,5.515151084624446404e-06,5.575850169998639379e-06,5.787759875207722247e-06,5.929221394867373826e-06,5.999839196864941784e-06,6.224929085135783457e-06,6.368544818824027364e-06,6.450179522805965962e-06,6.688238304582768629e-06,6.832607488862047111e-06,7.076674495870867461e-06,7.176926888825812203e-06,7.433363871072698904e-06,7.575478886255545180e-06,7.689586517996082094e-06,7.957077964574485397e-06,8.094953920866829934e-06,8.364216137144553676e-06,8.501101520369917311e-06,8.782161998688128680e-06,8.908454425552912276e-06,9.061828760972834635e-06,9.349247238695558717e-06,9.463817056771877366e-06,9.745896212018340343e-06,9.925442240186922168e-06,1.021663693227440932e-05,1.030634989715924130e-05,1.050417251071208680e-05,1.079322725271145900e-05,1.086114717300206675e-05,1.107758086838106836e-05,1.135991279247499500e-05,1.140148019449349237e-05,1.166295963895678416e-05,1.190697037915779621e-05,1.216876022107916527e-05,1.216163675101131781e-05,1.242376321640217626e-05,1.266463126882275378e-05,1.261956617251863145e-05,1.282561607313398519e-05,1.311280466856783696e-05,1.330935381845028947e-05,1.319939530174472237e-05,1.350257213578842117e-05,1.366220307428778893e-05,1.350644591149306060e-05,1.382484442619783828e-05,1.394216344206130512e-05,1.374032265443355528e-05,1.380709257801549846e-05,1.414448649496027213e-05,1.418786913654969558e-05,1.391803429003694171e-05,1.426951248086493317e-05,1.426330044932569404e-05,1.395742765271183412e-05,1.390159352371249228e-05,1.427034674736389027e-05,1.418783561904899880e-05,1.384121337934912419e-05,1.422706470259735959e-05,1.410505050908211031e-05,1.375363354610331033e-05,1.360175133859571004e-05,1.400961201335968824e-05,1.383978681319495263e-05,1.350648004427519869e-05,1.393926563186109967e-05,1.376304661415538998e-05,1.347489910550182210e-05,1.393653246110486036e-05,1.377286353394722556e-05,1.355155945260140680e-05,1.341672689812825071e-05,1.391319285401491176e-05,1.379236481711402422e-05,1.369314222975418967e-05,1.422120647752277602e-05,1.415990328253392933e-05,1.416563943268634259e-05,1.417378304016562292e-05,1.473121932589506162e-05,1.477300415595788477e-05,1.493049035928126396e-05,1.550254415318906261e-05,1.562331268048693323e-05,1.587366997559755145e-05,1.644317602630879563e-05,1.663255135135266135e-05,1.694970498527607205e-05,1.719902986612163956e-05,1.772988036722255526e-05,1.798947665889551046e-05,1.835010218354754142e-05,1.881962729493340860e-05,1.908131039896871048e-05,1.941269010842699755e-05,1.966967072910983722e-05,2.001450146315872581e-05,2.022889740409704784e-05,2.046133137020919528e-05,2.068042835240542444e-05,2.080740960948246706e-05,2.091821435432690652e-05,2.099586968196453721e-05,2.101435029783696039e-05,2.101435029783696039e-05,2.100549481948284588e-05,2.093229998418492534e-05,2.082753440071247617e-05,2.071277662549671827e-05,2.049895644639009799e-05,2.027599286963734465e-05,2.007959590444783517e-05,1.974173765833370413e-05,1.950763363851709800e-05,1.919459525307957751e-05,1.896403732544501482e-05,1.850436551682173639e-05,1.817010765186112314e-05,1.795196381081492535e-05,1.743230162476405327e-05,1.722997830600323828e-05,1.695307746193589499e-05,1.682027455975825146e-05,1.626204426219975509e-05,1.606139611530424795e-05,1.600552062689111971e-05,1.544321320897050945e-05,1.534418669140468660e-05,1.537325414144641287e-05,1.482274971406845308e-05,1.488554414243649669e-05,1.494867745662655629e-05,1.508435835235745347e-05,1.455699123464021195e-05,1.472956026585681251e-05,1.492336913794734736e-05,1.442253620894601937e-05,1.462592320308273522e-05,1.492310317056132171e-05,1.515263479083353694e-05,1.467854997961980988e-05,1.504152532213569305e-05,1.527619157010294508e-05,1.482572386695900663e-05,1.523086102146317466e-05,1.545023883020573704e-05,1.501991275579533320e-05,1.521436753826851893e-05,1.563016548079793300e-05,1.578686802567597628e-05,1.537262668620803174e-05,1.577723170419926209e-05,1.588426028738035945e-05,1.548415955726691412e-05,1.555834502708653430e-05,1.591137678300496699e-05,1.592749699051170092e-05,1.554180049958111734e-05,1.585124958073332960e-05,1.580890966995617122e-05,1.543638995329511433e-05,1.536638245285060683e-05,1.559670945002155813e-05,1.546891459688711480e-05,1.511535861012967454e-05,1.529262313174591169e-05,1.511617105944174669e-05,1.477858040112833883e-05,1.490359129598963030e-05,1.468496749288494046e-05,1.436459920831792975e-05,1.413497495256141086e-05,1.418656087130031033e-05,1.391768175045129813e-05,1.362489592143729570e-05,1.363370252605435036e-05,1.334116881555233358e-05,1.306851395323830129e-05,1.277625882705736595e-05,1.273037090914900617e-05,1.241472467316705686e-05,1.217290699838887127e-05,1.209748489446729394e-05,1.177431530846154330e-05,1.155337275128153950e-05,1.145356962127214632e-05,1.112804744910601091e-05,1.092763391801880646e-05,1.061236465398237507e-05,1.048479136105975762e-05,1.016358314657452894e-05,9.992577462186960109e-06,9.851935394076004188e-06,9.537914863168344415e-06,9.385445931214774336e-06,9.084683690160285258e-06,8.931142769858269216e-06,8.632400168198829451e-06,8.505522240600015612e-06,8.347280128274897363e-06,8.060967131020404044e-06,7.949652795568404277e-06,7.677221789310737535e-06,7.516499882996027891e-06,7.250817749333799597e-06,7.160397085485103811e-06,7.000539204735758708e-06,6.749403014945489775e-06,6.671337333467376457e-06,6.513900934339159413e-06,6.277535735021419944e-06,6.210583266217411711e-06,5.986733856667717547e-06,5.835186098428839039e-06,5.620876944353067952e-06,5.568421464295295861e-06,5.421906258517649112e-06,5.221942399757311082e-06,5.177787849299637135e-06,4.988678518146006019e-06,4.850858145651982974e-06,4.671579401965311368e-06,4.638082047074444348e-06,4.506515910715581351e-06,4.340289198329262636e-06,4.312767557333002927e-06,4.187665461184688456e-06,4.033846875182688198e-06,4.011510912875889063e-06,3.866080526215898543e-06,3.750877310370077605e-06,3.614455383801369734e-06,3.598650359095186154e-06,3.489973100372624913e-06,3.364241952291068097e-06,3.351986812370419224e-06,3.233039823559331792e-06,3.133989485186154395e-06,3.023063089694415981e-06,3.015218294549245838e-06,2.922319758177689990e-06,2.820377906608540479e-06,2.814865924623236668e-06,2.727897740193586862e-06,2.634292401343898117e-06,2.630725972977089191e-06,2.549442098263866146e-06,2.469835768066571489e-06,2.391970012248954194e-06,2.396338957342420697e-06,2.320142506275607852e-06,2.245792835424450865e-06,2.249782945277462485e-06,2.177198497090573274e-06,2.106540459465933329e-06
1.780839087260492887e-06,1.842555759478681689e-06,1.906026240940926703e-06,1.971224137526378954e-06,1.968083211612330738e-06,2.034872528729309418e-06,2.103318048990684736e-06,2.099862550148519495e-06,2.169813518239499071e-06,2.247793045690212811e-06,2.329287191749363374e-06,2.325400208916017128e-06,2.410439899854843684e-06,2.499277913003589061e-06,2.495061268159886095e-06,2.587734139967009742e-06,2.684502224100726516e-06,2.679953958225869194e-06,2.780859650015971953e-06,2.886168783357408882e-06,2.996038636607431210e-06,2.991051435699556626e-06,3.105532740718597265e-06,3.224894507802585646e-06,3.219586200417289484e-06,3.343884509853678239e-06,3.473385889790099646e-06,3.608250077529242168e-06,3.602534398830412333e-06,3.742822759329612763e-06,3.888789854008217678e-06,3.882792206195557260e-06,4.034501786344364205e-06,4.192192401801800681e-06,4.185940757408349032e-06,4.349676428956441317e-06,4.519672096595795039e-06,4.696052434061888312e-06,4.689519207893210281e-06,4.872339848211897624e-06,5.061765398192581858e-06,5.055074831772585491e-06,5.251151203695136147e-06,5.453994541857067956e-06,5.663654663162243288e-06,5.656843222552313839e-06,5.873335527732764784e-06,6.096682258807231949e-06,6.089858762390848147e-06,6.320046891932332979e-06,6.557015140025134366e-06,6.550257026314750200e-06,6.793953532658173485e-06,7.044216258052910483e-06,7.300871074307624313e-06,7.294335656530243836e-06,7.557243169598729091e-06,7.826059530789099139e-06,7.819803916029582084e-06,8.094316736474751261e-06,8.374031818606400847e-06,8.658493822346820200e-06,8.652780225227607206e-06,8.941631955523423217e-06,9.234117391080090681e-06,9.228955549379096025e-06,9.524609079935530785e-06,9.822465878794240426e-06,1.012167068738229655e-05,1.011748849230358877e-05,1.041739205541918821e-05,1.071667466992762871e-05,1.071347773260535593e-05,1.101138817870617585e-05,1.130632602695574775e-05,1.130443635519207190e-05,1.159558974143975446e-05,1.188103695823156172e-05,1.215923487111931174e-05,1.215989797160447551e-05,1.243001133746429554e-05,1.268969683941837064e-05,1.269326919465037809e-05,1.294183379818217763e-05,1.317636465887826906e-05,1.339493700823843454e-05,1.340464025368948118e-05,1.360738744236080419e-05,1.379049367612498550e-05,1.380743856069009664e-05,1.397203693885626663e-05,1.411348084957947043e-05,1.414105852719827435e-05,1.426199981842151151e-05,1.435671432833879751e-05,1.442359272334662984e-05,1.447289856685049058e-05,1.451764361257425864e-05,1.453265659419350265e-05,1.460591358790365672e-05,1.460000746811226867e-05,1.456374816395111838e-05,1.449686899960643657e-05,1.461529481314999364e-05,1.453191597280573720e-05,1.441974210945480709e-05,1.458370464262461514e-05,1.446134591972832144e-05,1.431399060060785401e-05,1.414371316268313196e-05,1.438511761344907058e-05,1.421679554705284303e-05,1.403242184954027876e-05,1.434365771843365432e-05,1.417204308311893837e-05,1.399300211038381428e-05,1.438167638565697154e-05,1.422663085009892770e-05,1.407396290967586567e-05,1.392885205866420777e-05,1.442522485088555401e-05,1.431937636745558768e-05,1.423134833922289389e-05,1.480380774858599876e-05,1.476192719643564857e-05,1.474673383221457261e-05,1.476284436328065465e-05,1.541569742278939810e-05,1.548151431622454396e-05,1.558334717759790857e-05,1.626978457044857276e-05,1.641457910180326658e-05,1.659550898928815899e-05,1.728404330479970031e-05,1.749391162267948172e-05,1.773478377032224713e-05,1.800435823810215245e-05,1.863736110789973122e-05,1.890725482242606268e-05,1.919347585890852204e-05,1.973860235909777469e-05,1.999805009725753332e-05,2.025858610118938955e-05,2.051417529409814612e-05,2.088571041829852330e-05,2.107861397012786189e-05,2.125245586993927666e-05,2.146118653998818168e-05,2.155330910709919525e-05,2.161766180708993434e-05,2.164785611241728391e-05,2.165282466522061442e-05,2.162263035989326146e-05,2.156867927879497373e-05,2.148833800640473750e-05,2.127960733635583248e-05,2.111980055251984963e-05,2.094399356715974850e-05,2.057245844295937131e-05,2.033774542582695576e-05,2.010247413414431472e-05,1.987316319764674942e-05,1.932803669745749339e-05,1.907717048416472604e-05,1.884804978959422059e-05,1.821504691979663844e-05,1.799171426431263405e-05,1.780245440740758941e-05,1.764932688603528237e-05,1.696079257052374444e-05,1.684135608604230206e-05,1.676231159197711076e-05,1.607587419912644995e-05,1.604344929919138349e-05,1.605001678504932005e-05,1.539716372554057999e-05,1.545567122272292155e-05,1.554693431383657762e-05,1.566553681446553620e-05,1.509307740510243810e-05,1.525768299363691041e-05,1.543918938406578138e-05,1.494281659184738451e-05,1.516192786990607604e-05,1.538625179466731862e-05,1.560998340820511114e-05,1.522130913365202844e-05,1.546551017602657910e-05,1.569827734388731168e-05,1.538704148923145373e-05,1.562815602288842963e-05,1.584848100578350080e-05,1.560707669892320154e-05,1.582436974286571531e-05,1.601357766327542997e-05,1.617252017058526235e-05,1.600855913033373448e-05,1.615200786513034794e-05,1.626137025855962722e-05,1.614295018598399425e-05,1.623059551123484962e-05,1.628251970181609820e-05,1.629914783003526580e-05,1.622591416774869346e-05,1.621688076004963210e-05,1.617358729999405015e-05,1.612433479984212657e-05,1.605463761991950570e-05,1.595308215655251097e-05,1.582155014769435098e-05,1.579410064407457142e-05,1.563862252189859812e-05,1.545680723578869362e-05,1.544007887886205468e-05,1.523689305543639781e-05,1.501145200528979246e-05,1.500208284153047452e-05,1.475852334807836644e-05,1.449693751473212825e-05,1.421950844540455735e-05,1.421646772147815124e-05,1.392640576120953246e-05,1.362460172629873378e-05,1.362464141989059878e-05,1.331370512160056621e-05,1.299462710254511008e-05,1.266914556491180733e-05,1.267198178790400446e-05,1.234226132799301609e-05,1.200921943824408328e-05,1.201354631629738154e-05,1.167899682398354620e-05,1.134377067573858833e-05,1.134925787229832117e-05,1.101485761015015052e-05,1.068199051463027602e-05,1.035161512037799515e-05,1.035829125501866494e-05,1.003151128360674491e-05,9.708824632933994115e-06,9.716185269591980385e-06,9.398458490549224502e-06,9.086069279628347011e-06,8.779526530817137621e-06,8.787568505018772728e-06,8.487439731694564120e-06,8.193944840051466190e-06,8.202341399289981040e-06,7.915874845466250141e-06,7.636579074383932907e-06,7.364647669685521329e-06,7.373327518294251059e-06,7.108945263907851821e-06,6.852162629215235389e-06,6.860925640593270850e-06,6.611810406806648753e-06,6.370373961810611287e-06,6.379121135699541380e-06,6.145333999716774142e-06,5.919179810045323291e-06,5.700601632175027596e-06,5.709193402700918815e-06,5.498052380360977893e-06,5.294302762324982753e-06,5.302692435746473881e-06,5.106138508571270832e-06,4.916726670735037667e-06,4.734316490389126967e-06,4.742344547348100283e-06,4.566681228184171990e-06,4.397705075257275390e-06,4.405406956823720511e-06,4.242835205485869081e-06,4.086610403030027017e-06,4.093950191825771944e-06,3.943770504359815346e-06,3.799582668017991645e-06,3.661207414451246839e-06,3.668024076513674615e-06,3.535145184325252864e-06,3.407716738512059312e-06,3.414121051552966272e-06,3.291823653879180933e-06,3.174618063757994163e-06,3.062327990625050163e-06,3.068168645256347519e-06,2.960478095971509226e-06,2.857357642206800798e-06,2.862772445747707991e-06,2.763912350457106868e-06,2.669289828301327266e-06,2.674281296439662488e-06,2.583595375081759410e-06,2.496829439352705500e-06,2.419040951085294573e-06,2.423478329150797083e-06,2.347341706538820788e-06,2.273043489764920919e-06,2.277076909074783867e-06,2.204527854675395967e-06,2.133897522925636468e-06,2.065215679912758848e-06
1.806050444831604214e-06,1.803311720485828570e-06,1.865020675610795743e-06,1.928477379159656012e-06,1.993655243637936963e-06,1.990487836276224819e-06,2.057244025962468192e-06,2.125649574977010228e-06,2.126624779583290914e-06,2.202763242267156912e-06,2.276270454493114517e-06,2.358633259817434448e-06,2.361753774965071873e-06,2.440640921516056175e-06,2.530487519006467834e-06,2.535387938122210316e-06,2.619923744400238578e-06,2.717861102514797813e-06,2.724907117647611994e-06,2.828472158427924977e-06,2.922006066126514874e-06,3.033335192621531183e-06,3.044463759764322896e-06,3.144226012662521455e-06,3.265270483561530401e-06,3.279705560724089469e-06,3.407841122006841162e-06,3.517301989104631113e-06,3.654245115514500474e-06,3.674800888929670960e-06,3.790801273578488400e-06,3.939148884828235579e-06,3.964592410426478880e-06,4.087131751532085653e-06,4.247539615037685147e-06,4.278641236838098523e-06,4.448544922818134681e-06,4.580704915871025339e-06,4.760382161702397166e-06,4.801635781810710477e-06,4.939832257487862316e-06,5.132985257023346783e-06,5.182188510598831276e-06,5.386659615743997492e-06,5.532994709109159231e-06,5.747102379343472547e-06,5.810272929162436817e-06,5.961082420737457116e-06,6.189397110416907374e-06,6.263330033227259598e-06,6.417577951265877219e-06,6.660064034313043642e-06,6.746014229154135567e-06,7.001946672927435577e-06,7.158719902693827713e-06,7.421755748016729557e-06,7.528148796748444614e-06,7.684357349482173334e-06,7.960136440162429868e-06,8.081831747147761859e-06,8.371556832268645530e-06,8.522452396622136211e-06,8.814715275347256509e-06,8.961715105988863689e-06,9.105499201680323590e-06,9.406289839889881097e-06,9.571704521483246665e-06,9.885156263849883299e-06,1.001151590286459540e-05,1.031961705722417043e-05,1.051440339239990892e-05,1.062405352212524083e-05,1.093247257181028492e-05,1.114785976116808063e-05,1.123613197075641272e-05,1.154027471148649224e-05,1.177670398537934518e-05,1.208674437691261180e-05,1.213306423589978266e-05,1.242013541328375214e-05,1.268783247879061649e-05,1.269961970572605223e-05,1.296764975647350054e-05,1.325594376760230782e-05,1.352050778118391768e-05,1.347016006036922311e-05,1.369569176134300354e-05,1.401250704079494403e-05,1.391542963436859351e-05,1.410427945481140421e-05,1.443934910115680284e-05,1.429250590219283677e-05,1.443829745992459289e-05,1.479080672472161717e-05,1.491646518031408801e-05,1.469073671550960647e-05,1.475951182206308002e-05,1.513379187667713468e-05,1.485967810759801510e-05,1.487527329338240161e-05,1.526591900952478482e-05,1.525277020178172216e-05,1.491350063597552392e-05,1.484553854247393933e-05,1.525628662337902884e-05,1.489130016348355322e-05,1.477816237106577571e-05,1.520902454131638498e-05,1.506919944971368337e-05,1.468828829302242375e-05,1.451833239281505677e-05,1.497487825663742817e-05,1.461610799691043962e-05,1.443491739645061100e-05,1.492027970225690802e-05,1.460825359754943352e-05,1.443639071134333829e-05,1.495441816851878668e-05,1.478411324571453086e-05,1.457280496667226978e-05,1.444156360910534248e-05,1.499740306669320719e-05,1.488797471307106403e-05,1.481898306436864260e-05,1.540736103049114057e-05,1.536674206546499250e-05,1.541993559854035886e-05,1.546112376201770689e-05,1.607535395272939797e-05,1.624436130012096442e-05,1.637261537499676024e-05,1.699392871990368985e-05,1.726179662156264669e-05,1.746695191698626428e-05,1.807270496753952664e-05,1.830267731779902724e-05,1.866749658577681836e-05,1.895254500649105572e-05,1.949429172395751104e-05,1.986818659032154604e-05,2.015764547530017305e-05,2.061230581235247021e-05,2.087553685103188679e-05,2.119285100099962520e-05,2.143149170857959978e-05,2.172431830081159520e-05,2.193417562705152055e-05,2.207589313985248238e-05,2.221728088522711991e-05,2.228377004454845740e-05,2.230659743864996675e-05,2.230659743864996675e-05,2.228919377089662592e-05,2.223407325174663914e-05,2.209788109487952686e-05,2.196957742455930767e-05,2.176946532825246676e-05,2.148312793537893585e-05,2.126434744470719586e-05,2.096261484951124010e-05,2.072732801472377433e-05,2.028239806169413126e-05,2.002732969408039276e-05,1.968171800539291735e-05,1.915166820787964999e-05,1.891230309490968942e-05,1.858604181863538512e-05,1.841279416094292906e-05,1.781989348128523137e-05,1.767663848684496655e-05,1.746341293665849175e-05,1.685398036295154457e-05,1.679627377530243298e-05,1.669177477275781451e-05,1.608691451990455911e-05,1.612216954513063656e-05,1.614173273809900707e-05,1.626387156038894017e-05,1.567851507717272469e-05,1.582667984586595404e-05,1.601699885965765535e-05,1.545868614839556444e-05,1.566680067350834839e-05,1.596120070009303488e-05,1.620622041345236238e-05,1.567661311652506948e-05,1.591655306437180447e-05,1.631019718595674614e-05,1.580721206262762681e-05,1.604787429298567238e-05,1.648446409048759395e-05,1.600468819056827100e-05,1.622407465282608516e-05,1.667719967972362911e-05,1.685775622907028184e-05,1.639661978921290634e-05,1.654282253666178329e-05,1.696919789882471097e-05,1.652461146263100610e-05,1.661466987379229748e-05,1.700714608829480016e-05,1.703282933926447801e-05,1.660482633848668339e-05,1.659586577263841522e-05,1.691044911030837290e-05,1.649765125273318687e-05,1.642630553040480733e-05,1.668418011655880854e-05,1.654771685041275906e-05,1.615652304629426706e-05,1.599643361905982842e-05,1.616377405920141106e-05,1.579081369118664400e-05,1.558135476967851421e-05,1.569197067933703177e-05,1.533863762657822693e-05,1.508738405562270393e-05,1.514506120435884671e-05,1.484978599834781791e-05,1.452781898631789581e-05,1.422847245229973344e-05,1.421615227845470025e-05,1.391706793938538387e-05,1.359624412417395338e-05,1.354513287920386947e-05,1.319854268209370679e-05,1.293442252281283098e-05,1.259444168366800806e-05,1.249632843092912580e-05,1.225581217472133151e-05,1.191108255804754970e-05,1.178907081038753209e-05,1.157169640725392935e-05,1.122738978155478832e-05,1.108672770874871382e-05,1.073647559344967996e-05,1.055210626511999779e-05,1.021608818115992460e-05,1.005600093623345324e-05,9.892333275678250444e-06,9.565936677565706336e-06,9.397945580052775245e-06,9.074430842373445562e-06,8.939190849213814885e-06,8.631333523599205089e-06,8.457454853040000648e-06,8.339400850927936932e-06,8.045857525515746813e-06,7.871377932814636188e-06,7.585809339161429618e-06,7.490691599319001753e-06,7.220197807494685148e-06,7.048567057822804400e-06,6.966920856152433326e-06,6.712307515469617442e-06,6.544527797880531104e-06,6.474934016820371931e-06,6.236228344809429780e-06,6.073448127123131420e-06,5.845526356248100692e-06,5.791555930776950891e-06,5.576297524293190498e-06,5.422601300267282545e-06,5.377507076756340723e-06,5.177313400129634874e-06,5.030344408373613614e-06,4.841074428120853919e-06,4.807301577294925666e-06,4.628641249076885239e-06,4.492392568921203923e-06,4.464912220130210228e-06,4.299715580493966611e-06,4.170743093544783725e-06,4.148687570420747729e-06,3.996215743703399872e-06,3.874516328806856337e-06,3.731875579639999711e-06,3.716604124793937797e-06,3.581870347399385848e-06,3.470961637559772267e-06,3.459337280930805127e-06,3.335430520138605543e-06,3.231441718920237368e-06,3.116194658309469221e-06,3.109066282008980977e-06,3.000085230462278264e-06,2.906099496853034051e-06,2.901316379820281406e-06,2.801341586083675472e-06,2.713626223444949469e-06,2.710779249719126268e-06,2.619131452415171294e-06,2.537386325717236896e-06,2.452674359970486399e-06,2.452155353249417891e-06,2.376070059705032026e-06,2.301814383513838463e-06,2.305881808968752739e-06,2.233358478795279254e-06,2.162745839949891130e-06,2.094073906840534078e-06,2.097590839096357149e-06
1.769674938967432867e-06,1.829732141414505364e-06,1.827000913131546829e-06,1.888711262933232315e-06,1.952163050616566007e-06,2.017329476863916356e-06,2.014143894662606874e-06,2.084439895043274793e-06,2.158022350502933752e-06,2.154480147898372418e-06,2.231369899097869263e-06,2.311834191619176087e-06,2.389111246007008831e-06,2.391988791953279495e-06,2.479934661717416597e-06,2.562859642715427307e-06,2.567505126631804570e-06,2.663568270856256811e-06,2.764003656912596105e-06,2.759201446745636051e-06,2.864051442264176093e-06,2.973620273422649065e-06,3.071887289626840089e-06,3.082767024757990482e-06,3.202181840036026219e-06,3.326857428264965049e-06,3.321155566102178886e-06,3.451150519312242880e-06,3.586776814627915765e-06,3.701636150911672051e-06,3.722024688460098435e-06,3.869349877313195448e-06,3.990979327490032767e-06,4.016318160147714714e-06,4.176084395986201266e-06,4.342394919483050202e-06,4.335532606537661941e-06,4.508458733748577466e-06,4.688266579032208074e-06,4.826452940280592628e-06,4.867881403274254020e-06,5.061825931117195175e-06,5.263086024356164408e-06,5.255640029033968949e-06,5.464271808269177482e-06,5.680439005611768487e-06,5.832722744332977540e-06,5.896581503629993391e-06,6.127999115949044401e-06,6.284513978285443560e-06,6.359425440512016599e-06,6.606240343659725032e-06,6.860722420403747391e-06,6.853065063716648827e-06,7.115170023256314152e-06,7.384755556410306293e-06,7.545828306078114022e-06,7.654199676151984404e-06,7.938270410606796513e-06,8.229165867714955819e-06,8.221997910948022621e-06,8.519498134568300374e-06,8.823082469153654424e-06,8.975255019542402476e-06,9.125677760609887798e-06,9.440072482086931378e-06,9.758856663437426331e-06,9.752880674409377193e-06,1.007554697124085695e-05,1.040102695426800480e-05,1.052338266578508860e-05,1.072349643847187433e-05,1.105197886658751604e-05,1.115477431266482208e-05,1.137636763724478687e-05,1.170331596271561951e-05,1.202725645037731529e-05,1.202501497506268792e-05,1.234503264349679023e-05,1.265892490580607220e-05,1.268937768744504981e-05,1.296564951931572111e-05,1.326280816249161713e-05,1.354841178303059973e-05,1.355255362195037844e-05,1.382583488816069504e-05,1.408340045601626015e-05,1.400653618682391682e-05,1.433441902237938447e-05,1.455630865795906431e-05,1.442879755577176258e-05,1.477602722976563314e-05,1.495493396714427071e-05,1.510758543129695215e-05,1.514036186742059990e-05,1.527003115589252704e-05,1.536994028488521976e-05,1.510768832040547063e-05,1.549716219861434953e-05,1.554085645963229682e-05,1.555090138347144254e-05,1.563864171514420004e-05,1.562576538628097605e-05,1.557874724574081818e-05,1.520903542590470028e-05,1.563940550059714782e-05,1.554082190460682306e-05,1.541041257667199758e-05,1.560680020604038941e-05,1.546688409688522651e-05,1.529999717249446264e-05,1.491404542756227529e-05,1.539679267398999740e-05,1.521073368601385102e-05,1.486320502595624617e-05,1.537819948238937514e-05,1.519402571863393559e-05,1.500443838417651508e-05,1.546235076729868266e-05,1.530312614466163018e-05,1.515003547028993252e-05,1.499484684154509701e-05,1.558633571659937632e-05,1.549227578347103822e-05,1.542198888827062727e-05,1.607894071555021048e-05,1.606137235245880699e-05,1.607683823101684436e-05,1.621520433403843500e-05,1.686264204877908077e-05,1.696884441897123343e-05,1.722097059952696347e-05,1.786963863993307631e-05,1.805849307086369201e-05,1.828606482733037390e-05,1.902058134278771515e-05,1.926964992010313213e-05,1.954860965903362118e-05,1.995092429292386930e-05,2.049330335616069893e-05,2.078252776930377302e-05,2.108129429750652404e-05,2.159835509378634749e-05,2.185004244798312948e-05,2.209353631687907738e-05,2.236244577065292453e-05,2.261812041714912118e-05,2.276359350547625665e-05,2.288196013125420893e-05,2.298321189985380719e-05,2.300428755548297055e-05,2.300428755548297055e-05,2.299468891734354870e-05,2.289343714874395044e-05,2.278764791504673886e-05,2.265691672103879565e-05,2.240759279809379610e-05,2.215023238487434030e-05,2.192868748152783240e-05,2.170376067234309927e-05,2.118669987606327921e-05,2.092011704382993974e-05,2.066894383042699055e-05,2.013835057435927223e-05,1.976843518567214728e-05,1.953987765756676038e-05,1.934732951495405593e-05,1.861281299949671468e-05,1.844760538950892382e-05,1.832652107633692896e-05,1.769045481628176198e-05,1.749831953241280823e-05,1.746882524903966988e-05,1.683162515406684816e-05,1.676303921287948680e-05,1.683002361154581702e-05,1.693155368754073996e-05,1.627460186026115675e-05,1.642942388057321430e-05,1.660766246334306119e-05,1.601444263450987551e-05,1.625428511596056910e-05,1.648819356419900690e-05,1.672534714226229634e-05,1.626743475939663067e-05,1.653135638621979891e-05,1.678565041108414496e-05,1.625312251484804728e-05,1.668356327467297381e-05,1.692982579034618898e-05,1.642363133134340666e-05,1.688771910177787593e-05,1.710353129664430899e-05,1.728644744469379107e-05,1.709006102860447294e-05,1.725746525086408741e-05,1.738703171636715744e-05,1.692195108086147945e-05,1.735141265903540839e-05,1.741763378014284452e-05,1.744405288118900529e-05,1.735633579485361798e-05,1.735439601732947091e-05,1.731361268253913115e-05,1.688440013938104057e-05,1.718445788948998610e-05,1.707794767095112813e-05,1.693738089530983415e-05,1.690474458472384986e-05,1.673725520903523940e-05,1.653987486330297586e-05,1.615349852242410256e-05,1.629866229563857097e-05,1.605206458149638520e-05,1.568646167946002114e-05,1.577411963330449548e-05,1.548691378865164653e-05,1.518195804224206648e-05,1.517842717968418815e-05,1.485946137967331366e-05,1.452748055348077199e-05,1.421885001656822219e-05,1.418559537547503643e-05,1.383475748267246095e-05,1.347704519802463907e-05,1.348038401661505283e-05,1.311827911059949272e-05,1.275281525463669832e-05,1.250540510276007636e-05,1.239111353390424971e-05,1.202398839861716858e-05,1.180070952440945125e-05,1.166457494837479711e-05,1.130088961508205695e-05,1.094038306510493063e-05,1.094810783425876908e-05,1.059200244004296399e-05,1.024083959798035151e-05,1.007341170442381641e-05,9.904045596297032618e-06,9.565061096731634476e-06,9.232912313556137509e-06,9.242126032869395021e-06,8.917410379100863851e-06,8.600355000466945640e-06,8.480162337514802692e-06,8.300934301864244897e-06,8.000138946487644805e-06,7.707731448659300440e-06,7.717566010939067066e-06,7.433707322192006869e-06,7.158440396566668790e-06,7.075771102485516398e-06,6.901673156193989133e-06,6.643652339261821726e-06,6.573357019643908173e-06,6.403985919986321023e-06,6.163033618729500230e-06,5.930515345738888318e-06,5.940077190671191178e-06,5.715797485718541078e-06,5.499702130837851895e-06,5.454470286273250324e-06,5.300818761217692451e-06,5.100520589954422915e-06,4.907917132359927113e-06,4.916729377574797430e-06,4.731504895597912939e-06,4.553595050002300914e-06,4.526277326632953301e-06,4.391058707908861702e-06,4.227032028187764405e-06,4.205203590713331008e-06,4.077511930493084350e-06,3.926533251149027860e-06,3.781843486457434566e-06,3.789165531714089515e-06,3.650394158291619052e-06,3.517495951850349526e-06,3.506177557427267770e-06,3.396930842409560655e-06,3.275000606213570740e-06,3.158336089860750908e-06,3.164502846989475826e-06,3.052742065897287443e-06,2.945858785688259509e-06,2.941377280169078018e-06,2.849171869974894363e-06,2.751320364986642605e-06,2.748757313764937560e-06,2.662817853011012710e-06,2.573287162301269513e-06,2.487741212272660663e-06,2.492289930955014345e-06,2.410409809816225238e-06,2.332192305597434597e-06,2.336283070268519369e-06,2.263774428496713907e-06,2.193168102358927817e-06,2.124494378275765433e-06,2.128001684464192654e-06,2.061143976337565409e-06
1.736298329755909331e-06,1.794605337191413908e-06,1.854686648527459761e-06,1.851973423936152522e-06,1.913695447684633959e-06,1.977152351415949026e-06,2.045023470069786322e-06,2.044338149908906437e-06,2.112777657769419392e-06,2.187068573077299824e-06,2.187403475482051975e-06,2.261145849185441371e-06,2.342436042948791984e-06,2.427522182828742802e-06,2.423421920511454013e-06,2.512330096118459651e-06,2.605359778654930183e-06,2.609566575001051119e-06,2.698034668654877824e-06,2.799683108560767348e-06,2.806041907678381469e-06,2.900910941021241706e-06,3.011888350608237210e-06,3.127876447131225683e-06,3.138389365751837197e-06,3.243439726368698245e-06,3.369877418613933876e-06,3.383782851944099801e-06,3.495859161418111389e-06,3.633520401812602560e-06,3.777154092657670193e-06,3.770711315981107066e-06,3.920380481891945607e-06,4.076410649942973441e-06,4.101778226042835995e-06,4.232041292641285850e-06,4.401239919038334130e-06,4.432563896867524400e-06,4.570063201446220669e-06,4.753170919238437806e-06,4.943543265403754249e-06,4.985652549104339320e-06,5.133643086646586922e-06,5.338910705809904962e-06,5.389523959331300854e-06,5.543947799409563980e-06,5.764646910800441855e-06,5.993242250986829184e-06,5.985155864144815402e-06,6.221673862527761162e-06,6.466196163082947160e-06,6.543557232654284025e-06,6.710553318976393545e-06,6.971065897414511148e-06,7.061547513636938228e-06,7.231370884510359974e-06,7.507642839439844715e-06,7.791563846235932138e-06,7.904523990976447165e-06,8.075031245571879723e-06,8.373625033809080188e-06,8.503515846441001854e-06,8.671483505651173194e-06,8.983431999761638440e-06,9.301295816185557242e-06,9.459360881473279965e-06,9.617610153067401719e-06,9.945676989978432091e-06,1.012436102728025374e-05,1.027146838053819871e-05,1.060674596210507792e-05,1.094408838365915496e-05,1.093882451830677372e-05,1.127749307601707608e-05,1.161593398534651776e-05,1.185097514292341705e-05,1.194922311499418255e-05,1.228357410939846675e-05,1.254248869266490884e-05,1.261154665482169853e-05,1.293570941631280074e-05,1.325176677188293673e-05,1.354626441314529303e-05,1.355952931133109381e-05,1.385459656544245996e-05,1.417260117311432189e-05,1.414144986675035184e-05,1.440755457650780334e-05,1.465503775230835898e-05,1.466741049100424237e-05,1.489661179913810697e-05,1.510274862282580781e-05,1.547425434792239421e-05,1.530931811734435497e-05,1.546680444052371951e-05,1.585836594566662181e-05,1.563652826871008442e-05,1.573960002358241797e-05,1.580991589549815340e-05,1.622650913373737731e-05,1.591975572602919822e-05,1.593033451623995599e-05,1.636600187352413806e-05,1.601421328573039878e-05,1.596682384195211558e-05,1.588424495821821192e-05,1.634333017141363599e-05,1.594096055710464107e-05,1.580965090978904436e-05,1.629239512615169636e-05,1.588564049680480872e-05,1.571946494600396889e-05,1.552927373140407306e-05,1.584410832963298316e-05,1.566174984612950889e-05,1.546449008219348195e-05,1.601020768277352336e-05,1.569089365142113709e-05,1.551080919999847039e-05,1.609314233286818501e-05,1.586184268415668304e-05,1.572388338352126566e-05,1.560049848918363663e-05,1.622297688722081307e-05,1.614909242501019493e-05,1.610186240870599598e-05,1.675650454236343490e-05,1.681226465682417371e-05,1.685478832816803184e-05,1.693701539536539969e-05,1.771087871762467653e-05,1.784518743939300604e-05,1.802142135239012167e-05,1.869087899458993631e-05,1.902130491898456881e-05,1.927292262893232078e-05,1.990868182477132831e-05,2.029294356655676830e-05,2.058607239375557737e-05,2.090143815737156936e-05,2.143999803328224121e-05,2.182615229407435878e-05,2.211938648345177150e-05,2.253938119807437322e-05,2.284642575886476978e-05,2.306642435368085235e-05,2.326622410014886252e-05,2.348348125197549776e-05,2.361789015371202333e-05,2.369234506443514468e-05,2.373453624640819610e-05,2.373453624640819610e-05,2.369827292074048360e-05,2.363625965605241561e-05,2.350983147517684833e-05,2.329877305126405086e-05,2.311598344840869884e-05,2.291682353043093747e-05,2.262602397533620529e-05,2.221532258412058225e-05,2.195304453650999971e-05,2.159198380706585970e-05,2.106524930206411260e-05,2.079312291350407399e-05,2.054971671853641731e-05,2.020739612989261910e-05,1.958586822352736397e-05,1.939664818804632320e-05,1.912040866227232978e-05,1.846498318706015916e-05,1.836222185525100922e-05,1.830593262350545315e-05,1.753206930124617631e-05,1.753158753082777340e-05,1.757362863005030662e-05,1.759848160914573523e-05,1.694964885271525672e-05,1.708417120325937471e-05,1.724529315150810554e-05,1.662275328076806517e-05,1.683223840322268416e-05,1.705431112428671688e-05,1.737714791140246249e-05,1.678455962980343296e-05,1.704233044058657261e-05,1.745228860209408473e-05,1.688934396150482733e-05,1.715517490092153594e-05,1.740078209206708941e-05,1.708594756796791433e-05,1.733368876528410370e-05,1.755143705935334749e-05,1.803580886170993731e-05,1.752085900947483746e-05,1.769131998720607475e-05,1.816308588309283517e-05,1.766748375484681439e-05,1.777671797081014821e-05,1.784466102801948948e-05,1.825194546205839409e-05,1.777543189343017718e-05,1.777378292159286310e-05,1.812641036236657034e-05,1.766748699367861439e-05,1.759552377559020142e-05,1.748597197839987552e-05,1.773965841239208909e-05,1.730541424453812421e-05,1.713282280564221798e-05,1.732094648695260873e-05,1.690760005256747851e-05,1.667914489186478634e-05,1.642452121869262025e-05,1.641255249931388241e-05,1.613693957209444630e-05,1.584027303774162743e-05,1.587649189757948075e-05,1.552139804927556710e-05,1.519190506567274600e-05,1.517806385252579840e-05,1.484907926589538615e-05,1.449590129164046968e-05,1.413361807939465353e-05,1.405713768844705380e-05,1.376794280852926959e-05,1.339423591675231758e-05,1.328506691983285365e-05,1.302265441836483349e-05,1.264441577075756747e-05,1.226594613813342635e-05,1.227283858659255507e-05,1.189590821022097123e-05,1.152131926365914009e-05,1.135758113010030083e-05,1.115849278868387287e-05,1.079206555973030554e-05,1.061592501109147073e-05,1.044001554404337449e-05,1.008509350047136700e-05,9.736820424467162462e-06,9.549880764584849072e-06,9.405619638520227812e-06,9.072362549238572910e-06,8.882625396073416256e-06,8.757375029905028604e-06,8.440593051996111184e-06,8.132388969023347997e-06,7.943454133446200657e-06,7.843416609523960764e-06,7.552881623461581364e-06,7.367121410325840553e-06,7.281785483023256412e-06,7.009162049721151602e-06,6.745501950973476038e-06,6.755886313475758700e-06,6.501088967196165843e-06,6.255129457862089875e-06,6.083413340082125525e-06,6.027993289404041744e-06,5.799288437853139194e-06,5.634742042640092064e-06,5.588808358951238118e-06,5.376747504420426569e-06,5.172809151300653180e-06,5.019952203830762026e-06,4.986034044898428821e-06,4.797624588987723706e-06,4.652818338326813239e-06,4.625515107284053209e-06,4.451799162311850867e-06,4.285188940129273505e-06,4.293462431209371553e-06,4.133571055485804991e-06,3.980349049015372988e-06,3.855769651709583767e-06,3.841156708033174723e-06,3.700441881659509972e-06,3.583666261601870693e-06,3.572785891765991458e-06,3.443710017423475789e-06,3.320225089099305983e-06,3.214764782640003329e-06,3.208446941205589701e-06,3.095345411563763441e-06,2.996988202114835685e-06,2.993013310809999159e-06,2.889500332217161850e-06,2.790582731747131074e-06,2.795848082685666516e-06,2.701168612748443111e-06,2.610720363688203378e-06,2.528707100084275495e-06,2.528917087305279023e-06,2.446247062084302451e-06,2.370112153820604580e-06,2.371403092193394628e-06,2.295864433526569420e-06,2.225251537616901680e-06,2.156562822437566052e-06,2.160047009189383251e-06,2.093158341638372840e-06,2.028238953895100448e-06
1.764840635301212056e-06,1.762516476354042524e-06,1.820865646203976658e-06,1.880983050982451703e-06,1.878299611483455750e-06,1.941194168771698431e-06,2.007117874310266110e-06,2.073907660881915037e-06,2.073018990329477558e-06,2.145295399100208615e-06,2.217335347416291637e-06,2.217441451179287922e-06,2.296665365092407489e-06,2.374290014725125277e-06,2.460284385796109727e-06,2.462466772972475870e-06,2.553396451193267003e-06,2.640098067701373574e-06,2.644029165679806020e-06,2.743588048547099142e-06,2.836700838049046337e-06,2.842772176077183326e-06,2.951707123594641850e-06,3.065698485496075056e-06,3.169070553487881325e-06,3.179300087778199442e-06,3.303860340644485302e-06,3.414354567223324387e-06,3.427990110098102888e-06,3.563953952315385442e-06,3.681783468948270125e-06,3.827645462209026928e-06,3.847689855678055554e-06,4.002441777848551921e-06,4.131599395762340658e-06,4.156813961947551921e-06,4.325123780878065449e-06,4.461821864314322814e-06,4.493079186245378571e-06,4.675798039681016568e-06,4.866087914497425898e-06,5.013907030553700205e-06,5.056148175811986660e-06,5.262033419904786166e-06,5.416824599006431880e-06,5.467748342509371306e-06,5.689922830777877320e-06,5.851134614945847142e-06,6.084667832735715606e-06,6.151023042550447327e-06,6.398658685125267053e-06,6.567929387098751571e-06,6.646284192732932997e-06,6.911253137758502706e-06,7.084363736252677601e-06,7.176223249168400268e-06,7.458523940111555780e-06,7.749360115242316779e-06,7.925002195977528491e-06,8.040063566157196269e-06,8.347518071743485846e-06,8.522062283688485091e-06,8.654641134518583677e-06,8.977657217974428138e-06,9.307796448809731190e-06,9.475132247631214784e-06,9.636933298698018135e-06,9.979868203550294338e-06,1.013792975352514242e-05,1.032116493538889731e-05,1.067413742054235584e-05,1.081859677783482521e-05,1.116633241095430350e-05,1.138400585478457108e-05,1.174472786740022894e-05,1.185906858541200906e-05,1.210106008419275305e-05,1.246086558517372009e-05,1.254804500899074370e-05,1.281499738249143597e-05,1.316775237112506322e-05,1.351393052687232312e-05,1.354806730213887964e-05,1.385228974378562568e-05,1.418016626927211158e-05,1.417109218828506362e-05,1.450001078680757734e-05,1.480133606029832586e-05,1.474284972163532464e-05,1.499855610178208813e-05,1.536180971830441086e-05,1.560524270292220649e-05,1.546175972512420070e-05,1.584723432131000131e-05,1.604202108940715397e-05,1.583903723486545471e-05,1.624601315924332795e-05,1.638502624774103764e-05,1.649011478080868748e-05,1.619565579099569542e-05,1.662986168377029921e-05,1.667146839680895256e-05,1.632498537944475581e-05,1.678037068801482124e-05,1.675861602870830087e-05,1.669834024940478398e-05,1.628837941805643893e-05,1.677042577645150741e-05,1.665374060864384099e-05,1.622896200110798958e-05,1.673791487168676216e-05,1.657769409296095704e-05,1.616298143025083172e-05,1.597493621171581092e-05,1.651823816978614605e-05,1.631282445528564682e-05,1.595114974696680031e-05,1.653143091228156321e-05,1.633487210623215682e-05,1.605533408551482844e-05,1.667563798572836627e-05,1.651461614967414363e-05,1.636469917883175880e-05,1.624039949945494432e-05,1.690316202904981190e-05,1.682677819946778474e-05,1.683832307841563088e-05,1.753274679902223706e-05,1.754680371656295568e-05,1.769564936325150362e-05,1.780844151642877726e-05,1.851658926119358832e-05,1.867048826046874421e-05,1.899297380577374072e-05,1.968807619981221245e-05,1.992481032444073070e-05,2.032278400400588396e-05,2.097137181674569976e-05,2.125736606616852769e-05,2.156964956545605973e-05,2.199852564271242332e-05,2.252780236805031357e-05,2.282331563277017618e-05,2.318865804893252300e-05,2.358027220132570328e-05,2.380428419997782251e-05,2.400943005425660695e-05,2.421165995177212038e-05,2.437764002181183829e-05,2.445461337649533709e-05,2.448145975723571886e-05,2.448145975723571886e-05,2.446110048038485825e-05,2.439776141520708590e-05,2.423801017497346756e-05,2.404514189463510796e-05,2.385876779926098941e-05,2.365782009570569072e-05,2.327530082619435508e-05,2.292918041812063242e-05,2.266801533558767559e-05,2.215051141649604182e-05,2.175081679398067739e-05,2.148644981086271478e-05,2.125546501343604755e-05,2.062149830912717475e-05,2.027091195018628595e-05,2.010287509612579681e-05,1.942250347345613419e-05,1.916016271022977335e-05,1.908662895433761985e-05,1.839145340355690772e-05,1.836207745989404031e-05,1.829057007073257922e-05,1.836787710667046183e-05,1.768030014519793460e-05,1.775483627740762023e-05,1.792460652193414406e-05,1.726271576374227066e-05,1.747889915324476060e-05,1.771989414428859629e-05,1.796933623878169410e-05,1.733933966410103583e-05,1.771343733106371180e-05,1.799051292647364266e-05,1.739323066861394774e-05,1.784738414758743153e-05,1.812266058681765541e-05,1.755541680570460897e-05,1.780404109596676256e-05,1.830326488048575416e-05,1.851418252471653846e-05,1.797237647741011237e-05,1.847390362132364850e-05,1.862763609058227545e-05,1.810813893286697431e-05,1.858579857124138660e-05,1.866962825624421225e-05,1.870842868898266260e-05,1.821094963694202648e-05,1.861033269523941646e-05,1.857352309642071878e-05,1.809561300969190912e-05,1.843298230245493199e-05,1.832172629274722656e-05,1.817159811551136888e-05,1.772049121150790423e-05,1.795211166333637043e-05,1.773750337905628585e-05,1.730875762915866676e-05,1.747222400523667024e-05,1.720183722535648316e-05,1.679690300152445934e-05,1.651221058246220779e-05,1.657932623353378026e-05,1.624314581739343837e-05,1.587591476808192429e-05,1.588725863226052805e-05,1.552100774345856326e-05,1.518119897328059491e-05,1.514394835690048543e-05,1.475706618037847322e-05,1.436280256456160098e-05,1.406466849598191443e-05,1.396795539292109910e-05,1.356581009988349781e-05,1.329568043170027293e-05,1.316859150378847480e-05,1.276548724166992407e-05,1.252268026476334266e-05,1.213418323788999602e-05,1.197346343340961542e-05,1.157915906801988515e-05,1.137505494027094230e-05,1.119918349949235720e-05,1.081621048182687959e-05,1.063620258773127836e-05,1.045001781467002205e-05,1.008145315753054689e-05,9.720889443585328883e-06,9.573706542816491202e-06,9.379522435603702306e-06,9.036441804712932408e-06,8.908926840879618630e-06,8.713547810650650144e-06,8.389114660849122677e-06,8.074249768802029909e-06,7.972755080646301204e-06,7.780229234670608287e-06,7.484786088751796202e-06,7.398419557170387320e-06,7.210187948585410648e-06,6.934151413539194354e-06,6.861210527622132378e-06,6.600956875002078978e-06,6.421720042106806971e-06,6.174169376754896075e-06,6.118471532667331963e-06,5.946387598674700336e-06,5.717042811026413067e-06,5.671025060941809429e-06,5.506701581179272678e-06,5.294775704139955746e-06,5.091312551797618067e-06,5.057523825032508905e-06,4.905579918667231872e-06,4.718196987802047205e-06,4.691113189991014312e-06,4.547550559266919772e-06,4.375289256884306049e-06,4.353928331464794406e-06,4.191579582600628173e-06,4.060613728013353011e-06,3.909306057361695186e-06,3.895028313322168644e-06,3.772207035699419952e-06,3.633601611127262730e-06,3.623065502060009841e-06,3.508149228542180055e-06,3.381310436590325088e-06,3.260111977668683873e-06,3.254135441235420129e-06,3.150614572014040717e-06,3.039847166769905822e-06,3.036195211640409777e-06,2.939784497377939098e-06,2.838612852309030072e-06,2.836848492481559225e-06,2.741159212609316926e-06,2.654824072839923852e-06,2.566674266950945636e-06,2.567144106731324080e-06,2.486998210141892141e-06,2.406565404883503896e-06,2.408083834720107904e-06,2.333755146017465530e-06,2.260375796675985091e-06,2.190369590285594774e-06,2.193815528517781570e-06,2.126880511580749557e-06,2.061906980982420598e-06,2.064891549174367308e-06
1.735632166772169800e-06,1.792384817432934279e-06,1.790122352006137389e-06,1.848527225932749653e-06,1.909143231350522856e-06,1.906741550740898287e-06,1.969926235966525115e-06,2.036424598899505973e-06,2.106142281368899790e-06,2.102964324229565193e-06,2.175911159406624230e-06,2.252380682562045154e-06,2.248775593569012433e-06,2.328782428907339409e-06,2.412638232492609562e-06,2.500515774005607222e-06,2.496311881581378360e-06,2.588235163671777407e-06,2.684540915473177764e-06,2.679868797399966580e-06,2.780587456436406544e-06,2.886071749674965509e-06,2.891653196451958816e-06,2.991205843703962270e-06,3.106663233299181965e-06,3.227500251208961519e-06,3.221692166491273353e-06,3.347957842021513502e-06,3.480034344850029111e-06,3.473732275144092756e-06,3.611676319715577503e-06,3.755875681304109064e-06,3.906555210870876023e-06,3.899603429277976258e-06,4.056829777501314520e-06,4.220988928768352456e-06,4.213567411155534978e-06,4.384731793940476088e-06,4.563276737001155140e-06,4.594691513677335243e-06,4.741413556762333549e-06,4.935227439114797418e-06,5.137055594343915680e-06,5.128659965802637468e-06,5.338575702235887840e-06,5.556883016269641413e-06,5.548152575082546012e-06,5.774918373161525814e-06,6.010392625943288834e-06,6.254698697742076515e-06,6.245634243068233363e-06,6.498810262235569705e-06,6.760994432545182873e-06,6.751784565427911842e-06,7.022986106006328745e-06,7.303238424159304301e-06,7.398464517096243600e-06,7.583261732962460225e-06,7.881451975261814297e-06,8.188410319903971434e-06,8.179312288337729273e-06,8.494901509390682983e-06,8.818779706025388996e-06,8.957523291084081674e-06,9.141903055650750268e-06,9.481353528354725919e-06,9.827784751860986555e-06,9.819605302663424090e-06,1.017260010221785388e-05,1.053123485454841961e-05,1.052375998133314857e-05,1.088747082972614642e-05,1.125502940089630713e-05,1.162533572394124968e-05,1.161917981083409949e-05,1.199141064681986855e-05,1.236381022635331495e-05,1.235902952766198232e-05,1.273062703362610372e-05,1.309924236837310556e-05,1.338352545800587637e-05,1.346090504412169093e-05,1.381876659065229740e-05,1.416777942267686679e-05,1.416861241876399165e-05,1.450769707467632722e-05,1.483349883336828214e-05,1.483869961531343681e-05,1.515039290958040417e-05,1.544375186103765996e-05,1.571604888240560007e-05,1.573066605566816946e-05,1.598237843594306476e-05,1.620785783112834190e-05,1.623380898773362963e-05,1.643516899688622556e-05,1.660542727458786365e-05,1.704188890687796705e-05,1.679199150108766611e-05,1.690053213527635510e-05,1.697169160549854200e-05,1.704924423372131294e-05,1.709259985522172659e-05,1.709642663380500218e-05,1.758405589545694348e-05,1.719120756306719285e-05,1.713046983765253162e-05,1.703021975546493871e-05,1.721801154060839082e-05,1.710104081641565779e-05,1.694841031590900405e-05,1.720752522154844272e-05,1.704858786657847898e-05,1.686083736083548407e-05,1.664807180588050685e-05,1.702509635363158976e-05,1.682494250991485444e-05,1.661101348526367413e-05,1.708998412678011065e-05,1.690391336255329805e-05,1.671734747297778885e-05,1.737287250460468362e-05,1.715897928782482320e-05,1.702806386781958228e-05,1.691827167774387274e-05,1.763960991947658281e-05,1.758825872870897083e-05,1.757062157261523970e-05,1.837270052695580625e-05,1.841588062873601549e-05,1.850134492203133716e-05,1.863360036282262996e-05,1.949180642389152123e-05,1.967603884085027753e-05,1.990649942962534352e-05,2.075351928316097202e-05,2.101441883485064411e-05,2.131303124132263998e-05,2.196824100377499511e-05,2.239283833605144568e-05,2.271281190834374380e-05,2.304774053581319713e-05,2.365609394501773171e-05,2.394042158699360152e-05,2.421829009217220171e-05,2.457832905604190627e-05,2.483190169716701279e-05,2.499955978229654148e-05,2.513720199079085718e-05,2.525733192784546495e-05,2.528149173226148773e-05,2.528149173226148773e-05,2.527108676424824420e-05,2.515095682719363642e-05,2.502846514592019567e-05,2.487869644293130757e-05,2.463831999495939734e-05,2.428695420731384873e-05,2.403603024392330365e-05,2.378463504360447516e-05,2.317628163439993720e-05,2.288097551584995795e-05,2.260778678883171322e-05,2.222210943280183838e-05,2.158215865646575352e-05,2.134510863135609060e-05,2.115290812224959602e-05,2.030588826871397091e-05,2.015079508621571940e-05,2.004793062270965803e-05,1.918972456164076337e-05,1.914399876883860559e-05,1.914924937007248624e-05,1.919989191222121712e-05,1.839781295788064718e-05,1.851123962446649541e-05,1.865917980773410326e-05,1.793784156600140335e-05,1.814386282080517540e-05,1.836952675320634740e-05,1.868398907407310840e-05,1.802010734520330688e-05,1.829538033945978318e-05,1.856578620919673402e-05,1.808681556977048344e-05,1.837995464027040679e-05,1.865356050387530351e-05,1.827653599902353236e-05,1.855648502099640170e-05,1.880476092094382642e-05,1.901729287604722718e-05,1.875817878999709527e-05,1.895731114890450154e-05,1.911362980395673309e-05,1.892584226973417517e-05,1.905832014704010325e-05,1.914427706213027604e-05,1.960026695164668621e-05,1.906791346732298790e-05,1.907591078045373385e-05,1.903809629929495393e-05,1.896060258737896631e-05,1.888905466468169465e-05,1.877454647046134729e-05,1.906067441432240958e-05,1.857698272139019131e-05,1.839081270956311132e-05,1.816916581926206716e-05,1.814350054743896253e-05,1.789382252175252054e-05,1.761435913831772214e-05,1.760020137347465891e-05,1.729706713254803259e-05,1.697010781808633610e-05,1.662242204968284844e-05,1.661797741259443055e-05,1.625422127909637197e-05,1.587549520011660958e-05,1.587567607497859297e-05,1.548571785847401743e-05,1.508581814060402830e-05,1.500015204882113374e-05,1.468267280112052682e-05,1.427071648416697273e-05,1.385543378347639397e-05,1.386185936792364611e-05,1.344572364583301877e-05,1.302980516037366291e-05,1.303785500624222747e-05,1.262415458553049428e-05,1.221356475716892568e-05,1.180731777916287663e-05,1.181697218609876342e-05,1.141647384332917476e-05,1.102232316163257094e-05,1.103285294638555929e-05,1.064610812100790254e-05,1.026720740164801894e-05,1.006206600178894893e-05,9.908073034807724969e-06,9.546674494422109999e-06,9.194576447605663105e-06,9.206263690201772198e-06,8.863855674630173766e-06,8.531277819580761432e-06,8.325747790913654313e-06,8.220573693297556620e-06,7.908099197004452943e-06,7.605762746121755324e-06,7.617590116529795244e-06,7.325346031127565479e-06,7.043186449992681151e-06,7.054826774547861460e-06,6.782583639400509069e-06,6.520222494287724727e-06,6.267603661496897876e-06,6.278814913301388849e-06,6.035639826746088342e-06,5.801848200672046546e-06,5.812629466561048365e-06,5.587859192661168180e-06,5.372046628649990778e-06,5.208972768653863608e-06,5.175064245213284179e-06,4.976289979211109698e-06,4.785760525437420353e-06,4.795290867496233904e-06,4.612559919136435490e-06,4.437570701067778729e-06,4.446497830474615935e-06,4.278791244506842083e-06,4.118318392835945112e-06,3.964827174065261592e-06,3.972919975608248263e-06,3.825948863290133331e-06,3.685461122338723303e-06,3.692919573073243782e-06,3.558460078733271473e-06,3.430000953144420122e-06,3.319334458313313235e-06,3.313925049663670500e-06,3.196559737629312846e-06,3.084507482195299224e-06,3.090507181576173406e-06,2.983347184218380280e-06,2.881071664466283118e-06,2.886470091982918047e-06,2.788677067127672015e-06,2.695365243817782230e-06,2.606341377718523646e-06,2.610970851942369367e-06,2.525862428402537486e-06,2.444677444433648248e-06,2.448758417383047350e-06,2.371145786897513901e-06,2.297117826437029687e-06,2.226780638522679756e-06,2.229903863637483097e-06,2.162402122999792489e-06,2.097357060023860188e-06,2.100262404495424939e-06,2.037028387074197435e-06
1.709480930990553962e-06,1.764539736926193409e-06,1.821375122033597147e-06,1.818389835424016544e-06,1.877052918961968423e-06,1.938584285502065245e-06,1.936022800352716682e-06,2.000468330530298366e-06,2.067047156370249778e-06,2.137399934906586603e-06,2.135886950187754220e-06,2.207878207845041893e-06,2.285087942940827058e-06,2.284507684858207247e-06,2.366109843346529135e-06,2.447006485639725604e-06,2.535822071496138591e-06,2.537250488090128761e-06,2.624513442535983688e-06,2.721913750932897362e-06,2.725056417826726759e-06,2.828215224110098655e-06,2.925829132441951103e-06,2.931096989669440808e-06,3.044257577996848481e-06,3.149176343971614244e-06,3.271625444196330079e-06,3.281093799854123325e-06,3.393658310615084806e-06,3.527608969713182829e-06,3.540550338002942683e-06,3.682763326832145362e-06,3.807438240742422658e-06,3.960466387892620859e-06,3.980029020120223446e-06,4.112999504483293439e-06,4.279873762961344910e-06,4.304822160264260493e-06,4.482189342333007329e-06,4.627892452188632885e-06,4.659183879557936232e-06,4.852336593090270182e-06,5.006432872318573181e-06,5.212121165536306586e-06,5.255061159456865977e-06,5.417338755488671809e-06,5.640057279671866683e-06,5.692274894871462537e-06,5.929065457503885571e-06,6.102816302096955086e-06,6.352475751749522067e-06,6.421332670200955144e-06,6.601742354014119135e-06,6.869973128894818534e-06,6.951862734416143064e-06,7.236678442503205373e-06,7.424845337609440281e-06,7.521493752185667186e-06,7.825985419708809723e-06,8.017213023945586497e-06,8.332160915384050903e-06,8.454365994901685201e-06,8.787709546968041193e-06,8.979113989783510516e-06,9.120745794543005372e-06,9.472149394657274424e-06,9.659920083178173111e-06,1.001639007682269720e-05,1.019065630093071979e-05,1.037101620549756041e-05,1.074044934406829708e-05,1.093880107688045123e-05,1.132587790072470375e-05,1.148627358980694907e-05,1.186831290352735027e-05,1.210558968691905599e-05,1.224586202220686453e-05,1.263041188129878624e-05,1.289531653059958884e-05,1.329243740127847185e-05,1.339005404137395612e-05,1.368341972001489730e-05,1.407344793839040241e-05,1.413384867830191374e-05,1.449482498176408259e-05,1.483083131474146663e-05,1.484649813812218354e-05,1.518356748086412392e-05,1.554791823342166338e-05,1.588118507934583706e-05,1.581525647171266576e-05,1.609689120503216201e-05,1.650069249822610522e-05,1.637320299288347574e-05,1.660631563250198359e-05,1.703574343872620500e-05,1.724817054211356802e-05,1.701891579290189222e-05,1.747323859760972818e-05,1.762219114223926889e-05,1.732694070110311717e-05,1.740044767766815264e-05,1.788629833813669743e-05,1.792441058600490933e-05,1.753568121016731602e-05,1.804638768134117155e-05,1.801332446223498132e-05,1.758239447589874258e-05,1.748123978658819633e-05,1.802315355470788274e-05,1.757131323511545616e-05,1.741877716347635296e-05,1.799237625386099039e-05,1.780864224977179387e-05,1.736200904764087217e-05,1.715263995083336117e-05,1.776594305278081818e-05,1.737254900829969382e-05,1.716716216389133765e-05,1.782251349913481121e-05,1.761432099780237896e-05,1.734497721001465121e-05,1.804425618963532423e-05,1.788491171467894222e-05,1.774690329831180656e-05,1.766171794520869114e-05,1.840372327296427947e-05,1.841408220112672771e-05,1.842671018147407639e-05,1.919637609057262223e-05,1.925074396614707690e-05,1.947429285095880164e-05,1.964063891799733733e-05,2.040948853844618872e-05,2.075558707092556461e-05,2.101590371777944783e-05,2.175128047916439854e-05,2.203745122747168355e-05,2.249062220780481688e-05,2.315053098190740283e-05,2.346650115289460959e-05,2.390679698458310048e-05,2.423800018731294458e-05,2.473081445855769683e-05,2.501309265593136820e-05,2.533863643277335461e-05,2.565432607765288770e-05,2.582599253146394944e-05,2.598381939025899427e-05,2.607055547453649791e-05,2.612051502978868787e-05,2.612051502978868787e-05,2.607766400492796406e-05,2.600589019587943917e-05,2.585774690325628441e-05,2.570583651061597602e-05,2.539862737169084906e-05,2.508884014767317973e-05,2.483649555088330150e-05,2.435501668417685341e-05,2.406198923987519828e-05,2.365288172119242325e-05,2.338890489465797771e-05,2.274449063683165338e-05,2.233593954308586783e-05,2.211792431142650249e-05,2.139922954387820137e-05,2.121461034116105173e-05,2.093492583485351825e-05,2.018189632102050958e-05,2.010348944431348872e-05,1.995991537180479656e-05,2.000419580323797641e-05,1.924481594030560331e-05,1.933085500978224300e-05,1.941624346122291082e-05,1.867833803674946394e-05,1.886331864748165668e-05,1.910334442534088864e-05,1.936294511647744569e-05,1.865609377949485991e-05,1.902992438677068463e-05,1.933066469221327748e-05,1.865934277092369043e-05,1.894787091140178958e-05,1.944262580629397698e-05,1.880520588732782360e-05,1.908535670937065720e-05,1.962737074231693968e-05,1.987106477336293944e-05,1.926268789744265843e-05,1.946450596879996777e-05,1.999852388840963729e-05,1.941624234319914305e-05,1.955174944404095800e-05,2.005425377519080108e-05,2.010872899598113912e-05,1.955191200251468270e-05,2.000094079031402832e-05,1.997006229501427054e-05,1.943603892293713044e-05,1.936265553826196399e-05,1.970123103633384943e-05,1.954107921069860965e-05,1.903787511133601067e-05,1.929973695940084561e-05,1.906605068461428155e-05,1.858864208714577023e-05,1.833067024376810498e-05,1.847627729157516621e-05,1.802627088102327332e-05,1.771283460836395928e-05,1.778855297443292629e-05,1.741681731267855890e-05,1.701009440744993091e-05,1.663381112627453334e-05,1.661752607816469082e-05,1.624226839808002454e-05,1.583898694435909661e-05,1.577243570359468784e-05,1.533656124191162869e-05,1.500898407132624165e-05,1.490072909985695182e-05,1.445693107574814586e-05,1.416128838479477064e-05,1.373162444854092341e-05,1.357567536122335092e-05,1.331107683289336665e-05,1.288432273660786889e-05,1.270592863545295127e-05,1.227359888404145493e-05,1.205274664444914434e-05,1.164024959223227704e-05,1.143961712967398783e-05,1.124584013715541465e-05,1.084795118558042043e-05,1.063909368455535025e-05,1.024692582733903158e-05,1.008980125846115402e-05,9.876928223209466835e-06,9.505042344601123954e-06,9.369723046808791321e-06,9.018466063031520169e-06,8.805828654431473084e-06,8.466295121152598205e-06,8.359626159152833645e-06,8.150419674712584185e-06,7.832925475017815835e-06,7.742779992401984112e-06,7.443852797600220864e-06,7.243308624181507843e-06,7.167734181388172549e-06,6.889577868765402520e-06,6.696452798297957654e-06,6.432682121738800869e-06,6.375685391460252982e-06,6.127642629819107063e-06,5.947295883580305024e-06,5.900630850708189620e-06,5.671602301029782340e-06,5.500352506395077528e-06,5.285319655436886751e-06,5.251607753543109375e-06,5.089684632600445456e-06,4.892258697527051997e-06,4.865572700029525152e-06,4.679847502767363793e-06,4.532079230754644974e-06,4.511342573506930232e-06,4.341044595609279810e-06,4.202484050206695047e-06,4.044244964022049343e-06,4.030810312050725144e-06,3.881769618617526354e-06,3.756660295844120459e-06,3.747028881688281953e-06,3.610786615688068214e-06,3.494155995697593544e-06,3.368262499610327075e-06,3.363221478880536942e-06,3.254689059844214614e-06,3.139916011829107563e-06,3.137171380976696066e-06,3.028794452625416843e-06,2.931747902546648532e-06,2.930841889627656259e-06,2.832002137014132504e-06,2.742008342683357113e-06,2.651198188581248317e-06,2.652438282159377681e-06,2.566498682547165492e-06,2.486381065199829319e-06,2.488592046643944446e-06,2.410261992331034674e-06,2.336136771312984226e-06,2.264378653787943335e-06,2.267671479240986268e-06,2.199133647318552595e-06,2.133787705683207866e-06,2.137490297661382942e-06,2.074150036819016061e-06,2.012779868035805193e-06
1.686397026918944851e-06,1.739788125288988442e-06,1.793601398257834138e-06,1.850075492540929335e-06,1.847983556497884474e-06,1.907115294167903869e-06,1.969176289749469568e-06,1.966667474667956752e-06,2.031657450413081435e-06,2.099869238845869558e-06,2.170062787809742735e-06,2.168353543370879304e-06,2.243330258457842107e-06,2.322017048545977078e-06,2.318431484465400107e-06,2.400839976752037477e-06,2.487316528118896022e-06,2.572630360226843640e-06,2.573788555401511742e-06,2.668804009299920609e-06,2.768477434254588810e-06,2.763679376866414803e-06,2.868039075942667498e-06,2.977483574880895841e-06,2.972131087036489860e-06,3.086696284729824014e-06,3.206799772330468596e-06,3.317424239493827554e-06,3.326563395667168397e-06,3.458266041448871924e-06,3.596233072609148915e-06,3.589536024887426595e-06,3.733825186022624493e-06,3.884887540206487969e-06,4.016228711035883116e-06,4.035509823377352651e-06,4.200707935826128128e-06,4.373465154813176349e-06,4.365422564016323874e-06,4.545816472758487714e-06,4.734296755110421666e-06,4.725707531389355449e-06,4.922357743735082513e-06,5.127610384599271805e-06,5.289459056850185235e-06,5.332453041585556835e-06,5.555486396205345980e-06,5.787835497851575798e-06,5.778139936654934156e-06,6.019883747444073298e-06,6.271350811224055648e-06,6.453054786139394717e-06,6.522551640059557365e-06,6.793851984922823518e-06,7.075304757499090491e-06,7.064918163164893422e-06,7.356546250169132630e-06,7.658445231665563427e-06,7.647952345891893201e-06,7.960101439192889791e-06,8.282450708491458072e-06,8.614868103578582275e-06,8.604462568155131657e-06,8.946814918123103269e-06,9.298775644847857928e-06,9.288635820266603001e-06,9.649972482688090453e-06,1.002011822234506622e-05,1.021058471160134536e-05,1.038903719512037302e-05,1.077523052920292609e-05,1.116822282545612064e-05,1.115952026292393641e-05,1.155869596199338164e-05,1.196269430255911853e-05,1.211894297679712763e-05,1.236306768808103813e-05,1.277333322361827569e-05,1.318428382640240302e-05,1.317863985717858204e-05,1.358917868315119805e-05,1.399680842654416895e-05,1.399332941425535216e-05,1.439684444052800499e-05,1.479315605207519314e-05,1.483311833741378517e-05,1.518069596283999129e-05,1.555641630615591791e-05,1.591729510288997018e-05,1.592337355009216466e-05,1.626849153057561791e-05,1.659287088811967246e-05,1.649153002889153317e-05,1.691065015119040438e-05,1.718780550956987315e-05,1.743497080069761538e-05,1.746597422772726158e-05,1.768581061607943613e-05,1.786998698342991571e-05,1.792141836558374342e-05,1.807565646225176131e-05,1.818950627369856021e-05,1.826049081157744410e-05,1.835418682299840389e-05,1.839413109228373689e-05,1.838894899306419957e-05,1.852932168674576496e-05,1.849689651729657488e-05,1.841966979483322496e-05,1.795425330559813370e-05,1.852541201710701285e-05,1.838701590020292619e-05,1.820931771264123800e-05,1.852240987705808532e-05,1.834076872043474712e-05,1.812858428618813059e-05,1.769073479972551973e-05,1.834338390910707044e-05,1.812436113369250449e-05,1.789360489917920101e-05,1.846415970673454646e-05,1.826966409074119675e-05,1.807942217716788992e-05,1.877029912298490077e-05,1.863170036084000627e-05,1.851369306307914614e-05,1.846937186720616893e-05,1.925935300302956789e-05,1.923822203102453841e-05,1.925983712290799349e-05,2.017002357822189954e-05,2.025769386838827252e-05,2.039555685851813260e-05,2.072675557147540254e-05,2.152891078455863345e-05,2.176915897639477001e-05,2.205859612556539560e-05,2.295579171003468206e-05,2.326292678252435959e-05,2.360487774202092498e-05,2.439326089549272839e-05,2.471288229615223840e-05,2.504562129154462081e-05,2.538237891630292146e-05,2.593004005054276785e-05,2.618656772436787610e-05,2.642377954250805022e-05,2.673405521435353116e-05,2.685821348066292564e-05,2.694794133713431430e-05,2.697979053605055176e-05,2.697979053605055176e-05,2.695574158540343891e-05,2.688245744457399856e-05,2.677723736627044942e-05,2.646696169442496849e-05,2.625273056584546513e-05,2.602460945080374449e-05,2.547694831656390150e-05,2.517519022654821653e-05,2.488495473473040253e-05,2.461596827283264819e-05,2.382758511936084817e-05,2.354472937940705102e-05,2.330517677039688860e-05,2.240798118592760214e-05,2.219434682695327341e-05,2.203757957823311952e-05,2.125219286788273545e-05,2.099459565125167987e-05,2.095299232805123118e-05,2.096630462593707727e-05,2.005611817062317122e-05,2.013892125088409001e-05,2.026654600472499950e-05,1.948189205546480029e-05,1.962806946131465265e-05,1.985258089760233438e-05,2.009569084420581627e-05,1.940481389839592387e-05,1.969634743447078992e-05,1.998780083078560710e-05,1.941724602396791214e-05,1.973964273536106006e-05,2.004414806022222791e-05,1.936741756935672618e-05,1.990798142932979407e-05,2.019140740580228080e-05,2.043650320257939286e-05,2.012341162827543112e-05,2.035652196371625698e-05,2.054216106997436883e-05,1.992962653840650559e-05,2.047549027203636414e-05,2.058370536165569014e-05,2.063922830811643091e-05,2.049887727769021242e-05,2.051954321295050676e-05,2.048779400655485340e-05,2.039415842611443593e-05,2.032448504090200191e-05,2.020547088333740231e-05,2.004004665914100594e-05,1.998878860124980484e-05,1.978791934686734011e-05,1.954633001077440301e-05,1.951564601186434896e-05,1.924221454759644472e-05,1.893470549013274569e-05,1.846774090563324677e-05,1.858355891993148043e-05,1.822213384876564447e-05,1.783725209353035872e-05,1.783204806372535759e-05,1.742919441948590395e-05,1.700960855706565032e-05,1.662147771780349246e-05,1.657794220595491003e-05,1.613512745612033497e-05,1.568422714167421090e-05,1.568931453102024594e-05,1.523381219974093746e-05,1.477506865555208391e-05,1.478263385676267072e-05,1.432348324015348611e-05,1.386513319216424281e-05,1.359295970231816237e-05,1.341927739727237155e-05,1.296805727178284658e-05,1.252227654400232255e-05,1.253351074990586475e-05,1.209472651112883428e-05,1.166359134781960059e-05,1.146523484870140864e-05,1.125344495449945290e-05,1.084036973731343800e-05,1.043718549523764462e-05,1.045021570232115584e-05,1.005757033191136606e-05,9.675702772928757077e-06,9.689068950549190257e-06,9.318349207533967545e-06,8.958913834447318836e-06,8.610908062845659724e-06,8.624383698340074318e-06,8.287857191560027819e-06,7.962831938282863943e-06,7.976170356848483498e-06,7.662526369021339462e-06,7.360244318637638246e-06,7.284044807835021665e-06,7.082113898331752039e-06,6.802003435719904440e-06,6.532766952052806495e-06,6.545217553543944301e-06,6.286462829185006842e-06,6.038121409242277571e-06,5.991467960624908689e-06,5.811625668066891797e-06,5.583127279088627939e-06,5.364239023292323802e-06,5.375268877222770181e-06,5.165476146890073660e-06,4.964713382453533340e-06,4.975041275025006661e-06,4.782773385597368810e-06,4.598943467617007118e-06,4.578565056480094849e-06,4.432604876374504639e-06,4.264517671730540336e-06,4.103987198889775445e-06,4.112587211317867434e-06,3.959076218821090708e-06,3.812551946203278267e-06,3.803314021828948380e-06,3.680342164927499596e-06,3.546718831213238512e-06,3.419269379544859888e-06,3.426142775617980370e-06,3.304369013568261919e-06,3.188261900011541565e-06,3.194423324334443522e-06,3.083507112254978689e-06,2.977780407779877072e-06,2.977180957435106332e-06,2.882266580747146397e-06,2.786021544307845970e-06,2.694306761293535926e-06,2.698911162605357664e-06,2.611312409781883731e-06,2.527844207904245493e-06,2.530267959434823589e-06,2.452107855970656989e-06,2.376143367392975727e-06,2.303764314078248701e-06,2.306986008403794329e-06,2.237841547175466296e-06,2.171956219341830546e-06,2.174642578543407189e-06,2.111690786513880355e-06,2.051698844812483132e-06,1.992159097718728128e-06
1.719582021292439523e-06,1.715825134087396711e-06,1.767739417736145510e-06,1.824034075679184972e-06,1.880958087969300431e-06,1.877522251184209290e-06,1.938590316720764877e-06,2.001171380343678055e-06,1.998079471611049299e-06,2.064301041641383241e-06,2.133116432582843642e-06,2.205362467057394527e-06,2.203206923224002682e-06,2.277996219407685414e-06,2.357446699593942222e-06,2.356147377369337281e-06,2.437123137255528134e-06,2.524491455183020691e-06,2.616196285762967479e-06,2.616814564901866873e-06,2.707982458508893003e-06,2.808789442107152349e-06,2.811069830068387432e-06,2.909525976849818040e-06,3.020295937149960928e-06,3.024667929879951238e-06,3.130850521472079775e-06,3.252503285394166087e-06,3.380064011724641389e-06,3.388652520551856347e-06,3.507317878425374144e-06,3.647247584799025895e-06,3.659358617903664067e-06,3.786758139597648006e-06,3.940107010385091243e-06,4.100677475598311148e-06,4.119603129099766225e-06,4.260799048903124182e-06,4.436430240938340557e-06,4.460948713675044525e-06,4.611547134420483147e-06,4.803355922992380859e-06,4.834516290982840761e-06,4.994607862094574128e-06,5.203704210955097902e-06,5.421940958803643947e-06,5.465435999736601074e-06,5.639682250899896448e-06,5.876780671018076614e-06,5.930179291728639701e-06,6.113384380308960641e-06,6.370283770359483339e-06,6.637450922398157190e-06,6.708786779966134718e-06,6.904186931056772413e-06,7.192235315808603730e-06,7.277729408700109746e-06,7.479839375558206727e-06,7.789185436270640582e-06,7.890820317600547013e-06,8.219733488812722797e-06,8.428748840505883235e-06,8.769997524308172410e-06,8.899820245557674175e-06,9.110524492271157023e-06,9.472279756530582043e-06,9.623685456537729171e-06,9.833016959883822050e-06,1.021392821666641717e-05,1.060356184198825575e-05,1.079149879315317585e-05,1.099126035693088994e-05,1.139640277393049244e-05,1.161148091677479156e-05,1.179875946787723310e-05,1.221571590681436256e-05,1.263659913290928911e-05,1.289581885023582142e-05,1.305264066872181428e-05,1.347740932363875343e-05,1.376813281067456662e-05,1.389581529069129513e-05,1.431751073987879226e-05,1.464081466131924270e-05,1.473131591038875869e-05,1.514158361713193997e-05,1.554190695878367853e-05,1.591420172422986011e-05,1.593199251158579330e-05,1.630577017443445869e-05,1.671073823247935599e-05,1.666989296830082053e-05,1.700588829235152755e-05,1.731697107886293586e-05,1.776746326940134051e-05,1.762292883336117840e-05,1.787873263490731801e-05,1.835890539786904954e-05,1.814035152021598694e-05,1.833089743887866913e-05,1.884001584812284173e-05,1.899944380690313917e-05,1.866526466907331101e-05,1.873871401062045380e-05,1.928445953451550905e-05,1.888408343847229501e-05,1.887963023926898605e-05,1.945463076166287542e-05,1.900318110764722442e-05,1.892601063444845563e-05,1.880337659382874248e-05,1.941490649628252539e-05,1.891656634222537806e-05,1.873945009816058383e-05,1.938822976429877489e-05,1.890603447555179594e-05,1.869797304998158363e-05,1.846526539363485054e-05,1.915958700399215413e-05,1.875218793578176034e-05,1.853297107016372780e-05,1.927456814621749640e-05,1.897794398038707108e-05,1.880692090470123984e-05,1.959571661900654131e-05,1.944203139799931742e-05,1.935090868112363137e-05,1.929254157164504065e-05,2.012177528310871033e-05,2.020006699067363837e-05,2.025723027238417127e-05,2.110636111857179704e-05,2.134685785470928794e-05,2.152097865402695528e-05,2.174981197150592602e-05,2.257615022391818319e-05,2.300149213552024158e-05,2.331942478302049702e-05,2.408380379969077785e-05,2.455948078109776764e-05,2.491371380534085792e-05,2.556459731192066645e-05,2.589684912890375057e-05,2.633349659329343358e-05,2.665225301269238251e-05,2.707809704209716744e-05,2.737536072166358659e-05,2.756987406055932255e-05,2.777669968198275512e-05,2.787482716240584184e-05,2.790268168423884354e-05,2.790268168423884354e-05,2.789140287286102565e-05,2.780337084092400680e-05,2.760481122958082016e-05,2.743215404116844283e-05,2.715119151866918749e-05,2.673595774110322222e-05,2.645051818836196319e-05,2.604057898570843175e-05,2.575573412952591109e-05,2.512065127199362031e-05,2.482428960301545596e-05,2.439715374873378326e-05,2.365102521718534913e-05,2.340863562925337400e-05,2.304849706608092956e-05,2.224077669236740763e-05,2.210329249115054376e-05,2.202705852397888716e-05,2.187561076026358850e-05,2.104067016433847073e-05,2.109076782837637689e-05,2.111431447349598512e-05,2.029310105128429416e-05,2.046245840546054108e-05,2.066424289987971164e-05,2.093153395131490849e-05,2.013805459576666824e-05,2.041493452369551057e-05,2.082742176854237895e-05,2.007154194534593167e-05,2.038698776407160381e-05,2.090817416862701729e-05,2.019001883753233508e-05,2.050563958366042136e-05,2.078896922681154258e-05,2.137495622738859420e-05,2.068956219395606943e-05,2.092546877842990633e-05,2.151749804446504853e-05,2.086253106564455912e-05,2.102684830766006060e-05,2.113722361036326927e-05,2.166418029718828275e-05,2.103860905788768859e-05,2.105997182554512979e-05,2.152286787937383064e-05,2.092390567819656178e-05,2.085245541942807351e-05,2.123625034289437525e-05,2.106573371621363238e-05,2.050230570363679029e-05,2.029482153060702365e-05,2.054483816442888937e-05,2.001128493405376365e-05,1.972848927999281139e-05,1.989369973150016679e-05,1.939181148185700255e-05,1.904574903906879193e-05,1.867147476553126555e-05,1.871916343803894573e-05,1.826717758766580125e-05,1.784998694757091499e-05,1.783152467533005413e-05,1.741580022691822602e-05,1.696861731790999680e-05,1.651025910363488900e-05,1.641014600415534693e-05,1.604920376172043285e-05,1.557803609421384917e-05,1.543629550192322314e-05,1.511191360333324775e-05,1.463738200793134437e-05,1.446308922436647001e-05,1.417410957987080035e-05,1.370404397230160752e-05,1.323841704370433696e-05,1.303015578075633550e-05,1.279078551882319467e-05,1.233850585538543839e-05,1.211636447055844355e-05,1.190750170035096106e-05,1.147268914226650459e-05,1.104767368533338566e-05,1.081491483490565167e-05,1.064707347319210951e-05,1.024357527145697961e-05,1.000932403080777229e-05,9.865699884151909690e-06,9.485203424925214909e-06,9.252861590039753549e-06,8.886188021105601503e-06,8.774150032881244395e-06,8.429390168362472548e-06,8.204767346332959033e-06,8.110788040357139737e-06,7.789857136872142492e-06,7.572712273681841497e-06,7.494549396134296252e-06,7.196961045303426595e-06,6.910855266659877118e-06,6.707292399090577669e-06,6.649138013185441068e-06,6.385143658109863397e-06,6.191540639257859343e-06,6.144400708627531575e-06,5.901453792922430148e-06,5.668717304686404711e-06,5.490853773501477537e-06,5.457410659905093944e-06,5.243947287079547407e-06,5.076622231196930593e-06,5.050521455364623730e-06,4.855082678775548828e-06,4.698190389513487406e-06,4.678253184448454992e-06,4.499584987289332843e-06,4.328973075674562033e-06,4.187399676980654953e-06,4.174958858792007454e-06,4.019277612406750616e-06,3.887386127486728435e-06,3.878788581808844474e-06,3.736862551888003462e-06,3.601521904978648735e-06,3.483480269844068840e-06,3.479472303614824269e-06,3.356225057633481006e-06,3.246741555458100667e-06,3.244979687166142085e-06,3.132798705159831896e-06,3.031386034358318073e-06,3.031392902359749485e-06,2.929317747130247153e-06,2.832071425227154710e-06,2.741957999800169543e-06,2.743995463269497575e-06,2.655534056936374706e-06,2.572267313988334809e-06,2.575181137425972449e-06,2.494710138027877708e-06,2.418056743824622234e-06,2.344283937749062800e-06,2.348143824594661343e-06,2.278400447106140111e-06,2.210328357599582955e-06,2.214502026437227053e-06,2.151026790058523426e-06,2.088234441864798691e-06,2.030328093240181712e-06,2.034773600817846665e-06
1.698022153536494875e-06,1.747957266712588726e-06,1.746669181352900028e-06,1.798973885057859423e-06,1.853909380765441952e-06,1.913300114452822705e-06,1.909765044810991857e-06,1.970229308455087733e-06,2.034672489678314384e-06,2.031445450968344643e-06,2.098018849911383466e-06,2.167964839331545923e-06,2.240831971529947684e-06,2.238488765935563185e-06,2.315525584938336486e-06,2.394491938057726445e-06,2.392966470340132353e-06,2.477820330813841612e-06,2.566970798839798332e-06,2.656023122733439773e-06,2.656364411827074586e-06,2.754547069858201091e-06,2.850837184919946899e-06,2.852806112906963246e-06,2.960910919501164626e-06,3.064900607607355929e-06,3.068931092827813435e-06,3.187915992936009094e-06,3.312832147155417952e-06,3.429330603145791821e-06,3.437554859232016900e-06,3.574916305047811651e-06,3.700215143726053071e-06,3.711956054683003568e-06,3.862881814680019432e-06,4.021142259508736044e-06,4.160451388054118279e-06,4.179040058685727775e-06,4.352641973986260760e-06,4.501578131972657882e-06,4.525804972207021388e-06,4.715979403137751452e-06,4.874719912492539828e-06,4.905665182538126391e-06,5.113659222790055101e-06,5.331132902965498769e-06,5.504711864333093002e-06,5.548194084277782567e-06,5.785317743127696144e-06,5.968462407424413706e-06,6.022040561653743596e-06,6.279960611621698003e-06,6.548749898649702256e-06,6.745316535122589361e-06,6.817255701535842429e-06,7.108294501196373202e-06,7.312605300721130224e-06,7.399079384927412761e-06,7.713075314489547694e-06,8.038745946636508222e-06,8.026833820546343270e-06,8.364173719152606919e-06,8.713198257906336046e-06,8.929687757690432418e-06,9.061891426365756061e-06,9.433954011379500353e-06,9.650935954344825400e-06,9.805495654139354794e-06,1.019963985666308310e-05,1.060413317208218283e-05,1.081487517483488855e-05,1.100738808800409354e-05,1.143091831905098563e-05,1.163170412652290381e-05,1.185249017295605196e-05,1.229174382217334394e-05,1.273701623187271529e-05,1.291155906792280093e-05,1.317844337134367408e-05,1.363197139722982587e-05,1.378030440455447401e-05,1.408017047070633328e-05,1.453516408056010510e-05,1.464918550060858871e-05,1.498322692589314469e-05,1.543132170628816371e-05,1.587169099056230255e-05,1.591689429844421233e-05,1.630243528052457009e-05,1.672016884550177806e-05,1.670837045619804262e-05,1.712838056872396415e-05,1.751178093266447073e-05,1.787160579732763815e-05,1.775651506702638410e-05,1.822473406749164777e-05,1.853073318085450289e-05,1.833952264562414491e-05,1.883946910716956293e-05,1.907987344596704076e-05,1.927916407059866965e-05,1.934126392472340828e-05,1.950657981376094398e-05,1.962533308561909343e-05,1.923696471851463766e-05,1.980844257394111216e-05,1.984304758087897775e-05,1.939243098120628606e-05,1.999670608318185168e-05,1.994988780994343580e-05,1.985222510386002343e-05,1.933488072066706862e-05,1.998105806086421916e-05,1.981705442904716972e-05,1.930090158410789248e-05,1.998951003182656129e-05,1.978172712695083619e-05,1.954196270006295239e-05,1.908050459209654083e-05,1.982119731683969178e-05,1.958257053761812958e-05,1.922307312330179851e-05,2.001583743512735418e-05,1.981539468791275333e-05,1.959653415422389403e-05,2.043947563872737733e-05,2.031261057107877115e-05,2.021540319812892899e-05,2.023688617321968888e-05,2.111894408285700927e-05,2.113819545757577683e-05,2.134016858267584674e-05,2.223589005466689755e-05,2.237785185087325297e-05,2.257811926348678812e-05,2.300109566855197734e-05,2.385706428656247824e-05,2.415736964689585545e-05,2.466186153093938594e-05,2.543569945428379180e-05,2.578299646900615718e-05,2.615811007933800864e-05,2.692223169898439451e-05,2.724517375577529881e-05,2.756837888007698833e-05,2.795049120768120451e-05,2.832531547677502107e-05,2.852437095245718740e-05,2.871120825485651902e-05,2.884427155684674227e-05,2.887263176160943749e-05,2.887263176160943749e-05,2.886250805417678848e-05,2.873787941379777071e-05,2.856287097961402564e-05,2.838803987218298171e-05,2.802358568425321778e-05,2.766104271576492411e-05,2.737499295902492228e-05,2.709761205970377023e-05,2.633349044005738436e-05,2.601318275645073328e-05,2.573040226562056621e-05,2.497521147998239813e-05,2.452638663491032148e-05,2.430991118945915856e-05,2.347344251071472031e-05,2.312368491147436322e-05,2.302408988136514612e-05,2.298955810008183114e-05,2.210941822436763481e-05,2.200464988090534426e-05,2.210199502854823833e-05,2.122942536360696028e-05,2.131723115960274003e-05,2.153374229739430293e-05,2.177881437355368353e-05,2.093235148653293883e-05,2.127029765195421600e-05,2.158223217124562233e-05,2.077592674577404447e-05,2.125510117485850201e-05,2.159339185293984774e-05,2.082909176403611448e-05,2.140641295546598017e-05,2.173027373918246514e-05,2.201342618307893396e-05,2.128762834763157712e-05,2.190722367379439989e-05,2.212813884020812470e-05,2.143747457256144629e-05,2.204680957382937684e-05,2.218262627101397956e-05,2.225843654433495134e-05,2.160199829006579112e-05,2.212492540783913783e-05,2.210194784911157068e-05,2.147543030513339706e-05,2.192249124209561049e-05,2.179977066939147519e-05,2.162346172526290856e-05,2.156154953844102048e-05,2.134484726369631296e-05,2.108114425124762517e-05,2.052584928394631474e-05,2.074422814642443443e-05,2.040496137694289416e-05,1.988345999220831082e-05,2.001508576176599258e-05,1.961429417880465698e-05,1.918682257345425221e-05,1.871812272321294910e-05,1.873304982637603535e-05,1.826661333577045136e-05,1.783615582776550642e-05,1.778694660921246879e-05,1.729496399566678725e-05,1.679430936083205523e-05,1.642143761673963689e-05,1.629508471020521562e-05,1.578673453894255678e-05,1.545221623546244163e-05,1.528750804216868228e-05,1.478090334733611853e-05,1.448345203691074632e-05,1.428950044449744346e-05,1.379226993744549504e-05,1.330182367815212456e-05,1.305618409114608484e-05,1.283298958349193451e-05,1.236027060071958512e-05,1.214641107192941061e-05,1.191215641567707582e-05,1.146085118611559839e-05,1.102116252356508293e-05,1.084991829081341436e-05,1.060875176539161575e-05,1.019384654008256070e-05,1.004768264023628162e-05,9.807090455567015166e-06,9.418009099162428255e-06,9.042016634329321312e-06,9.057314700511848505e-06,8.694382469786841058e-06,8.344519221320174701e-06,8.249553752221274356e-06,8.022549774574552807e-06,7.698358626588852548e-06,7.619622159507151114e-06,7.401232400086359428e-06,7.101900931360491951e-06,6.814720748036472854e-06,6.756453709821117261e-06,6.552993124946920817e-06,6.289024637930321441e-06,6.241976752217437663e-06,6.049137714335021477e-06,5.807085857656966908e-06,5.575620079785211529e-06,5.542481249971785589e-06,5.366126769714420809e-06,5.154517700986081654e-06,5.128796491242234486e-06,4.963315807548999998e-06,4.770162498560525531e-06,4.750645672633136339e-06,4.595837934771249619e-06,4.419759664554936836e-06,4.251861290295444965e-06,4.239865575582742584e-06,4.100604009766291864e-06,3.947790416112236619e-06,3.939622878180002680e-06,3.810110048388180990e-06,3.671129774155970211e-06,3.538758748267591018e-06,3.535145053951233348e-06,3.419503597977987059e-06,3.299216908556036928e-06,3.297808795293921105e-06,3.190691109102455032e-06,3.081419841030130364e-06,3.081735695124721856e-06,2.982629116067671358e-06,2.883381032982624301e-06,2.788915828068051813e-06,2.791198158828108479e-06,2.703269047675033666e-06,2.617472564369883547e-06,2.620583511351303482e-06,2.539402105374118466e-06,2.461466122427020006e-06,2.387281963383323808e-06,2.391274853711946888e-06,2.319425632574907938e-06,2.252009365105614189e-06,2.256272492710178317e-06,2.190010864972236929e-06,2.128717632861277135e-06,2.070349301956216248e-06,2.072003396482633718e-06,2.016246454311289287e-06
1.678588335122395672e-06,1.729799622827913769e-06,1.780115952713504094e-06,1.776054647610580041e-06,1.831714331897530480e-06,1.887084607608257182e-06,1.945255932014288655e-06,1.943563936951876520e-06,2.004527433993141812e-06,2.068587607351652105e-06,2.064976540580848345e-06,2.133567856533720613e-06,2.204138760050503272e-06,2.278306133733650360e-06,2.275442392392999459e-06,2.353205838068107355e-06,2.434936516804907119e-06,2.432893494530215882e-06,2.517210557131669453e-06,2.607283202529223068e-06,2.701943738547803703e-06,2.697707605615353318e-06,2.796969459467213137e-06,2.901275090502354621e-06,2.896391457135145538e-06,3.005760767375428474e-06,3.120665366511102198e-06,3.124048218824674950e-06,3.235569113061039384e-06,3.362098810843655497e-06,3.494968726007291099e-06,3.488454705629557292e-06,3.627706704201345851e-06,3.773876408137029557e-06,3.785009755214663236e-06,3.919763061052166094e-06,4.080427253899469797e-06,4.248930365775708562e-06,4.240674648676134151e-06,4.417083442889302746e-06,4.601972361771194013e-06,4.592963519298918160e-06,4.786408952404870632e-06,4.988987423561835912e-06,5.019822532059865523e-06,5.191036380355333900e-06,5.412617649748936823e-06,5.644301070278919659e-06,5.633619779359887792e-06,5.875495136653902707e-06,6.128086921370719347e-06,6.182516090692663965e-06,6.380166916668009329e-06,6.654839135324223445e-06,6.941029289254612980e-06,6.928995919003455239e-06,7.226769391428303507e-06,7.536470098921778018e-06,7.625608626543889220e-06,7.845699404877917534e-06,8.179547855834355246e-06,8.286348866356504935e-06,8.512879605868391600e-06,8.871130783807588353e-06,9.241518196729911047e-06,9.228765801204761302e-06,9.611163325665869787e-06,1.000529204321365282e-05,1.016724429724162706e-05,1.039837404302086180e-05,1.081492203685721459e-05,1.124179440008238380e-05,1.122993899172887982e-05,1.166665064710590522e-05,1.211209276031174924e-05,1.234571146897148825e-05,1.255459808930235454e-05,1.301456872967055389e-05,1.347959602431245230e-05,1.347038029198629490e-05,1.393940596707456097e-05,1.441006583059549914e-05,1.440278315394651079e-05,1.487379961447774806e-05,1.534215008123717168e-05,1.569951473621890580e-05,1.580184993615596072e-05,1.625825150791103751e-05,1.670374917138608991e-05,1.670477239315551932e-05,1.713794146898254544e-05,1.755385514665668887e-05,1.800559616841682290e-05,1.795927449693452294e-05,1.833243107991269218e-05,1.867707893214244267e-05,1.869966271905110981e-05,1.901695729596141626e-05,1.929828484012368334e-05,1.983732877525916041e-05,1.958841118618389007e-05,1.979482917026549943e-05,2.036767473617480354e-05,2.003488660367133039e-05,2.015814049060044502e-05,2.023003932333830484e-05,2.035563976895954754e-05,2.039265492094916518e-05,2.037616548563160948e-05,2.102622399472287398e-05,2.051952055374425241e-05,2.042197227899886859e-05,2.027323908049693350e-05,2.057879585833699145e-05,2.041629001688371358e-05,2.021036367002745001e-05,2.094680726135348284e-05,2.042637986180835012e-05,2.019259701604605211e-05,1.993466145758608768e-05,2.053249893831943443e-05,2.030674924475913234e-05,2.007517556320988466e-05,2.081813629257618626e-05,2.063885818077461015e-05,2.047379334146788305e-05,2.136346805664123767e-05,2.125883588092965359e-05,2.119459090221506478e-05,2.117400907219768556e-05,2.220315363718815369e-05,2.226078172907119870e-05,2.237439164270033573e-05,2.330506170613738670e-05,2.363868651532521559e-05,2.387770550125282456e-05,2.417695927868078560e-05,2.522810094323363672e-05,2.555623172430454359e-05,2.592999089130912469e-05,2.670495454228467567e-05,2.721882511708597355e-05,2.759462123723087481e-05,2.820748548908372488e-05,2.863542666772565202e-05,2.893087038070394111e-05,2.920703516680437460e-05,2.957989184282882784e-05,2.972389447314739209e-05,2.982929669158393770e-05,2.989285095389280066e-05,2.989285095389280066e-05,2.983873006999328842e-05,2.975328194880074383e-05,2.963244351695444871e-05,2.925958684092999548e-05,2.901176739852777045e-05,2.875158107911150406e-05,2.835178137286512636e-05,2.775436414965861730e-05,2.743154267371064451e-05,2.696149462174727532e-05,2.620572816882302654e-05,2.590528375560634982e-05,2.566060859791047250e-05,2.460946693335762137e-05,2.440327241510842549e-05,2.426603165392933638e-05,2.402325285871166090e-05,2.311105008338655109e-05,2.311286353099888889e-05,2.317516720728877026e-05,2.214602264229830213e-05,2.228933336153800270e-05,2.247734907926327624e-05,2.270591462326117154e-05,2.181538081444098275e-05,2.210115578096519186e-05,2.239722755297988968e-05,2.165426682371434774e-05,2.199731570751705409e-05,2.232799557982290234e-05,2.173015810558632878e-05,2.208544339270352713e-05,2.240815839349441247e-05,2.304671523236833579e-05,2.227201811028380030e-05,2.254831670275801782e-05,2.277142502541525603e-05,2.246587079108794145e-05,2.266533868119234137e-05,2.280380225367629367e-05,2.339731558644607466e-05,2.269174326715557992e-05,2.273017287255247251e-05,2.270614111522491216e-05,2.258060217924832700e-05,2.251321523603156603e-05,2.238650433706655714e-05,2.276915998168432812e-05,2.213577915366303364e-05,2.191173617339930364e-05,2.219680464937582519e-05,2.159816290698805553e-05,2.128750267487784553e-05,2.093590410304583879e-05,2.091395770189052701e-05,2.053073192078512369e-05,2.011520212654053789e-05,2.016935580589210701e-05,1.966525687751342029e-05,1.920111901717217693e-05,1.871751394405949106e-05,1.871798091437397202e-05,1.822040127425111333e-05,1.771056627140860408e-05,1.759740385619945664e-05,1.719851088641531598e-05,1.667528515336049052e-05,1.614909698044616248e-05,1.615881943654689696e-05,1.563310148039846691e-05,1.510925643875222547e-05,1.512126903040661823e-05,1.460199286576635811e-05,1.408842678160627583e-05,1.385621440180551270e-05,1.359633414073296251e-05,1.309916955908626701e-05,1.261182242022262875e-05,1.262707476259136740e-05,1.215081308808619135e-05,1.168614393910952396e-05,1.142923562004418020e-05,1.124985006446747301e-05,1.081035155608966257e-05,1.038400616831021433e-05,1.040038585501726467e-05,9.987504457556347392e-06,9.588218881921521173e-06,9.336505765558728283e-06,9.218927621404786118e-06,8.846958118514487037e-06,8.602426477617598207e-06,8.504594401364005824e-06,8.159628520981697522e-06,7.828003524244794985e-06,7.843456320778038199e-06,7.524758006524103187e-06,7.218935644462773647e-06,6.999376396585285991e-06,6.940248274382460414e-06,6.659068726309142213e-06,6.389860921762054814e-06,6.403577311337855553e-06,6.145715455625619522e-06,5.899133980596486533e-06,5.708944615416607482e-06,5.675993826865292226e-06,5.450584812105629587e-06,5.235367934338676626e-06,5.246936638230269962e-06,5.041224648170250822e-06,4.844972504244540513e-06,4.855574081765358684e-06,4.668096864270700604e-06,4.489361060801686556e-06,4.339614321282327612e-06,4.328328400836143730e-06,4.165709448515286730e-06,4.010800655587181174e-06,4.019165633411187642e-06,3.871327655703602047e-06,3.730553989085901609e-06,3.606557231690778116e-06,3.603678278751204391e-06,3.475814597869720877e-06,3.354115432364188453e-06,3.360386749060507953e-06,3.244288326615540336e-06,3.133805514146167242e-06,3.139245343303628910e-06,3.033848954238736649e-06,2.933559319737424855e-06,2.839685359411931642e-06,2.842535637868419567e-06,2.751495851240557488e-06,2.664870108673128276e-06,2.668547581474927631e-06,2.585891290046717729e-06,2.507235671828353134e-06,2.430769872722628861e-06,2.435170977670893780e-06,2.363727647800755241e-06,2.295727704401026492e-06,2.297900479481815839e-06,2.232978650931112297e-06,2.171170945615846758e-06,2.109015505492141251e-06,2.113747579731858586e-06,2.057533649440301467e-06,2.000295400565108170e-06
1.715326224875807036e-06,1.711323684748346380e-06,1.759756054070090397e-06,1.813822385497585794e-06,1.809740382366106235e-06,1.863081329338397849e-06,1.921862866687506520e-06,1.980518230824865871e-06,1.976581964658486019e-06,2.038392125586912050e-06,2.105100121644986247e-06,2.101376817885717771e-06,2.169551016709789603e-06,2.242044189527551157e-06,2.316906079663560876e-06,2.313927159259874300e-06,2.393053388967670251e-06,2.475212899658889064e-06,2.472953132875822860e-06,2.560294426449270272e-06,2.649461957470849695e-06,2.745145441588040944e-06,2.744624208667284602e-06,2.841319794725652095e-06,2.946821761999121473e-06,2.947847155389948160e-06,3.059798958760307515e-06,3.168908137239245339e-06,3.171930271906838852e-06,3.295475450726768806e-06,3.413452933856850756e-06,3.548108701727489995e-06,3.555293995730525260e-06,3.698538025747232573e-06,3.830922761256522140e-06,3.841641291316845967e-06,3.999501119758585690e-06,4.142005385514775649e-06,4.313165379039916786e-06,4.330884092238793630e-06,4.483923361868425507e-06,4.671913154256381808e-06,4.695453719412478489e-06,4.895986830858255377e-06,5.065549220493087806e-06,5.096092826103484796e-06,5.316167971069092466e-06,5.496855362975921199e-06,5.733070076527071845e-06,5.776849448001533255e-06,6.029110021330362586e-06,6.226447516179024862e-06,6.280980625704429024e-06,6.556378201637127637e-06,6.764254966684279893e-06,7.056921621260374236e-06,7.131229246260970861e-06,7.443783728672293484e-06,7.665991726811622535e-06,7.756086504855711132e-06,8.094606178939596429e-06,8.324617019663776415e-06,8.432891710896269250e-06,8.798011303121847708e-06,9.033840470872992248e-06,9.414331266651115426e-06,9.554767609721444334e-06,9.959881847791679380e-06,1.019917820947352334e-05,1.036450820694458314e-05,1.079535697832868480e-05,1.103226975638312677e-05,1.147224408540274445e-05,1.168019328130709187e-05,1.214584215046029342e-05,1.236956824632873298e-05,1.260950071391191279e-05,1.309419932266763963e-05,1.330127747617881718e-05,1.378206510545302592e-05,1.407451572545468968e-05,1.425725614838581125e-05,1.474439859913755934e-05,1.507465518826266442e-05,1.558061132223865635e-05,1.570944166037470009e-05,1.607904302159420782e-05,1.657839970872410619e-05,1.665883959573111672e-05,1.712083556627558227e-05,1.754997002856572633e-05,1.801610460158798935e-05,1.800274175787459644e-05,1.847186834137016563e-05,1.889930847986962543e-05,1.881100606696884704e-05,1.916845501054283420e-05,1.969358688545018316e-05,2.003238534225735426e-05,1.981405662592830179e-05,2.037620225688591469e-05,2.063950404347908424e-05,2.033169317928867350e-05,2.093049427071571694e-05,2.110736963232535772e-05,2.071392696311918821e-05,2.078882039250780491e-05,2.143474489837023214e-05,2.146138963229390743e-05,2.095250571467252289e-05,2.163730518117444598e-05,2.157208692600687865e-05,2.102187186432588053e-05,2.087325697350424485e-05,2.160727256393561258e-05,2.141257109371761885e-05,2.084879978181433422e-05,2.163262059936970708e-05,2.139476695957432287e-05,2.089030529974557235e-05,2.064256066686904456e-05,2.148538795823012857e-05,2.108953323882509218e-05,2.087692382796991128e-05,2.177692975824362741e-05,2.157452708798373006e-05,2.139740426644627235e-05,2.234864019177554124e-05,2.224149892057022501e-05,2.226208032732828642e-05,2.228187422916618667e-05,2.326288296504486861e-05,2.333483988915407523e-05,2.363765967960492195e-05,2.461500793042273083e-05,2.482145024376992192e-05,2.527680510671172332e-05,2.561278625235447769e-05,2.651079784268507171e-05,2.687094022947322271e-05,2.743626331953769295e-05,2.820666138826456712e-05,2.857996478963098028e-05,2.908851111897966659e-05,2.966574762854013255e-05,2.996421694648162932e-05,3.031541146578731530e-05,3.054276092074056741e-05,3.079010316237115757e-05,3.089900059995603535e-05,3.093901337834088479e-05,3.093901337834088479e-05,3.090939867354010865e-05,3.082253683340106012e-05,3.058525765990918895e-05,3.038480970799455112e-05,3.005391771096870205e-05,2.979485053136368480e-05,2.923280700276107146e-05,2.875785955404167149e-05,2.844386668069986854e-05,2.769280339900029599e-05,2.717863461363896545e-05,2.690034073828050337e-05,2.602417006737285009e-05,2.578132449927897878e-05,2.540718576285397464e-05,2.531325298916920499e-05,2.435585083217919276e-05,2.415339469101671722e-05,2.420785556479785176e-05,2.324122106700133387e-05,2.334812357803427423e-05,2.345006417105633775e-05,2.369043272399180318e-05,2.273985083306627060e-05,2.304790482089862756e-05,2.337842373241250565e-05,2.246775522149330726e-05,2.279744991090668232e-05,2.332621240375502204e-05,2.246096640867418389e-05,2.281145880882934406e-05,2.344359965872469314e-05,2.377125912255930972e-05,2.294870793681593431e-05,2.363069765854167455e-05,2.389419982760682221e-05,2.311250261208580947e-05,2.331532672190136761e-05,2.396405698991595980e-05,2.406568812834435951e-05,2.332361340844899450e-05,2.391583204281670554e-05,2.390526308436225733e-05,2.319835802675932574e-05,2.312898999188246071e-05,2.358235376310021991e-05,2.339499394761219371e-05,2.273338359629294137e-05,2.308619235341099630e-05,2.279798398669418015e-05,2.217396756418473056e-05,2.242353984287580074e-05,2.204820647110468178e-05,2.146351502363534963e-05,2.106620215281195072e-05,2.116790100105118191e-05,2.069144864994763291e-05,2.016803712023183953e-05,2.018500212501169144e-05,1.966459952969195057e-05,1.918554598653815317e-05,1.866960457517708846e-05,1.858111044911874382e-05,1.802325103343424035e-05,1.761076804798751997e-05,1.746805646539540815e-05,1.690284674582743073e-05,1.653452341427295749e-05,1.599046948918530562e-05,1.578750788708315191e-05,1.546167649172862883e-05,1.492488381194791782e-05,1.469479822616484238e-05,1.415371758718513097e-05,1.388691252352495945e-05,1.363830562424803031e-05,1.311868997904058435e-05,1.288783019656558035e-05,1.239704295413682782e-05,1.213378768221303448e-05,1.165327083400642110e-05,1.147025330021065593e-05,1.120437743711282228e-05,1.075273012714833590e-05,1.059762727922103699e-05,1.017357139628078241e-05,9.911587877978934681e-06,9.504741817369061779e-06,9.385649050226296949e-06,9.130150497022315669e-06,8.753062637410804190e-06,8.654284911072391130e-06,8.407466157902603735e-06,8.059398520439976020e-06,7.978229940752379438e-06,7.652384815072923045e-06,7.421503969002569376e-06,7.114939270839400117e-06,7.055790973337369446e-06,6.836609246436428415e-06,6.555853469643165532e-06,6.508636105337456053e-06,6.245776117699182563e-06,6.045085738415641271e-06,5.800223001849747550e-06,5.767664535817017122e-06,5.579307700676854364e-06,5.356207306472147697e-06,5.331361551024434648e-06,5.122224754258272698e-06,4.952200887617248297e-06,4.933742814782834166e-06,4.743326812000688036e-06,4.584971396631735955e-06,4.409367298330244000e-06,4.398573497787537789e-06,4.251423027007587996e-06,4.092062444565738276e-06,4.085096635632647044e-06,3.935272486730266674e-06,3.804092321316501187e-06,3.666632688980732612e-06,3.664164085888300873e-06,3.542797083330749313e-06,3.418205604396945204e-06,3.417855192760570799e-06,3.300412731591546957e-06,3.192799203606331512e-06,3.194068863382405589e-06,3.087516271026623438e-06,2.988228639462996524e-06,2.890952435899673373e-06,2.894029814038395681e-06,2.802492126570282170e-06,2.714320472059525386e-06,2.718106368525674244e-06,2.634649859112455762e-06,2.553817070999720688e-06,2.477793783516949521e-06,2.482294560367932159e-06,2.407857389128445526e-06,2.338880467310829900e-06,2.343538233199264689e-06,2.278043642631479327e-06,2.212382624926098660e-06,2.152792780635624557e-06,2.157514937648682782e-06,2.097065686743877508e-06,2.042906281788477748e-06,2.047472353471336422e-06
1.699321529869163417e-06,1.745907258020450288e-06,1.745650195641212554e-06,1.794460505362115818e-06,1.845756357671777541e-06,1.845076990340610677e-06,1.898844240074548538e-06,1.955370353061576624e-06,2.014804956699979498e-06,2.013499780087907534e-06,2.075831941825215311e-06,2.141390088984574145e-06,2.139565995811027500e-06,2.208340601037507780e-06,2.280691145500568937e-06,2.356808080962238867e-06,2.354222969859650817e-06,2.434102935487430057e-06,2.518152608465571147e-06,2.514943448033141759e-06,2.603163059009348124e-06,2.695994154441118953e-06,2.790351947496215476e-06,2.789562237748032651e-06,2.892103532648971568e-06,2.999998047419935515e-06,2.995154019198691798e-06,3.108418316114749793e-06,3.227581867158206905e-06,3.221963294455673092e-06,3.347050359696758426e-06,3.478626242874485432e-06,3.617003991390514827e-06,3.610290913011099884e-06,3.755510537848241960e-06,3.908185490595041284e-06,3.900612207559645995e-06,4.060793081223215986e-06,4.229122596030120598e-06,4.379899801222984604e-06,4.397204442253422762e-06,4.582621872030549624e-06,4.777291637521321708e-06,4.767632794129508850e-06,4.971634872597859831e-06,5.185654216582073528e-06,5.175098775169002675e-06,5.399226375021834365e-06,5.634145191582235316e-06,5.880237634657522856e-06,5.868527033174565793e-06,6.125893226480941780e-06,6.395182621052965546e-06,6.382666116551082399e-06,6.663980817180130277e-06,6.957918731484283663e-06,7.264793873248627462e-06,7.251337141633019358e-06,7.571231810557056739e-06,7.904614896070339653e-06,7.890596512835836384e-06,8.237525064186932317e-06,8.598331305057432079e-06,8.583915278403355219e-06,8.958612737560822225e-06,9.347349525291139872e-06,9.750083231038270525e-06,9.735461426451483646e-06,1.015207638872346192e-05,1.058235125736755407e-05,1.056787314821607013e-05,1.101157194849482653e-05,1.146813722997248339e-05,1.193694545724307310e-05,1.192314221022587557e-05,1.240367570674448362e-05,1.289474687095864431e-05,1.288188165683345481e-05,1.338274166571205364e-05,1.389166423387436805e-05,1.409479589935557064e-05,1.439616383870788727e-05,1.491682278604313549e-05,1.544006343167603711e-05,1.543139538255111325e-05,1.595576036499069268e-05,1.647775961690217740e-05,1.647224735581111405e-05,1.699025501017987829e-05,1.749983977630096098e-05,1.799744428680450064e-05,1.799854320319563310e-05,1.848251733150948602e-05,1.894702066518607443e-05,1.895614432009994091e-05,1.940008769511263666e-05,1.981595075367387153e-05,2.019899844387649829e-05,2.022609354595267063e-05,2.057784305878135810e-05,2.088792935907233305e-05,2.093732784015419010e-05,2.121071241127539357e-05,2.143430643341004427e-05,2.151751956332004139e-05,2.170153610799583407e-05,2.182932996610823981e-05,2.189754661114205820e-05,2.205127878574705057e-05,2.208048690248065721e-05,2.204804619784525528e-05,2.227948290084818248e-05,2.221592111680733688e-05,2.209305074085261733e-05,2.191249942483530183e-05,2.228662178918519989e-05,2.209425005957879937e-05,2.185454096538032455e-05,2.236500742196803233e-05,2.213432588174158344e-05,2.187210233794660558e-05,2.140615574648773291e-05,2.230885299357218265e-05,2.206763142054265283e-05,2.182659976559978853e-05,2.271275192219810186e-05,2.253731435872601902e-05,2.238591583355110630e-05,2.342218820616397178e-05,2.335096058573864596e-05,2.332507981194501795e-05,2.335617632218812048e-05,2.453046738795570768e-05,2.464649168254756228e-05,2.482997286722135534e-05,2.603107899728667707e-05,2.627767860199968245e-05,2.658905583248996024e-05,2.696363158666475196e-05,2.806438485903529713e-05,2.844554097530149449e-05,2.886577413905571797e-05,2.978068567448241202e-05,3.014689445500095381e-05,3.051892521966675156e-05,3.116161366190341934e-05,3.141992334432433108e-05,3.165242549184859721e-05,3.184987030926477271e-05,3.203501622718030580e-05,3.206785726484866352e-05,3.206785726484866352e-05,3.205719541384720794e-05,3.187204949593166808e-05,3.169941552899070128e-05,3.149684902650898749e-05,3.127582778391624330e-05,3.063313934167956874e-05,3.030760759460742211e-05,2.999851814148985404e-05,2.908360660606315999e-05,2.873202596066927851e-05,2.843145066915869513e-05,2.733069739678814657e-05,2.704851251237311966e-05,2.684073139489228621e-05,2.670788831850094534e-05,2.550678218843562361e-05,2.544579626939626603e-05,2.545928351194727456e-05,2.428499244617968736e-05,2.438848472452749528e-05,2.455196305454142067e-05,2.476168375326875197e-05,2.372541138065589666e-05,2.401411829602494052e-05,2.432369990887626557e-05,2.343754775229616005e-05,2.380773517424510745e-05,2.417149788745281302e-05,2.324698019363881783e-05,2.384927372392921564e-05,2.421685180741712598e-05,2.454280685353404164e-05,2.403234058407597304e-05,2.435657777924066562e-05,2.462230087862225808e-05,2.424818041497106110e-05,2.449069341687911669e-05,2.466411644834244044e-05,2.476697630645509346e-05,2.453555743644434285e-05,2.459635466298751565e-05,2.458498267710489384e-05,2.443131170915859696e-05,2.437096468737085433e-05,2.424166235080058710e-05,2.404742410974505657e-05,2.396442068024005263e-05,2.372265481738148818e-05,2.342382423162796270e-05,2.337484622608898164e-05,2.303286465187032799e-05,2.264341750921074328e-05,2.261705079709003195e-05,2.219133867850494720e-05,2.172841880590244978e-05,2.123368338491457319e-05,2.122583285432531156e-05,2.070756746919329906e-05,2.016732674008201400e-05,2.016797653723327433e-05,1.961227377866813683e-05,1.904310394470168946e-05,1.846447834762478368e-05,1.847239713163528087e-05,1.788931884115837825e-05,1.730362009305978587e-05,1.731516150853435959e-05,1.673080693609117943e-05,1.614939419114265275e-05,1.581372267967000528e-05,1.558816516804341378e-05,1.502005564415593455e-05,1.446102818038252628e-05,1.447761574341565530e-05,1.392964428635470556e-05,1.339351774196278386e-05,1.341127196890328588e-05,1.288834638317422465e-05,1.237916265572505824e-05,1.188441458305796431e-05,1.190301551353044173e-05,1.142333353568392379e-05,1.095896189963840744e-05,1.097774200126710691e-05,1.052892122431854878e-05,1.009577520523379012e-05,9.678347434055439215e-06,9.696860737851422746e-06,9.294962853919634449e-06,8.908591309091438322e-06,8.926593364490536549e-06,8.555344688399085042e-06,8.199177393979936482e-06,8.216457976307255318e-06,7.874808628783859467e-06,7.547616250993171362e-06,7.234527148719307739e-06,7.250600244057194331e-06,6.950900109553730944e-06,6.664514468273101065e-06,6.679552643862672371e-06,6.405706522934986388e-06,6.144332118171396716e-06,5.895000297231977772e-06,5.908555066908691769e-06,5.670451420595594313e-06,5.443521964225235490e-06,5.455925366383134645e-06,5.239353248983831307e-06,5.033098050311362169e-06,5.015144399633497076e-06,4.847601432896753017e-06,4.660344478489503587e-06,4.482168776140988919e-06,4.491894005885705394e-06,4.322032376864979034e-06,4.160476595464398657e-06,4.169097193570923829e-06,4.015114710993059837e-06,3.868707755632110388e-06,3.729526272027904701e-06,3.736741360907862881e-06,3.604109654471134138e-06,3.478045082894835509e-06,3.484265540651524798e-06,3.364134953726705309e-06,3.249962114109039622e-06,3.251520469191443153e-06,3.146438934307281584e-06,3.043030458407081148e-06,2.944752022321479051e-06,2.948873064972698714e-06,2.855195902831754122e-06,2.766156343877136932e-06,2.769476013721072832e-06,2.684586867905583673e-06,2.603885956811129815e-06,2.527160723820101595e-06,2.529503132660745009e-06,2.456322514808422885e-06,2.386727911802955977e-06,2.388403954057296719e-06,2.322001430117801385e-06,2.258831536137292101e-06,2.198727386598501029e-06,2.199599796004801172e-06,2.142216295397766601e-06,2.087594505174446863e-06,2.087924611771223044e-06,2.035751206478655230e-06
1.685668472817818776e-06,1.734673592745076877e-06,1.781636263322006094e-06,1.777509085331531822e-06,1.830856138298947193e-06,1.882573524674563567e-06,1.878278215874045402e-06,1.932670337527237788e-06,1.993366018160507261e-06,2.053310195230383777e-06,2.049018763204941077e-06,2.115114748352665989e-06,2.181254856811494317e-06,2.177069674348215861e-06,2.246863434442856095e-06,2.322060980766240917e-06,2.398901580502536424e-06,2.395299665046059234e-06,2.477152751601105822e-06,2.562041602822446677e-06,2.559042553826576328e-06,2.648102884470151548e-06,2.741911322407409451e-06,2.840655180455630258e-06,2.839235749993411507e-06,2.940327366020995399e-06,3.049465442136647152e-06,3.049487511208548295e-06,3.159281498101418205e-06,3.279903227279239752e-06,3.281830694032691054e-06,3.410074516398340178e-06,3.534237413879952096e-06,3.674481135347936147e-06,3.680500147117699846e-06,3.814928430809924114e-06,3.969795315162243798e-06,3.979334670621565421e-06,4.124628867546800500e-06,4.295532391042882812e-06,4.475173134325246361e-06,4.491826232845137498e-06,4.654615729328499776e-06,4.852569227037090087e-06,4.875204460251235913e-06,5.050130390871711739e-06,5.267992216559611729e-06,5.297898571186191107e-06,5.530834115915268895e-06,5.724697752869192925e-06,5.975649393911505639e-06,6.019492922680192950e-06,6.225992871933335711e-06,6.500929458876964351e-06,6.556205706225349896e-06,6.850492560648984789e-06,7.075633848919021887e-06,7.389552225389020385e-06,7.466106340841962709e-06,7.702765502990193138e-06,8.044248922409167105e-06,8.137945929479207724e-06,8.384953587742889042e-06,8.755027225044030473e-06,8.868623725306997430e-06,9.264425777549974671e-06,9.523514029581522345e-06,9.937466346964937220e-06,1.008663045346696540e-05,1.035031725616452148e-05,1.079320261503588552e-05,1.097013453195217961e-05,1.144215274198078950e-05,1.170527108682254429e-05,1.218884691173967968e-05,1.241375596561110196e-05,1.266995444834971763e-05,1.317719422014974485e-05,1.343839411588282167e-05,1.368095860399486967e-05,1.420733742770487863e-05,1.474073323890369589e-05,1.506198552707210079e-05,1.526807689985256803e-05,1.581024100923210211e-05,1.617501023626590948e-05,1.634441291216876284e-05,1.688584980083703837e-05,1.729612071192222040e-05,1.785470265681433051e-05,1.794636326638292769e-05,1.846305326252182350e-05,1.894247949772873629e-05,1.896691119486380186e-05,1.944942881949665535e-05,1.997548913099467393e-05,2.045383027412145020e-05,2.035271835707068444e-05,2.075049670069085796e-05,2.134194358273893596e-05,2.114566568881760182e-05,2.146755584604023937e-05,2.210239470921276589e-05,2.180612879565121487e-05,2.203828008248604099e-05,2.271627504418708267e-05,2.290497585241818625e-05,2.245541264653426656e-05,2.252676077010845054e-05,2.326011373975521822e-05,2.272976621851726238e-05,2.269862745290340456e-05,2.347817256896953209e-05,2.338936622127865713e-05,2.277332717666364400e-05,2.259327674168197118e-05,2.343051032058484292e-05,2.281992199633082438e-05,2.258477771364042478e-05,2.348019008691179955e-05,2.292854480955504562e-05,2.267799535278496200e-05,2.240739717623888266e-05,2.336860906725058044e-05,2.298028664276930121e-05,2.276409810028173731e-05,2.378651402592652485e-05,2.358762574642235616e-05,2.347197868818257847e-05,2.454364787355443162e-05,2.446699992403518644e-05,2.458025653929429223e-05,2.465922573797082239e-05,2.574394321678743759e-05,2.607152463582432808e-05,2.630260088992271588e-05,2.735706854311941143e-05,2.763724129718814936e-05,2.819323022851950275e-05,2.860054755178299834e-05,2.952010734059325045e-05,3.010922507269694291e-05,3.053497256211412506e-05,3.126747362438361285e-05,3.176950763227607199e-05,3.211193159113155936e-05,3.258601662845056560e-05,3.282279037088334337e-05,3.305651281178811354e-05,3.318139737205226178e-05,3.325807041034985862e-05,3.325807041034985862e-05,3.319287756558275963e-05,3.309237004758341049e-05,3.287484368791062869e-05,3.267145364882587414e-05,3.221159055187878162e-05,3.191329802978615693e-05,3.144685374786290933e-05,3.073349636821088253e-05,3.037428593945719514e-05,2.984070226467800516e-05,2.894459469497628366e-05,2.862879703827588866e-05,2.815136342432542565e-05,2.798655701362440270e-05,2.695648616708899232e-05,2.684987087144252908e-05,2.663482756522805205e-05,2.557003341215500496e-05,2.562952359128330766e-05,2.564709402403407611e-05,2.587307161470597425e-05,2.480739844267577636e-05,2.506625956463622709e-05,2.541216827985660887e-05,2.438315019932620260e-05,2.473497202224903433e-05,2.527261071207362577e-05,2.429114500276574045e-05,2.468268706643146705e-05,2.504477305789729451e-05,2.573737402795397188e-05,2.480211378977697234e-05,2.512718067418962076e-05,2.586687165278367628e-05,2.497877231447657607e-05,2.522510698056427939e-05,2.595497674427491727e-05,2.608958483638891570e-05,2.524712659080509652e-05,2.530913706507052031e-05,2.592700681732096679e-05,2.512595017829998432e-05,2.506382476626821797e-05,2.558286298877099341e-05,2.538463517428910074e-05,2.463631356500533027e-05,2.438585764430240330e-05,2.472600672033507344e-05,2.402174144641626302e-05,2.366706140723061767e-05,2.389205459109459542e-05,2.323376629089786817e-05,2.279186058610974859e-05,2.290841445366080146e-05,2.237536760384751364e-05,2.178854918879758314e-05,2.125027891383603562e-05,2.122506450534206130e-05,2.068995717073352330e-05,2.011301759338688329e-05,2.001222581199554762e-05,1.938828367576091904e-05,1.893050936123916804e-05,1.832579906703817583e-05,1.813794285410306976e-05,1.773124424547682708e-05,1.712584494194844214e-05,1.689702924712031094e-05,1.653924459910788031e-05,1.594383347926328466e-05,1.535633827187186145e-05,1.508687554606822379e-05,1.479658247595868288e-05,1.423067498165402776e-05,1.394606973364829232e-05,1.369655561737924938e-05,1.315726553664107575e-05,1.286499678962443922e-05,1.233869943490490095e-05,1.214302558722620967e-05,1.164939070804912831e-05,1.135653032621569241e-05,1.119197774992495089e-05,1.073075477092697239e-05,1.044302802808142552e-05,1.000211434715970126e-05,9.877359680478033985e-06,9.465229339973095423e-06,9.190953319291404253e-06,9.088413885184542601e-06,8.708225680592979699e-06,8.445444803401662664e-06,8.362004302040656188e-06,8.012584026225613604e-06,7.762585014751591890e-06,7.435071529112565311e-06,7.375294762317814158e-06,7.069366170597837041e-06,6.840063368133921045e-06,6.792947474047151629e-06,6.513739720891374357e-06,6.298440135563022930e-06,6.039312193027035181e-06,6.007601343354107401e-06,5.765254757019415461e-06,5.570958958034915641e-06,5.547233109649934043e-06,5.327029785071583532e-06,5.146169833918565839e-06,5.128985050882639798e-06,4.929138477818264829e-06,4.739028097011978347e-06,4.577557591399038087e-06,4.568132634803396294e-06,4.395833953719558024e-06,4.246383716654511170e-06,4.240751100678394808e-06,4.084686234352573098e-06,3.946589628269490843e-06,3.803873209074194820e-06,3.802632684183690318e-06,3.668363220664015268e-06,3.546179927789716512e-06,3.546939057483443197e-06,3.425403246694604686e-06,3.312840234115252715e-06,3.315087451033675210e-06,3.205072987950931678e-06,3.100548573716115659e-06,3.001305287576440414e-06,3.005166121024900936e-06,2.910522169161132956e-06,2.819243679702834683e-06,2.823672680232644123e-06,2.737941362351147655e-06,2.654017901938251144e-06,2.576116664196907722e-06,2.581068971609661641e-06,2.507199721593129790e-06,2.433350469437588730e-06,2.438333493062728575e-06,2.371320310675083824e-06,2.303438256495192519e-06,2.242592519527279702e-06,2.247473893658963397e-06,2.189575115812368770e-06,2.129826771264307466e-06,2.134448610545590219e-06,2.081808045465263320e-06,2.026857667442367073e-06
1.725936294854532165e-06,1.722152560726427388e-06,1.767290151771178986e-06,1.819092429962592000e-06,1.815045744150946893e-06,1.864776044248743344e-06,1.917071324453332019e-06,1.916940019016048549e-06,1.971785587938465743e-06,2.029487071090038768e-06,2.093708096846790379e-06,2.089405383326679433e-06,2.153126693978136633e-06,2.220204365687627693e-06,2.218845818597732321e-06,2.289268402417527724e-06,2.363424393082866898e-06,2.443060837297157031e-06,2.439332841940673394e-06,2.521362511073741176e-06,2.608074804879547303e-06,2.604896275432926136e-06,2.695678698355989204e-06,2.791321420214528087e-06,2.889884772152307839e-06,2.888208447312854138e-06,2.994103087624326523e-06,3.101267038537191609e-06,3.100975931235531144e-06,3.218237983714458937e-06,3.341782953582102027e-06,3.336206346921166403e-06,3.466055096934731669e-06,3.602845455954347233e-06,3.734509706473978719e-06,3.740098759421308508e-06,3.891514746754678246e-06,4.034061242090634919e-06,4.043134729845509528e-06,4.210664805346681585e-06,4.387017580861951230e-06,4.547210689990262384e-06,4.563388922254799001e-06,4.758287245160089266e-06,4.930812591200556135e-06,4.952989250769390118e-06,5.168164270232756298e-06,5.394330569841017739e-06,5.382955170870270208e-06,5.620209673333911224e-06,5.869372507739154390e-06,6.074486457707361799e-06,6.118107290758483170e-06,6.392116543621665160e-06,6.679404211602880019e-06,6.665595274311984873e-06,6.966278118411226174e-06,7.281110024111186193e-06,7.518471364763824648e-06,7.595464979740156523e-06,7.939499662554492127e-06,8.188446863331729953e-06,8.283021917115309060e-06,8.657690916798464718e-06,9.048197671192886085e-06,9.031825439036870632e-06,9.438206271033479076e-06,9.860741440671998528e-06,1.013087238264257173e-05,1.028267397265937349e-05,1.073746244777410928e-05,1.120819228870362316e-05,1.119145480714603397e-05,1.167789436820638840e-05,1.217952177488265028e-05,1.244907507511281913e-05,1.267959220322035424e-05,1.320976673386192427e-05,1.346916304609005795e-05,1.373756709535209481e-05,1.429239748611914973e-05,1.485724305713990405e-05,1.508611443287038153e-05,1.541740813565638992e-05,1.599735206922235718e-05,1.619374713397051790e-05,1.657074945813226172e-05,1.715663808977537373e-05,1.774061934740252955e-05,1.773394949642593616e-05,1.831413877770219462e-05,1.888533607525841529e-05,1.894660369307330197e-05,1.944451272857490449e-05,1.998740361137053533e-05,2.050821484805976418e-05,2.051902557634133225e-05,2.101652585037399706e-05,2.148168741836756950e-05,2.132452420102790607e-05,2.194151092113413786e-05,2.233262776378408006e-05,2.207151252423407802e-05,2.273523990234270671e-05,2.303549017693697925e-05,2.327752265351354445e-05,2.337939165789506803e-05,2.357609417649220613e-05,2.370712710855298383e-05,2.318552748982173912e-05,2.395789676193329075e-05,2.397570493894006995e-05,2.392214984843030420e-05,2.420748691805635149e-05,2.412063004766372927e-05,2.396617158644366255e-05,2.331556140597747145e-05,2.420688807193528011e-05,2.397878280120772514e-05,2.336650984727469581e-05,2.432406267285181517e-05,2.406163093030674061e-05,2.376838356367026641e-05,2.329619970776511780e-05,2.432802776847180898e-05,2.407353656311677086e-05,2.378708791275548971e-05,2.488424400357993908e-05,2.472019595737197931e-05,2.459335285835968128e-05,2.580567523294271468e-05,2.577249144011398567e-05,2.579964127641029819e-05,2.608144726494048037e-05,2.722700826465393725e-05,2.741533209635878566e-05,2.768272297885395597e-05,2.899231194173998601e-05,2.931176475372114927e-05,2.969881672838970785e-05,3.034354669080506316e-05,3.126313449373354855e-05,3.168333687961533048e-05,3.227936491795449026e-05,3.297297995807573450e-05,3.331789142839248011e-05,3.364903550124987808e-05,3.413253462568012963e-05,3.430297354335518919e-05,3.443205589584763434e-05,3.448064085795162132e-05,3.448064085795162132e-05,3.444475252874312050e-05,3.434268722707713612e-05,3.420404153601595273e-05,3.372054241158570795e-05,3.342884391778022744e-05,3.313347523130389689e-05,3.245874504143378674e-05,3.190536776068253689e-05,3.155996419717608782e-05,3.066414161488981448e-05,3.008431868638801088e-05,2.979976445805918912e-05,2.959596273224593429e-05,2.828637376935989748e-05,2.814655202719499688e-05,2.809600046469174471e-05,2.697233161338109483e-05,2.681451483252446597e-05,2.693899332090204883e-05,2.712703645803627288e-05,2.591471408345324287e-05,2.619708800959735505e-05,2.651483533918714197e-05,2.541274216668714921e-05,2.585363461195458451e-05,2.625128920290764422e-05,2.520020135303998744e-05,2.582657470368225329e-05,2.624492061095597925e-05,2.662133140112405333e-05,2.562369386083058627e-05,2.637793440605525533e-05,2.669515135973446997e-05,2.575192376211423795e-05,2.653038724888440620e-05,2.674750398594406955e-05,2.688382520297484402e-05,2.659850383185895280e-05,2.668863701098858057e-05,2.669498016731758903e-05,2.585247440421722343e-05,2.645662393295310951e-05,2.632683582111357897e-05,2.612105687807250617e-05,2.601941211573983190e-05,2.575889099107386891e-05,2.543155598251294573e-05,2.469562803830433533e-05,2.499472369512151094e-05,2.456209876138598435e-05,2.387560454617741859e-05,2.405578901531270656e-05,2.353819073470696320e-05,2.298392826201001331e-05,2.297460510832696797e-05,2.239362635261689502e-05,2.178771740413057756e-05,2.123206914559299820e-05,2.116553692111414832e-05,2.052763692991838891e-05,1.987964197990415359e-05,1.988915783773208669e-05,1.923694113375855487e-05,1.858262442006525101e-05,1.816238749961293297e-05,1.794455382791975624e-05,1.729705656978206579e-05,1.692820242709163752e-05,1.667415994915595723e-05,1.604375544462213995e-05,1.542462649501783403e-05,1.512645549117516847e-05,1.483842273605826357e-05,1.424705566079052063e-05,1.399145498560187988e-05,1.369214845249085533e-05,1.313285376170687224e-05,1.259059302041877296e-05,1.261209505759413102e-05,1.208745315284810888e-05,1.158067213993571368e-05,1.141334747180891858e-05,1.111343847937332607e-05,1.064276331966985781e-05,1.019016744725604328e-05,1.021119270658926321e-05,9.776329486859370322e-06,9.359178554170097798e-06,9.255804482684404656e-06,8.979435679128350365e-06,8.596490703455711806e-06,8.512689478759161737e-06,8.249168107068779258e-06,7.898800977119152256e-06,7.564235224546521979e-06,7.581967990587239186e-06,7.262303151977878371e-06,6.957459835328672476e-06,6.910683314579995643e-06,6.682915384594471341e-06,6.405737867215598436e-06,6.141843754161419397e-06,6.156451471545516413e-06,5.904862493315464074e-06,5.665528826394377236e-06,5.642368127610265713e-06,5.450700424750395826e-06,5.233907776708234978e-06,5.217291772355575342e-06,5.039266151253061158e-06,4.843078234279031162e-06,4.656718447043099924e-06,4.647834705938056587e-06,4.489354840270217311e-06,4.320883279385420756e-06,4.315740080225003023e-06,4.169291639392584415e-06,4.017048153754550831e-06,3.872531031691188410e-06,3.879692229887595628e-06,3.742138899368205963e-06,3.611576922748964534e-06,3.612672596222719541e-06,3.493331612944065632e-06,3.375367935563268177e-06,3.377881164587247257e-06,3.268044878406803924e-06,3.161439168493642878e-06,3.060238259184797518e-06,3.064270041794472533e-06,2.967551185985412327e-06,2.876041194967220365e-06,2.880576178361855634e-06,2.791675650562419995e-06,2.708880909864693276e-06,2.630235587863528761e-06,2.631980165805024669e-06,2.557018497201534030e-06,2.485786706268795148e-06,2.490738267233908719e-06,2.418888328419533565e-06,2.354314996524231054e-06,2.292914490153476803e-06,2.293083106001382815e-06,2.234488701393871107e-06,2.178743715094405491e-06,2.183226013967430990e-06,2.125113362393886171e-06,2.074445760845548068e-06,2.078567582100326633e-06
1.715890486781097107e-06,1.759343291496605732e-06,1.760402664026692380e-06,1.805927277107025678e-06,1.853775585924854304e-06,1.849609293752812370e-06,1.904582672396411185e-06,1.957330060776640351e-06,1.952900812135815756e-06,2.012844580595289628e-06,2.071052442439519067e-06,2.132310339566727536e-06,2.127729597580291342e-06,2.196109642214484903e-06,2.263800958167769820e-06,2.259208024970221816e-06,2.333802377500544002e-06,2.408660576394275674e-06,2.487514012800011091e-06,2.485578589915021440e-06,2.568417403379076435e-06,2.655700932292572204e-06,2.651975070185042994e-06,2.744767944138572195e-06,2.841429126424938224e-06,2.943301198787013202e-06,2.939591546294149790e-06,3.046675475122424701e-06,3.159542299631571280e-06,3.158512597122518421e-06,3.273620628766952079e-06,3.398685420590149253e-06,3.399439398009587134e-06,3.524662025657998591e-06,3.663239844146335147e-06,3.809274984541189669e-06,3.802424972597723796e-06,3.955946165055495232e-06,4.117692767922078478e-06,4.125889752549600559e-06,4.279781812883289101e-06,4.458842686442712389e-06,4.647387599678517627e-06,4.637960796920956884e-06,4.836049184541141882e-06,5.044521774314610211e-06,5.066006488687018363e-06,5.252854601192963519e-06,5.483109350621428580e-06,5.512107548369489307e-06,5.712992026322483082e-06,5.966952711860330397e-06,6.233695496450492668e-06,6.277322231380594651e-06,6.499966757240590422e-06,6.793345542719796808e-06,6.849097631895156888e-06,7.086096710551007573e-06,7.408023240326952678e-06,7.745071830168277768e-06,7.729202123052544647e-06,8.081467727756307218e-06,8.449650366471501227e-06,8.546874149698406191e-06,8.817071819952497218e-06,9.217790035736034816e-06,9.336798175025656587e-06,9.617639689849025503e-06,1.005186010898725669e-05,1.050305463711232668e-05,1.066143735418562799e-05,1.095314080826207201e-05,1.143799144288426480e-05,1.162740064825165991e-05,1.192138740179405130e-05,1.243884444356017400e-05,1.297171696771322638e-05,1.295430526385611730e-05,1.350203386487916989e-05,1.406333805444702573e-05,1.434820024537301981e-05,1.462098958258436631e-05,1.520580918080210040e-05,1.579954150780326760e-05,1.578547804653411958e-05,1.638674160912597901e-05,1.699231761041965322e-05,1.739642486978403604e-05,1.758915624454146514e-05,1.819565122653240427e-05,1.865263457224428640e-05,1.879119232701311078e-05,1.938495312214302479e-05,1.996515382907176062e-05,2.050288800153204577e-05,2.053106299617194245e-05,2.107282839088501976e-05,2.166523433491091526e-05,2.160232407354027511e-05,2.208626627001601022e-05,2.253043817687480873e-05,2.256639503867007723e-05,2.297329874308487113e-05,2.332933550015885342e-05,2.404961369855471555e-05,2.370826821839288034e-05,2.395992126802688440e-05,2.473125569887250734e-05,2.427841926709575627e-05,2.441550771099586730e-05,2.448022855968243390e-05,2.531679822502293790e-05,2.471220680244212771e-05,2.465996727572020267e-05,2.555152774033747688e-05,2.489410684765860557e-05,2.474168788606352249e-05,2.452331591870962455e-05,2.503458406392222098e-05,2.481257225933530190e-05,2.454000442922126064e-05,2.556639745618837569e-05,2.498290485181004221e-05,2.470560511917716613e-05,2.441272416221032616e-05,2.537148196207671884e-05,2.514457794076323832e-05,2.493151617561546006e-05,2.609271494382798292e-05,2.595905182589091289e-05,2.587674337260824519e-05,2.708039762782602560e-05,2.719992824246670498e-05,2.727892828372870587e-05,2.743452551521544875e-05,2.862386821047012124e-05,2.907767650508641608e-05,2.939508597928459720e-05,3.051478612307956880e-05,3.110661630870184378e-05,3.152385257562478703e-05,3.199508613145896763e-05,3.309991547136200958e-05,3.351670259790338907e-05,3.394742225254800941e-05,3.459411388956239386e-05,3.502982387697368239e-05,3.530362941216349241e-05,3.561991788636686772e-05,3.576576517363121025e-05,3.580405458938433472e-05,3.580405458938433472e-05,3.579292446626409173e-05,3.566398601022965529e-05,3.536140215770272398e-05,3.512490990693690389e-05,3.471790955625697839e-05,3.408937094590561634e-05,3.371736624186442755e-05,3.337279814617424557e-05,3.226796880627119684e-05,3.188340214693037285e-05,3.156750349482567746e-05,3.106266133368023707e-05,2.997150864226893371e-05,2.978272139468588387e-05,2.944301345530327357e-05,2.827961417154377323e-05,2.827336799415576930e-05,2.835058207636185996e-05,2.837883078603499321e-05,2.718782536874310421e-05,2.743204520423820448e-05,2.772747624184069944e-05,2.656520511764870699e-05,2.693517789105002704e-05,2.731284989993030507e-05,2.635409210036191214e-05,2.678950975178047672e-05,2.719933685482997101e-05,2.794418718128727718e-05,2.687750837617889553e-05,2.725858386102327901e-05,2.757575966875223654e-05,2.706449260333851183e-05,2.736421772730457708e-05,2.758399529339606017e-05,2.836395713711438384e-05,2.740330507965320911e-05,2.749535597109647520e-05,2.820197692171445616e-05,2.729009504165911439e-05,2.723953514595304140e-05,2.710483652430220697e-05,2.762838112617962771e-05,2.677802246449637513e-05,2.650785144970783016e-05,2.690029347146417776e-05,2.610179393097311498e-05,2.571009765651990087e-05,2.526032969647073892e-05,2.522526495916869356e-05,2.473210389884687230e-05,2.419378540887934210e-05,2.426767255671391383e-05,2.360698017623646827e-05,2.300273866014009423e-05,2.297370382530845441e-05,2.237361890842972517e-05,2.172585809131475948e-05,2.106284974022368676e-05,2.090982180528454495e-05,2.040004066624657579e-05,1.972277508105053822e-05,1.950912418083649772e-05,1.905870319273258513e-05,1.838261897205030590e-05,1.771142919204159055e-05,1.772970553189444530e-05,1.706708154682628256e-05,1.641450456971104105e-05,1.611157866734094161e-05,1.579517964957119345e-05,1.516910748256005987e-05,1.455828696560652224e-05,1.458067544565058544e-05,1.398656391356066118e-05,1.340974600923230392e-05,1.308331616729985352e-05,1.287406249267307017e-05,1.233380423370388605e-05,1.200994153123264774e-05,1.183543996087167686e-05,1.133286230369268967e-05,1.084928205851505741e-05,1.053751980282086551e-05,1.040704309141783816e-05,9.960909093789626614e-06,9.660969890930083849e-06,9.554785773311755918e-06,9.144978733927763172e-06,8.752956525911601888e-06,8.773335697520815709e-06,8.398257693840719453e-06,8.040066426333445824e-06,7.776968740704246841e-06,7.716877735802312984e-06,7.390493110585835519e-06,7.143296003738003581e-06,7.096604459728938907e-06,6.799873865983789235e-06,6.517399889410791896e-06,6.294326966609241803e-06,6.263767638513948027e-06,6.007659010762581492e-06,5.800117591071210618e-06,5.777781843266974059e-06,5.545883771347343881e-06,5.325556095022230346e-06,5.337661521752587309e-06,5.127900105441006350e-06,4.928702418577529098e-06,4.757642191001077675e-06,4.749755822898167348e-06,4.569775599349569609e-06,4.398952440269453883e-06,4.407748881576851384e-06,4.245198917957962730e-06,4.090948577975795092e-06,3.951606834038834352e-06,3.951664423494859531e-06,3.812394248746762469e-06,3.684228554379859388e-06,3.686131850955505126e-06,3.560378878813814084e-06,3.441057590847618746e-06,3.445821340266262707e-06,3.332248130895790642e-06,3.224469285487360386e-06,3.120981771566738208e-06,3.125590703132223571e-06,3.028193941383517899e-06,2.935737772979132308e-06,2.938223145843814310e-06,2.850157127424555208e-06,2.766531466917410065e-06,2.683166664182201637e-06,2.688488255309621067e-06,2.612791184533334288e-06,2.536290877257773739e-06,2.541504000491831631e-06,2.472923055277244427e-06,2.407730705030456490e-06,2.340565817733409480e-06,2.345496631516069633e-06,2.286341914873117994e-06,2.224668323009545247e-06,2.229229762480321833e-06,2.175491748004414202e-06,2.124334806670489239e-06,2.122974413673027900e-06,2.074096394631113257e-06
1.708368318980380792e-06,1.755220603311722981e-06,1.799067433314097374e-06,1.795386988429502050e-06,1.841345315092440735e-06,1.894719451457471677e-06,1.890690936831238859e-06,1.941369334239912016e-06,1.999573175572538455e-06,1.995245910330059797e-06,2.051196259380765483e-06,2.110098539740342606e-06,2.176512611205321151e-06,2.171973249564192943e-06,2.237109148307019247e-06,2.309583748922239099e-06,2.304983987668283155e-06,2.377081752162928009e-06,2.456174676595547514e-06,2.535812318988400561e-06,2.531534591135511761e-06,2.615748936711360145e-06,2.706030998024687211e-06,2.702160982722196662e-06,2.795551478211790772e-06,2.894032952197451687e-06,2.997041657517471146e-06,2.994468612324812089e-06,3.103789163858035915e-06,3.216037394437121213e-06,3.214706866763125471e-06,3.336067398938954047e-06,3.458321235336898508e-06,3.458707298637830234e-06,3.593457582306608200e-06,3.726478319391835368e-06,3.874505665940956654e-06,3.878780505136495905e-06,4.036621406435225396e-06,4.187431056837612169e-06,4.195125405248585125e-06,4.370315225797540777e-06,4.533810382675875832e-06,4.725370743669618471e-06,4.740209154787015490e-06,4.945074425037634700e-06,5.129125111531876423e-06,5.150072665839579359e-06,5.377062403749005649e-06,5.575434115686804167e-06,5.603929655204042124e-06,5.855149398034214946e-06,6.119517090894727228e-06,6.340367665871682681e-06,6.383660696491807776e-06,6.675547880646731589e-06,6.911443719050645263e-06,6.967048924316036014e-06,7.288671144760911427e-06,7.539425857235014652e-06,7.884350637330093646e-06,7.963307254438176821e-06,8.333704303144349215e-06,8.605639282022973453e-06,8.703665258296299073e-06,9.108830470330473851e-06,9.393081507502371694e-06,9.513514225912944697e-06,9.954959835344146597e-06,1.041503243265494635e-05,1.071345173901996579e-05,1.087457349680919474e-05,1.137204281995098012e-05,1.167548421679749146e-05,1.186878463146052633e-05,1.240332970029552054e-05,1.270693746411687170e-05,1.325717688033915526e-05,1.350686143119458101e-05,1.409345765783390210e-05,1.438482827182729757e-05,1.467768032313147389e-05,1.529423229455126310e-05,1.556681726621231594e-05,1.618216364928999656e-05,1.654729774790572675e-05,1.719561726289358026e-05,1.741885598960234854e-05,1.783691664459418608e-05,1.849410224670390088e-05,1.866812394001619702e-05,1.914195017887768217e-05,1.979446870122763400e-05,2.043742140643080871e-05,2.050781884968425487e-05,2.106705099369289737e-05,2.167863178231107258e-05,2.166059116369543861e-05,2.227790771116327015e-05,2.283773459583041514e-05,2.271627439480331393e-05,2.317843154333778450e-05,2.387769378934605056e-05,2.431393105849392615e-05,2.401208937180254055e-05,2.476661182690005264e-05,2.509675570874503054e-05,2.467336806662887109e-05,2.548382859343533652e-05,2.569320794553474994e-05,2.582537067574519558e-05,2.522695203729934273e-05,2.611033805777689354e-05,2.611182360023512838e-05,2.543816762744419531e-05,2.638413682432393177e-05,2.626730185372451546e-05,2.556566762207017281e-05,2.535066278217208417e-05,2.637476816306710291e-05,2.610384457845784035e-05,2.544416237541355266e-05,2.654504138276046993e-05,2.624692752101545284e-05,2.572324585931417729e-05,2.545479182893304343e-05,2.663600695433072745e-05,2.637255967241126410e-05,2.614054636754786770e-05,2.738738211618580733e-05,2.724562727757477986e-05,2.728453260683281142e-05,2.856894034042049127e-05,2.858896334903134290e-05,2.868738614061327059e-05,2.910915460120878671e-05,3.035776971438969968e-05,3.063257485091096661e-05,3.124359149359222311e-05,3.239282927124567099e-05,3.278598398866432450e-05,3.346353217786434547e-05,3.394739651534258563e-05,3.483122248129088980e-05,3.526251212735114892e-05,3.582414964712809846e-05,3.639933276545836505e-05,3.667771837437563910e-05,3.696030914564262996e-05,3.716456021999070298e-05,3.720309858576888472e-05,3.720309858576888472e-05,3.719469769597371142e-05,3.700437726950541752e-05,3.674196821983764436e-05,3.650538764017489322e-05,3.594794531382268298e-05,3.542129587877822981e-05,3.505622304016612733e-05,3.419628903244588820e-05,3.379669166935514533e-05,3.319014044367314252e-05,3.291093153133232448e-05,3.179146670419289139e-05,3.128016208015859892e-05,3.114892033799166935e-05,2.992829984604193226e-05,2.963410037733037731e-05,2.970067992564550348e-05,2.985220106889927740e-05,2.858296576504177903e-05,2.870389299457942511e-05,2.902099346902623555e-05,2.777530766556069602e-05,2.817882779455066979e-05,2.860941311821127076e-05,2.741293835490401005e-05,2.783197097710903744e-05,2.852821637804385830e-05,2.896305315152145014e-05,2.782195213339265703e-05,2.864506786762806645e-05,2.902465746221553449e-05,2.794572882678739517e-05,2.824791146913116749e-05,2.908859522848284573e-05,2.926784747452396401e-05,2.825060798045917225e-05,2.904271414421508819e-05,2.907363179225644505e-05,2.811218155346790551e-05,2.880706935743424540e-05,2.868000444449104986e-05,2.846340826598701859e-05,2.757072693386176064e-05,2.805812969100929296e-05,2.769930681432839934e-05,2.686332259637571942e-05,2.720943399620751881e-05,2.672740833541298485e-05,2.594969219732371935e-05,2.543680228579226280e-05,2.557712157604331621e-05,2.495360832628569676e-05,2.426527067883334335e-05,2.428846114349506854e-05,2.360600266168759936e-05,2.298203212470315381e-05,2.290563813305054994e-05,2.218770399352354403e-05,2.145903050271589507e-05,2.093056785657790628e-05,2.073803032586956244e-05,2.000420982089341085e-05,1.953835777660862380e-05,1.929084513609008477e-05,1.856714741733176674e-05,1.816079501113024365e-05,1.747417713084275815e-05,1.717164837344733089e-05,1.648380566135326583e-05,1.615868612705306169e-05,1.583527550262233977e-05,1.518114153920139757e-05,1.490451288379337301e-05,1.429117565365286690e-05,1.395418085698520452e-05,1.335846110733162159e-05,1.314507206062592137e-05,1.280828201485178906e-05,1.225409875353973209e-05,1.207673944930757734e-05,1.174553415487484235e-05,1.123318937494470185e-05,1.074168266621509768e-05,1.060979700514684807e-05,1.029433120540374870e-05,9.843350086775480741e-06,9.736433465814880658e-06,9.434619639401475022e-06,9.022434892859501428e-06,8.936716472276302103e-06,8.552950860019416685e-06,8.274628562599414298e-06,7.916842425747361951e-06,7.857030480208756286e-06,7.595155958476186087e-06,7.270480559031910684e-06,7.224255792197922967e-06,6.979027976185062573e-06,6.684973273391530266e-06,6.405578012589634449e-06,6.375647765385969982e-06,6.155319907398254209e-06,5.902857886969699166e-06,5.881171356899145355e-06,5.676676748820362569e-06,5.448792329333975615e-06,5.433741953344283524e-06,5.220627364593871942e-06,5.038889470949365825e-06,4.843982968375680038e-06,4.836670443150206295e-06,4.668950007070558818e-06,4.493289035536935843e-06,4.489619184427958627e-06,4.324831051895269524e-06,4.176796876915068827e-06,4.026767032166646088e-06,4.027219932267706507e-06,3.891078959728851855e-06,3.755884838423075341e-06,3.758099009979572607e-06,3.633010156371796836e-06,3.511151420215609597e-06,3.514607672370260199e-06,3.399724588556206380e-06,3.289867695212861776e-06,3.185669907960315184e-06,3.190397679206253507e-06,3.089596908402752134e-06,2.995553391357374819e-06,3.000615207309604004e-06,2.911621241505205678e-06,2.823200333104744272e-06,2.742580632527693745e-06,2.747856638822914131e-06,2.666746112041130019e-06,2.593825120735566071e-06,2.598935573288477385e-06,2.524520570873491722e-06,2.458492255718650084e-06,2.395742867679890009e-06,2.400500122797085056e-06,2.335172219630918653e-06,2.278250272353153331e-06,2.282596521931956839e-06,2.222606249025115606e-06,2.170901831548507000e-06,2.174790015270088958e-06,2.125408470984263753e-06,2.072639500766648669e-06
1.708877937394188773e-06,1.748984135615115167e-06,1.791107094986971468e-06,1.835364773926568118e-06,1.837217161998362009e-06,1.883599944406918930e-06,1.932368890170906614e-06,1.933800833663502053e-06,1.984943866949985494e-06,2.038754491212506644e-06,2.034294088831559660e-06,2.096176528881914530e-06,2.155622725411117090e-06,2.218225679791649143e-06,2.218461582713921080e-06,2.284207775603362764e-06,2.353482548015272222e-06,2.353102999496390471e-06,2.425891751993384754e-06,2.502623724206342793e-06,2.583527599297550577e-06,2.582220761060926926e-06,2.667285792480276561e-06,2.757009740112701756e-06,2.754922067116933939e-06,2.849295244098732791e-06,2.948867905866449257e-06,3.053936237496668089e-06,3.050686817600757063e-06,3.161249452142647269e-06,3.277936954389438218e-06,3.273722268047184801e-06,3.396537616345667879e-06,3.526171114318875976e-06,3.520909039366086265e-06,3.657369668629794407e-06,3.801409332247472649e-06,3.953439125002536512e-06,3.946653669025006333e-06,4.106699412629026133e-06,4.275601826424406537e-06,4.267582568931698013e-06,4.445378186486397761e-06,4.632968265375897042e-06,4.830851354924779690e-06,4.821077842056901320e-06,5.029313208044200632e-06,5.248880615120541611e-06,5.237724082754799275e-06,5.468697505080212745e-06,5.712101297442951495e-06,5.739882817037713843e-06,5.955446579411000145e-06,6.224945928677261344e-06,6.508604259501591867e-06,6.494109869156440543e-06,6.792038036478195686e-06,7.105298921296417672e-06,7.089394611239669117e-06,7.418109604534271825e-06,7.763311196217324324e-06,8.125548593322019000e-06,8.107879732460412884e-06,8.487267994984196148e-06,8.884720885757043413e-06,8.865883188758764174e-06,9.281498593484392170e-06,9.716039950607812306e-06,9.840485696438484232e-06,1.014976237838459309e-05,1.062281611237967084e-05,1.111554423558670434e-05,1.109488996855276215e-05,1.160721025171141750e-05,1.213917979647896467e-05,1.211832189573589290e-05,1.266971669894585227e-05,1.324012518635537370e-05,1.382891076975409930e-05,1.380852734157553854e-05,1.441509752205266551e-05,1.503811785748995259e-05,1.501878154314088419e-05,1.565734079039960553e-05,1.630928171504666868e-05,1.697251546510757510e-05,1.695576222859696778e-05,1.762872219936732689e-05,1.830772905775111654e-05,1.829411341589728737e-05,1.897718623573967100e-05,1.965935069955596296e-05,2.017023104908659631e-05,2.032940465937464413e-05,2.099871801485207420e-05,2.165307084215274222e-05,2.165431895321551310e-05,2.229143266864356214e-05,2.290234817123300989e-05,2.291641424176476654e-05,2.349987341674825134e-05,2.404411638124359982e-05,2.454187489668985584e-05,2.458560728470898636e-05,2.504013135758132073e-05,2.543479363043730867e-05,2.551629425103033179e-05,2.586049947424042987e-05,2.613289086494266383e-05,2.701489756353969303e-05,2.649186259976753886e-05,2.663063960257386050e-05,2.668435504733579090e-05,2.694592437967413090e-05,2.695146831566898636e-05,2.687124733157507202e-05,2.726614930837457942e-05,2.715363731220232248e-05,2.696242618025396342e-05,2.669722801189902640e-05,2.733053360021492128e-05,2.706812304723835204e-05,2.675231001254605755e-05,2.760287915402088191e-05,2.732305109531772409e-05,2.701836124289783985e-05,2.670566240082691416e-05,2.786536063039357107e-05,2.763774102748422709e-05,2.743815577049786014e-05,2.880689061586776218e-05,2.871391287930172360e-05,2.868171095209208783e-05,3.002697602644356902e-05,3.027451839963914219e-05,3.043271851723568878e-05,3.068470918928751568e-05,3.223929988452469098e-05,3.256521013968599756e-05,3.297749138329614683e-05,3.440337279699089130e-05,3.482195336242731678e-05,3.529567323812478786e-05,3.580950355724505768e-05,3.684093613483081304e-05,3.724209148503687211e-05,3.763343090676863798e-05,3.822831695998449091e-05,3.842878937247642680e-05,3.858329840778818471e-05,3.867026137257987769e-05,3.868587617703227399e-05,3.859891321224058101e-05,3.847778655861825022e-05,3.831700977512086362e-05,3.772212372190499713e-05,3.738053491654773369e-05,3.704227991825680220e-05,3.601084734067105361e-05,3.557535057201777646e-05,3.519677537831330659e-05,3.489059481930866229e-05,3.346471340561392460e-05,3.318162649044156869e-05,3.300041377954210630e-05,3.144582308430493779e-05,3.135202432524512698e-05,3.136292464238644973e-05,3.127171234104518554e-05,2.994712260640061102e-05,3.016098041274640568e-05,3.043692173080350368e-05,2.906818688543362874e-05,2.944876092620752809e-05,2.985229903498590244e-05,2.869260080546929840e-05,2.917333991015082098e-05,2.963574398483779368e-05,3.006091819721478075e-05,2.921034908426614564e-05,2.965752505087957197e-05,3.003612700184570087e-05,2.940282207662986045e-05,2.976826275726895284e-05,3.004336978387605269e-05,3.022337607631366075e-05,2.982848614607101724e-05,2.996005262853626184e-05,2.999019775901025380e-05,2.972868420557872325e-05,2.969573554164979052e-05,2.956365193336272363e-05,3.016966778297912983e-05,2.919853568938515458e-05,2.890783076683130738e-05,2.853444683608057908e-05,2.845349519711515564e-05,2.802007560195516638e-05,2.751824018002811797e-05,2.747553070399589293e-05,2.692322193832152413e-05,2.631809242461434294e-05,2.566843731304529582e-05,2.565626217620086064e-05,2.497503934283950658e-05,2.426420944367954592e-05,2.426561453806973646e-05,2.353517771383827498e-05,2.278791599342760665e-05,2.261218345873590395e-05,2.204241383322700797e-05,2.128077355643609981e-05,2.051816620777291951e-05,2.053617931419586803e-05,1.977826019482145788e-05,1.902718975842218751e-05,1.904893668081010562e-05,1.830891059387037542e-05,1.758160581313388050e-05,1.686935743669341672e-05,1.689426141495101744e-05,1.619953033526813432e-05,1.552327232300542415e-05,1.554947692001409725e-05,1.489320535386999286e-05,1.425754128613946008e-05,1.364318981499412084e-05,1.366998251003821629e-05,1.307739122045412597e-05,1.250680167891658176e-05,1.253332774823597088e-05,1.198464248990647588e-05,1.145796739862782583e-05,1.111474687989645645e-05,1.097856403111307199e-05,1.049490676276361445e-05,1.003240073103937525e-05,1.005659138305100088e-05,9.614316461759300558e-06,9.192216856303807852e-06,9.214906391313146874e-06,8.811886131965350800e-06,8.427880995681140706e-06,8.062273829568813663e-06,8.082697359963704936e-06,7.734253766888342748e-06,7.402911633631019265e-06,7.421524605776749761e-06,7.106014145761223622e-06,6.806288665295257286e-06,6.566913132475154525e-06,6.537847170243293392e-06,6.267123581372844831e-06,6.010249084030997417e-06,6.024575742752839685e-06,5.780326892426548098e-06,5.548698734297017803e-06,5.561249388703919334e-06,5.341071588911118029e-06,5.132353453101267667e-06,4.934537600194184801e-06,4.944835527915480290e-06,4.756844738727172920e-06,4.578709445797017506e-06,4.587422987573664884e-06,4.418138093360001820e-06,4.257742090942739960e-06,4.105775862899444421e-06,4.112533155272791305e-06,3.968097090077654705e-06,3.831242786306769752e-06,3.836655074830116346e-06,3.706556445367129160e-06,3.583267322405693528e-06,3.587440064237930935e-06,3.470205721253480683e-06,3.359080355403273813e-06,3.253733568788675426e-06,3.256414453599045504e-06,3.156187171750140110e-06,3.061137042007308746e-06,3.062815218036446203e-06,2.972346008038046108e-06,2.886512328505450452e-06,2.805059258052409589e-06,2.805546655198002860e-06,2.727959745752938974e-06,2.654292608304590524e-06,2.653989673619741862e-06,2.583780522889769578e-06,2.517078039419139501e-06,2.447617025396792059e-06,2.452457465724179283e-06,2.391985171181435119e-06,2.334475746362965639e-06,2.332636916447366795e-06,2.277738635103129105e-06,2.225490827256072447e-06,2.223112083528176121e-06,2.173202046584234426e-06,2.125663446206074643e-06,2.080364965554552775e-06
1.748229694406765530e-06,1.745408054494860833e-06,1.785855148356586107e-06,1.834075520939911669e-06,1.878768382365499152e-06,1.875314180791474413e-06,1.927912570592902167e-06,1.977154352794954718e-06,1.973264431703747645e-06,2.024928376910031763e-06,2.085005381493960690e-06,2.080716286607842530e-06,2.137806569989786902e-06,2.203437627588411511e-06,2.266648305348557264e-06,2.261976262104595204e-06,2.333703751283179996e-06,2.403660995638449841e-06,2.398795826178217121e-06,2.472601799760231247e-06,2.554713676138224691e-06,2.636447317299927467e-06,2.631689906191725225e-06,2.721474022970624486e-06,2.812149916704960487e-06,2.807638715870995467e-06,2.903684401186724067e-06,3.006478765267328977e-06,3.112739093723448833e-06,3.109282271935267720e-06,3.221632201418971738e-06,3.339709242330316422e-06,3.337321544618328987e-06,3.460054934902418229e-06,3.591315689108533170e-06,3.590475028474004101e-06,3.730264165424522345e-06,3.870410409814601109e-06,4.024529026783334601e-06,4.027376737165800318e-06,4.180138285417992840e-06,4.351505117451261463e-06,4.357661837416388862e-06,4.540823252712339320e-06,4.714453388236688356e-06,4.915520571781071917e-06,4.928792587315166175e-06,5.117296830461881824e-06,5.340628449570264426e-06,5.360073523322589455e-06,5.599542981684327533e-06,5.812121868037227873e-06,5.839298488141570292e-06,6.105362898344814310e-06,6.334649869321980771e-06,6.624035334087527385e-06,6.666650228659738217e-06,6.913084052915844311e-06,7.233083940119238541e-06,7.288695229321157349e-06,7.632955537342197481e-06,7.905546926106088467e-06,8.276368122273236157e-06,8.357004560850918513e-06,8.646378865831175447e-06,9.053844499450224470e-06,9.155141717573738028e-06,9.593867551926537455e-06,9.906429979801870147e-06,1.003224098288269310e-05,1.051255147074838863e-05,1.083780884542376426e-05,1.134494289692115698e-05,1.151583677928577413e-05,1.185050888120197988e-05,1.239892306664071903e-05,1.260584053699870537e-05,1.319467656541823657e-05,1.353436853883064918e-05,1.414287147479693456e-05,1.441362599988776626e-05,1.474818853353033358e-05,1.539312531744293925e-05,1.571322510748308267e-05,1.640064637578868373e-05,1.670960642581496172e-05,1.739778495244899030e-05,1.780130339152659387e-05,1.807827153316492595e-05,1.878382683379052810e-05,1.924892200886335765e-05,1.998916003250550825e-05,2.018889084850191085e-05,2.071924159177342110e-05,2.145636015400126988e-05,2.158297842986647941e-05,2.226469241033517924e-05,2.289553183920412942e-05,2.293002109452321513e-05,2.356681840373401438e-05,2.426630680544851674e-05,2.489906229100483643e-05,2.475809672670590154e-05,2.527677861255946007e-05,2.607324946497993618e-05,2.579909155182555345e-05,2.621025867833367152e-05,2.707242922804438444e-05,2.743572162982966386e-05,2.694429672797750416e-05,2.787327373808565434e-05,2.809471275531255042e-05,2.747692849376592807e-05,2.753488391122606058e-05,2.855052575932702123e-05,2.783840749843931621e-05,2.776114023639397356e-05,2.885174178560808209e-05,2.869616956695619065e-05,2.791113897416063771e-05,2.765095150997534849e-05,2.883259192672116430e-05,2.810718848467517436e-05,2.780562902487121113e-05,2.907522103864573575e-05,2.873756386947176437e-05,2.821658716915578769e-05,2.793664029380072889e-05,2.928980106769901826e-05,2.902671128490227063e-05,2.887599672097160706e-05,3.028987441131605332e-05,3.018592335355754379e-05,3.035565237560593549e-05,3.178693337060530270e-05,3.187914165459153050e-05,3.233838882913707478e-05,3.265401979363561220e-05,3.399465865043376102e-05,3.465041005296042687e-05,3.510528453767050800e-05,3.627721821543033619e-05,3.673396674208620000e-05,3.745657690183936452e-05,3.795843121878208180e-05,3.874742712686673975e-05,3.927211486951538152e-05,3.959757870707098653e-05,3.998476221058257522e-05,4.014399252540999571e-05,4.020702472148711507e-05,4.020702472148711507e-05,4.016135938283152206e-05,4.003935360102394352e-05,3.966918338999126509e-05,3.939067508836995848e-05,3.890262743563249021e-05,3.813647632873349110e-05,3.770949009716855822e-05,3.704903321668311079e-05,3.669995842786489285e-05,3.556066274056071192e-05,3.523414479195507271e-05,3.468973285060240690e-05,3.338308794965268969e-05,3.322787276510796552e-05,3.291277053314096062e-05,3.300802494678369968e-05,3.160038869020754523e-05,3.160197126228543330e-05,3.190457168254296405e-05,3.049979900726394741e-05,3.084012661843418520e-05,3.129769530464435417e-05,2.993515673129698497e-05,3.039259727407936978e-05,3.111009395594213259e-05,3.161211225425968833e-05,3.030335119414559399e-05,3.074501041674309530e-05,3.165195091367753791e-05,3.041306259153789108e-05,3.078081431996643842e-05,3.172833896923030758e-05,3.196292385870635702e-05,3.079418370272944385e-05,3.092735425655736780e-05,3.176583564312495327e-05,3.066317346337059445e-05,3.062865273387722871e-05,3.134691778515369680e-05,3.112113364254101935e-05,3.009930910300500644e-05,3.066598741453178365e-05,3.027256378929683454e-05,2.931807754231694765e-05,2.886708686977791150e-05,2.918241389700859168e-05,2.829697689225555991e-05,2.772174716060935045e-05,2.788475022013388254e-05,2.718023534007654225e-05,2.640044589706589794e-05,2.569050999562761062e-05,2.565510887766406719e-05,2.495137234554945549e-05,2.419051219647597458e-05,2.405150373448850955e-05,2.322847804037996076e-05,2.263712294838931359e-05,2.241622627800276093e-05,2.158981089584430696e-05,2.107172978138315675e-05,2.028431782305184676e-05,1.997716758782081323e-05,1.952831272893229219e-05,1.876060721598205171e-05,1.841784457439797016e-05,1.765112726474125387e-05,1.729601002141294795e-05,1.657700214303592235e-05,1.620577462500557992e-05,1.590606979383497042e-05,1.522798152423450365e-05,1.485107935859055971e-05,1.419504638335968476e-05,1.396690557630435160e-05,1.335614648136012480e-05,1.298484111050345268e-05,1.279700323930175891e-05,1.223241374603510070e-05,1.187155523268429272e-05,1.133693122196568310e-05,1.119943006872553464e-05,1.085263840811354949e-05,1.036443336183526218e-05,1.025421129075910001e-05,9.800893401002370566e-06,9.479809737110664347e-06,9.392516252896137508e-06,8.980026132514297999e-06,8.677510291678711078e-06,8.294615374165375808e-06,8.235034007246888233e-06,7.879151246116744277e-06,7.605604890325758099e-06,7.560327485276321548e-06,7.238486010119708724e-06,6.983891246962660532e-06,6.688005226049641495e-06,6.659678894643508552e-06,6.423545490276342854e-06,6.157199487563658541e-06,6.137281003507051182e-06,5.888848477521968636e-06,5.679353973886725761e-06,5.666105866198558656e-06,5.442375771529866614e-06,5.249307529157960179e-06,5.045483887770251010e-06,5.039898039808628472e-06,4.849139928159998462e-06,4.679154747460242428e-06,4.677059962467682361e-06,4.505414997716477400e-06,4.349357249134914194e-06,4.193634084544626452e-06,4.195406304282231052e-06,4.049112230120573037e-06,3.912311621667678295e-06,3.915635771332233103e-06,3.783936211999087703e-06,3.658597791886823311e-06,3.662953500958016079e-06,3.544331865333029601e-06,3.429542918113979705e-06,3.322266148953213146e-06,3.327604232424243457e-06,3.226250517073716745e-06,3.125851639179129699e-06,3.131332662446111174e-06,3.039869253574080033e-06,2.947942167033658063e-06,2.865282364446670005e-06,2.870727225002593479e-06,2.792306543521176038e-06,2.711868025901266964e-06,2.716993027104932348e-06,2.646031434165570005e-06,2.572327345916061378e-06,2.508162635389016462e-06,2.512737920521856587e-06,2.445171248679350280e-06,2.387004231426063894e-06,2.391053680575131105e-06,2.335551180662853327e-06,2.276264895828647618e-06,2.279756844992229549e-06,2.229284467650341804e-06,2.174839659070248140e-06,2.129084517893960403e-06,2.131788403133277706e-06
1.747037650280471195e-06,1.786071300139919688e-06,1.789361422976268364e-06,1.830230846302181912e-06,1.873159025868886857e-06,1.924253514753837384e-06,1.921078351396099335e-06,1.968367253598301912e-06,2.018102412313364140e-06,2.020487052131348984e-06,2.072661319394085943e-06,2.127578524080315442e-06,2.129478901887774509e-06,2.187128750238150185e-06,2.247854853108409341e-06,2.317515318742464320e-06,2.312994335663401726e-06,2.380233875267127352e-06,2.451132016166226629e-06,2.451636775627115298e-06,2.526180978176925575e-06,2.604828428229445371e-06,2.692087025654134186e-06,2.687343507807068283e-06,2.774681048100933880e-06,2.866895100286607616e-06,2.865571426776118119e-06,2.962652228557263775e-06,3.065197513731253790e-06,3.174558543750764822e-06,3.170940468924795489e-06,3.285060949299234940e-06,3.404635147063206125e-06,3.402004264527262769e-06,3.529085093729067349e-06,3.663411928025795130e-06,3.658586600210244689e-06,3.800165691497130208e-06,3.949837959186272728e-06,4.099114806688568316e-06,4.101518259814095105e-06,4.268322783726081325e-06,4.444657882145518020e-06,4.436699909780398352e-06,4.622599817675514789e-06,4.819095873397027965e-06,5.004094712081360437e-06,5.016767146788270903e-06,5.235657846005689826e-06,5.466913863408661328e-06,5.455294618102091033e-06,5.698991557989149574e-06,5.956333618962961074e-06,5.943019174232080241e-06,6.214100106093593434e-06,6.500176706862291430e-06,6.744197102823958522e-06,6.786308572223821580e-06,7.103891949224088697e-06,7.438583717097045768e-06,7.421202581703818449e-06,7.773139206384668451e-06,8.143602652408677445e-06,8.432882391431532313e-06,8.513665375413926982e-06,8.922699656003198134e-06,9.352268373134685605e-06,9.331122062522730391e-06,9.781351466901752102e-06,1.025327208972656837e-05,1.023080754771587742e-05,1.072451131740499256e-05,1.124079413793936232e-05,1.158249917857378334e-05,1.175619863379613030e-05,1.231814314055258572e-05,1.290315096641905661e-05,1.287895893754396570e-05,1.348682329453152863e-05,1.411726702520890591e-05,1.446816418383007451e-05,1.474576409418975900e-05,1.541952213945445803e-05,1.611326299453975371e-05,1.609039034409729936e-05,1.680312022950569445e-05,1.753248776019042309e-05,1.783926322949911072e-05,1.825611859000982081e-05,1.901229198577973205e-05,1.977676498334519540e-05,1.976033769758994764e-05,2.053081273438077671e-05,2.130147397022554319e-05,2.129053012145715640e-05,2.205872248192336581e-05,2.281669627625359579e-05,2.290204111739516568e-05,2.355940293265993031e-05,2.428158823893698494e-05,2.497367773136006616e-05,2.499054889957527036e-05,2.565110257013306013e-05,2.626577124272683116e-05,2.604464366997043926e-05,2.687920497837791744e-05,2.738858222463166182e-05,2.782694166266407813e-05,2.792765010157304703e-05,2.830707248173041092e-05,2.860110855816314318e-05,2.877488382922220055e-05,2.900756895096954368e-05,2.914471280108955000e-05,2.843106525814893758e-05,2.950849327236672185e-05,2.949131105740005515e-05,2.937392660100511389e-05,2.986814472768707215e-05,2.971798155371877036e-05,2.947810645155062275e-05,2.867479945568627257e-05,2.994375112221455416e-05,2.963334971943247569e-05,2.926799410038012823e-05,3.031687507043693156e-05,3.000374810391850483e-05,2.967268129963198539e-05,2.928836866907699824e-05,3.074769232076360662e-05,3.052920714366607626e-05,3.035870361346921882e-05,3.197743201688861455e-05,3.193337262493307340e-05,3.197349463327371876e-05,3.371488632260379373e-05,3.387061577888508254e-05,3.412848723541242609e-05,3.479471058530764883e-05,3.618052859203088687e-05,3.660028662495154477e-05,3.710721945412520997e-05,3.854864605289955691e-05,3.901104085060379332e-05,3.951095694492292676e-05,4.018786871196255376e-05,4.089365535004541995e-05,4.122392487834907919e-05,4.151815467304618556e-05,4.182012797356941385e-05,4.186520133524578409e-05,4.186520133524578409e-05,4.185746051312888761e-05,4.155548721260565254e-05,4.130390469450141608e-05,4.102651620006587675e-05,4.034306902072829745e-05,3.971110942089798099e-05,3.929606947576992930e-05,3.893814808651735172e-05,3.749672148774300479e-05,3.711465288696357213e-05,3.683975282618687138e-05,3.548978478547629471e-05,3.495107328990598879e-05,3.487263605167329980e-05,3.490923080036590064e-05,3.316783911103581890e-05,3.332921344629550186e-05,3.357991266381951033e-05,3.196118426040011799e-05,3.233934915863554018e-05,3.276249818269533497e-05,3.129626290602620679e-05,3.188540171732328948e-05,3.240427623097182915e-05,3.289222866695065255e-05,3.184334770657503262e-05,3.236820421572456395e-05,3.282099061354094513e-05,3.149415871343741924e-05,3.247936642034566314e-05,3.282415851628649851e-05,3.305986322168854327e-05,3.256565457791721010e-05,3.274935110429897625e-05,3.281410028455090131e-05,3.164641953436010067e-05,3.248000041016042497e-05,3.235553490899952477e-05,3.211975609061585234e-05,3.194623697639453725e-05,3.163472824221411328e-05,3.122475307306041796e-05,3.112465284644150721e-05,3.064423215954419994e-05,3.008255215623610902e-05,2.915514143053901059e-05,2.940936269051584389e-05,2.872625147639769498e-05,2.799100301242921413e-05,2.797636101041818879e-05,2.720479035311025831e-05,2.639919122638624338e-05,2.566600543278558727e-05,2.557356196904620547e-05,2.472744359028641628e-05,2.386985287180730432e-05,2.388520728015101980e-05,2.302490729238630310e-05,2.216487851729141158e-05,2.218655747651198548e-05,2.133341272693689336e-05,2.048965339494372411e-05,2.002614630953430643e-05,1.968605355101999001e-05,1.887257292524824364e-05,1.807780247972229733e-05,1.810724952834598853e-05,1.733386669256484821e-05,1.658291385398654461e-05,1.627584113290114290e-05,1.588666845987109452e-05,1.518430742412807082e-05,1.450724478133151802e-05,1.453831849092051660e-05,1.388683717009662837e-05,1.326116890854465453e-05,1.307044885668454114e-05,1.269145570552768469e-05,1.211681900172629811e-05,1.156742336472942077e-05,1.159627178804909147e-05,1.107115212249761888e-05,1.057026265357437324e-05,1.059741786586554006e-05,1.011951932347090051e-05,9.664543526952464080e-06,9.577248317685773342e-06,9.256267984919571698e-06,8.844239887780941842e-06,8.452876383931768833e-06,8.475196375040810744e-06,8.102965238483050682e-06,7.749806764339293741e-06,7.705186695983286726e-06,7.434255701753551264e-06,7.116110230533482089e-06,6.814670647976270785e-06,6.831768389625650684e-06,6.545533665130973199e-06,6.274494111624332893e-06,6.289414962987574496e-06,6.032132326625020500e-06,5.788614737491053304e-06,5.776053180603453851e-06,5.570334268193873197e-06,5.351649897702861783e-06,5.144754798426345559e-06,5.154974026861408151e-06,4.958635551511347172e-06,4.772897896195430473e-06,4.771277173386992891e-06,4.605028703415446364e-06,4.438265795570685103e-06,4.280500836885107075e-06,4.286697280519785425e-06,4.136924342888581333e-06,3.995205917777888441e-06,3.998752369184946316e-06,3.865322320864007213e-06,3.737944352596075915e-06,3.742422301732225525e-06,3.620265870854831955e-06,3.505692934927047646e-06,3.397191317151020477e-06,3.398891112193326086e-06,3.295745264599624715e-06,3.198017055537483330e-06,3.203410586622085743e-06,3.105683820756420262e-06,3.017563685350046956e-06,2.934001126137131507e-06,2.933352939388377536e-06,2.853800514878376617e-06,2.778311833468785918e-06,2.783188493055148583e-06,2.704920952136254901e-06,2.636632040978659387e-06,2.571759701731014760e-06,2.569319331994802122e-06,2.507452234732300085e-06,2.448631853494226759e-06,2.445569618805558024e-06,2.389432471239269119e-06,2.336012923042315787e-06,2.339110330585557865e-06,2.281383829842689763e-06,2.232786564603502505e-06,2.186476670879818223e-06,2.182251660375731781e-06,2.137962770226358072e-06
1.748525641760474033e-06,1.792087281896851705e-06,1.831560818866475027e-06,1.829224278254431093e-06,1.876716055316759269e-06,1.920112983473066022e-06,1.965708101234915414e-06,1.962629765768733156e-06,2.016856505750203314e-06,2.067114628632546197e-06,2.063512132038577041e-06,2.122767281440953103e-06,2.178253716798084813e-06,2.174148780927093222e-06,2.238945965221723628e-06,2.300297308828689390e-06,2.364944369473467190e-06,2.360275401558812308e-06,2.434566399070483447e-06,2.506199423116461902e-06,2.501194766585633229e-06,2.582549248863740010e-06,2.662023782212364889e-06,2.745905319169474103e-06,2.740771481930162319e-06,2.834198156760564001e-06,2.927421378986456649e-06,2.922352269081547394e-06,3.024723845036988678e-06,3.128430123815396781e-06,3.238019888790411651e-06,3.235846967566610213e-06,3.351312738780234913e-06,3.473373342930366728e-06,3.469938828615850384e-06,3.598733621779164265e-06,3.734768820367109359e-06,3.732672359027204646e-06,3.873666948161029252e-06,4.025347025721133395e-06,4.185767451704077924e-06,4.187090318024792584e-06,4.348596304718558698e-06,4.527523775375139684e-06,4.531991461876056767e-06,4.708375610381102922e-06,4.907942261734662952e-06,5.118969985800498118e-06,5.130440325457707483e-06,5.331466246973086977e-06,5.566714082923831353e-06,5.584361463889949484e-06,5.802937487435582554e-06,6.065017570723895058e-06,6.090522786321492871e-06,6.327587089305458139e-06,6.619284802050050349e-06,6.927204179175513223e-06,6.968729992102784308e-06,7.235250341386552974e-06,7.577220524208236670e-06,7.632407631173008405e-06,7.918901976929201150e-06,8.297959099763481589e-06,8.697001238146488797e-06,8.778939376249827743e-06,9.095507570767864724e-06,9.536070446280732767e-06,9.640358514324689034e-06,9.975773039951601266e-06,1.046054668461633123e-05,1.059163564248728520e-05,1.094417064761296397e-05,1.147539798748934350e-05,1.203064584794731194e-05,1.221171335101671551e-05,1.258440382251395826e-05,1.318793392868026891e-05,1.340938706115119651e-05,1.378951047724030712e-05,1.444106477752170805e-05,1.511593908219297240e-05,1.540984880351435011e-05,1.578757098885136091e-05,1.650646118339488651e-05,1.685696810300281866e-05,1.722076439168825963e-05,1.797787677924016773e-05,1.875046416562370743e-05,1.919765749275128644e-05,1.951475763969563013e-05,2.031020713478462927e-05,2.082940399674046655e-05,2.109443798776154260e-05,2.189743847055504098e-05,2.249342425658121746e-05,2.268628727358281696e-05,2.347696938581389286e-05,2.425065740438179653e-05,2.496560163104897458e-05,2.500590294143145839e-05,2.572850834204887317e-05,2.652510202983936137e-05,2.643705002782467106e-05,2.707896628452284246e-05,2.766333549198815288e-05,2.857541519642589885e-05,2.825475831084847529e-05,2.871215331147362258e-05,2.970280337338476883e-05,2.922130161245062533e-05,2.952862126811452154e-05,3.059948681930007116e-05,2.996845563121329557e-05,3.011415351508000868e-05,3.015499230071456857e-05,3.132911026782481665e-05,3.051139364746449862e-05,3.039741469669576606e-05,3.166132995587287330e-05,3.081012328274037156e-05,3.057771632857173141e-05,3.026259994166110440e-05,3.163152572144851401e-05,3.085006485286604250e-05,3.050457276784639102e-05,3.197250151461446255e-05,3.138863606814254508e-05,3.109430035488311992e-05,3.081116399431340253e-05,3.236066726522221758e-05,3.218713988718722400e-05,3.207872761859657297e-05,3.367567177180435384e-05,3.385676250417493551e-05,3.396909434451927056e-05,3.554914043001935320e-05,3.604640795614245295e-05,3.637050273837608150e-05,3.680393897449056107e-05,3.821202827428941685e-05,3.899455444465154671e-05,3.952917754274985724e-05,4.067247778480630643e-05,4.139870808996308043e-05,4.186865981346315688e-05,4.233549421683402929e-05,4.295110883743309395e-05,4.331429288107398618e-05,4.350130635475956970e-05,4.362511361980753546e-05,4.362511361980753546e-05,4.352066172433831213e-05,4.337525095625537362e-05,4.304065405042691077e-05,4.244650617927910811e-05,4.204309145767147742e-05,4.165385592052671772e-05,4.099458066111473877e-05,3.988505670542953158e-05,3.947257627232446018e-05,3.879453105127480823e-05,3.742558437235524231e-05,3.715607790228312964e-05,3.701394910843617078e-05,3.668022970088015075e-05,3.513347095683575562e-05,3.522901223619878008e-05,3.524341639957359574e-05,3.366563881606540471e-05,3.399107910808234234e-05,3.438073192346455779e-05,3.283012896836939973e-05,3.332216557783757754e-05,3.381555021839143839e-05,3.462176067723660578e-05,3.311746424207022307e-05,3.363321300030960479e-05,3.462592774187054457e-05,3.319823413621565396e-05,3.364660998202265206e-05,3.399215893353130946e-05,3.502145141288239103e-05,3.367210899849688616e-05,3.385833728898576301e-05,3.482552606453865051e-05,3.355430396061474590e-05,3.354668237181661757e-05,3.341613605951521007e-05,3.415101313181412312e-05,3.297489799916380522e-05,3.265058278285586920e-05,3.320689405674916687e-05,3.211113918278055352e-05,3.161055921912028099e-05,3.197979350158440618e-05,3.096631953773434741e-05,3.031872529778926922e-05,2.960562674767129782e-05,2.970955938192180483e-05,2.882172230242068857e-05,2.801630848644118244e-05,2.797499456367933451e-05,2.717758751845113682e-05,2.631421714605522880e-05,2.543172857417143318e-05,2.521900233875424820e-05,2.455464186337241863e-05,2.365839386691404841e-05,2.336494394808126548e-05,2.278681785255742481e-05,2.189927426176780851e-05,2.154775892252435790e-05,2.105058189791070904e-05,2.018892691733516423e-05,1.934469089367425130e-05,1.894119178887268310e-05,1.855264418149697467e-05,1.775141774581677300e-05,1.733247021239860567e-05,1.700745328216986393e-05,1.625562717784337764e-05,1.552993405297995065e-05,1.510834205485056097e-05,1.486450556260109968e-05,1.419257057663533428e-05,1.377922887074482661e-05,1.358053391411117882e-05,1.296256116718535923e-05,1.237144050797539012e-05,1.198045668870987154e-05,1.183750399111473181e-05,1.129821020529210117e-05,1.092617198406385496e-05,1.081299565181529469e-05,1.032297074137983641e-05,9.971771996864045210e-06,9.883350615372806520e-06,9.439550934201773735e-06,9.018039854588217621e-06,8.700130830362722548e-06,8.641269741896639425e-06,8.260996423952516102e-06,7.965150073672682264e-06,7.921277979372196154e-06,7.578837599413283350e-06,7.254466690696487068e-06,6.991201851105484526e-06,6.964860862596491317e-06,6.673363268746505891e-06,6.430505993272308094e-06,6.412666286169280721e-06,6.150932911707467653e-06,5.927445024611297799e-06,5.916237593259431468e-06,5.681357008618428329e-06,5.459226678060382195e-06,5.262981100715376811e-06,5.259261309682623775e-06,5.059995401496361717e-06,4.880165980680403070e-06,4.879722879970680842e-06,4.700951664948278338e-06,4.531897210870225993e-06,4.374740982632256334e-06,4.377830055959788393e-06,4.226089478963150389e-06,4.082393747199277580e-06,4.086780389636304173e-06,3.950501468383481828e-06,3.821550355093962617e-06,3.824340711397287189e-06,3.701857165939922838e-06,3.585910431549640191e-06,3.471406054006526031e-06,3.477225242098143816e-06,3.372870102006611621e-06,3.268239538393275664e-06,3.273988768945765048e-06,3.179962716378956936e-06,3.090831892956008161e-06,2.999554146794775191e-06,3.004992636679174731e-06,2.924530081660891395e-06,2.841053590993609238e-06,2.846007975854495908e-06,2.773268789928394649e-06,2.704190377362941350e-06,2.631220962798130262e-06,2.635419269674713960e-06,2.572824666483007903e-06,2.505981131618844042e-06,2.509536888444644703e-06,2.452723951683392952e-06,2.391441583247207681e-06,2.394340859267621096e-06,2.342686303008308551e-06,2.293474642849334190e-06,2.239656245776685077e-06,2.241646648383111390e-06,2.196776680001418762e-06,2.147310276231868253e-06
1.796430162424754417e-06,1.795036504812569753e-06,1.832992119285707986e-06,1.879170788672305996e-06,1.877235304211391636e-06,1.918934631833984307e-06,1.962732057427233675e-06,2.015420414581081910e-06,2.012711058429916126e-06,2.060967699553949465e-06,2.118524810043543130e-06,2.115263737357502068e-06,2.168528268435922668e-06,2.231456288724026802e-06,2.227658659266030533e-06,2.286550976701467679e-06,2.348610834992484564e-06,2.420747344838674606e-06,2.416321997753361392e-06,2.485107010811573980e-06,2.564109263389041362e-06,2.559295649051721096e-06,2.635646899611320401e-06,2.716260704195476898e-06,2.807015884940946028e-06,2.801981690070475143e-06,2.891645665123843344e-06,2.991131300255225084e-06,2.986088240116208892e-06,3.085937398080084313e-06,3.195004271864446506e-06,3.305896767719773236e-06,3.301506154406427319e-06,3.419266150422944993e-06,3.544640064065097422e-06,3.541018569795364338e-06,3.672471522616803699e-06,3.809852513992101047e-06,3.807469045978544782e-06,3.954310212936963889e-06,4.109784430200229776e-06,4.267437119441324151e-06,4.268330833360946788e-06,4.442127078798423813e-06,4.614551602802211589e-06,4.618488785653909639e-06,4.812813540185082090e-06,5.018594995941296977e-06,5.215632926632846152e-06,5.226459559799724679e-06,5.456523400811992410e-06,5.671205160123748222e-06,5.688145871656755328e-06,5.945266943046144350e-06,6.178656450230736876e-06,6.203425805838681293e-06,6.490602690117957354e-06,6.794348716017990566e-06,7.057871100827669346e-06,7.098751971343776009e-06,7.437431699063966277e-06,7.721644008493183534e-06,7.776328079624167023e-06,8.153368868436622490e-06,8.551251061005801337e-06,8.867222107569015804e-06,8.949135250188761475e-06,9.390588231540420266e-06,9.726974495678536621e-06,9.831737893567396407e-06,1.032010852051292173e-05,1.067565273415474019e-05,1.080793649496608674e-05,1.134625565001042947e-05,1.191074274461643775e-05,1.229066048805890325e-05,1.247456938038749328e-05,1.309228452358654646e-05,1.348324750580956507e-05,1.370905576327392569e-05,1.438088352426586562e-05,1.507960583924511875e-05,1.547517937694640539e-05,1.577654961177978290e-05,1.652730938434290211e-05,1.691463241608006290e-05,1.727527751921470749e-05,1.807364637188565323e-05,1.889273867603725641e-05,1.924353677701874015e-05,1.970588591003173367e-05,2.055913872424437969e-05,2.086532987139481856e-05,2.140371927543137216e-05,2.227676300164548891e-05,2.251834343231831672e-05,2.313808324869541725e-05,2.401143201512560225e-05,2.487409887730609193e-05,2.497349064288396993e-05,2.571970276925136781e-05,2.654247740881746618e-05,2.651730441824738861e-05,2.735079592722551922e-05,2.810228528177733371e-05,2.879964734607145141e-05,2.854017288848761553e-05,2.949790061025256869e-05,3.007064349630600669e-05,2.964023285458819868e-05,3.068373985731890101e-05,3.110209434296363205e-05,3.050346656524526262e-05,3.163596097802835836e-05,3.188050866041421057e-05,3.201087597195324472e-05,3.118417503176991240e-05,3.243380327485383889e-05,3.238450927645863096e-05,3.148723551072283346e-05,3.284016681303412023e-05,3.264114333498971881e-05,3.234001766602533209e-05,3.145748369695503481e-05,3.293271915389370545e-05,3.256553172851618194e-05,3.185420342309428421e-05,3.344074825107496969e-05,3.309317108814467868e-05,3.273971848430193998e-05,3.242838041802627850e-05,3.410065405563688935e-05,3.390672700657418082e-05,3.397947829050789484e-05,3.568960487319058732e-05,3.571750337288774873e-05,3.616311921310707043e-05,3.782949879702552688e-05,3.808564054111840213e-05,3.846327129811592463e-05,3.930010440275930544e-05,4.073123492062097448e-05,4.123913815582382682e-05,4.209644128558090323e-05,4.319518332491085040e-05,4.365937559961467323e-05,4.413211816058093279e-05,4.468898046876260588e-05,4.516885160845850091e-05,4.536156803483612932e-05,4.544042170717158219e-05,4.544042170717158219e-05,4.538318636547758413e-05,4.523707664397048819e-05,4.477852568175642270e-05,4.425677846071821421e-05,4.385595336269780683e-05,4.348359420697187229e-05,4.241854416188933557e-05,4.164224297355274823e-05,4.127323638290363072e-05,3.988260717974469682e-05,3.916813047698890194e-05,3.897561945284346339e-05,3.892390819154993180e-05,3.729420848396786798e-05,3.703171160780774601e-05,3.723434196232201462e-05,3.554722291827713674e-05,3.568769500697214521e-05,3.611843170572581638e-05,3.444844507626884233e-05,3.498992771554565359e-05,3.556685868389575521e-05,3.612492858999076403e-05,3.450346258753559671e-05,3.544383557897655391e-05,3.598609730151297451e-05,3.445188584395659836e-05,3.554745574227265262e-05,3.598035054101212223e-05,3.628821480944453978e-05,3.484736250005049862e-05,3.591841507326838981e-05,3.603098882556146328e-05,3.468062975555079427e-05,3.564967555767288251e-05,3.554030108561764844e-05,3.529757219540092850e-05,3.405524307973019127e-05,3.474829700211751372e-05,3.429837954952879881e-05,3.314501414326669217e-05,3.364043612859237038e-05,3.300980048478079830e-05,3.194606730535948935e-05,3.224462780516047669e-05,3.147001150830636086e-05,3.063384352327162071e-05,2.970510196813209303e-05,2.973786922377811599e-05,2.882023243159573120e-05,2.798811681756678286e-05,2.788052650151656264e-05,2.691769186269429186e-05,2.594286541292176130e-05,2.525219953980269199e-05,2.498527158096979864e-05,2.401094053132506892e-05,2.341164243771435468e-05,2.307259483429222686e-05,2.212073027818998923e-05,2.160692664804313501e-05,2.121819622364447258e-05,2.030488196777291386e-05,1.941486058831619655e-05,1.901532047035007597e-05,1.858594151572545591e-05,1.774941204807289007e-05,1.741639564931323915e-05,1.697784730926045742e-05,1.619965548066014567e-05,1.545158286991495314e-05,1.520319826020554484e-05,1.476974156511980023e-05,1.408218980127813025e-05,1.388061173604763368e-05,1.345936455731010333e-05,1.283125686088992677e-05,1.223238782072878741e-05,1.208834788367539030e-05,1.169407897683242878e-05,1.115089673119712017e-05,1.103740008439729262e-05,1.066429198102366709e-05,1.017336053804406316e-05,1.008514030795937578e-05,9.734572439569260790e-06,9.292117909730122918e-06,8.872897728332490515e-06,8.814723715573262810e-06,8.499273066749799080e-06,8.122680900875583809e-06,8.079620611466492407e-06,7.787000340316921728e-06,7.449198807213633766e-06,7.129846776451702521e-06,7.104378676360588121e-06,6.845064689890212179e-06,6.559052494837075500e-06,6.542026306468691842e-06,6.303348451454617789e-06,6.047332849704112806e-06,6.036845084372105826e-06,5.817629847520140443e-06,5.588521287056349476e-06,5.372153743713505421e-06,5.369000687214860308e-06,5.176987249213331558e-06,4.983349344325384803e-06,4.983343307741357831e-06,4.807624502914320905e-06,4.634266169678349120e-06,4.470502348210891149e-06,4.473851861360361092e-06,4.320538691801025748e-06,4.173796590084595169e-06,4.178321321985998896e-06,4.038255867956386641e-06,3.906657247366846405e-06,3.911852640172061952e-06,3.787827579176961445e-06,3.665790828209134014e-06,3.554026468864608101e-06,3.559728631497938671e-06,3.448267732864560102e-06,3.347761913212716403e-06,3.353307273696465809e-06,3.251486705918431967e-06,3.160985024331849072e-06,3.075217467084848721e-06,3.080345783786877224e-06,2.991530066616785333e-06,2.914125017531385470e-06,2.918708623425004442e-06,2.837480191986449673e-06,2.767509502910403430e-06,2.701057143310455290e-06,2.704812386112208742e-06,2.633781565052160318e-06,2.573551063212144753e-06,2.576625649769068439e-06,2.511536578934006214e-06,2.456844763279168283e-06,2.459232683106942327e-06,2.399533362102088818e-06,2.349775755592633982e-06,2.302350313651449483e-06,2.303795045953571476e-06,2.251316939177893521e-06,2.208036153995153637e-06,2.208826855723599958e-06
1.801599211575623933e-06,1.838351392291329267e-06,1.843683446968390437e-06,1.882125945407926978e-06,1.922447747011022962e-06,1.920773183497490527e-06,1.969719570884908462e-06,2.014045191165961532e-06,2.060613536662562078e-06,2.065220544983446466e-06,2.114041130093070199e-06,2.165384511762802175e-06,2.169580300418563931e-06,2.223451465485124980e-06,2.280162067030406721e-06,2.276422648385069988e-06,2.343426440441330494e-06,2.406174040284828166e-06,2.472319760343631660e-06,2.475268451207357743e-06,2.544810388398289039e-06,2.618180640203183989e-06,2.613202239783189529e-06,2.697644243072901472e-06,2.779150326366963491e-06,2.865241739336925574e-06,2.866455319179582651e-06,2.957125987373162441e-06,3.052963579492622452e-06,3.053255781037794246e-06,3.154251191901534962e-06,3.261067968057827209e-06,3.374070234594152782e-06,3.372945383102852582e-06,3.492128667336486279e-06,3.618276473569880209e-06,3.615935663229854946e-06,3.749043468039853899e-06,3.889987814698890351e-06,3.886640895753483232e-06,4.035068499986019084e-06,4.192656216579328285e-06,4.359589219558385833e-06,4.353853457553769792e-06,4.530143741800398917e-06,4.716918946636230596e-06,4.719562529210777808e-06,4.906756241586832210e-06,5.115779119336621442e-06,5.337228412911432497e-06,5.327273667392117907e-06,5.561193954505506821e-06,5.808982615261992297e-06,5.796973893467193510e-06,6.058690462936595279e-06,6.335838452207305925e-06,6.359284482672530261e-06,6.614302819261332207e-06,6.924067545218198887e-06,7.251819740157331074e-06,7.234555857489274617e-06,7.580407301788479675e-06,7.946054709165057883e-06,8.000299821275016739e-06,8.311992907951860893e-06,8.719219387174065707e-06,9.149023265200157269e-06,9.126238367069321937e-06,9.578765010733248901e-06,1.005568101846622185e-05,1.003064769579323963e-05,1.053209470029581458e-05,1.105960509370614395e-05,1.119574464488542130e-05,1.158622225847919299e-05,1.216738287407197079e-05,1.277653964214544234e-05,1.274729101227739474e-05,1.338441598069059874e-05,1.405019449944419193e-05,1.428708640171578613e-05,1.471416068678798923e-05,1.543691450906110874e-05,1.618765846039508128e-05,1.615713857942905791e-05,1.693520869323288425e-05,1.773929127032589299e-05,1.812376584373787231e-05,1.853869018950171958e-05,1.938999632035806375e-05,2.026089766984310374e-05,2.023451711194572489e-05,2.112291687695487172e-05,2.202375201044286200e-05,2.200179789251877757e-05,2.291230328082715227e-05,2.382524066942708185e-05,2.449783934308644097e-05,2.472243034230284052e-05,2.562386261291922716e-05,2.650648626194220415e-05,2.650769215908802573e-05,2.736822982268897908e-05,2.819241402999815254e-05,2.910453668951595336e-05,2.900127107712215704e-05,2.973084689894212054e-05,3.039188116624022871e-05,3.046528690687525193e-05,3.106460963531683031e-05,3.157435196968885397e-05,3.171461747512498093e-05,3.215315631500683888e-05,3.248405796294090046e-05,3.372597588122383224e-05,3.298791254312072676e-05,3.312767425699870717e-05,3.314238714620320009e-05,3.360679991101507384e-05,3.356500168041495703e-05,3.340209972186100059e-05,3.487463359862737265e-05,3.391463465286846755e-05,3.362370885071806558e-05,3.324192014751976533e-05,3.434544001105931712e-05,3.400157987165256201e-05,3.360797104541079301e-05,3.530827940673461434e-05,3.474409490462164858e-05,3.443947976381321081e-05,3.416743582051814270e-05,3.602253945290599218e-05,3.589703647208647837e-05,3.585675343459349964e-05,3.790975981151722371e-05,3.801538898993705735e-05,3.823983577093328646e-05,3.996023185520637016e-05,4.064522162694648517e-05,4.108739708513374413e-05,4.164632850793952034e-05,4.342683923701460007e-05,4.395084986097544849e-05,4.453367054009346379e-05,4.557062943495246844e-05,4.623509529114561395e-05,4.663098698450193882e-05,4.699023135154785266e-05,4.737056218773190956e-05,4.742370232671103993e-05,4.742370232671103993e-05,4.741721105202006839e-05,4.703688021583599793e-05,4.673149139239075731e-05,4.640324890650126817e-05,4.579280135088055487e-05,4.478870374055860372e-05,4.431590135674474756e-05,4.392722626904947144e-05,4.214671553997439849e-05,4.174884987181091392e-05,4.149221715383931864e-05,4.097098136899891840e-05,3.929413212323384225e-05,3.929483217339472157e-05,3.942740947322371370e-05,3.737440309629999640e-05,3.766063130985116547e-05,3.803429655081149038e-05,3.617919291842368833e-05,3.669619760091559268e-05,3.723751121085202735e-05,3.805668580262335204e-05,3.632531605442009800e-05,3.692626259837410147e-05,3.745780838372474376e-05,3.635428862954936306e-05,3.690183220310859437e-05,3.733506520008606720e-05,3.850606456390160895e-05,3.694058877215989392e-05,3.719712443013339573e-05,3.730851437844866464e-05,3.684414431608718551e-05,3.687584879537169106e-05,3.676051742722762447e-05,3.762254847986371312e-05,3.626085829369311158e-05,3.591517528136038039e-05,3.544486831423332890e-05,3.530530699498469902e-05,3.474889270238055696e-05,3.408969708417984026e-05,3.401773826216563697e-05,3.328579184313921921e-05,3.247575749413939130e-05,3.259780705655996165e-05,3.158145169005114705e-05,3.066303791143371152e-05,2.970347560891472942e-05,2.970640966183977312e-05,2.872164257491460507e-05,2.771571253835641027e-05,2.746808004881614600e-05,2.671853345869091472e-05,2.569977744660714868e-05,2.468383257669683569e-05,2.471270066232075847e-05,2.370780013295001383e-05,2.271694175986193194e-05,2.275109369121577893e-05,2.178004516720253309e-05,2.083103947879207614e-05,2.037102505985749447e-05,1.994518923491586345e-05,1.904928076946579602e-05,1.818255057010608012e-05,1.822177040653914174e-05,1.738568089999444177e-05,1.658094228089495721e-05,1.610745573498488257e-05,1.584701132938907947e-05,1.510600283383551614e-05,1.439703928158773250e-05,1.443460101811978648e-05,1.375682668477592873e-05,1.311033264715637670e-05,1.267738283149796223e-05,1.252928849003262349e-05,1.194260247925441313e-05,1.138500575420115398e-05,1.141715241222427431e-05,1.088680377092581761e-05,1.038365757972228931e-05,1.041291683470099657e-05,9.934976052023421851e-06,9.482201893842179889e-06,9.136332131357869588e-06,9.078772662537369078e-06,8.672193402774306011e-06,8.287663563722788817e-06,8.309832976082455924e-06,7.945324386030033379e-06,7.600842026773132622e-06,7.317571498112171501e-06,7.293627275538018260e-06,6.985318348074792924e-06,6.694179245079828826e-06,6.709600242523969418e-06,6.433834075079156254e-06,6.173493642102024983e-06,6.186277026340980580e-06,5.939692355189125911e-06,5.706925780519644835e-06,5.498514719113358935e-06,5.496771713207981131e-06,5.288634841973533223e-06,5.092151932605778317e-06,5.099517510100707386e-06,4.913340380260202994e-06,4.737548728927731159e-06,4.571937834754349788e-06,4.576293151440270739e-06,4.418910334098661294e-06,4.270233411348665411e-06,4.273239362423022941e-06,4.132220001704156313e-06,3.998937210627433764e-06,4.000381688418286383e-06,3.873898609211386194e-06,3.754286508549792961e-06,3.641139726461240850e-06,3.640764495912392126e-06,3.533289441636144018e-06,3.431553042179474016e-06,3.429994623896081090e-06,3.333294349360457900e-06,3.241687169307815756e-06,3.146748306888472744e-06,3.151954047665408245e-06,3.069340611544066229e-06,2.990979396657343775e-06,2.987192835944500516e-06,2.912567760191155657e-06,2.841717806537928437e-06,2.766068738111280191e-06,2.769650071312814106e-06,2.705476585686971094e-06,2.644458076974319777e-06,2.639070055910889670e-06,2.580835011108717925e-06,2.525404030827998849e-06,2.519487942123617963e-06,2.466539000524701794e-06,2.416083786981930027e-06,2.360433630348008681e-06,2.361481431804480814e-06,2.315461330745806385e-06,2.271531826154129734e-06,2.264684669333702893e-06,2.222621800275932839e-06
1.809459118297431736e-06,1.851281892795351151e-06,1.888544279039476824e-06,1.887961746563963755e-06,1.926761865034414067e-06,1.974380957205748914e-06,1.973208762474490739e-06,2.015821433192987528e-06,2.067796034885473566e-06,2.114949763920813391e-06,2.112902916128140961e-06,2.169695452341409096e-06,2.221665456666606772e-06,2.218983395266232900e-06,2.273413967092922973e-06,2.338491982905178862e-06,2.335172291609625776e-06,2.395380072210822367e-06,2.466672145909835884e-06,2.533586167320978566e-06,2.529451429270175536e-06,2.599849055339073896e-06,2.681831940573705285e-06,2.677158433120995962e-06,2.755382283830679405e-06,2.845364023189492644e-06,2.932456214247894005e-06,2.927300045071162168e-06,3.026111909447150837e-06,3.123080086827160474e-06,3.117709693981329314e-06,3.220396992421853542e-06,3.334364534929569204e-06,3.448753424559615128e-06,3.443700169497737137e-06,3.568938807861645213e-06,3.696688042738908915e-06,3.692150669692085292e-06,3.828084920366875557e-06,3.972576143995258895e-06,3.969009981460836031e-06,4.121257180792153610e-06,4.279963019720432330e-06,4.449276056006899376e-06,4.448611056717908216e-06,4.629630025218110636e-06,4.812408870500469485e-06,4.814535911820872925e-06,5.017604968676081641e-06,5.217956031741778213e-06,5.443056734416221397e-06,5.451815590162694761e-06,5.671126267278749541e-06,5.923259543220766424e-06,5.938026553571702153e-06,6.209289477286966972e-06,6.459993325499549767e-06,6.482602266686426131e-06,6.786849930720230036e-06,7.059818145733861521e-06,7.394350440939799668e-06,7.433512925625972005e-06,7.794816902727061747e-06,8.103536675590407114e-06,8.157092472325458025e-06,8.561260361017860728e-06,8.894341912312966084e-06,9.334665926367628419e-06,9.417179403822328545e-06,9.774706206607730521e-06,1.026408264783788410e-05,1.037122508337253647e-05,1.090165551642550970e-05,1.129479610328881684e-05,1.143196144194208971e-05,1.201988957245035786e-05,1.243401764732717076e-05,1.306188552277142174e-05,1.325627510645605158e-05,1.393680761617351704e-05,1.437531892355647562e-05,1.461674064338191816e-05,1.536122610282650216e-05,1.580803858661818930e-05,1.658558124372039210e-05,1.691302882751782191e-05,1.775237716645209794e-05,1.819345616073000154e-05,1.858918996032235855e-05,1.948688562640494770e-05,1.990735346259351867e-05,2.081368377274576961e-05,2.132800186400046985e-05,2.171009460962144448e-05,2.264923016485053677e-05,2.325310500115447849e-05,2.424724960004173929e-05,2.452827769904208224e-05,2.522865912514455996e-05,2.622680284562552391e-05,2.640728957006502890e-05,2.733045565572101061e-05,2.818190832093235459e-05,2.912443529606339990e-05,2.909484179221930410e-05,3.005110495928733563e-05,3.091054334837882282e-05,3.070707792589883638e-05,3.139872235150535261e-05,3.250439415170073139e-05,3.210841107874644660e-05,3.264183254462237532e-05,3.385117971277339495e-05,3.431215862076489884e-05,3.360730011689247042e-05,3.492467056395424403e-05,3.517799811262500620e-05,3.431009996766565094e-05,3.433129783763756926e-05,3.578939905085317866e-05,3.569490162989289903e-05,3.466906465918233532e-05,3.625134790291533431e-05,3.598862623706385511e-05,3.501211414143985332e-05,3.464769885282853457e-05,3.636916948475115444e-05,3.593538212824892546e-05,3.521547130983310794e-05,3.705772489174249880e-05,3.667701292337743711e-05,3.631981297421939996e-05,3.611686172540605629e-05,3.802770930742570873e-05,3.810091860658030617e-05,3.814729611504997348e-05,4.005883356024854386e-05,4.018855094769166605e-05,4.085449144146653357e-05,4.265066657578359035e-05,4.302608132617563634e-05,4.392331955130029643e-05,4.452689843327172165e-05,4.594217733303429909e-05,4.651032510687513693e-05,4.736811446461535553e-05,4.830341029328554057e-05,4.870046735943181965e-05,4.915156269446950787e-05,4.938083512544390135e-05,4.953560894528963218e-05,4.953560894528963218e-05,4.940503601834971920e-05,4.922810776103352576e-05,4.881356961412661340e-05,4.849338354285056716e-05,4.759028638054344195e-05,4.679948684208676252e-05,4.635716566238997814e-05,4.498484203875449314e-05,4.453961284774381364e-05,4.377931083964591545e-05,4.361448308669895255e-05,4.186524095525908859e-05,4.138637644899351202e-05,4.150917251765243128e-05,3.963355006559024296e-05,3.984280157085170213e-05,4.001474891777902237e-05,3.811849974053623506e-05,3.857942355417770411e-05,3.920066969195888792e-05,3.983470261843939403e-05,3.796387770604821760e-05,3.894895271282089320e-05,3.959861856530381220e-05,3.781884525209810733e-05,3.836167245224992412e-05,3.957641033761917087e-05,3.997822377838111571e-05,3.830049932664700843e-05,3.953330314646065458e-05,3.971199835244154918e-05,3.814147559840719374e-05,3.817206312624788107e-05,3.919093235994204849e-05,3.894664702803854494e-05,3.750412361994455440e-05,3.832196522786549084e-05,3.782905516410031796e-05,3.649379415868790562e-05,3.591254787327574985e-05,3.636985662685867765e-05,3.514248754361689795e-05,3.437716252198135967e-05,3.461324602773942953e-05,3.365732868721757991e-05,3.259205641206042300e-05,3.263067108935567383e-05,3.157967416236584230e-05,3.063040202346426562e-05,2.960059138668195964e-05,2.940276937974872369e-05,2.828883525035902070e-05,2.750854022307404003e-05,2.719815173646157722e-05,2.608889600836773948e-05,2.541700344839639166e-05,2.436960901002793077e-05,2.394643433452868430e-05,2.337523003707783878e-05,2.236492619439759631e-05,2.189906643657580951e-05,2.089860675383458616e-05,2.046059896429060459e-05,1.997183336271075768e-05,1.903688322690238712e-05,1.867547102492867262e-05,1.780977702034450884e-05,1.731460887442183596e-05,1.648589969197091304e-05,1.622076721264546859e-05,1.573475868099782232e-05,1.497752149310279433e-05,1.476486726152025993e-05,1.406645820521248820e-05,1.360741742033942688e-05,1.295354394869634358e-05,1.280458028327107672e-05,1.236870317328667853e-05,1.177888049613550026e-05,1.166316966102066204e-05,1.111907403595740973e-05,1.072256122934958777e-05,1.063402717199160596e-05,1.014446529073725928e-05,9.774911976913439092e-06,9.325570225875522062e-06,9.268903722158945783e-06,8.926211798572257153e-06,8.524462189596413084e-06,8.483492323804206500e-06,8.111454645901561414e-06,7.808253549892197815e-06,7.469870778374191974e-06,7.446896736353581017e-06,7.168237061342866136e-06,6.866413945207704440e-06,6.851837788481943588e-06,6.571196746299055703e-06,6.327208741747867844e-06,6.319001578349321878e-06,6.068294010630819389e-06,5.845203936817560695e-06,5.618960256218148828e-06,5.617743327506179857e-06,5.414025170755930951e-06,5.212179880831984254e-06,5.213794484773861010e-06,5.024876051699748743e-06,4.847752287137691790e-06,4.677778291955834803e-06,4.682291564554839976e-06,4.520843519486975317e-06,4.368905129215542862e-06,4.374274182147261267e-06,4.231359858182793648e-06,4.091189391316426154e-06,4.096929450925484718e-06,3.968784941725853367e-06,3.841051431281198901e-06,3.725897544350929313e-06,3.731753508030495636e-06,3.622897332422335001e-06,3.511924062513728058e-06,3.517385569898610947e-06,3.419446545285195567e-06,3.318225171826615841e-06,3.230134225570905031e-06,3.234879121801761690e-06,3.142496660151349689e-06,3.063056950022125620e-06,3.067086635083565034e-06,2.991480851310011690e-06,2.910937983393483843e-06,2.842783388931306800e-06,2.845775060146400416e-06,2.772107791111696639e-06,2.710343858572437758e-06,2.712543457043790606e-06,2.653488679637841007e-06,2.589008974443350019e-06,2.590431304895117586e-06,2.536710752418726327e-06,2.477570729308527748e-06,2.428902514889832422e-06,2.429274040959982287e-06,2.374965601060427934e-06,2.330523727791457587e-06,2.330192387224371152e-06,2.287448045098665376e-06,2.239582990865502118e-06
1.826337482766916553e-06,1.860675922490615393e-06,1.896609967963279776e-06,1.934238699485631021e-06,1.940977670483023740e-06,1.980333423561175555e-06,2.021596259566519702e-06,2.028097181860720100e-06,2.071295094082075550e-06,2.116641163072873755e-06,2.171874077355178912e-06,2.170363221714323529e-06,2.220302454106856122e-06,2.272818083481792473e-06,2.278523984208781813e-06,2.333635535205597588e-06,2.391655194259462497e-06,2.396898101227964170e-06,2.457839888975647550e-06,2.522066448422842034e-06,2.589790156443797448e-06,2.594279181197181284e-06,2.665511068785654458e-06,2.740696322236296645e-06,2.744504003499807415e-06,2.823648043519980242e-06,2.907263068204285249e-06,3.003237621915964373e-06,2.998363279863076862e-06,3.091506929200316943e-06,3.190038093524452269e-06,3.191799990498228429e-06,3.295718484696748319e-06,3.405732533637411372e-06,3.527480850718510407e-06,3.522497792325741959e-06,3.645499089471239214e-06,3.775843687160018177e-06,3.774793278145963491e-06,3.912482344387394467e-06,4.058474212876366787e-06,4.055943938849251676e-06,4.210239312514826022e-06,4.373916317628131219e-06,4.547573186253177532e-06,4.542785362434854850e-06,4.726437124765784448e-06,4.921347563301662797e-06,4.914641573438512619e-06,5.120831699422697457e-06,5.339704821615739068e-06,5.554357010468208725e-06,5.562468377010856905e-06,5.808315769155899661e-06,6.069282916633400999e-06,6.057329316952100236e-06,6.333478562612189208e-06,6.626562374414406101e-06,6.612041639761984410e-06,6.922141504172122144e-06,7.251145366704970641e-06,7.600099751611805894e-06,7.581905266569481037e-06,7.950932993831432411e-06,8.342081294222302362e-06,8.320993609143992678e-06,8.734409569955841162e-06,9.172210702746619838e-06,9.528337129174451739e-06,9.610534347981121556e-06,1.009957914275727263e-05,1.061644520887119816e-05,1.058855403342889868e-05,1.113341895588482442e-05,1.170828643618140282e-05,1.167770565720632505e-05,1.228273613681085781e-05,1.291969887630607948e-05,1.358937540991130064e-05,1.355577230448825117e-05,1.425818169719876487e-05,1.499444488206703157e-05,1.495924501681193073e-05,1.572921417558905251e-05,1.653328476637024971e-05,1.737106674641533400e-05,1.733506197558059119e-05,1.820587206413753267e-05,1.910851238234781747e-05,1.907324202551848757e-05,2.000651613444284755e-05,2.096768024514584068e-05,2.138956735024154975e-05,2.192183732877841205e-05,2.293030583065117759e-05,2.395542247756106988e-05,2.392862391079956228e-05,2.496713798025620155e-05,2.601050823680812793e-05,2.599199345496746970e-05,2.703633559044388545e-05,2.806972972757170224e-05,2.908228395997952345e-05,2.908334495042144005e-05,3.007104196965552456e-05,3.101629877738693475e-05,3.104356535594395911e-05,3.194478036476413197e-05,3.277811221008994439e-05,3.245559753257468274e-05,3.362048576430749482e-05,3.429788217125702421e-05,3.486673183955173633e-05,3.504346057237894444e-05,3.552777386436996516e-05,3.588150532472246626e-05,3.619229130996452196e-05,3.646218023607236832e-05,3.658808011538879952e-05,3.656376631755643052e-05,3.715600364005297530e-05,3.707015922924680149e-05,3.684186288532269874e-05,3.773313296322351322e-05,3.748483245446240715e-05,3.712047598186346515e-05,3.665816728658686602e-05,3.804648920961585903e-05,3.764453920033852016e-05,3.720043703626727249e-05,3.898647158884807314e-05,3.866034617535397266e-05,3.835848025067498335e-05,3.828281730317704452e-05,4.034327874806142687e-05,4.028307857172778517e-05,4.034675064514616920e-05,4.271629882787656275e-05,4.293438843685506800e-05,4.330236607811897658e-05,4.558032917811078875e-05,4.601663873833135900e-05,4.657901068145105353e-05,4.725181231037387148e-05,4.897440982725751417e-05,4.951818467985488037e-05,5.008640608754356407e-05,5.109957652060657029e-05,5.138342617257841391e-05,5.161968348224804746e-05,5.176895767307223526e-05,5.179611460471552552e-05,5.164684041389133772e-05,5.146952784036693310e-05,5.125806681273540081e-05,5.024489637967240137e-05,4.977004784033318236e-05,4.934627064298249691e-05,4.762367312609884745e-05,4.710086856796187024e-05,4.671949621594529133e-05,4.649393114665232695e-05,4.421596804666051478e-05,4.408523137060409484e-05,4.412601821462562622e-05,4.175647003189522589e-05,4.196728117972801984e-05,4.231084746553612143e-05,4.026985691353035139e-05,4.061134018125859771e-05,4.119364497663699617e-05,4.178910056645913419e-05,4.000306601403255452e-05,4.069990756152081299e-05,4.133346153636198390e-05,3.994513965092645440e-05,4.061438980528473823e-05,4.115852465171947026e-05,4.155791995087267728e-05,4.066665364124753232e-05,4.101673912254107964e-05,4.119522120502744773e-05,4.060301949365401633e-05,4.069166210664445479e-05,4.060311263876005154e-05,4.034534937901814881e-05,4.003483439548428209e-05,3.967017592195972337e-05,3.915402642286534515e-05,3.897806904976919680e-05,3.835906255382655599e-05,3.761534268388168296e-05,3.632289862472668233e-05,3.669485271210672653e-05,3.577017306923706058e-05,3.476815437314794175e-05,3.474431260908638789e-05,3.369124461185137015e-05,3.259011118832908356e-05,3.259404197582366870e-05,3.146450322718523932e-05,3.031151233972097686e-05,2.914623320604706210e-05,2.917179830986570458e-05,2.800772538854005522e-05,2.684920054456838855e-05,2.688435666015703775e-05,2.574109418303233092e-05,2.461661187545989221e-05,2.402577506162091291e-05,2.355871882789495052e-05,2.248756094757283945e-05,2.144772902217462866e-05,2.149309826247593758e-05,2.048769047150834704e-05,1.951796795919022461e-05,1.956422996387928307e-05,1.863150302788854721e-05,1.773651528124275815e-05,1.687968745401759621e-05,1.692489523049106248e-05,1.610569302333697217e-05,1.532433109664695371e-05,1.536748429926437480e-05,1.462258390004955568e-05,1.391421494057014476e-05,1.324149356318312919e-05,1.328076419714891052e-05,1.264155893632995525e-05,1.203582081649681208e-05,1.207163735222337332e-05,1.149696240348118617e-05,1.095330052476051151e-05,1.086530443456763126e-05,1.047024234073736166e-05,9.983512334873633444e-06,9.523942096272807939e-06,9.551021845653438544e-06,9.116080018274853714e-06,8.705763641174814335e-06,8.729128085807006526e-06,8.340991028879917642e-06,7.975054357672996068e-06,7.630148186658746099e-06,7.648794984904831037e-06,7.322663573539795566e-06,7.015365179259527289e-06,7.030715391633428930e-06,6.740156417078175262e-06,6.466407380870021975e-06,6.458887283695903462e-06,6.219839568683520545e-06,5.975943590831084774e-06,5.746141859951236041e-06,5.754753355333767230e-06,5.537368962921780619e-06,5.332493897926024244e-06,5.338642180811035872e-06,5.144766494510879523e-06,4.961977960591141519e-06,4.789609760627066639e-06,4.792859011452807677e-06,4.629622599823336385e-06,4.475607744256790858e-06,4.476956626757145465e-06,4.331018311258326997e-06,4.193235841463685139e-06,4.198776334358988079e-06,4.062263530305517691e-06,3.938834754493806609e-06,3.822175206042852738e-06,3.819912666438226518e-06,3.709176572206654153e-06,3.604424111271942960e-06,3.609439284826890401e-06,3.501417375584484580e-06,3.407197413256455321e-06,3.317943387885441207e-06,3.313053754842925945e-06,3.228154779499902576e-06,3.147647916487431366e-06,3.141883336354855187e-06,3.065238256425473719e-06,2.992479638614165144e-06,2.923371238500917387e-06,2.916638560690489255e-06,2.850748943994795156e-06,2.788092266441757899e-06,2.780765035299969122e-06,2.720970595024030358e-06,2.664041662182821015e-06,2.664736777937432094e-06,2.601838646796905983e-06,2.550000262747881005e-06,2.500552480701350722e-06,2.492204322791924822e-06,2.444895517870374872e-06,2.399710394988451754e-06,2.391056546890088044e-06,2.347783266001819280e-06,2.306398500694328701e-06,2.266792099309022476e-06
1.871514288244869123e-06,1.872792889408701048e-06,1.907486179164652934e-06,1.950656401542875214e-06,1.988867657550980128e-06,1.989311447987469182e-06,2.036351269591723920e-06,2.078226697048809881e-06,2.078042327051199504e-06,2.129370070393011380e-06,2.175363192841931960e-06,2.223656305594666030e-06,2.222506175034745671e-06,2.281214911656953940e-06,2.334436929958014236e-06,2.332574447137603963e-06,2.396847955232015101e-06,2.455625425342902284e-06,2.453028638744287823e-06,2.514645558581826417e-06,2.588520516860240904e-06,2.657096624704481510e-06,2.653496314929894852e-06,2.734600146144286493e-06,2.810719161131650505e-06,2.806426247328052852e-06,2.895546524910373490e-06,2.980193696393645718e-06,3.069660898680575146e-06,3.064607005237758501e-06,3.167569691222738985e-06,3.267324382072557449e-06,3.261834632239043815e-06,3.375178581142020756e-06,3.486578921996965277e-06,3.604571108037276212e-06,3.599023348496624064e-06,3.730257605511495609e-06,3.862310683081192511e-06,3.856989765641127408e-06,4.001576099896096225e-06,4.149548502874114929e-06,4.144886144458025908e-06,4.302685637662487972e-06,4.470169506787418894e-06,4.646348031723145216e-06,4.644121857770016600e-06,4.828562285071571859e-06,5.026448047492177146e-06,5.026688652543199266e-06,5.229670788380317373e-06,5.452072485507492059e-06,5.688283182770248147e-06,5.694769603679685543e-06,5.929094645231249805e-06,6.194683479087916151e-06,6.206972710342638734e-06,6.464058284483063263e-06,6.762669454401387748e-06,6.782708271485962621e-06,7.105031567655617479e-06,7.399832947289672614e-06,7.756080328991552813e-06,7.792971986597236570e-06,8.114464471669495220e-06,8.514351466415873777e-06,8.566142964499219646e-06,8.915509515024632055e-06,9.363772946856264697e-06,9.838608259667529424e-06,9.921051380089431431e-06,1.031401662904331295e-05,1.084460152059018366e-05,1.095350266818204196e-05,1.137498012405523655e-05,1.196615972996673969e-05,1.210774642407810065e-05,1.275089967094774097e-05,1.321268758084085891e-05,1.390339047669277249e-05,1.410838608315320106e-05,1.459251470127864283e-05,1.535341699201631221e-05,1.561125092253758681e-05,1.643850644668435107e-05,1.694466517205785492e-05,1.781323062117895348e-05,1.816923148542566816e-05,1.867781793060274839e-05,1.961559817131365387e-05,2.005054091431846629e-05,2.054765525755191440e-05,2.154832885770533024e-05,2.257592976647193616e-05,2.314980123911128805e-05,2.359290387304462493e-05,2.466331887008140907e-05,2.534328075494457594e-05,2.571907923184875211e-05,2.681044779863217875e-05,2.760565025246825864e-05,2.875294787082897488e-05,2.896561071456942534e-05,3.002672779795751394e-05,3.100370060558057047e-05,3.106341716537957588e-05,3.205473917974773342e-05,3.315852857347381883e-05,3.303068971427707224e-05,3.390493905711612410e-05,3.469207435556839351e-05,3.597685092138339970e-05,3.550557152183102710e-05,3.610194572645875977e-05,3.751287340944061977e-05,3.681103515196753581e-05,3.718362507891488427e-05,3.872644425420558817e-05,3.898289293910097038e-05,3.796339846692380624e-05,3.794592017281324083e-05,3.965794781798052401e-05,3.854418678932874411e-05,3.832554161172010965e-05,4.018624416554959978e-05,3.984013247245571219e-05,3.876419692192432719e-05,3.832656948859022888e-05,4.034160733625950936e-05,3.952634748555300056e-05,3.913231025249630545e-05,4.127195441997200131e-05,4.085993265659304481e-05,4.063518692291424666e-05,4.048782846602691472e-05,4.265991190729215662e-05,4.294700270849469761e-05,4.311507607869699522e-05,4.522492842049603330e-05,4.595050448127507858e-05,4.640701878119626850e-05,4.829281160644927420e-05,4.879657969816400878e-05,4.983677685239622229e-05,5.052050388531549585e-05,5.182273279686116162e-05,5.264158124258959469e-05,5.312185883527010806e-05,5.376739887103380616e-05,5.405275498513375403e-05,5.411600308255863759e-05,5.411600308255863759e-05,5.411160922564762224e-05,5.386451511698454035e-05,5.324949358243218040e-05,5.285685926704250509e-05,5.210917851637659966e-05,5.084940954155165935e-05,5.031005184053671678e-05,4.939321751604092484e-05,4.909689565436207661e-05,4.726729509711350671e-05,4.705024611951697032e-05,4.653874320696088591e-05,4.447932160342187751e-05,4.459463925619806595e-05,4.457231724343672013e-05,4.243065305268445145e-05,4.287749260303693003e-05,4.339857763649308797e-05,4.411517048535136819e-05,4.195719395620799917e-05,4.262119716327322007e-05,4.373983242970718512e-05,4.166993482881048210e-05,4.233055545180431235e-05,4.368931264724513737e-05,4.421400405430213516e-05,4.225065358682291133e-05,4.260236609851222644e-05,4.394341244218599079e-05,4.210608162634190229e-05,4.219520255270296154e-05,4.339686235873528597e-05,4.316000354653774486e-05,4.147402795184156190e-05,4.109229269116551305e-05,4.190841857832315869e-05,4.035240537566278868e-05,3.970476763831123831e-05,4.024978812712617682e-05,3.882446346240532104e-05,3.795435110220574283e-05,3.698478055234058021e-05,3.713648528445383484e-05,3.590719408406270501e-05,3.480309744039997209e-05,3.474218104433147053e-05,3.365320416036444756e-05,3.246972389076158703e-05,3.223672642414820468e-05,3.095655940544454683e-05,3.007091869201237853e-05,2.885354907684704873e-05,2.843801155210539023e-05,2.768183002249143378e-05,2.648833222292648414e-05,2.599780211791054971e-05,2.536088926479562457e-05,2.421574024242351833e-05,2.310085742528667090e-05,2.255023170263380396e-05,2.206931927901882354e-05,2.102507245335936517e-05,2.046170187617007123e-05,2.006927967115516872e-05,1.910256298810853273e-05,1.854183563879938901e-05,1.762129415895113027e-05,1.733864350301581606e-05,1.649226912539643447e-05,1.595587882543732453e-05,1.573210352630108208e-05,1.496401821194474529e-05,1.445226367058769626e-05,1.373716041059217229e-05,1.358384635866181489e-05,1.292665269566028704e-05,1.245942198133636069e-05,1.234222398791074682e-05,1.175240331701520549e-05,1.131659171056262553e-05,1.122850477254059601e-05,1.070060871992321812e-05,1.020230372624586306e-05,9.814622096460682288e-06,9.760160596762864084e-06,9.315522661939054544e-06,8.958542434525837474e-06,8.920252369951314850e-06,8.523992681435083624e-06,8.196410137366757457e-06,7.837829905546070394e-06,7.817764914669219050e-06,7.485436820025737616e-06,7.199481689732914974e-06,7.187644515233722038e-06,6.891871174063817019e-06,6.630985698561526218e-06,6.625231285655957128e-06,6.361966479149200073e-06,6.114045948595601862e-06,5.887759830659626862e-06,5.888503052950077140e-06,5.667693351019804567e-06,5.461836954225709676e-06,5.465012009137058428e-06,5.268202852036651527e-06,5.081036275837105419e-06,4.904624961593804650e-06,4.910141909145682986e-06,4.744561940044728282e-06,4.582691687511320115e-06,4.588694456308768081e-06,4.440708666910404977e-06,4.293566484986590767e-06,4.299601957403236485e-06,4.167157950744115720e-06,4.042034921656073129e-06,3.914672835160447318e-06,3.920391361397210259e-06,3.808139957833108157e-06,3.692241175061516993e-06,3.697311697181845401e-06,3.596434282658570703e-06,3.500911431514577468e-06,3.400333595756661176e-06,3.404373143408940787e-06,3.318281553791794495e-06,3.226568150287347489e-06,3.229720905367071143e-06,3.151975463711379871e-06,3.068262160119706800e-06,2.998253217147201800e-06,3.000160590036721911e-06,2.933279330471308743e-06,2.860216020298364643e-06,2.861227476979360201e-06,2.800501802916979752e-06,2.733608904360952581e-06,2.733762198382968446e-06,2.678502765977584475e-06,2.625804073933687567e-06,2.567113619297582065e-06,2.566122642146601981e-06,2.517995866194124606e-06,2.464071308136894442e-06,2.462341455803651992e-06,2.418287847608758195e-06,2.368669473678708854e-06,2.328540555681820090e-06,2.325841759749691711e-06
1.885521062039635371e-06,1.919325277340359955e-06,1.927867408333187330e-06,1.963159686853964413e-06,2.000064035027582149e-06,2.045928362211506606e-06,2.047057701738931254e-06,2.087442532167130860e-06,2.137448240157574956e-06,2.137949188792716135e-06,2.182247465979472225e-06,2.228727247200476385e-06,2.285853967224453131e-06,2.285374364889725033e-06,2.336544756935868205e-06,2.399050516698664642e-06,2.397843584894248113e-06,2.454306680195534206e-06,2.513742607809820926e-06,2.520818663358326817e-06,2.583261279886864399e-06,2.649071930798793365e-06,2.727854808301492201e-06,2.724833233370001676e-06,2.797858040401448908e-06,2.884410778826084759e-06,2.880649361222328164e-06,2.961846376121320369e-06,3.047667895722035197e-06,3.147646743938736535e-06,3.143030539250521162e-06,3.238745019449735899e-06,3.348818878366103838e-06,3.343687670356679874e-06,3.450630199203897357e-06,3.563943028648139554e-06,3.691442433972291767e-06,3.686110697362843826e-06,3.813042628737600744e-06,3.953587820110671638e-06,3.948366366269374620e-06,4.090768880448079214e-06,4.241953281619174772e-06,4.241021612975278578e-06,4.400998309115253644e-06,4.570950033831070882e-06,4.750609445632750710e-06,4.748138384543617930e-06,4.939397736529230346e-06,5.137356902761887373e-06,5.137189878170295596e-06,5.352624828035150246e-06,5.581742981335811525e-06,5.810794463419606832e-06,5.816648014169120535e-06,6.074967576248099739e-06,6.326733719432067217e-06,6.338234215297320279e-06,6.629568238758980695e-06,6.939478526960989834e-06,6.924955633171877463e-06,7.253531169993075801e-06,7.602993345747375908e-06,7.919787392297283123e-06,7.955693888534295439e-06,8.349553132334973040e-06,8.694901919422918723e-06,8.745742408697437255e-06,9.189226350621268298e-06,9.660196242227562163e-06,1.005094348139559345e-05,1.013281344438941816e-05,1.066181251494370186e-05,1.108287055394134628e-05,1.119167104339939215e-05,1.178445773376339806e-05,1.241184769259798928e-05,1.237740973034778135e-05,1.303961920978390799e-05,1.373903592844556895e-05,1.423055905571541841e-05,1.443821116370863458e-05,1.521436630845600923e-05,1.603064397536948366e-05,1.598970560224365515e-05,1.684601717957111440e-05,1.774326417996047585e-05,1.827378420269575745e-05,1.863870217070426129e-05,1.961676909068645440e-05,2.014400244315323274e-05,2.059176585011164692e-05,2.164674945348591688e-05,2.273671112847272153e-05,2.322523753952602515e-05,2.381963027721149503e-05,2.497004534362463053e-05,2.540285749290176301e-05,2.610977844317744168e-05,2.730075056948407354e-05,2.849995819403918846e-05,2.847688218340038940e-05,2.967961904775456378e-05,3.087142811839470156e-05,3.101682419933209735e-05,3.204091510326285166e-05,3.318151579084839981e-05,3.314491494399637986e-05,3.430557121812269296e-05,3.534431011708567643e-05,3.630119808500536550e-05,3.591567611567464792e-05,3.727282404620678463e-05,3.804101411855011683e-05,3.740428689641401807e-05,3.890091304529959417e-05,3.943477035254407278e-05,3.980854291795979150e-05,4.020681090845337643e-05,4.048200933141422512e-05,4.058190252896116983e-05,3.942122198545307119e-05,4.126164789639394137e-05,4.111355374861099541e-05,4.079755992536129416e-05,4.193956879674180246e-05,4.161230607350395157e-05,4.115590523953768906e-05,4.015828365244979240e-05,4.235017694603886851e-05,4.188324555385024181e-05,4.127556179123741147e-05,4.360104455809787113e-05,4.326515201274238665e-05,4.298900360518079477e-05,4.312691245299608134e-05,4.546232888628783201e-05,4.550493153068406818e-05,4.618049756032201978e-05,4.840311129294526149e-05,4.876480697818832245e-05,4.930468060915716208e-05,5.170557341459132260e-05,5.224810288616703243e-05,5.290635128158686538e-05,5.396328066291440260e-05,5.514719017196669448e-05,5.562657896174501347e-05,5.619533218458813852e-05,5.661537847411776100e-05,5.667679126692847549e-05,5.667679126692847549e-05,5.668174676363948626e-05,5.629244843053887270e-05,5.577104049831646369e-05,5.539193371441396529e-05,5.424972638242984063e-05,5.328173277265441766e-05,5.278968717713358809e-05,5.245092387681050483e-05,5.005003107137633755e-05,4.975037688799916543e-05,4.966149623884569438e-05,4.749431234678687239e-05,4.706265257891245499e-05,4.733824528902529034e-05,4.503931778914064486e-05,4.519339294878151097e-05,4.579943701544855468e-05,4.645809279591568767e-05,4.411877785662581789e-05,4.504813010236369649e-05,4.580126721350308516e-05,4.355650875300461669e-05,4.486615685721462255e-05,4.555063150968672307e-05,4.607219151412473098e-05,4.493018479902887466e-05,4.540527811131508137e-05,4.567697464321506033e-05,4.370670932024725086e-05,4.508604931531584359e-05,4.504156881994535367e-05,4.479045339135675590e-05,4.439245348681433473e-05,4.401406295508284713e-05,4.344956986704424977e-05,4.180066365273697894e-05,4.253709818394865868e-05,4.169547395508944887e-05,4.019070315007778157e-05,4.063573649145834808e-05,3.957465271823541557e-05,3.842022964860896859e-05,3.712797311831805516e-05,3.717619262396487211e-05,3.590485510070405811e-05,3.476362986690879187e-05,3.460662787338368367e-05,3.327712427742095518e-05,3.193535874872511517e-05,3.196702645178768750e-05,3.062937136360042837e-05,2.930107665273414731e-05,2.851525375003159741e-05,2.803669075903367596e-05,2.675428574014849351e-05,2.609497456306745451e-05,2.555439321072927611e-05,2.434007273005968033e-05,2.316501711636179738e-05,2.267033285102212309e-05,2.208663991198271835e-05,2.099784490676186971e-05,2.059599229713530096e-05,2.000856055967920939e-05,1.901019179399577436e-05,1.805760441176426992e-05,1.811018051832386189e-05,1.720223015378038482e-05,1.633910128389857964e-05,1.611276922433835099e-05,1.556823714771409837e-05,1.479061881311080023e-05,1.405451238909855378e-05,1.409873613908056143e-05,1.340127165983985913e-05,1.274238378042412146e-05,1.262554982218102467e-05,1.215866938507748272e-05,1.157065356318020650e-05,1.148339264819228203e-05,1.104987008306944301e-05,1.052626730455763429e-05,1.003326053387764474e-05,9.979967883173212963e-06,9.596518738420488690e-06,9.158527705808000485e-06,9.121392410153548254e-06,8.769370704741604326e-06,8.380567204677411109e-06,8.014987825677340601e-06,8.033637396529356802e-06,7.688629385075013806e-06,7.364270240247793126e-06,7.353272762774509616e-06,7.072931481441741054e-06,6.785098324538110619e-06,6.779978996237521516e-06,6.524652563399110439e-06,6.269116226816779503e-06,6.028779846482681448e-06,6.029874439414684240e-06,5.808870707557963603e-06,5.595256760792899372e-06,5.598582966351602849e-06,5.397745652254003172e-06,5.207681323570163537e-06,5.028693734975324722e-06,5.029890137055910968e-06,4.860567356856641111e-06,4.700996629042208415e-06,4.706738057543225587e-06,4.549085548051226730e-06,4.406609214520620382e-06,4.412246432920111304e-06,4.268992916263560492e-06,4.141568071397656754e-06,4.021217850320058905e-06,4.026373635360573745e-06,3.902399118817234838e-06,3.794458941203120911e-06,3.798876636933079332e-06,3.686059586964782273e-06,3.589058483824176115e-06,3.497195383258335767e-06,3.500477414429732642e-06,3.402534463175709155e-06,3.319711619081056462e-06,3.322055592911735446e-06,3.232715048386652688e-06,3.157878098031661073e-06,3.086786239836784679e-06,3.077699524687537230e-06,3.009924827128292598e-06,2.945457609169103214e-06,2.945581250150254511e-06,2.874302150395417552e-06,2.815704318025213829e-06,2.814956957526414223e-06,2.749652495930908962e-06,2.696261987017576555e-06,2.645302118826354924e-06,2.643399709320233587e-06,2.586021811255897464e-06,2.539412834875984914e-06,2.536775905868869195e-06,2.484010500751041913e-06,2.441276462315452206e-06,2.400342199753579797e-06,2.389372824150561418e-06,2.350095524307599614e-06
1.902124486731775119e-06,1.941472487168829550e-06,1.975904870857099181e-06,1.978484382492373985e-06,2.021255679368050934e-06,2.058816869410365208e-06,2.098101701833084436e-06,2.107390703572034154e-06,2.148464132138653963e-06,2.191481754085253645e-06,2.192546984514733393e-06,2.245640143542825484e-06,2.292858336605655825e-06,2.342414974777058404e-06,2.351248511735403255e-06,2.403200784522995422e-06,2.457798803352588050e-06,2.457043394912725448e-06,2.523614561746152228e-06,2.583906480666762469e-06,2.582328991438657249e-06,2.655361467439797827e-06,2.722092568585612205e-06,2.792448781961844418e-06,2.799882820678109181e-06,2.873904661545785672e-06,2.952042079871255264e-06,2.948432325573011709e-06,3.041111813310895778e-06,3.128073552259900571e-06,3.220028866101383469e-06,3.225736956855409786e-06,3.322715056309172058e-06,3.425371718189186885e-06,3.420041730686257458e-06,3.538450095451489318e-06,3.653266723596857022e-06,3.774985450831592187e-06,3.778118034486129858e-06,3.906759375980871069e-06,4.043255317740462136e-06,4.037357880158750255e-06,4.189327866205807759e-06,4.342630408407754799e-06,4.337032025652599670e-06,4.504940715332390390e-06,4.677358187945405174e-06,4.860634871941653796e-06,4.858119683459404045e-06,5.052272197759967852e-06,5.258767206775402966e-06,5.257102628834110436e-06,5.472860834388043323e-06,5.705728510514296105e-06,5.953538285875636944e-06,5.945338230345178251e-06,6.208128361821067763e-06,6.487843529277710541e-06,6.497366088884143634e-06,6.773401699807785403e-06,7.089218401719164825e-06,7.106265984565110209e-06,7.409866347201659051e-06,7.766433221339935498e-06,8.145873406868321106e-06,8.126762812350572587e-06,8.529181857341545865e-06,8.957227770119394504e-06,9.006516479555683508e-06,9.388066806258398443e-06,9.870433635206246289e-06,1.038289113105398676e-05,1.035452398949570847e-05,1.089724191351272803e-05,1.147314207150872051e-05,1.158297764604069349e-05,1.204992298814002851e-05,1.269543530916407759e-05,1.284075164508005539e-05,1.334088265875962594e-05,1.406193510132423336e-05,1.482335801854667696e-05,1.503887316286363137e-05,1.558390603578623543e-05,1.642818512353164619e-05,1.670308923776727382e-05,1.727063367775241381e-05,1.820072436412318648e-05,1.917422163070864476e-05,1.912791101551779304e-05,2.014409869426525990e-05,2.120217261677538733e-05,2.168092208314033385e-05,2.225464230772257731e-05,2.339102751925552077e-05,2.456168753236124422e-05,2.451904311829434239e-05,2.572111994151690304e-05,2.694766599680876594e-05,2.771645002636271589e-05,2.815819914789933343e-05,2.941496810320700175e-05,3.032233826806882788e-05,3.065080088839423829e-05,3.190181373090325529e-05,3.312915208682649113e-05,3.312972382894925313e-05,3.432840617694258526e-05,3.547466168741940140e-05,3.675716798795040084e-05,3.660431147217380147e-05,3.761034214687618011e-05,3.851013333961366509e-05,3.863944739837745391e-05,3.944757349833061570e-05,4.011479208823307989e-05,4.177280653983982405e-05,4.093293282626038232e-05,4.132790176900117259e-05,4.314784845702533260e-05,4.207824009015146739e-05,4.219269662140072663e-05,4.211777730291381069e-05,4.414089486754160010e-05,4.285240842815188356e-05,4.254880857296196273e-05,4.474850714878038111e-05,4.354592283943064981e-05,4.311950892238928894e-05,4.259630555663084320e-05,4.456773321044291711e-05,4.415801317477153549e-05,4.373381722419449427e-05,4.621500755515585245e-05,4.594098028684812573e-05,4.576480244111335080e-05,4.571575928929156175e-05,4.857697573128485574e-05,4.873194813186306504e-05,4.906795460471498750e-05,5.135255128668293550e-05,5.234261878385315121e-05,5.296078255138332081e-05,5.486017587111226973e-05,5.592946312965630144e-05,5.657117865330648119e-05,5.726214043007152397e-05,5.856657004809452454e-05,5.891000328127095613e-05,5.920401173506095255e-05,5.941732644893511474e-05,5.941732644893511474e-05,5.923847246616266026e-05,5.901986054610984018e-05,5.877051787774302359e-05,5.746608825972002302e-05,5.689807554617366966e-05,5.641532067416413752e-05,5.548215795818200433e-05,5.364526797689173364e-05,5.326551825286356947e-05,5.248530209034736247e-05,5.026594353019816618e-05,5.023590130556069894e-05,5.040995709121792934e-05,4.754874064922464213e-05,4.794079990407227205e-05,4.846438258190376798e-05,4.908363745461636571e-05,4.659956566439323435e-05,4.735231111254972720e-05,4.806916760561598753e-05,4.609773995595581840e-05,4.690043261169871044e-05,4.757395767393958718e-05,4.909682958428582738e-05,4.678835381880597975e-05,4.726605975358484288e-05,4.882994603457814546e-05,4.666762649074906126e-05,4.684137358541963996e-05,4.678984362996943286e-05,4.805324283156200315e-05,4.606894540401392467e-05,4.567220467520592101e-05,4.665123978375732775e-05,4.482511199216821646e-05,4.410352943295329630e-05,4.321949140460779515e-05,4.309223158135353356e-05,4.209872139647837701e-05,4.098379238332580752e-05,4.116540908962456485e-05,3.973747139249112479e-05,3.846116403989330551e-05,3.712540283701691899e-05,3.713151488997729418e-05,3.576290327138201519e-05,3.436764065234028522e-05,3.400597185724788001e-05,3.299576860684068098e-05,3.159422176066435927e-05,3.110595806427204191e-05,3.025145430527809162e-05,2.888424825787070876e-05,2.754461571504915251e-05,2.759969081040624856e-05,2.629552321719454388e-05,2.502985515665960342e-05,2.439465962852047301e-05,2.386591270193863011e-05,2.268811806487412442e-05,2.155724247592857433e-05,2.161673609419701724e-05,2.053359411275412533e-05,1.949900065322363420e-05,1.887049297838453490e-05,1.856973021942274471e-05,1.763090766350345224e-05,1.702719791388351863e-05,1.679250285900007374e-05,1.594599880847571679e-05,1.514453159242282598e-05,1.459037878833636930e-05,1.443354502509520409e-05,1.371608540482197332e-05,1.319847000644299206e-05,1.308073204006630420e-05,1.244059915283636313e-05,1.183741799099275034e-05,1.187384566073927486e-05,1.130411845765037333e-05,1.076788167082729418e-05,1.034437755458735055e-05,1.029291606685056910e-05,9.816887259429061605e-06,9.369359877767068445e-06,9.393900743711988590e-06,8.971710306819146840e-06,8.574949627327365081e-06,8.237339573213214473e-06,8.220591329857529278e-06,7.868925567380664494e-06,7.561653509171328270e-06,7.552807201080062504e-06,7.241076326808482678e-06,6.948148072515806130e-06,6.958678171991111221e-06,6.682230324998031438e-06,6.422379851645603837e-06,6.181560406813978310e-06,6.184204884038101603e-06,5.953503313278215907e-06,5.736507559788875712e-06,5.739737438515556703e-06,5.534696713825387831e-06,5.341714676846520824e-06,5.153681090142748880e-06,5.159943287367051920e-06,4.988081480676676295e-06,4.817622811168439379e-06,4.823950428923121981e-06,4.670661328135407033e-06,4.526094681300661371e-06,4.522071974701646155e-06,4.385117132307248126e-06,4.255828563189702705e-06,4.122452566649204177e-06,4.127650879662780092e-06,4.011805960063469752e-06,3.902269414788186293e-06,3.894939371323668610e-06,3.790931399036361925e-06,3.692472841181998011e-06,3.587565527777660271e-06,3.590498850129078114e-06,3.501806274791710021e-06,3.417689264854800163e-06,3.408142845700778224e-06,3.328068388088431137e-06,3.252026366752450374e-06,3.168897266947628581e-06,3.169334633403615477e-06,3.100431106760657575e-06,3.024470658820224018e-06,3.023921626545791460e-06,2.961337004680444335e-06,2.901699566077673355e-06,2.890355981569241486e-06,2.833372659534589893e-06,2.778996318878291825e-06,2.718026036621175914e-06,2.715336407385212059e-06,2.665634622673706672e-06,2.618102739817819477e-06,2.606174270313291416e-06,2.560632651197793689e-06,2.517016766159264896e-06,2.467559046630271904e-06,2.463127837207594060e-06,2.423006339798877586e-06,2.377375354278168643e-06
1.955762672220385786e-06,1.959646749968795536e-06,1.993062833187944952e-06,2.034876668078887412e-06,2.038263942153933304e-06,2.074648825965333789e-06,2.120128922972061707e-06,2.160134130626640699e-06,2.162674825416448098e-06,2.204228481483955961e-06,2.255998330994635805e-06,2.257893979142598300e-06,2.303434166507528905e-06,2.359977892466174446e-06,2.410349813736530502e-06,2.411200366612361353e-06,2.463741049631788698e-06,2.528515743410750472e-06,2.528581224260661996e-06,2.586534686086593414e-06,2.657553627114408527e-06,2.656782616080026149e-06,2.720863837754559047e-06,2.798834050011096823e-06,2.870216564706979873e-06,2.868213844440777470e-06,2.943162546565468948e-06,3.033176435794588259e-06,3.030287666227180552e-06,3.113666591919833288e-06,3.212799595064225303e-06,3.306034329182795320e-06,3.302005981176875188e-06,3.400414253443001212e-06,3.515369909374407461e-06,3.510594026791104670e-06,3.620684847466407363e-06,3.747589503137927093e-06,3.871004413609284028e-06,3.865610455022892137e-06,3.996603565688813230e-06,4.144226097857930207e-06,4.138611565031574833e-06,4.285874183050602558e-06,4.449072329630911001e-06,4.443612097541462689e-06,4.609444611185285504e-06,4.789895749302383365e-06,4.975967791621308019e-06,4.972140582420060837e-06,5.171257221199946021e-06,5.381438816219783065e-06,5.379479887308113641e-06,5.604495127141263162e-06,5.836767091288813581e-06,6.088836714106278102e-06,6.092305550313445503e-06,6.363643829855093318e-06,6.633584909091552932e-06,6.642326471282088135e-06,6.949606476767834215e-06,7.247116926023435098e-06,7.263191816287864293e-06,7.611301577615791661e-06,7.938580286069175021e-06,8.326107366956957107e-06,8.358984941165199629e-06,8.779409940795788531e-06,9.155918923196805574e-06,9.204042478056411995e-06,9.679963766230809412e-06,1.009102938063491545e-05,1.061646618720894288e-05,1.069713336780316602e-05,1.126983183064589198e-05,1.173543099050572556e-05,1.184482766802916553e-05,1.249052121952896370e-05,1.299194089030526640e-05,1.313758095306539693e-05,1.386353079613277646e-05,1.463293832984801691e-05,1.518520816992389461e-05,1.540317678765296916e-05,1.626280755343977966e-05,1.684301270082172894e-05,1.712253379772582556e-05,1.807757614265843301e-05,1.867797543566191101e-05,1.968861554094302030e-05,2.008536424418618240e-05,2.118799472941157170e-05,2.179534650794011231e-05,2.228828383196609954e-05,2.348603295404724496e-05,2.407456989356562723e-05,2.529702238809060342e-05,2.596286704678335910e-05,2.728216800712366592e-05,2.779021498589936598e-05,2.859046257205931631e-05,2.996432388962399660e-05,3.037399697090362139e-05,3.132219230396261257e-05,3.271619442490480181e-05,3.298342145711097680e-05,3.427325138352142975e-05,3.545794327793518871e-05,3.678392502438175565e-05,3.673993483189433063e-05,3.809179166296054693e-05,3.929658538942643135e-05,3.899016391266733850e-05,3.993626482795541459e-05,4.152898521887250782e-05,4.240283023204046993e-05,4.163567439053171711e-05,4.340027049323678189e-05,4.398635018608408484e-05,4.294114023321121373e-05,4.488941581375796119e-05,4.516019839759268087e-05,4.521552099072828770e-05,4.385291192255601585e-05,4.603748004034682835e-05,4.580136703972568395e-05,4.445051637526188193e-05,4.684094214917884869e-05,4.641021072836812295e-05,4.528123908046401282e-05,4.480752254195323600e-05,4.738668770340078020e-05,4.685076511751799452e-05,4.635032170423036824e-05,4.904842488137029600e-05,4.872307874990088831e-05,4.886756963729273732e-05,4.894816050949553273e-05,5.156556093600892383e-05,5.176154860409600396e-05,5.276592562046330002e-05,5.513694015867198506e-05,5.566708966544934195e-05,5.691168173167326076e-05,5.877385605342458667e-05,5.937987913283554860e-05,6.040249593300558127e-05,6.099341431702678961e-05,6.182143216681736380e-05,6.212211968622204615e-05,6.226094813527415352e-05,6.226094813527415352e-05,6.216109967737813052e-05,6.194608410738806621e-05,6.115743630955086392e-05,6.068169756492343750e-05,5.975430548160853947e-05,5.933226369003331683e-05,5.753366381874299535e-05,5.645521256777579394e-05,5.619984251705404933e-05,5.389867642412772021e-05,5.313976795184978342e-05,5.329200341852847165e-05,5.073141599901005965e-05,5.100818898167411069e-05,5.120411970721604287e-05,5.191337603507324000e-05,4.921895160369117289e-05,5.008932837284128244e-05,5.097877305483035359e-05,4.835618138407014009e-05,4.913135876673737517e-05,5.061788959000726928e-05,5.129964529427418315e-05,4.879883960815607422e-05,5.046891961034090569e-05,5.087054277129148656e-05,4.854197931325776762e-05,5.017105374074305469e-05,5.019653781647324617e-05,4.996726291643775752e-05,4.784676390621739187e-05,4.906983382305841080e-05,4.845637622352376173e-05,4.651498907312215299e-05,4.740379726663380858e-05,4.644880365801554243e-05,4.468410340235507951e-05,4.364041540758610560e-05,4.399731009633248152e-05,4.265896283309295544e-05,4.115426654131563631e-05,4.121230172941962514e-05,3.973464269853753340e-05,3.841476125038581594e-05,3.697678293549978439e-05,3.668437644851610049e-05,3.512953893849054399e-05,3.407425115972453460e-05,3.362244723862931392e-05,3.209054955318011576e-05,3.120149955237812338e-05,3.064000670120438163e-05,2.916976827901357331e-05,2.843180133686797840e-05,2.707034595324094188e-05,2.641921560780030278e-05,2.508560074950835791e-05,2.454167986845893880e-05,2.386957462165147789e-05,2.264254075694381544e-05,2.220630874744072730e-05,2.108219999589295359e-05,2.041760927286714463e-05,1.935555059720694038e-05,1.905018136696831759e-05,1.840775917315970911e-05,1.745208506942626351e-05,1.721511560869778279e-05,1.660338588821952445e-05,1.574815358567356984e-05,1.494137681825759477e-05,1.478452870011400555e-05,1.422882559731189324e-05,1.351123121394670750e-05,1.339424300237073229e-05,1.287791888649798262e-05,1.224134977506938200e-05,1.215579226094957817e-05,1.157167253755802478e-05,1.111544500685009445e-05,1.058631027591215271e-05,1.053623267114289663e-05,1.011800197968835914e-05,9.650337703598315097e-06,9.616649304827802426e-06,9.185397615371503250e-06,8.821432879857461922e-06,8.433921082515964058e-06,8.418213278210684436e-06,8.086993967800612643e-06,7.744639387880042857e-06,7.736578876666841718e-06,7.435697987865342645e-06,7.133081114670605556e-06,7.130416278217528567e-06,6.849065333183658471e-06,6.589743445752585103e-06,6.338406030012006919e-06,6.341226694023427248e-06,6.106234711825970098e-06,5.883511383225137097e-06,5.888040102501745248e-06,5.679691642996140372e-06,5.477528725100935392e-06,5.291637386954635952e-06,5.297557621425919728e-06,5.114418870014775382e-06,4.949041671105014759e-06,4.954857609013587734e-06,4.788905961268138370e-06,4.641506463228206548e-06,4.646837618901476843e-06,4.507782396131375179e-06,4.364749990484937561e-06,4.240491843570273029e-06,4.244868225980584678e-06,4.115042679379609579e-06,4.003703020962020040e-06,4.007081200174248783e-06,3.901440096091593277e-06,3.789146152386244043e-06,3.694461043345185601e-06,3.696389657956022742e-06,3.594195137818099015e-06,3.508845227049695027e-06,3.509678520048046299e-06,3.428262624525396548e-06,3.339438475486637446e-06,3.266149829897863576e-06,3.265496966018084700e-06,3.184390174725444429e-06,3.117901790306981438e-06,3.116251859151029458e-06,3.042086196215923485e-06,2.981612201216207773e-06,2.979037293665715222e-06,2.920967238958707911e-06,2.855971469363496571e-06,2.803294206805434168e-06,2.799507069005220437e-06,2.739834405158258559e-06,2.691601549201904063e-06,2.687072938057736680e-06,2.640565501830625785e-06,2.587920796788817939e-06,2.545463800724900958e-06,2.539975187547633609e-06,2.491433335079176713e-06,2.452300155351330250e-06,2.446254818171076500e-06
1.975502364588094208e-06,2.008240708988680959e-06,2.019535518826957192e-06,2.053663150034463943e-06,2.089243057524649307e-06,2.100580419591169776e-06,2.137709161154574589e-06,2.176474771706019646e-06,2.216981996480678100e-06,2.228307781848042264e-06,2.270651810053419425e-06,2.314963611862305899e-06,2.326219091201553785e-06,2.372590213267399325e-06,2.421187987884871968e-06,2.472159696038554119e-06,2.483221437469836413e-06,2.536656073502769112e-06,2.592782855088376176e-06,2.603610124669763594e-06,2.662512649077370912e-06,2.724472278831164151e-06,2.734974691503730343e-06,2.800068561116067946e-06,2.868638366313848146e-06,2.940922868718944229e-06,2.950826446497146281e-06,3.026898546198657389e-06,3.107201698668216347e-06,3.116510460756243694e-06,3.201109288767241557e-06,3.290532275971495081e-06,3.385117426529248103e-06,3.393402985725749384e-06,3.493210873723955904e-06,3.598912416408254746e-06,3.606230335012672371e-06,3.717876615121807566e-06,3.836256548401132298e-06,3.961847932555932009e-06,3.967563354539610575e-06,4.100415570313549677e-06,4.241513353101985746e-06,4.245758668622585801e-06,4.395142224777671459e-06,4.553956479626411499e-06,4.556470522395586328e-06,4.724746699264561366e-06,4.903809825917667788e-06,5.094426586078285718e-06,5.094175103341143654e-06,5.296384218380820876e-06,5.511802595745613132e-06,5.509095808843386839e-06,5.737758152594980680e-06,5.981512665368484661e-06,6.241414413348846869e-06,6.234873158823045449e-06,6.510978927744817569e-06,6.805499666679240544e-06,6.795632627674330213e-06,7.108631362225697069e-06,7.442593727779672138e-06,7.428999718043364249e-06,7.784000673008885097e-06,8.162809328252919769e-06,8.566982051088889010e-06,8.547797591436462499e-06,8.977460218959206709e-06,9.435776867489912404e-06,9.411965005848925065e-06,9.899088684080562832e-06,1.041843192445999166e-05,1.097187934386750580e-05,1.094143143986413135e-05,1.152919165068558727e-05,1.215492225368923878e-05,1.211928872036503807e-05,1.278322125197620205e-05,1.348905672985461665e-05,1.363711593920679098e-05,1.419622513541314280e-05,1.498991801470039689e-05,1.583107211438029513e-05,1.578380669893456864e-05,1.667255185472039082e-05,1.761179861469364030e-05,1.756046392461241143e-05,1.855017681240161054e-05,1.959235249154482467e-05,2.068727753005170853e-05,2.063238043453484877e-05,2.177935198692258946e-05,2.297807060952406931e-05,2.292260601315392307e-05,2.417166359361334389e-05,2.546832176188440342e-05,2.680877599368140617e-05,2.675667668830092297e-05,2.813762897936846521e-05,2.955116207326034916e-05,2.950598852245306494e-05,3.094735180588802418e-05,3.240374156147828792e-05,3.237124304244098254e-05,3.383670695709529427e-05,3.529222783750777159e-05,3.672155431659248763e-05,3.672150673069009247e-05,3.811830684977822882e-05,3.945262575707245519e-05,3.949864166972599382e-05,4.076890864030455181e-05,4.193330491097936564e-05,4.296651782537634347e-05,4.313135061244530394e-05,4.405275742064828639e-05,4.479886191050895490e-05,4.512710721266288439e-05,4.574811123057181440e-05,4.615918010758252412e-05,4.832260211806902291e-05,4.704490757916570976e-05,4.711619674935548999e-05,4.695662701072576562e-05,4.808625966104745160e-05,4.786998011331756461e-05,4.745229237036128469e-05,4.913035475801784207e-05,4.873714640347790735e-05,4.820759559874697908e-05,4.758764061295430229e-05,5.008466099895345189e-05,4.962613818563006192e-05,4.918931549489305460e-05,5.221491684413973771e-05,5.199960372502329681e-05,5.191604225416222119e-05,5.202792806979825954e-05,5.534559480565207865e-05,5.566839684382691354e-05,5.622246484115218116e-05,5.926900261970962286e-05,5.986468034945208373e-05,6.062960508008867960e-05,6.292431206127419680e-05,6.347220905131014887e-05,6.405868161572537143e-05,6.463653928547023915e-05,6.532907218377044653e-05,6.540199996086268168e-05,6.540199996086268168e-05,6.541420334666760985e-05,6.472167044836741603e-05,6.424553756845645673e-05,6.379189175667490490e-05,6.341869424659330031e-05,6.112398726540777634e-05,6.058171373713476450e-05,6.025780157420618997e-05,5.721126379564874149e-05,5.697468547270115693e-05,5.700790939561057821e-05,5.369024265975675910e-05,5.396291341472484783e-05,5.444781593952499968e-05,5.506883505777060764e-05,5.204323370852397196e-05,5.287799309162929181e-05,5.371560945485446577e-05,5.121858906938500991e-05,5.218933304482816383e-05,5.303384460363082741e-05,5.370072160249009333e-05,5.202265989377786347e-05,5.266927940476484122e-05,5.306816393762900277e-05,5.193854795625262749e-05,5.223444537777850944e-05,5.225457311578296532e-05,5.377075820768764924e-05,5.141803402898964943e-05,5.101679500741442040e-05,5.037015675842227661e-05,5.004284547851514734e-05,4.924008550600407453e-05,4.823488508427172829e-05,4.807241438595742915e-05,4.693307633525910385e-05,4.564365402711591555e-05,4.423322242711412965e-05,4.419262649847930838e-05,4.270733831090149933e-05,4.115114857375408853e-05,4.115938338622676071e-05,3.956584058634750832e-05,3.794280647955778794e-05,3.630862615243054934e-05,3.635282657542683159e-05,3.472905310499368168e-05,3.312230049153013574e-05,3.318123690143300660e-05,3.160605901916045110e-05,3.006756447608307890e-05,3.013479276458027971e-05,2.864195452182722936e-05,2.719827760999495169e-05,2.580798904859652395e-05,2.587928614760724762e-05,2.454540373277752549e-05,2.326944937776354028e-05,2.333996707993237475e-05,2.212213259819767653e-05,2.096325859471635867e-05,1.986299881033034618e-05,1.992892413176448310e-05,1.888481237823678110e-05,1.789705782267486569e-05,1.795775468943480371e-05,1.702283037386723198e-05,1.614081935990930187e-05,1.552136229503189193e-05,1.536216277342847375e-05,1.457776003441156238e-05,1.384002153363943419e-05,1.388578035921106251e-05,1.319027361161195487e-05,1.253702480448119960e-05,1.257612448007889142e-05,1.196075966204870726e-05,1.138333027058271529e-05,1.084172939887209836e-05,1.087230739637405844e-05,1.036245804383963649e-05,9.884459442338563328e-06,9.909095162031618625e-06,9.459169265777828448e-06,9.037428313474844734e-06,8.642135716664136707e-06,8.659592461236039000e-06,8.287442203597914143e-06,7.938575787890254546e-06,7.951246543822154060e-06,7.622697677784669116e-06,7.314599104654482405e-06,7.322999055190323732e-06,7.032713560962041047e-06,6.760358823994439470e-06,6.504759582690508128e-06,6.508235502485335518e-06,6.267187405954351865e-06,6.040804764231672575e-06,6.041127705732301995e-06,5.827483355871723509e-06,5.626667538918749997e-06,5.437826924573780642e-06,5.434598517114296131e-06,5.256154479632401900e-06,5.088181986334468247e-06,5.082730365358638395e-06,4.923866818969797776e-06,4.774161269970138142e-06,4.766821812108702034e-06,4.625103829522920240e-06,4.491397948728305681e-06,4.365172762649516959e-06,4.355775459111140777e-06,4.236094608002828146e-06,4.122964132141824730e-06,4.112324233153647247e-06,4.004949448962659921e-06,3.903314988312440085e-06,3.807045054415933721e-06,3.795091209663557640e-06,3.703561507598103747e-06,3.616739772133827704e-06,3.604022094946013856e-06,3.521386187034202602e-06,3.442886646735443288e-06,3.368258065775199294e-06,3.354771394891784494e-06,3.283613423644932033e-06,3.215862876134796825e-06,3.201959040324610632e-06,3.137288072525507656e-06,3.075620564402857223e-06,3.061415631619094773e-06,3.002486380242484130e-06,2.946208307574871112e-06,2.892417676062998707e-06,2.877963954788073227e-06,2.826469590473876366e-06,2.777176066866505031e-06,2.762632062121306631e-06,2.715391861438534254e-06,2.670102048180522499e-06,2.626646142563096769e-06,2.612087271602267570e-06,2.570369066027118825e-06,2.530280302472129448e-06,2.515776074945678343e-06,2.477250571399552996e-06
1.997665969343794218e-06,2.036070462693849661e-06,2.069550615755010183e-06,2.075110322480715558e-06,2.116756260299448113e-06,2.153112581303366101e-06,2.158204692871510945e-06,2.195846120081441179e-06,2.243026106140785768e-06,2.284358682598307161e-06,2.288615199109365258e-06,2.340014674556339831e-06,2.385194433151257717e-06,2.388809082926792554e-06,2.435762289577228323e-06,2.494415785544788908e-06,2.546319789012172051e-06,2.548850114441499354e-06,2.613034541766014724e-06,2.670149878927246913e-06,2.671856397512432385e-06,2.742208220888866572e-06,2.805220579809615324e-06,2.806029180113466288e-06,2.871921465452698265e-06,2.952959360185719069e-06,3.026404666304522883e-06,3.025825098021386407e-06,3.115004265296439026e-06,3.196562614759183915e-06,3.194962144333892565e-06,3.280687233116386084e-06,3.384027017647509447e-06,3.480038132022842334e-06,3.477015765502192949e-06,3.591129432032259092e-06,3.698405528988452052e-06,3.694400405626565763e-06,3.807795345043635900e-06,3.940687137842131646e-06,4.068136668392120020e-06,4.063069551837052661e-06,4.210210943636980143e-06,4.353412365069352060e-06,4.347765769976522188e-06,4.510807313354514447e-06,4.672026555387831178e-06,4.666120382541240208e-06,4.838000441320205032e-06,5.028722643534511564e-06,5.222344507533263721e-06,5.217379714744116868e-06,5.428949969772674590e-06,5.647888516067457719e-06,5.644266829746094739e-06,5.879200606771744686e-06,6.126871516586776314e-06,6.391330579226661967e-06,6.392366652988234753e-06,6.666960480363404741e-06,6.966922845876031883e-06,6.972709380995571927e-06,7.276889624994102643e-06,7.617385378066759128e-06,7.630050638067649020e-06,7.998769615068967087e-06,8.353254327970702456e-06,8.766152670413497418e-06,8.795356229837347162e-06,9.186364050932740478e-06,9.655251393379820461e-06,9.699816171940910640e-06,1.021067761789010705e-05,1.066206137876456437e-05,1.122973073457763002e-05,1.130813351452283661e-05,1.180167694119050884e-05,1.244465608402700254e-05,1.255350908640366656e-05,1.325760795479766339e-05,1.381699731966497606e-05,1.396493734764141397e-05,1.476198678087253730e-05,1.536366282092247159e-05,1.623260217090082997e-05,1.646037418808360295e-05,1.710113936596531942e-05,1.807365455566970730e-05,1.837055218713702729e-05,1.943880664306558807e-05,2.012593070835441456e-05,2.126390982890438163e-05,2.169514789628650394e-05,2.239759791304216278e-05,2.364661598389583894e-05,2.418991244214685124e-05,2.555601220292383235e-05,2.624336861335415096e-05,2.764546535083884016e-05,2.839372477410555303e-05,2.903400712477413240e-05,3.051613818911148084e-05,3.142600533663640654e-05,3.197886858216287712e-05,3.350932175905141678e-05,3.459893906840109370e-05,3.622588276780571272e-05,3.654683053906330342e-05,3.805248435346511913e-05,3.943227985679450843e-05,3.952464274030618524e-05,4.093155304657100749e-05,4.251785204680500472e-05,4.392477360376685624e-05,4.355201098835124633e-05,4.464080505355185721e-05,4.652490923056109125e-05,4.580088757777438870e-05,4.658784773001784939e-05,4.868537878220372846e-05,4.932394099461996791e-05,4.806183134461034623e-05,5.038775826777559260e-05,5.063752861189397278e-05,4.915962994672931001e-05,4.901374764371029452e-05,5.162451580631639315e-05,5.012229075864799892e-05,4.973267640848392927e-05,5.258515939412523041e-05,5.201898366453517697e-05,5.083575772008473920e-05,5.028571360068179771e-05,5.332102590452140030e-05,5.273478185963730236e-05,5.241284991967108578e-05,5.552580497648669392e-05,5.524850695933570713e-05,5.572963041692113417e-05,5.599973656843142762e-05,5.888204302495489233e-05,5.998360051139315979e-05,6.065500489492643856e-05,6.308533239796116244e-05,6.438317120821478406e-05,6.514683843447007503e-05,6.678712537464523197e-05,6.735756506196743075e-05,6.812918170924870613e-05,6.850159354574716572e-05,6.877758494964831203e-05,6.877758494964831203e-05,6.854581623986610427e-05,6.827108299804094608e-05,6.757119578838862871e-05,6.715459674683577139e-05,6.557737909863576957e-05,6.502750237264725186e-05,6.391527322882332887e-05,6.156593773180634669e-05,6.121213761168387132e-05,6.039373530187815126e-05,5.759047298184941522e-05,5.771719567848551002e-05,5.760433509039365101e-05,5.833218748800174386e-05,5.524753915458028994e-05,5.599286539846847757e-05,5.701246758358005228e-05,5.395010153000386987e-05,5.487851455595065578e-05,5.648916348833632039e-05,5.738103524030896028e-05,5.441559558792844950e-05,5.505629819903458009e-05,5.691857606388216965e-05,5.414934258150113717e-05,5.444704215929798698e-05,5.621749071233438089e-05,5.603468391108653505e-05,5.351019668491838020e-05,5.499205633696335163e-05,5.433267838314072599e-05,5.202868727352094168e-05,5.118463293907492056e-05,5.202650231813369568e-05,4.994060744493490113e-05,4.874122900534179581e-05,4.917579270788546717e-05,4.761369597646232006e-05,4.584858759478103784e-05,4.428299273338326462e-05,4.418918404630400805e-05,4.265231217958393193e-05,4.097406681893587328e-05,4.062299341427890310e-05,3.880870531125319366e-05,3.759653413933556249e-05,3.589062975497842728e-05,3.528020728532953377e-05,3.427002195810142281e-05,3.261889323814586223e-05,3.191114839595336907e-05,3.108258929367880750e-05,2.952160765651131165e-05,2.876149488552433945e-05,2.724097461264483386e-05,2.664231259415322616e-05,2.525293539838943012e-05,2.447584832997748514e-05,2.400251099559975472e-05,2.273720828629574193e-05,2.197686067698882340e-05,2.078929875348420149e-05,2.046572535395359938e-05,1.938495426371377318e-05,1.867560485584301029e-05,1.842868545738293886e-05,1.746312033896983283e-05,1.679668970432332304e-05,1.591105576580296305e-05,1.575235712262026809e-05,1.513235848040458646e-05,1.434990884422394019e-05,1.423404136371278650e-05,1.351942829621597460e-05,1.297192312658550949e-05,1.288922070986056582e-05,1.225804328704966853e-05,1.175684650805195062e-05,1.118871430851163579e-05,1.114272193883533523e-05,1.062104208605605074e-05,1.018634093287902372e-05,1.015673079163217212e-05,9.696975483075104480e-06,9.302414015593330263e-06,8.891661388867193224e-06,8.879590420934386661e-06,8.499997524768451005e-06,8.160874153372932324e-06,8.155856691856142618e-06,7.821048784692546943e-06,7.514470729698619036e-06,7.514197602313056147e-06,7.218613382759833721e-06,6.941669641484099078e-06,6.678835320985214216e-06,6.683120845970913772e-06,6.437907349522682108e-06,6.200809839215533252e-06,6.206181983666878725e-06,5.988935162145123662e-06,5.774817582371501664e-06,5.581697106050998739e-06,5.587657924418538601e-06,5.406272698786876750e-06,5.222749737253936551e-06,5.228131337972340920e-06,5.066660566770599675e-06,4.900694832468784704e-06,4.905184934395935220e-06,4.761134227716400772e-06,4.610919015794269808e-06,4.482484817024246475e-06,4.485524690510803291e-06,4.363831864019109923e-06,4.234426855939110689e-06,4.236211046238763165e-06,4.126995149867477486e-06,4.009526839579777912e-06,3.911755266194805411e-06,3.911786176261131161e-06,3.818614554613766236e-06,3.716874509095639450e-06,3.715670922353145434e-06,3.631505831120107111e-06,3.538811095066927055e-06,3.463064357800314969e-06,3.460217432752137781e-06,3.387661601022551113e-06,3.306867727200709093e-06,3.302969601623197421e-06,3.236980780931257922e-06,3.163061849867310743e-06,3.158210596051397536e-06,3.098034821212849453e-06,3.030291278876694283e-06,2.975652065528841441e-06,2.969565361620398206e-06,2.916907697257497006e-06,2.857280522931636730e-06,2.850471489361873103e-06,2.802124012399595094e-06,2.747227045268243361e-06,2.703019623648281671e-06,2.695283414089417061e-06,2.652523594484928743e-06,2.603842369036174890e-06,2.595597209042723616e-06,2.556076756072225587e-06,2.511046046864948679e-06
2.052839490417593126e-06,2.059756614175911500e-06,2.092456888911213664e-06,2.133301608663591744e-06,2.139851680343360151e-06,2.175285911148865176e-06,2.212184305341735336e-06,2.225724317721600223e-06,2.264219768198363669e-06,2.304367154773959818e-06,2.354626402130574926e-06,2.359943294462205318e-06,2.403741232005621783e-06,2.449528895828494685e-06,2.463237485754213286e-06,2.511145975998591276e-06,2.561309747857452550e-06,2.623902801497037537e-06,2.627541373845368831e-06,2.682648778516305616e-06,2.751199259941995906e-06,2.754027146295802773e-06,2.814730515713154488e-06,2.878547126471267223e-06,2.891865135279686522e-06,2.958915178790234683e-06,3.029514464752104609e-06,3.116239992808877641e-06,3.116767015961438141e-06,3.195080877588787106e-06,3.277735127146310144e-06,3.290087335761483006e-06,3.377190875634360417e-06,3.469260283797169810e-06,3.580095492354097454e-06,3.578087456203752839e-06,3.680910422347499177e-06,3.789835878063932813e-06,3.800360444500406466e-06,3.915483367620503671e-06,4.037608221795401379e-06,4.180470373199444953e-06,4.176212636703507898e-06,4.313463935349930076e-06,4.471796488764038197e-06,4.466836949563438949e-06,4.621441440914200011e-06,4.785973445088623916e-06,4.791679971778408546e-06,4.966209603221014812e-06,5.152156707870159658e-06,5.357866604892109039e-06,5.353164280576667515e-06,5.563720861230970592e-06,5.788386775910088959e-06,5.788536849774382808e-06,6.027380757639932185e-06,6.282449256958674575e-06,6.550158854183493187e-06,6.550871118408788987e-06,6.840872663836309990e-06,7.137897338997436528e-06,7.143081150879963760e-06,7.473193428969592010e-06,7.826255041450131731e-06,7.814194950829778222e-06,8.190308151535629529e-06,8.592692420175089275e-06,8.976614378980836217e-06,9.004605583790584734e-06,9.463373420952714317e-06,9.954176798146562356e-06,9.930077850827711200e-06,1.045310607459371560e-05,1.101249045910575823e-05,1.150123717042363934e-05,1.157835679596612583e-05,1.221536056917929017e-05,1.289586449179009846e-05,1.285717884361176015e-05,1.358148123552648277e-05,1.435430947662477066e-05,1.430898025355394088e-05,1.513065689698588553e-05,1.600588768309368760e-05,1.665345103278091538e-05,1.688314643042391230e-05,1.787051460678859200e-05,1.891818899592541354e-05,1.885856290799619415e-05,1.996662436215359380e-05,2.113822587575728669e-05,2.186756468748665005e-05,2.230903922587101803e-05,2.360875735951909485e-05,2.497271823153192775e-05,2.490587640774637274e-05,2.633260978455621097e-05,2.781967156008400023e-05,2.852267473912753568e-05,2.929899128638118952e-05,3.089470152355638092e-05,3.152904450784639915e-05,3.247760803435861495e-05,3.415451153442456534e-05,3.585385911713703355e-05,3.581266471887442122e-05,3.752706353252089358e-05,3.923303700569961337e-05,3.945518349338888022e-05,4.090905129814045621e-05,4.254898416601496613e-05,4.411361809450218505e-05,4.417117937452471552e-05,4.565847385926884925e-05,4.701445639928538334e-05,4.641320636070219195e-05,4.841854800046519250e-05,4.947199687707142478e-05,5.030429716644584738e-05,5.073287748715689870e-05,5.141190479442169035e-05,5.182663061880101552e-05,5.260159107786125060e-05,5.288119903158262810e-05,5.288054319690045282e-05,5.124111728424581166e-05,5.408327782019854517e-05,5.374707463560801586e-05,5.317617468094187151e-05,5.536311412391504874e-05,5.484713685170184425e-05,5.419341946317038258e-05,5.330844335131578197e-05,5.663369579519328325e-05,5.613752014733363303e-05,5.572504915467655772e-05,5.942002849103679722e-05,5.928194288557752772e-05,5.935786875877448800e-05,6.043394410809010942e-05,6.345926061616509960e-05,6.399869335489783502e-05,6.549500473717208943e-05,6.790458775167493158e-05,6.861043162324907305e-05,6.944817914970367423e-05,7.132588917541737665e-05,7.172848026684597463e-05,7.210888602091713822e-05,7.229345856962153235e-05,7.229345856962153235e-05,7.215921381314624981e-05,7.189057988433528385e-05,7.163151283421447207e-05,6.975380280850076965e-05,6.910756007785827859e-05,6.865118974809403143e-05,6.632494556803425587e-05,6.505583408463093214e-05,6.488457730503180670e-05,6.194563638501336157e-05,6.120010042830566948e-05,6.157689351946158025e-05,6.218811726939828840e-05,5.849313793303804890e-05,5.938289536942519686e-05,6.034473534510950769e-05,5.699988503040066487e-05,5.834432557716532779e-05,5.940027735444716912e-05,6.027176569245695477e-05,5.808482648141120375e-05,5.895827006413066580e-05,5.954052304683445047e-05,5.653518556413906007e-05,5.852627550797274709e-05,5.865879344777352099e-05,5.845703750217350563e-05,5.768230470575197764e-05,5.729542042770038445e-05,5.659881433972722492e-05,5.617122044567941921e-05,5.528158160197112062e-05,5.413613210610744374e-05,5.191765877719598649e-05,5.261434094723347357e-05,5.111408184626802274e-05,4.946357359988226343e-05,4.941258733362874735e-05,4.767143472305165598e-05,4.584478038095543008e-05,4.422586946206355534e-05,4.398655794141142399e-05,4.208463095844286786e-05,4.017327399716977081e-05,4.022897836209795577e-05,3.833480476459651793e-05,3.646600797007634671e-05,3.541347004450047536e-05,3.471320689292812107e-05,3.293604544315336806e-05,3.207708323176146033e-05,3.130038181732348759e-05,2.964530998262694049e-05,2.805785672712498538e-05,2.814375984083385631e-05,2.662655081791078567e-05,2.518120968266651218e-05,2.469728124601245880e-05,2.389064928144371392e-05,2.258829547320215055e-05,2.135688333462347843e-05,2.143345525371832889e-05,2.026913182728735930e-05,1.917206112954526531e-05,1.892354554266101137e-05,1.820651731991549684e-05,1.723406458933291705e-05,1.632125650909383729e-05,1.637946611460582269e-05,1.552066315681542515e-05,1.471586447021998046e-05,1.476554265524687427e-05,1.400909428572236300e-05,1.330102806936158002e-05,1.321989714979981507e-05,1.267724337284518613e-05,1.205511260796837094e-05,1.147338679120493556e-05,1.150433344933127778e-05,1.095808188453742895e-05,1.044742117275212402e-05,1.041910354465902896e-05,9.991725300156876710e-06,9.543390166133091832e-06,9.124226588576390802e-06,9.139713551251600607e-06,8.745882179113625477e-06,8.377530425170457315e-06,8.373000232679287516e-06,8.041283393612531655e-06,7.717231384039768954e-06,7.717099549555487742e-06,7.417642900636535213e-06,7.132172292953616746e-06,6.864711132379462120e-06,6.864518415060214383e-06,6.612629997001567311e-06,6.376405195891681695e-06,6.381216047763179513e-06,6.150155180421398515e-06,5.941113719729245463e-06,5.744748448023230529e-06,5.737420413051458677e-06,5.552043997109195032e-06,5.377693136276231706e-06,5.382023757031323263e-06,5.203318905355670068e-06,5.048152587915111808e-06,5.051455070951232089e-06,4.889856293540525743e-06,4.751425182062057045e-06,4.620777280035317504e-06,4.607262160400938682e-06,4.483446973360780304e-06,4.366419345646517808e-06,4.366796664110459054e-06,4.240703922218321414e-06,4.135596952342445053e-06,4.036017704972035358e-06,4.020155619042840502e-06,3.925498242872854026e-06,3.835676387751304217e-06,3.832980776005403346e-06,3.733687492610411202e-06,3.652441753311686221e-06,3.575154709181039757e-06,3.558052391149798265e-06,3.484358565166452545e-06,3.414140898537588915e-06,3.408755846235561985e-06,3.329727923924133097e-06,3.265754585603896838e-06,3.259440741155595675e-06,3.187071424522872215e-06,3.128625124794841396e-06,3.072704333961168282e-06,3.055100451275544293e-06,3.001556777893881069e-06,2.950244475616236600e-06,2.942048794520396849e-06,2.883504522684228660e-06,2.836294349020000561e-06,2.790940748037389136e-06,2.773553344169552449e-06,2.730002891544806211e-06,2.688100829552964792e-06,2.678568696166804098e-06,2.630622626688599223e-06,2.591811222783686905e-06,2.581897111606023705e-06
2.077712088529698663e-06,2.109930310620194514e-06,2.124240826500903098e-06,2.157778126358308457e-06,2.192625672007131949e-06,2.200152313118367180e-06,2.243484978001322352e-06,2.281271887714531856e-06,2.288383219064814734e-06,2.335442193016452524e-06,2.376522616199478709e-06,2.419374463690485464e-06,2.425693494473846569e-06,2.479122373319553197e-06,2.525905879632874720e-06,2.531611717834610445e-06,2.589920823285407130e-06,2.641135185455591548e-06,2.694774414786209371e-06,2.709889470297252036e-06,2.766108059474767246e-06,2.825083189703771052e-06,2.828863160061210745e-06,2.902023468140400286e-06,2.967044749152523257e-06,2.969891160668147476e-06,3.050258457179220537e-06,3.122144405372314783e-06,3.197863636095503948e-06,3.199194787598903165e-06,3.292092112683018542e-06,3.376169944808957749e-06,3.376365991231664319e-06,3.478859207908726373e-06,3.572472392029557117e-06,3.671468736342482109e-06,3.669975863475726545e-06,3.789230584927729834e-06,3.899916150362116810e-06,3.897212438340940235e-06,4.029288079376369948e-06,4.153362551047984534e-06,4.285058267298993502e-06,4.295935052289960888e-06,4.435366090661834642e-06,4.583564366758455488e-06,4.578381813415532405e-06,4.750046411539752427e-06,4.917205277490427514e-06,4.911313119960345350e-06,5.102174127215032755e-06,5.291137296848405798e-06,5.492603494483083124e-06,5.486862181382857055e-06,5.711327451522198784e-06,5.939789249404139471e-06,5.934773499383478097e-06,6.184675326652411790e-06,6.444215127201657781e-06,6.721599541304975138e-06,6.719148105865064669e-06,7.014461744872524893e-06,7.330315404346596049e-06,7.333048853820709708e-06,7.660399120796374179e-06,8.020485325679973206e-06,8.029437595251860850e-06,8.393341953517340407e-06,8.804220082028199552e-06,9.244141612407123741e-06,9.269015246393154722e-06,9.695288212990324839e-06,1.019756602189302586e-05,1.023765154508933331e-05,1.070922954241104615e-05,1.128261972634121448e-05,1.189627576903541065e-05,1.197115030025081616e-05,1.251753653284837800e-05,1.321710099647294832e-05,1.332397403854948625e-05,1.392222714824001112e-05,1.471833601890620854e-05,1.486710181583949165e-05,1.551795381986570472e-05,1.642155830507502709e-05,1.738418724848589351e-05,1.762079452740329872e-05,1.834851038871892657e-05,1.943423968947681060e-05,1.974838979213089276e-05,2.051967598574494075e-05,2.173700701277545699e-05,2.302310350324740515e-05,2.349141465557861709e-05,2.430621059580455583e-05,2.572939327896729475e-05,2.632867326243564239e-05,2.714661346499388895e-05,2.870261166374311377e-05,3.031976332720952150e-05,3.024873973283224914e-05,3.192308279259948971e-05,3.364532376926318384e-05,3.468458800522997826e-05,3.534659834735784319e-05,3.713649165299542031e-05,3.839598780188982567e-05,3.889791184439338504e-05,4.069852562397908405e-05,4.246971868929145182e-05,4.408868747220646988e-05,4.420158319317136656e-05,4.585572132341514943e-05,4.773234733389653103e-05,4.749436817505273112e-05,4.892860433266790949e-05,5.018736579232547872e-05,5.243558454943727869e-05,5.154520150682306368e-05,5.242510387589138223e-05,5.494039961570653898e-05,5.364270938467100583e-05,5.408847573294532797e-05,5.688916703230448860e-05,5.529975822031763395e-05,5.532509261887431760e-05,5.505672040133206981e-05,5.819758785816602073e-05,5.647140805229675401e-05,5.593880051859237846e-05,5.935609431254860086e-05,5.799598411968123019e-05,5.742343856604198503e-05,5.680094246596925178e-05,6.036516654737229728e-05,5.998935868443804471e-05,5.973090297473620814e-05,6.328746276944733425e-05,6.380879440228949756e-05,6.405476084131171330e-05,6.459560581947130392e-05,6.851097359775724406e-05,6.915630562291164886e-05,7.004703927431162882e-05,7.237302068715730245e-05,7.371448522812062911e-05,7.444336593663622296e-05,7.561336102527888188e-05,7.610824178908122612e-05,7.619582240429587983e-05,7.619582240429587983e-05,7.621883844213742239e-05,7.579922098585941011e-05,7.468854244257932596e-05,7.413866525261868581e-05,7.294959421037092617e-05,7.070885814166173559e-05,7.012103201873571407e-05,6.984290028917571503e-05,6.592753251088978843e-05,6.581053844671388726e-05,6.603228089724955975e-05,6.594534181554335137e-05,6.244979197864528747e-05,6.321362323297251946e-05,6.408818826217679008e-05,6.052294119841881807e-05,6.161937903405112851e-05,6.262835062779948357e-05,6.448678720819896887e-05,6.095934000456087299e-05,6.182431021944492290e-05,6.399462867307835544e-05,6.068171179115152287e-05,6.116021749902770329e-05,6.128376399348067793e-05,6.319305157332781890e-05,6.016293114986610624e-05,5.975297068399219657e-05,6.128056434943074935e-05,5.852270513332535245e-05,5.758582507837991106e-05,5.862301738409113957e-05,5.613619956188062380e-05,5.475191299403188948e-05,5.316631107673277189e-05,5.345063550168138066e-05,5.136313167475402947e-05,4.952300224386253259e-05,4.940836916319730397e-05,4.760555198779565020e-05,4.563174547726834619e-05,4.362480669385179489e-05,4.307291857238022522e-05,4.167240701102884007e-05,3.967786995657667263e-05,3.894725097683497526e-05,3.779422508871147478e-05,3.587624767988440778e-05,3.401214422805157915e-05,3.410368493641975109e-05,3.230393724743407401e-05,3.057276463485992309e-05,2.966850414387505797e-05,2.900917732405564278e-05,2.742666289260846187e-05,2.652562500706607827e-05,2.601258880899247003e-05,2.458308592736851400e-05,2.323035700952542362e-05,2.237706820433792875e-05,2.203561916467840229e-05,2.082935578140715646e-05,2.002383565023764438e-05,1.976816141023109207e-05,1.869866980438048080e-05,1.769490477512749693e-05,1.697391049317562727e-05,1.681503339697786181e-05,1.593047218227679033e-05,1.526717470158804642e-05,1.515400394576321004e-05,1.437638980235678232e-05,1.376999816408205377e-05,1.369149188972932652e-05,1.300896429397161058e-05,1.237117941665618806e-05,1.184710268281220616e-05,1.180611273779250887e-05,1.124695144263586921e-05,1.077261685173683928e-05,1.074768680809892755e-05,1.025743942020298858e-05,9.799438576232926334e-06,9.393784762188576800e-06,9.385543140362396662e-06,8.983638475471716640e-06,8.618163251780206833e-06,8.616146872283464829e-06,8.263090573996979092e-06,7.932832161439213451e-06,7.935980171710858087e-06,7.625410510494573311e-06,7.334649032360273638e-06,7.054510631599712975e-06,7.059811532504362860e-06,6.803371076948884059e-06,6.551259687015814367e-06,6.556927458298712239e-06,6.330311071391323516e-06,6.117578058121392859e-06,5.902601249056211448e-06,5.907952832886344609e-06,5.719317269322819811e-06,5.525536248448826731e-06,5.529800588966726320e-06,5.362134420267356426e-06,5.204211280970380767e-06,5.190243859958062710e-06,5.040843848103464130e-06,4.899918301271199286e-06,4.749968792470884807e-06,4.750968603764052994e-06,4.624878083106143161e-06,4.489139911169738173e-06,4.488642173890617966e-06,4.375518573368154618e-06,4.268390150128970642e-06,4.151279939016111980e-06,4.148752074597070549e-06,4.052217793167090371e-06,3.945778389190976964e-06,3.941906885368871620e-06,3.854673487112260435e-06,3.771718435249715783e-06,3.679246869155603280e-06,3.673616336797763409e-06,3.598316112061529666e-06,3.513888916517735720e-06,3.507187905437126306e-06,3.438642509358983503e-06,3.373182409024996562e-06,3.353772413872695252e-06,3.291200415162397663e-06,3.231346342239307195e-06,3.163545831364614007e-06,3.154684689861249011e-06,3.099805496204267059e-06,3.037486635875454337e-06,3.027955514951595614e-06,2.977501221115950296e-06,2.929040021287207325e-06,2.873889764205534932e-06,2.863506125282274440e-06,2.818764732206148744e-06,2.767821250747706263e-06,2.757006122287351272e-06,2.715593553228989538e-06,2.675661915593710040e-06,2.657285069827675174e-06,2.618858606452771733e-06
2.104762498753906615e-06,2.142620499530177789e-06,2.175704608773315637e-06,2.184671464264360522e-06,2.218812775758962811e-06,2.261369105698295777e-06,2.270039049216554516e-06,2.306978040026593935e-06,2.353140659991474268e-06,2.361442010445907035e-06,2.401511929255986669e-06,2.443248886052640821e-06,2.495553988968305450e-06,2.503118677626334386e-06,2.548587152114269428e-06,2.605608558403785272e-06,2.612602042585581595e-06,2.662272922075004067e-06,2.724554297228021956e-06,2.779349255534655945e-06,2.785296263474752156e-06,2.842306679576102751e-06,2.913652225612024469e-06,2.918793354241081396e-06,2.981533918498703951e-06,3.059839893823220830e-06,3.064070659019326746e-06,3.133318354029100677e-06,3.206183396558860286e-06,3.296567733780750151e-06,3.299286797461855488e-06,3.380081734716759769e-06,3.479739051033224657e-06,3.481318632866233763e-06,3.571168273062161422e-06,3.666117746702821496e-06,3.781955899243093974e-06,3.781797958162515500e-06,3.887870496629592170e-06,4.016119715914896397e-06,4.014701785315897431e-06,4.133537130276376805e-06,4.275724885498890494e-06,4.409621880247779007e-06,4.406555475909832642e-06,4.548438130770323503e-06,4.715063329642731388e-06,4.710922923723506224e-06,4.870990711743962069e-06,5.056291150684435296e-06,5.051290798904091733e-06,5.232335761251901129e-06,5.425435250546426397e-06,5.643484107409641541e-06,5.638343143932203158e-06,5.857561726817500201e-06,6.100505382763382212e-06,6.095843610676655396e-06,6.345258727685647697e-06,6.616008456738031691e-06,6.898513900255138310e-06,6.897121232545907167e-06,7.201604276813854302e-06,7.520792104814884874e-06,7.523120517457254443e-06,7.871154059537389488e-06,8.226613953782853516e-06,8.234797984055838754e-06,8.633156054468413271e-06,9.060471602786319335e-06,9.478273028584307411e-06,9.501906785636823907e-06,9.991699158545812889e-06,1.045521423547906695e-05,1.049376277335183352e-05,1.105540396282749680e-05,1.165807135937575927e-05,1.219803486135735904e-05,1.227128380400981526e-05,1.296205775085960483e-05,1.355589032852758437e-05,1.366131066552293951e-05,1.445224242844784543e-05,1.510169956059706068e-05,1.524958516183311993e-05,1.615352288934767476e-05,1.712034161400841843e-05,1.785409281984632417e-05,1.809207222101521853e-05,1.919154982826722861e-05,1.997606901438509134e-05,2.029417390236629178e-05,2.153842944085974053e-05,2.285996648185359274e-05,2.370399960016833827e-05,2.418300323012133538e-05,2.566190246197397632e-05,2.652346356968833256e-05,2.714018829233388099e-05,2.877796558127102935e-05,2.962971128686839417e-05,3.132514118910861118e-05,3.220095181514556336e-05,3.405642864076623307e-05,3.481465652134410702e-05,3.589952848230402354e-05,3.786439242033740412e-05,3.848803069168315097e-05,3.980953591323704377e-05,4.183091652210751390e-05,4.384667338261931158e-05,4.411776789854649877e-05,4.582804781308589035e-05,4.776938419270695469e-05,4.770005263418115323e-05,4.969151021446967486e-05,5.144618816519500883e-05,5.303550803523474023e-05,5.229103741361417650e-05,5.469277353869494182e-05,5.589942264929206455e-05,5.468529015331820390e-05,5.738939124429451229e-05,5.812227760415659825e-05,5.651571466032909456e-05,5.955030325664818400e-05,5.978475695760042375e-05,5.966766910262758238e-05,5.773927021466315583e-05,6.117715795358318347e-05,6.067032219938332365e-05,5.900232552119389154e-05,6.276144903086380627e-05,6.208726101472748142e-05,6.129059939350948061e-05,6.056198721386324072e-05,6.446908366042177960e-05,6.396654166093187750e-05,6.426129427833455663e-05,6.809713124445955013e-05,6.810425895408142810e-05,6.930234759817255731e-05,7.001733995011541153e-05,7.318119483748872927e-05,7.396323121926892034e-05,7.568582549290840916e-05,7.784992297576652737e-05,7.855020254963507602e-05,7.956334279796396195e-05,8.033064286384792804e-05,8.040899294166687001e-05,8.040899294166687001e-05,8.045736593540484070e-05,7.974920275854449018e-05,7.883273572938386290e-05,7.834176997562948032e-05,7.626239901612201933e-05,7.473419240597531398e-05,7.430766612703362437e-05,7.124939372115685488e-05,7.096245728413097412e-05,7.015126801861905760e-05,7.068133395527098530e-05,6.691917332443057375e-05,6.711317870081975933e-05,6.818178168413123171e-05,6.428500892866830950e-05,6.555221936259500882e-05,6.686231837962521962e-05,6.799955318852699286e-05,6.413301845930266694e-05,6.631010342390569084e-05,6.715023610325323298e-05,6.353631518767268338e-05,6.590235355339227178e-05,6.620921349612415667e-05,6.609517094052839818e-05,6.281976582796568208e-05,6.472300703866011107e-05,6.398679723385929878e-05,6.102640802403903653e-05,6.244279364640607734e-05,6.113612343080810111e-05,5.848169396328411996e-05,5.934521467989228670e-05,5.758854088755895609e-05,5.564245932628861344e-05,5.342804109181419346e-05,5.352033160098612012e-05,5.135844941766391656e-05,4.945453657280775588e-05,4.916257843510776277e-05,4.691575259302199416e-05,4.466266133185508967e-05,4.319387224968146378e-05,4.250721443631837729e-05,4.031815711567235616e-05,3.911531361131895539e-05,3.827869664727141325e-05,3.621295776528176167e-05,3.524498261991518039e-05,3.335882175102407402e-05,3.241794811719714357e-05,3.059639240314350380e-05,2.991871892964185605e-05,2.896658912738314163e-05,2.732260450145905888e-05,2.679863698377486273e-05,2.586540423779008920e-05,2.439685351426754454e-05,2.301452386694873578e-05,2.266944584008906934e-05,2.180139057502766958e-05,2.058002821654664221e-05,2.032342639221670926e-05,1.951091278329454738e-05,1.843680999026638535e-05,1.743269005164545815e-05,1.727516923409498563e-05,1.655522931825508244e-05,1.567632062320609593e-05,1.556498997257592279e-05,1.490600092571313563e-05,1.413795960637906609e-05,1.406135192584595441e-05,1.346142550920340192e-05,1.279083877419934565e-05,1.216582157022034774e-05,1.212648576329164021e-05,1.161065534986398481e-05,1.106502837957986655e-05,1.104133518595719435e-05,1.057569459672954239e-05,1.009907943087211839e-05,9.654606092517484123e-06,9.646988738878220425e-06,9.250014268873764500e-06,8.861097819296232395e-06,8.859253705534582104e-06,8.502168256442643892e-06,8.161332249261635445e-06,8.162980186640868876e-06,7.846350834562955157e-06,7.542700528849547807e-06,7.262771792799572321e-06,7.267335192557201606e-06,6.994324209403698590e-06,6.747742241212534986e-06,6.752385698276772602e-06,6.506836576833038075e-06,6.289114026887321552e-06,6.084778800710390363e-06,6.088774754769698574e-06,5.879457402595317254e-06,5.698313614224429615e-06,5.701055786927589014e-06,5.512391303905809673e-06,5.351370118823851713e-06,5.352675240655816512e-06,5.200462206444028148e-06,5.038898781162088934e-06,4.903442323428800089e-06,4.902663546360321239e-06,4.756560305486878580e-06,4.635260006355111243e-06,4.632939049043309454e-06,4.500622353499461271e-06,4.391676829501221092e-06,4.288416294928924429e-06,4.284026430629123062e-06,4.169729380671971067e-06,4.076545691125252136e-06,4.070819836241841896e-06,3.966860817012510398e-06,3.882518017224359672e-06,3.802218193144254395e-06,3.794754514709408760e-06,3.704292536555874556e-06,3.631265964585462881e-06,3.622770776072077570e-06,3.540100921279260888e-06,3.473493101225958886e-06,3.464098522537362296e-06,3.399979587610625859e-06,3.327478342588133418e-06,3.269112241081467211e-06,3.258568857623695795e-06,3.191983790040440274e-06,3.138352172182289992e-06,3.127197974248255146e-06,3.065928892976343892e-06,3.016512506022363882e-06,2.968976902097157788e-06,2.957048017481125122e-06,2.902714388626040635e-06,2.858729740479922660e-06,2.846432781241111087e-06,2.796186099264845270e-06,2.755383950337094048e-06,2.742803747141395167e-06,2.703220262752134161e-06,2.658305819323622979e-06
2.139654365718638400e-06,2.171086544225667952e-06,2.203629394185306316e-06,2.237349333370156226e-06,2.254054241357138812e-06,2.289149105706111192e-06,2.325566626756656730e-06,2.342644543358144728e-06,2.380585962320073661e-06,2.420016949318824138e-06,2.429499696169187154e-06,2.478568473405313482e-06,2.521374293558185329e-06,2.565969988135600290e-06,2.583811822728144295e-06,2.630406678601252071e-06,2.679028712877659609e-06,2.697131717795577118e-06,2.747991273359249322e-06,2.801151698446427740e-06,2.856769072143560172e-06,2.875132159738210059e-06,2.933420680216032150e-06,2.994506974018390753e-06,3.012981216992393371e-06,3.077078149475064760e-06,3.144367417446048171e-06,3.149790749637982364e-06,3.233554202118581585e-06,3.307895432581853263e-06,3.386149133045528764e-06,3.404498150515693178e-06,3.486874757515001365e-06,3.573737495716442427e-06,3.576345737759090771e-06,3.683368480904750804e-06,3.780074305029585477e-06,3.882317565744671722e-06,3.899766884670074277e-06,4.007749974911320196e-06,4.122110138793463224e-06,4.138843732836469501e-06,4.259772629275066314e-06,4.388056785978539693e-06,4.524260684664106158e-06,4.539640054521815860e-06,4.683953076807894095e-06,4.837419682335960881e-06,4.851423991800307367e-06,5.014218903859450299e-06,5.187605752643664365e-06,5.182367878438317820e-06,5.384004914226407110e-06,5.580409473746130915e-06,5.790048362390866248e-06,5.799315945986641162e-06,6.022347356602393919e-06,6.260723198108028592e-06,6.267153320542739722e-06,6.521013797999067613e-06,6.792671126699877773e-06,7.083531568148164888e-06,7.085253555774090630e-06,7.395470603342775544e-06,7.727954600459203681e-06,7.725354872619930244e-06,8.080247199115859661e-06,8.460941520929803750e-06,8.465998919376788970e-06,8.859891034966480640e-06,9.296381723068373695e-06,9.765023402872766311e-06,9.749283371882388856e-06,1.025025962848428306e-05,1.078832004279379118e-05,1.082295870487308650e-05,1.134086085571470534e-05,1.195883484123125718e-05,1.262249105541666494e-05,1.258893323037035364e-05,1.329855082915206472e-05,1.406028464062052454e-05,1.401775565596655653e-05,1.483191666518951010e-05,1.570511016113978214e-05,1.585275228717912492e-05,1.658561082277328660e-05,1.758440847797156022e-05,1.865302166874441427e-05,1.858795001157874605e-05,1.972668139564870009e-05,2.094206629349751011e-05,2.127271786620375278e-05,2.215994473282691365e-05,2.353456138908567184e-05,2.499361527818780374e-05,2.490916840042889770e-05,2.645204053868848495e-05,2.808121538845690152e-05,2.799229306212401588e-05,2.970620331482796563e-05,3.150351761205276755e-05,3.337992794131112534e-05,3.329202414815082421e-05,3.524294822069915639e-05,3.725803928309117887e-05,3.717887321534636686e-05,3.925093671876096014e-05,4.136046794794686140e-05,4.282553080057745974e-05,4.343814348732254839e-05,4.557163805284334285e-05,4.767296234503518325e-05,4.766927402855042117e-05,4.972753154132939109e-05,5.168844893890720525e-05,5.392852419467394421e-05,5.363306839392105332e-05,5.531884674482554268e-05,5.678042255777213381e-05,5.709807391949305922e-05,5.837972391774275864e-05,5.935801628622311258e-05,6.001295696992594469e-05,6.080029704324024564e-05,6.122948094083046115e-05,6.463228418683018329e-05,6.270712466647672119e-05,6.261961873951104761e-05,6.217103317668122196e-05,6.445685810044721935e-05,6.400112915233951137e-05,6.327886076129862248e-05,6.738238292928523145e-05,6.598840540819248240e-05,6.530538360314688633e-05,6.463473108796992590e-05,6.910987851643553422e-05,6.877776029541027010e-05,6.866478220825474358e-05,7.350439230647779637e-05,7.368790106548325563e-05,7.420495102043588736e-05,7.509770169939540985e-05,7.918775793650174085e-05,8.001213315552888582e-05,8.105030652375596733e-05,8.357686148333645030e-05,8.407352356788513870e-05,8.456517470630701223e-05,8.494479524194531190e-05,8.501064114895081258e-05,8.463102061331251292e-05,8.428747108055203671e-05,8.398534924324233398e-05,8.145879428366186456e-05,8.068403960142485679e-05,8.020396880904462984e-05,7.611391257193828529e-05,7.564732580714165783e-05,7.562941181823579358e-05,7.600148715033624416e-05,7.116187705211317782e-05,7.186541454026736467e-05,7.279938990965701654e-05,6.832424248119146242e-05,6.958465335538245404e-05,7.082420302327909476e-05,7.282209312842840546e-05,6.862043984772592644e-05,6.978455564513790042e-05,7.060949965294482000e-05,6.832367831172810534e-05,6.906439054829101494e-05,6.936618100994214212e-05,7.169552415208936395e-05,6.802744693312716266e-05,6.766622860722780561e-05,6.688228741761988367e-05,6.622837812540058257e-05,6.519682452713660727e-05,6.381271521269877623e-05,6.349838191057358095e-05,6.189425875881861261e-05,6.003260929227025982e-05,6.038590835499300154e-05,5.789492791530959732e-05,5.571423535537614759e-05,5.342283346391576065e-05,5.344058777799783999e-05,5.109938954429860543e-05,4.872196303916398881e-05,4.804855989519626441e-05,4.642029114994520325e-05,4.407025920650345282e-05,4.176252447943263300e-05,4.186530157290155205e-05,3.962198446111303796e-05,3.745078007507373214e-05,3.756399842962085986e-05,3.547651557419908734e-05,3.347765868473046865e-05,3.157218087792160389e-05,3.168643003880067938e-05,2.987555126886261807e-05,2.816110323921438153e-05,2.826956038186069950e-05,2.664834330487147901e-05,2.512132490657248741e-05,2.413993170696898232e-05,2.378164935102880363e-05,2.243163743736084604e-05,2.116699953995008305e-05,2.125056169712633301e-05,2.006343400937318669e-05,1.895399295934824203e-05,1.814197083504411547e-05,1.798508229124355353e-05,1.701477015107824971e-05,1.611007556273159528e-05,1.616468915582623336e-05,1.531771847014499021e-05,1.452864778249795459e-05,1.457174105708549096e-05,1.383322467663668005e-05,1.314544159903466671e-05,1.256934427830652426e-05,1.253426972059248330e-05,1.193476861644151607e-05,1.137643052540709729e-05,1.139664308269088292e-05,1.087380922907993566e-05,1.038665913509336389e-05,9.946913667090491207e-06,9.942505157241357021e-06,9.516947679309002855e-06,9.120021123020485067e-06,9.123359562943618662e-06,8.751026797777280902e-06,8.403405770516400678e-06,8.401194480491892800e-06,8.074827084006460910e-06,7.769776208668850896e-06,7.484477875113542625e-06,7.476220634827839799e-06,7.207930427207754733e-06,6.956677108658578491e-06,6.944776143257813481e-06,6.708246987239431519e-06,6.486418655606566933e-06,6.258609777047244840e-06,6.262469949329085760e-06,6.066099739249374377e-06,5.881501609617898409e-06,5.863517978752917054e-06,5.689201905435369129e-06,5.525066393642366288e-06,5.505316979280936595e-06,5.350134577128875419e-06,5.203767455721643532e-06,5.065588293081639611e-06,5.044099852035686778e-06,4.913188952995350508e-06,4.789383826174499618e-06,4.766976287180970612e-06,4.649536044841046124e-06,4.538272478318478176e-06,4.415426085974194376e-06,4.409543236138655498e-06,4.309245483125837011e-06,4.213959190367890333e-06,4.190396303689426769e-06,4.099707787484098263e-06,4.013395688722081195e-06,3.916522303019695862e-06,3.907417182283417145e-06,3.828997847195061120e-06,3.754156337399535589e-06,3.730432642418339337e-06,3.658971706867959421e-06,3.590651449640663690e-06,3.567070494814990985e-06,3.501759340980388093e-06,3.439211020093543133e-06,3.379251823055882393e-06,3.356004853341338035e-06,3.298578234355245711e-06,3.243437110823805911e-06,3.220525522924149747e-06,3.167655304539423022e-06,3.116807104333012166e-06,3.058959333253800749e-06,3.045481075675151287e-06,2.998467854403278983e-06,2.953142589810449125e-06,2.931211987028070628e-06,2.887633600923412039e-06,2.845557471462540879e-06,2.824105867609013715e-06,2.783611958031976643e-06,2.744458170789850420e-06,2.706570344374260713e-06
2.190000497528796527e-06,2.201585297951860629e-06,2.233694465895873326e-06,2.273291126927461377e-06,2.307993404128525784e-06,2.319321848005306263e-06,2.362119538158824762e-06,2.399571528335698133e-06,2.410701432349555000e-06,2.449372996790060754e-06,2.497571421470035109e-06,2.508428718959694025e-06,2.550313849007623836e-06,2.602679288473719184e-06,2.648441434920162044e-06,2.658668535507851683e-06,2.715676453690792347e-06,2.765531090097858509e-06,2.775266620346504201e-06,2.826966269131038254e-06,2.891919615615797933e-06,2.948863361224784140e-06,2.957618722845287431e-06,3.028705885002087482e-06,3.091200555481584547e-06,3.099194358407002699e-06,3.164258668330094164e-06,3.245940288118363696e-06,3.253046748676522024e-06,3.324787830626877251e-06,3.414651339074291864e-06,3.494544201068730684e-06,3.500087530937381753e-06,3.583660969437788414e-06,3.687770028854503132e-06,3.692117218225905563e-06,3.785015744227634719e-06,3.900126473809305188e-06,4.004336086688414770e-06,4.006742678554781299e-06,4.134246683071008668e-06,4.250753535458738362e-06,4.251716441803876742e-06,4.374563674549941810e-06,4.523835234939497934e-06,4.662507879441856571e-06,4.661391613117833216e-06,4.827448423223904414e-06,4.983668495252362446e-06,4.981108651901578252e-06,5.146938887807133396e-06,5.342588488906469308e-06,5.338704737563225187e-06,5.526579143047440616e-06,5.744985321334083832e-06,5.958397118908881088e-06,5.953484839675437203e-06,6.197534723255136722e-06,6.440275767882549740e-06,6.435121006478410757e-06,6.695524939918897379e-06,6.984792004081405613e-06,7.281209971271610978e-06,7.278090298889196547e-06,7.601817137357882872e-06,7.940904024940073430e-06,7.940565107982877971e-06,8.307330783420294813e-06,8.691456563079743712e-06,8.695991235407769194e-06,9.117731755610399959e-06,9.547296754414166849e-06,1.002655209177473257e-05,1.004530780499526046e-05,1.056808019883160259e-05,1.107610921959449962e-05,1.110913222029104778e-05,1.171219361339944960e-05,1.227785439683247157e-05,1.295927775740922814e-05,1.302719356323989331e-05,1.365499207904974993e-05,1.443862070959708853e-05,1.453976233377476807e-05,1.540414569980204989e-05,1.613369072106006301e-05,1.627975347574091779e-05,1.727547984886251139e-05,1.807398586672051276e-05,1.917979506795203766e-05,1.942425629027583897e-05,2.065133237749991205e-05,2.155148984586213273e-05,2.188545544314407626e-05,2.328681814078535086e-05,2.424431825054889348e-05,2.576493527708078785e-05,2.628356478530789633e-05,2.728306957679251822e-05,2.898620294728111179e-05,2.966631385323826635e-05,3.155621997158378873e-05,3.256752283344644018e-05,3.453861455895229843e-05,3.552966930811582555e-05,3.649312673914675625e-05,3.861647351773347790e-05,3.986322194248885655e-05,4.218343198908234930e-05,4.294339368478195023e-05,4.448361822849169594e-05,4.688755420602009239e-05,4.739761797802826104e-05,4.962534720728850758e-05,5.165414617055703281e-05,5.397328163735748495e-05,5.388625472692909658e-05,5.627137945723439602e-05,5.835860321033913353e-05,5.774952084191044570e-05,5.929952948923411743e-05,6.220459330448834597e-05,6.103017401114186404e-05,6.207054179381248506e-05,6.536002121177547067e-05,6.613284036954197658e-05,6.415486295189234034e-05,6.786266823500564126e-05,6.800497319876397525e-05,6.584866714530595590e-05,6.543581905721533392e-05,6.962076190684601882e-05,6.887168789507857138e-05,6.706859593081972170e-05,7.160082559976649536e-05,7.072839754319594453e-05,6.985828291088603712e-05,6.936881861369572776e-05,7.392388871358773718e-05,7.423492142742185165e-05,7.434860337654488141e-05,7.861328759221745694e-05,7.886403726760867253e-05,8.061052301380774803e-05,8.164808543801658071e-05,8.474423430672682600e-05,8.647114559207221777e-05,8.739453385579753781e-05,8.896718899271120100e-05,8.946111897002801869e-05,8.973411943340796576e-05,8.973411943340796576e-05,8.953684745971522783e-05,8.921451292021879336e-05,8.772154659884097341e-05,8.704421423729008750e-05,8.553124362466130246e-05,8.255064306888574015e-05,8.193215750818837770e-05,8.056065425303301749e-05,8.089360766793996004e-05,7.674453940084742932e-05,7.724851172616356240e-05,7.752194244987304435e-05,7.302067308582816448e-05,7.414279957004530112e-05,7.565611264872529047e-05,7.713167287693731896e-05,7.250830613614253639e-05,7.493762165718141144e-05,7.614052169951088852e-05,7.177094988110009903e-05,7.251020788339706939e-05,7.516313885004280361e-05,7.520439939153090872e-05,7.121823456647467777e-05,7.357341330001436540e-05,7.282152091123455693e-05,6.922853736237866975e-05,6.813739230049925696e-05,6.951278863358529658e-05,6.630557222599575034e-05,6.460700317652894541e-05,6.532006161673747392e-05,6.300666188787071059e-05,6.035544003364174743e-05,6.047113300793346106e-05,5.788912401192303236e-05,5.563126478660821751e-05,5.314994129600753844e-05,5.259286955863486893e-05,4.991401200701058304e-05,4.820308345713023024e-05,4.736667588353402281e-05,4.478254724036925691e-05,4.340144373563525860e-05,4.103850374635059119e-05,3.997530502375975896e-05,3.888132775899413548e-05,3.668938902048369410e-05,3.557274941942867888e-05,3.347162134831669608e-05,3.272573066506165350e-05,3.083339310417373220e-05,2.972905240108333292e-05,2.916308082944383780e-05,2.747405343095466620e-05,2.641544312181927780e-05,2.485901153045684344e-05,2.449791923303999043e-05,2.350189884213317397e-05,2.213901160664055097e-05,2.187642536224119664e-05,2.064818963464330143e-05,1.976363926771940478e-05,1.865751667702399128e-05,1.850273791962008224e-05,1.769363901388831421e-05,1.673288339669250940e-05,1.662667710707317904e-05,1.575526468965464876e-05,1.505789784741658922e-05,1.498728685662568484e-05,1.422880293471399699e-05,1.359952596648852746e-05,1.292787312025998431e-05,1.289442745525105624e-05,1.232835808736921625e-05,1.174535430114673867e-05,1.172664474215469403e-05,1.119162046469511869e-05,1.071190781053891460e-05,1.024061889085032998e-05,1.023643504980313666e-05,9.806655683785231648e-06,9.396034650998944524e-06,9.396435689896191898e-06,9.016289754411388940e-06,8.653107758756727990e-06,8.655888166577868805e-06,8.322854749544912004e-06,7.997629350286769191e-06,7.704550687575598960e-06,7.708820574126456178e-06,7.435185030558830509e-06,7.159926965466127452e-06,7.163456303549126900e-06,6.922243654475109824e-06,6.675309553636937955e-06,6.462466029805452814e-06,6.464357038128329415e-06,6.242594532414459388e-06,6.054149182502556594e-06,6.054280654039841164e-06,5.876440327587105256e-06,5.687508234994754836e-06,5.685809429410043624e-06,5.527434921358862185e-06,5.357132588365784374e-06,5.216387949833729399e-06,5.212157764269682098e-06,5.078436198987480927e-06,4.932360145585093242e-06,4.926411821511012821e-06,4.806379827743426455e-06,4.674112818795285562e-06,4.566713892195074902e-06,4.558511564451631697e-06,4.438526033344101878e-06,4.341539447409100300e-06,4.331970364947418900e-06,4.239097793065300876e-06,4.135053116239236184e-06,4.051313570332005110e-06,4.039992711344479612e-06,3.945124224216601917e-06,3.868880420360566726e-06,3.856586068942454091e-06,3.783240081732573031e-06,3.700278885647814527e-06,3.687166231446887848e-06,3.620078442532827995e-06,3.544032313427366322e-06,3.482851984205750265e-06,3.468705129432029792e-06,3.409628010592924863e-06,3.342555825121857267e-06,3.327916239310260624e-06,3.273484643016229961e-06,3.211676332591167805e-06,3.161632111337928933e-06,3.146373624066888174e-06,3.089301887640432266e-06,3.042927492280334771e-06,3.027434318325835143e-06,2.982474648508385122e-06,2.931550381229827483e-06,2.915908704232146876e-06,2.874104527762020219e-06,2.826842118271775054e-06,2.787994146202127443e-06,2.772167059119410840e-06
2.221094542798168997e-06,2.252972863881686964e-06,2.271636347647818648e-06,2.304760135211655176e-06,2.339008198298782673e-06,2.381179689860369986e-06,2.393838970073710047e-06,2.430719976760449573e-06,2.468938385713938656e-06,2.488868001920131334e-06,2.528682261421229860e-06,2.570002501820749545e-06,2.590455349528766392e-06,2.633546301089879933e-06,2.678337265295673174e-06,2.734262594334640549e-06,2.746052867891798718e-06,2.794737952015575804e-06,2.845473648607757389e-06,2.867046788453438477e-06,2.920113028321340199e-06,2.975508724971453217e-06,3.045026693863715914e-06,3.055502951658170879e-06,3.116164409130782183e-06,3.179663144747629344e-06,3.202102399024310408e-06,3.268730289038152281e-06,3.338601017757090629e-06,3.361286583258565744e-06,3.434693018983555384e-06,3.511814381774507401e-06,3.592922291662266276e-06,3.615770571463960011e-06,3.701164050470084291e-06,3.791140397581320733e-06,3.813952886356449056e-06,3.908808208947341002e-06,4.008943281687849669e-06,4.132903524356110791e-06,4.137255402050688967e-06,4.249055921392984522e-06,4.367424162013661032e-06,4.389427468487886708e-06,4.514655576864105691e-06,4.647488910567910793e-06,4.808712292953994918e-06,4.809453665598934691e-06,4.958995713067646899e-06,5.118067418505508774e-06,5.137792820459426398e-06,5.306675476466631221e-06,5.486641231002709949e-06,5.504761771186117417e-06,5.696074897834426847e-06,5.900296246342463264e-06,6.137247650384688622e-06,6.133704008150608771e-06,6.366129413751331557e-06,6.614851928677938995e-06,6.627209211277704310e-06,6.892476117532713577e-06,7.176773215445658316e-06,7.491612143673679276e-06,7.489126990164147230e-06,7.814911998530919436e-06,8.164780316223872833e-06,8.167576869850799070e-06,8.541774460522124027e-06,8.944107222573989115e-06,8.941306798530692125e-06,9.372005984251528883e-06,9.835552661906545927e-06,1.033463933748548454e-05,1.032271352808380821e-05,1.085762915576152075e-05,1.143393789829078213e-05,1.141380435208965802e-05,1.203180435785977335e-05,1.269788744588386627e-05,1.331681283946587216e-05,1.338280819357502142e-05,1.415293791195787614e-05,1.498287197475451527e-05,1.493886516519256783e-05,1.582904700556101081e-05,1.678781004898016412e-05,1.673176891593816315e-05,1.775960490931214529e-05,1.886540715051758852e-05,2.005399835301881857e-05,1.998096880866646091e-05,2.125285803958553544e-05,2.261700124021442712e-05,2.253134960909550680e-05,2.398814400338614155e-05,2.554573728250851664e-05,2.657779930864921297e-05,2.710714578768835510e-05,2.887269972460186263e-05,3.074677646391969733e-05,3.063886024768631115e-05,3.261994806510670010e-05,3.470824105248795477e-05,3.576068114550930247e-05,3.679012838804308135e-05,3.907914198455573470e-05,4.145460016018227985e-05,4.135426812645508411e-05,4.380739951407864848e-05,4.631478956808860158e-05,4.623756073496978683e-05,4.878685921666777521e-05,5.133815454054562545e-05,5.385464942171761795e-05,5.384794140074359512e-05,5.631473936614598825e-05,5.866046193872684404e-05,5.876577222483552674e-05,6.098865294333451816e-05,6.298384580954730907e-05,6.198724673982600056e-05,6.510987877110570462e-05,6.658267579948850710e-05,6.765823546606547750e-05,6.854294956130085458e-05,6.937854882599285675e-05,6.974877521135574405e-05,7.137754055925823495e-05,7.157264168455809456e-05,7.130304801618101557e-05,7.059008219505467701e-05,7.367244920438954174e-05,7.299086278352308311e-05,7.202193220960046772e-05,7.635838270109217372e-05,7.561545976982423647e-05,7.483143763436463558e-05,7.477507486386414642e-05,7.974960831808900147e-05,7.953313965514263316e-05,7.969980216832198508e-05,8.528395228233087461e-05,8.571558518874816874e-05,8.657838955892192823e-05,8.878409568526038343e-05,9.170463725968701070e-05,9.257849326623674195e-05,9.357233256815993233e-05,9.497871198261831338e-05,9.507037109389333558e-05,9.507037109389333558e-05,9.514703780456452130e-05,9.374065839010614024e-05,9.295877651092755256e-05,9.237581582403497796e-05,8.957110500319487344e-05,8.764060929784065065e-05,8.727406339810649886e-05,8.743408703734177416e-05,8.184993692333287108e-05,8.234888951360471950e-05,8.327601621171348367e-05,7.837312860014942649e-05,7.908140318890519269e-05,8.057031849572639758e-05,8.197144835749469100e-05,7.763499786826312640e-05,7.919288951811478885e-05,8.037799013324888866e-05,7.729562442001220823e-05,7.841686727320846563e-05,7.899555987206155201e-05,7.901137571764106030e-05,7.738274752915863509e-05,7.713027687528867563e-05,7.632688335292668190e-05,7.544319502635429440e-05,7.432445588175135042e-05,7.274315398110549954e-05,6.929925826627363050e-05,7.045929037292661509e-05,6.825873370803856195e-05,6.579659626242768868e-05,6.570224265486324599e-05,6.309449761355672695e-05,6.034895755848614926e-05,6.037340901264937824e-05,5.757026199200264297e-05,5.472793023700237025e-05,5.188794017747200781e-05,5.199095083703578397e-05,4.919857184243260379e-05,4.646737615884068964e-05,4.659740042403956944e-05,4.395389193132598137e-05,4.140744974586594771e-05,4.027232251221883873e-05,3.911145117742179030e-05,3.678994337413903613e-05,3.458836448151297936e-05,3.472699730726484032e-05,3.264468432135187142e-05,3.068353022552648018e-05,3.010690976508881422e-05,2.896650913281407073e-05,2.723672084868686819e-05,2.561923798418397810e-05,2.572922888126270147e-05,2.421421731595637685e-05,2.280187409901607618e-05,2.289565521896830180e-05,2.157523573874750865e-05,2.034687111419242555e-05,1.920516403682276030e-05,1.927712926690937004e-05,1.821145275052858832e-05,1.722195580670347485e-05,1.727846714447763433e-05,1.635520812363084266e-05,1.549835079435695127e-05,1.542981237714217402e-05,1.474122113426930248e-05,1.399925783370911119e-05,1.331065098669741407e-05,1.333650547557015882e-05,1.269364611765823206e-05,1.209671494625930342e-05,1.211202947173641055e-05,1.155440980519475295e-05,1.103622497625929401e-05,1.055447882126864800e-05,1.055807498517732123e-05,1.010744294904117834e-05,9.688027764691053265e-06,9.684436570976813927e-06,9.291722053035573445e-06,8.925736578754151827e-06,8.927301787958236387e-06,8.573120205845369848e-06,8.252949391195194847e-06,7.953905804404935611e-06,7.938037202719560540e-06,7.657181062257004462e-06,7.394427945370168568e-06,7.395905937718923908e-06,7.127803687815304894e-06,6.896248193701079798e-06,6.679041161264395028e-06,6.655771673642594692e-06,6.451077867315364155e-06,6.258713918055777738e-06,6.233383547550487597e-06,6.051859695340588177e-06,5.880947390946190069e-06,5.876690053041306637e-06,5.692578853404282664e-06,5.540228629139759909e-06,5.396357902141078084e-06,5.368102361055748209e-06,5.231849937101094041e-06,5.102929163479587410e-06,5.094369567490623632e-06,4.951784380227326968e-06,4.835877834854262797e-06,4.725875480869409789e-06,4.696580828513440428e-06,4.592032169145130995e-06,4.492616185989484972e-06,4.463275572594760290e-06,4.368665178006612668e-06,4.278526892514815111e-06,4.192558576718150927e-06,4.163426912855643065e-06,4.081441538967923308e-06,4.003102873948114886e-06,3.974287510589811926e-06,3.899486413919141124e-06,3.827882149935563728e-06,3.812523812072378019e-06,3.731036581917284558e-06,3.665393249980882848e-06,3.602382331863918953e-06,3.574679189158378274e-06,3.514327083373675841e-06,3.456297475594612151e-06,3.439629918849054355e-06,3.373540493309291758e-06,3.319952728565843018e-06,3.268297020231171279e-06,3.242032500423531499e-06,3.192416734932911136e-06,3.144516821895931794e-06,3.118924209704279044e-06,3.072870276231132006e-06,3.028344101795721886e-06,3.010985115006453497e-06,2.960590765070425640e-06,2.919103521964110788e-06,2.878905783915269913e-06,2.854939075413206335e-06,2.816196651861346593e-06
2.253921132276168031e-06,2.291151213351055060e-06,2.324067673986877089e-06,2.338188899112377110e-06,2.378280005334020617e-06,2.413624060716779708e-06,2.450174127582860435e-06,2.464205765979644959e-06,2.509065693176467669e-06,2.548458171937187985e-06,2.562422852144271854e-06,2.610980633369890835e-06,2.653542009864747276e-06,2.667366287891824757e-06,2.720035239033178106e-06,2.766139255512293854e-06,2.814072360653492255e-06,2.827426333433249669e-06,2.887062139675446356e-06,2.939209708387430136e-06,2.952195323370190621e-06,3.017237629248683910e-06,3.074131099273918361e-06,3.133537646826362508e-06,3.145672177019384758e-06,3.219979284965118983e-06,3.285097446661993043e-06,3.296565356500741764e-06,3.378067565088596974e-06,3.449664436640352182e-06,3.460321343996329446e-06,3.534915445402185900e-06,3.628875178944548944e-06,3.711868104849207184e-06,3.720982363056151621e-06,3.824622971385928734e-06,3.916624839756615474e-06,3.924542375478591775e-06,4.039103418273276878e-06,4.141424210132250015e-06,4.249491617845484690e-06,4.255333436255637401e-06,4.389039545105625448e-06,4.509856773943538388e-06,4.514121079556231741e-06,4.662705608997474750e-06,4.798222250948565195e-06,4.942055630178396852e-06,4.943854509560600551e-06,5.118706857374564324e-06,5.280878480876842143e-06,5.280889786841548117e-06,5.476137553599001507e-06,5.659574735256616604e-06,5.657806233074701865e-06,5.876179814593606196e-06,6.084326590178625298e-06,6.306695033991488687e-06,6.302955721501455618e-06,6.562402276309874560e-06,6.815934275790489439e-06,6.811163867293357590e-06,7.102353192724246627e-06,7.392246462634880324e-06,7.703227503509645034e-06,7.699052715245444954e-06,8.046612117065123258e-06,8.403673937135458684e-06,8.401140427163708731e-06,8.791943084968596213e-06,9.202886493196910212e-06,9.203972810149580657e-06,9.650230505720539973e-06,1.011735521490963065e-05,1.062799338619308632e-05,1.064151516495450369e-05,1.116636074834515307e-05,1.175681582768604052e-05,1.178348672797570715e-05,1.237235231848343511e-05,1.305587104107740367e-05,1.379332935552534721e-05,1.385430000054534741e-05,1.455304033061451204e-05,1.540725138912037653e-05,1.550194887576868168e-05,1.628009037506910912e-05,1.726906901102576240e-05,1.741067451092088669e-05,1.850871341860645748e-05,1.941612069497715691e-05,2.064702332165396878e-05,2.089529153135672576e-05,2.188870992167205463e-05,2.330539416217561734e-05,2.365319824829731742e-05,2.472854569361859591e-05,2.635107436733228836e-05,2.808522529891926720e-05,2.864484707337423835e-05,2.982102193145521208e-05,3.178326682280051854e-05,3.253264578185003226e-05,3.374192205866811397e-05,3.593612050286913349e-05,3.824282490801942600e-05,3.936744039477851729e-05,4.053417309096522814e-05,4.304343674054021148e-05,4.448331949021573758e-05,4.552583210968786433e-05,4.818308388584213649e-05,4.999062361097052811e-05,5.287681053862023723e-05,5.351215581824897465e-05,5.618870549025248507e-05,5.861757163793261173e-05,5.880683786727061284e-05,6.130496191843996941e-05,6.419101648581092181e-05,6.379571333734727521e-05,6.592182724788567955e-05,6.773306169171069665e-05,7.128515347314157721e-05,6.979724441072594765e-05,7.094431609378350299e-05,7.498901404825135527e-05,7.289097237039076434e-05,7.330912578451740367e-05,7.788412378536028677e-05,7.785541531812157452e-05,7.527573316886040759e-05,7.460912560930170413e-05,7.972950143271374606e-05,7.762283690811681977e-05,7.677157101471118283e-05,8.222972703880272532e-05,8.118113748458974691e-05,8.060226689794082618e-05,8.020581531621678417e-05,8.544330744303648491e-05,8.640136806933719038e-05,8.684041125292852356e-05,9.141735066341462876e-05,9.329898618569598581e-05,9.426336866746679586e-05,9.557050501646843083e-05,9.823121470843783917e-05,9.967674335793996710e-05,1.003290293988427973e-04,1.008720289206886309e-04,1.008720289206886309e-04,1.004164660556385892e-04,9.996394984842635800e-05,9.867569746459596525e-05,9.612711563768605496e-05,9.519026330993220935e-05,9.471041155184968042e-05,9.326498984940238867e-05,8.884606552320903339e-05,8.909153242015911277e-05,8.876630120021802980e-05,8.364105902740016300e-05,8.480813464317382634e-05,8.614748964971184969e-05,8.797120830424345786e-05,8.245570481699175311e-05,8.395519446443106763e-05,8.680474698595996245e-05,8.150034838235886583e-05,8.262399198790705817e-05,8.583811530339770311e-05,8.614501748904487626e-05,8.124930537855876525e-05,8.097101523646606811e-05,8.347701191712759072e-05,7.907093893059957061e-05,7.788621348245829330e-05,7.963297935353075307e-05,7.571630637618930240e-05,7.373687304076439726e-05,7.139450542833902108e-05,7.186950332215993702e-05,6.866264755076698285e-05,6.588664142398285590e-05,6.569498577228485717e-05,6.299267375396711000e-05,6.001215132513895050e-05,5.931836364184669329e-05,5.610291150183284643e-05,5.409629243607487942e-05,5.113809455632916735e-05,4.998945685101289691e-05,4.839600125306734742e-05,4.560473598129533642e-05,4.431782054751399184e-05,4.307817691573982623e-05,4.051410524915512016e-05,3.807592949480052196e-05,3.674097829947390518e-05,3.592092042878921134e-05,3.374152891073392319e-05,3.244229697901170723e-05,3.183323206276926097e-05,2.990757905858796179e-05,2.810627348977315433e-05,2.691727186469550657e-05,2.654262187574628985e-05,2.496962298500996494e-05,2.387003907587545654e-05,2.360449965523221750e-05,2.223722622441057014e-05,2.123159094277624355e-05,2.001158590369045485e-05,1.986237789486542483e-05,1.876303089218355247e-05,1.789916587988968453e-05,1.780030584828764021e-05,1.684980980567385358e-05,1.607283553662757500e-05,1.600976841794464302e-05,1.518816350187811245e-05,1.442640565367394317e-05,1.377013637452267238e-05,1.374320781199132632e-05,1.308411888654046284e-05,1.249805735778191309e-05,1.248441924257781071e-05,1.191339019097767543e-05,1.139070665702590561e-05,1.089101925051592327e-05,1.088973381659668385e-05,1.042891284192251682e-05,9.990339403629083516e-06,9.992155278344224447e-06,9.590808136780858934e-06,9.199847118110790662e-06,9.202720353883145804e-06,8.852272428192408903e-06,8.525240813059841875e-06,8.196562188319306922e-06,8.199291214329681421e-06,7.912455743344653600e-06,7.618839723658114957e-06,7.619950894849691629e-06,7.367604665758051996e-06,7.131072950052057510e-06,6.882974441049611495e-06,6.881420251503870007e-06,6.672274906653042787e-06,6.449815974107193913e-06,6.446023580908409989e-06,6.260484197317324573e-06,6.060679421892412786e-06,6.054709451173769979e-06,5.889561509193846388e-06,5.733692527227556613e-06,5.563149149014293290e-06,5.554271578134396539e-06,5.414786935564113734e-06,5.260843242808730585e-06,5.250142254080325085e-06,5.124899230577421313e-06,5.006088138362033930e-06,4.873560298843341573e-06,4.860514317830220655e-06,4.753265016227758714e-06,4.632982019289562068e-06,4.618613525153740674e-06,4.521483850584852006e-06,4.412080623219339376e-06,4.324389899886987852e-06,4.308350837367639803e-06,4.224054960971856826e-06,4.128682236917006657e-06,4.111797230094792804e-06,4.034827223345752143e-06,3.947587175264575687e-06,3.930030546985501780e-06,3.859538479324526689e-06,3.791890331343058335e-06,3.715141525333023265e-06,3.696746185511885982e-06,3.634505116861492246e-06,3.563905646291335106e-06,3.545191518349740643e-06,3.487767873924976618e-06,3.432426342603971341e-06,3.369762743491938489e-06,3.350653693715553958e-06,3.299381861479686480e-06,3.241425765765483763e-06,3.222261544127186966e-06,3.174642782686322459e-06,3.120932829172028606e-06,3.101797063301330418e-06,3.057466581763003209e-06,3.014521919560676621e-06,2.966293281321560347e-06,2.947195561722590061e-06,2.907074392141852973e-06,2.862154639181672668e-06
2.309801928552727223e-06,2.325164822325718756e-06,2.357874411461390218e-06,2.397511544790120667e-06,2.413029510368055004e-06,2.448081312021417529e-06,2.484274819764191333e-06,2.528534629076509688e-06,2.544072047505587882e-06,2.582996965717509735e-06,2.630850231253164245e-06,2.646408159761873774e-06,2.688371448574787813e-06,2.740216194947174814e-06,2.755724711200348384e-06,2.801077509247561687e-06,2.848152073134987193e-06,2.906727378042101403e-06,2.921887013650874236e-06,2.972980345561972391e-06,3.036792003821692035e-06,3.051679643345120499e-06,3.107290637697945945e-06,3.165261027171112277e-06,3.238006333663763136e-06,3.252165549500801280e-06,3.315558853815479904e-06,3.395260064902810382e-06,3.408848449222287459e-06,3.478385600522757270e-06,3.551214478222692782e-06,3.578771489870889801e-06,3.655290204761456794e-06,3.735585978184149651e-06,3.836634625900545484e-06,3.848065054673308314e-06,3.936886435669370727e-06,4.048481247899347101e-06,4.058790051681091162e-06,4.157374685885880172e-06,4.261357647269076716e-06,4.391392780374500864e-06,4.399683246261313889e-06,4.515732283241579859e-06,4.660141596457517412e-06,4.666888096687834128e-06,4.796857898388347804e-06,4.934669547420759507e-06,5.104415313744123270e-06,5.108666966459240641e-06,5.263876992746686738e-06,5.453362458775949240e-06,5.455782461811468722e-06,5.631203677602272689e-06,5.843100065854442509e-06,5.843650524101287506e-06,6.042608376690033128e-06,6.255103842928238639e-06,6.506808993441460883e-06,6.505129823029857128e-06,6.747441657661901823e-06,7.030047313475566254e-06,7.027094597592090231e-06,7.304320038843182065e-06,7.601830789671580648e-06,7.939412475967762457e-06,7.936543315720745261e-06,8.278599503499788640e-06,8.658590229759489143e-06,8.656914138310409102e-06,9.051327968598461680e-06,9.476341886911182052e-06,9.480600637203038879e-06,9.936605837758252641e-06,1.042866265830649512e-05,1.094110328572843913e-05,1.095404117123582416e-05,1.152497364542256503e-05,1.210135867193302329e-05,1.212675083393502986e-05,1.279041353272336691e-05,1.350825414148496140e-05,1.419551181181005958e-05,1.425438704890191208e-05,1.509033020794785629e-05,1.585885217082200549e-05,1.595103486512067847e-05,1.692489624236206261e-05,1.797850242029654856e-05,1.791957445282265068e-05,1.905364661023224826e-05,2.027966632040721596e-05,2.127566343424225099e-05,2.152312457101682557e-05,2.294677064661183972e-05,2.403416565156122817e-05,2.438377801324005843e-05,2.603098438963527927e-05,2.780202947931778628e-05,2.901309206374698459e-05,2.958313750127158684e-05,3.161257116825985273e-05,3.287861163161940822e-05,3.364808771809109871e-05,3.595086440092116147e-05,3.839244733620089927e-05,3.966364526732109834e-05,4.083224051291927780e-05,4.353812197133530320e-05,4.472594836726677349e-05,4.623312528516055139e-05,4.916285846150783421e-05,5.217104402550696007e-05,5.207010681445010155e-05,5.514072669354173748e-05,5.822294536738173432e-05,5.867302815325395787e-05,6.125683274521638209e-05,6.424422912422969752e-05,6.412625661470343374e-05,6.721524019665217251e-05,6.989258237514644004e-05,7.227062972066043407e-05,7.099530645664357050e-05,7.483202297555385058e-05,7.652025046100563324e-05,7.448459858696528698e-05,7.889251928278189787e-05,7.974324400376574533e-05,7.997956388164293156e-05,8.222785300303388635e-05,8.225873596587539814e-05,8.169894630862040207e-05,7.910157863930354627e-05,8.479455253868681665e-05,8.379593521377360352e-05,8.218237936969737944e-05,8.824094403235441340e-05,8.731438065490249403e-05,8.648520037465467667e-05,8.712226109331585558e-05,9.279098564933107186e-05,9.283229401273238154e-05,9.488235685267612919e-05,9.957009724010130341e-05,1.003043212740534836e-04,1.015050577017408850e-04,1.037663633781539107e-04,1.059369206576608088e-04,1.065896436251310075e-04,1.069760252506838413e-04,1.069760252506838413e-04,1.066910185231401196e-04,1.062720684877657668e-04,1.042108461343120367e-04,1.021601407406234853e-04,1.014024097631461326e-04,1.012475312473695965e-04,9.672999603866390265e-05,9.521574819132983003e-05,9.597928650098165441e-05,9.044525485049741402e-05,9.053766565237067097e-05,9.224591294796047032e-05,9.402311361581666953e-05,8.792386063520946603e-05,9.036259822714071664e-05,9.205023963970330536e-05,8.617682444211949603e-05,8.952834659120744918e-05,9.053594608827238068e-05,9.082451640269276628e-05,8.857632150234026711e-05,8.853534686876018771e-05,8.776481559930656567e-05,8.297346518149351102e-05,8.537157713700788218e-05,8.357294223034752913e-05,7.934735385560788535e-05,8.083359250707934640e-05,7.821467743725293452e-05,7.525152008670551540e-05,7.182076612574738296e-05,7.197864505064382080e-05,6.865450427006693018e-05,6.578090430352686029e-05,6.529710880412140149e-05,6.186412149530952961e-05,5.844431331109903441e-05,5.857825809157431721e-05,5.522927650872938159e-05,5.196866952865615720e-05,5.030228214382628788e-05,4.899399524271480939e-05,4.598508132594903466e-05,4.469855174447362055e-05,4.329696111463542888e-05,4.058384753012355030e-05,3.802587893617604081e-05,3.718530757549635328e-05,3.578780595873119909e-05,3.353433626470824527e-05,3.291519142723539713e-05,3.157705372514363665e-05,2.961066620098608303e-05,2.778213544774776056e-05,2.740649251945958796e-05,2.620332171072156248e-05,2.462248594729716467e-05,2.435849382098373119e-05,2.325492869462200595e-05,2.189273713500598532e-05,2.063266661554344740e-05,2.070833896159215119e-05,1.953669764726240584e-05,1.845357846421319018e-05,1.835748316917539875e-05,1.750286537767404324e-05,1.657197758093615467e-05,1.651100260805648620e-05,1.574532998959467313e-05,1.494475599329060723e-05,1.420427696027182638e-05,1.417833156024509362e-05,1.353452023021115820e-05,1.289630489160838284e-05,1.288277337603848210e-05,1.230915215851988099e-05,1.175794058675145815e-05,1.124671900183609355e-05,1.124125012860177687e-05,1.076402246883289974e-05,1.032074999873764926e-05,1.032094351002447609e-05,9.893238929502232588e-06,9.507770625967178966e-06,9.508505051058508274e-06,9.127576730568063223e-06,8.791333043210733871e-06,8.477622906532725940e-06,8.477641316755970446e-06,8.157561439737037279e-06,7.882476323421657344e-06,7.880617857204862822e-06,7.594747574498484280e-06,7.352694370576070960e-06,7.125706608171541599e-06,7.120919474951637280e-06,6.879262016159230971e-06,6.678397790025764317e-06,6.671296717178592481e-06,6.454554227900591771e-06,6.276164325285102202e-06,6.266863542656967409e-06,6.072110463548620918e-06,5.913106390872760588e-06,5.762864451248709442e-06,5.750661363118954322e-06,5.584209742300195058e-06,5.449523632496489470e-06,5.435563819113794892e-06,5.285202786162806899e-06,5.164033300064024797e-06,5.048918584405308364e-06,5.032716374129406734e-06,4.903047757272976508e-06,4.798909560161890729e-06,4.781496846742385072e-06,4.663697685511177493e-06,4.569172135392974637e-06,4.478902738587552018e-06,4.443515408245784278e-06,4.357434104668617349e-06,4.275070159359167182e-06,4.255421024627207549e-06,4.161732142991174475e-06,4.086347499688838308e-06,4.066158061858399643e-06,3.980364755403066755e-06,3.911160913748213757e-06,3.844637099257596702e-06,3.823776333605133193e-06,3.748139655615960788e-06,3.686790716184433587e-06,3.665740064981078421e-06,3.596086219560820784e-06,3.539357040344860531e-06,3.484596527682782945e-06,3.463312935335884523e-06,3.401358682067734679e-06,3.350515566186874815e-06,3.329296769336588519e-06,3.271934813196297701e-06,3.224616210306275409e-06,3.203540724323388111e-06,3.150324976125648556e-06,3.106186523181186631e-06,3.063366953903049406e-06,3.042472443494365883e-06,2.994594422364566345e-06,2.954517176914617589e-06,2.933913951216108893e-06
2.343947606522432365e-06,2.376553423471283161e-06,2.398655316481420614e-06,2.432512936280807011e-06,2.467409510976327298e-06,2.484392091520599673e-06,2.526591894692477078e-06,2.564020052929362680e-06,2.602674714957705900e-06,2.626698630528855704e-06,2.666932211062364805e-06,2.708541383006747326e-06,2.733412161784096196e-06,2.776763372026897048e-06,2.821661644580343575e-06,2.838905500286198969e-06,2.894212175840607331e-06,2.942782670357084992e-06,2.993208346673902360e-06,3.020071525111888437e-06,3.072754104801493062e-06,3.127538237800811864e-06,3.144343080163883623e-06,3.212544985163857012e-06,3.272233338964019002e-06,3.334470742432046060e-06,3.363263813049366744e-06,3.428487318802090467e-06,3.496619383524097207e-06,3.512271806941637452e-06,3.597672365797786349e-06,3.672490363459343716e-06,3.687476378789220327e-06,3.781370566952368773e-06,3.863795379528468549e-06,3.950320689355615861e-06,3.981411392200212690e-06,4.072517416950210922e-06,4.168348686605944684e-06,4.180787696774981046e-06,4.300960343922174743e-06,4.407463960883041449e-06,4.519853071871959684e-06,4.551808382088765983e-06,4.670588268051468282e-06,4.796196528906236347e-06,4.804890026728572394e-06,4.961140550672824267e-06,5.102025936548090967e-06,5.251503365326082973e-06,5.283131841887747348e-06,5.441723045412441075e-06,5.610345567874981760e-06,5.641279347482770063e-06,5.820447769103205204e-06,6.011354384617847292e-06,6.013012826957291659e-06,6.244289518003989490e-06,6.461200114774780465e-06,6.693063942493931367e-06,6.720448711449112378e-06,6.967776832419157050e-06,7.232690954082974734e-06,7.229566627207882589e-06,7.540440776149353452e-06,7.844142961533319349e-06,8.170396293233522482e-06,8.190293807170439381e-06,8.539599810079958529e-06,8.915519607172698259e-06,8.911673323791241907e-06,9.333521133950571695e-06,9.767955495175796959e-06,9.766187652838222405e-06,1.024306841501596203e-05,1.074649745885634463e-05,1.129037559515115898e-05,1.128858850855576038e-05,1.187339091078675042e-05,1.250593569796034836e-05,1.252562391878412945e-05,1.317489119063030122e-05,1.391188857661101464e-05,1.471002095602587006e-05,1.468184827276571055e-05,1.554166264575490341e-05,1.647317775550550501e-05,1.655894383988086119e-05,1.743403976764950340e-05,1.852147643334075118e-05,1.865535499978295412e-05,1.963346841270576174e-05,2.090207547706558750e-05,2.227469690866623351e-05,2.218998862775084524e-05,2.366726974424463318e-05,2.526294878511079639e-05,2.562115699989215607e-05,2.687306270577036034e-05,2.872010499832960701e-05,3.070579111665751987e-05,3.057607687026662856e-05,3.270013879341271862e-05,3.497258662488235436e-05,3.579656239698133510e-05,3.724712770820755916e-05,3.981772685769658493e-05,4.253630643718688513e-05,4.238276018011850091e-05,4.524296608919544315e-05,4.823319021038285546e-05,4.990445501627185519e-05,5.119681438652523949e-05,5.439476142937688081e-05,5.653166467727628353e-05,5.754907411693856655e-05,6.083605830789247523e-05,6.408671140547854883e-05,6.407211228002140013e-05,6.726528501782943386e-05,7.029452403843283411e-05,7.382662448713608275e-05,7.331782542133938178e-05,7.586051866248425381e-05,7.798216318307623653e-05,7.865037526285291079e-05,8.046091034942199694e-05,8.169846768855406564e-05,8.672875006181291239e-05,8.407134810883289903e-05,8.435762469688655126e-05,9.005787486286864090e-05,8.713646307947892468e-05,8.664573313594884881e-05,8.561015016933873085e-05,9.051678330004299074e-05,8.965946291466878602e-05,8.855684681994433697e-05,9.509285630453624769e-05,9.441958462614205810e-05,9.387480515135990689e-05,9.374864287598317183e-05,1.011463567736641976e-04,1.014628495764292930e-04,1.023845072515834978e-04,1.070000898681448527e-04,1.092953598836092716e-04,1.104082161142804332e-04,1.117467952013033076e-04,1.137364646290581384e-04,1.138447153731656967e-04,1.138447153731656967e-04,1.139639518405905242e-04,1.119742824128356663e-04,1.109305917216621710e-04,1.102320109064526185e-04,1.083092513761476901e-04,1.038815514719215852e-04,1.036657494558069212e-04,1.041765104921399610e-04,9.677879659445893525e-05,9.781326826314610612e-05,9.929878230253748469e-05,1.008927080645514990e-04,9.435971658413932562e-05,9.632450618598533375e-05,9.794697203920350978e-05,9.304033903719280093e-05,9.471919577804573803e-05,9.571723460503139770e-05,9.937186506376409208e-05,9.330535582968010823e-05,9.324907563547486734e-05,9.644195067989380990e-05,9.097953436820589127e-05,8.973087982656438350e-05,8.781095187764156971e-05,8.714723175373848484e-05,8.483653207497025004e-05,8.203988674044896399e-05,8.265155055086087380e-05,7.872834666885091578e-05,7.536343296750074960e-05,7.181160510165113893e-05,7.185185528271318311e-05,6.823291525186113665e-05,6.457308832120259886e-05,6.345629298380518247e-05,6.108570086803267985e-05,5.752687924734115136e-05,5.610356861111624163e-05,5.425616972481425758e-05,5.093132629052223395e-05,4.775228803628030563e-05,4.794977215060319966e-05,4.492917464640561675e-05,4.207401215081556830e-05,4.047321138640876738e-05,3.957379666688420417e-05,3.705079278169202527e-05,3.469319777885209431e-05,3.485977772379996516e-05,3.265532143992954929e-05,3.060517559867972388e-05,2.922075478319710945e-05,2.883654167555099116e-05,2.706480284958669494e-05,2.542463075838214954e-05,2.553340897567969844e-05,2.400835952994897549e-05,2.259880658815199511e-05,2.151370411542738673e-05,2.137348381635464524e-05,2.016396189808568505e-05,1.919142623697881058e-05,1.910236200211804788e-05,1.806489248297366869e-05,1.710695087032696376e-05,1.714312881530116029e-05,1.625280123812515684e-05,1.543027875737416432e-05,1.470539550472026309e-05,1.468526635596747157e-05,1.397792346513882058e-05,1.332352519423845006e-05,1.332582008109025545e-05,1.271628166599549114e-05,1.215161339402238277e-05,1.161627078033541864e-05,1.161680771521334942e-05,1.112826821130134788e-05,1.065349335218139313e-05,1.065534633544215069e-05,1.023142676368464549e-05,9.837057813670343969e-06,9.811506425600598780e-06,9.442493004241641819e-06,9.098537984564455917e-06,8.746357762582400913e-06,8.745802826221807499e-06,8.444784661870313825e-06,8.163326733365872212e-06,8.128160588439800816e-06,7.863783641406010258e-06,7.616056255458958073e-06,7.352140988216950880e-06,7.345404414702957865e-06,7.126565795550018510e-06,6.920816170319443950e-06,6.881092564157968032e-06,6.687059487655278238e-06,6.504227578366010776e-06,6.463611877266662098e-06,6.290936186317678818e-06,6.127868974961255046e-06,5.947574735543236074e-06,5.932593995129318307e-06,5.786621995141521479e-06,5.648302994361702810e-06,5.607267589897237158e-06,5.476126262741043444e-06,5.351593277813438563e-06,5.211763387536428587e-06,5.192657180312456431e-06,5.080143227688720021e-06,4.972949477219793271e-06,4.933024358118880740e-06,4.831021898164211333e-06,4.733646188572020965e-06,4.623454770194149173e-06,4.601706851880576189e-06,4.512961684314992237e-06,4.412398805272862450e-06,4.390020698378741269e-06,4.308886359029361246e-06,4.231052786270630911e-06,4.194078171080249505e-06,4.119676726606443598e-06,4.048175477516810728e-06,3.967180552080941274e-06,3.943815488191632421e-06,3.877944680275313704e-06,3.814474431821993558e-06,3.779978087241863951e-06,3.719129162558559157e-06,3.660405344210408957e-06,3.594180989571690702e-06,3.570648507343743385e-06,3.516179049228180957e-06,3.463489525018752857e-06,3.431551720017003007e-06,3.380906886108949498e-06,3.331849480338247718e-06,3.300999174533241969e-06,3.253802626467834167e-06,3.208025803680024026e-06,3.156948058375689875e-06,3.134168593138064562e-06,3.091363109557444311e-06,3.049766014128335833e-06,3.021383873164973471e-06,2.981276941986967283e-06
2.379431757316522594e-06,2.417073055549405364e-06,2.450842913518088576e-06,2.469058169971716604e-06,2.503845765188235239e-06,2.545614445212721756e-06,2.564157938188144272e-06,2.601399621526903187e-06,2.646393722819927970e-06,2.686380512469581357e-06,2.705181208473714580e-06,2.753746822302021679e-06,2.796771237914254974e-06,2.815783225048570382e-06,2.860206839970067535e-06,2.914714518011123828e-06,2.933874743261714916e-06,2.981824934097840782e-06,3.040980466370223126e-06,3.093033325478649790e-06,3.112103247941424023e-06,3.165970398092031646e-06,3.232961268709110897e-06,3.251964334860871304e-06,3.310512077427320478e-06,3.383637686705721812e-06,3.447756017911384431e-06,3.466281488101016234e-06,3.532828523567463052e-06,3.616429461573004073e-06,3.634579424822689862e-06,3.707474860207312947e-06,3.799286720872268060e-06,3.816904071173832214e-06,3.897011489313665388e-06,3.998079876925072790e-06,4.086961473956342873e-06,4.103314290660566392e-06,4.196064192741263163e-06,4.313206206135255402e-06,4.328562432104246499e-06,4.431401684524715110e-06,4.561159653440005366e-06,4.676362780264026000e-06,4.689734990647560337e-06,4.810571425397354323e-06,4.962476329612886282e-06,4.974303769437126150e-06,5.109573479144114398e-06,5.278873461106724194e-06,5.431815354017152237e-06,5.440920588000780549e-06,5.630032468024564725e-06,5.802482435658751764e-06,5.809528042149912867e-06,5.992061674442081186e-06,6.216396030281269675e-06,6.221214209580595367e-06,6.428408740479303848e-06,6.680386031557172623e-06,6.917299426828715930e-06,6.918989608137678164e-06,7.171789283752552218e-06,7.473219936168294626e-06,7.472845780940108628e-06,7.762681054424913559e-06,8.102819144720966219e-06,8.436225089731909805e-06,8.434310145488219343e-06,8.793404071573813580e-06,9.202965585359481430e-06,9.200887838625702818e-06,9.616472319687546197e-06,1.008002483252524548e-05,1.007942153674304164e-05,1.056199378256368131e-05,1.108688340154248810e-05,1.164406549944095300e-05,1.165236876132474067e-05,1.226139883976133244e-05,1.289549436999616055e-05,1.291435471716294238e-05,1.362672033002165203e-05,1.434388240047156241e-05,1.516458519226090489e-05,1.521484854724215277e-05,1.612211780527217231e-05,1.698409075899726724e-05,1.706697196564694352e-05,1.813267353529112043e-05,1.910083149536312275e-05,1.923134275081254713e-05,2.048364230257133578e-05,2.156523360255040744e-05,2.298836612261912065e-05,2.323445333957322223e-05,2.483102234493331394e-05,2.609306105264097933e-05,2.645146868592445656e-05,2.831925101874784882e-05,2.969450536105726229e-05,3.177034000622009410e-05,3.238052826595532417e-05,3.472392371301117031e-05,3.623779116484512994e-05,3.708243554139442188e-05,3.977485345961029821e-05,4.132903406127890676e-05,4.419911651584162033e-05,4.552846931550000455e-05,4.875309060057370704e-05,5.022173810349578240e-05,5.197311845853360313e-05,5.550567600782426749e-05,5.676139172150920738e-05,5.901864331165271711e-05,6.275764371366255592e-05,6.362359799362652399e-05,6.709761825964912255e-05,7.023345062563381624e-05,7.389348824711650273e-05,7.373904907825009692e-05,7.753584681045161669e-05,8.079252892385579911e-05,7.971795076951254070e-05,8.198485761034679921e-05,8.675773982839160656e-05,8.867801812324199577e-05,8.605350490466661696e-05,9.157164212230360645e-05,9.236693062221220231e-05,8.916845649311824643e-05,9.549121181353015979e-05,9.522287934037975809e-05,9.219974984504891648e-05,9.127870965572441886e-05,9.830223541510305584e-05,9.687296415269433178e-05,9.551115802545565047e-05,1.027635307645870174e-04,1.016781863733855537e-04,1.023852221925624750e-04,1.026512471464464596e-04,1.089036641002264952e-04,1.094121345753714243e-04,1.122924195827635681e-04,1.167382204763790083e-04,1.176977550433548869e-04,1.197049197270893059e-04,1.205989386673255484e-04,1.213553305155116806e-04,1.213553305155116806e-04,1.207169905023644692e-04,1.200980639637949280e-04,1.183153237759498118e-04,1.178553075482929874e-04,1.136015810907664190e-04,1.112063334375683197e-04,1.115458979359787629e-04,1.054993039871654779e-04,1.061818782938056229e-04,1.063665248736314059e-04,1.085325243949647993e-04,1.013110097854714575e-04,1.036794781993491453e-04,1.060515318925471555e-04,9.887459065959133527e-05,1.005171830976941922e-04,1.044340166838409102e-04,1.051867359949185127e-04,9.848249089279907632e-05,1.023799231036220009e-04,1.017445831406296904e-04,9.576747382482310672e-05,9.887067762682348897e-05,9.684682951951331469e-05,9.159866010893998880e-05,8.913592314086638121e-05,9.039998745176725816e-05,8.679888509304494869e-05,8.258378592526368982e-05,8.278961245775268184e-05,7.871801326999067086e-05,7.523161888364407858e-05,7.136538413946510204e-05,7.042101780270862996e-05,6.625804730845378685e-05,6.375574981185632372e-05,6.237617314970059191e-05,5.844623084799363674e-05,5.651233141888679733e-05,5.489547053078575717e-05,5.131132006162876795e-05,4.985046679106332098e-05,4.666308070040595617e-05,4.494949955411550773e-05,4.195998317372211890e-05,4.103986300069714741e-05,3.936901722170562420e-05,3.676774260499288810e-05,3.610720401277306348e-05,3.380340044711217790e-05,3.228329230462653054e-05,3.021011446928829666e-05,2.982675115683159904e-05,2.842971098458495579e-05,2.665661388996177009e-05,2.639533641284276039e-05,2.481410577033329106e-05,2.361435134626116813e-05,2.222219348053719305e-05,2.208576266626386542e-05,2.100978388629255861e-05,1.982350023977445211e-05,1.973737855901952406e-05,1.877744904500954683e-05,1.776589000290716759e-05,1.771367161324036144e-05,1.679747777657527298e-05,1.599654574603131036e-05,1.520028796987401248e-05,1.518036456188448371e-05,1.447052640217666189e-05,1.378819506656434424e-05,1.377836985446511786e-05,1.315308892198960326e-05,1.256352161050469220e-05,1.202093299146967246e-05,1.201928472440507691e-05,1.149723316580424395e-05,1.102858164772405115e-05,1.102755624469354653e-05,1.056504736330897690e-05,1.015881570452268735e-05,1.015680912560297889e-05,9.778893119890171286e-06,9.393233001081664860e-06,9.063748666301334796e-06,9.059245104763090866e-06,8.716456356560401203e-06,8.428020233866338149e-06,8.420804765240337279e-06,8.149944753609197659e-06,7.862115643398357654e-06,7.624380477021983490e-06,7.613315483255614177e-06,7.356249821603616183e-06,7.145968068192132123e-06,7.132260113723460086e-06,6.933204263835771503e-06,6.715456703439690224e-06,6.699368669567575103e-06,6.522118274975071081e-06,6.326536441441150705e-06,6.169083098885738367e-06,6.149939151129997126e-06,5.973866382065624633e-06,5.832618235846115653e-06,5.811791301394949108e-06,5.676898593894596491e-06,5.525726163197138051e-06,5.404743458681109350e-06,5.381808586700939557e-06,5.244870522449917612e-06,5.135299291362501999e-06,5.111362557060286203e-06,5.006208181813420515e-06,4.887444051700080162e-06,4.792210012509498728e-06,4.767035995960973781e-06,4.658783993105101579e-06,4.571775185921441493e-06,4.546152834161006132e-06,4.447251496174775921e-06,4.367509172458193081e-06,4.341622164661583134e-06,4.264706783550940458e-06,4.177753320014777460e-06,4.107186687365375205e-06,4.080979579071740422e-06,4.001061913600070241e-06,3.935902453087684199e-06,3.909783927999664961e-06,3.846766297303080448e-06,3.775845314914975333e-06,3.717533119710702096e-06,3.691531122719829525e-06,3.625980155340899633e-06,3.571781142424033414e-06,3.546106609490967364e-06,3.493581997698379212e-06,3.434901839153699138e-06,3.409622702110286564e-06,3.360658971545920144e-06,3.306136688410631925e-06,3.260351585547434615e-06,3.235566730170072997e-06,3.184810754406922917e-06,3.141926410743543969e-06,3.117659142544172549e-06,3.076013483125259400e-06,3.030078558312066786e-06
2.420640726254059792e-06,2.453498059935481550e-06,2.487266038738493866e-06,2.521991151929028211e-06,2.547093129076732815e-06,2.583162961253125948e-06,2.620297037882720010e-06,2.646424039788529907e-06,2.685028947258875498e-06,2.724820511035776677e-06,2.772819655850265849e-06,2.793411100355424174e-06,2.836142465203059240e-06,2.880276911027416735e-06,2.908924352193179034e-06,2.954917144038375048e-06,3.002486204265795956e-06,3.032261923511529348e-06,3.081883626414632141e-06,3.133281450140625656e-06,3.186565862217857883e-06,3.217879401405045501e-06,3.273558506584713963e-06,3.331373687193445318e-06,3.363856456084168085e-06,3.424337923095423350e-06,3.487245390908704941e-06,3.552741716141692107e-06,3.586786049502737996e-06,3.655435537700464727e-06,3.727039797304354508e-06,3.762240225506580621e-06,3.837385791344122922e-06,3.915914311563209986e-06,3.952238916431278860e-06,4.034758306146642634e-06,4.121163029231845691e-06,4.211740854495045038e-06,4.249475829916737852e-06,4.344870114911849931e-06,4.445080982811879232e-06,4.483769980029008451e-06,4.589459766696127054e-06,4.700726139519705326e-06,4.818009399655011609e-06,4.857760999682728012e-06,4.981758949082894404e-06,5.112756941835813114e-06,5.153086041464363288e-06,5.291795891466474929e-06,5.438674139240029246e-06,5.622388051273898810e-06,5.635093142962956559e-06,5.800420836980755909e-06,5.976124925638142703e-06,6.016675119119844558e-06,6.203507824379820150e-06,6.402538718349368220e-06,6.442490739814882238e-06,6.654470775955778381e-06,6.880829388614250218e-06,7.122853416470689879e-06,7.161081675480174136e-06,7.419551940717658636e-06,7.696559864342600497e-06,7.732605671421571912e-06,8.028917178801907862e-06,8.347214726567572793e-06,8.689539063727920120e-06,8.721136505765551760e-06,9.088288582720481314e-06,9.484021418245021791e-06,9.510837809136744043e-06,9.935924569562427865e-06,1.039505974607556730e-05,1.041556451188872092e-05,1.090948345378086222e-05,1.144400704373578053e-05,1.202300087093580698e-05,1.203218720400406103e-05,1.265645204516889781e-05,1.333377248664184733e-05,1.333186772440786713e-05,1.406301227724084814e-05,1.485741241667574973e-05,1.572100207222602462e-05,1.570021599098571239e-05,1.663390096413115267e-05,1.764980737080988317e-05,1.761143603477747938e-05,1.871047506532071581e-05,1.990683352243218245e-05,1.984779392019800064e-05,2.114241189370651193e-05,2.255151950887281497e-05,2.408455252573644880e-05,2.399346955159561927e-05,2.565154663042716032e-05,2.745315918026650510e-05,2.733558124080439351e-05,2.928180369830810000e-05,3.139161971178936302e-05,3.367454221172193546e-05,3.352137101163675677e-05,3.597770851673457858e-05,3.862341745428855724e-05,3.844706973235622797e-05,4.128110531020575975e-05,4.431301891314591183e-05,4.754129725011300349e-05,4.734742436172402323e-05,5.076493823331732906e-05,5.436091187197536381e-05,5.417282006183538263e-05,5.793335663890137650e-05,6.182306443862757789e-05,6.166912552774681585e-05,6.566580368789306686e-05,6.969788661942747342e-05,7.369360928018614575e-05,7.366996635670972949e-05,7.759835245696492477e-05,8.131341101282231346e-05,8.152197683347163547e-05,8.502293574574313923e-05,8.808509128279652862e-05,9.056998477940768474e-05,9.149786969186895808e-05,9.356428437114981114e-05,9.484374479235355019e-05,9.686657226202685916e-05,9.776232246389086585e-05,9.777919320685832206e-05,1.015369480684078494e-04,1.013766598136700634e-04,1.004442831782916229e-04,9.888416394804865636e-05,1.056277763536223502e-04,1.043963468243047166e-04,1.030426049346425468e-04,1.116059445082936519e-04,1.108259167544700094e-04,1.104992044728045873e-04,1.109537298242193080e-04,1.193761073459644100e-04,1.201278495909404700e-04,1.216169491968549548e-04,1.271797770182378072e-04,1.278476378714766377e-04,1.287393321307826223e-04,1.295978295230387593e-04,1.297359396279868719e-04,1.288774422357307349e-04,1.283114220399396291e-04,1.281042552046662158e-04,1.225414273832833769e-04,1.216993208664403933e-04,1.217899634793816405e-04,1.133675859576365385e-04,1.139220889361042743e-04,1.153690771986587063e-04,1.173117656394946640e-04,1.087484260658435860e-04,1.112371324465735576e-04,1.135140522886244778e-04,1.067704398947264216e-04,1.092389784551454652e-04,1.109115932495535495e-04,1.116288188219698456e-04,1.078711027019521379e-04,1.082265540682164818e-04,1.075277508693932489e-04,1.055057407275252564e-04,1.042653570333592901e-04,1.021009410377529317e-04,1.011780122111792919e-04,9.848391970646476620e-05,9.512276539062232959e-05,9.125507386315695729e-05,9.106562143277289892e-05,8.694053948616231771e-05,8.257209738055474593e-05,8.262904486262603594e-05,7.818173562496446921e-05,7.369355478750532450e-05,6.924543331659974296e-05,6.944823533998415723e-05,6.512130081036625578e-05,6.093969995228501658e-05,6.118251713516575582e-05,5.718595604346604183e-05,5.338932162710877550e-05,5.363856427153720072e-05,5.005319813529615760e-05,4.668713565790911607e-05,4.354188630937366690e-05,4.376837367505099011e-05,4.083190044347953366e-05,3.810631374431366859e-05,3.830301347503496016e-05,3.576893569792282383e-05,3.342734628800548993e-05,3.126756787233238652e-05,3.141855592039441111e-05,2.941784548394423224e-05,2.757650019473086134e-05,2.769346441971854043e-05,2.598941526213183838e-05,2.442287194167208438e-05,2.298331105216427748e-05,2.305912674634474690e-05,2.172723193406337258e-05,2.050324362409397863e-05,2.055251816687163945e-05,1.941958227507526453e-05,1.837780617565608853e-05,1.840449861724546940e-05,1.743950131243360226e-05,1.655122506517429291e-05,1.573307262870721025e-05,1.573551862870420940e-05,1.497632225892306531e-05,1.427596369772263188e-05,1.426416707016863741e-05,1.361344769955842202e-05,1.301207102794477329e-05,1.245574331020425925e-05,1.242941211977352783e-05,1.191127162601612834e-05,1.143093445556097917e-05,1.139649819319791494e-05,1.094844770635052268e-05,1.053215815609044954e-05,1.049158230796819502e-05,1.010266039245990518e-05,9.740466185873731221e-06,9.402733367025743245e-06,9.356445151931031399e-06,9.040052018473907598e-06,8.744309394610806741e-06,8.695218584357883128e-06,8.417709098924998590e-06,8.157674643920303280e-06,7.913685691657882878e-06,7.862381312232765785e-06,7.632805543363405397e-06,7.416864004333609388e-06,7.364791482447752207e-06,7.161279776248792060e-06,6.969386213469164344e-06,6.948488105795990735e-06,6.736000849163172826e-06,6.564795871099618035e-06,6.402760361338274910e-06,6.350971757074470064e-06,6.197626689866514179e-06,6.052155998308349738e-06,6.001108990027733364e-06,5.863235843565027449e-06,5.732146118487162887e-06,5.607349396529711231e-06,5.557666929410537341e-06,5.439106442376621780e-06,5.325994524100522860e-06,5.277537163856481706e-06,5.169931261407367837e-06,5.067058010500140013e-06,4.968596296299859265e-06,4.921950063086664455e-06,4.828079837082589957e-06,4.738061224982910959e-06,4.692858602983609347e-06,4.606932401347953513e-06,4.524379818010707867e-06,4.480661794943013895e-06,4.401769220069278491e-06,4.325841084098023421e-06,4.252695012469364748e-06,4.210982272066816567e-06,4.140951457084008963e-06,4.073377709714696084e-06,4.033166435374309036e-06,3.968402756185375944e-06,3.905815924073705103e-06,3.845281844567922937e-06,3.807045361361245835e-06,3.748935517362313044e-06,3.692653298703664595e-06,3.655865693540915213e-06,3.601787297724723033e-06,3.549341000075890041e-06,3.521759736217252463e-06,3.463529843568652504e-06,3.414554235640632614e-06,3.366965960087713109e-06,3.333414976436647854e-06,3.287588397180544042e-06,3.243010137780243494e-06,3.210775439442935744e-06,3.167813768047548987e-06,3.125978470988041327e-06,3.085216804727072424e-06
2.470281720724827753e-06,2.491008618213199972e-06,2.524866381727661101e-06,2.564684253566371686e-06,2.600703208810507329e-06,2.622092196346448673e-06,2.664837201334120659e-06,2.703348944085348844e-06,2.725275557659202265e-06,2.771250011422193914e-06,2.812509432510109162e-06,2.855046674802674140e-06,2.877524246808598031e-06,2.928789328225629732e-06,2.974515818233988676e-06,2.997442560222636788e-06,3.052868793645763740e-06,3.102136674689648894e-06,3.125461910822618999e-06,3.176387383804757387e-06,3.238727244880346911e-06,3.293857663918474434e-06,3.317431939470691252e-06,3.385215252964363590e-06,3.445004058247324463e-06,3.468784343458911222e-06,3.530719567655387367e-06,3.607675949147042476e-06,3.675323025293619921e-06,3.698979394364918812e-06,3.783167708455044957e-06,3.857077745138028193e-06,3.880639759199096443e-06,3.972965000251705158e-06,4.053969217568703952e-06,4.077278108703291997e-06,4.161540958331256389e-06,4.267846286360374837e-06,4.361142286884411586e-06,4.383501515334620505e-06,4.500850276965244033e-06,4.603994467666902742e-06,4.625596580913599681e-06,4.733332784124950470e-06,4.869910230770637991e-06,4.990446377421506143e-06,5.010260114234364768e-06,5.162050230216933791e-06,5.296587665749768018e-06,5.314985607540844011e-06,5.484120697173978604e-06,5.634866889009871001e-06,5.794588519859006535e-06,5.810204405506517727e-06,6.010058159787904764e-06,6.190163752295414865e-06,6.203620277462741681e-06,6.427807564353001419e-06,6.631724087144557386e-06,6.642714774051803227e-06,6.858905787540865705e-06,7.126636024645112050e-06,7.374398734019834049e-06,7.381460546746093936e-06,7.683677672990882982e-06,7.967203478854061464e-06,7.971459059000036919e-06,8.274703106356809867e-06,8.639113794255534452e-06,8.989442813551922479e-06,8.990447360736835859e-06,9.404001238062117716e-06,9.809102149641718820e-06,9.808457251691818631e-06,1.027851909381082361e-05,1.074875254831133515e-05,1.074773118642066946e-05,1.125817601560658483e-05,1.183051735620907518e-05,1.242419659065576878e-05,1.242874164101260710e-05,1.308098476361086289e-05,1.377627806511066917e-05,1.378879609993588453e-05,1.455288784390445170e-05,1.534871295943267481e-05,1.623731215007884329e-05,1.627770594755030513e-05,1.718349384982139318e-05,1.823082847001666976e-05,1.830192293111641908e-05,1.933049465328820870e-05,2.056663005490447165e-05,2.068473534884514685e-05,2.206817049298398801e-05,2.330816668394785807e-05,2.489893670821105893e-05,2.513812101284727045e-05,2.652830881993724078e-05,2.840367006022580953e-05,2.876488220005634833e-05,3.088827842310601520e-05,3.251250918783325805e-05,3.490245536316432265e-05,3.554976376184137716e-05,3.731233383102815345e-05,4.009333043786728518e-05,4.101605935368227618e-05,4.418317398536732589e-05,4.608433947786927197e-05,4.950094180191072745e-05,5.101503498626001534e-05,5.290724171653861710e-05,5.673035679039628690e-05,5.877510959002000033e-05,6.052251740859205989e-05,6.467612931426284541e-05,6.737161288922238105e-05,7.197993992571749533e-05,7.309690963750986711e-05,7.738497216306432724e-05,8.123503685282441216e-05,8.157771087302133155e-05,8.557073327145425334e-05,9.029916936556708679e-05,9.430217470201556905e-05,9.287689307585442211e-05,9.553854925387367128e-05,1.015565514103185842e-04,9.887678536714874914e-05,1.002603087619468290e-04,1.072560405275859168e-04,1.037151321578163259e-04,1.038152157859573887e-04,1.118269060510386492e-04,1.110312477798245187e-04,1.075394912359085739e-04,1.061486831715252924e-04,1.147964507989524105e-04,1.131103147977127515e-04,1.121100935419306395e-04,1.206444878911277997e-04,1.195453916493652638e-04,1.214794377259165013e-04,1.223995490354039782e-04,1.289043076058385038e-04,1.319464688996396296e-04,1.334004076461264799e-04,1.368169396272051982e-04,1.381723288045313362e-04,1.383028587824386131e-04,1.383028587824386131e-04,1.384858763478047480e-04,1.373673933070110927e-04,1.341352220221646665e-04,1.332881693945647155e-04,1.308045165264635720e-04,1.245648238018975972e-04,1.246686651792955488e-04,1.236838835390553424e-04,1.261079338820056937e-04,1.177156858221822686e-04,1.199541396097879607e-04,1.228866861598277974e-04,1.141505520068014439e-04,1.165605719112110250e-04,1.212191451578214108e-04,1.227522621533421994e-04,1.143174846199638655e-04,1.146539092534727407e-04,1.189862595388071418e-04,1.114407039022280536e-04,1.101210319349013497e-04,1.133025190257093407e-04,1.066978712739397533e-04,1.038213030779676783e-04,1.054991864030726926e-04,1.010774220361315955e-04,9.583038455789667125e-05,9.139901239828653653e-05,9.105236081054010459e-05,8.677335765257780534e-05,8.200250859496450214e-05,8.078440885320963395e-05,7.565515055612791477e-05,7.266976515383095220e-05,6.805149865352967155e-05,6.612975243683789667e-05,6.387529100614629826e-05,5.962853223499575320e-05,5.754498568263007052e-05,5.588463779711260457e-05,5.209204849388583632e-05,4.999638438988029130e-05,4.648121982900953972e-05,4.547929958722831220e-05,4.239394106752228809e-05,4.044803517867939666e-05,3.974999607676681248e-05,3.709783068152395401e-05,3.530182675331263359e-05,3.294482575284917711e-05,3.256041451076090019e-05,3.047786973178148745e-05,2.893723418851593500e-05,2.868453823990490804e-05,2.691597726050122368e-05,2.553890484864031559e-05,2.399967689990461944e-05,2.387672011585565473e-05,2.249982699314479108e-05,2.135423894107894109e-05,2.128021515991029405e-05,2.011132010157402916e-05,1.909997007879654234e-05,1.905721677048944772e-05,1.806323628805559886e-05,1.717234727861894866e-05,1.631621983935374999e-05,1.630140730556363439e-05,1.552094373208886874e-05,1.478808292145782312e-05,1.478031082879701953e-05,1.411194808276738821e-05,1.346700083935281141e-05,1.289095151697552086e-05,1.288752909719302510e-05,1.235574633284053627e-05,1.182381555912587036e-05,1.181894836230477466e-05,1.135921240017610376e-05,1.088975584380150188e-05,1.088228866526380655e-05,1.048324499022436357e-05,1.006824788309761267e-05,9.721625459812718311e-06,9.709848922718320352e-06,9.385065454335508463e-06,9.039240163584167176e-06,9.024017177742627103e-06,8.739046950424736148e-06,8.431648829054622481e-06,8.181950207090552140e-06,8.162121843273910016e-06,7.926120579911305404e-06,7.667395941582049755e-06,7.644767087478325214e-06,7.435432311903259836e-06,7.203984415274849360e-06,7.178972837453642725e-06,6.992533263723469083e-06,6.816181025819480818e-06,6.619262805127193808e-06,6.591269437125364147e-06,6.433201093726016637e-06,6.255852781951786598e-06,6.226421908289274104e-06,6.084199714106027072e-06,5.924064311944665760e-06,5.796304019760823796e-06,5.765111082527074132e-06,5.642625757263246118e-06,5.504293587911392733e-06,5.472455672576733556e-06,5.361211947519695209e-06,5.235464461746246019e-06,5.134485869735853961e-06,5.101872798857249881e-06,5.004692861228183011e-06,4.894903536630796917e-06,4.862230807435505648e-06,4.773224085195807241e-06,4.672776981237264733e-06,4.640224788373846230e-06,4.558461330751473837e-06,4.466342942017111801e-06,4.391129321770136052e-06,4.358738990341098118e-06,4.286079487855651667e-06,4.204536857448259486e-06,4.172599546500445193e-06,4.105380048347572506e-06,4.030155475372339088e-06,3.967791703255219940e-06,3.936422572608107240e-06,3.876058093263503015e-06,3.808863605713294997e-06,3.778151170813355548e-06,3.721962516776173644e-06,3.659636043487288802e-06,3.629630627678993656e-06,3.577216642760851839e-06,3.526299928044230970e-06,3.470164967118023782e-06,3.441037758402029075e-06,3.393391590285494756e-06,3.341064510228429840e-06,3.312726926164094116e-06,3.268058455523021097e-06,3.219193243273377952e-06,3.177065264819341143e-06,3.149707775539727734e-06
2.507269309435950135e-06,2.541155190964803767e-06,2.567938215297363027e-06,2.603109678294544554e-06,2.639222766380720842e-06,2.681625266770211550e-06,2.704715268619555078e-06,2.743270747026498509e-06,2.788835156438545308e-06,2.812584610801244725e-06,2.853825383842040918e-06,2.896286480689391850e-06,2.946999579245278474e-06,2.971475288979259856e-06,3.017038689327356348e-06,3.071812213269127470e-06,3.096880732023699488e-06,3.145879864568509495e-06,3.196492206515994802e-06,3.230784580383556020e-06,3.283600020901723179e-06,3.338230878481036003e-06,3.405004689359176671e-06,3.431092736832529599e-06,3.490209801629157792e-06,3.551505006853908267e-06,3.589372019705216475e-06,3.653513672403392542e-06,3.720127328973405812e-06,3.802784403533514395e-06,3.829380429109085320e-06,3.901983450355165122e-06,3.992524705532945971e-06,4.019227822018586350e-06,4.098599326358223274e-06,4.181413741060754368e-06,4.224685306378504540e-06,4.311733134023251759e-06,4.402736756656736124e-06,4.517428551626685013e-06,4.543418023190976533e-06,4.643764671389323206e-06,4.749019243443449916e-06,4.796013841236900749e-06,4.907059981904703595e-06,5.023796848260990837e-06,5.171675985364854775e-06,5.195615643697684902e-06,5.325583202654160304e-06,5.490204610425060576e-06,5.512940562359182361e-06,5.658212351812451880e-06,5.811865638191728734e-06,6.006033915795795993e-06,6.026207267333150975e-06,6.199092295872361110e-06,6.416752580143348949e-06,6.434923408574375795e-06,6.630279571699798691e-06,6.838268414384271967e-06,6.890725094573916193e-06,7.112437840096455791e-06,7.349114416128939868e-06,7.642069241576753818e-06,7.653945535543090639e-06,7.924470996590179874e-06,8.214456416624402361e-06,8.264849317879096650e-06,8.575456739050562127e-06,8.909299678607327151e-06,9.310095752414815609e-06,9.315467538079372689e-06,9.701521942741828455e-06,1.015735963311423927e-05,1.016068553690095932e-05,1.060908807017060167e-05,1.109422062566340147e-05,1.113070299418192707e-05,1.165376555722264813e-05,1.222105726077459146e-05,1.285530776905861054e-05,1.286196438580514180e-05,1.352798131025709237e-05,1.425276384183104918e-05,1.426574624044245918e-05,1.505057680130161866e-05,1.590633223318856817e-05,1.679251048898099341e-05,1.683195497661229312e-05,1.784543836398303149e-05,1.885553752162068392e-05,1.892419700607017959e-05,2.012746195839455415e-05,2.144385687403156283e-05,2.138990129384281335e-05,2.282097397171367294e-05,2.438735235375072861e-05,2.577191957581578428e-05,2.600700811202918280e-05,2.787094291618192116e-05,2.990934543403030551e-05,2.977965889367174070e-05,3.199445893911931165e-05,3.441222846885328757e-05,3.621388262979181850e-05,3.686770435572809856e-05,3.972130945384135084e-05,4.281827283350033526e-05,4.260371742724984237e-05,4.594392971391272581e-05,4.954529598375072714e-05,5.159201584643404522e-05,5.316360730716449028e-05,5.728351075870455008e-05,5.926096985960350826e-05,6.140526778400079682e-05,6.600332915643946177e-05,7.079033528515974838e-05,7.058322431442431977e-05,7.552936112837923632e-05,8.054104279137816133e-05,8.135030026926291671e-05,8.548153928363665794e-05,9.037968324003157810e-05,9.499278168240326886e-05,9.527470964787100756e-05,9.959713050073897424e-05,1.033071645348969972e-04,1.009202190935224342e-04,1.075187326429522021e-04,1.098341590629969106e-04,1.061881631116066125e-04,1.139579911044070879e-04,1.146603893971265666e-04,1.141650745501341074e-04,1.195693627462530181e-04,1.188977577908709572e-04,1.172776563636109730e-04,1.145587847208390594e-04,1.242930661912507065e-04,1.226131624694157827e-04,1.211387312813633904e-04,1.320771649191372686e-04,1.313806478405262932e-04,1.316239477324987180e-04,1.353616743547820514e-04,1.417627819604050127e-04,1.429526848166722377e-04,1.458359300207144138e-04,1.481353730534308696e-04,1.482002418589636536e-04,1.482002418589636536e-04,1.485065133557527002e-04,1.463863837005202812e-04,1.438331229376085016e-04,1.433865878111979222e-04,1.372618832754071195e-04,1.342564353143238640e-04,1.352556644618923870e-04,1.373518037133862558e-04,1.264133700756123776e-04,1.293448589573785727e-04,1.324376253258716292e-04,1.226490200819921241e-04,1.267031687988628638e-04,1.294077141397486416e-04,1.309286209279745552e-04,1.255243479322438744e-04,1.266193818634324105e-04,1.262723208225574850e-04,1.179189269351443278e-04,1.222803785304223947e-04,1.199003097175194946e-04,1.126712208112348626e-04,1.154699674979251471e-04,1.114080624428201351e-04,1.066384580030846677e-04,1.063807579512480241e-04,1.012606675190488821e-04,9.581529326023023065e-05,9.122602681417732679e-05,9.035743691470680895e-05,8.478050142712114962e-05,7.927763105899997102e-05,7.954925791951577565e-05,7.422643254120753990e-05,6.911597542454551556e-05,6.675505393921089305e-05,6.458109074534060094e-05,6.000644678295682363e-05,5.828622105246736393e-05,5.603268893235323795e-05,5.203610206777199400e-05,4.833062015740864127e-05,4.860616320678566658e-05,4.516971545074945354e-05,4.200399283627553171e-05,4.130086833144576972e-05,3.930968958050458834e-05,3.662616905595520686e-05,3.416800400216399953e-05,3.433454111381827707e-05,3.207001140780117287e-05,2.999903109086359600e-05,2.975112650961336279e-05,2.821358303706460717e-05,2.647063703026946251e-05,2.487766260901166115e-05,2.494694965584409309e-05,2.347946557230184473e-05,2.213736096004603101e-05,2.206516299373123676e-05,2.093698822155730700e-05,1.980389755860376854e-05,1.976105621548963638e-05,1.876857598811214960e-05,1.780927921620803118e-05,1.692861162904600209e-05,1.691194028477420065e-05,1.609707241467803600e-05,1.534739464920850921e-05,1.533585771933799625e-05,1.462063177594719459e-05,1.397993017452750348e-05,1.338833242431847939e-05,1.334148359894885317e-05,1.279160741166069623e-05,1.228255265292267608e-05,1.227185847415770240e-05,1.175391445620076730e-05,1.131392100966528899e-05,1.130023225444899876e-05,1.084333716085273022e-05,1.046129939548637281e-05,1.010516064842854765e-05,1.004044861555844744e-05,9.707206988187868030e-06,9.395691175688334080e-06,9.373900760736132988e-06,9.037148876783290436e-06,8.763417907097701521e-06,8.506432381729942533e-06,8.439070147602324744e-06,8.197454528020239092e-06,7.970004134144976352e-06,7.941089740378030516e-06,7.688699264835983029e-06,7.486510048068526074e-06,7.455458837093243604e-06,7.229514988104406695e-06,7.049017259347704281e-06,6.877968667640662682e-06,6.844270248473265599e-06,6.651672588496401405e-06,6.497971006926211411e-06,6.463134936744954992e-06,6.289515278200038085e-06,6.150865665740414493e-06,6.018672641910712711e-06,5.958324539669949229e-06,5.832787081896226417e-06,5.712833865783264166e-06,5.676275961597806754e-06,5.540424588913243154e-06,5.431201373749739765e-06,5.326498871110071493e-06,5.270931700189897179e-06,5.171150637384116856e-06,5.075316361216480322e-06,5.038580565429593977e-06,4.930410280782391064e-06,4.842426958108588103e-06,4.806078160533299569e-06,4.707007139929248246e-06,4.625998987471606851e-06,4.547847679868100087e-06,4.499220763788364996e-06,4.424431186258148314e-06,4.352167219130583904e-06,4.316993384621934847e-06,4.236318734618541554e-06,4.169332100328153289e-06,4.104461427848367226e-06,4.060424883619734902e-06,3.998183824651110713e-06,3.937829434962706793e-06,3.904365379031700347e-06,3.837696614407041166e-06,3.781423561281389998e-06,3.748852776089779160e-06,3.686959315084383889e-06,3.634385151334361929e-06,3.583250588944887246e-06,3.551785011668171747e-06,3.495947478638031721e-06,3.448032548972751877e-06,3.417513889291750526e-06,3.365423929292560396e-06,3.320447461922803127e-06,3.276591338549451026e-06,3.242197923845869380e-06,3.199909921372218407e-06
2.544983829292435460e-06,2.583288988879144153e-06,2.618491292514070826e-06,2.642423677347187070e-06,2.683418757139431120e-06,2.720937488509138062e-06,2.759470033778518186e-06,2.789618648076351795e-06,2.829676112337351143e-06,2.870857828010431875e-06,2.896544727534544139e-06,2.945259697854969868e-06,2.989356866660536345e-06,3.034770182780360636e-06,3.068305659591863643e-06,3.115620034511114411e-06,3.164405056824765149e-06,3.191739530410330613e-06,3.250380439634224519e-06,3.302903371737452521e-06,3.330946494959804419e-06,3.394463743645672194e-06,3.451143016579609459e-06,3.509786341593503439e-06,3.538511157727233485e-06,3.610118009222772167e-06,3.673653162240001497e-06,3.702935914875523103e-06,3.780957546584758342e-06,3.849977958637303638e-06,3.921679922111925117e-06,3.964948711213106846e-06,4.040140699990765981e-06,4.118390449931815660e-06,4.148315362082315703e-06,4.245723664128505208e-06,4.331382737598822753e-06,4.361449374674967555e-06,4.468547632491379550e-06,4.562621550162304834e-06,4.661007880402678329e-06,4.690614345060001568e-06,4.814381997868485578e-06,4.923029479655268097e-06,4.952264399385431469e-06,5.089308500108908579e-06,5.209726119378566819e-06,5.336375005846346979e-06,5.390486471817570647e-06,5.524457995714072059e-06,5.665695670358665501e-06,5.692441807771088451e-06,5.871171114942858461e-06,6.029316678476579448e-06,6.196689553896326039e-06,6.254517297108987267e-06,6.432336975346861048e-06,6.621018883814087392e-06,6.643101849307823855e-06,6.880805850018081703e-06,7.094443250296650607e-06,7.114016452706436443e-06,7.381926909937033259e-06,7.624906037768287921e-06,7.884514587438835211e-06,7.899568421616503023e-06,8.221922351881504943e-06,8.519357736458553265e-06,8.531004649944420946e-06,8.896928652854985383e-06,9.239282662316751141e-06,9.607665104738458549e-06,9.663714584394315728e-06,1.005959885919339498e-05,1.048675573688140434e-05,1.049029461024751139e-05,1.099884730855393215e-05,1.149641067410708627e-05,1.149754209716077549e-05,1.207953314006799776e-05,1.266167832204703168e-05,1.329399561527637074e-05,1.329664428401337551e-05,1.401302513481851021e-05,1.475775586085916579e-05,1.476504617750261261e-05,1.558752241673909834e-05,1.646798129231864620e-05,1.742963873279665339e-05,1.743024791630786531e-05,1.847469393878215546e-05,1.961740623150161190e-05,1.967443204684737984e-05,2.083839347690386704e-05,2.219953782630153231e-05,2.230098097311211490e-05,2.363181100559066450e-05,2.525570520280247594e-05,2.703596202296116183e-05,2.726103204697963506e-05,2.887981282313787374e-05,3.100377912182835451e-05,3.135906318598680008e-05,3.318025390045105589e-05,3.570899091551326299e-05,3.847150863020475179e-05,3.914903022276646958e-05,4.127513343367263332e-05,4.453638282624055179e-05,4.553641835554283432e-05,4.782471058959802886e-05,5.163555207352787349e-05,5.573624339380127819e-05,5.545831667201738121e-05,5.984046827843440364e-05,6.449895479128480412e-05,6.689621850052243526e-05,6.913366316243649485e-05,7.426546175629760804e-05,7.751063974142924622e-05,7.933934134585385225e-05,8.473565290127106002e-05,9.010316322088159514e-05,9.489093764075898891e-05,9.534569005189248779e-05,1.003266577954811857e-04,1.063018379594983097e-04,1.053346414866439739e-04,1.093395801636067223e-04,1.124458997125464744e-04,1.140271677010990854e-04,1.165439235368070459e-04,1.178526675686813194e-04,1.268343542373693493e-04,1.222446145496801915e-04,1.218332548511198189e-04,1.320600090694112167e-04,1.278942727561733659e-04,1.264808015925994759e-04,1.244827251014923365e-04,1.350357823966714683e-04,1.340669636844105778e-04,1.331232388906307938e-04,1.428633414360615435e-04,1.450037400236471455e-04,1.456904977337719728e-04,1.475498140769794313e-04,1.557545209496361308e-04,1.566119037927074444e-04,1.578833141103514099e-04,1.591103586073018799e-04,1.591103586073018799e-04,1.580751693407194325e-04,1.572695268791134463e-04,1.570969495477602871e-04,1.488922426751035876e-04,1.480063843480294015e-04,1.485739085994574335e-04,1.476042632612333070e-04,1.381581369412709730e-04,1.406699341540180331e-04,1.431544028543235681e-04,1.326397120267879144e-04,1.360715000898080572e-04,1.387168408817357067e-04,1.443072217394756164e-04,1.336344302811688374e-04,1.347488302221475315e-04,1.404239352927965062e-04,1.307868657804389363e-04,1.296545666540041986e-04,1.270923618831778926e-04,1.255165730321217490e-04,1.221839895601308781e-04,1.178083419418824910e-04,1.189771586107258271e-04,1.123497778143866746e-04,1.068245822101717216e-04,1.063635263105779219e-04,1.010442585108057694e-04,9.507415818035546979e-05,8.907186380624578556e-05,8.706745170590440917e-05,8.347708213691227598e-05,7.777393795370537511e-05,7.531426453299631528e-05,7.267583161109052842e-05,6.750382907837033605e-05,6.264085794208731081e-05,6.299798109558543560e-05,5.844803452229814690e-05,5.422117866925693538e-05,5.169825382782268464e-05,5.061656259349441923e-05,4.699919057298269611e-05,4.465125958150519963e-05,4.392387705116788997e-05,4.085805873547948682e-05,3.805172837578800699e-05,3.603571609383167564e-05,3.565972767821344716e-05,3.329985353756932534e-05,3.150377704162106305e-05,3.126707706099526396e-05,2.928595659437776435e-05,2.747810782220608584e-05,2.599679284912838104e-05,2.589115646208876842e-05,2.437257150482970708e-05,2.307340881797449969e-05,2.301304022218765945e-05,2.173498707863328607e-05,2.056582375022439815e-05,2.056504146735569984e-05,1.948648751699887349e-05,1.849795927229816431e-05,1.757352365889633833e-05,1.756161161732054757e-05,1.672275640276025467e-05,1.591500129909074077e-05,1.590629783438186537e-05,1.519157985869970760e-05,1.453258256052514671e-05,1.387331636711208574e-05,1.386444001136955387e-05,1.329901754315678142e-05,1.272097047081464460e-05,1.270845690914837543e-05,1.222108797945549482e-05,1.176854701679803669e-05,1.169657109003981723e-05,1.127450964939772937e-05,1.088148188567641357e-05,1.046194146989743069e-05,1.043924287471368225e-05,1.009628692499071579e-05,9.725365523446563888e-06,9.698707020295512478e-06,9.398037525829676522e-06,9.115996833702020373e-06,8.806033301120243570e-06,8.774323728868518461e-06,8.525219185417573430e-06,8.249191309552894260e-06,8.214790591659609082e-06,7.993791662875736407e-06,7.785025861075683774e-06,7.710766377568908242e-06,7.513849224293967659e-06,7.327349911858536950e-06,7.117872829609132391e-06,7.078763285504810042e-06,6.911470428763378814e-06,6.752412602484181510e-06,6.682925375565427777e-06,6.532267290360651221e-06,6.388691336189894878e-06,6.226589360878384357e-06,6.185379088323801694e-06,6.055300549504450947e-06,5.908386626134896375e-06,5.867075905506262553e-06,5.748811246180214146e-06,5.635484581261610735e-06,5.507671718665296009e-06,5.466271053912069407e-06,5.362691156322955052e-06,5.246052862074997092e-06,5.205128116871843672e-06,5.110165116737324277e-06,5.018731961987820108e-06,4.963168356145533136e-06,4.875851002631863825e-06,4.791639529530189821e-06,4.697443169826711266e-06,4.657953997166793503e-06,4.580186793819654778e-06,4.493472946740797395e-06,4.454901266222550755e-06,4.382903775346403263e-06,4.313200804912136331e-06,4.235928737390434673e-06,4.198494599560061689e-06,4.133723214224426937e-06,4.062185699698562203e-06,4.025813111331602683e-06,3.965493445196995536e-06,3.906906919574682238e-06,3.863842344531220565e-06,3.807552886227521267e-06,3.752819723825774920e-06,3.692992383197650531e-06,3.659046495540579633e-06,3.607817440683402011e-06,3.557924751078725738e-06,3.519209414774334826e-06,3.471175128258859085e-06,3.424349862702760165e-06,3.373700734778036506e-06,3.342241242469990896e-06,3.298223697493798946e-06,3.250797257170694895e-06
2.596818132628704682e-06,2.621537074167020744e-06,2.656990501456147030e-06,2.697740274115603695e-06,2.723367338624556295e-06,2.761112438137586668e-06,2.804767791723618098e-06,2.844804120897756641e-06,2.871571010345600707e-06,2.912905975881899219e-06,2.961215029166892499e-06,2.988911205977814171e-06,3.033111171059684264e-06,3.085110790776232722e-06,3.132283102178560862e-06,3.161093843106443146e-06,3.209854522301340394e-06,3.267849285662777265e-06,3.297571241323800111e-06,3.349978214612815702e-06,3.412733221031987853e-06,3.443348847380685808e-06,3.499799230273064256e-06,3.558114841847932305e-06,3.628717785656310049e-06,3.660281918455515869e-06,3.723332500478958319e-06,3.800176335159757480e-06,3.832518593343362746e-06,3.900863654353906325e-06,3.984700865178048239e-06,4.059028511385139313e-06,4.092036049373682734e-06,4.169198210358899615e-06,4.264812416734668475e-06,4.298367932558171350e-06,4.382626504362933905e-06,4.487629825660551137e-06,4.521601841580427895e-06,4.613898651238753461e-06,4.710229993236108826e-06,4.831293086939687687e-06,4.865182364791090232e-06,4.971271942200320985e-06,5.105166629756822900e-06,5.138992058872310146e-06,5.256249896512459499e-06,5.404755152306232329e-06,5.535499474731236113e-06,5.568348978501171727e-06,5.705207430903220964e-06,5.879243685749560144e-06,5.911305299385879734e-06,6.064125525752868551e-06,6.258622834371610426e-06,6.431044843985234908e-06,6.460891028888841127e-06,6.642369608751329237e-06,6.873150559586929897e-06,6.901225765291477868e-06,7.106200926259223432e-06,7.366119481506702226e-06,7.391948448286541818e-06,7.624548535766837560e-06,7.872661783671686106e-06,8.184949103552721300e-06,8.206442967342691332e-06,8.490196894176915113e-06,8.844588477609182295e-06,8.862767620748058782e-06,9.188907459603150429e-06,9.592168118301795305e-06,9.970407672241457072e-06,9.983455542507352497e-06,1.038969553504525721e-05,1.088209953536019406e-05,1.089169183263369019e-05,1.136484339899129293e-05,1.192874438782136361e-05,1.193542371053075586e-05,1.248931550983344087e-05,1.309114894179344401e-05,1.378616964195479557e-05,1.379303178009982579e-05,1.450313732144989590e-05,1.530254884713252368e-05,1.531277777120140167e-05,1.615457661935125046e-05,1.707461431914131890e-05,1.806581771521083825e-05,1.809615006683681983e-05,1.919536127511083879e-05,2.033474522904911007e-05,2.039016226446575583e-05,2.170682409594945882e-05,2.301539599603853766e-05,2.311299474637660084e-05,2.469478163784056380e-05,2.643640130768021450e-05,2.804260201546810263e-05,2.826193293248811461e-05,3.035953399320370167e-05,3.218134692559259226e-05,3.253100860910456294e-05,3.505689661996214585e-05,3.783554697054259536e-05,3.999998961237594700e-05,4.068032017245472103e-05,4.401005500661592793e-05,4.637812516268457401e-05,4.739460642485327960e-05,5.135590895718698259e-05,5.387471135064046711e-05,5.822934763546034980e-05,6.001639405583085582e-05,6.503052571913354237e-05,6.755330543564173960e-05,7.006814178409301861e-05,7.575721999506039020e-05,7.799912004892920858e-05,8.144321269225820070e-05,8.765057450159742037e-05,9.397278232604301879e-05,9.505012327918626355e-05,1.002099616566847466e-04,1.064096066837745650e-04,1.061011480889531751e-04,1.126045734332521708e-04,1.180004982246317526e-04,1.159003667681536066e-04,1.192447669507328201e-04,1.277482581043409436e-04,1.302394577125859973e-04,1.253663089498696127e-04,1.354316736948517070e-04,1.356430505060767400e-04,1.305147990969183060e-04,1.421115081766232270e-04,1.405449060843935651e-04,1.379007768937643721e-04,1.356202540536189142e-04,1.474886610720854815e-04,1.454250450929913232e-04,1.471907678385510744e-04,1.576412252359674949e-04,1.574036185788702793e-04,1.615042277656706944e-04,1.634653707306340522e-04,1.685644161384477644e-04,1.697755388359464227e-04,1.707498713991689016e-04,1.707498713991689016e-04,1.700034435924678035e-04,1.693556664215277647e-04,1.645283212505556109e-04,1.634857270892607314e-04,1.602500852341451462e-04,1.620322758501166710e-04,1.519316896637228380e-04,1.515897093002938349e-04,1.555082589318116770e-04,1.437388745112719627e-04,1.477051852853350175e-04,1.519364439198004995e-04,1.548036467492433141e-04,1.427620148505172727e-04,1.493022936767848233e-04,1.497145713986234141e-04,1.389562571232215069e-04,1.448221063825207025e-04,1.423428769779715522e-04,1.330514684837778643e-04,1.294808390944732256e-04,1.319655739879390755e-04,1.260197692039151634e-04,1.188112017480127844e-04,1.192205013123872731e-04,1.123300332530076915e-04,1.066004588080203465e-04,1.054434544135464098e-04,9.841040105070570797e-05,9.150701576285352301e-05,8.770076186898041011e-05,8.524247516307560169e-05,7.892269343066443893e-05,7.615943917367652455e-05,7.338690567861041428e-05,6.782219705334577016e-05,6.587167006371738207e-05,6.104265125679143140e-05,5.826831295122490337e-05,5.387538978831797772e-05,5.277915380589426721e-05,5.016583614287200692e-05,4.647221239124684752e-05,4.574402178503092687e-05,4.335014408614135735e-05,4.026523969807726562e-05,3.746070897725170703e-05,3.709165172081768105e-05,3.507058880203934632e-05,3.273801775534937306e-05,3.250742995476067694e-05,3.072074563719800572e-05,2.878019870938625511e-05,2.701671482334116128e-05,2.691420874135895224e-05,2.545319548812103024e-05,2.398148890784320219e-05,2.392134984316901490e-05,2.264535863635832325e-05,2.141309223782146242e-05,2.137720010381859479e-05,2.026368455831487576e-05,1.922891555695284253e-05,1.828090592011967649e-05,1.826375759182789207e-05,1.736168470941630023e-05,1.655900312486689003e-05,1.654362517795309804e-05,1.575671067479114044e-05,1.507372426926205509e-05,1.444402747220931606e-05,1.442704469217636075e-05,1.378543300495932924e-05,1.324521067060010315e-05,1.322410667772628472e-05,1.266185932871869021e-05,1.219597243567948714e-05,1.217046549623711922e-05,1.173568621630210289e-05,1.127278143069322920e-05,1.089621258573319191e-05,1.086463007202438349e-05,1.045633273884641219e-05,1.012716621065754684e-05,1.009183706229705579e-05,9.730728082544224465e-06,9.441552111235182064e-06,9.169802201295567599e-06,9.129771349142539938e-06,8.827536192536536685e-06,8.586933218971058804e-06,8.544608309381204498e-06,8.275264271480148125e-06,8.061253134422717554e-06,8.017229231580668959e-06,7.813571095315019919e-06,7.585289597125399300e-06,7.403815756825133900e-06,7.357754419415663658e-06,7.152745555702456611e-06,6.989511433909682073e-06,6.942930531294570902e-06,6.786794051891136779e-06,6.610883782676067317e-06,6.470109349446668458e-06,6.422938725795802410e-06,6.263778701430473780e-06,6.135898936706774817e-06,6.089039201040865808e-06,5.944637512724413420e-06,5.828072066750505329e-06,5.716153022611149154e-06,5.669706316563799260e-06,5.543800671791131919e-06,5.441261403848422678e-06,5.395652528738976554e-06,5.280634247676155199e-06,5.186410409333567477e-06,5.141776761631670934e-06,5.050965746820728814e-06,4.949616062400560229e-06,4.865739420918218562e-06,4.822314433775812433e-06,4.729140936750006608e-06,4.651532750027674961e-06,4.609311767810931638e-06,4.523457985032423922e-06,4.451477789449609609e-06,4.381691943441488829e-06,4.340955143375109432e-06,4.264309143741643210e-06,4.199357836444346624e-06,4.159922024875373855e-06,4.088904273538058703e-06,4.028328558162712995e-06,3.990199395555635784e-06,3.931589130237762926e-06,3.867659886879666382e-06,3.812559543691554145e-06,3.776038736567949829e-06,3.716507239032944514e-06,3.664875295776767446e-06,3.629649779896189014e-06,3.579637896940095857e-06,3.525650479345791472e-06,3.478365080923869402e-06,3.444735530140339547e-06,3.394236421818795753e-06,3.349747476394168626e-06,3.317360266201317563e-06
2.634083582172053842e-06,2.669591624152145255e-06,2.699852631199832424e-06,2.736720476813543531e-06,2.774505109540881861e-06,2.806264659430148685e-06,2.845525131843641755e-06,2.885796026450608985e-06,2.927123738584978981e-06,2.961016229614026048e-06,3.004008729167032104e-06,3.048171030362649574e-06,3.083769995807981889e-06,3.129749023867302373e-06,3.177026623930226769e-06,3.225668374532221436e-06,3.263692885616865409e-06,3.314403353837375256e-06,3.366635391342623384e-06,3.406596659653764991e-06,3.461100400799159450e-06,3.517306632437555727e-06,3.550656610373813100e-06,3.618016404132963129e-06,3.678634885938156796e-06,3.741274728648932999e-06,3.786164950675989016e-06,3.851697234875707373e-06,3.919510884733622442e-06,3.966692934607747471e-06,4.037715290564921518e-06,4.111321540608058403e-06,4.187675607899763158e-06,4.238079326988347576e-06,4.318193410571554147e-06,4.401437907902799355e-06,4.454377172560155447e-06,4.541828887547678526e-06,4.632860372043600142e-06,4.670874948521784794e-06,4.784184659544854170e-06,4.884049872837975434e-06,4.988321027816616308e-06,5.047518406235043614e-06,5.157444234861856134e-06,5.272460151246387375e-06,5.334445475741958526e-06,5.455875686681673306e-06,5.583210328065358283e-06,5.716914700009119812e-06,5.782648361433286052e-06,5.924166197364244553e-06,6.073121823255093710e-06,6.141633301472403174e-06,6.299551932843792536e-06,6.466192118485651020e-06,6.642300991891964461e-06,6.714353165809201783e-06,6.901591345021861461e-06,7.100007664310554099e-06,7.174480218411708526e-06,7.385818832629232185e-06,7.610409926330618792e-06,7.641575164356360247e-06,7.926637190448072875e-06,8.182082174987601354e-06,8.454808349047333507e-06,8.533358803326088269e-06,8.825340768246194036e-06,9.138034444765934217e-06,9.217204074397669883e-06,9.552651069463884679e-06,9.913022535497153183e-06,1.030085375321799513e-05,1.037913777899036522e-05,1.079663764061903143e-05,1.124738524436305985e-05,1.132322548308342223e-05,1.180947239612670046e-05,1.233612049262524642e-05,1.234335197166748971e-05,1.297675809382883055e-05,1.359532957426275895e-05,1.426853747996994247e-05,1.432950427613983713e-05,1.505980335365861130e-05,1.585700084912698292e-05,1.590591866967356769e-05,1.677244077100646658e-05,1.772103743504501873e-05,1.876090679420726144e-05,1.878619424233090855e-05,1.992003220589984514e-05,2.116598884635858787e-05,2.116641647612667077e-05,2.252713962528120215e-05,2.402547810685799585e-05,2.410602971435920729e-05,2.563215958279933156e-05,2.743916662254276522e-05,2.943274622117502678e-05,2.934459681557155094e-05,3.152778549877144674e-05,3.393718468153069908e-05,3.427430862564267869e-05,3.643507680551604801e-05,3.934479870502813554e-05,4.254970195737486503e-05,4.232765684897166772e-05,4.583038596332020303e-05,4.967548649389777346e-05,4.938981527653691820e-05,5.357840541811510261e-05,5.814913814044582073e-05,6.311357562771831927e-05,6.275810339945934839e-05,6.810777845413488356e-05,7.384709099767806093e-05,7.347305238338143864e-05,7.957986893353121251e-05,8.600598207662473523e-05,8.994518871090602602e-05,9.237617051528872203e-05,9.921795964914378288e-05,1.060435222895908091e-04,1.059669374334200147e-04,1.126989241994015898e-04,1.189996025616090516e-04,1.194594662121285230e-04,1.253281657987783424e-04,1.302150478323335929e-04,1.337779528703767764e-04,1.361063754992107870e-04,1.388224160288091199e-04,1.397795600594586125e-04,1.450599075026917358e-04,1.454345325845208679e-04,1.440728016803765146e-04,1.571634844490717457e-04,1.523719599205358493e-04,1.500298614468978473e-04,1.474003392719668080e-04,1.621326748689977610e-04,1.606355873579075734e-04,1.602832181860175354e-04,1.745992000915735454e-04,1.746769687502834352e-04,1.761721029960969416e-04,1.788558912021773304e-04,1.839760903265122763e-04,1.840292187196864826e-04,1.840292187196864826e-04,1.845056316252105316e-04,1.793854325008755585e-04,1.774660329565150784e-04,1.771166070914886284e-04,1.785853164926076600e-04,1.642693345870516229e-04,1.664776022046090132e-04,1.699819939579849670e-04,1.552496583609540412e-04,1.598608770936810815e-04,1.640013467916531646e-04,1.707119002651870637e-04,1.572017445508386410e-04,1.596983957237491265e-04,1.600739786692034002e-04,1.547939699404965387e-04,1.542187111527086813e-04,1.515561128385034442e-04,1.492332557113156737e-04,1.454535541545934200e-04,1.401352432961671475e-04,1.336773782655978143e-04,1.332526701442744005e-04,1.262670540781009678e-04,1.187884937942345210e-04,1.189334525408228434e-04,1.113439081166388202e-04,1.037365826456303214e-04,1.010722989934917599e-04,9.671963484773600604e-05,8.958181082999859708e-05,8.280231525048180428e-05,8.328380269877070155e-05,7.691526715976142702e-05,7.098190794076848428e-05,7.143856419890285054e-05,6.593247275336255799e-05,6.086468439055491470e-05,5.622195201160467675e-05,5.658880740756332822e-05,5.232418750799610490e-05,4.843965951318374488e-05,4.872479975956406492e-05,4.516697752699346094e-05,4.193647681671185291e-05,3.954179945359608949e-05,3.918713560009861663e-05,3.650770560635956347e-05,3.407884629593931427e-05,3.419204333786172870e-05,3.197035839107850648e-05,2.995532154555351301e-05,2.825275242942040200e-05,2.816772115143197989e-05,2.649231686746545975e-05,2.496933411078767226e-05,2.496878497011879470e-05,2.357128369459181037e-05,2.229804361367864653e-05,2.226557074282916549e-05,2.109525756789599080e-05,2.002619103240770775e-05,1.904816511701901377e-05,1.898534730871016113e-05,1.808343418994509880e-05,1.725581714704505672e-05,1.717752664938565312e-05,1.641277816043045556e-05,1.570879281435471012e-05,1.498779442618331550e-05,1.496801214563968944e-05,1.436599414655668945e-05,1.380899558216173217e-05,1.371160535657929143e-05,1.319400866254620971e-05,1.271352977375226671e-05,1.261300135957382304e-05,1.216558889198883609e-05,1.174889502403621153e-05,1.136010272222196690e-05,1.125843706004568285e-05,1.089515209805425752e-05,1.055510655244622628e-05,1.045423600416092139e-05,1.013587824009778790e-05,9.836958519668380135e-06,9.504943905747592723e-06,9.457488938106569428e-06,9.193429243073127983e-06,8.944331699419195723e-06,8.848697785734471153e-06,8.614326483126233616e-06,8.392611332241917629e-06,8.300085549228776338e-06,8.091116984973531506e-06,7.892900851794411104e-06,7.704602746163933386e-06,7.616623746741574390e-06,7.438666813919383356e-06,7.269194804421151558e-06,7.184782937812133130e-06,7.024370981965802754e-06,6.871249139501263103e-06,6.724896112067478096e-06,6.645297671486569027e-06,6.506437379552306393e-06,6.373432177547258648e-06,6.297413877297473196e-06,6.171045889635661589e-06,6.049763503468045351e-06,5.913564999630078372e-06,5.861874951364260616e-06,5.750929444408122439e-06,5.644138201836895518e-06,5.576156256973050064e-06,5.474360812222479331e-06,5.376211056855580102e-06,5.311485132266510183e-06,5.217819405219142907e-06,5.127365155910980700e-06,5.039936814271526306e-06,4.979347995483309008e-06,4.895770726991235751e-06,4.814874575616008146e-06,4.757228807044778347e-06,4.679817622864863245e-06,4.604790351951861518e-06,4.522325705416832809e-06,4.478084136526636385e-06,4.408346180055199461e-06,4.340627090707575123e-06,4.289310836947712641e-06,4.224354036597597283e-06,4.161207703646647566e-06,4.112378536245816444e-06,4.051755837566158197e-06,3.992761711991944866e-06,3.935320888972860329e-06,3.889606485462001112e-06,3.834392594229179275e-06,3.780582484509325835e-06,3.737059449738293763e-06,3.685295767645470548e-06,3.634804259648247239e-06,3.585531323313619488e-06,3.544747304429960053e-06,3.497296127586383958e-06,3.450953908092146342e-06,3.412094242663179772e-06,3.367434602069080291e-06
2.671606553443297997e-06,2.711059331447300034e-06,2.747972237967838239e-06,2.776079547448723762e-06,2.818236045951773828e-06,2.857527401308501616e-06,2.886803128854100544e-06,2.927394976844532620e-06,2.973811629066899885e-06,3.016790141615481018e-06,3.047587710379957320e-06,3.097401362051582029e-06,3.143337657419187453e-06,3.175379738474218276e-06,3.222884633325300610e-06,3.278123706923046768e-06,3.328713367687074896e-06,3.362330331885520849e-06,3.421901578540611806e-06,3.476231290140959902e-06,3.511139715745971228e-06,3.567391547487576593e-06,3.633982848628554663e-06,3.670196772617621028e-06,3.730766069467002274e-06,3.802972196976741423e-06,3.868104020876333556e-06,3.905859933249162767e-06,3.984333580053842033e-06,4.054840074420094475e-06,4.093864379318683813e-06,4.167021360079248889e-06,4.255872016880092973e-06,4.335202279732159103e-06,4.375586148842238977e-06,4.472760098982616315e-06,4.559229792263902409e-06,4.600733839935463492e-06,4.690637973815368347e-06,4.801820663895786910e-06,4.844349589216763073e-06,4.942730723140219401e-06,5.065177671788941958e-06,5.173340088453004896e-06,5.216609090186528406e-06,5.351846699315129548e-06,5.471102553940038288e-06,5.514978902446525749e-06,5.639468906303043436e-06,5.796746321123403083e-06,5.935194547633517290e-06,5.978942994165624108e-06,6.154011267935756443e-06,6.308165451867156910e-06,6.351803971603962455e-06,6.513387928457028076e-06,6.719641765849759328e-06,6.901626984655767580e-06,6.943786464103971111e-06,7.175291875113074666e-06,7.380204403179145842e-06,7.421149401185422217e-06,7.637138401694284925e-06,7.913656093036628252e-06,7.952808161710527414e-06,8.197782770616393141e-06,8.510855681273936141e-06,8.791954919400046361e-06,8.826841613356442470e-06,9.182475624461522261e-06,9.504621402758956709e-06,9.536109585519079995e-06,9.879392722607819281e-06,1.031253835663388193e-05,1.071171224403538504e-05,1.073692746312284927e-05,1.123315894014187294e-05,1.169703317319122440e-05,1.171760261813651484e-05,1.221726026062858501e-05,1.282982314713034796e-05,1.284561715884021017e-05,1.343230460766851186e-05,1.413942698312313724e-05,1.483245692303139653e-05,1.484387228012105171e-05,1.566202015095606532e-05,1.648329256368889659e-05,1.649397957630088261e-05,1.739603462174974961e-05,1.842057042769802361e-05,1.949361976003852445e-05,1.951653279882181339e-05,2.070654196948041079e-05,2.199441042889187825e-05,2.203619283359303040e-05,2.347533583561279956e-05,2.497017479667735940e-05,2.504779957640911042e-05,2.679487969286951438e-05,2.852697092528707988e-05,3.060073415608726024e-05,3.079555007986781092e-05,3.315692932837687948e-05,3.530881177520455322e-05,3.563689804778083595e-05,3.852187519596140391e-05,4.097554354066932128e-05,4.434255133490436299e-05,4.503449311227786760e-05,4.779386793562696888e-05,5.185309114672934430e-05,5.293357124472442525e-05,5.766013893077999366e-05,6.082338417626728596e-05,6.611025832399819457e-05,6.813436439068164556e-05,7.142010053042901032e-05,7.756934561623112542e-05,8.052555186257960638e-05,8.765617930362223150e-05,9.062618839271350754e-05,9.481460229202764338e-05,1.027276125750885218e-04,1.048963189137663870e-04,1.123062561288945744e-04,1.188446419770963769e-04,1.195329681886491194e-04,1.263832081707714594e-04,1.347876786703958781e-04,1.415953466145943691e-04,1.386414401491853311e-04,1.424762056752139979e-04,1.536096688406456817e-04,1.483322147513329160e-04,1.494122168515864366e-04,1.626125506182302311e-04,1.617496470375275465e-04,1.554137339281946102e-04,1.703702399299013965e-04,1.673087246498375770e-04,1.643843659429270333e-04,1.624393168405375654e-04,1.765248429025787955e-04,1.785213602048630146e-04,1.789569620804441188e-04,1.896685267252882102e-04,1.903786996242523837e-04,1.949775101724259929e-04,1.968937014135904988e-04,1.987484193248373603e-04,1.987484193248373603e-04,1.971659037163249863e-04,1.959368623575123464e-04,1.919680083213008855e-04,1.927012567680766464e-04,1.824873877071440346e-04,1.839653617671024855e-04,1.837767315016834420e-04,1.700362075101946927e-04,1.741709430766079304e-04,1.792570203747554530e-04,1.843088590937501023e-04,1.689621501221432451e-04,1.772526799663938491e-04,1.791995551477716143e-04,1.651951064127790399e-04,1.645981221653645065e-04,1.709784634879904887e-04,1.588540414716893036e-04,1.548146470275599739e-04,1.583121709016041458e-04,1.508238745259811344e-04,1.415135356382864228e-04,1.339239234663289712e-04,1.332264513781370580e-04,1.259692950032513460e-04,1.177341793600418280e-04,1.153719094185339043e-04,1.065753820864591265e-04,1.019534557388253039e-04,9.869778622269048847e-05,9.078108128520598016e-05,8.754093943730391423e-05,8.072214908181625905e-05,7.710959510210783376e-05,7.490789802134082168e-05,6.904745898439248997e-05,6.556268676486759700e-05,6.032248269178505694e-05,5.916318358971900491e-05,5.466233754344190684e-05,5.161357707110987320e-05,5.087692667401895138e-05,4.713905886447508609e-05,4.442048857370599953e-05,4.121485222367808366e-05,4.087025649207257631e-05,3.847884862530353981e-05,3.584946467707003106e-05,3.564440855570330611e-05,3.333136690571316492e-05,3.139848817376214959e-05,2.944637541044994495e-05,2.936244414358193282e-05,2.768862808045232545e-05,2.607532696033840194e-05,2.602588603050350229e-05,2.457879068984022920e-05,2.323992222877675271e-05,2.320737367220918933e-05,2.199712490876254225e-05,2.084020427164985119e-05,1.981959456078896345e-05,1.979684669572743741e-05,1.886521614056896380e-05,1.793645691370310003e-05,1.791099790025358273e-05,1.712139423550240874e-05,1.631559375638369567e-05,1.564438032556946044e-05,1.561249627729923976e-05,1.491176412356159352e-05,1.433733732862867190e-05,1.429952348327411490e-05,1.376492779457518698e-05,1.319400371849303030e-05,1.315075395182358186e-05,1.268851142721656154e-05,1.218821727822305494e-05,1.178863641484080413e-05,1.173843891493222799e-05,1.136266550514087787e-05,1.094946078515597042e-05,1.089571931371812533e-05,1.056624145965394955e-05,1.020106821483960081e-05,9.912328949597424017e-06,9.854336569430460261e-06,9.530557269033388944e-06,9.274754212371453637e-06,9.215234317155385820e-06,8.972178637008883419e-06,8.699503335841252179e-06,8.639147423795164653e-06,8.422313476379911210e-06,8.178471737081061046e-06,7.984862385565021602e-06,7.923583547521080659e-06,7.738670045830713787e-06,7.530510172741179445e-06,7.469666859496083465e-06,7.302908124715621955e-06,7.115237383166699315e-06,6.964485970135292882e-06,6.904236899811057787e-06,6.759713863051519768e-06,6.597463577887922883e-06,6.538434193297164351e-06,6.406873894638085139e-06,6.259482119497231205e-06,6.139226691012895194e-06,6.081718910726676265e-06,5.947456781224036029e-06,5.837201635469982894e-06,5.781338144536467798e-06,5.675254449078435190e-06,5.557334129488697098e-06,5.503200095173558869e-06,5.405582191520057744e-06,5.297446470664193790e-06,5.207043779483148402e-06,5.155030833173026936e-06,5.067886611879584458e-06,4.971954646145449124e-06,4.921784978234066936e-06,4.841077120548182066e-06,4.752574383410241737e-06,4.677242496665199406e-06,4.629329075626252534e-06,4.547502576810102421e-06,4.477386376756469272e-06,4.431307111665104983e-06,4.363585158075846485e-06,4.290105187067051218e-06,4.245823803868368141e-06,4.182636399977283736e-06,4.114347785207230586e-06,4.054835188023543147e-06,4.012755762508112380e-06,3.955210974473113691e-06,3.893421679313984355e-06,3.853043054312339910e-06,3.799112658845721466e-06,3.741424014736640788e-06,3.690358376863744541e-06,3.652066377156234855e-06,3.602641205397565398e-06,3.550092496319791779e-06,3.513376697238814760e-06,3.466878259950786241e-06,3.417615638128653590e-06
2.712319503904695960e-06,2.748758413618159210e-06,2.786043565674888794e-06,2.827970425148669572e-06,2.857845919469000664e-06,2.897505157424097291e-06,2.938130244757681451e-06,2.973538798421139187e-06,3.015785653256516664e-06,3.059095286095796583e-06,3.108543055381355388e-06,3.141461412804329047e-06,3.187707260017134273e-06,3.235178850512157306e-06,3.275172303431852133e-06,3.324637196319462437e-06,3.375460348837950071e-06,3.434460804289335459e-06,3.470633168995542281e-06,3.525145436998760687e-06,3.581242819413787996e-06,3.626531351114860036e-06,3.685115176621189059e-06,3.745469362204774876e-06,3.793268975515908676e-06,3.856359088252839199e-06,3.921432937181809477e-06,3.998877639986897400e-06,4.039991839797138479e-06,4.110314503272635388e-06,4.182995942317684272e-06,4.237273010529777813e-06,4.313451623639702820e-06,4.392297510944255320e-06,4.487902104660895612e-06,4.532364378382049301e-06,4.618125637112894692e-06,4.707107215753449171e-06,4.768786387059008383e-06,4.862333461084938934e-06,4.959558773486615529e-06,5.024702098924173219e-06,5.127048100453753635e-06,5.233612648328632155e-06,5.366064909965894370e-06,5.414720851955143520e-06,5.531908640170184515e-06,5.654311060377948754e-06,5.728188242668524961e-06,5.857510821454375160e-06,5.992881762458342609e-06,6.163733737234048591e-06,6.213991374630635061e-06,6.364283513626189443e-06,6.522192262830145743e-06,6.605533774099373503e-06,6.773073721603175832e-06,6.949554995405945447e-06,7.174698557855760619e-06,7.224633291837592760e-06,7.422753260398501650e-06,7.632355924191325014e-06,7.725346603449447679e-06,7.948804606567030966e-06,8.185913669075447956e-06,8.282826617321649768e-06,8.536107378868286461e-06,8.805697913891900048e-06,9.150242609037084748e-06,9.194764115978858372e-06,9.502914595643421265e-06,9.832609832854052076e-06,9.936990417859719140e-06,1.029116242224097250e-05,1.067141018634044489e-05,1.115131968146376578e-05,1.118702886167719117e-05,1.162813936567187169e-05,1.210439413133542726e-05,1.221084995295285614e-05,1.272562684164047637e-05,1.328347225248827775e-05,1.338768127532035178e-05,1.399208760520063508e-05,1.464951159753419458e-05,1.544153860954851235e-05,1.546254921636000467e-05,1.624209687323376064e-05,1.709490102395089063e-05,1.718067550138537253e-05,1.811067273049403372e-05,1.913173830075374132e-05,2.028870753532987121e-05,2.031718018326072252e-05,2.154678534113800727e-05,2.290372624180327818e-05,2.293936766000959277e-05,2.442814093120439359e-05,2.607595563551810293e-05,2.607488828869951525e-05,2.788625609781923462e-05,2.989611980165621515e-05,3.212828665191875578e-05,3.205913102357789819e-05,3.451898869419548762e-05,3.725453593865835403e-05,3.711793295134327935e-05,4.013466217575524693e-05,4.349016858754329077e-05,4.628489400917480158e-05,4.697198800859561315e-05,5.108167694754036926e-05,5.563821074963268900e-05,5.529670569377362707e-05,6.030453423273072995e-05,6.582768470063247350e-05,6.934774508633026534e-05,7.143559640456662539e-05,7.803349695178450889e-05,8.518870310309489531e-05,8.468716039303207817e-05,9.237349072224531428e-05,1.005409241495891802e-04,1.000773377430164807e-04,1.086656189665850624e-04,1.174914933372931536e-04,1.191134617413375441e-04,1.262035453837198997e-04,1.349201406233340654e-04,1.430097968791230851e-04,1.436658102745509203e-04,1.511068691230219778e-04,1.570536664549074984e-04,1.520351452536942082e-04,1.645016518532821837e-04,1.671516764200281296e-04,1.671699371657623637e-04,1.752716246422246732e-04,1.745410899706272294e-04,1.714859305076054860e-04,1.858038694771135270e-04,1.830641100015233059e-04,1.795612123718481998e-04,1.804587562409634184e-04,1.959919849072226878e-04,1.948547833904028964e-04,1.961148083241363036e-04,2.106990968053904282e-04,2.111550475868196372e-04,2.129704073470879613e-04,2.145633800689491848e-04,2.145633800689491848e-04,2.132972980759059050e-04,2.123278658533610166e-04,2.132059431324857400e-04,1.986216546512316154e-04,1.992759597580391075e-04,2.027975434538855748e-04,1.877106448400680378e-04,1.889834607935221165e-04,1.950597628164593353e-04,2.000881182031285046e-04,1.857701793324446514e-04,1.906622164103054728e-04,1.926953653090149148e-04,1.845938363823488356e-04,1.853351383020137352e-04,1.829454860658160189e-04,1.694086310339795883e-04,1.753452336818189946e-04,1.689095885382996568e-04,1.607382581616444920e-04,1.601277944006271282e-04,1.511635877441287865e-04,1.414831373495080153e-04,1.336188355701719524e-04,1.318794522160971448e-04,1.220699577818827348e-04,1.125286083586557733e-04,1.131306785947022226e-04,1.040638790878762877e-04,9.553629331317079084e-05,9.618138034726287364e-05,8.824606389883024604e-05,8.093231103564990344e-05,7.866794172132067259e-05,7.479474957140425681e-05,6.867268668719405474e-05,6.312304217279624604e-05,6.356159139410234664e-05,5.850729448949516819e-05,5.394849717214503888e-05,5.321928001422093692e-05,5.012382910203069748e-05,4.639540742060309922e-05,4.304209249509942170e-05,4.321751120023118999e-05,4.017107580711871235e-05,3.742983643306615056e-05,3.751864261816352525e-05,3.502592925804765787e-05,3.277937618143253381e-05,3.075255373736845798e-05,3.075392437055191280e-05,2.890570828747585905e-05,2.723367989510694834e-05,2.718791097589271839e-05,2.566015849897418740e-05,2.427361803340969678e-05,2.423151024387873993e-05,2.292390400769741881e-05,2.176754564596550051e-05,2.071232565552279581e-05,2.060217837951854372e-05,1.963198779181091430e-05,1.874329070437739291e-05,1.870394999690120014e-05,1.780035879687045500e-05,1.704722899030311026e-05,1.635321853873152528e-05,1.621939854537993769e-05,1.557716315268598898e-05,1.498305991874196215e-05,1.484635469923291792e-05,1.429529393022916472e-05,1.378360385272441693e-05,1.372614539294948421e-05,1.317106700721408445e-05,1.272772740094369677e-05,1.231370406132387380e-05,1.217966375644545702e-05,1.179332279326243305e-05,1.143127338874122388e-05,1.136475610139378891e-05,1.096227523665304336e-05,1.064395967825588074e-05,1.034411351107322111e-05,1.021966277026848320e-05,9.938347937937196989e-06,9.672541920895053527e-06,9.553127960933695275e-06,9.303285302944793022e-06,9.066531682676735998e-06,8.996029049362814446e-06,8.729450532934963163e-06,8.517620519799289072e-06,8.316035639764676656e-06,8.209012656717120803e-06,8.018671680240032788e-06,7.837089305083871040e-06,7.767809164102994313e-06,7.563636187612914705e-06,7.399436714455625614e-06,7.242231453229070263e-06,7.147362086121675715e-06,6.998338251544394355e-06,6.855366962892878447e-06,6.789387235414773530e-06,6.629723963928541259e-06,6.499268172837824775e-06,6.373737262309576484e-06,6.290083475525663155e-06,6.170677377647995079e-06,6.055581430609160543e-06,5.976376136578700437e-06,5.866763959615863800e-06,5.760939314592411741e-06,5.701564639020965675e-06,5.585058680359012520e-06,5.487501373291281271e-06,5.393099264046674859e-06,5.323399379047365348e-06,5.233239723692724220e-06,5.145880323282789598e-06,5.091403313438702633e-06,4.996367585233497946e-06,4.915343334917365525e-06,4.836687223826767392e-06,4.775305361089103747e-06,4.699997106032960788e-06,4.626809414142182059e-06,4.568652156292189590e-06,4.498516177845547172e-06,4.430285110456061330e-06,4.382731517064211306e-06,4.309718960353063410e-06,4.245992559227093230e-06,4.183906753901718362e-06,4.132549170283983985e-06,4.072927044262718975e-06,4.014789926848108007e-06,3.971697471957922537e-06,3.910186369804238573e-06,3.855660543738828625e-06,3.802428298863468943e-06,3.756958412599697318e-06,3.705742623915715117e-06,3.655705655200720839e-06,3.616728155306870076e-06,3.564334941335838742e-06,3.517236292928005813e-06,3.471174833959796308e-06
2.756427660311906279e-06,2.786401740702327614e-06,2.827362580584539153e-06,2.866136586773281277e-06,2.905822884709547842e-06,2.937586580415378251e-06,2.982497303336070793e-06,3.024759235882099124e-06,3.057986841887758507e-06,3.106063571023909085e-06,3.151136357345166620e-06,3.197357229840778289e-06,3.232544871613968656e-06,3.285595934715321237e-06,3.335010975380914892e-06,3.371806883038988223e-06,3.428851545106424814e-06,3.481773065258152220e-06,3.536165072754931300e-06,3.575073960433061121e-06,3.638479158315941565e-06,3.696895734785385578e-06,3.737543684777591352e-06,3.806064921572402829e-06,3.868929456381858170e-06,3.911372257763393518e-06,3.985580929273073436e-06,4.053375372254846846e-06,4.123325242752210001e-06,4.168028234791146859e-06,4.251485086915449681e-06,4.327186552959549598e-06,4.373756554221788911e-06,4.464675451395416787e-06,4.546803600770897139e-06,4.631838184540695733e-06,4.680636402324415565e-06,4.783889269574301030e-06,4.876526698432011253e-06,4.927168955100190613e-06,5.040400711497053957e-06,5.141612211566595976e-06,5.194062656797920300e-06,5.318582528933094388e-06,5.429500620201188522e-06,5.545039278094055203e-06,5.599332596310944087e-06,5.742969975140053446e-06,5.870252757938971579e-06,5.926067991464303158e-06,6.085241459429443513e-06,6.225965698724142081e-06,6.373344640571156616e-06,6.430265040477383006e-06,6.616243745172766812e-06,6.780192738494014628e-06,6.838014372342909902e-06,7.045858905489182770e-06,7.229005125511393186e-06,7.422044454867980863e-06,7.479638304165170116e-06,7.725936204593793438e-06,7.943135549249755620e-06,8.000512004553415562e-06,8.278306422707331600e-06,8.523872063809477008e-06,8.580398954594694482e-06,8.894867738045212740e-06,9.173916015471142302e-06,9.471198439356863453e-06,9.524230072766708008e-06,9.904923413141900824e-06,1.024568281843654738e-05,1.029580566799241607e-05,1.073103032578795498e-05,1.112385722457158309e-05,1.154611004707118804e-05,1.158952015304643721e-05,1.212500369010111837e-05,1.261648055093452912e-05,1.265456895589454988e-05,1.327284172898302405e-05,1.384844394322296120e-05,1.388030201834220070e-05,1.459669638441376792e-05,1.527508921916760881e-05,1.601428726319103747e-05,1.603714739325888590e-05,1.693764545809994289e-05,1.781785101762940540e-05,1.783551610209289064e-05,1.888769230107296547e-05,1.994243918348266500e-05,2.110303701970731141e-05,2.112300596583556705e-05,2.246166087066400369e-05,2.386600849728753770e-05,2.389626285442871000e-05,2.546819845974826973e-05,2.717693029158845886e-05,2.723303093256105594e-05,2.915963649505466350e-05,3.116806609093274530e-05,3.349236606841713988e-05,3.365301186959188215e-05,3.600479450361197164e-05,3.886313146989717426e-05,3.915311314069521353e-05,4.189195751854168519e-05,4.541253275837921980e-05,4.933663785470463218e-05,5.001578036673594025e-05,5.341170121968592815e-05,5.823110248962010832e-05,5.935183292975801080e-05,6.316955374573474959e-05,6.904660837866118572e-05,7.552360193795858579e-05,7.779604292478027876e-05,8.207494687551153835e-05,8.977065113559250925e-05,9.324417702339708410e-05,9.748199937700194057e-05,1.063292289901919795e-04,1.114594403673397390e-04,1.151126272750834705e-04,1.247341963407223961e-04,1.343845119373568518e-04,1.428005782055049341e-04,1.437678425422695891e-04,1.526106038138560562e-04,1.636722641572521035e-04,1.615601947933751335e-04,1.680366174316993977e-04,1.722234766375542079e-04,1.870252170281498248e-04,1.795698565388275238e-04,1.796292588125180994e-04,1.970877927059341026e-04,1.893357849197273616e-04,1.865195769313202979e-04,2.056414940411535326e-04,2.018280738355888808e-04,1.990789532950016066e-04,1.974571950145368035e-04,2.133721759400803786e-04,2.183777992451804413e-04,2.202703993140909383e-04,2.292710952779582602e-04,2.326179558518319697e-04,2.326566395610392499e-04,2.326566395610392499e-04,2.333938006179413888e-04,2.307176648078480884e-04,2.222416587360613604e-04,2.221869634934385735e-04,2.189656129643603418e-04,2.037097702416592422e-04,2.081478394323032339e-04,2.137687537438050591e-04,2.204010967216802046e-04,2.010855261406482375e-04,2.060576672150657451e-04,2.162563507649711977e-04,1.979165738438262918e-04,1.988040786088579647e-04,2.078810551651449781e-04,1.918324739542470671e-04,1.875284288333882443e-04,1.805487645723824767e-04,1.831136866612864450e-04,1.708676638170297758e-04,1.610765606135572457e-04,1.600923953635596515e-04,1.507556601841138406e-04,1.400347458286177590e-04,1.293475564432047798e-04,1.253496677061170090e-04,1.196990500346826352e-04,1.098850392287412499e-04,1.052350996907287941e-04,1.014398620294869113e-04,9.291129182278881247e-05,8.820687771439893914e-05,8.574562579551363480e-05,7.856816424296835758e-05,7.205691166036283155e-05,6.784667990467597672e-05,6.665177425580863242e-05,6.130661897463367271e-05,5.755009928167501330e-05,5.683139723525086281e-05,5.247133209161377687e-05,4.855790467887947427e-05,4.551516434807988441e-05,4.521127182766511806e-05,4.202536323321847176e-05,3.940285460461329271e-05,3.923145689967516233e-05,3.663246016860560386e-05,3.438419089076587618e-05,3.222472189501518930e-05,3.215833826119231020e-05,3.023803921760435405e-05,2.846891151259284822e-05,2.842518988652420510e-05,2.684029940097911403e-05,2.532754403662439144e-05,2.529093279754645975e-05,2.397525365536706929e-05,2.277718942109487009e-05,2.158116179402234838e-05,2.154346211073490151e-05,2.053877799082730107e-05,1.951085079654966812e-05,1.946579796296456899e-05,1.861783889638189023e-05,1.783774588684342133e-05,1.701488446519333210e-05,1.695883387767739439e-05,1.629350343632690571e-05,1.558033543917163434e-05,1.551720909849238706e-05,1.494616488886825604e-05,1.432590089151155822e-05,1.425706261178047336e-05,1.376391614783924773e-05,1.330390204639822218e-05,1.279657007259021200e-05,1.272090232527307866e-05,1.231982679641180157e-05,1.187423934363688476e-05,1.179600091361526318e-05,1.144435765082909064e-05,1.111340170902097373e-05,1.074302466940217538e-05,1.066191307787696057e-05,1.036927781876751326e-05,1.004080896700605257e-05,9.959573868302191684e-06,9.699553709655337491e-06,9.407210247069420190e-06,9.326570963802965642e-06,9.094457703591352990e-06,8.873706113770850695e-06,8.625556636687002886e-06,8.545768921135825765e-06,8.347346523710535274e-06,8.124508377825766589e-06,8.046536177413248108e-06,7.867474928256721454e-06,7.696128338627762356e-06,7.504363673532495238e-06,7.428658191668659857e-06,7.273125653705671267e-06,7.099509984156741930e-06,7.026241197547710142e-06,6.884585794762953113e-06,6.748338804308955253e-06,6.597076143890199733e-06,6.526790707627152708e-06,6.402088880097072917e-06,6.264130620873924962e-06,6.196516598839690180e-06,6.082053972303003245e-06,5.955896342693861948e-06,5.890957085446521125e-06,5.785609006395322967e-06,5.683708132054595255e-06,5.572140474072369275e-06,5.510453751507554485e-06,5.416302725002606915e-06,5.313633417026896502e-06,5.254565532161572765e-06,5.167374459349799682e-06,5.082763112102625538e-06,4.991121633115240072e-06,4.935238524384387124e-06,4.856624351922253856e-06,4.771818639610023126e-06,4.718400300043808790e-06,4.645213702322962603e-06,4.566574552805321283e-06,4.515529967141625790e-06,4.447268684534115342e-06,4.380787767637944387e-06,4.309812215683690861e-06,4.261660708635181094e-06,4.199490091041411373e-06,4.133362462677561652e-06,4.087378255383668265e-06,4.029144027138349950e-06,3.972310274972701151e-06,3.912217704473600107e-06,3.868881243326672829e-06,3.815524842694054824e-06,3.759300643658547843e-06,3.717918499689553737e-06,3.667755447293732090e-06,3.618712760553150938e-06,3.567311430133604503e-06,3.528323041337718176e-06
2.792500115058386873e-06,2.833261009251582716e-06,2.864939717501208304e-06,2.904164658491122821e-06,2.944289722120009858e-06,2.988937370318159674e-06,3.022596568116549528e-06,3.065302714925604998e-06,3.113072637797197816e-06,3.148354934208088893e-06,3.193873711295906368e-06,3.240518039471556837e-06,3.293168155576768316e-06,3.330648342970260733e-06,3.380478459167969566e-06,3.437055896384051286e-06,3.476343371942676055e-06,3.529664397839075263e-06,3.584416589230992528e-06,3.647213706336987773e-06,3.688911762658273404e-06,3.747655057750649120e-06,3.815467631556715940e-06,3.859154567119721629e-06,3.922299172750747831e-06,3.995681663464654111e-06,4.041439223672002533e-06,4.109450701348284698e-06,4.179536734072337481e-06,4.261920194332675577e-06,4.310349873751512211e-06,4.386086707992404535e-06,4.475753065907771867e-06,4.526397024988342379e-06,4.608430921437490439e-06,4.693237362399053338e-06,4.794863388661681172e-06,4.848252437823475233e-06,4.940468052227691888e-06,5.051798893691627568e-06,5.107468693520760572e-06,5.208014826287654232e-06,5.330312211168487516e-06,5.388272081799497020e-06,5.498219885815827581e-06,5.612521464913358999e-06,5.753267423571597873e-06,5.813779227962388947e-06,5.939387878230695048e-06,6.095175577795936875e-06,6.157808978803674919e-06,6.296317075672195573e-06,6.441042388691387954e-06,6.622610910664576862e-06,6.687216972413459072e-06,6.847748379302999719e-06,7.050421742588062541e-06,7.116660567208252136e-06,7.295447141119976574e-06,7.483410085213112911e-06,7.722965876414102435e-06,7.790002861139100660e-06,8.000813219446111399e-06,8.270697116622578095e-06,8.338373797733441802e-06,8.575939056031736346e-06,8.881129440324173529e-06,8.948861491889154366e-06,9.217934313496834519e-06,9.503823582771400271e-06,9.872432372890938717e-06,9.937819855968564053e-06,1.026447439519614246e-05,1.068555457798903601e-05,1.074895340953634697e-05,1.112437543571433898e-05,1.152694123896392392e-05,1.204410863488987354e-05,1.210175084641360503e-05,1.256909088972380655e-05,1.316606537996430457e-05,1.321905921119186794e-05,1.376518746914259218e-05,1.445694356814261249e-05,1.450414895196748186e-05,1.514672699173739929e-05,1.584595838875362027e-05,1.671536964918292142e-05,1.675316637938686798e-05,1.758535835079288903e-05,1.860237957766402121e-05,1.863422216585911595e-05,1.963185672336798738e-05,2.072978845375491268e-05,2.202636374598767496e-05,2.205755853560802183e-05,2.338916924157166354e-05,2.491617084049998373e-05,2.495447842594951428e-05,2.658084829952437827e-05,2.838996593827583626e-05,2.844042215741950436e-05,3.043998655429903998e-05,3.267239301826034640e-05,3.498386927363554956e-05,3.513965426058508431e-05,3.790929444934491036e-05,4.062211555774427327e-05,4.090076908526908055e-05,4.435115996734223856e-05,4.822524729605559497e-05,5.164537016177440568e-05,5.231121040837473872e-05,5.714783762625499859e-05,6.105509985703162388e-05,6.217090355404114002e-05,6.819135168677071374e-05,7.491326751972085920e-05,7.947114978922129470e-05,8.180135998795247734e-05,9.002464923513172409e-05,9.474976300250577844e-05,9.837777805165027177e-05,1.081914597553877943e-04,1.126262074673551738e-04,1.180837887714473691e-04,1.292892618699987910e-04,1.408985923818704771e-04,1.431937249049936803e-04,1.523658366489832026e-04,1.638712085421475842e-04,1.631432918339486150e-04,1.753787607701099815e-04,1.848869412710545806e-04,1.920046479729184451e-04,1.846662342033838426e-04,2.014039547614347985e-04,2.032868792788392780e-04,1.937870585758571433e-04,2.139149618978601901e-04,2.108832159292574186e-04,2.043777724027063549e-04,2.264058213589250994e-04,2.215474818463327702e-04,2.172654270866349524e-04,2.223028391622943270e-04,2.390505629794899137e-04,2.394724070845573208e-04,2.467278407252966967e-04,2.530484520650064348e-04,2.527748522372020223e-04,2.527748522372020223e-04,2.539975607304303506e-04,2.481744102551865791e-04,2.419433786892364604e-04,2.438879779222052956e-04,2.278962761865742901e-04,2.252082091033603484e-04,2.329713523083614421e-04,2.412415290696270063e-04,2.191373750842287853e-04,2.286779451790806657e-04,2.339693990079418355e-04,2.129556555119323561e-04,2.248036479056945991e-04,2.236072118580291284e-04,2.055259754861958838e-04,2.142290004047337534e-04,2.065939354387555415e-04,1.961812614228881089e-04,1.826480901545746052e-04,1.836002082318921147e-04,1.708262501048004027e-04,1.606583830376560017e-04,1.581942826247855914e-04,1.452969145438432158e-04,1.328550352070903366e-04,1.268553245175035177e-04,1.220024397944811218e-04,1.111221865670305260e-04,1.071695944575077448e-04,1.019836176294987491e-04,9.287284515737300177e-05,9.035809226586914386e-05,8.534031461872456596e-05,7.789037959501725859e-05,7.121853807712356943e-05,7.003393455605020788e-05,6.571411187201726652e-05,6.034556497885975641e-05,5.964273696358103095e-05,5.584727712126627167e-05,5.153683819098202454e-05,4.769517293757276019e-05,4.740158347879560945e-05,4.437575205876042206e-05,4.128165111382651765e-05,4.111187484242505150e-05,3.852310259906554542e-05,3.601949792623086131e-05,3.377369707288743246e-05,3.370890373036466872e-05,3.167130123215598845e-05,2.983629240374947823e-05,2.977862612468769261e-05,2.805139434945238102e-05,2.654163321229215935e-05,2.648759072786782868e-05,2.501477146088989197e-05,2.376360483216797802e-05,2.262405162046116644e-05,2.256592935458063239e-05,2.140352276999683162e-05,2.044779528826298846e-05,2.038178975473283611e-05,1.938383800167956767e-05,1.857640954773505661e-05,1.783237900295043746e-05,1.775537858233794571e-05,1.695627224562454765e-05,1.632040986009724979e-05,1.623717345768635917e-05,1.554463251511966596e-05,1.499752618905259482e-05,1.490966058875030382e-05,1.430719549944992175e-05,1.383339433356459073e-05,1.339028792358169380e-05,1.329706604815062004e-05,1.280341275083966204e-05,1.241587340513520846e-05,1.232138324942630067e-05,1.188750175016919388e-05,1.154663864916121878e-05,1.122495981618688514e-05,1.112920765535905009e-05,1.076775445745129822e-05,1.048241599374810934e-05,1.038776711821198464e-05,1.006690929402779048e-05,9.812581675279737282e-06,9.719679294524951997e-06,9.433821711680629810e-06,9.206104467628713640e-06,8.988998569209528033e-06,8.898319513658205535e-06,8.655095912946812514e-06,8.459407630268056066e-06,8.371509283986583450e-06,8.152867009610970347e-06,7.975808911167376009e-06,7.806013248414427896e-06,7.721523142680084429e-06,7.532940914734463421e-06,7.378455882434324198e-06,7.297185358138446503e-06,7.126281190717889665e-06,6.985274210085901105e-06,6.849404319572540181e-06,6.772040978647428697e-06,6.622831898377126830e-06,6.498241299163758455e-06,6.424174128628434500e-06,6.287966119792834062e-06,6.173408266418402266e-06,6.102580901638982056e-06,5.977915162906037815e-06,5.872313228611169638e-06,5.770026354071716071e-06,5.703119271730784240e-06,5.592678493835505314e-06,5.498045521864543639e-06,5.434204755862515002e-06,5.332495786330655343e-06,5.244753361517892745e-06,5.159513422331522013e-06,5.099387537581110173e-06,5.008467830907222233e-06,4.929191440798827069e-06,4.871884658429867457e-06,4.787693364987451514e-06,4.713825124236895374e-06,4.659212791365576590e-06,4.581096466317003515e-06,4.512145252231908942e-06,4.444939361418005202e-06,4.393601721570377962e-06,4.323015117945883005e-06,4.260127139796546782e-06,4.211211839213086254e-06,4.145414190589652841e-06,4.086475602675122505e-06,4.028919173617153783e-06,3.982956116964491295e-06,3.923105505485472416e-06,3.869047744962858041e-06,3.825242749021750310e-06,3.769222723184602152e-06,3.718381761117619058e-06,3.668652915112527590e-06,3.627485749355716010e-06,3.576230734247313349e-06
2.830743251341867304e-06,2.869122267065155227e-06,2.908358346256255697e-06,2.941853968640047784e-06,2.985532311223258025e-06,3.027257547131613739e-06,3.069953910217016333e-06,3.109092108438718359e-06,3.153525304529108296e-06,3.199022868877889235e-06,3.236502670004324951e-06,3.287783502839431430e-06,3.336337820216278967e-06,3.386109296811320256e-06,3.430721360639741130e-06,3.482618378112056403e-06,3.535857866416903840e-06,3.577817525148419456e-06,3.638664962856824806e-06,3.695710190433179794e-06,3.754306836734526659e-06,3.805370004988504869e-06,3.866601681281479237e-06,3.929556829896845713e-06,3.983731006273693817e-06,4.049579616269498685e-06,4.117348681027006202e-06,4.166668637491327290e-06,4.245819694947298507e-06,4.318920373850200381e-06,4.394278810090194195e-06,4.456645528050107727e-06,4.535668364436767090e-06,4.617228649136168675e-06,4.672248567253032056e-06,4.769172733801076424e-06,4.857655918870970586e-06,4.949165633547863597e-06,5.021227113980133038e-06,5.117463897643062683e-06,5.217135325951033047e-06,5.293874438611400307e-06,5.398825727545239054e-06,5.507690717406415627e-06,5.571534985354430031e-06,5.704231852028065888e-06,5.823492459512920043e-06,5.947531036124223893e-06,6.036547387587384087e-06,6.167610301949678971e-06,6.304180244768954767e-06,6.374023680552152626e-06,6.543600955790603282e-06,6.694497644358934819e-06,6.852248363010100453e-06,6.955603532546979627e-06,7.122955214156905006e-06,7.298308172079565685e-06,7.373285260082669239e-06,7.594799678478934878e-06,7.790531985073243442e-06,7.996437853816096964e-06,8.116217496459288629e-06,8.335667922226018859e-06,8.567162787954141651e-06,8.694541082652101113e-06,8.941746174485092671e-06,9.203292461919938038e-06,9.282071457256107762e-06,9.618375868450033917e-06,9.915420488262009910e-06,1.023130833965643916e-05,1.037712170674187539e-05,1.071635269485230926e-05,1.107837286080974900e-05,1.115387798249182885e-05,1.162166296768267729e-05,1.203907496147903501e-05,1.248720130746913538e-05,1.265040873733589078e-05,1.313476454983593348e-05,1.365687700887899921e-05,1.382605647193112959e-05,1.439185430219366206e-05,1.500436042578177899e-05,1.506209160909011469e-05,1.584322647821810750e-05,1.656691426814028414e-05,1.735585217992644354e-05,1.753007299460758453e-05,1.839142240765802969e-05,1.933478678514315849e-05,1.937010036606319046e-05,2.053721707449899427e-05,2.167379582692248306e-05,2.292767938980095390e-05,2.307978985592214341e-05,2.445955028955333610e-05,2.598874889894665336e-05,2.601417383747980325e-05,2.780311961721679823e-05,2.968166935969998745e-05,2.971868589767429555e-05,3.184723428355102346e-05,3.417067928531301657e-05,3.677281270559689769e-05,3.677550072570592030e-05,3.966659847832197037e-05,4.291456000625338131e-05,4.314657353792790808e-05,4.643870537345461748e-05,5.050826560853122720e-05,5.509079248348140126e-05,5.482718299427035335e-05,5.993387744479814524e-05,6.568016331191415744e-05,6.679575501515961830e-05,7.164789865679398575e-05,7.881787200664583382e-05,8.682426237613655835e-05,8.616160822844246882e-05,9.500029217679455032e-05,1.047546262723955088e-04,1.039600455550512007e-04,1.145978240362984939e-04,1.260882679434272957e-04,1.324032801932609400e-04,1.375469471151806358e-04,1.502849224879785966e-04,1.631165760470395111e-04,1.628555383863614244e-04,1.755334374279424615e-04,1.871219404220936049e-04,2.019634751516508715e-04,1.987704925563834257e-04,2.065064802429504326e-04,2.105170458662172545e-04,2.175543996499151151e-04,2.196339422878693440e-04,2.173067759462672102e-04,2.334906710963127058e-04,2.307312655219244857e-04,2.252359906825371794e-04,2.490208645356837354e-04,2.471167404371793670e-04,2.441297614841332023e-04,2.448390786951616118e-04,2.683706241994001556e-04,2.687792884871354079e-04,2.717275922303144671e-04,2.751342662211258313e-04,2.751342662211258313e-04,2.722063858313759519e-04,2.705804864002675308e-04,2.723762148804941040e-04,2.488446693762555060e-04,2.512820730350565426e-04,2.580250664359506505e-04,2.635099057025271779e-04,2.399950428289783283e-04,2.489438914119087567e-04,2.544163337498598189e-04,2.382324576369853058e-04,2.423729261798654162e-04,2.412053839866096585e-04,2.341719219772181817e-04,2.302832291187571604e-04,2.220369590559175812e-04,2.259070871780389752e-04,2.094887637973040745e-04,1.966665758245854866e-04,1.825994033199757830e-04,1.830196662582737346e-04,1.687705181632791554e-04,1.546294627951452371e-04,1.490006661044163518e-04,1.420620126926685947e-04,1.293252937111826937e-04,1.175419375650696939e-04,1.185630293633680295e-04,1.077592286100080630e-04,9.797374312503651453e-05,9.882474961608403723e-05,8.995376444678490993e-05,8.201017561030385513e-05,7.665363808980389475e-05,7.547378677897241745e-05,6.909639147954000531e-05,6.342659956027921707e-05,6.376511368384323334e-05,5.866615615335283885e-05,5.413454932419514752e-05,5.046717670599888298e-05,5.022210534738348045e-05,4.659238011511339362e-05,4.335738392505260260e-05,4.335393210464319496e-05,4.043400970167244826e-05,3.782267954025778886e-05,3.542648064501656072e-05,3.537075560034894718e-05,3.324931885602368313e-05,3.122610565469189324e-05,3.117683692100934342e-05,2.944115776644489873e-05,2.787153861277437083e-05,2.767620599174168709e-05,2.624550895412408841e-05,2.494545603508053011e-05,2.361056286492503421e-05,2.354323598154673026e-05,2.245818199065292568e-05,2.146476386152465133e-05,2.124103824133620656e-05,2.032852575080391799e-05,1.948912606400022107e-05,1.858543778391716592e-05,1.849237236510119480e-05,1.777793008778164968e-05,1.711604718297485652e-05,1.689879541335273001e-05,1.628642269359393578e-05,1.571667925346464568e-05,1.550709646892118861e-05,1.497866612947889941e-05,1.448503514213627745e-05,1.393536627417243459e-05,1.382561695202172121e-05,1.339527877795228429e-05,1.299089944806787964e-05,1.280365324535288878e-05,1.242629105833825276e-05,1.207047496231504915e-05,1.167110362610091569e-05,1.156070080353350007e-05,1.124595511661847869e-05,1.094770506515748489e-05,1.078413225652376867e-05,1.050432782347564900e-05,1.023843268119070053e-05,1.008461767989280941e-05,9.834710877301442518e-06,9.596599941986326082e-06,9.329987773656585255e-06,9.227952568345847246e-06,9.013827903189180671e-06,8.809038615914991947e-06,8.676315098081366592e-06,8.483003235416695226e-06,8.297720187547165331e-06,8.091841831780995705e-06,7.998057151169398775e-06,7.829831828831500720e-06,7.668097760270431185e-06,7.553787432457661788e-06,7.400544902961879769e-06,7.252956023464856006e-06,7.090597314323724692e-06,7.005687662715550600e-06,6.870607117801759250e-06,6.740185463293625413e-06,6.641640948942261432e-06,6.517663883183396862e-06,6.397790295002016807e-06,6.305252561029677258e-06,6.191167912231821668e-06,6.080711886802015044e-06,5.961020090967497132e-06,5.888525969231496755e-06,5.786506182563510028e-06,5.687545299239599645e-06,5.607457092326798744e-06,5.513018372474868408e-06,5.421310146960841397e-06,5.323008501791335375e-06,5.258342705281201730e-06,5.173182478007563204e-06,5.090356405117860973e-06,5.020788648645758193e-06,4.941556446941681280e-06,4.864425041399603947e-06,4.798852285312353079e-06,4.725000833416407778e-06,4.653045682997379256e-06,4.576974689521499079e-06,4.522236703835392523e-06,4.454997848504885361e-06,4.389406904829813099e-06,4.332118333047116106e-06,4.269186475923721503e-06,4.207752354478128431e-06,4.143384801424334105e-06,4.094626759247777381e-06,4.037001247343766232e-06,3.980690387165587132e-06,3.930431078676905497e-06,3.876302123842690871e-06,3.823375214817857511e-06,3.768362672152576370e-06,3.724884960075580518e-06,3.675073682460693817e-06,3.626326749133266083e-06
2.870872354942510283e-06,2.904449635000367444e-06,2.944172085198831216e-06,2.987601425475853341e-06,3.022904927320190818e-06,3.065135507515095390e-06,3.111512848400975023e-06,3.155901655965552237e-06,3.193604325355792512e-06,3.239614057477563881e-06,3.290534137555364924e-06,3.330209225804550229e-06,3.379288670800247684e-06,3.433882021427446455e-06,3.485682707871151351e-06,3.528080501858615741e-06,3.581832925074307721e-06,3.642153616377515306e-06,3.686798080312928940e-06,3.744356185301477109e-06,3.809318800990933795e-06,3.870363809817721944e-06,3.918079353670968445e-06,3.988177392772533366e-06,4.053795691070923534e-06,4.104054984096308904e-06,4.172264355775245457e-06,4.250518630890575768e-06,4.303462633585008221e-06,4.376964804893798903e-06,4.461854794507856100e-06,4.540458617008588173e-06,4.596996237992221169e-06,4.678815113928656508e-06,4.774403623223435106e-06,4.833933283967550627e-06,4.922577716207213214e-06,5.026897665519004610e-06,5.122391833476698910e-06,5.185828297051502163e-06,5.299972038714675233e-06,5.404014866664519142e-06,5.470715064745458023e-06,5.579261166047056962e-06,5.709615771855876893e-06,5.779692960013507414e-06,5.898375091079695312e-06,6.042029202987689303e-06,6.171501752385017678e-06,6.245731136636283158e-06,6.381081224197175990e-06,6.547094086847605015e-06,6.624801207656601637e-06,6.773986758926904233e-06,6.958424430508180009e-06,7.122999436452033846e-06,7.204633282747746122e-06,7.377129055915123494e-06,7.593170490221310110e-06,7.678088520865881215e-06,7.870063113123631831e-06,8.112281122782982168e-06,8.326869149036187425e-06,8.414870984388397098e-06,8.687473941727021572e-06,8.928673489006005916e-06,9.019227657423545095e-06,9.273370887814284930e-06,9.599674751530647680e-06,9.692288251820205917e-06,9.979905015492465832e-06,1.035104448249012109e-05,1.067962816642843868e-05,1.077231547795859936e-05,1.112050353521831119e-05,1.157270108664937451e-05,1.166532148221226110e-05,1.206531969740050947e-05,1.258561638914666067e-05,1.305090377426375779e-05,1.313940270075698147e-05,1.374079928895392741e-05,1.428273130635837405e-05,1.436763231934989694e-05,1.494890343337616415e-05,1.570158085592260634e-05,1.578100989889249012e-05,1.646585877038978372e-05,1.734653871286772394e-05,1.816453015992217931e-05,1.823172451965169018e-05,1.912077573135286473e-05,2.024511924937722547e-05,2.030293880295363287e-05,2.137302550457172813e-05,2.270389466501329337e-05,2.400474137747500461e-05,2.405098507543558496e-05,2.549074442910781953e-05,2.722036364956262135e-05,2.726288279833690478e-05,2.903583329711190139e-05,3.110100988545210914e-05,3.114987144401803066e-05,3.335204878426493931e-05,3.582101145886798136e-05,3.853760913939185474e-05,3.865496277535330360e-05,4.176680397054623065e-05,4.500721954994072545e-05,4.522782540204612229e-05,4.916961003528703175e-05,5.302234159620089867e-05,5.785567300056960105e-05,5.846027957680966652e-05,6.416123228480831561e-05,6.909256729625788403e-05,7.018362158423814372e-05,7.745272212317378779e-05,8.309514054086443110e-05,9.168061165305455658e-05,9.422465018746014383e-05,1.004406331236429024e-04,1.109851400854711047e-04,1.151995143498122732e-04,1.279192817139152634e-04,1.341266055496389252e-04,1.408377889586104315e-04,1.557513835292791160e-04,1.605846471558541530e-04,1.747210032540796193e-04,1.867819228627639499e-04,2.022870289894486689e-04,2.011424950786578584e-04,2.176813495751028652e-04,2.298296064905725237e-04,2.226109366705233820e-04,2.267994810491266071e-04,2.495463289971462705e-04,2.382740991225654507e-04,2.359506543021916533e-04,2.628051233521094127e-04,2.553728112752208512e-04,2.497938834716377510e-04,2.769559242015090040e-04,2.700452567860690324e-04,2.762070625463678721e-04,2.785286956528561751e-04,2.935076823529092905e-04,2.960036357677656681e-04,2.992707631709604814e-04,2.992707631709604814e-04,2.965867642899262650e-04,2.957729162676947738e-04,2.816614160699431463e-04,2.824221101420351957e-04,2.792911658485800201e-04,2.909372024336420162e-04,2.642829246384814645e-04,2.739858581351629452e-04,2.853104775811918692e-04,2.577057874285208251e-04,2.622756826971173899e-04,2.763985993813888875e-04,2.520036775482197250e-04,2.480790959631208668e-04,2.566943223492698005e-04,2.434438024274718877e-04,2.251670742734501773e-04,2.266410756208226199e-04,2.094312340654777961e-04,1.960699712484085177e-04,1.803837054675498804e-04,1.751248921570430111e-04,1.585768273345379900e-04,1.512211429784142045e-04,1.444295410595521241e-04,1.303379619253662201e-04,1.257693252648693139e-04,1.140998759509788315e-04,1.072696869777936134e-04,1.045419963357037331e-04,9.503345756031566897e-05,8.880990093462282683e-05,8.075156923030609303e-05,7.960309080601952678e-05,7.414062973543307565e-05,6.780515347288928281e-05,6.716951376356639189e-05,6.178682843953488919e-05,5.749431533151173163e-05,5.309432528054077404e-05,5.285652486669055943e-05,4.922914067554290960e-05,4.574024200180029176e-05,4.560137797703211885e-05,4.254601053444761121e-05,3.976427022319097866e-05,3.727810308684448520e-05,3.720159168460724600e-05,3.486355754197236953e-05,3.285081541997325518e-05,3.277503403197626976e-05,3.080756409057279374e-05,2.916362064483987181e-05,2.907995523070200635e-05,2.758986956440893907e-05,2.606554750493207600e-05,2.483296541544787343e-05,2.473421816813508155e-05,2.344039019118617420e-05,2.241012558782454393e-05,2.230069868866366059e-05,2.135021886433384277e-05,2.032970437012764523e-05,1.952886019559402849e-05,1.940663775714247973e-05,1.853048281110723298e-05,1.784677366073582569e-05,1.771962845834930647e-05,1.708089728747969532e-05,1.637602911952669256e-05,1.624631279766748773e-05,1.569496739291468542e-05,1.508251953341270710e-05,1.460539362903566563e-05,1.447319786965884126e-05,1.393867901630168959e-05,1.352124280649145517e-05,1.339061949119784216e-05,1.299624356263184891e-05,1.255472705223929245e-05,1.220733098153868547e-05,1.207895382537540288e-05,1.168926780873140633e-05,1.138095460083392641e-05,1.125644468182631802e-05,1.096365015259373555e-05,1.063615952427179767e-05,1.051599679924107968e-05,1.025447736486795496e-05,9.962461312292526390e-06,9.727204552882290917e-06,9.612353342736736569e-06,9.351012777998115669e-06,9.138900001570632729e-06,9.029020941357947567e-06,8.826615503927807201e-06,8.602347163229434840e-06,8.417978412877964638e-06,8.314090155298384843e-06,8.111614887826972540e-06,7.943870953840886305e-06,7.844976572129025558e-06,7.684522897962140720e-06,7.508507104859201128e-06,7.360813444363428763e-06,7.267913725412059541e-06,7.107767345982607740e-06,6.972375275390761427e-06,6.884181099970200249e-06,6.754426149031675604e-06,6.613625218410189555e-06,6.529942132694570290e-06,6.410597856369982226e-06,6.281615159891010645e-06,6.170466193459129250e-06,6.092202483233273395e-06,5.973754559152147764e-06,5.870986239415379816e-06,5.796789546995200301e-06,5.698082018898432933e-06,5.592538431708479105e-06,5.499982877937517560e-06,5.430684452052374884e-06,5.333205383069771556e-06,5.247193950187514247e-06,5.181501941195030623e-06,5.098777796576787641e-06,5.011206333311863532e-06,4.948919379128625610e-06,4.871860863908950961e-06,4.790571834499610133e-06,4.717759615917443938e-06,4.659591866677245367e-06,4.583994619473353915e-06,4.515925020857669941e-06,4.460741115161752463e-06,4.395158228529192683e-06,4.326579062561139707e-06,4.264331260349619924e-06,4.212769298389708786e-06,4.148719863434806081e-06,4.090315343635532105e-06,4.041357202715280718e-06,3.985022230135184263e-06,3.926570697190470315e-06,3.872896019425146876e-06,3.827109258611644693e-06,3.772311557178675848e-06,3.721789332229556876e-06,3.678270589986200818e-06
2.904266409572412897e-06,2.943949426180345838e-06,2.981683277176874857e-06,3.022948524016406333e-06,3.065132683265638601e-06,3.105049502326793061e-06,3.148947785175481988e-06,3.193849273455336257e-06,3.239789997751541752e-06,3.282873817626863822e-06,3.330732910327727095e-06,3.379730280243120644e-06,3.425400818048194544e-06,3.476485195490194759e-06,3.528819187746572119e-06,3.582451659276727024e-06,3.631884517277772135e-06,3.687868266293389513e-06,3.745282831283677723e-06,3.797796335284629566e-06,3.857780992270028403e-06,3.919346391940692918e-06,3.988717562978718191e-06,4.039565545150131607e-06,4.105697141018184139e-06,4.173657753153475502e-06,4.234349692475487559e-06,4.305516768837212823e-06,4.378719206915421225e-06,4.443398192926864847e-06,4.520132627336937865e-06,4.599139113906432449e-06,4.680529311286513592e-06,4.751039811874133357e-06,4.836490999883027874e-06,4.924616981862382788e-06,4.999927232685107224e-06,5.092555759942368500e-06,5.188196424934987460e-06,5.300535572452695256e-06,5.369355352024587281e-06,5.473406960276017357e-06,5.581057513295535043e-06,5.669193022431486380e-06,5.782691083825421404e-06,5.900283058960864249e-06,5.994701534173266755e-06,6.118847553180854868e-06,6.247670562513254599e-06,6.381469442456281953e-06,6.485095566902232574e-06,6.626657171120321218e-06,6.773944909782268616e-06,6.885152726809435263e-06,7.041223830322843926e-06,7.203916841628476601e-06,7.373707994578379725e-06,7.496001633877798233e-06,7.676370380051953206e-06,7.865016414227561875e-06,7.996402927676847438e-06,8.197152116206341034e-06,8.407607510536508244e-06,8.672828827720312437e-06,8.773153929985013958e-06,9.008972360378357926e-06,9.257213391759616653e-06,9.412543344360290318e-06,9.678025541591780129e-06,9.958305689548100414e-06,1.012505389682832061e-05,1.042543797590863719e-05,1.074356491496985138e-05,1.108114054707074959e-05,1.126406141398994431e-05,1.162718793338878346e-05,1.201389145238493771e-05,1.220947325747829201e-05,1.262647037303798534e-05,1.307225486737923364e-05,1.365246163941839575e-05,1.376262885460032191e-05,1.427998718767100835e-05,1.483677112664580042e-05,1.506187601932777559e-05,1.566660469597738861e-05,1.632042469602051457e-05,1.655683511678115701e-05,1.726905630240529728e-05,1.804288115238006612e-05,1.888611464298406580e-05,1.913394886042813078e-05,2.005739548974804832e-05,2.106903418838083631e-05,2.132052415022926131e-05,2.243205216226542775e-05,2.365649823279577808e-05,2.500963445455306006e-05,2.525454648735286033e-05,2.675007124608576547e-05,2.841226404749994466e-05,2.863864441305755227e-05,3.048212601816232631e-05,3.254282765097104077e-05,3.273292048236025329e-05,3.502618518954036522e-05,3.760402207389906555e-05,4.050991320025186217e-05,4.061074206548987922e-05,4.386300227158593788e-05,4.754685122687462028e-05,4.753747538138666258e-05,5.167178634364773520e-05,5.637302241762198897e-05,6.172575081884280413e-05,6.149193354665467794e-05,6.751873331185842021e-05,7.438863261078044423e-05,7.392073866019973488e-05,8.165548922797555775e-05,9.045520574082634006e-05,9.702464670995151206e-05,9.959111268996161267e-05,1.107562756599270626e-04,1.232796577866034624e-04,1.221865201220861464e-04,1.360373586361748877e-04,1.512318252616064911e-04,1.500684284840905758e-04,1.664762512094848375e-04,1.837214614643814894e-04,2.011802630071493386e-04,2.007385883468822553e-04,2.179420377803284209e-04,2.333234492391394750e-04,2.351372896696899361e-04,2.485324412409402545e-04,2.571967294674767208e-04,2.449835584992880451e-04,2.711901576469599230e-04,2.703875241320837343e-04,2.629467125669579259e-04,2.893261999724431872e-04,2.821093114942406174e-04,2.733329788962015022e-04,3.105526881837162483e-04,3.047704118051976869e-04,3.041643979198232280e-04,3.101026177035379845e-04,3.271716737869531134e-04,3.266819180250629760e-04,3.266819180250629760e-04,3.286222967268798145e-04,3.115532406434646856e-04,3.081841193707497511e-04,3.128518968899787929e-04,3.237440093119286653e-04,2.865243000244139192e-04,3.005951051133029539e-04,3.124517241399027661e-04,2.860722379668976059e-04,2.969500053664945560e-04,2.997871738276121161e-04,2.718378709613583524e-04,2.865086588181594662e-04,2.774699394990398399e-04,2.629097305439357019e-04,2.611850836708325650e-04,2.441809458671801900e-04,2.250987347264935858e-04,2.257745705376481692e-04,2.063967405031204045e-04,1.872644205554283470e-04,1.690758697243679130e-04,1.705761410205961350e-04,1.537474895921667520e-04,1.384182484424723665e-04,1.398224936086097736e-04,1.259588200478512280e-04,1.136027817710928223e-04,1.108653538774445900e-04,1.036273436868399221e-04,9.387486469602958469e-05,8.530024519950570538e-05,8.590109144637318196e-05,7.826702515497997476e-05,7.156475518518848008e-05,7.186501159124219801e-05,6.589549003484556548e-05,6.064622044022852538e-05,5.602345828249180506e-05,5.603549827241237927e-05,5.190289149902694291e-05,4.824783564699128844e-05,4.811835628225813368e-05,4.484159446194298183e-05,4.192846995151770578e-05,3.933083459665235188e-05,3.908672692975981338e-05,3.674444819137142573e-05,3.464357328002025708e-05,3.435286698424521167e-05,3.245221771940642115e-05,3.073730011610383738e-05,3.042279638398644401e-05,2.886612471297400861e-05,2.745329405851889795e-05,2.616680050760093108e-05,2.584384972936765558e-05,2.466933749841442584e-05,2.359383873960225586e-05,2.327558248472781980e-05,2.229062771172417751e-05,2.138388142050206468e-05,2.054665574018211388e-05,2.024306935126246045e-05,1.947241106659722368e-05,1.875737296905947936e-05,1.846830457149227397e-05,1.780829204076240859e-05,1.719313062604454345e-05,1.703487364080466122e-05,1.635068227697858783e-05,1.581779899113275445e-05,1.531787033733169026e-05,1.506671400608521435e-05,1.460212303591522857e-05,1.416463882414685952e-05,1.392974103382366743e-05,1.352224503813675432e-05,1.313720647410369521e-05,1.277270410987944646e-05,1.255857443681278607e-05,1.221787810499739287e-05,1.189438450861996810e-05,1.169491758474505514e-05,1.139195049745362071e-05,1.110348739551393448e-05,1.096741603106481458e-05,1.064713236163620990e-05,1.038876613832138140e-05,1.014180900086472712e-05,9.973089039018392485e-06,9.740722576452617477e-06,9.518126224638647409e-06,9.361082875097203666e-06,9.151293161211644756e-06,8.949915842563410038e-06,8.756405554866519955e-06,8.613598061515382760e-06,8.430789799181813692e-06,8.254810914210093531e-06,8.121739449690615554e-06,7.955253129268963881e-06,7.794723736499580680e-06,7.639806287316713813e-06,7.518558823500155722e-06,7.371698742448094792e-06,7.229768451973763283e-06,7.116589257638380005e-06,6.981869185996666762e-06,6.851497662512493636e-06,6.760926540449281588e-06,6.621859133734537611e-06,6.501810386735500237e-06,6.385420414618507302e-06,6.288710772876224386e-06,6.177910926032840103e-06,6.070369948929434196e-06,5.979823905377550230e-06,5.877336298258253354e-06,5.777761305189307316e-06,5.680967494989122237e-06,5.597909989575350448e-06,5.505526220128973352e-06,5.415640536025177160e-06,5.337702995725481718e-06,5.251828352977331802e-06,5.168204205818232798e-06,5.101916373988125991e-06,5.015032894275967938e-06,4.937098100476915139e-06,4.861115899862420255e-06,4.793680695450226289e-06,4.720927400071083276e-06,4.649945366015626669e-06,4.586466172474875203e-06,4.518442328390782072e-06,4.452029242056143765e-06,4.387168318044606194e-06,4.328520507141639258e-06,4.266290904425762976e-06,4.205477828877526396e-06,4.150151751225236736e-06,4.091760197055347542e-06,4.034664213248551847e-06,3.978820285710186011e-06,3.927561111444749425e-06,3.873884707670240216e-06,3.821357004793386802e-06,3.772901088479668450e-06,3.722376054844991482e-06
2.936815068635225171e-06,2.979175621855584350e-06,3.020360013399619155e-06,3.057462218116534695e-06,3.102628851929070944e-06,3.146436637297563395e-06,3.185570118642185931e-06,3.231019798493849105e-06,3.280457999271931433e-06,3.328200573895538737e-06,3.370193915710061359e-06,3.423100638111742153e-06,3.474052473128496361e-06,3.518404363174797852e-06,3.571330050846630991e-06,3.629571321593387650e-06,3.685380970432432457e-06,3.733040420877527579e-06,3.795624893883501644e-06,3.855408676124341147e-06,3.905807000587467247e-06,3.973180173684686694e-06,4.037327720436721766e-06,4.103191281088063453e-06,4.157407948861417926e-06,4.232267499201067899e-06,4.303121512772396256e-06,4.360513475646488448e-06,4.441494369775069837e-06,4.517861559355279898e-06,4.578642382479703016e-06,4.658225228630202853e-06,4.748905984798540386e-06,4.833857866741240063e-06,4.899303134602936240e-06,4.997942495190551632e-06,5.089979263349946819e-06,5.159327214986596583e-06,5.266882587640436494e-06,5.366825394736985172e-06,5.470064631116246449e-06,5.544702738920172567e-06,5.666691491566388952e-06,5.779217730665322591e-06,5.858300736953393615e-06,5.992199441283715353e-06,6.115178642790337373e-06,6.198960957917227415e-06,6.327622847361159353e-06,6.481143284413219491e-06,6.621080129114407296e-06,6.711009896070540161e-06,6.880798769395791736e-06,7.034901772083067937e-06,7.130020945725393494e-06,7.291576236159943087e-06,7.488695210550139605e-06,7.666298521326049041e-06,7.767895707299807715e-06,7.987799680225462061e-06,8.185169044553820573e-06,8.292241106504618845e-06,8.538476255295776723e-06,8.758700346981871147e-06,8.989722844572577278e-06,9.103066597165345903e-06,9.394895230571817854e-06,9.654461672078965009e-06,9.773085629527675201e-06,1.010327282923823216e-05,1.039633170978129433e-05,1.051998873187343069e-05,1.082958834434645141e-05,1.122782317124421969e-05,1.158038176626839281e-05,1.170811702561111395e-05,1.216404055334999736e-05,1.256782356759649650e-05,1.269883458702962886e-05,1.322336999897362044e-05,1.368872912653435317e-05,1.418679794794868931e-05,1.431754419529347494e-05,1.496827625605139686e-05,1.554864587107441750e-05,1.567878338811226830e-05,1.643772091292647428e-05,1.711906029372248182e-05,1.724618652144007498e-05,1.797898707342205211e-05,1.894239175657632234e-05,1.981999068388551043e-05,1.993479216780571318e-05,2.107488485928132150e-05,2.212778896735928557e-05,2.223181587694785433e-05,2.338052413140862012e-05,2.486313523082904972e-05,2.627100407320060490e-05,2.635339540910999881e-05,2.813333559476663323e-05,2.986423173631682612e-05,2.993143717907706023e-05,3.207837651167020997e-05,3.422704575820189075e-05,3.428237253551518046e-05,3.669985362733014671e-05,3.957486719365385208e-05,4.261343622015064547e-05,4.269506335631681931e-05,4.619258341286717123e-05,5.005676480448141341e-05,5.020458894250394595e-05,5.469243287821316438e-05,5.940853516890932137e-05,6.506204812346127889e-05,6.554989262923894893e-05,7.124614627840836049e-05,7.854483704805017511e-05,7.952200141187082568e-05,8.631053731319939144e-05,9.572615827713607862e-05,1.064566825248248913e-04,1.091175742346329807e-04,1.175618863369172804e-04,1.311536903973266929e-04,1.359421278457588077e-04,1.449645484220500450e-04,1.616238439292940496e-04,1.698443426695471655e-04,1.901208221278866584e-04,1.973681904687332722e-04,2.167428641368784198e-04,2.328410356899121147e-04,2.352895112648190447e-04,2.522834852853131924e-04,2.750363192963820188e-04,2.693777643839592923e-04,2.786651754437186783e-04,2.805658485171212929e-04,3.114864281947278633e-04,2.951292447238328728e-04,2.873436551997014224e-04,3.222741308097448157e-04,3.146492687860030736e-04,3.076606331860206158e-04,3.385537954343667663e-04,3.330478874135807139e-04,3.456784699647563806e-04,3.509727494909415453e-04,3.568218943282613540e-04,3.568218943282613540e-04,3.516844048114280336e-04,3.485565820532491601e-04,3.382700409329381357e-04,3.491888724354567279e-04,3.197425322354325141e-04,3.326989359641799988e-04,3.459601810869472778e-04,3.108918251461605347e-04,3.229175555310798357e-04,3.437811408678403762e-04,3.109879067903056947e-04,3.101431859644649932e-04,3.005954887923665718e-04,3.074971571046797433e-04,2.823819055503338886e-04,2.636170598715137869e-04,2.611034610564854676e-04,2.432850141116851134e-04,2.217996946534527155e-04,2.139102639374592264e-04,1.914299331577423073e-04,1.824585714534032949e-04,1.640283252960913151e-04,1.541446903956670612e-04,1.489907522160228905e-04,1.339565296750034457e-04,1.246703292747481035e-04,1.218436399047759559e-04,1.099555489831294502e-04,9.952074980085779126e-05,9.201024645601557053e-05,9.099281055611259817e-05,8.287628165007713231e-05,7.653995235896307397e-05,7.602533555887345780e-05,6.971091295948412972e-05,6.443583363557815920e-05,5.940686222299590229e-05,5.923194259145688232e-05,5.488594926464459878e-05,5.094442991482797255e-05,5.082459940612841712e-05,4.738725944765029963e-05,4.412929168798794907e-05,4.138071251016060668e-05,4.127600312945484129e-05,3.882380938484289792e-05,3.637186110397710575e-05,3.624871002883534417e-05,3.426062920113536072e-05,3.221693852967409352e-05,3.207474969547271224e-05,3.044733812284794591e-05,2.873619790490420287e-05,2.739933348819048237e-05,2.723323058081380296e-05,2.600445677186019732e-05,2.467853298382453493e-05,2.450195228509123458e-05,2.347143390974236799e-05,2.234552394931834646e-05,2.147877373681123108e-05,2.129144567319009787e-05,2.048403886167577149e-05,1.959056467441158990e-05,1.940249314500929636e-05,1.871088374064907263e-05,1.794133984282814408e-05,1.775530456333672080e-05,1.715862140542977855e-05,1.659948414669384697e-05,1.597492524825404068e-05,1.579217148987378859e-05,1.530466213284594582e-05,1.475957568469256759e-05,1.458305905501351822e-05,1.415546125929067334e-05,1.367747998489318199e-05,1.329961233688711239e-05,1.313087044716598540e-05,1.277306864478927622e-05,1.237438740911440706e-05,1.221350669882207892e-05,1.189539568956814607e-05,1.154180170897619872e-05,1.138889947557385066e-05,1.110477629553110326e-05,1.083338609781701005e-05,1.053344462898504545e-05,1.039007699677851459e-05,1.014609627445606962e-05,9.877408657236336627e-06,9.741882655659139158e-06,9.521706751157644122e-06,9.280159066105806332e-06,9.078993336234881590e-06,8.952788511050747866e-06,8.760946197027426105e-06,8.551965350261386229e-06,8.432974270289722145e-06,8.258363162450747295e-06,8.068929970421833447e-06,7.907794682556647920e-06,7.797378974533890209e-06,7.643407020764749632e-06,7.477551221354862939e-06,7.373544864739871326e-06,7.232396588417509635e-06,7.080965690465117120e-06,6.982989385978798056e-06,6.853267236120249286e-06,6.727559914051292752e-06,6.593605693152632021e-06,6.502823936185966324e-06,6.386886246583194969e-06,6.263808569720002696e-06,6.178260437299197606e-06,6.071098870315934520e-06,5.957753956803356751e-06,5.857129604729429653e-06,5.777848962308294925e-06,5.681320296789781212e-06,5.579831508812714429e-06,5.505056974374487683e-06,5.415396550940769258e-06,5.321439866270871793e-06,5.250876621320439966e-06,5.167444989702460834e-06,5.086137391683442192e-06,5.001386758534003152e-06,4.935895101050579253e-06,4.860049782746738750e-06,4.781223703049649015e-06,4.719343252973548809e-06,4.648480338981467327e-06,4.575037665621132619e-06,4.507737525779297117e-06,4.450223342812805559e-06,4.385448612389480280e-06,4.318613586937967421e-06,4.264194871816974611e-06,4.203458591960262510e-06,4.140942566456618586e-06,4.083053020364013435e-06,4.032391446234395427e-06,3.976604743187683992e-06,3.919403967520264366e-06,3.871398574426182953e-06,3.818923336670615391e-06,3.765230774659335954e-06
2.974124865040014602e-06,3.010969562224792348e-06,3.052652341714860050e-06,3.097490209162653985e-06,3.136381470778883710e-06,3.180715413081134109e-06,3.226038284328870359e-06,3.269657340695194724e-06,3.316871800436591002e-06,3.365165846168057659e-06,3.417630215313503117e-06,3.461810509733336926e-06,3.513341181188237490e-06,3.566095076184230059e-06,3.616294816375218911e-06,3.671357939353159067e-06,3.727763526253077935e-06,3.789742444040011425e-06,3.840098047312891527e-06,3.900500841024137210e-06,3.967188903897269606e-06,4.020543667846921975e-06,4.085331162436836750e-06,4.151812504821632377e-06,4.225828619861656973e-06,4.283399025344669245e-06,4.354882139567076825e-06,4.434902494499084976e-06,4.495986627637951871e-06,4.572988100092750655e-06,4.652162890928717380e-06,4.724534035894584682e-06,4.807639190299079289e-06,4.893167945009674901e-06,4.990436930376976704e-06,5.060537086464721385e-06,5.153122578021256507e-06,5.259103163905652612e-06,5.333606489260949876e-06,5.434051922693984332e-06,5.537694798988539455e-06,5.657693776927578508e-06,5.738257617461446256e-06,5.851093477133913082e-06,5.982690134705084111e-06,6.068364089803750266e-06,6.191522764981378220e-06,6.319002095260229334e-06,6.427374048997772156e-06,6.562165322234560180e-06,6.701884502305194495e-06,6.868247433503097927e-06,6.966684350035031504e-06,7.120279215307080705e-06,7.279878616994018467e-06,7.409312755629025453e-06,7.578703036196994839e-06,7.755025406637828850e-06,7.969737801262250206e-06,8.082412203412692465e-06,8.277907283394626964e-06,8.518039242889803304e-06,8.637551495402377092e-06,8.855135410513955506e-06,9.082817426923521709e-06,9.366635731387679722e-06,9.494503879068987121e-06,9.749565180662573004e-06,1.007027362542943840e-05,1.020525081436707107e-05,1.049230980308182126e-05,1.079469234623683479e-05,1.099838804377726491e-05,1.132307249234295751e-05,1.166612761501620533e-05,1.210708311394224001e-05,1.225633721172900172e-05,1.264774159850901636e-05,1.315443824037458890e-05,1.330967175796112210e-05,1.375896908567525666e-05,1.423809066306844938e-05,1.486486660952906024e-05,1.502368593356426153e-05,1.557962662226928543e-05,1.630993727149900204e-05,1.647145259384294607e-05,1.712135834578181403e-05,1.782251940315421782e-05,1.813916601596804936e-05,1.890503489190026800e-05,1.973563964350648960e-05,2.082979220255809340e-05,2.098358712912887642e-05,2.197645309610757032e-05,2.306312870916568658e-05,2.342473816706791469e-05,2.462302890465484817e-05,2.594285034194948285e-05,2.765098733996056751e-05,2.777696716200584397e-05,2.939698511507790864e-05,3.146122770524284733e-05,3.157176164850906643e-05,3.358229469091150265e-05,3.583649462570792573e-05,3.618447845009457729e-05,3.870812411164158715e-05,4.155825812431055192e-05,4.494957962672769733e-05,4.505636053446378491e-05,4.870121812814141068e-05,5.286262373871694278e-05,5.300928397043290930e-05,5.772140033578639746e-05,6.313511538685566697e-05,6.878118355161034385e-05,6.923952243663691257e-05,7.634203946720556763e-05,8.317816166938825351e-05,8.409668313315512179e-05,9.346429825835872354e-05,1.043025819066967702e-04,1.131445287658740083e-04,1.157670099077543499e-04,1.299909067893552134e-04,1.398760487998144367e-04,1.447467615454133591e-04,1.630473206891298052e-04,1.835134828808562889e-04,1.817638938359349425e-04,2.042132985233756609e-04,2.281293839431609936e-04,2.340052568149914123e-04,2.517041495665687666e-04,2.755295575592320713e-04,2.733322352660029595e-04,2.989326510134175077e-04,3.155428536808930476e-04,3.233697322573668843e-04,3.041231173854186615e-04,3.400661122447490650e-04,3.316427756569411225e-04,3.165590542389921523e-04,3.575685073073768820e-04,3.438228438078630217e-04,3.351896034659765226e-04,3.822809619428162338e-04,3.781696884292248990e-04,3.827284523928640948e-04,3.890290842905501172e-04,3.890290842905501172e-04,3.835958459134797011e-04,3.818632034180785236e-04,3.911512825924016914e-04,3.440599241155619802e-04,3.597692412854133792e-04,3.809989201347684681e-04,3.402451045228189813e-04,3.614525485122038187e-04,3.742388449015362031e-04,3.364186402449084170e-04,3.596754036404011608e-04,3.520211553837163609e-04,3.341251421540243952e-04,3.059079338016952674e-04,3.087016572395413121e-04,2.822838840581425360e-04,2.627181947106754269e-04,2.564066508908005517e-04,2.298952311294295402e-04,2.050349100737594782e-04,2.072868825461273454e-04,1.846406962708914683e-04,1.644057283784779026e-04,1.591968886695290083e-04,1.483459715594579972e-04,1.326080437455080991e-04,1.298415624341482243e-04,1.200806794150736961e-04,1.080579904456241153e-04,9.765941794725541223e-05,9.670530400529887024e-05,8.910142623294626271e-05,8.118130964853857495e-05,8.068941387691311448e-05,7.437135698199742588e-05,6.830147102676823053e-05,6.300711906602484997e-05,6.281878536228485623e-05,5.812470016931979501e-05,5.400284795985188041e-05,5.383956647899673084e-05,4.999185816369973207e-05,4.674683563148002331e-05,4.386468321406461994e-05,4.341781986384471648e-05,4.083353287122543692e-05,3.852099340257218827e-05,3.833634126584095815e-05,3.596230258877859020e-05,3.408578497003091431e-05,3.388324091732158828e-05,3.190837063744085040e-05,3.036904439618079982e-05,2.896651489001023300e-05,2.850215418556025022e-05,2.722631006847203727e-05,2.605652364616814357e-05,2.582784707818307449e-05,2.454667873387120875e-05,2.356190629889769850e-05,2.265081105991709827e-05,2.224418938292631545e-05,2.140794258347235432e-05,2.063030868170437069e-05,2.040106079253319144e-05,1.953570310940651753e-05,1.886688966631048261e-05,1.864418379859775373e-05,1.789830150238202113e-05,1.731898972878110468e-05,1.677420090991404010e-05,1.655998857774930590e-05,1.595302427963539167e-05,1.547629199964437930e-05,1.527190789774876485e-05,1.474164843373373325e-05,1.432206637598272610e-05,1.392401071440969175e-05,1.366243492999289521e-05,1.329118013727298279e-05,1.293796392488666694e-05,1.275602130755169864e-05,1.236674197953649842e-05,1.205184254834067002e-05,1.188026395371054417e-05,1.153464050236042208e-05,1.125267626092763801e-05,1.098273531613789156e-05,1.082340325529860204e-05,1.052951872578022216e-05,1.028632992029887239e-05,1.013660413703322883e-05,9.873083478560830639e-06,9.653204656029945279e-06,9.441665919339420812e-06,9.275453099173967627e-06,9.075979166620516886e-06,8.883755780611630283e-06,8.753881898771316179e-06,8.548311350334671029e-06,8.373110605813424126e-06,8.203894046114557106e-06,8.064728225972226375e-06,7.904588461089245144e-06,7.749712273978552225e-06,7.637285838643835886e-06,7.473722749436589107e-06,7.331606382274085351e-06,7.226063106639010065e-06,7.076619353413621796e-06,6.945894566028582115e-06,6.819095153018671315e-06,6.721732955630780099e-06,6.589349000732887249e-06,6.472326092057756688e-06,6.380838013170781853e-06,6.259130860032751013e-06,6.150903453836744442e-06,6.045671218318313263e-06,5.952735828704446530e-06,5.852443134927915330e-06,5.754842294273271302e-06,5.675358150726696596e-06,5.574832428595410665e-06,5.484142857779204738e-06,5.409302255625750095e-06,5.316194088634955980e-06,5.231778688833289221e-06,5.149472495088408492e-06,5.080210315934229396e-06,4.996149250697169148e-06,4.919356413684017258e-06,4.854037593405885401e-06,4.775823351685365465e-06,4.704063180957991132e-06,4.633982254055272518e-06,4.569518268921904547e-06,4.502361324071067940e-06,4.436736774961899939e-06,4.379528900459193894e-06,4.313143463171464089e-06,4.251606494756595378e-06,4.191425133117551886e-06,4.135411731645108475e-06,4.077630875306286283e-06,4.021093372719655728e-06,3.970805903265317910e-06,3.913941816130739519e-06,3.860761041267089791e-06,3.813142141363959306e-06
3.003688534116291113e-06,3.045216458079374468e-06,3.085664515084713966e-06,3.128883652773785994e-06,3.173049274144380751e-06,3.213838908871937562e-06,3.261939247832861470e-06,3.308970155052547644e-06,3.352121099516571558e-06,3.403519722488416426e-06,3.453668571123518672e-06,3.504982798306508157e-06,3.551495138641047819e-06,3.607908415092207517e-06,3.662732895038931853e-06,3.712025923530499601e-06,3.772537772934130906e-06,3.831199671578831849e-06,3.891315107949113307e-06,3.948500210558526002e-06,4.011365719087427447e-06,4.075832508706911444e-06,4.132360915554885583e-06,4.204327898794069572e-06,4.273576375686363928e-06,4.344664723223358487e-06,4.411313528310279563e-06,4.485828625327896059e-06,4.562383742725626269e-06,4.627449587411144219e-06,4.714029049995411855e-06,4.796627172157686879e-06,4.865878073736685569e-06,4.959799039645883736e-06,5.049094528540961957e-06,5.141035989894373187e-06,5.224969524993767788e-06,5.321707922882400760e-06,5.421411614938264619e-06,5.501504458057299709e-06,5.616647697366015909e-06,5.725015943929304572e-06,5.836888296162822467e-06,5.936394829711111491e-06,6.054465292557995764e-06,6.176498637454652661e-06,6.269338185375666923e-06,6.412752321034361568e-06,6.546222590288593543e-06,6.645338777088521809e-06,6.803312340637410950e-06,6.949702722866510531e-06,7.101527876916712851e-06,7.209222614950478987e-06,7.391146008313560034e-06,7.558429201049281931e-06,7.673422562207202452e-06,7.875431170956328369e-06,8.060359446619308566e-06,8.252971205476275675e-06,8.408240292685124575e-06,8.613401699135787750e-06,8.827503323169853886e-06,8.960501310406208944e-06,9.224695309194010131e-06,9.463631746855319550e-06,9.713827279958680809e-06,9.902661300049353941e-06,1.017045258137384743e-05,1.045154941600315129e-05,1.060408856349113591e-05,1.095879377376425345e-05,1.127613198525342697e-05,1.143788891001959781e-05,1.184162063275785704e-05,1.220173495434816776e-05,1.258256015649812856e-05,1.283455383260287076e-05,1.324550100152413572e-05,1.368156612265977613e-05,1.386199863532932030e-05,1.442832722852166862e-05,1.493083159376254987e-05,1.546730552660347376e-05,1.577587231810407639e-05,1.635892955652409851e-05,1.698411040143016026e-05,1.717658598825123548e-05,1.800143578401502332e-05,1.873571378271649527e-05,1.893103689983331251e-05,1.990301721010434284e-05,2.077272827123286369e-05,2.171767534544215571e-05,2.190564399419751208e-05,2.315973305367455829e-05,2.429587630441105766e-05,2.447591006345049058e-05,2.597990044907900816e-05,2.735987523049442300e-05,2.888386357575941949e-05,2.934136772001921811e-05,3.103564851966630336e-05,3.292010441722875941e-05,3.304865281845033163e-05,3.548989732494801420e-05,3.784745792336690132e-05,3.794540633152280768e-05,4.094524390674574092e-05,4.393024999408538415e-05,4.731604207187649238e-05,4.738343939146987422e-05,5.152671032416303581e-05,5.589878771749504528e-05,5.597313263889550729e-05,6.112508517615312649e-05,6.683415645288306951e-05,7.342805434675976086e-05,7.339277339676376390e-05,8.091950012697736406e-05,8.965502323208323038e-05,9.037863423557102515e-05,9.923053134408534525e-05,1.108460913186437162e-04,1.243317122905178407e-04,1.231803109574063321e-04,1.385669914107360190e-04,1.562852797733670291e-04,1.614529254386926364e-04,1.745251744471118939e-04,1.970802786602818377e-04,2.069439255046346142e-04,2.197942667097666208e-04,2.464539010637370182e-04,2.736613198070008898e-04,2.726327985127106261e-04,2.992674275467467376e-04,3.218719694904407223e-04,3.534402738705909775e-04,3.437341106721433781e-04,3.513735007522515524e-04,3.456160951817382294e-04,3.728408507481776766e-04,3.633670252843711874e-04,3.457062066670533030e-04,3.882660098265499054e-04,3.879152727544947867e-04,3.836606142835505902e-04,4.136241600573316150e-04,4.248417052703369438e-04,4.242405811571600921e-04,4.242405811571600921e-04,4.271087638990434584e-04,4.184055973166797907e-04,3.905274492459786303e-04,4.020680695409749208e-04,4.094831680552741605e-04,3.683593178154269312e-04,3.937607003392735506e-04,4.088213673306750678e-04,3.815970519925285134e-04,3.903077765182645675e-04,3.832176509177712218e-04,3.950101161351737985e-04,3.602206740592174767e-04,3.352975375771951867e-04,3.057895916521731591e-04,3.072645122023362268e-04,2.771182580764088477e-04,2.476025256712663142e-04,2.335673630344681370e-04,2.228756616195846495e-04,1.979505367845554582e-04,1.836265388340860402e-04,1.781290039809004227e-04,1.585364327862687380e-04,1.415210461882492727e-04,1.429996220906810966e-04,1.280454015173802958e-04,1.151547261799667609e-04,1.053313352662367275e-04,1.045884551064111433e-04,9.484573633557343789e-05,8.643669133878131763e-05,8.648199736291981943e-05,7.908455397842535173e-05,7.266517434187039085e-05,6.685873158946151272e-05,6.673171884508352397e-05,6.178177397112674153e-05,5.708176793884030319e-05,5.694312551868819643e-05,5.308251067692172068e-05,4.966776028786858859e-05,4.623402490936613960e-05,4.604983675146326940e-05,4.333292394643746374e-05,4.052165728320179761e-05,4.030132507490830220e-05,3.811388465797216173e-05,3.613999155515165316e-05,3.555248771067336854e-05,3.377104021713702662e-05,3.215203631100079613e-05,3.039530714958664121e-05,3.012326518030545826e-05,2.878142014820352516e-05,2.730889586862549255e-05,2.703238311627489173e-05,2.590930193643829348e-05,2.487208396555027032e-05,2.372184265457618100e-05,2.344337838632072906e-05,2.256262113760001834e-05,2.158191578135043993e-05,2.131130867657150596e-05,2.055738392969884743e-05,1.985213913435403428e-05,1.945589315809465286e-05,1.880572141019605991e-05,1.819500112956869584e-05,1.751408674208758504e-05,1.726694768235756964e-05,1.673463742928254052e-05,1.623172302394866264e-05,1.590812540116585193e-05,1.544136197178648141e-05,1.499895183262359123e-05,1.450872801212373041e-05,1.429081933549607499e-05,1.389957876255989610e-05,1.346742347946068783e-05,1.326289352207361956e-05,1.291520918710467125e-05,1.258335486973604554e-05,1.234086370509085003e-05,1.203048109707129962e-05,1.173355004380717235e-05,1.140905885125372669e-05,1.123249197469330783e-05,1.096573803108896164e-05,1.070973491058455007e-05,1.051034614698892990e-05,1.026980142419904384e-05,1.003853079364697213e-05,9.788693871920668360e-06,9.637122688592722055e-06,9.427492259990026432e-06,9.201969965400407241e-06,9.060327753476458233e-06,8.869713520584350126e-06,8.685718681577390190e-06,8.489188027920369748e-06,8.359242703894402364e-06,8.191215823448527595e-06,8.012444666663622115e-06,7.890929564199832230e-06,7.737073339527827693e-06,7.588081783516564650e-06,7.460300490726502108e-06,7.319063578621992132e-06,7.182139521325789967e-06,7.037935483821910858e-06,6.933493236004770710e-06,6.807368443370583921e-06,6.684908280357565334e-06,6.577125050040975342e-06,6.460693553353540166e-06,6.347539400813091901e-06,6.229448670659535183e-06,6.139406284557051604e-06,6.034640261029771552e-06,5.925636429150906937e-06,5.841113809960208703e-06,5.743928351027662618e-06,5.649283314894654507e-06,5.563696266755884147e-06,5.473378620881515582e-06,5.385356240895943815e-06,5.294467228988203698e-06,5.221189729112943789e-06,5.139188052424029912e-06,5.059189528269419909e-06,4.985755291549503627e-06,4.909239123895959351e-06,4.834544023893315853e-06,4.757921986529126800e-06,4.694131542580416564e-06,4.624283075297114214e-06,4.552788222282588510e-06,4.492629328309546986e-06,4.427218729883990063e-06,4.363273449341706582e-06,4.298047842081378568e-06,4.242282007343491000e-06,4.182284695695529912e-06,4.121199716603075448e-06,4.068509010602300097e-06,4.012142769297357393e-06,3.956970238492866673e-06,3.905028875140275979e-06,3.852007885242023827e-06
3.031997722480235852e-06,3.075686264906181875e-06,3.118695943779614731e-06,3.158989878198490392e-06,3.203662198372527010e-06,3.251337286255756567e-06,3.293985270757567916e-06,3.341555247545489519e-06,3.392482940517318251e-06,3.437661702520795580e-06,3.488383817651147243e-06,3.540271307678658474e-06,3.596128605683113514e-06,3.644926604791981713e-06,3.700358966951764108e-06,3.760251054597642655e-06,3.812048041307663310e-06,3.871353777367268659e-06,3.935679158124649644e-06,3.998173551646286547e-06,4.054256155421648518e-06,4.119395907451081020e-06,4.190532122175740065e-06,4.250182572745413847e-06,4.320138368666829858e-06,4.396877422873201012e-06,4.470897715910757898e-06,4.535638043722554120e-06,4.612914239047953079e-06,4.698358441204679690e-06,4.767357506967919048e-06,4.850702409512095522e-06,4.943336423984859873e-06,5.016942925817913595e-06,5.107006474662096812e-06,5.207657423942947943e-06,5.303622642846947505e-06,5.383773358578097596e-06,5.484206364524103063e-06,5.597541357830083157e-06,5.683209701218989781e-06,5.792298004251807190e-06,5.916177734512859934e-06,6.033131520323870546e-06,6.126588816877964060e-06,6.249213999565072501e-06,6.390032510162720321e-06,6.490094344844622018e-06,6.624081215912352707e-06,6.779056870067046533e-06,6.886271434041312300e-06,7.033066583985714328e-06,7.185105361488708684e-06,7.363218622797832269e-06,7.480384370760987359e-06,7.647670728030053758e-06,7.845240978605227982e-06,7.970912405967798875e-06,8.155556665525233410e-06,8.375472046636397167e-06,8.577530167612737165e-06,8.714809826511174900e-06,8.927791758385157162e-06,9.185257171111875824e-06,9.332508523779602040e-06,9.569686182690440376e-06,9.859056240092418759e-06,1.012173997830912041e-05,1.028216645975497061e-05,1.055982334920347594e-05,1.090407451714351461e-05,1.107585445813403691e-05,1.138840805705027563e-05,1.177970343501372778e-05,1.196342380946161936e-05,1.231698842629131086e-05,1.276394662042732306e-05,1.316406552825293186e-05,1.336216671051481169e-05,1.378733249229339933e-05,1.433367851130861916e-05,1.454409726522278739e-05,1.503206926218536906e-05,1.566487629121233021e-05,1.622823436257297950e-05,1.645117352231378210e-05,1.705311971409062446e-05,1.784512814217065115e-05,1.807846673061826376e-05,1.878206034053453099e-05,1.971429143725983121e-05,1.995624124749736150e-05,2.078546788591642078e-05,2.168223978437801557e-05,2.288147963266068911e-05,2.312397624344188896e-05,2.419673761694726829e-05,2.563430788645329006e-05,2.587550199109012682e-05,2.717217144333521956e-05,2.890816836112674530e-05,3.050541403566416231e-05,3.072625835488461535e-05,3.248218928281521620e-05,3.481431336484667414e-05,3.501519305177882993e-05,3.720557696320146550e-05,4.007743176284650694e-05,4.024874840271532755e-05,4.301833571804289760e-05,4.615557961609193996e-05,5.013674032939105545e-05,5.026423025278496307e-05,5.432595494773708952e-05,5.930777310383156302e-05,5.942100076590191483e-05,6.475766847792048249e-05,7.100573364982359274e-05,7.799342987479564171e-05,7.827264653757023841e-05,8.659411256167552065e-05,9.540361342501147801e-05,9.603647840504339075e-05,1.073430832895715749e-04,1.182116200196086904e-04,1.327634710877970700e-04,1.351496477826802422e-04,1.533474957650551960e-04,1.674895365028938909e-04,1.725648198223311933e-04,1.970300433162106468e-04,2.121796102043716533e-04,2.223566948497711696e-04,2.537031430993695732e-04,2.668140654949055436e-04,2.972505826573088906e-04,3.210234222220484813e-04,3.544880027174171912e-04,3.505097942190664776e-04,3.860454303401631977e-04,4.042688412037320506e-04,3.823181949707393497e-04,3.740605208297358457e-04,4.213616480806580203e-04,3.958093642060751339e-04,3.840811639464777427e-04,4.329340848585308456e-04,4.178907115004704370e-04,4.395388568705225671e-04,4.629172672660628236e-04,4.608696783592922228e-04,4.608696783592922228e-04,4.657557243855750041e-04,4.443202941298707428e-04,4.270153040807766619e-04,4.519373180547239625e-04,4.052983221752021062e-04,4.256961389607182423e-04,4.602383874289515172e-04,4.116652260940832577e-04,4.239710528490317205e-04,4.505266104478720230e-04,4.313048877001525103e-04,3.922187232160432636e-04,3.971661342490916190e-04,3.600771029539817539e-04,3.338405423185596501e-04,3.001617202838774792e-04,2.859175567372395960e-04,2.512519743152625542e-04,2.402959892011335649e-04,2.237450140641937860e-04,1.967212965134153724e-04,1.913786643580798845e-04,1.758310665931847876e-04,1.556919794322637917e-04,1.532219929432390129e-04,1.370785713276588254e-04,1.250222752418225216e-04,1.124396038147880173e-04,1.117841611836164611e-04,1.019403339719753899e-04,9.261966737765287179e-05,9.228927156797109689e-05,8.442584840562901340e-05,7.737695816033194577e-05,7.133753855368611500e-05,7.114090939633696152e-05,6.548202653734799675e-05,6.084806537566515855e-05,6.061741872218233992e-05,5.606584472085481452e-05,5.245745344518235184e-05,4.925950626865859797e-05,4.897186488993008317e-05,4.565843036323823301e-05,4.310884805877960164e-05,4.278902987876552461e-05,4.008248355086197650e-05,3.802285521584297022e-05,3.768469654292186551e-05,3.580618014759289722e-05,3.377407579832661887e-05,3.223616826188183896e-05,3.188286345478803362e-05,3.019121677022399314e-05,2.891042774127304440e-05,2.856201498540116319e-05,2.714375907070165416e-05,2.606651809850211987e-05,2.506704530735538708e-05,2.472765879354833136e-05,2.361683576028530431e-05,2.276419533342665007e-05,2.244042403871044091e-05,2.149251872182659414e-05,2.075944840658635292e-05,2.045288078592532118e-05,1.976659367168490512e-05,1.900412776497288023e-05,1.840563785584174768e-05,1.811979434928145832e-05,1.745897143800485772e-05,1.693548084339540426e-05,1.666792900068388028e-05,1.617534737382622024e-05,1.563155384475366561e-05,1.519378444130175793e-05,1.494766905790917884e-05,1.447001830479008762e-05,1.408185339691806655e-05,1.385265037471735234e-05,1.343111192645172468e-05,1.308533692180981209e-05,1.287203439835253534e-05,1.254504556065452041e-05,1.218901184938344143e-05,1.189247178415506652e-05,1.169767903948665402e-05,1.138005475114691064e-05,1.111319695644677275e-05,1.093206024668264239e-05,1.067901275869934731e-05,1.040660445325412892e-05,1.017453417608774673e-05,1.000933445289142940e-05,9.764051123284842016e-06,9.553446756924582702e-06,9.399723904418831824e-06,9.178126548730313933e-06,8.986427428632196615e-06,8.801170907942028682e-06,8.660902087097454533e-06,8.467465583798538633e-06,8.298152335385007829e-06,8.167434256831880904e-06,7.991353242086508165e-06,7.836212333195081205e-06,7.714286039099889594e-06,7.566383904828114620e-06,7.411060228316585562e-06,7.272803816974152615e-06,7.161261247175536647e-06,7.018944489908733119e-06,6.891537399826714992e-06,6.787288641744367463e-06,6.665595200270257432e-06,6.538916126631964115e-06,6.424504352209659898e-06,6.328916793798342863e-06,6.212180069377784334e-06,6.106223537632218000e-06,6.016694017883031986e-06,5.908890017911281219e-06,5.810580551904171429e-06,5.726641353737309911e-06,5.632502624373915131e-06,5.535507574786937159e-06,5.446419587542162992e-06,5.369167770953755670e-06,5.279164899310983953e-06,5.196163764686558914e-06,5.123577272173075183e-06,5.043967233764151987e-06,4.962458876594029957e-06,4.886828712999497526e-06,4.819850277797953479e-06,4.743896007579133403e-06,4.673173357707033030e-06,4.610104278997296356e-06,4.539211398827897350e-06,4.472983637674498298e-06,4.408226773974606295e-06,4.349878491170963082e-06,4.285165801119841607e-06,4.224410776443332673e-06,4.169353249529722099e-06,4.108733746595671217e-06,4.051659908606636039e-06,3.999660884216137390e-06,3.944720240338232378e-06,3.889114686472538373e-06
3.060272252433614254e-06,3.102837562984235615e-06,3.146313029916896215e-06,3.190726529473208290e-06,3.234468270024548288e-06,3.280737101702503292e-06,3.328027016973469031e-06,3.374505005047572221e-06,3.423809873299443796e-06,3.474228277443053393e-06,3.521561141626257885e-06,3.576279654868563315e-06,3.630106702245479194e-06,3.685191296507463020e-06,3.738976547854262646e-06,3.796524293692996108e-06,3.855450119423368857e-06,3.912823292326938033e-06,3.974440128971755472e-06,4.037570382962893103e-06,4.102268655737299827e-06,4.164923635921782763e-06,4.232665254723351418e-06,4.302134610713424343e-06,4.369170011369126140e-06,4.441980114255851025e-06,4.516698563617967571e-06,4.593399795648120953e-06,4.666911641000585653e-06,4.747418309999755413e-06,4.830123356923428702e-06,4.909030156955338440e-06,4.995934862179219821e-06,5.085283708947980663e-06,5.170105865054545798e-06,5.264100472665945078e-06,5.360820356357517497e-06,5.460385431756110356e-06,5.554011724715036694e-06,5.658931737796503592e-06,5.767038932199510346e-06,5.868048748881202035e-06,5.982117355744029752e-06,6.099768170664691289e-06,6.221174696752622174e-06,6.333228019191432709e-06,6.461574584614113520e-06,6.594165240928523887e-06,6.715526005926230219e-06,6.855898955182243793e-06,7.001086482831945242e-06,7.117163488898466402e-06,7.286699908967667516e-06,7.446126631673504160e-06,7.611345783738206189e-06,7.758549034855681276e-06,7.934132860388358002e-06,8.116359808775757472e-06,8.276746681600413507e-06,8.470738117843771181e-06,8.672385144748478623e-06,8.882172389569413621e-06,9.062516888519071435e-06,9.286437951993156147e-06,9.519816362170431241e-06,9.717177543596622338e-06,9.966768152274207968e-06,1.022740933597250922e-05,1.049989766510582781e-05,1.072312528367827032e-05,1.101544059537766193e-05,1.132173469823799660e-05,1.156709232493173992e-05,1.189641711324101715e-05,1.224234873874600316e-05,1.251250755318765319e-05,1.288534020080353890e-05,1.327804618485322942e-05,1.369237169216164500e-05,1.400031584699420377e-05,1.444859900635565392e-05,1.492308383133897645e-05,1.526334199409743898e-05,1.577815086546792211e-05,1.632499306279244083e-05,1.690715384305777532e-05,1.729640437143135744e-05,1.793100675138402649e-05,1.860945206608344784e-05,1.904018976411538534e-05,1.978219424736337722e-05,2.057919197621934591e-05,2.086909912247275853e-05,2.193027097794752068e-05,2.287473225787369939e-05,2.389790578439081269e-05,2.444097255893226654e-05,2.557086489657833120e-05,2.680252480542370591e-05,2.739868070838033626e-05,2.876446149837133198e-05,3.026350903100735252e-05,3.191602308164682744e-05,3.258237748676251835e-05,3.442878241845717517e-05,3.648058252183292453e-05,3.719262152650110198e-05,3.949635140325641059e-05,4.207882195525923307e-05,4.228759620722045824e-05,4.573446626567691286e-05,4.903220147478837808e-05,5.278522890083989596e-05,5.351087604598403355e-05,5.778614969778227888e-05,6.270129783683201495e-05,6.333555622167322860e-05,6.896442556481831505e-05,7.550218381544930829e-05,8.313654196976683357e-05,8.344823803507701908e-05,9.227268865393826373e-05,1.026674063907439443e-04,1.024903103439035870e-04,1.145504778500887821e-04,1.288427184552399596e-04,1.457921591236978906e-04,1.444883394323942093e-04,1.641875143817202881e-04,1.874396005736257080e-04,1.849801517364657393e-04,2.117984634478837960e-04,2.427954954217796863e-04,2.393998524242165024e-04,2.742859686189477795e-04,3.123506607074834915e-04,3.513678159443350455e-04,3.494763382298803956e-04,3.868945253320567042e-04,4.157713225166124842e-04,4.221027700348610077e-04,4.406958866029192902e-04,4.379027635668696137e-04,4.109726959031255521e-04,4.607384046557021001e-04,4.325722341674471429e-04,4.059930101844759303e-04,4.852101894552148876e-04,4.746272059275519553e-04,4.840451857004988197e-04,5.014249085033889355e-04,5.026722595548142880e-04,4.852925367519241723e-04,4.808504535670548512e-04,5.011723594143543221e-04,4.219551801436154190e-04,4.609174206620087312e-04,5.002949017513536869e-04,4.505292238998368447e-04,4.848701982686127749e-04,4.906561885658338590e-04,4.714019449062123381e-04,4.652290483132398026e-04,4.334742795227344305e-04,3.920438662291590541e-04,3.946594638072360023e-04,3.514810479667348640e-04,3.094022401299691485e-04,2.708931282435739869e-04,2.752563829442137558e-04,2.410471917169649061e-04,2.114655589719540460e-04,2.146239118195409008e-04,1.889104291548267527e-04,1.671136131916430077e-04,1.687879134635419172e-04,1.499564764222013305e-04,1.340529327932831903e-04,1.206070782016192719e-04,1.208344960509142685e-04,1.091858536694555789e-04,9.927000768685393718e-05,9.886974325433298995e-05,9.024733229138486999e-05,8.283905429645029505e-05,7.643760370677685743e-05,7.562312094380715174e-05,7.000567398824195803e-05,6.510024147745799425e-05,6.416840185839479971e-05,5.984267401950261957e-05,5.602604907230166441e-05,5.204220797140141969e-05,5.168687938822251211e-05,4.867326788142372165e-05,4.597358978887825328e-05,4.505922506036225686e-05,4.264610356430299857e-05,4.046561441596175214e-05,3.960991555573851596e-05,3.765212228076661926e-05,3.586913503365013304e-05,3.423836630254855528e-05,3.347281283316498021e-05,3.199816144334101007e-05,3.064042960620548658e-05,2.994305052919683192e-05,2.871057061140060957e-05,2.756904204776737413e-05,2.629935500843433519e-05,2.589663493110576660e-05,2.492822262301082174e-05,2.402391421338499793e-05,2.347078249484084542e-05,2.264244084838150638e-05,2.186548445329611801e-05,2.136562847438541079e-05,2.065173047393300922e-05,1.997944415020165646e-05,1.934501694103961045e-05,1.890807449747083723e-05,1.832255501648098766e-05,1.776815559336370382e-05,1.737270917584226971e-05,1.685969079209723618e-05,1.637247089935278747e-05,1.590903461948525328e-05,1.556211023837180397e-05,1.513168051027501225e-05,1.472121132838727128e-05,1.440613538697068817e-05,1.402402759948892241e-05,1.365879022432286916e-05,1.337213252788335646e-05,1.303139237683985577e-05,1.270500499943453927e-05,1.239203816958286367e-05,1.213859685261673415e-05,1.184575896724163485e-05,1.156444664829760629e-05,1.133285730032599594e-05,1.106913863232656592e-05,1.081537266588049422e-05,1.057098660675602857e-05,1.036502583990704534e-05,1.013534022947283698e-05,9.913817786601488040e-06,9.724786764617758384e-06,9.516241621857421531e-06,9.314833718142440314e-06,9.102564537227734439e-06,8.951110178038348587e-06,8.767466703898703164e-06,8.589780659988059428e-06,8.433935260772418079e-06,8.266037958731571323e-06,8.103404104235310682e-06,7.959510855299004191e-06,7.805618925968436700e-06,7.656394629408224962e-06,7.511628583040858572e-06,7.381916849551418475e-06,7.244676442380316261e-06,7.111410128676580806e-06,6.991179945523562570e-06,6.864681400095920526e-06,6.741736758991094520e-06,6.622200227657994644e-06,6.513275874873889301e-06,6.399621091737527742e-06,6.289027624228452083e-06,6.187699474623969849e-06,6.082427840159442700e-06,5.979913719984432300e-06,5.885513500224363856e-06,5.787825730931544642e-06,5.692628438027684808e-06,5.599830317928569095e-06,5.513746823176654180e-06,5.425191211281724583e-06,5.338810349488204997e-06,5.258351970704225275e-06,5.175838585665220031e-06,5.095301151565235877e-06,5.016672319606761712e-06,4.942996572460689147e-06,4.867791091429825369e-06,4.794325298315561344e-06,4.725256979833767777e-06,4.654926419256661478e-06,4.586184893706153121e-06,4.516556926961583895e-06,4.455492085761485936e-06,4.391081410658881825e-06,4.328079895609267971e-06,4.268395197624006545e-06,4.207961829581745311e-06,4.148821654791091477e-06,4.092650708449912698e-06,4.035876250469210309e-06,3.980290691227638451e-06,3.925859281236816822e-06
3.087846920260008043e-06,3.128452621560355669e-06,3.172388686628798871e-06,3.218738457009058431e-06,3.264682279674677879e-06,3.308534613597759037e-06,3.357988029608662164e-06,3.406940931080025001e-06,3.453473640718508551e-06,3.504425510423497269e-06,3.558541862491717792e-06,3.607968703717711862e-06,3.662367194345524727e-06,3.720310709712746008e-06,3.777423429509962330e-06,3.831026195717035077e-06,3.893165353671061268e-06,3.954307123134716451e-06,4.011380060917110865e-06,4.075167050012251565e-06,4.143684211842532906e-06,4.210877906952412209e-06,4.272962428583406728e-06,4.346743407534919777e-06,4.418950693538091371e-06,4.485220951441174715e-06,4.560684041607305935e-06,4.642544931815140098e-06,4.722346152244779183e-06,4.794663766784841330e-06,4.883221988649082016e-06,4.969343832481157679e-06,5.046740062502793840e-06,5.142742198922516167e-06,5.235865195850615241e-06,5.318797386109838417e-06,5.416384165171206091e-06,5.523993926318471850e-06,5.627869586797932501e-06,5.718796619370410797e-06,5.836095776508987860e-06,5.948989320012924383e-06,6.046688183717228612e-06,6.165234679531822319e-06,6.297843845815764504e-06,6.424753541353466652e-06,6.532211508431623145e-06,6.677673323317198946e-06,6.816409848001605776e-06,6.932188254963525650e-06,7.078189445063318241e-06,7.244269137968643582e-06,7.369170384229485611e-06,7.529366327481721824e-06,7.712866794227579034e-06,7.886086132716241598e-06,8.024054108517928395e-06,8.227461368037437210e-06,8.418708238319592299e-06,8.567926564314573600e-06,8.769881668594250873e-06,9.006025626975066464e-06,9.226385885890955651e-06,9.391564940176261081e-06,9.655671709364123704e-06,9.901061214972244821e-06,1.008007759659041489e-05,1.033989735040464777e-05,1.065097595702894067e-05,1.093767685878768053e-05,1.113599587918699498e-05,1.148756863030796578e-05,1.181014788568506052e-05,1.202530411224061450e-05,1.242450146575713133e-05,1.278917384009438770e-05,1.302266073712323317e-05,1.341050963587323176e-05,1.389256209807314143e-05,1.432943214185606316e-05,1.458731614078718644e-05,1.514193576557963382e-05,1.564264669592301226e-05,1.592187949903657259e-05,1.645651439805137915e-05,1.714125591877333946e-05,1.775541991821264753e-05,1.806094712055970411e-05,1.886123655672533378e-05,1.957741319787875038e-05,1.990570609461976822e-05,2.067447582440095022e-05,2.168932157606380735e-05,2.204021670499270815e-05,2.294631941950248222e-05,2.415481235861544450e-05,2.523433686031065467e-05,2.560469886816401391e-05,2.705549384424547660e-05,2.835545393657901522e-05,2.874048821684408779e-05,3.015307625580469075e-05,3.207979496112960761e-05,3.382144801389750581e-05,3.420078523350929603e-05,3.656805925929044706e-05,3.873145594630763151e-05,3.909901924314502050e-05,4.148768358161738167e-05,4.475974397964460372e-05,4.509565084515920107e-05,4.813036762664187149e-05,5.225407874572475557e-05,5.621316241586484061e-05,5.645173756750530668e-05,6.169573922374535177e-05,6.689063646469741104e-05,6.703758094422678155e-05,7.302331611922993626e-05,8.068580802317110916e-05,8.878699079565100861e-05,8.886120416983215220e-05,9.877230547414236905e-05,1.098587809572433631e-04,1.100264145777007214e-04,1.235124617676212303e-04,1.381591386915393218e-04,1.564591971404149010e-04,1.580222567832281029e-04,1.764835449403037216e-04,2.018537353028283300e-04,2.062255801708248867e-04,2.283610683357005467e-04,2.626169953769956922e-04,2.734668960181656835e-04,3.178177337622696639e-04,3.397195247495262663e-04,3.834745477502270335e-04,4.145100834839754705e-04,4.225653209878687893e-04,4.532723350696053690e-04,5.004324366997151084e-04,5.108064109497151631e-04,4.720937680328971897e-04,4.375845301361429686e-04,4.916202564574450283e-04,4.752336248582015124e-04,4.559533624755714664e-04,5.068512934276822200e-04,5.136288721433141880e-04,5.301891297909926528e-04,5.301891297909926528e-04,5.150562720370923525e-04,5.149339614460233519e-04,4.681537378750885736e-04,5.008545802524312944e-04,5.293543928006805462e-04,4.768995148699612025e-04,5.212871318811734605e-04,5.682960235933390150e-04,5.587784684132877672e-04,5.071141245305860624e-04,4.734396543516708076e-04,4.650156512655713036e-04,4.308699037356554951e-04,3.825383976110392835e-04,3.587360257295885060e-04,3.097867898999975074e-04,2.983366260168862356e-04,2.605984340165549691e-04,2.363575596977957874e-04,2.319286834258529981e-04,2.038831150512286617e-04,1.834921748073646260e-04,1.819551613533143108e-04,1.615965892391000745e-04,1.452707348049783623e-04,1.301937569728813687e-04,1.299953968707996427e-04,1.175282006877471181e-04,1.063489847336188582e-04,1.061677447691698268e-04,9.697507734686788253e-05,8.825996375051286267e-05,8.141304131294827581e-05,8.110032491848032446e-05,7.512692745436262969e-05,6.909547186642718628e-05,6.867060891029801563e-05,6.407726334484867086e-05,5.930043913430842298e-05,5.574552642009305236e-05,5.521681598018238354e-05,5.140144407301731568e-05,4.857920155953944150e-05,4.802507206402121544e-05,4.546274806129875685e-05,4.267594824817336273e-05,4.212057985240905226e-05,4.004293541791815997e-05,3.776196740123918697e-05,3.606114411881617082e-05,3.551570767132056542e-05,3.394902465493076257e-05,3.221707292497777658e-05,3.169963411872962826e-05,3.039115702080383768e-05,2.894156727663246034e-05,2.783432487596073629e-05,2.735264348867707564e-05,2.612989732443919965e-05,2.518609101903908281e-05,2.473898647285806710e-05,2.385992948346947685e-05,2.288916045881392717e-05,2.247581118659232140e-05,2.171895546132047240e-05,2.088522449872416329e-05,2.022223176569140678e-05,1.984790559883090156e-05,1.922732086675420471e-05,1.854815067338065558e-05,1.820394977501851882e-05,1.766083938621281946e-05,1.706867319190743444e-05,1.658406065098803550e-05,1.627435680958331423e-05,1.581900639730925246e-05,1.532626084697600956e-05,1.504174059039187257e-05,1.463801358673125902e-05,1.420291283408029086e-05,1.394136641228908448e-05,1.358178967424255185e-05,1.319585947955765538e-05,1.286878773457702861e-05,1.263362690933881883e-05,1.232492138341441225e-05,1.199603717023261891e-05,1.177948506955829846e-05,1.150181929027312326e-05,1.120715656588334686e-05,1.095193161780774665e-05,1.075687589766682372e-05,1.051532463765313466e-05,1.026072093397150220e-05,1.008064236201556913e-05,9.861586679353328161e-06,9.631511231141262017e-06,9.428449507040649458e-06,9.265787228039543011e-06,9.057225144991441074e-06,8.871981077246926834e-06,8.721373886843619805e-06,8.545430091485665348e-06,8.362320382426125331e-06,8.222683758339878549e-06,8.061594513770144305e-06,7.894445023860331912e-06,7.743712202766329423e-06,7.616954652278542884e-06,7.473466079409819933e-06,7.325319718687090827e-06,7.207445363964768975e-06,7.075324893275169060e-06,6.939268092296541655e-06,6.814974989067224541e-06,6.707595818508486399e-06,6.589026460323518084e-06,6.467445401527409253e-06,6.367299355255990611e-06,6.257581978003049824e-06,6.145326786965799486e-06,6.051808119217617731e-06,5.950089832404426433e-06,5.846236494104447274e-06,5.749948969592276638e-06,5.664326158288216028e-06,5.572215211962032072e-06,5.478493021134071899e-06,5.398316552027479821e-06,5.312564806225409221e-06,5.225468003352148297e-06,5.143996066329009753e-06,5.070343399953395682e-06,4.992265273240145871e-06,4.913192271766754814e-06,4.844044331794536067e-06,4.771086034777945441e-06,4.697308934459386112e-06,4.627770808651890916e-06,4.564045711386012563e-06,4.495103936065346310e-06,4.429953956948860909e-06,4.369978697128753029e-06,4.307393602121954873e-06,4.244340390170323442e-06,4.187835898293947902e-06,4.129082235563473449e-06,4.069959242289510098e-06,4.013744261946753016e-06,3.961444915700810785e-06
3.110938650575029448e-06,3.154529461736512163e-06,3.197943061371085710e-06,3.243350920177081969e-06,3.289740791840757154e-06,3.338626318520758466e-06,3.384249064304405250e-06,3.433680416516931026e-06,3.484214051814327596e-06,3.534363947130247167e-06,3.587105798162549429e-06,3.641050739911153226e-06,3.694505895142083264e-06,3.750857413679810800e-06,3.808524567822336758e-06,3.869867264082685495e-06,3.925869794214441090e-06,3.987606001558173334e-06,4.050832703433602917e-06,4.113184297099871073e-06,4.179377394124581721e-06,4.247208572716611831e-06,4.319955957293185569e-06,4.385048648150148257e-06,4.457937681391426544e-06,4.532696594195270697e-06,4.605975466806447548e-06,4.684432430224030579e-06,4.764955995664542078e-06,4.852148645914736982e-06,4.928281005829354015e-06,5.015171095233967159e-06,5.109640075680108972e-06,5.191273964424349699e-06,5.285212377995194392e-06,5.381797340916161810e-06,5.475435563501266116e-06,5.577197001412007168e-06,5.681910509382727260e-06,5.797128118560007872e-06,5.893528355379079466e-06,6.007298661900537662e-06,6.124516924883463369e-06,6.236943119770472797e-06,6.360833596748979193e-06,6.488599788805673691e-06,6.631172585398003954e-06,6.745800680439618351e-06,6.885405516217682668e-06,7.029592725657929641e-06,7.165971341043844746e-06,7.318907292623761957e-06,7.477040347684324355e-06,7.625690582460059626e-06,7.793690570165529626e-06,7.967608560198687127e-06,8.166269462379290801e-06,8.315068040023386071e-06,8.506920665787503182e-06,8.705918105410978560e-06,8.889220143030699295e-06,9.101532222900802824e-06,9.322071831716982962e-06,9.579178089033284313e-06,9.759119639930287883e-06,1.000439376001607129e-05,1.025978681728065372e-05,1.048871393490868931e-05,1.076252293083101538e-05,1.104814134980272731e-05,1.138907565353834918e-05,1.160788718106493127e-05,1.192864782189911463e-05,1.231523029085849905e-05,1.255410868225371151e-05,1.291596000370549496e-05,1.329543292152636670e-05,1.361751826607805032e-05,1.402770783817178868e-05,1.445895251670639847e-05,1.499351524709537637e-05,1.528523720641458903e-05,1.577801875377627617e-05,1.629838247883408505e-05,1.671456737485404854e-05,1.728103572013084901e-05,1.788117927004864211e-05,1.864840807183890502e-05,1.900305053453512125e-05,1.969997581183719962e-05,2.044272319909302364e-05,2.098765537841723694e-05,2.180306935593666809e-05,2.267594908427800107e-05,2.328953203803077517e-05,2.425145864291858809e-05,2.528632277415874781e-05,2.666718941988582714e-05,2.712293679572279410e-05,2.836176996664314595e-05,2.970696016362638504e-05,3.051773628774859086e-05,3.201663225193695524e-05,3.365549430037532535e-05,3.589820147560808240e-05,3.640137669534460095e-05,3.842349564351405265e-05,4.066330559997431536e-05,4.171647654481225624e-05,4.424660664784992481e-05,4.707607258378840721e-05,4.823246625173406154e-05,5.144722789538509614e-05,5.508123298463644257e-05,6.005795611695357911e-05,6.047286584819195861e-05,6.522485790960678314e-05,7.070264498028818747e-05,7.195371142457145520e-05,7.828830924365015739e-05,8.569047621506182448e-05,9.524214672284141690e-05,9.540562463985119467e-05,1.056159407188469746e-04,1.178087655574476024e-04,1.182442825697983043e-04,1.326067349596313596e-04,1.499643548101337368e-04,1.686912187551924288e-04,1.698208926911831782e-04,1.948107819157151319e-04,2.182849130879013354e-04,2.218739708026948873e-04,2.577117606804195729e-04,3.004717411802420354e-04,2.949866977055385373e-04,3.442495048397767299e-04,3.991680751421082312e-04,4.188948949622820221e-04,4.517350872849488380e-04,5.028125129784938264e-04,5.332455297828847789e-04,5.443152565313141714e-04,5.484647391270482206e-04,5.084313614393198236e-04,4.633751095546816525e-04,5.242234913808992798e-04,4.782465037643722733e-04,4.801268301452288616e-04,5.547996264549608482e-04,5.538037428981989682e-04,5.538037428981989682e-04,5.590712049483829863e-04,4.843984086386509996e-04,4.945062621272741221e-04,5.585743152534071963e-04,5.011092459587051335e-04,5.594242635130579344e-04,6.092807294292512882e-04,6.074655576477970380e-04,5.965620794129163724e-04,5.633475995833050554e-04,5.068540278080045387e-04,4.708591841352056310e-04,4.496635794202621440e-04,3.891024223736610057e-04,3.348727913332467075e-04,3.419174959686098903e-04,2.948053123879761442e-04,2.553240638836377701e-04,2.518435749130413484e-04,2.259585479208415181e-04,1.982601696264719017e-04,1.971927200689574822e-04,1.763224162103674644e-04,1.569129475915170173e-04,1.407989234631211331e-04,1.402396543891652346e-04,1.264689909773446675e-04,1.148893505215947588e-04,1.145430706852409357e-04,1.036614624009166380e-04,9.517608936221565055e-05,8.787878991467945773e-05,8.627223322019663050e-05,7.992797667517558533e-05,7.439680765158682835e-05,7.372639660975953879e-05,6.794780570981064235e-05,6.367736664806369657e-05,5.988115445467714139e-05,5.839617178474392211e-05,5.504210642842228770e-05,5.202907419279877496e-05,5.067664495964680665e-05,4.800056245914198673e-05,4.557424374582972086e-05,4.485568493564398552e-05,4.219367348981986989e-05,4.021390278036513557e-05,3.839641424462225677e-05,3.735525626625319000e-05,3.572043384379131964e-05,3.420974118511156041e-05,3.358146992922428662e-05,3.192084146887285166e-05,3.065250956274781551e-05,2.947015204760723594e-05,2.868221963484334695e-05,2.760762302365465137e-05,2.660115804537402742e-05,2.590138350923100631e-05,2.498335192366682472e-05,2.411994344328764246e-05,2.364354830794653548e-05,2.270718378646055245e-05,2.196122303352676547e-05,2.125573817895570796e-05,2.072129443785883992e-05,2.007259759516979089e-05,1.945720461663379711e-05,1.906977116485361010e-05,1.841168750551169868e-05,1.787182897548806579e-05,1.735757043976188038e-05,1.694396461662692156e-05,1.646788130017450387e-05,1.601330357839719632e-05,1.569856948437314234e-05,1.521921612928170735e-05,1.481552522214785223e-05,1.452790516968345804e-05,1.410415487149961972e-05,1.374410402402222067e-05,1.339859223002701348e-05,1.310461552315060537e-05,1.278219268552457156e-05,1.247226255282146748e-05,1.223696055335630976e-05,1.191561630468013332e-05,1.163659466382138597e-05,1.136777451036567079e-05,1.113238723977269258e-05,1.088033711732411345e-05,1.063716600788823393e-05,1.044334674880990515e-05,1.019390487224204032e-05,9.973254895752323065e-06,9.759985126375681329e-06,9.569095960650981407e-06,9.368297743779134486e-06,9.173992538639693254e-06,8.998861970208484713e-06,8.815626965403777445e-06,8.638126616949415857e-06,8.489401227268582171e-06,8.309478748779035057e-06,8.146919769297709965e-06,7.989223890892478531e-06,7.844851817885253694e-06,7.695619879245395043e-06,7.550720237997732825e-06,7.425909095843649031e-06,7.280082262941135136e-06,7.146645245725002621e-06,7.016925452215614037e-06,6.896679949635811279e-06,6.773539798105924202e-06,6.653735896465613281e-06,6.548218439374305464e-06,6.428363139001824883e-06,6.317500055460537701e-06,6.219145981637411059e-06,6.108434286134189396e-06,6.005652916789005933e-06,5.905483738768033279e-06,5.811382690901560329e-06,5.715923859461731241e-06,5.622830596787126757e-06,5.538839750511278197e-06,5.446297460022864333e-06,5.359635636794555438e-06,5.275048975122673020e-06,5.194980190068171491e-06,5.114176479549433009e-06,5.035262315640363345e-06,4.963070021017275616e-06,4.884915095024295272e-06,4.811182298892652174e-06,4.739119282216627337e-06,4.670474856588165132e-06,4.601483903081646840e-06,4.534020804782566748e-06,4.469620827934366920e-06,4.404977469652115921e-06,4.341734735241698077e-06,4.282982646313754825e-06,4.220592598585043457e-06,4.161228724916974658e-06,4.103113779780407721e-06,4.047364215524067639e-06,3.991571294663863220e-06
3.132299830914962107e-06,3.177312164801093827e-06,3.222304643835202494e-06,3.266145395596098145e-06,3.314122539931372737e-06,3.362035724871131618e-06,3.411002197646704004e-06,3.458496457074052032e-06,3.510896916170279412e-06,3.563134749991685825e-06,3.613652110386968213e-06,3.669690569717280396e-06,3.725494664353765290e-06,3.779288973229273702e-06,3.839308126972101456e-06,3.899007075003808050e-06,3.960123784771157730e-06,4.018683765657333602e-06,4.084702904628932539e-06,4.150219607585537954e-06,4.212750408982539820e-06,4.283733559932091609e-06,4.354078215627188741e-06,4.426194413356312064e-06,4.494513124739443332e-06,4.573041431759804788e-06,4.650649468475110388e-06,4.723816956285310851e-06,4.808616599038286497e-06,4.892282168211822030e-06,4.978191354999430922e-06,5.062501404381013029e-06,5.152864241436283402e-06,5.245717616393079164e-06,5.331936356347322361e-06,5.434398818374595832e-06,5.534956707033062368e-06,5.627724803077265290e-06,5.739157204485696544e-06,5.848285872470128671e-06,5.960639508841335703e-06,6.063000989718785703e-06,6.188412269853607031e-06,6.310717792654288638e-06,6.421240445419830714e-06,6.558428727617760067e-06,6.691882754626954468e-06,6.829591038855925634e-06,6.952080863274122348e-06,7.107863305310253279e-06,7.258655910659589640e-06,7.391401534813567447e-06,7.562956069116417944e-06,7.728524265559024833e-06,7.872633592697461018e-06,8.062130752346031618e-06,8.244445216556017746e-06,8.433307089840888561e-06,8.594082984857679850e-06,8.812526147143865150e-06,9.021401985232600790e-06,9.196626870531135847e-06,9.439903983257829815e-06,9.671688606751817593e-06,9.912631893150152830e-06,1.010899221627209307e-05,1.039308195641113354e-05,1.066184021000858986e-05,1.087668401420775284e-05,1.119612414201908361e-05,1.149709480870641469e-05,1.181130308624566356e-05,1.209334713502973540e-05,1.243182161431164373e-05,1.278589499250158527e-05,1.305130030774504704e-05,1.348211907460607198e-05,1.388301250668671179e-05,1.417490427141558861e-05,1.466740878072455160e-05,1.512364276729454655e-05,1.560377053882384041e-05,1.593337183243115595e-05,1.653336983599500867e-05,1.708437475797941412e-05,1.744759634217317684e-05,1.814360758995843019e-05,1.877995904467137680e-05,1.945493109039314757e-05,1.986432424503983965e-05,2.073321581855336955e-05,2.152109148343414610e-05,2.197169479715960528e-05,2.299769923836387269e-05,2.392473110272502144e-05,2.441989954744507846e-05,2.564120292692661260e-05,2.674156629507622125e-05,2.792733438220713327e-05,2.847583159004663488e-05,3.006911851031718360e-05,3.149858471959663688e-05,3.209269908139511859e-05,3.403437281008335485e-05,3.577740296992663280e-05,3.768773004164040099e-05,3.831761492526356737e-05,4.095691503455204112e-05,4.333543891269953135e-05,4.398760079382528395e-05,4.729752528949177255e-05,5.030395645300847810e-05,5.095309403791215322e-05,5.515494930565411258e-05,5.901854282239118576e-05,6.340593138049836752e-05,6.393997331344889303e-05,7.007683382257301073e-05,7.589259703979395774e-05,7.627140216117738152e-05,8.432960930589413558e-05,9.219953049979280613e-05,1.014640716451593584e-04,1.014326465778450035e-04,1.138781844688945151e-04,1.268783512451919222e-04,1.264520541493772716e-04,1.432088663608041166e-04,1.618046812912728931e-04,1.844794916743737478e-04,1.835378339144939377e-04,2.104851844265848723e-04,2.434727216481857913e-04,2.448911443491348151e-04,2.787430798682406807e-04,3.257436106949371940e-04,3.337072108774780587e-04,3.730631754923017097e-04,4.341500137098626812e-04,4.964146169076190992e-04,5.313854149292993566e-04,5.463988613609839723e-04,5.734623660657953582e-04,6.222728934363976668e-04,5.814506652899304167e-04,5.230102824051358111e-04,4.395788277421883074e-04,4.883350281822505931e-04,5.149797563968666267e-04,5.329406943157234894e-04,5.586826320412154956e-04,5.586826320412154956e-04,5.344550736671891886e-04,5.252870928495680276e-04,5.095025091957104462e-04,4.683831357102792819e-04,5.723599360573243576e-04,6.446809697098716601e-04,6.942337024366660629e-04,6.414545163174990242e-04,6.121812126868029016e-04,5.962473547589785400e-04,5.580986679476260650e-04,4.895486507291152553e-04,4.224051372836974769e-04,3.795821121708184767e-04,3.718155298384370169e-04,3.201450761577747804e-04,2.830173016289336263e-04,2.820395056708681217e-04,2.455183282785112706e-04,2.156113334443023001e-04,2.168205630472792660e-04,1.914627449598021970e-04,1.705881257220813734e-04,1.517052848185537772e-04,1.520210696182877652e-04,1.372540662443357657e-04,1.230791712744434179e-04,1.228626771347830088e-04,1.122175597255031966e-04,1.031269320906890981e-04,9.382169291656095695e-05,9.312013519325259181e-05,8.632946915644686603e-05,7.918337160900001828e-05,7.832055685933301409e-05,7.314737317807662540e-05,6.856871113734588051e-05,6.361907116712553934e-05,6.265866187394040262e-05,5.906557894791384511e-05,5.514082574789299989e-05,5.420290850739217407e-05,5.133888708153735167e-05,4.819053779245356618e-05,4.730228851088372417e-05,4.498672957092451300e-05,4.286605075652054743e-05,4.052945776359037758e-05,3.971065155169895727e-05,3.796190375338609734e-05,3.603530733971403862e-05,3.528659961052569438e-05,3.382894744409647997e-05,3.247246073495490474e-05,3.098499591986803844e-05,3.031754865301827223e-05,2.917019715847107134e-05,2.791572873114909681e-05,2.731179154886959474e-05,2.633324757745651162e-05,2.526706228889312624e-05,2.472099894087956674e-05,2.388008000676081766e-05,2.308579365668889525e-05,2.222709197311675055e-05,2.174588771312292252e-05,2.105637556434029420e-05,2.031397597072867587e-05,1.987872719178604742e-05,1.927654622316985432e-05,1.870353655380785395e-05,1.809144540822918307e-05,1.770778646563420959e-05,1.720333738342085073e-05,1.666664648574806877e-05,1.631860159602709255e-05,1.587231915443753432e-05,1.544525201053324572e-05,1.508306520839846934e-05,1.468643385068495434e-05,1.430615508695616409e-05,1.390601905711818007e-05,1.362569016249348599e-05,1.328568412340987990e-05,1.292919687846560525e-05,1.267337210948927420e-05,1.236820824803547699e-05,1.207443313160463327e-05,1.176833571462587286e-05,1.154054987053629017e-05,1.127555601721854561e-05,1.100030826401112563e-05,1.079154340115364599e-05,1.055173156821820106e-05,1.032010461136136499e-05,1.008080671494212818e-05,9.893993942603957251e-06,9.683486197132408534e-06,9.466591211482531496e-06,9.294659167787076493e-06,9.102807188152842581e-06,8.905637538877058068e-06,8.747114092780551396e-06,8.571800217273706918e-06,8.401834407964736380e-06,8.227911909495536647e-06,8.085040457796489007e-06,7.929189606653843392e-06,7.770055595448011301e-06,7.637814865508401018e-06,7.494574719444057533e-06,7.355401697571070072e-06,7.213814811236331420e-06,7.094074007375913883e-06,6.965776220021764514e-06,6.835491385670792086e-06,6.724257146096956809e-06,6.605742134098111695e-06,6.490376258038379697e-06,6.382109526990570614e-06,6.272417489485363951e-06,6.165564724226762828e-06,6.057555189216193518e-06,5.963258908918079271e-06,5.864110375082780896e-06,5.764032831144265359e-06,5.676015431755179129e-06,5.583855293687152460e-06,5.493941545963566330e-06,5.403403813137645368e-06,5.322882470823603634e-06,5.239117440305847613e-06,5.154872535793078198e-06,5.079484543934316061e-06,5.001325605948327397e-06,4.924967475590847972e-06,4.848326217421456006e-06,4.779099749466324197e-06,4.707707539148896719e-06,4.636122308989889706e-06,4.571126469065400618e-06,4.504282855747872042e-06,4.437321311442273776e-06,4.376226682785462692e-06,4.313556941041758786e-06,4.252227564930288833e-06,4.190886168992142169e-06,4.134506538824400833e-06,4.076905668529728163e-06,4.019338165179604924e-06
3.154227475331454204e-06,3.197008694648690481e-06,3.242374615904879369e-06,3.289721739149396503e-06,3.335156165586353872e-06,3.383471815057000045e-06,3.432846125516818751e-06,3.484529250269987795e-06,3.533818951905249708e-06,3.586496432728146012e-06,3.641747821489295298e-06,3.694231316359066394e-06,3.750509732804476813e-06,3.809663531251930130e-06,3.865614964979332252e-06,3.925826055822529057e-06,3.987459901559791856e-06,4.052482044264941991e-06,4.113493181631382827e-06,4.179568072288470607e-06,4.249448824101702823e-06,4.314681640521954256e-06,4.385629164716378441e-06,4.458351455895761204e-06,4.535597399237794995e-06,4.607007069109563944e-06,4.685268947491008870e-06,4.768641780865825970e-06,4.845234267990370937e-06,4.929605360622354234e-06,5.019765128114757207e-06,5.108964444578283690e-06,5.193161387258773970e-06,5.286773018397852323e-06,5.387356148167297515e-06,5.477973280360345984e-06,5.579346800120507835e-06,5.688667906005459655e-06,5.786350333114087211e-06,5.896355677739746948e-06,6.009571544264014381e-06,6.132458873915796290e-06,6.240550356015116925e-06,6.363776517623181836e-06,6.498106875399033136e-06,6.615073756826887619e-06,6.749508170188038050e-06,6.888159829450819987e-06,7.040478493467751488e-06,7.170552065896588268e-06,7.322335381451430961e-06,7.489933286360479332e-06,7.631270043739424994e-06,7.797871054341355703e-06,7.982832778952877483e-06,8.136707076884322091e-06,8.320087655533884842e-06,8.509908587306326457e-06,8.722734310458933978e-06,8.895174701557730118e-06,9.104995863465167616e-06,9.341767945702309899e-06,9.530363320497695578e-06,9.763048651351062903e-06,1.000467083223902441e-05,1.028055600737362587e-05,1.049307720243762005e-05,1.076235759088984302e-05,1.107218760637286199e-05,1.130573011494227904e-05,1.160698273143668544e-05,1.195643676562360244e-05,1.228745628395026213e-05,1.255205832240435476e-05,1.290545832474773819e-05,1.332159600520656283e-05,1.361376849329845709e-05,1.401328030072245161e-05,1.448827819462785739e-05,1.481161428067344785e-05,1.526546953651300998e-05,1.574195862282591244e-05,1.631865787756553649e-05,1.668756153132250653e-05,1.723310393962676479e-05,1.790090875874553956e-05,1.831084473574741536e-05,1.893919140452738264e-05,1.960342781623953192e-05,2.043370679918712939e-05,2.090237535912151879e-05,2.167497729273670288e-05,2.265343793001474258e-05,2.317535518958150002e-05,2.408074794352010667e-05,2.524315926851143684e-05,2.582458830178846471e-05,2.689433124229170013e-05,2.804088721904947839e-05,2.954990558209750779e-05,3.021001764150172764e-05,3.158404548318606629e-05,3.341944042798412179e-05,3.414987507275874922e-05,3.581417317836295953e-05,3.762475996157999149e-05,4.010663180771295073e-05,4.091353741360109417e-05,4.314939787711712051e-05,4.625771777136085584e-05,4.712598355156910119e-05,4.992692084216805015e-05,5.387061665303996202e-05,5.478187372292531144e-05,5.834740949513342209e-05,6.235726074099402153e-05,6.810098325336872782e-05,6.895499633039897929e-05,7.421958402053031639e-05,8.178378281579329334e-05,8.251967905083090586e-05,8.958445598099460901e-05,9.784013469851140349e-05,1.095833821713864130e-04,1.098553269323157035e-04,1.214137150465967329e-04,1.374298025275404091e-04,1.371238986450820760e-04,1.537465474008314111e-04,1.756702043292205934e-04,2.001130738688367201e-04,1.990790968662271799e-04,2.296944474113563224e-04,2.645477245997450736e-04,2.639651900635492745e-04,3.102304961013253198e-04,3.539927176102069563e-04,3.583399967035123118e-04,4.257329391645590651e-04,5.023324557497844565e-04,5.392847694281645288e-04,5.712517343341544070e-04,6.292689705514822743e-04,6.085494860532535306e-04,6.499936600558315746e-04,5.845601341131086669e-04,4.549338018605612161e-04,4.334535415154668926e-04,4.877729593437033048e-04,5.001469263453030148e-04,5.341053094722557609e-04,5.341053094722557609e-04,5.015266761222203539e-04,5.002368256863683844e-04,4.546210225289267458e-04,4.919797310855942175e-04,6.463023854855862345e-04,7.246658667329598054e-04,6.806144318567649339e-04,7.050273759091858295e-04,6.410804854852719193e-04,6.066144175638254251e-04,5.668622612572972713e-04,4.828111083333228720e-04,4.090053707062239014e-04,4.056323318967676732e-04,3.578296688496006425e-04,3.069362740492000575e-04,3.082592964133314519e-04,2.696411725555776170e-04,2.355693917253626852e-04,2.367928920196349612e-04,2.093429375568361787e-04,1.846157135176251720e-04,1.657529306905476815e-04,1.658023579419477789e-04,1.475270782755273890e-04,1.342212860281773135e-04,1.335459365630489530e-04,1.200114198388347046e-04,1.103833600269468708e-04,1.020930584269541790e-04,1.009004153007140111e-04,9.206644523658542953e-05,8.581975858228125924e-05,8.452673159226411527e-05,7.776753015815057778e-05,7.296395428743543551e-05,6.867116295152813255e-05,6.736560718050559765e-05,6.267436971682256285e-05,5.927616725695979410e-05,5.805599595662500490e-05,5.433640969894616522e-05,5.160591258767582222e-05,5.048790342173349274e-05,4.750182903689450457e-05,4.527818957272209928e-05,4.322763340087090842e-05,4.223319236693578294e-05,4.000704223106751146e-05,3.830656242980181675e-05,3.741457921626715084e-05,3.557634670889498499e-05,3.415191261805348733e-05,3.281987664029842387e-05,3.204218470645956856e-05,3.061688462861898756e-05,2.948604469501478779e-05,2.879118902265549162e-05,2.758726255591315311e-05,2.661970634762533531e-05,2.599823476839409084e-05,2.497335566802788619e-05,2.413957022943117236e-05,2.334970398000136443e-05,2.280921301142317846e-05,2.198086111989026466e-05,2.129379388397662146e-05,2.080874095937487175e-05,2.009154827359306867e-05,1.949045138227375345e-05,1.891730863965636564e-05,1.849386446160043436e-05,1.790082441415800853e-05,1.739562263415116541e-05,1.701374664516084389e-05,1.649311177678875205e-05,1.604567938933532684e-05,1.570044924882705524e-05,1.528167881790015660e-05,1.484308717071698805e-05,1.446099768610259897e-05,1.415707495125035396e-05,1.376756056467478435e-05,1.342571409540448453e-05,1.314951048241885077e-05,1.280213178356734393e-05,1.249514693224774233e-05,1.219935880696495042e-05,1.195471859382960024e-05,1.165588583686952288e-05,1.138897880619898511e-05,1.116551583499445196e-05,1.089656807305025500e-05,1.065495146032615528e-05,1.042143573812469565e-05,1.022231897531341856e-05,9.988137919197589219e-06,9.775875490940634003e-06,9.593120738183644525e-06,9.380707619159146937e-06,9.187229087106544095e-06,9.019153335910005400e-06,8.825922687252180649e-06,8.649103352030265547e-06,8.477610431535035333e-06,8.326619918353395352e-06,8.155966397920637041e-06,7.998709786282576855e-06,7.859249921897434161e-06,7.703013700048198632e-06,7.558479469572997979e-06,7.418009651482846395e-06,7.292074883224704791e-06,7.152925826095060000e-06,7.023437119707730791e-06,6.906658698935463374e-06,6.778551584004816562e-06,6.658942098706092518e-06,6.550477539049532107e-06,6.436525124742981083e-06,6.321585742342973714e-06,6.213733371796290103e-06,6.115116977671084061e-06,6.008775496543878178e-06,5.908708123000016724e-06,5.816791193048145004e-06,5.718217752366255953e-06,5.625212133715247133e-06,5.534462316581086842e-06,5.450530074701135957e-06,5.361292027707873700e-06,5.276757560145416313e-06,5.198274587704202959e-06,5.115208724795073881e-06,5.036340854666958540e-06,4.959283627173198018e-06,4.887331699309519913e-06,4.811718791658172663e-06,4.739682088822509595e-06,4.672201410115136084e-06,4.601554191453211407e-06,4.534115720473602998e-06,4.470751316999634023e-06,4.404647063997273171e-06,4.341427641898911443e-06,4.279557398464513198e-06,4.221161725290575809e-06,4.160576618149943590e-06,4.102475540531443612e-06,4.047496544850427812e-06
3.171296485366175609e-06,3.216142035833480971e-06,3.261201764565001310e-06,3.307943433518975842e-06,3.355695980883715550e-06,3.402811890024962473e-06,3.453464345525632007e-06,3.504377724342338047e-06,3.556425003936315000e-06,3.608634334230753255e-06,3.662990423955300280e-06,3.718584056711270121e-06,3.774314072232851714e-06,3.832426565787656414e-06,3.891892256957334242e-06,3.950139375338822380e-06,4.013680037144392549e-06,4.077381369987400484e-06,4.142613929054869915e-06,4.207860128904780453e-06,4.276203926683729948e-06,4.346230112023353503e-06,4.414358091606772211e-06,4.489650411689244454e-06,4.564945494317289414e-06,4.642157737954596498e-06,4.719169346198143070e-06,4.800268331601091019e-06,4.883485050687926808e-06,4.966390830564880751e-06,5.053897608522582711e-06,5.143749367934072801e-06,5.236033545189921261e-06,5.327752394445925519e-06,5.424953790469973716e-06,5.524858291584378019e-06,5.624006549810751774e-06,5.729369872933124234e-06,5.837745336756944378e-06,5.940785125942515668e-06,6.059581449647396086e-06,6.177399158418890876e-06,6.298721995058313766e-06,6.418536939332899931e-06,6.546909721372972276e-06,6.679216483648323369e-06,6.803263807001225068e-06,6.949819470073793134e-06,7.094456685991746733e-06,7.243721717405038129e-06,7.390204128734624614e-06,7.548728443847797165e-06,7.712489683502722748e-06,7.872770613627268820e-06,8.046988918636025208e-06,8.227155764903992338e-06,8.391874938233190290e-06,8.594994946948919959e-06,8.793797500194595887e-06,8.999727585132149001e-06,9.199460521168021705e-06,9.419515622217993568e-06,9.647749325226211229e-06,9.851314591731319894e-06,1.011264455092638934e-05,1.036646653176931049e-05,1.063024517432470675e-05,1.088301430713365772e-05,1.116632770182229338e-05,1.146120363014863934e-05,1.174227842820534058e-05,1.205974795707496255e-05,1.239071917579843232e-05,1.273603856579992663e-05,1.306156179449893430e-05,1.343465606741762395e-05,1.382465356909627502e-05,1.418959956741582909e-05,1.461213574630935518e-05,1.505471783257618520e-05,1.541388664060298132e-05,1.594635553673965625e-05,1.645122803481161339e-05,1.698184513875234549e-05,1.746565151483865706e-05,1.804482531871337046e-05,1.865511675989759132e-05,1.911860702185306314e-05,1.987335671874176885e-05,2.057976989028500512e-05,2.132745523562841700e-05,2.198394840441419610e-05,2.280731573523434114e-05,2.368177613174216679e-05,2.443578339241804951e-05,2.540276967904629536e-05,2.643371577194314619e-05,2.711434421066763033e-05,2.844897858359318626e-05,2.967515122951806746e-05,3.099151504986576882e-05,3.205257647547856331e-05,3.352515167114213909e-05,3.511452962064738994e-05,3.600079253063137320e-05,3.813978617323573268e-05,4.008099220878875892e-05,4.219736587345460977e-05,4.372603829509726477e-05,4.612746691884610348e-05,4.876613624196242104e-05,5.056169516331963492e-05,5.357503157575112956e-05,5.691637605260972839e-05,5.811205163313477466e-05,6.286528712726764266e-05,6.717053687130297062e-05,7.203119816612371705e-05,7.461313541727869394e-05,8.026853847643860727e-05,8.674302039898444195e-05,8.778744312308095835e-05,9.727174440858063270e-05,1.061013843972802208e-04,1.164907904928920283e-04,1.197153571516317298e-04,1.320647462739917824e-04,1.468893026686988697e-04,1.498206444431144312e-04,1.675420472718460135e-04,1.892699536910513898e-04,2.162306924335603950e-04,2.168067047918571973e-04,2.493476587805584484e-04,2.902854080167201179e-04,2.860268386990823405e-04,3.351058455395448856e-04,3.962791970482033616e-04,3.899770348857568370e-04,4.559226076580615537e-04,5.374355194939519319e-04,6.160269650089427503e-04,6.060197607643534904e-04,6.579302882400616314e-04,6.316932060075359113e-04,6.174570424909134238e-04,5.456590164387790367e-04,3.934553017556368824e-04,3.423955095590624836e-04,4.525206547502982337e-04,4.588868738607552794e-04,4.588868738607552794e-04,4.574653936897999968e-04,3.473402484985641924e-04,4.192372706954683036e-04,6.009129080761729542e-04,6.876910054337109215e-04,7.064710149386611675e-04,7.371384415362280734e-04,6.801864115576032599e-04,6.931769141103636756e-04,6.074146256639169654e-04,5.185510304824170625e-04,4.469768345755164131e-04,4.559945281286051236e-04,3.889790117258419945e-04,3.350791649297716170e-04,3.405478057749919949e-04,2.950519528757283589e-04,2.587016142273806702e-04,2.579619280863649946e-04,2.275101121402614275e-04,2.028119094892919362e-04,1.825267859236490706e-04,1.787625040399619294e-04,1.616435123648974140e-04,1.472829286508747218e-04,1.431421020975958596e-04,1.309784551566468478e-04,1.205727124934733834e-04,1.094474280635633124e-04,1.077962233405939938e-04,1.000794700982568188e-04,9.330010339686141700e-05,8.998450925353519952e-05,8.413573064317235440e-05,7.892896088419832702e-05,7.323791245869387906e-05,7.155474112050288474e-05,6.748353612858592066e-05,6.379685011882122846e-05,6.149108353174168864e-05,5.825575776207317217e-05,5.530079826547865742e-05,5.333775391728800213e-05,5.072892744434293549e-05,4.832861928326142637e-05,4.571564820619498996e-05,4.452262114317664590e-05,4.254917963108137391e-05,4.071625920884014356e-05,3.935369741656675205e-05,3.771342177947843889e-05,3.618225740653718646e-05,3.453446153432243652e-05,3.363210378770767540e-05,3.234113327392583171e-05,3.112817900278284249e-05,3.015992074770554779e-05,2.906225843314895908e-05,2.802717912438105642e-05,2.718414356858429685e-05,2.624364149901563671e-05,2.535388276345613729e-05,2.441189824326322447e-05,2.380490507396204288e-05,2.303492246936748056e-05,2.230341513667151549e-05,2.168213528707869285e-05,2.101168369159107585e-05,2.037315344135561917e-05,1.970467590182822302e-05,1.923695768975399055e-05,1.867653430107355767e-05,1.814107334255808535e-05,1.767242802047778416e-05,1.717806129770339438e-05,1.670478818748321467e-05,1.628676760618974140e-05,1.584861666249920295e-05,1.542840519285043182e-05,1.502509808776021195e-05,1.466415594873010260e-05,1.428947417267858610e-05,1.392929231791575671e-05,1.360469889257975864e-05,1.326928988898031264e-05,1.294638533548823498e-05,1.261520936420386772e-05,1.235217745472934178e-05,1.206164935812150895e-05,1.178141663827500532e-05,1.152492963315756655e-05,1.126264787279331452e-05,1.100934865413588895e-05,1.075126243895352806e-05,1.053882636667675385e-05,1.030916267971991040e-05,1.008700952127746710e-05,9.881184800723122474e-06,9.672343020622226496e-06,9.470119281954851909e-06,9.282013926223444048e-06,9.091582648862701432e-06,8.907004555401951991e-06,8.720275455521130854e-06,8.560585353341951812e-06,8.391683751365335985e-06,8.227764602152231669e-06,8.073904268272285225e-06,7.918974472949865764e-06,7.768486985580241223e-06,7.616895024502217297e-06,7.484370064654523227e-06,7.345903558905310333e-06,7.211258846220792582e-06,7.083937632605199306e-06,6.956260093571950290e-06,6.832014152629899933e-06,6.714233412881172285e-06,6.596265232414354899e-06,6.481386621416384419e-06,6.369487743681527653e-06,6.263024305003858633e-06,6.156605176674249014e-06,6.052878270854103395e-06,5.953983831360573861e-06,5.855222718497366632e-06,5.758899910967354748e-06,5.662579710009324231e-06,5.575072117040713236e-06,5.485472842121557477e-06,5.398014862215404444e-06,5.314228969277886344e-06,5.230748413140536236e-06,5.149217482805855571e-06,5.067872085477441625e-06,4.993079243681453974e-06,4.916957298504573712e-06,4.842559393458213903e-06,4.770993706496542120e-06,4.699817594841147300e-06,4.630218677945692841e-06,4.563174078130655660e-06,4.496528771794742566e-06,4.431329012439354328e-06,4.366432999528810488e-06,4.305950529797929972e-06,4.244790547197943249e-06,4.184919945460787810e-06,4.127056504892946821e-06,4.069612589000397892e-06
3.186380468728950181e-06,3.232138590758370994e-06,3.278280901494855372e-06,3.324062627609061292e-06,3.372133458939671569e-06,3.421998368173711237e-06,3.470711050053331449e-06,3.521968809174295821e-06,3.575217103717260281e-06,3.628845181213141635e-06,3.681840207871770018e-06,3.738782519152217225e-06,3.796102601044953703e-06,3.852652024955897865e-06,3.912528289112240167e-06,3.974989873494870592e-06,4.035411658883009912e-06,4.099558582807139808e-06,4.166595973973723404e-06,4.233962278379980033e-06,4.300071777112973156e-06,4.370588054704954391e-06,4.444510452425495755e-06,4.515376391090747313e-06,4.591204174283277760e-06,4.670862925231737746e-06,4.750740705410894682e-06,4.828620277606523442e-06,4.914618605764940175e-06,5.000779975656924381e-06,5.084559642059618753e-06,5.175047297134789567e-06,5.270693798641933179e-06,5.366347397779789186e-06,5.458863176459031493e-06,5.562612940651036977e-06,5.666260517560961221e-06,5.766173731725632431e-06,5.875304085405984364e-06,5.991502464030559024e-06,6.099601116886502390e-06,6.218240130543351852e-06,6.344960981823314375e-06,6.471107526855527159e-06,6.591405140578940791e-06,6.724596648509755095e-06,6.867656569517220145e-06,6.998394328982615345e-06,7.143990527986482272e-06,7.300961477271802683e-06,7.456538725695263561e-06,7.602908391160980442e-06,7.775627599131852951e-06,7.946518106273082040e-06,8.106380326780348588e-06,8.287630586144904314e-06,8.485241336862208079e-06,8.660249355025351800e-06,8.860210617096178230e-06,9.079271386396168118e-06,9.294771884945168073e-06,9.492620368093928067e-06,9.721992670755461204e-06,9.975473725482053136e-06,1.019331355751212569e-05,1.044831345832855041e-05,1.073175441038033294e-05,1.100864763154774363e-05,1.125677495011523495e-05,1.157499271249974432e-05,1.188501837521893259e-05,1.215995347805562937e-05,1.249183747685995992e-05,1.286731154355873986e-05,1.323102927876057772e-05,1.354673980527991020e-05,1.397291718735783951e-05,1.438441855430843015e-05,1.473667154926339326e-05,1.517917341539098458e-05,1.569073473982380591e-05,1.608506913189977207e-05,1.658927183792370546e-05,1.717757718405096248e-05,1.773961396268789747e-05,1.819818736047618455e-05,1.880557941122229274e-05,1.952669480186508899e-05,2.004398180554398725e-05,2.074572646119539061e-05,2.158837599123267963e-05,2.238354363470804645e-05,2.299015198499932525e-05,2.398224460611220893e-05,2.491435074684960339e-05,2.560373232682973052e-05,2.661933539647593627e-05,2.788291259082715438e-05,2.866896488152021656e-05,2.987259000154503745e-05,3.139281513389903240e-05,3.280172466737515886e-05,3.373124317149219208e-05,3.527623184501924936e-05,3.728438004957224100e-05,3.834833394613232962e-05,4.022427232199637362e-05,4.270775050612568048e-05,4.498054153252247129e-05,4.623048232959275233e-05,4.934189387475433343e-05,5.218204555589273341e-05,5.360144091466911853e-05,5.675012902135949090e-05,6.115974274278740115e-05,6.275452423446051817e-05,6.676576904430548017e-05,7.251068874479053839e-05,7.774643224424694350e-05,7.946304524980147253e-05,8.532820984233099144e-05,9.406334829579834108e-05,9.579083209735886003e-05,1.036530489716586020e-04,1.156073304238217059e-04,1.267618536218006065e-04,1.278734968181123122e-04,1.445496897420881258e-04,1.604502926619070212e-04,1.603714572755104799e-04,1.787096613763728705e-04,2.072313770902579400e-04,2.359714575950658646e-04,2.315994738482346873e-04,2.726714035494215188e-04,3.160436983752916342e-04,3.055589792545312954e-04,3.582070202772626513e-04,4.270597139140134960e-04,4.092953974359335597e-04,4.868091108585525292e-04,5.671260672730002580e-04,6.424233077071779194e-04,6.290093304103123182e-04,6.353567293254987636e-04,5.932004626460218605e-04,5.258708269981872754e-04,3.137165774944135799e-04,2.954895369492499990e-04,2.906016140548867773e-04,3.260466058981100336e-04,3.260466058981100336e-04,2.915139838771121320e-04,3.087124636923036240e-04,3.404131360154082141e-04,5.850371751653613310e-04,6.634567494480166517e-04,7.118461824340343788e-04,7.060169129691402402e-04,7.233849907061247605e-04,6.422572999321766703e-04,5.557658575182499328e-04,4.721130967183548668e-04,4.945965900216638296e-04,4.193339594117324377e-04,3.615665532557188673e-04,3.739730738028600827e-04,3.255964341558508553e-04,2.794631426032699898e-04,2.840027800205530270e-04,2.512766078873448833e-04,2.186846945550700557e-04,1.974349341664911450e-04,1.967840066271087790e-04,1.782174423904775136e-04,1.587853921146028234e-04,1.568075107399807626e-04,1.435999651043455127e-04,1.295229001615248526e-04,1.200613148447392297e-04,1.175066302867871137e-04,1.071294855697944935e-04,1.000008090917813437e-04,9.755400887251397849e-05,9.119174264021474678e-05,8.428463830576580899e-05,7.934956018855133717e-05,7.715160431519094044e-05,7.181684847904912380e-05,6.792082193354784833e-05,6.598815474656474344e-05,6.247937580569077525e-05,5.868125114263241605e-05,5.699494836392770923e-05,5.417440355109267550e-05,5.112878066202633119e-05,4.878245100024005781e-05,4.736396683142231589e-05,4.489102132165966914e-05,4.295310063761704160e-05,4.172025062341415283e-05,3.995592745034102648e-05,3.807225599423316015e-05,3.655661654040978377e-05,3.552141844772641440e-05,3.395078377291858802e-05,3.266956165463962822e-05,3.176466865150764636e-05,3.059038196910036190e-05,2.935135591196064012e-05,2.855738617786606715e-05,2.755392048275678426e-05,2.649896529958425316e-05,2.561029454337413407e-05,2.493594407465033494e-05,2.403113862457920675e-05,2.326112753629933116e-05,2.266449509195569848e-05,2.195265166500499771e-05,2.121203898862644431e-05,2.057182682447803492e-05,2.006019032649402739e-05,1.941508157580753370e-05,1.885278416980964471e-05,1.839638513212503521e-05,1.787383982540148241e-05,1.733502663507356079e-05,1.692647990195958869e-05,1.646425840781242113e-05,1.598891301086550917e-05,1.556644813141010958e-05,1.521127758995685529e-05,1.481682896549208389e-05,1.441316706144806197e-05,1.409291391762214292e-05,1.374041600177213883e-05,1.338049226148412235e-05,1.305546540320741862e-05,1.277464828802753565e-05,1.245246061505419630e-05,1.215998202425043255e-05,1.190510109896336203e-05,1.163038900738245750e-05,1.135155714906760442e-05,1.109641745393533514e-05,1.087115887886094917e-05,1.061944069849601101e-05,1.038810089005811425e-05,1.018243389112617861e-05,9.964356549279394326e-06,9.744101694656370085e-06,9.555871777383110320e-06,9.357270107134850454e-06,9.156979291881893547e-06,8.971000375022735574e-06,8.802965407097267990e-06,8.620325792163439918e-06,8.450149884528083434e-06,8.295579923792031655e-06,8.134418548810915824e-06,7.972509882133247137e-06,7.820865485472653701e-06,7.682023682859267946e-06,7.533495818688350461e-06,7.393976083251634448e-06,7.265675114683862101e-06,7.133169541414249190e-06,7.000470836869226712e-06,6.881691303008856587e-06,6.759379223278578702e-06,6.637003351553235466e-06,6.521256733229915444e-06,6.413718081990294113e-06,6.303505482817412269e-06,6.193419724048778767e-06,6.093467284335141811e-06,5.991273652003586609e-06,5.889275727733539244e-06,5.792237074691831753e-06,5.701299857407676702e-06,5.606623636867959328e-06,5.516368760451369880e-06,5.431542455379248793e-06,5.345316673076432982e-06,5.259427744761535819e-06,5.177304886158775169e-06,5.099783847123886432e-06,5.019741814279414826e-06,4.943076328601758302e-06,4.870527455335384771e-06,4.797131716046094316e-06,4.724141754611555100e-06,4.656155909733487791e-06,4.587478708310929668e-06,4.519213191916469281e-06,4.453561080192170041e-06,4.391071311150284810e-06,4.327134238535685173e-06,4.265557183602762707e-06,4.206828663790155113e-06,4.147718785920479987e-06,4.089035399411961593e-06
3.199796919837461680e-06,3.245226785808487800e-06,3.291625429026700368e-06,3.339020808719661444e-06,3.386828580642591207e-06,3.436268906264628869e-06,3.486793849467883890e-06,3.537746648122510870e-06,3.590497126300574856e-06,3.644429907741204185e-06,3.700373146678201458e-06,3.755164850403143883e-06,3.812815048417564057e-06,3.871796491292641424e-06,3.931223248585549849e-06,3.992936028763489410e-06,4.056106346459885476e-06,4.119733125235971850e-06,4.185894218243888749e-06,4.253654316283221892e-06,4.323065947294660303e-06,4.392921797176506511e-06,4.465721169380008097e-06,4.540337570274747085e-06,4.615400667439639620e-06,4.693744567437617922e-06,4.774092014171341844e-06,4.858315938660942918e-06,4.939342470405391223e-06,5.026014680781645949e-06,5.114980396616732928e-06,5.204340681217450255e-06,5.298009350271690228e-06,5.394221331176911660e-06,5.495661938158380292e-06,5.592232669793271166e-06,5.696487614572765979e-06,5.803678029643484832e-06,5.911135105482318991e-06,6.024340873195754822e-06,6.140822624670115342e-06,6.257509767000194158e-06,6.380704311451657266e-06,6.507565555258843793e-06,6.638243297436405845e-06,6.768925003542307619e-06,6.907415808959920299e-06,7.050196600313099180e-06,7.192848935869710705e-06,7.344410734688521440e-06,7.500810777669485375e-06,7.668826259153258565e-06,7.823213249850315205e-06,7.994990395377698445e-06,8.172492221771326568e-06,8.349230317518187869e-06,8.538431209505223268e-06,8.734144788220941127e-06,8.928758117945331512e-06,9.137776298835378821e-06,9.354233571868725530e-06,9.578497656122525681e-06,9.800808878608852846e-06,1.004099057807215493e-05,1.029014353706434467e-05,1.053669184558160100e-05,1.080412507571287059e-05,1.108191612681030389e-05,1.138916567738365601e-05,1.165514841152167655e-05,1.196604820119773827e-05,1.228964460366289238e-05,1.260778393730922746e-05,1.295715513866704936e-05,1.332137149362377273e-05,1.373112959839361931e-05,1.407280420004294389e-05,1.448458065506057388e-05,1.491491312786864160e-05,1.533424599293986738e-05,1.580204170963272521e-05,1.629186351344911034e-05,1.676736196723968022e-05,1.730156465789997217e-05,1.786209916616464900e-05,1.845082942841471161e-05,1.901736981278534904e-05,1.966255991601382133e-05,2.034183968947076066e-05,2.099190115279291990e-05,2.173922248946036400e-05,2.252812043928135264e-05,2.346904903142892624e-05,2.414981489490872874e-05,2.507257199635310087e-05,2.605094219499179878e-05,2.696749904056221860e-05,2.805526275740060342e-05,2.921257858645304455e-05,3.028591859900414985e-05,3.157917269900196018e-05,3.296046058339339476e-05,3.443881257077432973e-05,3.577820225811832993e-05,3.744311964722851305e-05,3.923343164513689896e-05,4.082845340595547004e-05,4.285715277858724608e-05,4.505038032134459156e-05,4.794037521624038034e-05,4.946602796119754975e-05,5.218740740382555319e-05,5.515870315266752349e-05,5.762722807486887565e-05,6.105211313638677186e-05,6.482113268461499897e-05,6.783142127084151559e-05,7.220957297527028367e-05,7.707246930657367476e-05,8.250767746522492474e-05,8.645123845450004493e-05,9.284411384374581218e-05,1.000788426944996162e-04,1.048905269579035758e-04,1.134661119902752357e-04,1.233165575579264197e-04,1.385410006982982990e-04,1.408242594966532292e-04,1.545557169693326585e-04,1.708352686651205192e-04,1.774899211509991409e-04,1.970541719858201989e-04,2.207971319276883990e-04,2.593336101347486515e-04,2.548299356203429021e-04,2.899573164205113498e-04,3.342323192865025183e-04,3.311139960056996411e-04,3.823371631082348268e-04,4.462132341723254025e-04,4.251664618069081860e-04,4.941937453566686142e-04,5.662928427960392617e-04,6.087829990619764717e-04,5.907551858050776950e-04,5.468241203652230049e-04,3.444075371862367614e-04,3.640351769236529404e-04,1.559854442415468739e-04,1.323556416375525676e-04,1.611756094578448422e-04,1.614626860786183896e-04,1.326427182583261421e-04,1.662067117160390096e-04,4.047293187157660122e-04,3.851045270493896910e-04,6.126540708619658375e-04,6.630430175184721204e-04,6.862233888985536795e-04,6.432116263708659602e-04,5.674842830121464227e-04,4.946444820132582217e-04,5.216716901183787031e-04,4.524178297231858711e-04,3.963364703904870409e-04,4.003408645337618596e-04,3.506553899142345358e-04,3.108037651822277594e-04,3.150779275096975509e-04,2.709585299117190141e-04,2.433169354729564082e-04,2.203137774112922721e-04,2.117682069106223799e-04,1.924568350755366628e-04,1.760342695199196088e-04,1.724840648353410998e-04,1.544807609391566001e-04,1.425513494722567272e-04,1.321025071054223409e-04,1.259235838352535330e-04,1.170781924186810655e-04,1.092234548565258653e-04,1.041593318945749504e-04,9.746471824659348119e-05,9.145089183153917397e-05,8.601711263953817248e-05,8.215145122512942477e-05,7.746636358278268918e-05,7.319650999784383728e-05,7.002655427136579406e-05,6.631778114927754119e-05,6.291266456773188286e-05,6.087700971040861794e-05,5.731781668936937772e-05,5.456540988515809910e-05,5.201483792715873024e-05,4.996659108991188906e-05,4.771432982664293725e-05,4.561659229966803005e-05,4.389661533237233717e-05,4.203301756013587669e-05,4.028949299514054684e-05,3.865515513214333909e-05,3.727682579520062646e-05,3.581377554523600685e-05,3.443724664910861047e-05,3.326025038096172868e-05,3.202180713427869461e-05,3.085272312259910814e-05,2.996633144697332944e-05,2.878432415389730828e-05,2.778382314778947120e-05,2.683537592061527760e-05,2.600059963795044041e-05,2.513836155973717590e-05,2.431887858568679118e-05,2.359135587786854072e-05,2.284347895504980290e-05,2.213101949316729561e-05,2.145167588079451999e-05,2.084106464775877085e-05,2.021809409343247648e-05,1.962285863393148887e-05,1.908437242908184923e-05,1.853675566723804626e-05,1.801253023023901458e-05,1.757181074664074640e-05,1.705174371230378403e-05,1.658784959418649202e-05,1.614270284896119329e-05,1.573416429484735855e-05,1.532183142148297220e-05,1.492554566167597635e-05,1.458317658424553639e-05,1.419215290982071945e-05,1.383793991261318752e-05,1.349683623068592265e-05,1.318023127547210533e-05,1.286242780361134776e-05,1.255598583568627553e-05,1.227050492907569432e-05,1.198435848268885032e-05,1.170810451532391487e-05,1.144128201848770107e-05,1.119136935466956908e-05,1.094152061634255157e-05,1.069993291599388380e-05,1.047297472988816196e-05,1.024631640148542033e-05,1.002692291275148655e-05,9.828750110088614361e-06,9.614024218382385566e-06,9.414223944752588816e-06,9.220568751483699125e-06,9.037381786699124760e-06,8.854939888336845922e-06,8.677948810978742533e-06,8.510133927324701599e-06,8.343122099285295537e-06,8.180961240555175153e-06,8.023462568226914283e-06,7.873618800514117552e-06,7.724697241327088942e-06,7.579942436485286603e-06,7.441951456591866123e-06,7.304883942598517419e-06,7.171551245626962923e-06,7.047725958471209320e-06,6.917788886187313491e-06,6.794721912757539899e-06,6.674892703926399651e-06,6.560140714451996449e-06,6.446324429139149733e-06,6.335428692810073346e-06,6.231553400546991984e-06,6.123603654490682833e-06,6.020785205821148923e-06,5.920519387809953682e-06,5.824127128382071156e-06,5.728629023798816042e-06,5.635446482300407988e-06,5.545741108305854859e-06,5.456892257100109531e-06,5.370148565738375915e-06,5.285443531242345314e-06,5.203737217514413748e-06,5.122858967401588088e-06,5.043839420952810580e-06,4.967526563872686385e-06,4.892002241810313117e-06,4.818175935667855343e-06,4.747940823832830175e-06,4.676170037340915361e-06,4.607096421257951968e-06,4.539531447507626581e-06,4.474100422516685985e-06,4.409384307438537347e-06,4.346052457812242341e-06,4.284660118195066809e-06,4.223946222555267871e-06,4.164504675857471589e-06,4.106299999052212454e-06
3.211262177204693538e-06,3.256153931914755895e-06,3.302774722616099106e-06,3.350752924177270949e-06,3.399429132811889360e-06,3.448205221346774931e-06,3.499383080186354383e-06,3.551303261789595286e-06,3.603293002555102729e-06,3.657958715413841045e-06,3.713414044681639185e-06,3.770132171260665957e-06,3.826841414769684468e-06,3.886690565098963057e-06,3.947386257404122079e-06,4.008019118388118645e-06,4.072168628797651635e-06,4.137217780744833848e-06,4.202138128588054528e-06,4.270248825048368736e-06,4.340829176985345773e-06,4.412368836711082806e-06,4.483625778464022289e-06,4.559568479725892882e-06,4.636528449657698808e-06,4.713094641271235375e-06,4.794950799425135761e-06,4.877884979923825123e-06,4.962977661758265510e-06,5.047428891010059397e-06,5.138217614922856731e-06,5.230141530003110938e-06,5.321240356709261599e-06,5.419538958770261720e-06,5.519034335290067012e-06,5.621281183428153030e-06,5.722305263066649179e-06,5.832041250288571153e-06,5.943015272107219148e-06,6.052464745502777987e-06,6.171879777896626679e-06,6.292587308662150030e-06,6.411405207989673375e-06,6.538957584481829471e-06,6.673251111137018931e-06,6.808839964979166332e-06,6.941765861987370116e-06,7.088743785275363958e-06,7.237048160932080685e-06,7.382085919272598359e-06,7.543373500476879198e-06,7.706006753227700914e-06,7.873938890173986867e-06,8.037337144396165952e-06,8.220962299038501325e-06,8.405811264515214825e-06,8.585116640809761364e-06,8.788021267561220033e-06,8.992095767923350883e-06,9.189388864659570053e-06,9.406941151758541270e-06,9.640333155576925089e-06,9.874565493159293388e-06,1.009942219790186581e-05,1.035939655045395106e-05,1.062000275799199894e-05,1.086910575679272115e-05,1.115978027665868193e-05,1.145079250596230221e-05,1.175333692569106431e-05,1.203990241771136230e-05,1.238020186046167196e-05,1.271987089889344534e-05,1.303980430139381897e-05,1.342413325427318133e-05,1.380712508359262147e-05,1.420678494998796103e-05,1.457873630786795165e-05,1.503560653068275880e-05,1.548913354286942043e-05,1.590808501744389139e-05,1.643028225706880910e-05,1.694757937087686849e-05,1.742150236450948320e-05,1.798275927656237745e-05,1.861508198822306546e-05,1.923839576544244268e-05,1.979923383289619644e-05,2.053251408533917114e-05,2.125344233775323615e-05,2.189473093756697726e-05,2.275100305893410733e-05,2.359047999708119476e-05,2.447792207648139161e-05,2.524757368916347318e-05,2.631984701422554248e-05,2.736404110537217908e-05,2.825484376170568762e-05,2.953162495912512275e-05,3.077062176532411447e-05,3.180775784998731651e-05,3.317634989460992412e-05,3.482624208083905955e-05,3.641392385563851404e-05,3.768658624784566321e-05,3.970028710426532528e-05,4.162984574558056079e-05,4.313134935129252776e-05,4.561879975114726751e-05,4.799180056538778058e-05,5.056284978884211971e-05,5.242844785369636190e-05,5.584443111636741406e-05,5.906865262870337579e-05,6.129152793737721182e-05,6.566395418043029057e-05,6.977045920870567921e-05,7.242369080145632881e-05,7.705319883739038245e-05,8.343771404604086281e-05,8.936423200429890383e-05,9.260644778872961303e-05,1.011704733010324628e-04,1.090805386313117728e-04,1.128099494970407084e-04,1.245462641767573026e-04,1.353300330517825771e-04,1.477549274131967436e-04,1.514531028359165552e-04,1.707899082740747874e-04,1.883699291627876976e-04,1.909263302279914714e-04,2.189727442273658000e-04,2.442075299416320553e-04,2.747869555469345006e-04,2.685445037970773615e-04,3.190155442829470758e-04,3.628296444643456641e-04,3.363165973723739760e-04,4.083588833255790730e-04,4.633448628875035569e-04,3.885300735608349359e-04,4.174194989273270068e-04,5.235697911124040892e-04,5.171074585848992695e-04,3.427905796523507929e-04,3.891867751158196976e-04,1.572508503408721523e-04,3.857764700093939679e-05,3.569909535752286762e-05,3.321069037213164306e-05,3.321069037213164306e-05,3.706873486371003599e-05,4.207514400528547890e-05,1.759408281769198642e-04,4.360385509697023453e-04,3.848309437277449988e-04,5.835544451684015078e-04,5.971754916563226699e-04,4.856324477521903066e-04,4.597458725524995022e-04,5.482738731877672637e-04,4.895396177107943971e-04,4.101661758302692926e-04,4.400759018759975525e-04,3.904104791156395751e-04,3.327833259353898585e-04,3.383996989277907215e-04,3.026046436185295574e-04,2.727376132952733455e-04,2.397169325075479928e-04,2.353115735489056456e-04,2.141326961947701978e-04,1.910522157629602460e-04,1.856055723118980232e-04,1.704534459294813453e-04,1.572248695628411367e-04,1.429906615170291003e-04,1.378472157681934023e-04,1.280694199977448582e-04,1.176036822396187134e-04,1.132103734179432634e-04,1.058420111025986385e-04,9.799002506305434931e-05,9.217664066785364110e-05,8.864701216565755350e-05,8.350509626345164473e-05,7.808037229329834676e-05,7.514464506301580409e-05,7.109512826349441254e-05,6.683884981704014266e-05,6.438911589600958241e-05,6.115203192847226297e-05,5.815962667052062797e-05,5.504152908100659640e-05,5.308416049739774303e-05,5.064669733490502571e-05,4.811490599468308489e-05,4.646142285207015960e-05,4.445292716204980651e-05,4.237307876864166318e-05,4.063626345159377404e-05,3.929456714921118732e-05,3.772392708538336762e-05,3.610842490472731614e-05,3.495846469862909774e-05,3.363356092101439041e-05,3.227427179236270084e-05,3.128248951226427681e-05,3.015559080300227635e-05,2.908895898680265748e-05,2.800062000707702017e-05,2.717608992223447589e-05,2.625951752504181023e-05,2.532624485648926906e-05,2.460599001546263104e-05,2.381308792921146226e-05,2.300734418774564165e-05,2.229259278566134321e-05,2.168480284295712460e-05,2.102617392517827050e-05,2.035965229551081797e-05,1.982276384428065748e-05,1.924509245707070929e-05,1.866144850218213637e-05,1.818509124668752264e-05,1.767584229970968533e-05,1.718767696298725402e-05,1.669611963827474148e-05,1.628666244225359508e-05,1.585357804694038393e-05,1.541806234227858724e-05,1.505145315093876355e-05,1.466558809628733544e-05,1.429433517593195043e-05,1.392201379180022465e-05,1.360345074981634942e-05,1.327090000489805639e-05,1.293775182008551662e-05,1.265026081706688541e-05,1.235129031911114930e-05,1.205208734111733599e-05,1.177433283020348775e-05,1.152212563213592083e-05,1.126153320510475314e-05,1.100127679909601567e-05,1.077208972711500279e-05,1.053599662575357169e-05,1.030040201251963754e-05,1.009156343471093275e-05,9.877032770455069846e-06,9.669234948344501677e-06,9.462223197407772658e-06,9.276848519981544517e-06,9.087323057476502942e-06,8.898639668253705983e-06,8.728746999387088855e-06,8.555439831072553911e-06,8.383009792988215534e-06,8.219959219670931039e-06,8.068084126396134551e-06,7.913748561582835333e-06,7.760388480141141088e-06,7.620483311222009296e-06,7.478569850722468668e-06,7.337623136606453484e-06,7.208481390427752630e-06,7.077707672421068441e-06,6.950436890860414553e-06,6.824162154773543907e-06,6.707690005310883344e-06,6.590087124969708836e-06,6.473450172738063882e-06,6.365469074044945817e-06,6.256590288482446120e-06,6.150461464057673410e-06,6.045290589579762728e-06,5.947373999149436337e-06,5.848877165399714094e-06,5.751299025065392273e-06,5.660163978055898265e-06,5.568592540895657693e-06,5.477900605238301782e-06,5.390716900216182936e-06,5.307670420104706694e-06,5.224388612041160818e-06,5.141956588272451249e-06,5.064387090150900323e-06,4.986669924821937690e-06,4.909762057375777581e-06,4.837204871051867663e-06,4.764572549116760457e-06,4.693551349716253456e-06,4.623303177454495265e-06,4.556771619249742373e-06,4.490270831501164603e-06,4.424504076230421459e-06,4.362078673122808083e-06,4.299726481648722545e-06,4.238071140413341117e-06,4.178351843584964763e-06,4.120886999122110562e-06
3.219552662331156076e-06,3.265412862324865903e-06,3.311799172812972227e-06,3.359620250904668421e-06,3.408476199444136023e-06,3.458671873221735390e-06,3.508879625832799909e-06,3.560994770940181330e-06,3.614586108647794373e-06,3.668142789266500892e-06,3.723809883074424328e-06,3.780743464887512841e-06,3.839372705253931604e-06,3.897857564324535799e-06,3.958787540122873370e-06,4.021596229694848594e-06,4.084181545569082554e-06,4.149485817626139826e-06,4.216356047140634890e-06,4.283948348397017278e-06,4.354050060729486857e-06,4.425872200305895154e-06,4.500120324414330344e-06,4.573839014202996114e-06,4.651107338942664206e-06,4.731086802548763518e-06,4.810380129646784145e-06,4.893651424831205521e-06,4.979085452898394125e-06,5.067702409965406165e-06,5.155298300033204307e-06,5.247595640488680219e-06,5.343474426219461940e-06,5.438077576522618107e-06,5.537982098218162894e-06,5.640641518835809639e-06,5.747550633020906255e-06,5.852650306702628903e-06,5.964076400993020919e-06,6.080320331289496588e-06,6.194341527237227358e-06,6.315545126119306640e-06,6.440310231682763124e-06,6.566190065623792948e-06,6.698330026330656426e-06,6.834463748180224635e-06,6.977209850891572301e-06,7.116201862060573788e-06,7.265104234573186367e-06,7.421592771948237661e-06,7.573508729785716445e-06,7.736799032071900461e-06,7.905380063659133024e-06,8.083240931426604220e-06,8.254843039109835707e-06,8.440402307752970480e-06,8.636711228543597269e-06,8.825400682080233462e-06,9.030252869080113002e-06,9.242256010685411327e-06,9.455680940441436991e-06,9.682542840217358413e-06,9.917591327587788467e-06,1.016827532355856833e-05,1.040623065964044917e-05,1.066772038497114592e-05,1.094760723827898153e-05,1.121191492142553367e-05,1.150388053607145718e-05,1.180729326769198171e-05,1.213413145426052316e-05,1.243946585598656425e-05,1.278004434363437861e-05,1.314854704517684593e-05,1.349053614793377991e-05,1.387446667539429831e-05,1.427487021034878492e-05,1.471158262444881180e-05,1.511125668235311347e-05,1.556546869906341772e-05,1.606361994668240782e-05,1.651561973202962403e-05,1.703348703541752724e-05,1.757588101207881883e-05,1.811848082512653872e-05,1.871216186638641020e-05,1.933523898986999162e-05,2.003043466530674829e-05,2.064271981814200195e-05,2.136286314333501072e-05,2.217256378651046847e-05,2.287674771795567260e-05,2.371461760762518141e-05,2.459899281368403115e-05,2.560785137182277303e-05,2.646132007212298684e-05,2.750062686366521510e-05,2.869812102503373316e-05,2.969368200749927472e-05,3.092509965841138526e-05,3.223423030023604506e-05,3.352919927217068121e-05,3.500140101066350385e-05,3.657209365986870771e-05,3.844154665484328604e-05,3.989942104676423194e-05,4.180340663028823088e-05,4.410334052196379049e-05,4.584585297819401671e-05,4.818017262358136640e-05,5.069682497878667707e-05,5.382761691644793073e-05,5.604525224951432277e-05,5.918602773379575462e-05,6.317418153477858506e-05,6.587175530347805295e-05,6.984824714689038194e-05,7.419674838132973198e-05,7.832124506630296892e-05,8.343525564489348188e-05,8.906787044982584492e-05,9.675156949682411130e-05,1.010154099554204892e-04,1.084392123125791079e-04,1.189236581463849925e-04,1.241072297313297265e-04,1.340602140517741089e-04,1.452660870930652778e-04,1.623205344232079488e-04,1.683419707151389600e-04,1.837010593741734196e-04,2.084607791138074525e-04,2.141972599928495787e-04,2.351703807165630522e-04,2.592324472775193035e-04,3.036344649739601597e-04,3.004239483553459338e-04,3.307077977269219714e-04,3.953450016287412129e-04,3.655807183549170071e-04,3.907860376490401443e-04,4.086932306717977015e-04,3.677984827019724324e-04,3.477629214289911538e-04,2.902820989569129188e-04,3.574100642786514747e-04,1.567420756165721651e-04,3.966472646889649181e-05,2.913413123426299853e-05,9.321082468252115687e-07,7.360700379746112247e-07,7.360700379746112247e-07,9.931865593069015566e-07,3.263162823862615343e-05,4.443968707258624974e-05,1.758547453478252352e-04,4.036083738018118937e-04,3.364481076550834035e-04,4.115062864725421536e-04,4.435124258141880734e-04,4.960274072688696835e-04,4.797082609003573304e-04,4.528628398389959839e-04,4.859674879476552807e-04,4.122631807206305244e-04,3.764404905353717292e-04,3.778440917288162300e-04,3.257725117131029862e-04,2.964958793376956756e-04,2.707543984974521080e-04,2.622337911206913718e-04,2.324766367882525144e-04,2.134173607624520637e-04,2.050076256040411977e-04,1.842899340105935550e-04,1.702897334696168116e-04,1.578131698379959364e-04,1.508415791110570699e-04,1.379340509903376687e-04,1.285937378272207954e-04,1.229266393535395207e-04,1.134076115763938233e-04,1.063024774902691390e-04,9.984118937696465285e-05,9.454471788186988377e-05,8.904899333286366849e-05,8.401705173315351959e-05,8.049798148913135448e-05,7.549482092773531470e-05,7.151571161627894675e-05,6.863559245588897722e-05,6.469415795669496605e-05,6.150283182901325799e-05,5.854048198103917807e-05,5.628971132532753437e-05,5.338030171620332539e-05,5.096255422947731201e-05,4.908438823239617528e-05,4.671389699652446649e-05,4.471834435001468356e-05,4.284696210359076161e-05,4.118402798804825737e-05,3.952005567878375534e-05,3.795413966535197259e-05,3.667765930324056394e-05,3.515181663745708225e-05,3.382974407032007835e-05,3.273692229793249075e-05,3.144961265922480154e-05,3.032427621410155145e-05,2.925773417466828605e-05,2.835739899787883080e-05,2.732226346944851883e-05,2.640533844395233953e-05,2.562314135369487441e-05,2.473352352686073331e-05,2.393999179671813297e-05,2.318367413705792196e-05,2.248689470854696017e-05,2.179595423841113836e-05,2.113607243852302689e-05,2.055938244008934999e-05,1.992067698960197359e-05,1.934178109287397755e-05,1.883204306989323491e-05,1.827178779433615911e-05,1.776136257917230492e-05,1.727181772950349311e-05,1.683576160837101175e-05,1.636266908376644944e-05,1.592831525847809642e-05,1.553906653847813185e-05,1.511930052910726310e-05,1.473226935574428644e-05,1.435976010900162393e-05,1.402282145168500636e-05,1.366318728308705851e-05,1.332949865217500951e-05,1.302616954599072516e-05,1.270397637587215616e-05,1.240397376770385259e-05,1.211436465513036918e-05,1.184029507934097184e-05,1.156965634926194695e-05,1.130809810105319958e-05,1.106753197738941384e-05,1.081511015102534586e-05,1.057814365760027517e-05,1.035934935036316426e-05,1.013061826635541250e-05,9.915296129282639225e-06,9.706697108102203686e-06,9.512955913430984627e-06,9.311683622080968960e-06,9.121433134028991978e-06,8.944155058673950321e-06,8.760544186413907102e-06,8.586579445226589740e-06,8.417693194218183383e-06,8.256044633630176249e-06,8.096581984672832563e-06,7.941649067007498487e-06,7.796159224396079695e-06,7.646623855454950301e-06,7.504167418092554707e-06,7.370041972784210159e-06,7.232511824456266482e-06,7.101243541124558901e-06,6.973481405039152841e-06,6.852714030159885004e-06,6.729374700926114929e-06,6.611323941111352691e-06,6.499484407568089819e-06,6.385487015483881240e-06,6.276199184172401429e-06,6.169665594726860897e-06,6.068395219458304029e-06,5.965513047418904692e-06,5.866646148154584343e-06,5.772480492556594842e-06,5.676972632896593543e-06,5.585062240682641148e-06,5.495344142319624458e-06,5.408545503785959721e-06,5.322961104680484295e-06,5.239372541997052220e-06,5.159391632718921149e-06,5.078605537158048760e-06,5.000606586015005181e-06,4.925854111247072533e-06,4.850446148068217786e-06,4.777554562983639807e-06,4.706278060707146915e-06,4.637805217116435329e-06,4.568881690370523409e-06,4.502145710580448451e-06,4.437944824893593789e-06,4.373390837467363167e-06,4.310821659173250624e-06,4.249572911608069316e-06,4.190005941374350409e-06,4.131267217482748354e-06
3.225646387370956284e-06,3.271655689065046665e-06,3.318629799008398832e-06,3.366147772801091913e-06,3.415170815220065135e-06,3.465238791442738702e-06,3.516406530351489965e-06,3.568184389989041415e-06,3.621620602679594188e-06,3.676255828071083136e-06,3.731497753681410455e-06,3.788652522983125914e-06,3.847071717545585547e-06,3.906840871391033758e-06,3.967311530484640289e-06,4.029867736481130820e-06,4.093902182811510469e-06,4.158607433982147036e-06,4.225776045497461264e-06,4.294485955290843275e-06,4.363901693827967030e-06,4.436064342156193941e-06,4.509909845389823874e-06,4.585598053241491011e-06,4.662155636500442759e-06,4.741654237065467781e-06,4.823184907596052248e-06,4.905480508133821782e-06,4.991386748425142749e-06,5.079368135324866939e-06,5.169674804826477474e-06,5.260991122157428580e-06,5.356111782948617630e-06,5.453811113034366838e-06,5.552315234459390192e-06,5.655643147798111321e-06,5.761551952508191193e-06,5.870435259144815367e-06,5.980495873909856873e-06,6.095545532089314453e-06,6.213914602017311817e-06,6.333085560521976120e-06,6.458817530907728531e-06,6.587788712754035907e-06,6.717567904051652386e-06,6.854836896122252272e-06,6.995693510780469033e-06,7.140892328179674126e-06,7.287595304878895171e-06,7.441818202561875294e-06,7.600937273171922636e-06,7.760732334811943609e-06,7.931008391450378864e-06,8.105853204275799694e-06,8.286482599341248685e-06,8.468892113914216222e-06,8.661566368939151357e-06,8.860818811911140303e-06,9.060404011896497917e-06,9.275000779870554732e-06,9.495477278064153352e-06,9.716117589968979634e-06,9.954284415824574329e-06,1.019904935775453218e-05,1.045284966857765219e-05,1.070900638427963750e-05,1.098168896153693028e-05,1.126479506456618478e-05,1.154709244163070153e-05,1.185546202508063164e-05,1.217246832677415721e-05,1.250220652278886218e-05,1.283478962317408864e-05,1.319121187594713699e-05,1.356250091115703883e-05,1.393098685815005240e-05,1.433951715603891743e-05,1.475948008889013303e-05,1.519792940300289753e-05,1.563982172053887619e-05,1.611714715755896391e-05,1.661636928130994599e-05,1.710871966708669601e-05,1.766491563453920658e-05,1.823639718529336548e-05,1.879865765960054376e-05,1.943911657218682108e-05,2.009713469356906701e-05,2.078866487167275068e-05,2.148501066848666476e-05,2.224747201134128337e-05,2.305064734892117652e-05,2.383335892460687372e-05,2.474908806752274971e-05,2.568858214576712039e-05,2.668180664344315973e-05,2.768059450540199211e-05,2.878811437388994286e-05,2.996240595932846896e-05,3.109127580301298708e-05,3.246006754859045724e-05,3.386074321601441155e-05,3.519960682084133732e-05,3.684961421064957097e-05,3.853664551306870949e-05,4.034028385443536892e-05,4.214944987699940833e-05,4.420333057362900729e-05,4.640832692861418556e-05,4.846612224957212560e-05,5.114940925857321911e-05,5.387864313600264620e-05,5.682827542789690550e-05,5.977159053996958688e-05,6.319632035099689209e-05,6.691791508888252765e-05,7.025356649856690774e-05,7.498678314078491779e-05,7.975694780461617720e-05,8.394500163402594621e-05,9.014232636942213443e-05,9.636209538287611388e-05,1.032307399601995856e-04,1.099512091290507379e-04,1.182081815533167366e-04,1.273961808066326575e-04,1.346460776990944844e-04,1.474303264094621656e-04,1.599310133701530587e-04,1.740009334015003254e-04,1.870087662573542892e-04,2.041792965600612282e-04,2.235732509854574562e-04,2.343712055753978873e-04,2.637287096038863046e-04,2.896480377079925332e-04,3.183539023930952584e-04,3.376641481472667503e-04,3.668504446137448006e-04,3.947920134565373004e-04,3.668332840136690311e-04,4.055565124073567300e-04,3.898486398900081530e-04,2.656032258089400123e-04,2.481762650969388841e-04,1.378706896254501763e-04,3.615028819940042487e-05,2.911348543255644697e-05,8.792602613095770364e-07,3.466700948370175004e-12,5.403760103884874392e-12,5.403760103884874392e-12,3.693863667428094368e-12,9.851081031615151662e-07,3.262813504422214272e-05,4.166444374270508299e-05,1.631417612551951406e-04,3.007072305294919727e-04,3.343469780126030462e-04,4.836683826331792963e-04,5.067728001596586438e-04,4.652018536164395169e-04,4.959713984485264503e-04,4.626053522973063380e-04,4.270607056069753490e-04,4.022634578426926124e-04,3.668453892495345437e-04,3.346315057279218358e-04,2.984909187784906765e-04,2.838623706362627432e-04,2.595564894890952322e-04,2.379634011307256664e-04,2.212593954795646141e-04,2.035446740763195033e-04,1.877693917777106803e-04,1.716315301301664874e-04,1.622638340031980469e-04,1.506440605319478790e-04,1.401875732125901371e-04,1.315574842332085177e-04,1.228588102304514383e-04,1.149737557908932201e-04,1.070570589868775452e-04,1.017238173462322015e-04,9.567207841876804912e-05,8.960761570279244539e-05,8.537406657549016960e-05,8.065017214261230728e-05,7.630048701356715386e-05,7.252082957100678144e-05,6.877536166413465322e-05,6.530794703157051767e-05,6.185250314131530351e-05,5.925278263480124650e-05,5.645070014245571354e-05,5.383953807646832764e-05,5.151629793341880027e-05,4.922376399263245602e-05,4.707859770408671024e-05,4.494795342161094973e-05,4.325959422781767511e-05,4.147824052087085067e-05,3.970940918541400878e-05,3.828657460996393876e-05,3.679287898708657675e-05,3.538365126428995712e-05,3.410105805484821880e-05,3.283746282887218951e-05,3.164184510473391185e-05,3.045728249189925409e-05,2.947071034187368472e-05,2.844840632129381686e-05,2.747764194626149309e-05,2.658342964709998118e-05,2.570307978106086170e-05,2.486515607101832213e-05,2.403638459773348721e-05,2.332720236629136953e-05,2.259935084136730553e-05,2.187955870350524534e-05,2.125841980820041848e-05,2.062248672823791763e-05,2.001429174152595194e-05,1.944683582084168628e-05,1.888821554076161973e-05,1.835301575386685114e-05,1.782441167438259606e-05,1.735901367542231019e-05,1.688575764716471780e-05,1.643134599833381390e-05,1.600425948439422545e-05,1.558388702063301390e-05,1.517965493952070231e-05,1.478079424675458321e-05,1.442380856695048428e-05,1.406273820158719122e-05,1.371488852897093234e-05,1.338594493982086015e-05,1.306219060719878633e-05,1.274989802859553335e-05,1.244198462717154437e-05,1.216261255403772752e-05,1.188125815376566632e-05,1.160386166367976801e-05,1.135104447034831773e-05,1.109672804957364670e-05,1.085076193501386596e-05,1.061652079769165732e-05,1.038593179712120702e-05,1.016268702629804323e-05,9.942698206807945935e-06,9.740030154583382755e-06,9.536828362967532781e-06,9.339845954081855113e-06,9.151457359380383411e-06,8.965999731241180965e-06,8.786058859438404333e-06,8.608808519873061151e-06,8.444013727304184241e-06,8.279228371678647001e-06,8.116904747445331507e-06,7.965520864497101287e-06,7.814256468247833304e-06,7.667212265385667616e-06,7.525877951562734360e-06,7.386712522493721361e-06,7.251329549591477040e-06,7.117998946989337513e-06,6.992731854457067996e-06,6.867823382906404058e-06,6.746195557336294706e-06,6.628931728869051644e-06,6.513456915125227117e-06,6.400940989750227586e-06,6.290144532092537818e-06,6.185384497931998912e-06,6.081102807523275583e-06,5.979408062298913377e-06,5.881096658887757293e-06,5.784273824001420217e-06,5.689797339188682429e-06,5.596768528971505824e-06,5.508322894067950349e-06,5.420404785649370726e-06,5.333827340562288571e-06,5.251358021222649706e-06,5.169411505386201838e-06,5.089348446062499493e-06,5.011695062718597234e-06,4.935197011667456931e-06,4.860419315673499566e-06,4.786779000335292604e-06,4.716313970541440949e-06,4.646371244848473301e-06,4.577957125485104503e-06,4.511466598617560802e-06,4.445955047493147202e-06,4.381845841362197085e-06,4.318705923092763063e-06,4.258048918720484883e-06,4.197894465270928367e-06,4.138643558202432718e-06
3.229629278425693001e-06,3.275404057088873040e-06,3.322457707013869695e-06,3.370434008481318074e-06,3.419187730061126534e-06,3.469342256487981127e-06,3.520501603097641296e-06,3.572888110390441518e-06,3.626025592585808591e-06,3.680757211683252649e-06,3.736617477427153333e-06,3.793388061385193914e-06,3.851912482304607113e-06,3.911672121715462629e-06,3.972938573708237874e-06,4.035081400355194791e-06,4.099233380017338796e-06,4.164782675027239167e-06,4.231400268195933509e-06,4.300238914305777467e-06,4.370615253654201115e-06,4.442141548564630199e-06,4.516128313682765680e-06,4.591811508949741249e-06,4.669546546717019324e-06,4.748387652655871829e-06,4.830076801010364030e-06,4.913707517476722972e-06,4.998691144308804657e-06,5.086847064859679774e-06,5.177158903714462824e-06,5.270050328011353600e-06,5.364243473868658408e-06,5.462139043734345420e-06,5.562525682699187039e-06,5.664502596200084674e-06,5.770628333608501309e-06,5.879540416443396614e-06,5.991732222356680438e-06,6.105458948521436005e-06,6.224072262339550746e-06,6.345940099874574615e-06,6.469669823431899118e-06,6.598912010679003408e-06,6.731824634120007488e-06,6.866745609109983419e-06,7.007903631249938672e-06,7.153216689650008265e-06,7.303251750734687277e-06,7.455255638753476274e-06,7.614714377076910671e-06,7.779114098512950325e-06,7.945836760484306074e-06,8.121060692101635673e-06,8.301933276261618075e-06,8.489007673692850657e-06,8.678401407843688349e-06,8.878079464700524843e-06,9.084575384048864359e-06,9.293695333110944763e-06,9.514648144056709358e-06,9.743483222057433375e-06,9.975112933015685160e-06,1.022041230877739814e-05,1.047487106137747708e-05,1.073874985056427681e-05,1.100557947898951619e-05,1.128927833571529342e-05,1.158431093990842184e-05,1.188228207290371799e-05,1.219995346743886890e-05,1.253097532118312229e-05,1.287491226769263567e-05,1.322219457210857905e-05,1.359420112908982739e-05,1.398307850651740644e-05,1.437460008344803381e-05,1.479536269680873015e-05,1.523631359597650405e-05,1.569536300839645564e-05,1.615796101657396156e-05,1.665799040493324304e-05,1.718416706856690742e-05,1.771158700595081581e-05,1.828394408676701588e-05,1.888817206232266146e-05,1.949280383757109693e-05,2.015176314106460059e-05,2.084990090494963315e-05,2.157876724216295256e-05,2.231064089810921242e-05,2.311450683537945452e-05,2.397131975822584294e-05,2.482266513493005435e-05,2.576276233465980310e-05,2.676949709186855672e-05,2.782239489749163509e-05,2.887495867182856868e-05,3.004885649014151964e-05,3.131629015245094444e-05,3.256266453330994201e-05,3.396226449086428681e-05,3.548300901410433546e-05,3.697212756235297839e-05,3.865700532032230707e-05,4.050092518748534779e-05,4.243352692922416317e-05,4.434768341641785890e-05,4.654532022568882977e-05,4.898216071822279429e-05,5.132505356081603427e-05,5.404241042691891367e-05,5.708635447643792358e-05,6.027679866555134052e-05,6.339501091535161548e-05,6.708597191705280565e-05,7.130152520372048030e-05,7.523291083019762869e-05,7.995374495241985846e-05,8.542759685389171608e-05,9.045670460064061242e-05,9.659615383740557753e-05,1.038423051406632520e-04,1.113997884048271498e-04,1.184963896923369239e-04,1.274724514033745610e-04,1.384613761806447005e-04,1.478130033888615138e-04,1.599483840113576593e-04,1.752370261268058405e-04,1.908246999958311302e-04,2.041252497076016705e-04,2.224603391575625568e-04,2.470901530567632212e-04,2.637019687235735003e-04,2.876795548735387124e-04,3.215280593697262732e-04,3.510622088906934467e-04,3.638366389641339133e-04,3.861232289111187280e-04,4.224754571900165407e-04,4.005340343320899841e-04,3.756751332042188246e-04,3.476625928424810453e-04,2.184807342784292198e-04,9.923215952793753279e-05,2.950061751097668095e-05,8.238615302871469863e-07,3.064109300717008835e-12,3.476806014312651505e-41,2.933802310514875840e-41,2.933802310514875840e-41,3.895389440089512367e-41,3.625746627912140283e-12,9.748716093796545736e-07,3.601997500276106549e-05,1.270382724341546346e-04,2.793021871620320648e-04,4.397234958267983384e-04,4.803886468248496451e-04,5.118243878135779338e-04,5.366547378501346308e-04,4.930766564064710143e-04,4.643963311622427599e-04,4.467082536155308993e-04,4.094548217126788708e-04,3.668005916940605265e-04,3.361890856003414609e-04,3.148239523406443237e-04,2.834244307795554213e-04,2.600764883166718018e-04,2.431891606458269281e-04,2.234016898326775236e-04,2.037134337909332746e-04,1.882926048985917526e-04,1.765309448215229859e-04,1.623202356672580652e-04,1.509271022558298617e-04,1.420386545747659836e-04,1.324377055558904382e-04,1.230311957137397380e-04,1.152433007437401270e-04,1.089609333067168364e-04,1.018418427296229316e-04,9.585642701692846147e-05,9.095335163952005474e-05,8.546330832486519647e-05,8.078516742701857204e-05,7.690038133367916434e-05,7.284735258283317125e-05,6.887989654248596449e-05,6.543502429827226957e-05,6.251517382536227359e-05,5.933731742061735604e-05,5.655146996673832415e-05,5.416640375140325804e-05,5.171067200481257981e-05,4.930615438256655720e-05,4.716935989154391596e-05,4.531188428467443639e-05,4.332860037505464619e-05,4.155343657944587384e-05,3.999836131189465454e-05,3.834547083911030792e-05,3.685636319722279279e-05,3.554259379272291079e-05,3.420401604821248203e-05,3.289188475234572823e-05,3.169865701101537647e-05,3.063444486552038967e-05,2.951794734665892252e-05,2.849742095819684379e-05,2.758203852516940091e-05,2.665487777396145959e-05,2.574581563334546187e-05,2.490874279883882147e-05,2.415133449795899757e-05,2.336479507984045822e-05,2.263755648433246468e-05,2.197644446723365217e-05,2.129173678345182169e-05,2.065623514902158582e-05,2.007598528070621849e-05,1.949157121246626373e-05,1.891822543974207375e-05,1.838314388189850847e-05,1.789130515297729748e-05,1.738585325681870616e-05,1.691264902974944580e-05,1.647608658356092113e-05,1.603793139075544746e-05,1.560801412814019656e-05,1.520369395016191806e-05,1.482858837298975838e-05,1.444555490127001378e-05,1.408437833570889126e-05,1.374825180081421106e-05,1.341186604282638030e-05,1.308175263299368565e-05,1.276929403229145920e-05,1.247712619749448893e-05,1.218036229313214201e-05,1.189884379809478146e-05,1.163490132582054773e-05,1.136720424523296988e-05,1.111272717780414189e-05,1.087353230053528842e-05,1.063485541449677960e-05,1.040053303919418472e-05,1.017711169399624659e-05,9.966303144551416917e-06,9.753393663044644633e-06,9.550024685775586263e-06,9.357714610338346942e-06,9.166180172978606044e-06,8.978104361074470822e-06,8.797994428046156511e-06,8.627116296600198850e-06,8.455144143815162790e-06,8.290200725523435692e-06,8.133411901278588075e-06,7.975778644213629305e-06,7.824366429786116118e-06,7.680177521429808077e-06,7.536847602333057673e-06,7.396047686964929320e-06,7.260521866211297980e-06,7.131110691811742306e-06,7.001368693518702902e-06,6.876327238417270921e-06,6.756736512575034923e-06,6.638003644476834550e-06,6.521338588524351870e-06,6.408696570524827747e-06,6.300709244299316616e-06,6.192702334287829645e-06,6.088303449411434317e-06,5.988077695908500837e-06,5.888671296669286582e-06,5.790970345353706997e-06,5.696383969829104624e-06,5.605389745320111654e-06,5.514560354773897233e-06,5.426540124150650651e-06,5.341757274968548354e-06,5.257176508580214341e-06,5.175134985162873395e-06,5.096016987343199006e-06,5.017625677648589122e-06,4.940543820733900363e-06,4.865677668060285607e-06,4.793353492437778800e-06,4.721315600318744276e-06,4.651290524753147580e-06,4.583571650996512145e-06,4.516517076948303764e-06,4.450563013970414077e-06,4.386377404560489993e-06,4.324210091682421735e-06,4.262370546494353560e-06,4.202144886656543234e-06,4.143758186859145280e-06
3.230839752812758439e-06,3.276951546204749378e-06,3.323640567052363279e-06,3.371729458880067414e-06,3.420860198677713997e-06,3.470838622902581368e-06,3.521889756731847698e-06,3.574305558165209821e-06,3.627889615380789745e-06,3.682142097505781583e-06,3.738138751897089533e-06,3.795410680363762430e-06,3.853400063399233037e-06,3.913307065042784462e-06,3.974608758480087085e-06,4.037023633705763228e-06,4.100867170009191272e-06,4.166580647280797188e-06,4.233871217416639745e-06,4.302000514319706253e-06,4.372553654423722391e-06,4.444839667745043608e-06,4.518489080320655554e-06,4.593904526253264415e-06,4.671685909513384249e-06,4.751439843994722196e-06,4.832181635597606795e-06,4.916021721879308654e-06,5.002040477979374969e-06,5.089131082412632098e-06,5.179666418617310500e-06,5.272613831441325357e-06,5.368059602054115346e-06,5.464679468070863640e-06,5.565308601698619292e-06,5.668713145438980935e-06,5.773399210102547693e-06,5.882567001017365294e-06,5.994826216089720263e-06,6.109452134904550636e-06,6.227173758983517228e-06,6.349311607486416924e-06,6.475037439213299643e-06,6.602314866085696666e-06,6.735505753114458019e-06,6.872720455438785564e-06,7.012989084699779895e-06,7.157244132478055501e-06,7.307366835860814795e-06,7.462205432007643316e-06,7.618952682109477641e-06,7.783625520501171328e-06,7.953627970250289758e-06,8.125759186418306536e-06,8.306890228901034427e-06,8.494066187469406995e-06,8.685815778838999027e-06,8.883445812561420316e-06,9.090144274336175407e-06,9.304043426705908753e-06,9.520648982056546195e-06,9.749628599317203555e-06,9.986851706163563740e-06,1.023032077178267811e-05,1.048166970965986670e-05,1.074566536708025439e-05,1.101961380278989148e-05,1.129710573257890027e-05,1.159197387070318601e-05,1.189835927900281095e-05,1.220884548086914275e-05,1.253948876263281203e-05,1.288352796209279498e-05,1.324169165181101890e-05,1.360467331959313550e-05,1.399265714933961127e-05,1.439719203167142055e-05,1.480742381252738757e-05,1.524698986674106591e-05,1.570606727094922274e-05,1.618046019765451745e-05,1.667244213332888942e-05,1.719608101406440028e-05,1.774430663796239198e-05,1.830087408143355284e-05,1.890145752570003904e-05,1.953149144022725764e-05,2.017177758040739841e-05,2.086474322813734809e-05,2.159325937680197293e-05,2.235977075374242934e-05,2.313931502780814745e-05,2.398736446665566336e-05,2.488180681755560025e-05,2.579280091349889226e-05,2.678723695559412612e-05,2.783885446981745909e-05,2.893975882109306341e-05,3.008726800947351281e-05,3.133393617285769317e-05,3.265757472985852868e-05,3.401024520635399534e-05,3.550163386793099427e-05,3.709034259090244345e-05,3.876823646187681135e-05,4.052010274589625520e-05,4.244684794000287372e-05,4.450967305935113569e-05,4.662858781999567643e-05,4.899229305442355688e-05,5.153353737776152077e-05,5.415337831712120257e-05,5.709032300455964693e-05,6.026249619555524548e-05,6.367788383064554563e-05,6.724799055447331351e-05,7.126597263757794391e-05,7.563625147621272989e-05,8.018462300702574621e-05,8.535632635056058983e-05,9.101363744536170410e-05,9.723586016865399639e-05,1.037111904938060018e-04,1.111649170275204156e-04,1.193841509443435933e-04,1.280572932191691843e-04,1.380541724811838798e-04,1.491374342957149830e-04,1.609218970182703856e-04,1.745337228135901680e-04,1.896689276492174113e-04,2.064870729676257467e-04,2.244722993087216350e-04,2.450629081657553182e-04,2.676846306632977017e-04,2.916837056942087362e-04,3.180620278239729756e-04,3.454386270645123979e-04,3.767870786656841650e-04,3.970595516979537136e-04,4.144337990663330340e-04,4.176000095756976700e-04,3.992863035652695456e-04,3.425910077948786207e-04,2.430931496542748107e-04,1.207072578186449137e-04,2.475004477541471463e-05,5.484800404870155010e-07,4.026592954369022388e-12,2.199706648397255036e-41,0.000000000000000000e+00,0.000000000000000000e+00,2.794779861628998305e-41,5.170748441346706768e-12,7.043304675126749047e-07,3.177567604914534869e-05,1.546155150988140622e-04,3.118578780224367315e-04,4.384982736573065070e-04,5.098780000235791877e-04,5.333955414989234849e-04,5.282949695506897409e-04,5.054941391846844980e-04,4.810266354071472119e-04,4.391340950767446414e-04,4.041604635270912012e-04,3.705967448711673510e-04,3.397783380403504301e-04,3.110881022857455748e-04,2.850110994780549159e-04,2.619153750965815507e-04,2.406647525949818839e-04,2.215467973686234765e-04,2.043531357915540265e-04,1.892201206233222921e-04,1.752417733885550458e-04,1.626287807173929444e-04,1.514911670059121006e-04,1.411339907423910867e-04,1.317358685716906840e-04,1.238526744558691983e-04,1.155827994218192750e-04,1.084520248127526126e-04,1.019287929565469182e-04,9.608800267301489126e-05,9.057996517396433927e-05,8.551220065953876639e-05,8.114841861789652143e-05,7.662315823288022337e-05,7.262180801896671268e-05,6.891451848415784068e-05,6.555025032810501355e-05,6.234410346087014532e-05,5.935981936283860343e-05,5.663881544709362716e-05,5.403553428729502325e-05,5.160227717769747262e-05,4.944899182810425702e-05,4.723476241047686204e-05,4.522775886173676090e-05,4.334247703390329762e-05,4.160544554419050940e-05,3.993269610042734374e-05,3.835622522480318678e-05,3.693957629440085169e-05,3.549108084250038759e-05,3.416076517195286964e-05,3.290205821493379356e-05,3.173220535047584126e-05,3.060027425555954510e-05,2.952645497945863401e-05,2.852540337435103019e-05,2.755497543810102697e-05,2.663215424033272700e-05,2.575391651134054398e-05,2.493169320770116044e-05,2.413330375288355096e-05,2.337185950257265405e-05,2.265714354457888251e-05,2.196214292687662006e-05,2.129799695243439069e-05,2.068512746737166891e-05,2.006465879617451035e-05,1.948217245243117452e-05,1.892420026872399181e-05,1.839740121913288222e-05,1.788392042996064069e-05,1.739124254130097418e-05,1.692511971384077401e-05,1.647032278086922239e-05,1.603328607001601396e-05,1.561310549237790595e-05,1.521439470572687215e-05,1.482504717791095415e-05,1.445019774000553452e-05,1.409385654045966548e-05,1.374560282773145650e-05,1.340988303680948060e-05,1.309447658354475910e-05,1.277752529801776919e-05,1.247574823174697716e-05,1.218436345790840014e-05,1.190620948247339307e-05,1.163401147317774343e-05,1.137089492385380768e-05,1.112224834065870070e-05,1.087303545530604517e-05,1.063469416017892809e-05,1.040398420800043636e-05,1.018294194527503452e-05,9.966401070693801145e-06,9.756591270925051238e-06,9.555304324781160711e-06,9.358018273977850116e-06,9.166690656859163974e-06,8.984634844984142277e-06,8.802681408098843576e-06,8.627754589192436699e-06,8.457916402137847776e-06,8.294473122899757010e-06,8.134147997615873542e-06,7.978362148008167983e-06,7.829494279186461025e-06,7.680986894109874489e-06,7.537763630148541262e-06,7.398454735514589664e-06,7.264022149001837233e-06,7.132062283869100224e-06,7.003617992740030873e-06,6.879543613414663785e-06,6.757710200087187064e-06,6.639042623520865562e-06,6.523432787474161964e-06,6.411595407278929340e-06,6.301748321158994440e-06,6.194664094496611756e-06,6.090979540876872757e-06,5.989109840997743913e-06,5.889742513566870944e-06,5.794001923303498909e-06,5.698807735882153656e-06,5.606441463185202452e-06,5.516275068752733407e-06,5.428786847379538364e-06,5.342786222878585037e-06,5.258788393753979690e-06,5.177629103685404235e-06,5.097020709213049242e-06,5.018647337208049700e-06,4.942046284051084603e-06,4.867579230802016568e-06,4.794344424880152137e-06,4.722730703457938834e-06,4.653062390676879822e-06,4.584531204903168373e-06,4.517485531493836808e-06,4.452484572566890013e-06,4.387998651474501545e-06,4.325144554037439642e-06,4.263616011940760413e-06,4.203660316266615185e-06,4.144659025384523538e-06
3.230839752812758439e-06,3.276951546204749378e-06,3.323640567052363279e-06,3.371729458880067414e-06,3.420860198677713997e-06,3.470956919354541304e-06,3.521889756731847698e-06,3.574305558165209821e-06,3.627889615380789745e-06,3.682142097505781583e-06,3.738138751897089533e-06,3.795410680363762430e-06,3.853400063399233037e-06,3.913307065042784462e-06,3.974608758480087085e-06,4.037200322848706866e-06,4.100867170009191272e-06,4.166580647280797188e-06,4.233871217416639745e-06,4.302000514319706253e-06,4.372553654423722391e-06,4.444839667745043608e-06,4.518726690308107045e-06,4.593904526253264415e-06,4.671685909513384249e-06,4.751439843994722196e-06,4.832181635597606795e-06,4.916021721879308654e-06,5.002040477979374969e-06,5.089131082412632098e-06,5.179666418617310500e-06,5.272613831441325357e-06,5.368059602054115346e-06,5.464679468070863640e-06,5.565308601698619292e-06,5.668713145438980935e-06,5.773399210102547693e-06,5.882567001017365294e-06,5.994826216089720263e-06,6.109955255952834932e-06,6.227173758983517228e-06,6.349311607486416924e-06,6.475037439213299643e-06,6.602314866085696666e-06,6.735505753114458019e-06,6.872720455438785564e-06,7.013690326861285260e-06,7.157244132478055501e-06,7.307366835860814795e-06,7.462205432007643316e-06,7.618952682109477641e-06,7.783625520501171328e-06,7.953627970250289758e-06,8.125759186418306536e-06,8.306890228901034427e-06,8.494066187469406995e-06,8.686958575999781978e-06,8.883445812561420316e-06,9.090144274336175407e-06,9.304043426705908753e-06,9.520648982056546195e-06,9.749628599317203555e-06,9.986851706163563740e-06,1.023197287491793564e-05,1.048166970965986670e-05,1.074566536708025439e-05,1.101961380278989148e-05,1.129710573257890027e-05,1.159197387070318601e-05,1.189835927900281095e-05,1.220884548086914275e-05,1.253948876263281203e-05,1.288352796209279498e-05,1.324169165181101890e-05,1.360467331959313550e-05,1.399265714933961127e-05,1.439719203167142055e-05,1.480742381252738757e-05,1.524698986674106591e-05,1.570606727094922274e-05,1.618482246968462932e-05,1.667244213332888942e-05,1.719608101406440028e-05,1.774430663796239198e-05,1.830087408143355284e-05,1.890145752570003904e-05,1.953149144022725764e-05,2.017177758040739841e-05,2.086474322813734809e-05,2.159325937680197293e-05,2.235977075374242934e-05,2.313931502780814745e-05,2.398736446665566336e-05,2.488180681755560025e-05,2.579280091349889226e-05,2.678723695559412612e-05,2.783885446981745909e-05,2.895346825066232014e-05,3.008726800947351281e-05,3.133393617285769317e-05,3.265757472985852868e-05,3.401024520635399534e-05,3.550163386793099427e-05,3.709034259090244345e-05,3.879207960655506229e-05,4.052010274589625520e-05,4.244684794000287372e-05,4.450967305935113569e-05,4.662858781999567643e-05,4.899229305442355688e-05,5.153353737776152077e-05,5.415337831712120257e-05,5.709032300455964693e-05,6.026249619555524548e-05,6.373569498206072307e-05,6.724799055447331351e-05,7.126597263757794391e-05,7.563625147621272989e-05,8.018462300702574621e-05,8.535632635056058983e-05,9.101363744536170410e-05,9.735711757936071355e-05,1.037111904938060018e-04,1.111649170275204156e-04,1.193841509443435933e-04,1.280572932191691843e-04,1.380541724811838798e-04,1.491374342957149830e-04,1.609218970182703856e-04,1.745337228135901680e-04,1.896689276492174113e-04,2.064870729676257467e-04,2.244722993087216350e-04,2.450629081657553182e-04,2.676846306632977017e-04,2.916837056942087362e-04,3.180620278239729756e-04,3.454386270645123979e-04,3.778822234329330286e-04,3.970595516979537136e-04,4.144337990663330340e-04,4.176000095756976700e-04,3.992863035652695456e-04,3.425910077948786207e-04,2.430931496542748107e-04,1.209593043124369897e-04,2.475004477541471463e-05,5.484800404870155010e-07,4.026592954369022388e-12,2.199706648397255036e-41,0.000000000000000000e+00,0.000000000000000000e+00,2.794779861628998305e-41,5.170748441346706768e-12,7.043304675126749047e-07,3.177567604914534869e-05,1.529561886556954397e-04,3.118578780224367315e-04,4.384982736573065070e-04,5.098780000235791877e-04,5.333955414989234849e-04,5.282949695506897409e-04,5.054941391846844980e-04,4.738168438960697827e-04,4.391340950767446414e-04,4.041604635270912012e-04,3.705967448711673510e-04,3.397783380403504301e-04,3.110881022857455748e-04,2.850110994780549159e-04,2.619153750965815507e-04,2.406647525949818839e-04,2.215467973686234765e-04,2.043531357915540265e-04,1.892201206233222921e-04,1.752417733885550458e-04,1.626287807173929444e-04,1.514911670059121006e-04,1.411339907423910867e-04,1.317358685716906840e-04,1.230543867075155015e-04,1.155827994218192750e-04,1.084520248127526126e-04,1.019287929565469182e-04,9.608800267301489126e-05,9.057996517396433927e-05,8.551220065953876639e-05,8.076782386806654972e-05,7.662315823288022337e-05,7.262180801896671268e-05,6.891451848415784068e-05,6.555025032810501355e-05,6.234410346087014532e-05,5.935981936283860343e-05,5.663881544709362716e-05,5.403553428729502325e-05,5.160227717769747262e-05,4.929202253304895546e-05,4.723476241047686204e-05,4.522775886173676090e-05,4.334247703390329762e-05,4.160544554419050940e-05,3.993269610042734374e-05,3.835622522480318678e-05,3.684932144236109034e-05,3.549108084250038759e-05,3.416076517195286964e-05,3.290205821493379356e-05,3.173220535047584126e-05,3.060027425555954510e-05,2.952645497945863401e-05,2.852540337435103019e-05,2.755497543810102697e-05,2.663215424033272700e-05,2.575391651134054398e-05,2.493169320770116044e-05,2.413330375288355096e-05,2.337185950257265405e-05,2.265714354457888251e-05,2.196214292687662006e-05,2.129799695243439069e-05,2.065640882414541179e-05,2.006465879617451035e-05,1.948217245243117452e-05,1.892420026872399181e-05,1.839740121913288222e-05,1.788392042996064069e-05,1.739124254130097418e-05,1.692511971384077401e-05,1.647032278086922239e-05,1.603328607001601396e-05,1.561310549237790595e-05,1.521439470572687215e-05,1.482504717791095415e-05,1.445019774000553452e-05,1.409385654045966548e-05,1.374560282773145650e-05,1.340988303680948060e-05,1.308360010445613649e-05,1.277752529801776919e-05,1.247574823174697716e-05,1.218436345790840014e-05,1.190620948247339307e-05,1.163401147317774343e-05,1.137089492385380768e-05,1.111472483370773949e-05,1.087303545530604517e-05,1.063469416017892809e-05,1.040398420800043636e-05,1.018294194527503452e-05,9.966401070693801145e-06,9.756591270925051238e-06,9.555304324781160711e-06,9.358018273977850116e-06,9.166690656859163974e-06,8.980018277444921541e-06,8.802681408098843576e-06,8.627754589192436699e-06,8.457916402137847776e-06,8.294473122899757010e-06,8.134147997615873542e-06,7.978362148008167983e-06,7.826182024979124071e-06,7.680986894109874489e-06,7.537763630148541262e-06,7.398454735514589664e-06,7.264022149001837233e-06,7.132062283869100224e-06,7.003617992740030873e-06,6.879543613414663785e-06,6.757710200087187064e-06,6.639042623520865562e-06,6.523432787474161964e-06,6.411595407278929340e-06,6.301748321158994440e-06,6.194664094496611756e-06,6.090979540876872757e-06,5.989109840997743913e-06,5.889742513566870944e-06,5.792437638359892614e-06,5.698807735882153656e-06,5.606441463185202452e-06,5.516275068752733407e-06,5.428786847379538364e-06,5.342786222878585037e-06,5.258788393753979690e-06,5.176465885889011191e-06,5.097020709213049242e-06,5.018647337208049700e-06,4.942046284051084603e-06,4.867579230802016568e-06,4.794344424880152137e-06,4.722730703457938834e-06,4.653062390676879822e-06,4.584531204903168373e-06,4.517485531493836808e-06,4.451705778036119683e-06,4.387998651474501545e-06,4.325144554037439642e-06,4.263616011940760413e-06,4.203660316266615185e-06,4.144659025384523538e-06
3.229824828831509629e-06,3.275504101597568796e-06,3.322563470015764986e-06,3.370652573511926371e-06,3.419299568857830652e-06,3.469460552939941063e-06,3.520746161196997491e-06,3.573146912891922794e-06,3.626158057641158948e-06,3.680897446764261773e-06,3.736907562443672754e-06,3.793536566865076500e-06,3.852069794151548855e-06,3.911997667212048866e-06,3.973283606500692787e-06,4.035258089498137582e-06,4.099420726316449064e-06,4.165170631719573368e-06,4.231598980638359994e-06,4.300449754209822984e-06,4.371052065036726960e-06,4.442365333877353708e-06,4.516365923670217171e-06,4.592304022784833239e-06,4.670069808998397034e-06,4.748655821156992151e-06,4.830361853557941405e-06,4.914298830024740876e-06,4.998994261690847857e-06,5.087169520085497544e-06,5.177828173683237342e-06,5.270762788948703700e-06,5.364608833778030700e-06,5.462528198456019470e-06,5.563334103011291262e-06,5.664917276529914987e-06,5.771070411640123156e-06,5.880459354391874296e-06,5.992712643235306220e-06,6.105962069569720301e-06,6.224609381592696609e-06,6.347057721464767848e-06,6.470243521909425515e-06,6.599525090472240607e-06,6.733101228679908868e-06,6.867401114752253464e-06,7.008604873411444037e-06,7.154677972126373513e-06,7.304816470637861291e-06,7.456059484954927637e-06,7.615575766670461258e-06,7.780911308579596962e-06,7.946760362890134939e-06,8.122051607605671782e-06,8.304002555798057166e-06,8.491230192077727504e-06,8.679544205004471300e-06,8.879307940061714242e-06,9.087144426723891088e-06,9.295016819192899123e-06,9.516070691237762065e-06,9.746461201550828021e-06,9.976645389735747766e-06,1.022206441191265566e-05,1.047833343531100886e-05,1.074248763729372223e-05,1.100750416263834237e-05,1.129135829553893151e-05,1.158867792122668927e-05,1.188453176275794383e-05,1.220238889400549894e-05,1.253609541950470515e-05,1.288046406896320972e-05,1.322505668894726937e-05,1.359730837594051640e-05,1.398962535344009865e-05,1.437797688757439161e-05,1.479903631382382849e-05,1.524406629374316458e-05,1.570381365184216247e-05,1.616232328860407681e-05,1.666275230858691098e-05,1.719424361889582722e-05,1.771679152380196761e-05,1.828963961079057787e-05,1.890024848386706667e-05,1.949904495938852822e-05,2.015861157484385684e-05,2.086445398729776929e-05,2.159477845616812174e-05,2.231892318158560555e-05,2.312363609843820345e-05,2.399079256036308833e-05,2.483274447374775066e-05,2.577390967851402661e-05,2.679334230943989707e-05,2.784885488971528420e-05,2.888866810139782541e-05,3.006410418084335025e-05,3.134906724058498129e-05,3.257965809072756338e-05,3.398124487465566020e-05,3.552396561534733029e-05,3.699337537482587108e-05,3.868084846500055124e-05,4.055259782082743560e-05,4.249179672015264409e-05,4.437793912454307007e-05,4.657954373742051533e-05,4.905690386889405725e-05,5.136388004194389578e-05,5.408659704001705172e-05,5.718345572610722622e-05,6.038805852984268702e-05,6.345282206676679292e-05,6.715245974268764192e-05,7.144931130041441464e-05,7.530967815006818500e-05,8.004274971892739218e-05,8.562732525355996427e-05,9.056035132403838367e-05,9.671741124811229469e-05,1.041175924793055996e-04,1.117256408258744666e-04,1.186648340539837838e-04,1.276725463976829652e-04,1.389263009359081283e-04,1.480519905826687983e-04,1.602353863518118709e-04,1.759181995100576499e-04,1.916579949910946683e-04,2.045456191827350466e-04,2.229723122295762246e-04,2.483637657418981469e-04,2.643267852893871231e-04,2.884411059013445634e-04,3.235184833096725718e-04,3.535543072121257032e-04,3.649317837313827769e-04,3.873764523101421798e-04,4.262258022349164834e-04,4.018636236409636026e-04,3.768865209258846728e-04,3.520039568625127650e-04,2.192817734369436309e-04,9.948420602172960883e-05,3.070312865369316822e-05,8.774868462960401310e-07,3.263552803655504759e-12,3.841610163940205638e-41,3.094364662563309293e-41,3.094364662563309293e-41,1.503758450864280461e-41,2.312727456905334978e-12,6.218339474173687361e-07,2.810334618069835341e-05,1.253789459910360120e-04,2.740286146647574598e-04,4.111424986890844136e-04,4.724135798077002020e-04,5.030711507996098956e-04,5.119646633714361851e-04,4.848261678007857408e-04,4.571865396511653307e-04,4.303017383675336854e-04,3.963510366654102103e-04,3.617869859135935040e-04,3.320756594060127924e-04,3.064392326211186411e-04,2.800539000343124293e-04,2.573090219834797601e-04,2.377032346178303693e-04,2.189172433713405818e-04,2.018239785337396690e-04,1.867192532352342812e-04,1.734701526285340020e-04,1.610029274587753214e-04,1.498181632689401372e-04,1.398934331488964811e-04,1.306253750069013089e-04,1.222329079653860140e-04,1.145609514426687922e-04,1.076460385425600185e-04,1.012558874941123585e-04,9.535103596025444345e-05,8.998041456556952480e-05,8.502559143556639477e-05,8.040457267718860033e-05,7.616791157344235874e-05,7.220809484584975841e-05,6.858899777042812968e-05,6.517941349464864405e-05,6.202310871275201558e-05,5.911200987065549385e-05,5.635228411101734434e-05,5.378278958773087922e-05,5.137048966146749886e-05,4.914918508751124886e-05,4.702947674314437179e-05,4.504225001823293029e-05,4.320364464862600412e-05,4.144156095379656154e-05,3.978257616745178166e-05,3.824508897702848074e-05,3.676610834518303145e-05,3.536839670661848033e-05,3.404703310644349110e-05,3.281849717154837942e-05,3.163230054964299173e-05,3.050624734520656121e-05,2.945784562744174363e-05,2.844289525631138517e-05,2.747663007300055798e-05,2.655906880631492864e-05,2.570072955778496387e-05,2.486765490941581584e-05,2.407183041398863797e-05,2.332729908663090795e-05,2.260329298808552793e-05,2.191010636363764638e-05,2.126038719975703191e-05,2.062751650579532870e-05,2.002035119542354346e-05,1.944053199261368178e-05,1.889404049765725915e-05,1.836091298197288702e-05,1.784820454858310811e-05,1.736539696406464746e-05,1.689380652937469117e-05,1.643953677675107544e-05,1.600422366323047511e-05,1.559198070652229159e-05,1.518888331023683653e-05,1.479983872656941984e-05,1.443186166442287242e-05,1.407170734622165291e-05,1.372364440292663976e-05,1.338907180142496907e-05,1.307087615390506304e-05,1.275920523510060824e-05,1.245752092528412295e-05,1.217099707595102286e-05,1.189014390797922516e-05,1.161798825402955842e-05,1.135911668320870963e-05,1.110520367085318068e-05,1.085890054164485939e-05,1.062123249040306059e-05,1.039400943208501696e-05,1.017103123688745921e-05,9.954471366443500355e-06,9.747722778641931658e-06,9.544732633352244971e-06,9.347413411252629390e-06,9.156559945307833368e-06,8.973487793535248392e-06,8.793678962952911112e-06,8.618711945964270549e-06,8.451107985654995251e-06,8.286423830872709294e-06,8.126054135534232329e-06,7.972242565744755218e-06,7.821054175578779163e-06,7.673723004785612807e-06,7.530797853278615086e-06,7.393137304214689183e-06,7.257791853877548348e-06,7.125788526123789330e-06,6.998806726833824167e-06,6.873921922835393083e-06,6.752046087188641756e-06,6.633597563122291285e-06,6.519215732241482405e-06,6.406701023275484768e-06,6.296816388928418573e-06,6.190825715324572314e-06,6.086537985117818176e-06,5.984632843623060573e-06,5.885428874138926888e-06,5.789406060410100702e-06,5.694910698444143363e-06,5.602514035101825561e-06,5.513172308375063570e-06,5.425231917853733621e-06,5.339203195406914947e-06,5.255943130311557682e-06,5.173971767366479503e-06,5.093745493589610950e-06,5.015482476833545692e-06,4.939508171701374608e-06,4.864699994988900765e-06,4.791443742647488976e-06,4.720392374707982557e-06,4.650418452438926541e-06,4.581867846957057188e-06,4.514907049706759437e-06,4.449784219439643747e-06,4.385641123448438068e-06,4.322771187576380635e-06,4.261674264855569372e-06,4.201486252226561858e-06,4.142470797558654216e-06
3.225841937776772912e-06,3.271959651651315009e-06,3.318951175424509968e-06,3.366366337831700210e-06,3.415510696570463561e-06,3.465598344083479582e-06,3.516787001624764839e-06,3.568564861262316288e-06,3.622023327131644831e-06,3.676682234198547510e-06,3.731787838697929876e-06,3.789104140557440904e-06,3.847550185570249098e-06,3.907347946752224462e-06,3.967818605845830993e-06,4.030405303358586162e-06,4.094472262923683396e-06,4.158995390674481237e-06,4.226380809262930932e-06,4.295127733996833566e-06,4.364338505210492875e-06,4.436745641235064439e-06,4.510633358915499199e-06,4.586366679770349973e-06,4.662924263029302568e-06,4.742471096960274569e-06,4.824053361987301409e-06,4.906071820681839687e-06,4.992310419982020603e-06,5.080350931028058472e-06,5.170720940957711821e-06,5.262037258288662926e-06,5.357225812537408699e-06,5.454997956031348762e-06,5.553123654771494415e-06,5.656908124277140955e-06,5.762900819236594964e-06,5.871874249903358657e-06,5.981934864668400163e-06,6.097081402171560293e-06,6.215554677392751456e-06,6.334203182112169354e-06,6.460569762595500403e-06,6.589661737025433218e-06,6.718844498611553766e-06,6.856840101231823419e-06,6.997837111019145263e-06,7.143187446150798177e-06,7.289890422850019222e-06,7.444276960704545372e-06,7.603572895698470110e-06,7.762529544878591940e-06,7.933835318029008933e-06,8.108887216979445147e-06,8.289740964603587589e-06,8.472150479176555126e-06,8.665067996514147944e-06,8.864584433129288964e-06,9.062973054571526340e-06,9.279053147830985270e-06,9.499841392805665014e-06,9.719095569462377667e-06,9.958987777991264750e-06,1.020412225482604167e-05,1.045832549838544091e-05,1.071448221408742623e-05,1.098760459855562439e-05,1.127119127537549689e-05,1.155145942294896896e-05,1.186238394046654988e-05,1.217996597921213326e-05,1.251033545956773768e-05,1.284291855995296583e-05,1.320003386000206786e-05,1.357208472384514216e-05,1.393753370507274461e-05,1.434993951869050297e-05,1.477082672309774141e-05,1.521029625338939263e-05,1.565218857092537299e-05,1.613064180534485518e-05,1.663111258256628303e-05,1.711879621741561582e-05,1.768104362380258421e-05,1.825406329353240764e-05,1.881073408114494896e-05,1.945849421832467039e-05,2.011842032136746308e-05,2.081208151939000674e-05,2.150842731620392081e-05,2.227327352098657943e-05,2.307912334617188968e-05,2.385283172674411572e-05,2.478056987379080928e-05,2.572344982224565539e-05,2.672049741553627250e-05,2.771928527749510489e-05,2.883113274626539826e-05,3.001033591097309821e-05,3.112405289114703749e-05,3.251358729908905245e-05,3.392064318607571614e-05,3.524056342208433892e-05,3.691681897149898522e-05,3.861224074411632876e-05,4.042554962500273020e-05,4.223471564756676961e-05,4.429978265790398477e-05,4.651776838880890849e-05,4.854086540024338855e-05,5.127399523916713575e-05,5.402096277221379454e-05,5.699145608424721599e-05,5.993477119631989737e-05,6.338416121479809105e-05,6.713505965673763917e-05,7.040135259526084208e-05,7.523894365711803660e-05,8.005119968501091384e-05,8.414473003369419440e-05,9.048749772524070458e-05,9.676928693063218908e-05,1.037140252922345510e-04,1.104344944610857033e-04,1.187855590935661844e-04,1.280908798699869299e-04,1.351110024543579122e-04,1.482726149730910254e-04,1.609607201123479565e-04,1.752709872883432499e-04,1.882788201441972138e-04,2.057607057929247642e-04,2.255620728696712681e-04,2.356448182605328401e-04,2.662556240516407305e-04,2.928908566467153924e-04,3.225518913942830080e-04,3.418621371484545542e-04,3.723143090806943067e-04,4.018884051063303562e-04,3.705836290585689738e-04,4.146061104074945424e-04,4.007916202075863569e-04,2.699445898289716235e-04,2.597856825210247849e-04,1.468447210952190506e-04,3.922100797664444674e-05,3.218420520980539519e-05,9.721921620378896166e-07,3.762618751729536576e-12,5.733774991393421371e-12,5.733774991393421371e-12,2.477318796842155116e-12,3.732989347962879828e-07,1.241231514081057666e-05,2.144862383928859906e-05,1.040619958709171355e-04,2.242776280733718426e-04,3.057659808748891756e-04,4.116262116261791516e-04,4.471955490132522356e-04,4.405117791377410712e-04,4.492529135449381300e-04,4.266344698810470575e-04,3.994236055910623646e-04,3.746263578267796279e-04,3.454965692984521167e-04,3.179957815027070647e-04,2.901061990589650481e-04,2.707691325853048454e-04,2.491454176348405431e-04,2.296021104540835439e-04,2.128981048029224645e-04,1.967656881825859540e-04,1.822242573648561337e-04,1.685707379371774765e-04,1.576903423886531720e-04,1.468429450877908784e-04,1.370059057394512614e-04,1.283758167600696420e-04,1.201780996502701323e-04,1.127013498172980168e-04,1.057421642227207272e-04,9.978663536551749186e-05,9.401200131804416467e-05,8.863467862884192900e-05,8.394451396398360410e-05,7.941353794979276427e-05,7.522620117838753502e-05,7.144654373582716260e-05,6.783841256324777574e-05,6.448774592926156306e-05,6.136043802870504551e-05,5.853228418174825069e-05,5.581571613008768463e-05,5.327819819958030397e-05,5.095495805653077660e-05,4.872608928205125560e-05,4.663616093338165063e-05,4.467831915516944362e-05,4.286524791984353965e-05,4.112589784037838251e-05,3.949362404097113590e-05,3.797103189010787026e-05,3.650967122748410257e-05,3.512893388944031447e-05,3.384634067999858293e-05,3.260791447562804281e-05,3.143458733720147508e-05,3.032908497158542225e-05,2.928324105983218809e-05,2.827854429868564769e-05,2.732348045731616685e-05,2.642926815815465494e-05,2.556294767871391835e-05,2.473758500205333399e-05,2.395688051376312422e-05,2.321089906007591232e-05,2.249317360931610797e-05,2.181322059990924294e-05,2.116135855071001282e-05,2.053364587362093113e-05,1.993287564421918030e-05,1.936541972353491463e-05,1.881351594904021680e-05,1.828440102454704534e-05,1.778131106998840331e-05,1.729591946776242904e-05,1.682767887287636767e-05,1.637782984126020795e-05,1.595074332732061950e-05,1.553452686979546647e-05,1.513408510411421883e-05,1.475204460033424467e-05,1.438169966247033508e-05,1.402379311338013419e-05,1.367883887376098636e-05,1.334989528461091416e-05,1.302879362504946137e-05,1.271893384775202037e-05,1.242237935496117839e-05,1.213388177947926317e-05,1.185457973736389938e-05,1.158694859188877870e-05,1.132625382649513596e-05,1.107367538519522450e-05,1.082931076717654666e-05,1.059506962985433971e-05,1.036595763508398003e-05,1.014407619797782494e-05,9.930866428700029373e-06,9.722678760058585168e-06,9.520641339922755243e-06,9.324736242051090299e-06,9.136347647349620291e-06,8.951887523187832473e-06,8.772870930658714341e-06,8.600404169237132850e-06,8.431682832891122358e-06,8.267692704864776018e-06,8.109546981700975761e-06,7.954723569132155449e-06,7.804145199480225025e-06,7.657738793324502533e-06,7.516404479501569277e-06,7.377832374244046947e-06,7.243001685593059453e-06,7.112676781301385385e-06,6.984918375526687716e-06,6.860489264794759812e-06,6.739308409970972833e-06,6.622044581503729770e-06,6.506986764027490001e-06,6.394860077391459120e-06,6.286251676721639775e-06,6.179667103040436598e-06,6.075725080567493907e-06,5.974347875564988597e-06,5.876036472153832513e-06,5.779510634849115516e-06,5.685312065221034570e-06,5.593892818753219730e-06,5.504097799080682128e-06,5.416423375343738800e-06,5.331273261000655164e-06,5.247604947769439440e-06,5.165872480021141172e-06,5.086010158975793698e-06,5.008356775631890592e-06,4.932047058523631305e-06,4.857446130163303413e-06,4.784869250545001932e-06,4.713506762426127478e-06,4.643719943009177740e-06,4.575452325536912403e-06,4.508961798669368701e-06,4.443587963565495889e-06,4.379608261684915677e-06,4.317267018986722810e-06,4.255933164688657066e-06,4.195893353692165526e-06,4.137356168901940807e-06
3.219951181996250004e-06,3.265834199472464179e-06,3.312220509960570503e-06,3.360065834393522792e-06,3.408947556628770150e-06,3.459286697362923109e-06,3.509378390066480207e-06,3.561522689710245330e-06,3.615275107556562000e-06,3.668701733020925481e-06,3.724401854804597470e-06,3.781370610538868624e-06,3.840191956441079840e-06,3.898522184114234284e-06,3.959492100852046206e-06,4.022517203358675958e-06,4.084928694026474609e-06,4.150278395190452366e-06,4.217197105700433591e-06,4.284789406956816826e-06,4.354942880052669485e-06,4.426820307005264931e-06,4.501361822879157102e-06,4.574846202460918385e-06,4.652177693176187493e-06,4.732489445626422097e-06,4.811518049315319183e-06,4.894861651612194166e-06,4.980373100482637716e-06,5.069391857672816600e-06,5.156668886821264624e-06,5.249055125503200269e-06,5.345390987754846239e-06,5.439632398889430734e-06,5.539639220611977753e-06,5.642408475335057334e-06,5.749874176575302366e-06,5.854535255553452286e-06,5.966088182845425330e-06,6.082968437397658883e-06,6.196489729488257952e-06,6.317840154080048493e-06,6.442763387379678098e-06,6.568643221320707922e-06,6.700953595858983097e-06,6.837271098650125459e-06,6.980915281215083052e-06,7.119207549317909806e-06,7.268324123039242915e-06,7.425847869337708666e-06,7.576960125947388276e-06,7.740500833369939732e-06,7.909352924772067084e-06,8.088501420238818613e-06,8.259109557920710505e-06,8.444987233622448295e-06,8.642790785645566582e-06,8.830331149440715682e-06,9.035558659821702008e-06,9.247969849337199172e-06,9.461394779093223141e-06,9.688700726551461193e-06,9.924232912005363151e-06,1.017711729593107989e-05,1.041339966755983019e-05,1.067546509745317239e-05,1.095793648938105668e-05,1.122028872047051295e-05,1.151294252444339466e-05,1.181710897481387548e-05,1.214726192157873270e-05,1.245010804346154326e-05,1.279159392634939923e-05,1.316403079513429505e-05,1.350308324958010243e-05,1.388811184069619907e-05,1.428972580045881673e-05,1.473157112959534844e-05,1.512744848491011097e-05,1.558313779052113618e-05,1.608745829302063281e-05,1.653492463730296355e-05,1.705460623898116159e-05,1.759901588579526176e-05,1.814161569884297826e-05,1.873754009305458982e-05,1.936311857843161369e-05,2.006834757495340904e-05,2.067339382750981884e-05,2.139666525800959902e-05,2.221870291539729494e-05,2.291405885139518708e-05,2.375587375057723317e-05,2.464469439680710733e-05,2.567063275047870143e-05,2.651204317841658790e-05,2.755703671073581428e-05,2.877599122226342300e-05,2.975654922817547293e-05,3.099532004828852761e-05,3.231284888265540371e-05,3.360781785459003985e-05,3.508964150740185548e-05,3.667139476860750111e-05,3.858069738862130463e-05,4.001148134070791983e-05,4.193024044797265590e-05,4.428240190021498572e-05,4.598986041428925126e-05,4.834422773751975011e-05,5.088438771174498180e-05,5.409594727164072193e-05,5.626051143194665837e-05,5.943408519366038146e-05,6.353282414163328876e-05,6.615886476954092779e-05,7.018212685542925071e-05,7.458699374488048594e-05,7.871149042985370933e-05,8.389388909239712177e-05,8.961008121330335280e-05,9.756323951317260169e-05,1.016605596251127832e-04,1.092122161914213432e-04,1.201022787544013532e-04,1.250404751864935156e-04,1.351962540011685118e-04,1.466614625979215819e-04,1.645214862998092245e-04,1.700726899367998647e-04,1.858705140916665157e-04,2.119775931407230272e-04,2.169477145405936808e-04,2.386996012256968451e-04,2.638173747475839421e-04,3.114223970337534771e-04,3.064528672936598763e-04,3.387189745373161390e-04,4.093594099099640807e-04,3.762923598466879510e-04,4.050617215212860942e-04,4.272777791365137113e-04,3.863830311666883880e-04,3.703988813230105833e-04,3.137210469051617077e-04,3.931385596966622425e-04,1.731514214154468326e-04,4.385639006291491214e-05,3.220979842979019496e-05,1.011673063347196052e-06,7.810227904628864568e-07,7.810227904628864568e-07,6.660883978577070573e-07,1.242075575349283389e-05,1.684660086904387659e-05,6.782527636054064832e-05,1.683928933514929971e-04,1.821398070552185519e-04,2.624843887567064084e-04,3.211626472595958547e-04,3.736776287142773564e-04,3.857255222935654501e-04,3.823436681215566096e-04,3.937048347528971596e-04,3.595222862848940974e-04,3.367496205405070111e-04,3.265729099337360154e-04,2.955880355222333241e-04,2.732615592473988360e-04,2.526470172242474142e-04,2.390811480404615458e-04,2.181942179943046332e-04,2.020233194214738769e-04,1.905178479684561325e-04,1.751035992258770824e-04,1.628107120394503451e-04,1.516692285421849878e-04,1.430822315721882879e-04,1.328450463487802888e-04,1.243464503899564008e-04,1.175830795168191569e-04,1.098380135865725284e-04,1.032831035815440516e-04,9.727204254495846851e-05,9.197557104986371298e-05,8.685092494927294565e-05,8.212689122371675306e-05,7.813688869141170495e-05,7.386175594685226496e-05,7.009857127776376103e-05,6.686906260989124303e-05,6.345935481439045074e-05,6.042278907741142880e-05,5.759242139458375107e-05,5.511087612153943845e-05,5.254530217148026028e-05,5.022481490937480148e-05,4.816830132849463065e-05,4.606015667630713063e-05,4.413742061888492444e-05,4.232938341893524695e-05,4.066644930339273592e-05,3.905776577339283278e-05,3.754025871781755834e-05,3.616500754820095944e-05,3.478044725441881249e-05,3.349581285674198267e-05,3.232360648396541332e-05,3.114874021213149191e-05,3.005266994054671918e-05,2.901209953239473262e-05,2.805364600583151797e-05,2.709973015081745817e-05,2.620339873792937270e-05,2.537354496944934442e-05,2.454998065019713623e-05,2.377291642123321614e-05,2.303136768304485211e-05,2.233458825453388694e-05,2.165691777571923676e-05,2.100898025279167414e-05,2.040244473449338860e-05,1.980435404362256658e-05,1.923518375148525089e-05,1.870045046311242617e-05,1.817398729282218697e-05,1.767153080541690449e-05,1.718921496350979595e-05,1.673382567045543176e-05,1.628663339797813329e-05,1.585825333131465884e-05,1.545262323468997808e-05,1.505467966436036759e-05,1.467261053364937772e-05,1.430463192223081794e-05,1.395481971425385909e-05,1.361220063366998777e-05,1.328230210429773196e-05,1.296795918033041561e-05,1.266025207531760056e-05,1.236343385193606982e-05,1.207674808913900677e-05,1.180267851334960943e-05,1.153472613163934798e-05,1.127563879267283574e-05,1.102750773539353032e-05,1.078492568537180402e-05,1.055005539746844129e-05,1.032471737410152467e-05,1.010446327645514867e-05,9.890925638391876901e-06,9.683975137918946751e-06,9.484942845245961335e-06,9.290485762927133516e-06,9.101645450134618671e-06,8.919760676405699768e-06,8.742062235724086994e-06,8.569307400580320914e-06,8.401543054393836919e-06,8.239894493805829785e-06,8.081472865217684688e-06,7.927506562001089915e-06,7.778725645283960508e-06,7.633379462425487393e-06,7.491758019235075643e-06,7.354745123367495794e-06,7.220879218110785530e-06,7.090334018178328447e-06,6.963245365533943961e-06,6.840096511908859260e-06,6.719766306691019622e-06,6.602300800714516148e-06,6.488362073696286026e-06,6.377009898211552626e-06,6.268231760108487542e-06,6.162174198327174791e-06,6.059161039232261687e-06,5.958466462257301817e-06,5.860015410767898476e-06,5.764307194048112812e-06,5.670730853876009713e-06,5.579184441354448220e-06,5.489807105531338033e-06,5.403008466997672449e-06,5.317743238361856992e-06,5.234453754301837844e-06,5.153328481707328142e-06,5.073967122113637088e-06,4.996231118715002670e-06,4.920460641423558400e-06,4.846317388539274170e-06,4.773657367943646123e-06,4.702598302508652249e-06,4.633269251980020210e-06,4.565406182491773912e-06,4.498862139087837544e-06,4.433897182968521361e-06,4.370287697928109304e-06,4.307888198546403635e-06,4.246799074686316459e-06,4.187232104452597553e-06,4.128643597497224667e-06
3.211878548217900297e-06,3.256673322525441733e-06,3.303323998340537962e-06,3.351442480897540406e-06,3.400158791069076579e-06,3.448820045487962227e-06,3.500155398062429033e-06,3.552120977516098886e-06,3.603982001463870356e-06,3.658824761429991142e-06,3.714331562909165874e-06,3.771104529712013782e-06,3.827660665956831857e-06,3.887721375947836848e-06,3.948479396661142021e-06,4.008940092051945162e-06,4.073328257749270883e-06,4.138448369330927795e-06,4.203174854343257874e-06,4.271349350934085653e-06,4.342216459178076184e-06,4.413842607376876368e-06,4.484867276928849894e-06,4.561134723254924843e-06,4.638193612691130634e-06,4.714497284348893954e-06,4.796721830811061948e-06,4.879769374535419193e-06,4.964983508590358883e-06,5.049118338717469832e-06,5.140353649932987995e-06,5.232417194219452244e-06,5.323156918244645898e-06,5.421964462252735123e-06,5.521620727603533961e-06,5.624040431369029050e-06,5.724628806621045291e-06,5.834986323700115588e-06,5.946160238725838519e-06,6.055112851610940282e-06,6.175239908293738430e-06,6.296179192486029063e-06,6.414429313242600270e-06,6.542191817046176087e-06,6.677362205811447210e-06,6.813241858373937364e-06,6.945471292310880868e-06,7.093459783579336918e-06,7.242103694919780092e-06,7.386341016662069365e-06,7.548796345698731264e-06,7.711827276047832647e-06,7.880190323072872895e-06,8.042597633208380345e-06,8.227681049103257750e-06,8.413037259629051046e-06,8.591196197911730678e-06,8.795798345490447276e-06,9.000472114303731522e-06,9.196434969828464140e-06,9.414535210289744411e-06,9.650072520280703750e-06,9.885080037536349653e-06,1.010826417027437737e-05,1.037075747711594070e-05,1.063228882695893082e-05,1.087943500789479630e-05,1.117307872899185497e-05,1.146520011652781835e-05,1.176896120554335309e-05,1.205303288502957184e-05,1.239716243299664751e-05,1.273830107831121046e-05,1.305528805135126809e-05,1.344418186017269542e-05,1.382895853189642565e-05,1.423058966811483561e-05,1.459872481301448828e-05,1.506159175426520123e-05,1.551753456274668907e-05,1.593192336378211637e-05,1.646136419927549482e-05,1.698164160952638166e-05,1.745007957495276789e-05,1.801411342908796134e-05,1.865616666995717211e-05,1.928362070917723822e-05,1.983714674254285720e-05,2.058237727870350790e-05,2.130851287569952767e-05,2.194087006645380374e-05,2.281193307676883676e-05,2.365801892945737308e-05,2.455293376279570728e-05,2.531035506781939819e-05,2.640333030309893644e-05,2.745715478091228769e-05,2.833271395893537746e-05,2.963571803150766808e-05,3.088727045416425626e-05,3.190522373149262897e-05,3.328579869430668648e-05,3.497387698421313318e-05,3.658071588258284684e-05,3.782573698162368180e-05,3.988929612599489066e-05,4.184472479628787594e-05,4.331041072954372299e-05,4.586393219069006828e-05,4.827247443146589606e-05,5.088548097587509961e-05,5.269677820888915310e-05,5.621685116096486229e-05,5.950048267973145292e-05,6.165017054423191551e-05,6.616709491804986570e-05,7.035973813847873370e-05,7.291238178265604930e-05,7.762834627589692269e-05,8.426007152530299704e-05,9.034500807369006228e-05,9.341811780507810342e-05,1.023484546516340525e-04,1.105062018225134562e-04,1.139885701050570691e-04,1.262859737902273429e-04,1.374719779038732336e-04,1.504175927735559826e-04,1.536540547125179123e-04,1.741342645315246658e-04,1.926170652480719626e-04,1.944431442549070460e-04,2.244294092494697099e-04,2.513028830036941573e-04,2.841243020090412756e-04,2.763324358568706790e-04,3.314413656464984038e-04,3.795140344537061223e-04,3.503310056535968438e-04,4.308534771288577208e-04,4.935040750609125332e-04,4.138195757497964747e-04,4.499449499474189856e-04,5.720814022336280242e-04,5.690540611001254374e-04,3.785198965547265765e-04,4.302935676040649270e-04,1.737821154241750573e-04,4.223004238823146165e-05,3.838696720607036311e-05,3.523451095303133828e-05,3.523451095303133828e-05,3.063746674747833891e-05,2.244099971191703796e-05,6.803327847406352843e-05,1.655192521890314701e-04,1.496162847617912264e-04,2.415686495667598117e-04,2.778034700417065898e-04,2.715039346671373937e-04,2.932546070559547747e-04,3.497232902772804287e-04,3.414483915111431135e-04,3.179035226355111173e-04,3.302356534356156326e-04,3.086061514465646594e-04,2.815121441403096439e-04,2.769280804972846892e-04,2.558929961680617452e-04,2.368141278057801866e-04,2.165642894273181939e-04,2.073509179261816238e-04,1.921154140270858084e-04,1.765624381273751809e-04,1.680761436134581429e-04,1.563521359715346602e-04,1.457716407495895060e-04,1.352313139781603183e-04,1.284614846018900989e-04,1.203142809551592708e-04,1.122601224028983496e-04,1.067535184058629547e-04,1.004280912717531166e-04,9.420359130217408690e-05,8.895938556774011597e-05,8.476754494580524728e-05,8.019271243306561980e-05,7.571927949557871078e-05,7.230172901279198505e-05,6.864333288776607196e-05,6.507231997104239492e-05,6.226510118759556213e-05,5.930423963876904712e-05,5.654581830969066745e-05,5.386269387721850726e-05,5.166952272344397325e-05,4.940237267469936084e-05,4.719881909078154026e-05,4.536336186877238671e-05,4.348098545633443811e-05,4.165253199660741852e-05,3.999460519223690420e-05,3.852662052541394030e-05,3.703863928410850614e-05,3.559577314968770487e-05,3.434545881342472990e-05,3.308395585925777459e-05,3.186095597839563019e-05,3.078865651831301140e-05,2.971095404275341691e-05,2.868783144778496518e-05,2.769686701502970734e-05,2.681353776578022883e-05,2.593124747437394308e-05,2.507664847224373906e-05,2.430825548284262661e-05,2.354261045585789026e-05,2.280092681766236607e-05,2.210445717525994007e-05,2.146055702047972339e-05,2.082154862834878470e-05,2.020271458991485319e-05,1.963578816933726466e-05,1.907402096953688165e-05,1.852985589540133101e-05,1.802837492953260167e-05,1.753210366811875105e-05,1.705568868806138413e-05,1.659418370035916149e-05,1.616532893906056211e-05,1.574191957443280595e-05,1.533161903849043347e-05,1.494859204653090041e-05,1.457073682962685666e-05,1.420678595722632621e-05,1.385401205436907739e-05,1.352256647004682446e-05,1.319610632003084196e-05,1.287954145442520706e-05,1.258103921727512877e-05,1.228717204811672125e-05,1.200209250904555563e-05,1.172794540202769642e-05,1.146698067520129141e-05,1.121033348054597579e-05,1.096125255710013215e-05,1.072451800893778287e-05,1.049176431178869429e-05,1.026577003625799795e-05,1.005040766316880340e-05,9.838713858404717007e-06,9.633534112605117200e-06,9.434210129222749366e-06,9.243565846203126004e-06,9.056275687708529944e-06,8.874245285985453736e-06,8.699767512309762498e-06,8.528374792393338794e-06,8.361717500695332184e-06,8.200050282484542147e-06,8.044437267755484978e-06,7.891627431721566242e-06,7.742954901029021900e-06,7.599778693615604236e-06,7.459181212875618314e-06,7.322326287189739966e-06,7.190316118606150145e-06,7.060680380775604764e-06,6.934468797014742237e-06,6.811544636522518163e-06,6.692708365403802687e-06,6.576024721948685806e-06,6.462327838866259242e-06,6.352263753711927229e-06,6.244184538411320785e-06,6.138802031045743856e-06,6.036056409353720386e-06,5.936411541342916917e-06,5.838565935654025566e-06,5.743125726556910244e-06,5.650461535462665765e-06,5.559459487736169026e-06,5.470655387595987669e-06,5.383891705253181650e-06,5.299568945845797495e-06,5.216754294440948600e-06,5.135893437260858242e-06,5.057190501744158891e-06,4.979883670136716848e-06,4.904368587552263448e-06,4.830803432705172863e-06,4.758532146673257134e-06,4.687849810155300406e-06,4.618767212318080145e-06,4.551388257999493184e-06,4.485186343099905808e-06,4.420456434305349031e-06,4.357275030658377569e-06,4.295186844208189795e-06,4.234455030859848977e-06,4.174932480110981347e-06,4.116829173497958775e-06
3.200509933840700561e-06,3.245980862495684273e-06,3.292423158250936857e-06,3.339864960396452861e-06,3.387672732319383048e-06,3.437162444225992228e-06,3.487739946497360314e-06,3.538692745151987294e-06,3.591499180460599400e-06,3.645491560115806724e-06,3.701651838335175232e-06,3.756290004391898946e-06,3.814007890731097708e-06,3.873061514816117270e-06,3.932488272109025696e-06,3.994278057472485509e-06,4.057530562593170626e-06,4.121157341369257000e-06,4.187406191960203365e-06,4.255260038054420842e-06,4.324771863315982016e-06,4.394627713197828225e-06,4.467534220310112359e-06,4.542265233654140776e-06,4.617328330819033311e-06,4.695794904174444045e-06,4.776273719529242674e-06,4.860957496804824979e-06,4.941664929979628961e-06,5.028488032007990067e-06,5.117615596423645396e-06,5.206975881024362723e-06,5.300818249561159066e-06,5.397216756904327926e-06,5.499298447371357026e-06,5.595428515513360442e-06,5.699898940428689534e-06,5.807321172901733072e-06,5.914778248740567231e-06,6.028233570572850667e-06,6.144984147861149407e-06,6.261671290191228223e-06,6.385155617458668041e-06,6.512329453332696228e-06,6.643344634693862613e-06,6.774026340799764387e-06,6.912881677023112823e-06,7.056056565648110616e-06,7.198708901204722141e-06,7.350697095700524975e-06,7.507558852052789786e-06,7.677085083069561669e-06,7.830461696203166568e-06,8.002781573686250662e-06,8.180872598059765600e-06,8.357610693806628594e-06,8.547451810757382350e-06,8.743861714624268441e-06,8.938475044348658826e-06,9.148251301506659102e-06,9.365534705523293092e-06,9.590700017682620346e-06,9.813011240168947511e-06,1.005417714402093560e-05,1.030440611449508728e-05,1.055095442301234531e-05,1.081956538456578533e-05,1.109864703381438635e-05,1.140988127750976091e-05,1.167329533996764434e-05,1.198575074498482628e-05,1.231105837924110757e-05,1.262919771288744266e-05,1.298045391472826449e-05,1.334674964591695725e-05,1.376275417215721266e-05,1.410047954779716850e-05,1.451479774656494854e-05,1.494794705624812229e-05,1.536727992131934638e-05,1.583820255636140672e-05,1.633150153740572900e-05,1.680699999119629549e-05,1.734507637274461947e-05,1.790993447971784397e-05,1.850350005611231080e-05,1.907004044048294823e-05,1.972064932841114971e-05,2.040601491379205812e-05,2.105607637711422414e-05,2.181024816074558063e-05,2.260687559223848117e-05,2.356932633341646358e-05,2.423731310902179503e-05,2.516998566191852504e-05,2.615963186694399915e-05,2.707618871251441897e-05,2.817681282095796342e-05,2.934884079253046525e-05,3.042218080508157056e-05,3.173231956345447485e-05,3.313305121724259447e-05,3.463387426642147021e-05,3.597326395376547042e-05,3.766424955443897326e-05,3.948492422252293223e-05,4.107994598334151009e-05,4.314416053093114413e-05,4.537911781357683357e-05,4.837443110023113694e-05,4.984403249721816565e-05,5.262387444740050386e-05,5.566492109040049971e-05,5.813344601260185188e-05,6.164203112897022774e-05,6.551210828072094312e-05,6.852239686694744619e-05,7.302336458295522446e-05,7.803656506889477510e-05,8.365709035370929854e-05,8.760065134298441873e-05,9.422382851370898294e-05,1.017471812538202076e-04,1.065588655172241943e-04,1.154994057484738006e-04,1.258156880626149822e-04,1.420407167672019493e-04,1.439238898267222451e-04,1.584374054150737869e-04,1.757461742847342217e-04,1.824008267706128976e-04,2.033337326273703771e-04,2.289148217445980240e-04,2.709152785753631801e-04,2.654375576745128377e-04,3.039578768353625002e-04,3.528604831731048581e-04,3.497421598923019809e-04,4.072235674855206118e-04,4.793429147983703617e-04,4.582961424504864833e-04,5.375215742204417094e-04,6.205010306592899675e-04,6.704457212619883760e-04,6.524243469952143272e-04,6.044914486961929087e-04,3.805243306987242413e-04,4.013512688836231982e-04,1.693003712293200116e-04,1.405450961152122013e-04,1.711251380793170492e-04,1.695008417631799116e-04,1.389207997990750637e-04,1.114678418497652679e-04,1.711014348074065786e-04,1.502773446935474794e-04,2.334878046459642749e-04,2.571020750562973784e-04,2.802760074462542095e-04,2.863368661465982281e-04,2.822392493663074893e-04,2.765380752036391610e-04,3.035652832912262501e-04,2.885803240468204963e-04,2.736995534521190643e-04,2.777039475953938831e-04,2.584839029583148339e-04,2.409693964978045627e-04,2.388310081028475530e-04,2.175164162461964827e-04,2.019759873529377886e-04,1.879832520717610532e-04,1.794376815710911610e-04,1.669020725987391631e-04,1.556281194751631830e-04,1.494439846931061057e-04,1.380279499166991043e-04,1.291653346586958706e-04,1.211191434969654396e-04,1.149402202267966317e-04,1.079949593953439407e-04,1.016563938304882852e-04,9.659227086853737032e-05,9.111767660340501897e-05,8.609336468048276933e-05,8.146813415180710811e-05,7.760247273739834684e-05,7.358268914780852253e-05,6.986386768481800305e-05,6.669391195833995983e-05,6.344433785690160572e-05,6.042410417238192549e-05,5.801944008005611785e-05,5.515360164515839504e-05,5.267591899925384554e-05,5.035915814512231987e-05,4.831091130787547869e-05,4.625854007579893924e-05,4.433242038060192610e-05,4.261244341330622644e-05,4.089678194633352586e-05,3.928126376709818198e-05,3.775808460225747097e-05,3.637975526531475834e-05,3.501356114197652484e-05,3.372169752937775471e-05,3.254470126123086614e-05,3.138049263407716877e-05,3.027668614537684346e-05,2.930616444235006036e-05,2.826584636883671791e-05,2.731623174141573068e-05,2.641288384343031554e-05,2.557810756076547495e-05,2.475593490263150646e-05,2.397212603222187687e-05,2.324460332440362641e-05,2.252855927694009629e-05,2.184456385579302602e-05,2.119072235466280563e-05,2.058011112162705649e-05,1.998003226491938255e-05,1.940538260379328728e-05,1.886689639894364765e-05,1.833782404072351602e-05,1.783033195538831142e-05,1.736361308156404473e-05,1.688466882646025535e-05,1.643446410316450466e-05,1.600172709671266691e-05,1.559318854259882878e-05,1.519212141675031911e-05,1.480607691692678715e-05,1.444679721011834590e-05,1.408200642060936314e-05,1.373628996547805609e-05,1.340293977721102535e-05,1.308633482199720974e-05,1.277561517930724704e-05,1.247565263643985359e-05,1.219017172982927239e-05,1.190995843995025578e-05,1.163914323495579198e-05,1.137731146811702606e-05,1.112739880429889577e-05,1.088213426279589540e-05,1.064476142850569770e-05,1.041780324239997587e-05,1.019502384829046699e-05,9.979203388770586640e-06,9.774378852202022345e-06,9.569598850285074542e-06,9.372838226977787553e-06,9.181990173024425213e-06,8.998803208239850848e-06,8.818955815416812304e-06,8.644364595308012713e-06,8.476549711653971780e-06,8.311759385496515608e-06,8.151656449789317936e-06,7.996065537740024108e-06,7.846221770027229071e-06,7.699070002496297707e-06,7.555958115761233541e-06,7.417967135867813062e-06,7.282425771831435188e-06,7.150511669826142848e-06,7.023785312414399506e-06,6.898068758193789738e-06,6.776229765547117107e-06,6.657544092340005442e-06,6.542792102865602239e-06,6.430041333781438043e-06,6.320138979683635106e-06,6.214162929395287655e-06,6.109240584657839388e-06,6.007286990021647291e-06,5.907828781522460623e-06,5.811436522094578098e-06,5.716692958726926126e-06,5.624215730698474771e-06,5.534510356703922489e-06,5.446321125737968276e-06,5.360194616643374780e-06,5.276067326657551290e-06,5.194361012929618876e-06,5.114023836665358927e-06,5.035511247241322374e-06,4.959198390161198179e-06,4.884149266894705816e-06,4.810768581024541104e-06,4.739522667138443576e-06,4.669180740120095007e-06,4.600499483763806208e-06,4.533302898976175401e-06,4.467871873985234806e-06,4.403501777017609231e-06,4.340495057753910521e-06,4.279102718136734141e-06,4.218694440726014913e-06,4.159540276756423011e-06,4.101605932604047742e-06
3.187237123115252640e-06,3.233154468147210327e-06,3.279356019190037046e-06,3.325021707076040268e-06,3.373148701716425866e-06,3.423203609671114332e-06,3.471786068543544237e-06,3.523107472633774392e-06,3.576569887505550256e-06,3.630279064265442410e-06,3.683118899528743792e-06,3.740302863011252314e-06,3.797715160577806928e-06,3.854089845542773191e-06,3.914053728748025175e-06,3.976805865787548552e-06,4.037030621975215782e-06,4.101277416437546137e-06,4.168643998929616047e-06,4.236138425988129926e-06,4.302011352371649418e-06,4.372649585737298187e-06,4.446970244000398953e-06,4.517568402374604661e-06,4.593535856480245433e-06,4.673647805340433669e-06,4.753705761619105643e-06,4.831261835750407198e-06,4.917776857976180023e-06,5.004145500193699032e-06,5.087557404519950608e-06,5.178242932174186522e-06,5.274520814291337379e-06,5.370431267618656233e-06,5.462499685672008226e-06,5.566973035085440992e-06,5.670917856124881209e-06,5.770320001337241583e-06,5.879734811771530942e-06,5.996824756126848618e-06,6.104338307472621818e-06,6.223307721337926061e-06,6.351056401346877550e-06,6.477636223124896104e-06,6.597214032538088049e-06,6.730821344254294882e-06,6.875159799464888330e-06,7.005068621570007070e-06,7.151151339834368972e-06,7.309606284588575030e-06,7.465827020854478288e-06,7.611167215077281853e-06,7.785614090927908202e-06,7.957262829569452392e-06,8.115931438828811141e-06,8.297912812796768415e-06,8.497706969043521558e-06,8.671326905590956221e-06,8.872154183909433732e-06,9.093778289587746408e-06,9.310440677187590590e-06,9.506537827712150206e-06,9.737035135949417404e-06,9.993800175593781353e-06,1.020958622342722494e-05,1.046593290583514851e-05,1.075326752265167216e-05,1.103198995998079480e-05,1.127749055024133985e-05,1.160034542063512281e-05,1.191258350226234703e-05,1.218440777570167416e-05,1.251844978067788134e-05,1.290000546159072370e-05,1.326669700107308030e-05,1.357836437904350355e-05,1.401187670232701234e-05,1.442702769295364409e-05,1.477443606286124966e-05,1.522052212198698428e-05,1.574190596818106732e-05,1.613040451965219732e-05,1.663904964675918816e-05,1.723938476505918830e-05,1.780769918267817903e-05,1.825847283208356943e-05,1.887208392021234377e-05,1.960972450206001122e-05,2.011747258042116356e-05,2.082708312069464558e-05,2.169035682147026661e-05,2.249689293465233873e-05,2.309042928698686259e-05,2.410848917954952904e-05,2.505526180668567508e-05,2.572835992751259387e-05,2.675874378058785031e-05,2.805968767798893481e-05,2.882528428356401787e-05,3.004831914889733352e-05,3.161682890387770291e-05,3.305494261106937091e-05,3.395515629895135039e-05,3.553010902004846873e-05,3.761086506437278309e-05,3.863710534527771753e-05,4.055384840660777412e-05,4.313432195679154648e-05,4.547081025079948878e-05,4.666453821358350893e-05,4.990760142139663384e-05,5.283754447791757521e-05,5.418250225150509237e-05,5.742701473722001390e-05,6.205195189129851041e-05,6.354694852067678816e-05,6.769837289100598399e-05,7.374988688579433888e-05,7.921917969041767130e-05,8.077741472291001491e-05,8.690347407375435156e-05,9.618265697829195390e-05,9.769189220988425809e-05,1.059643109029239472e-04,1.187418541246891822e-04,1.306170923673927327e-04,1.313732128870159625e-04,1.493293945549137173e-04,1.664254123542074405e-04,1.658610706718257623e-04,1.856832364201224835e-04,2.168086297196179508e-04,2.482466897182708672e-04,2.431811422888491888e-04,2.885185850932017845e-04,3.366150475340345580e-04,3.254478758948496815e-04,3.844469027406838941e-04,4.617893841803040445e-04,4.438130239392451592e-04,5.315796425910001731e-04,6.226403179070002462e-04,7.079786898051327769e-04,6.946209044542874661e-04,7.022543308699856273e-04,6.554555932022409007e-04,5.799174229979543694e-04,3.427712031046612515e-04,3.184367822410866960e-04,3.086756667992546005e-04,3.457661602543279380e-04,3.457661602543279380e-04,3.035134249656910475e-04,2.436206891039342901e-04,1.917205130775421909e-04,2.451513730482605610e-04,2.581017763519243718e-04,2.723900362155251120e-04,2.742230079549781816e-04,2.918255073474230847e-04,2.767857187129355067e-04,2.610230263939447397e-04,2.448692736484369618e-04,2.659567890681232595e-04,2.465859470154606911e-04,2.306297105202042945e-04,2.385433635293033629e-04,2.212678756074917125e-04,2.032162231964199919e-04,2.031898436808967875e-04,1.882255878107324425e-04,1.727747622284124367e-04,1.612945358853771203e-04,1.574473193474530621e-04,1.467506662933446243e-04,1.357453119723678564e-04,1.314268775922984177e-04,1.229640975499967368e-04,1.143069057558036248e-04,1.075458488796636117e-04,1.035543436071181594e-04,9.675886880471494945e-05,9.134777055931120099e-05,8.785830255777975846e-05,8.303358811604486683e-05,7.814492098416382659e-05,7.413270296310336418e-05,7.127782201953996319e-05,6.736062950770661491e-05,6.409545453097194475e-05,6.167273389548625425e-05,5.875508876208815643e-05,5.582368151227991597e-05,5.376730636728074239e-05,5.136610704468208761e-05,4.895904481691546129e-05,4.688134929710121955e-05,4.521458077891324069e-05,4.321964274585712184e-05,4.147898779532193639e-05,4.005321204048301558e-05,3.848115203666307792e-05,3.691535824635617245e-05,3.552750118363064196e-05,3.435763484495146629e-05,3.303300065017398645e-05,3.184908655005001755e-05,3.083699279220075169e-05,2.975926166326667752e-05,2.869118890733737105e-05,2.781116079747373684e-05,2.688253844621870775e-05,2.596336071965198901e-05,2.512647433923522792e-05,2.438932517499883189e-05,2.359331190184430697e-05,2.286424331200804678e-05,2.221626189412109040e-05,2.154574676421020313e-05,2.088433105967044627e-05,2.027336519315419387e-05,1.972330893979993457e-05,1.914286591745327788e-05,1.860416473820537022e-05,1.811587152763572301e-05,1.761735320491014130e-05,1.712682896999686251e-05,1.669166451568498445e-05,1.624902080659279354e-05,1.581371319446254871e-05,1.540545536328438126e-05,1.502980494368868893e-05,1.464992158907601653e-05,1.427678768732087149e-05,1.393924170330095892e-05,1.359878627493668049e-05,1.326449614219292234e-05,1.294833570484617162e-05,1.265399767781128671e-05,1.235342983747625601e-05,1.206835762425142729e-05,1.180194695105830571e-05,1.153488405624672128e-05,1.127292770280862594e-05,1.102348935125895450e-05,1.078909246009256708e-05,1.055174854249383231e-05,1.032522196425058570e-05,1.011169692818961592e-05,9.898611338299176084e-06,9.689730436769778069e-06,9.494723083992087236e-06,9.300357760684118880e-06,9.109836702137333634e-06,8.927060743041558872e-06,8.753568537203747885e-06,8.579346042380439879e-06,8.411907543252008214e-06,8.252598812665013097e-06,8.094289877924931356e-06,7.939147833402352631e-06,7.789678598135399711e-06,7.646984829985329428e-06,7.504326512224441620e-06,7.366679473394748370e-06,7.235013926276124363e-06,7.104465234202311495e-06,6.976530190812417746e-06,6.854805496696168362e-06,6.734184394460519715e-06,6.615965162750647687e-06,6.501521221555943440e-06,6.391561440273861656e-06,6.282713400653125414e-06,6.176029252897074438e-06,6.073947091462809723e-06,5.972939633006740801e-06,5.873925298262505536e-06,5.777806156680648431e-06,5.685106030850561748e-06,5.593051724385418281e-06,5.503599733329750673e-06,5.417215974514531983e-06,5.331833676688150008e-06,5.248111951189704501e-06,5.166646581697109913e-06,5.087828417844130880e-06,5.009699213460186307e-06,4.933610560265259224e-06,4.859911308156709340e-06,4.787122662835416442e-06,4.715723597917168502e-06,4.646716063817658109e-06,4.578572772433944720e-06,4.511716898833002303e-06,4.446483788297273590e-06,4.383136707272658925e-06,4.320450474916090793e-06,4.259243166309098322e-06,4.199750718787866174e-06,4.141030844386730159e-06,4.083395688839433552e-06
3.172423530051555846e-06,3.217334889263276393e-06,3.262394617994796732e-06,3.309206314075714416e-06,3.357033405700977522e-06,3.404017131522365569e-06,3.454881153947496009e-06,3.505879103426741419e-06,3.558016516199590027e-06,3.610225846494028706e-06,3.664678037576145554e-06,3.720374178435867190e-06,3.776104193957448782e-06,3.834326076803936768e-06,3.893908552035742038e-06,3.951955367631500339e-06,4.015821067375427901e-06,4.079655689483193938e-06,4.145030746023470072e-06,4.210276945873381456e-06,4.278773159331508529e-06,4.348962449793365618e-06,4.416817883181675409e-06,4.492557382402635174e-06,4.568039537851583938e-06,4.645452287168186083e-06,4.722463895411732654e-06,4.803777901298580651e-06,4.887225335517718906e-06,4.970131115394672849e-06,5.057885590807754256e-06,5.148003436562153596e-06,5.240573626828927723e-06,5.332292476084931981e-06,5.429801494539365808e-06,5.530037070593786611e-06,5.629185328820160367e-06,5.734905200011928922e-06,5.843664902438460257e-06,5.946107418038805262e-06,6.065915380247104194e-06,6.184180258662652696e-06,6.305986017980343916e-06,6.425800962254930080e-06,6.554695668922266479e-06,6.687566941925633763e-06,6.810767036948893253e-06,6.958780983679701931e-06,7.104080176612996441e-06,7.254062952516293689e-06,7.400545363845880174e-06,7.559848562277437806e-06,7.724455785626028844e-06,7.884736715750574916e-06,8.059874730142964054e-06,8.241042384472829852e-06,8.404340570414502076e-06,8.609971689778271497e-06,8.809962851250356214e-06,9.017190278205828506e-06,9.216923214241701210e-06,9.438395863535077541e-06,9.668180183466709897e-06,9.869641041843048112e-06,1.013477353922115329e-05,1.039045741163323047e-05,1.065628001672553653e-05,1.090904914953448579e-05,1.119460924683856285e-05,1.149195799415995468e-05,1.177303279221665592e-05,1.209322774542135723e-05,1.242720706967574882e-05,1.277585146523878405e-05,1.310137469393779172e-05,1.347814988804036820e-05,1.387222880960431029e-05,1.423717480792386436e-05,1.466424396713267677e-05,1.511186921483805569e-05,1.546505786896024273e-05,1.600912772594314604e-05,1.652027651707983061e-05,1.705791545113936235e-05,1.754172182722567392e-05,1.812876746172162844e-05,1.874790226332525298e-05,1.920163672204798876e-05,1.997609891577440202e-05,2.069374808508811812e-05,2.145414361407502356e-05,2.211063678286079588e-05,2.294841807660570170e-05,2.383926764413741979e-05,2.459327490481330250e-05,2.557894761981916986e-05,2.663126094930015543e-05,2.729111929782940737e-05,2.867103039660640884e-05,2.992539963152977491e-05,3.127431376888065476e-05,3.233537519449344925e-05,3.384565826382209810e-05,3.547887957396956855e-05,3.632727754543192206e-05,3.855531043654520306e-05,4.055649042687133027e-05,4.274345145794065926e-05,4.427212387958332103e-05,4.675700530065614042e-05,4.949480469260123975e-05,5.129036361395844686e-05,5.442203856949698353e-05,5.790539124347471295e-05,5.900426078164589070e-05,6.402565100324508339e-05,6.853884393602200449e-05,7.365338173985472759e-05,7.623531899100970447e-05,8.220263254956796512e-05,8.906283931104230637e-05,8.990675180557457116e-05,1.000718107997887701e-04,1.095035574832305434e-04,1.206532078996353988e-04,1.238777745583750868e-04,1.371938973515845854e-04,1.532562896070635615e-04,1.561876313814790688e-04,1.755043151407767476e-04,1.992998421846896935e-04,2.289517284227384928e-04,2.295277407810353222e-04,2.655777490404072501e-04,3.110812008194165416e-04,3.068226315036895078e-04,3.617907744156081008e-04,4.304120547672910424e-04,4.247067140650054307e-04,4.991130202478630956e-04,5.908287598989553401e-04,6.791941784592435199e-04,6.692170109498695374e-04,7.271215623537622503e-04,6.979479255866164432e-04,6.811983529490400497e-04,5.994639379717399408e-04,4.270406701937067419e-04,3.651385429766430715e-04,4.819891786973381728e-04,4.860177449898221572e-04,4.860177449898221572e-04,4.540115564790943455e-04,3.371609207583992442e-04,2.811647815236829884e-04,2.868341968732938431e-04,2.838222122395261731e-04,2.753202554596043301e-04,2.829281953309721533e-04,2.644075604159001327e-04,2.773680262334451085e-04,2.559113543392077116e-04,2.342113979036589263e-04,2.183370425349338340e-04,2.312837961316101146e-04,2.133010747970841042e-04,1.981718492066583323e-04,2.036404900499680208e-04,1.882025476839228157e-04,1.749537664270481459e-04,1.742140802860323620e-04,1.614792027289436755e-04,1.503930028687961243e-04,1.406102742877659456e-04,1.368459924040787772e-04,1.278761867982862238e-04,1.198800111716734335e-04,1.157391846183945713e-04,1.085805408645291559e-04,1.021387159100805024e-04,9.549514138389435811e-05,9.252389478680070594e-05,8.734652789089592689e-05,8.262059717169255334e-05,7.930500302836633586e-05,7.512759860913861777e-05,7.128980497260171988e-05,6.736413016304288826e-05,6.504364455987362182e-05,6.190733833633133845e-05,5.899972396078518254e-05,5.669395737370564272e-05,5.411124589769783098e-05,5.170569072436331288e-05,4.974264637617265759e-05,4.759852576705929150e-05,4.559305098594737261e-05,4.356626215368591476e-05,4.212395452020329170e-05,4.043915200710496594e-05,3.885447813233538469e-05,3.749191634006199318e-05,3.606593291915433726e-05,3.472039836802499560e-05,3.337067793154749519e-05,3.233158208011576904e-05,3.118128093311215999e-05,3.009134715817974670e-05,2.912308890310244861e-05,2.813332328828401126e-05,2.719313706638805728e-05,2.635010151059129772e-05,2.549327584333724794e-05,2.467748833401810435e-05,2.386527934361172481e-05,2.319405968167264088e-05,2.248229658082584586e-05,2.180261276889806414e-05,2.118133291930524489e-05,2.055710893928616712e-05,1.995989812535936133e-05,1.936779451513413020e-05,1.886070647347590015e-05,1.833348430495923656e-05,1.782786583300299856e-05,1.735922051092269399e-05,1.689172346540206227e-05,1.644268338363454848e-05,1.602466280234107521e-05,1.560840174717377391e-05,1.520799388191580530e-05,1.482262937384361592e-05,1.446168723481350656e-05,1.410328505022066978e-05,1.375789416915295842e-05,1.343330074381696035e-05,1.311134799201933413e-05,1.280070104175133513e-05,1.249455875398761878e-05,1.221767265434901150e-05,1.193735291107098498e-05,1.166645249832898450e-05,1.140996549321154404e-05,1.115622467259102713e-05,1.091075055410031474e-05,1.066919602018514427e-05,1.044740499949397368e-05,1.022433004645128521e-05,1.000823171574038569e-05,9.802406995186039370e-06,9.599134676069205269e-06,9.402038648828614587e-06,9.213933293097206726e-06,9.028227224937954192e-06,8.848007200299219151e-06,8.670878585627610750e-06,8.505610828510306256e-06,8.340425634424681394e-06,8.179942531166059578e-06,8.026082197286111441e-06,7.874331681936893169e-06,7.726788097510638674e-06,7.581856171628280473e-06,7.445399112433221844e-06,7.309462208521959685e-06,7.177164799427716458e-06,7.049843585812123183e-06,6.924345650209799187e-06,6.802124915115910020e-06,6.684344175367182373e-06,6.568258936991576134e-06,6.455132082577488801e-06,6.344863899764898314e-06,6.238400461087228447e-06,6.133500226014565145e-06,6.031188889081645284e-06,5.932294449588116598e-06,5.834853348642728172e-06,5.739762118961096621e-06,5.646385883452209278e-06,5.557084006017625400e-06,5.468558519661273984e-06,5.382103955287708875e-06,5.298318062350190774e-06,5.215775626085691350e-06,5.135122194177064626e-06,5.055916656197686073e-06,4.979805138216250853e-06,4.904452030881571628e-06,4.830774280841355563e-06,4.759208593879682933e-06,4.688707335520719145e-06,4.619741093658488378e-06,4.552696493843451196e-06,4.486644571548931941e-06,4.422001575886430640e-06,4.358498395651185450e-06,4.297145708387488890e-06,4.236476481523915853e-06,4.177066897362219963e-06,4.119203456794378973e-06,4.062192787118245832e-06
3.155662849464886344e-06,3.198321488440450740e-06,3.243764587308065612e-06,3.291331595774722262e-06,3.336628300729858765e-06,3.385031456307925657e-06,3.434498999721131000e-06,3.486445911941531733e-06,3.535571201113561399e-06,3.588354647648900655e-06,3.643904416513274322e-06,3.696202572807472151e-06,3.752601631444681669e-06,3.812093469207622408e-06,3.867835674689993960e-06,3.928184361052462949e-06,3.989965254081473852e-06,4.055396289217482216e-06,4.116155757146080990e-06,4.182398832388690682e-06,4.252744794547687721e-06,4.317692400575107137e-06,4.388832668299379285e-06,4.461761456484405588e-06,4.539573924174464625e-06,4.610638419810313309e-06,4.689137699697610602e-06,4.773158164224624413e-06,4.849357779955106673e-06,4.934002417053404881e-06,5.024904069628441901e-06,5.114450069204721028e-06,5.198168265620257688e-06,5.292119742819978239e-06,5.393616224121444937e-06,5.483685805072924217e-06,5.585453318917195647e-06,5.695826637878174663e-06,5.792881497693866685e-06,5.903344840018021375e-06,6.017055025600192479e-06,6.141249538274742425e-06,6.248567746706626520e-06,6.372371010479987150e-06,6.508217028449045351e-06,6.624292519175658446e-06,6.759402759273322689e-06,6.898786656915929551e-06,7.053007847119004154e-06,7.181972917856199460e-06,7.334618001631192452e-06,7.504438242911499049e-06,7.644488788278791386e-06,7.812107628162889792e-06,7.999673765730201962e-06,8.152051363059827755e-06,8.336638650865503517e-06,8.527775459438441120e-06,8.743927143525418070e-06,8.914477985401745211e-06,9.125868817625865036e-06,9.366574300911325901e-06,9.552953467822610160e-06,9.787519531788816911e-06,1.003120400101590494e-05,1.031218699127563220e-05,1.052187451230041451e-05,1.079364380400789727e-05,1.110956726734710421e-05,1.133975589824764209e-05,1.164402809899721855e-05,1.200080058031220145e-05,1.233587021599288437e-05,1.259612072530615507e-05,1.295359925212574986e-05,1.337946381004286091e-05,1.366643167154620786e-05,1.407096592541593849e-05,1.455780510600704761e-05,1.487488734268836135e-05,1.533496955421590702e-05,1.581841104916426657e-05,1.641120148641034615e-05,1.677179116220119489e-05,1.732605072119237588e-05,1.801376480783678738e-05,1.841358245667678364e-05,1.905294986972051386e-05,1.972961923636716661e-05,2.058768661433263851e-05,2.104262586394164508e-05,2.183116469494613191e-05,2.284468969198462834e-05,2.334965440324131557e-05,2.427568581388991106e-05,2.548274381293618495e-05,2.604311005426672304e-05,2.713988133693507866e-05,2.831750814352463350e-05,2.989187916961472249e-05,3.052247114233148478e-05,3.193796199392630032e-05,3.385876842558827650e-05,3.455193874414173513e-05,3.627235207916780962e-05,3.814859387621373049e-05,4.076103191226495659e-05,4.151449945323462557e-05,4.384135117402216281e-05,4.712585990315332191e-05,4.792576107088427180e-05,5.085506543874319658e-05,5.504001683496881825e-05,5.586358783923873577e-05,5.961378049651863871e-05,6.384685038898421780e-05,6.998875079334011796e-05,7.071591341664984238e-05,7.631220050462719426e-05,8.444418622424528669e-05,8.502020570078756227e-05,9.258966770915755425e-05,1.014736328481435137e-04,1.142143904733784315e-04,1.142758485228406539e-04,1.268261446435082931e-04,1.443213193278409601e-04,1.437937892542488132e-04,1.620190590108735074e-04,1.861538393122776015e-04,2.131384748970725448e-04,2.120371961192268320e-04,2.460362630112765902e-04,2.848513887088553330e-04,2.846399271068478861e-04,3.364027717016806617e-04,3.855827511752186890e-04,3.913559504936752181e-04,4.669685778098600225e-04,5.528028271725613733e-04,5.947069913229249740e-04,6.308455840233773973e-04,6.953872989812061138e-04,6.723529422515527997e-04,7.173631494534117191e-04,6.431457703428903033e-04,4.964489230647155119e-04,4.677712177921572109e-04,5.221818464789648642e-04,5.311052129451110122e-04,5.649448249413933573e-04,5.649448249413933573e-04,5.232985079832130600e-04,4.516605614970516493e-04,3.480043717863088898e-04,2.868408881846037299e-04,2.938050736278495956e-04,2.949204906738834165e-04,2.654417867278449205e-04,2.712114040005112023e-04,2.491266478583840319e-04,2.418295368262639072e-04,2.346103066355527021e-04,2.113422714846197210e-04,1.916480064471431585e-04,1.976620975510863282e-04,1.855267441908251599e-04,1.708259188338890114e-04,1.745918676946267437e-04,1.620562331850732690e-04,1.502608582895551654e-04,1.510412831271716974e-04,1.403248271055955411e-04,1.301543438749587283e-04,1.218422787549221838e-04,1.204326490128954840e-04,1.118948129083218975e-04,1.051191618241181054e-04,1.030580911731575263e-04,9.609059685892573730e-05,9.059880673804236555e-05,8.563105600204181061e-05,8.338587796837209178e-05,7.828988435241675866e-05,7.422691219352806026e-05,7.209877613687300528e-05,6.796094465434729252e-05,6.462690957087409156e-05,6.154979097729951719e-05,5.966696152482375181e-05,5.656400948540726066e-05,5.401090065298867814e-05,5.234065679837852583e-05,4.978099460198076603e-05,4.764953061754212361e-05,4.617971654110788739e-05,4.405321345301283327e-05,4.226180813314663807e-05,4.058068175434850555e-05,3.934091422944147905e-05,3.767706328118383978e-05,3.624955164432550682e-05,3.516322547562139784e-05,3.375523661211982828e-05,3.253535466074205813e-05,3.138125745211434517e-05,3.046490043661982292e-05,2.933352790263066539e-05,2.833856079278245950e-05,2.753209947471100687e-05,2.655901620870587711e-05,2.569637919552952198e-05,2.498452188100822670e-05,2.414258529244308580e-05,2.339065114476710115e-05,2.267333901860469779e-05,2.206623490565557771e-05,2.136895396683218443e-05,2.073927534373291710e-05,2.019948805929490753e-05,1.958823029144151148e-05,1.903290398521787538e-05,1.850075587052703001e-05,1.803614001233661923e-05,1.752105605871846891e-05,1.704891912349948470e-05,1.663277892239892436e-05,1.617618011631311218e-05,1.575559834443647131e-05,1.538172028559085656e-05,1.498961345439173783e-05,1.459920217528059477e-05,1.423699186425216631e-05,1.391098916383793503e-05,1.356159046784551944e-05,1.323612947937949881e-05,1.294127061674648019e-05,1.262745294591001122e-05,1.233404499273710812e-05,1.205063851236289287e-05,1.179140808497694110e-05,1.151847053597104564e-05,1.126189729500833454e-05,1.102599463879473650e-05,1.077894305498873557e-05,1.054598940415747657e-05,1.032041794803872613e-05,1.011144778536987842e-05,9.894412658250415599e-06,9.688851021649293733e-06,9.497628602588820582e-06,9.299846044183721487e-06,9.112040889189544534e-06,8.936667412317439441e-06,8.755961881394428307e-06,8.583963174652715043e-06,8.416919501429258671e-06,8.260060594129271528e-06,8.099385292395493575e-06,7.945927983294239755e-06,7.801377338137495602e-06,7.653746843442178169e-06,7.512466920026651820e-06,7.375012290446238150e-06,7.244945986818033535e-06,7.112724084097780860e-06,6.985829203922278531e-06,6.865446026581385033e-06,6.743351883012274080e-06,6.625979745063743748e-06,6.514363400492307460e-06,6.402693344681275497e-06,6.292638099000844424e-06,6.186586584952894087e-06,6.085383755749352946e-06,5.983305898686332973e-06,5.884801437565386861e-06,5.790612082679010917e-06,5.695768306382470710e-06,5.604122143031685613e-06,5.514641236371169603e-06,5.428831336367281715e-06,5.342655961727542351e-06,5.259228722938166262e-06,5.179088906369298197e-06,5.098714951658168013e-06,5.020815154745085736e-06,4.944663775534121033e-06,4.871334411490297238e-06,4.797946956637609896e-06,4.726704491309472254e-06,4.658003652008892396e-06,4.589320793128100797e-06,4.522579938314758690e-06,4.458133139510807212e-06,4.393765508641746889e-06,4.331159877684050431e-06,4.269865723191789271e-06,4.210563372471449732e-06,4.151425860804400900e-06,4.093832875361786848e-06,4.038046882530044151e-06
3.133735205048393823e-06,3.178965165268112743e-06,3.224055643294168934e-06,3.267755252221423904e-06,3.315977929651333161e-06,3.364002357407158442e-06,3.413087423792994145e-06,3.460413118745595546e-06,3.513108625198898720e-06,3.565481413500450166e-06,3.615808705410947237e-06,3.672181289445367344e-06,3.728139224362966662e-06,3.781718911184965981e-06,3.842117050635681116e-06,3.901991687294300003e-06,3.963296280393923556e-06,4.021598010609872980e-06,4.088076422610604135e-06,4.153808312996654139e-06,4.216046379428524719e-06,4.287552733502220018e-06,4.358144352099991172e-06,4.430525329532645716e-06,4.498489649676112962e-06,4.577656385290753263e-06,4.655569288595690666e-06,4.728333339644109295e-06,4.813863830578592176e-06,4.897881230388105450e-06,4.984168716676021319e-06,5.068478766057603426e-06,5.159248614763579913e-06,5.252540170971202819e-06,5.338196432301469783e-06,5.441693418371059276e-06,5.542760174001523235e-06,5.634883534949980298e-06,5.747509608997576690e-06,5.857230858089023515e-06,5.970224652450207423e-06,6.071791654077731837e-06,6.198689482896757389e-06,6.321743768492040934e-06,6.431350598469842082e-06,6.570265440925342420e-06,6.704598019616900716e-06,6.843259134084870554e-06,6.964610216925375014e-06,7.122565673969333169e-06,7.274481946570269934e-06,7.405906491364587164e-06,7.580004000193145069e-06,7.746902148295671311e-06,7.889474579474785497e-06,8.081957592981275158e-06,8.265852237029543012e-06,8.456439159534724599e-06,8.615275817924163943e-06,8.837543404792240069e-06,9.048481679376950824e-06,9.221433225740151849e-06,9.469242564339096655e-06,9.703504109513312037e-06,9.947166654644970464e-06,1.014062320017409940e-05,1.043060572278101851e-05,1.070265369458538700e-05,1.091406367518199337e-05,1.124056310851414731e-05,1.154553476668797874e-05,1.186416470224157625e-05,1.214620875102564640e-05,1.248957696131056589e-05,1.284907478409830870e-05,1.310916811258134512e-05,1.355132105846445284e-05,1.395891122652264066e-05,1.424443118279478052e-05,1.475076695807445343e-05,1.521532460573199236e-05,1.570475731628349995e-05,1.602591544127596562e-05,1.664477822832294537e-05,1.720747843238086382e-05,1.756045239126442466e-05,1.827986272527616946e-05,1.893103458229270661e-05,1.962274470259941464e-05,2.001830406018534876e-05,2.091997680999459590e-05,2.172935212864497307e-05,2.216294655912949443e-05,2.323041642002914494e-05,2.418534057278370593e-05,2.465948409186982657e-05,2.593370909297224044e-05,2.707065117369008333e-05,2.829849030581366246e-05,2.881780517756384958e-05,3.048881038664060211e-05,3.197444920424334430e-05,3.253202707899927331e-05,3.457546377073904308e-05,3.639449523745711301e-05,3.839369684745155137e-05,3.897201502981557323e-05,4.176719897428858536e-05,4.426864208316896556e-05,4.485574292561775002e-05,4.837615185193139847e-05,5.155535084731397344e-05,5.212249421984100267e-05,5.661248640682453966e-05,6.072314341498663402e-05,6.540799855775872990e-05,6.582774085342028316e-05,7.243873459499415471e-05,7.869184989656598901e-05,7.893180556962937488e-05,8.766298370564182100e-05,9.618831808412165872e-05,1.062608482071538627e-04,1.060636548798370355e-04,1.196754366136101432e-04,1.339193687851080860e-04,1.333435709496779038e-04,1.518012499764510165e-04,1.723365811882546250e-04,1.974380742832721359e-04,1.964964165236795309e-04,2.264754398635463730e-04,2.632318911233808164e-04,2.651948088137359391e-04,3.031405545789461623e-04,3.557464202386919814e-04,3.652973714198912581e-04,4.096319008448362628e-04,4.780066338282138762e-04,5.476093841269900984e-04,5.868555887721313685e-04,6.037520448371907524e-04,6.335859563769150396e-04,6.869368383241985501e-04,6.403975643172820460e-04,5.732435085082919794e-04,4.771013031575324550e-04,5.260043905627745592e-04,5.502505012078532818e-04,5.657631117320125825e-04,5.910231176102332751e-04,5.910231176102332751e-04,5.571946647606367334e-04,4.919309885140103538e-04,4.062375445569261297e-04,3.141248434401170005e-04,2.940202996508684973e-04,2.826420368839821376e-04,2.799215459972478263e-04,2.500304193125078823e-04,2.360935840140983570e-04,2.315104259694885074e-04,2.211798206814862878e-04,2.008496114058061521e-04,1.816636411065880499e-04,1.716120048025385984e-04,1.742947688102590756e-04,1.595264190724952967e-04,1.493498732657197556e-04,1.519567108783892689e-04,1.402478550713136143e-04,1.302996178768414410e-04,1.315088474795311746e-04,1.221268865933164383e-04,1.140209062049425567e-04,1.063355758895014822e-04,1.056671354108844265e-04,9.908835468681603407e-05,9.259132588455197760e-05,9.128351064332211476e-05,8.595771926876595700e-05,8.118194803993394502e-05,7.630715558421903761e-05,7.469149444394377593e-05,7.078009828944443755e-05,6.675541615360890829e-05,6.514011955926730186e-05,6.192528158817112984e-05,5.897314082247517408e-05,5.592042551144370027e-05,5.442021436371855924e-05,5.196453361941724117e-05,4.942548658964652082e-05,4.805924558923453817e-05,4.600445236113892615e-05,4.388235091182796760e-05,4.265461668168240585e-05,4.092415563088777825e-05,3.930382489239449604e-05,3.763717962609607368e-05,3.657783858994970432e-05,3.519889833375906265e-05,3.378395359906829240e-05,3.284312646676332823e-05,3.166244541147976958e-05,3.054677151471467232e-05,2.940771165002828942e-05,2.860184859113910577e-05,2.763812358150725290e-05,2.665663918320460867e-05,2.594072547903435256e-05,2.510372263156651377e-05,2.425334940150726548e-05,2.361621243875580809e-05,2.288548718100133627e-05,2.218876967654206611e-05,2.148411386734914980e-05,2.093544524631404629e-05,2.032292798253192899e-05,1.970472307064871165e-05,1.921388941633030950e-05,1.867296671454763215e-05,1.815475515302007772e-05,1.763372095896536455e-05,1.720811376268241907e-05,1.674775206658161893e-05,1.628567876298614924e-05,1.590266286468474332e-05,1.549209178818874069e-05,1.509724210201075107e-05,1.473505529987597301e-05,1.436753354791514701e-05,1.401359496798481305e-05,1.365993326970575945e-05,1.335699809233139109e-05,1.303864963050272318e-05,1.272095701279323467e-05,1.244601547344568126e-05,1.215875361830033718e-05,1.188128510300365318e-05,1.160502520577321542e-05,1.136227303006434087e-05,1.111085705027118485e-05,1.086078706781141187e-05,1.063925540718255472e-05,1.041080028762119470e-05,1.018957630900498242e-05,9.969935524998588047e-06,9.773004730119200692e-06,9.571252607168601783e-06,9.371099075887707552e-06,9.190469819697985886e-06,9.006015406900703520e-06,8.823151615284492109e-06,8.657131361819964558e-06,8.488090362351133773e-06,8.323908422582496400e-06,8.161352585271414517e-06,8.012451892911063051e-06,7.861530457313999220e-06,7.712183011688072742e-06,7.574711895845937875e-06,7.435686174924185629e-06,7.300414359871314535e-06,7.166685914829660164e-06,7.042700552843949559e-06,6.917752847492369896e-06,6.794278713316712897e-06,6.679341444034303707e-06,6.563711160664040137e-06,6.451024810847722163e-06,6.342758079799913080e-06,6.235556544562096969e-06,6.131020026076041376e-06,6.027821967294463250e-06,5.930869695727116072e-06,5.833728224899081895e-06,5.737853720775132118e-06,5.647503217099064582e-06,5.557086233466788052e-06,5.468798344800839135e-06,5.381705074803790279e-06,5.299256536990380688e-06,5.216908174431506728e-06,5.135686854458173437e-06,5.058598691493635301e-06,4.981676667288000781e-06,4.906475167915565295e-06,4.832328929602234178e-06,4.761689515792126424e-06,4.691310099751776238e-06,4.621924550883646018e-06,4.555677411414920538e-06,4.489722259325929742e-06,4.424703133953446118e-06,4.362498775555477911e-06,4.300609784658704361e-06,4.240012766071948668e-06,4.180287816173016093e-06,4.122978984283031141e-06,4.066023281934524436e-06,4.009888502859221263e-06
3.112728307650442689e-06,3.156425369360638238e-06,3.199838968995211786e-06,3.245360017122967585e-06,3.291870518253149112e-06,3.341062636710792424e-06,3.386507401894562246e-06,3.436075932332112680e-06,3.486755945933738605e-06,3.536905841249658176e-06,3.589803955709665773e-06,3.643915787815052105e-06,3.697370943045982143e-06,3.753900782665925281e-06,3.811758560166676707e-06,3.873578030338514800e-06,3.929307657855511690e-06,3.991262011228421661e-06,4.054722249548315806e-06,4.117073843214583962e-06,4.183517080251826248e-06,4.251616322548406190e-06,4.325025738280905846e-06,4.389743823004095321e-06,4.462941209395311081e-06,4.538031112446553860e-06,4.611309985057730711e-06,4.690122441374235018e-06,4.771028040557775224e-06,4.859151242590474235e-06,4.934763854027846336e-06,5.022095955495195362e-06,5.117635253657380375e-06,5.198674717458113073e-06,5.293125834129998057e-06,5.390263525648007749e-06,5.483901748233111208e-06,5.586259472201909506e-06,5.691616707519764404e-06,5.808368674576857202e-06,5.903929997242608655e-06,6.018452174549138661e-06,6.136483931581681957e-06,6.248910126468691385e-06,6.373681458830951957e-06,6.502402211184585703e-06,6.647210802439627544e-06,6.760638389124346488e-06,6.901367017417371887e-06,7.046775157470544175e-06,7.183153772856458433e-06,7.337417381950436708e-06,7.496995486928539859e-06,7.645645721704273436e-06,7.815220030513812059e-06,7.990854860896371938e-06,8.193425886976879994e-06,8.340188496125173665e-06,8.534089140462589414e-06,8.735326997118312320e-06,8.918629034738033055e-06,9.133394722744019975e-06,9.356624492189737741e-06,9.619717332439762744e-06,9.796625303251068538e-06,1.004514490254635172e-05,1.030410937638869016e-05,1.053303649401672575e-05,1.081078069233220013e-05,1.110074098817631023e-05,1.145108482588667223e-05,1.166528406150787294e-05,1.199135269353650167e-05,1.238930435707135293e-05,1.262269541622984892e-05,1.299107455935797026e-05,1.337780375954847991e-05,1.369988910410016353e-05,1.411815804303314624e-05,1.455841394342046852e-05,1.511165648571871688e-05,1.539476703126539567e-05,1.589881888767178918e-05,1.643182239910768541e-05,1.684800729512764890e-05,1.742867939637713539e-05,1.804481700768069513e-05,1.884393988996084905e-05,1.918473674347647920e-05,1.990207393641831813e-05,2.066795933072735207e-05,2.121289151005156538e-05,2.205459640781381732e-05,2.295742385685043964e-05,2.357100681060321374e-05,2.456713467584604733e-05,2.564116259759655089e-05,2.709495884984699642e-05,2.752274810421089505e-05,2.881337139805101248e-05,3.021838384615303796e-05,3.102915997027524378e-05,3.259737217858701448e-05,3.431681202586385558e-05,3.670032242949123919e-05,3.715667898549640264e-05,3.928880275032559761e-05,4.165783405594699967e-05,4.271100500078494732e-05,4.539349721630176572e-05,4.840330270466828785e-05,4.955969637261394218e-05,5.298875917065165109e-05,5.687845860366130574e-05,6.225034642155196209e-05,6.257644109806207995e-05,6.769701979206368481e-05,7.362015502737502797e-05,7.487122147165830926e-05,8.174618684991535476e-05,8.980672670426309069e-05,1.002517229344075276e-04,1.003272022871645345e-04,1.115262112678438522e-04,1.249367225999472154e-04,1.253722396122982155e-04,1.412381345403695054e-04,1.604546763003213876e-04,1.812324518165476107e-04,1.826094521171552098e-04,2.104341339090578448e-04,2.366571502188680328e-04,2.409744603871892283e-04,2.810329701630167785e-04,3.288256161246815848e-04,3.233408063363687459e-04,3.784301978183149721e-04,4.397704568373697175e-04,4.621388444828662440e-04,4.988768081392561289e-04,5.555751321767889292e-04,5.891614487877145029e-04,6.009429498432827289e-04,6.045009460577947151e-04,5.583833009591968781e-04,5.056608484100522886e-04,5.689712404221710339e-04,5.134806042608792585e-04,5.109973628824894792e-04,5.902305271582953877e-04,5.852038781610248690e-04,5.852038781610248690e-04,5.660616861281191374e-04,4.868285218523132288e-04,4.214819401447434397e-04,3.746122692107830849e-04,2.921588973608783032e-04,2.698628401761822603e-04,2.604204246302851207e-04,2.438861483274433885e-04,2.322708957854240791e-04,2.174206710251206027e-04,1.969832524473404784e-04,1.863131397078385764e-04,1.824015329036140901e-04,1.640867157571846693e-04,1.482081704764314075e-04,1.552526414254038769e-04,1.412722136510622675e-04,1.295776444833158592e-04,1.308915317333610411e-04,1.231035522510231812e-04,1.140677871106757544e-04,1.146285894036680036e-04,1.072602857140747811e-04,1.000888698193846721e-04,9.387263050786211899e-05,9.331336143390594941e-05,8.755923246260914584e-05,8.248856680434435895e-05,8.156295597859968330e-05,7.656248085798761371e-05,7.241144914517411862e-05,6.867161311027228919e-05,6.706505641578947550e-05,6.365271126079306699e-05,6.054810067421966977e-05,5.929298334808592961e-05,5.611592521415010632e-05,5.352882790245340705e-05,5.114344895223029249e-05,4.965846628229706643e-05,4.749165087967196721e-05,4.548168152487802308e-05,4.412925229172605477e-05,4.230388744435164546e-05,4.060177599299201782e-05,3.957499053147662903e-05,3.783994504592656663e-05,3.639065135414160519e-05,3.502950035787873921e-05,3.398834237950967244e-05,3.274735460903930662e-05,3.157761777624789516e-05,3.076528662901980248e-05,2.958478396914983826e-05,2.857428351399579646e-05,2.761708705879000698e-05,2.682915464602612137e-05,2.595171628176712401e-05,2.511833531872704155e-05,2.441856078258401706e-05,2.365285627908640377e-05,2.292382789210259408e-05,2.235628137794730327e-05,2.162988879592216764e-05,2.098922357236067944e-05,2.037724792524767540e-05,1.984280418415080736e-05,1.927732028942617814e-05,1.873612442245730709e-05,1.829199846775665368e-05,1.775689174567421472e-05,1.727635782072659945e-05,1.681528910263411283e-05,1.640168327949915401e-05,1.597337107477111098e-05,1.556176870631271060e-05,1.521090923182584151e-05,1.480640399269987399e-05,1.443765778968097970e-05,1.411967310961617779e-05,1.375786967015196566e-05,1.342640319613177551e-05,1.310679846908970320e-05,1.281282176221329340e-05,1.251391103887103719e-05,1.222534723978317388e-05,1.197007392638389527e-05,1.168814183225268610e-05,1.142683063283540039e-05,1.117416359779710848e-05,1.093877632720413026e-05,1.070147579785360182e-05,1.047178764278675905e-05,1.026456475998958320e-05,1.004086484826862151e-05,9.831517542756463226e-06,9.628612181146956460e-06,9.437723015422256538e-06,9.246438160564394610e-06,9.060873474633696748e-06,8.885742906202489901e-06,8.710545793219877326e-06,8.540443836263046705e-06,8.383815002928576057e-06,8.218611686564271122e-06,8.062336972808807777e-06,7.910440130164139938e-06,7.766068057156915100e-06,7.622191686720127259e-06,7.482241922206353684e-06,7.351907860779846293e-06,7.216182341190119765e-06,7.086983247672855844e-06,6.961189052210514834e-06,6.840943549630712076e-06,6.721442239344516406e-06,6.605013674532845262e-06,6.495582871882253768e-06,6.382773916261689072e-06,6.274820781170151491e-06,6.173044987889287025e-06,6.068459500119287278e-06,5.968193217107708019e-06,5.870364396052821574e-06,5.776263348186347776e-06,5.682983562610872467e-06,5.591920316413826618e-06,5.505463282831931680e-06,5.417279417595419246e-06,5.332382368741499804e-06,5.249442482357111451e-06,5.169373697302609922e-06,5.090107453907107503e-06,5.012629435644139997e-06,4.938640510096929601e-06,4.863624384199198272e-06,4.791146540573426496e-06,4.720257485425822288e-06,4.651613059797359236e-06,4.583720814620184985e-06,4.517286463175635306e-06,4.452886486327435478e-06,4.389206797038356439e-06,4.326867163689886761e-06,4.266943354769756545e-06,4.206571727675392016e-06,4.148002007738968597e-06,4.090632234780147090e-06,4.034882670523807855e-06,3.979789241024997461e-06
3.090045026086401723e-06,3.130497487402284981e-06,3.174555796449673926e-06,3.221208354764435153e-06,3.267301704903795883e-06,3.310970931787792572e-06,3.360766963380463256e-06,3.409890092932531406e-06,3.456216276205130421e-06,3.507336970097667060e-06,3.561866901947343929e-06,3.611060481255913364e-06,3.665651653374807598e-06,3.724064992744122374e-06,3.781414945101478592e-06,3.834736961972863536e-06,3.897410741084827013e-06,3.958824322953931083e-06,4.015578997480748032e-06,4.079636358533800843e-06,4.148804642506300912e-06,4.216332972017568672e-06,4.278032209571126158e-06,4.352557505309329611e-06,4.425150214672786019e-06,4.490981927932381734e-06,4.566829372020524750e-06,4.649603370733056690e-06,4.729883057953080702e-06,4.801666363460578583e-06,4.891273740355138156e-06,4.977949921446518872e-06,5.054735240480065243e-06,5.151945527692902855e-06,5.245712409693373584e-06,5.327944754067494744e-06,5.426176400966355085e-06,5.535285694941550978e-06,5.639971514773919608e-06,5.730037175387260128e-06,5.849073584794279241e-06,5.962914767126606866e-06,6.059621720536834645e-06,6.179120880761807233e-06,6.313907201552269704e-06,6.442022675634957595e-06,6.548249725473247582e-06,6.696251187968520992e-06,6.836409396392106039e-06,6.950762139683459445e-06,7.098199010631580458e-06,7.267496561501033540e-06,7.390742481591288784e-06,7.552640615753361227e-06,7.739924176298899113e-06,7.915323714150174382e-06,8.051210533115517589e-06,8.259080730662154055e-06,8.452932308978844704e-06,8.599718048922775740e-06,8.804324523747136260e-06,9.046226483918582166e-06,9.270015822693283107e-06,9.432104183582739511e-06,9.703068523575567107e-06,9.952600982716002640e-06,1.012797811707071749e-05,1.039204574839100833e-05,1.071210844252063751e-05,1.100436341973297362e-05,1.119800505153531803e-05,1.156039578589307740e-05,1.188977369635277434e-05,1.209937817845347007e-05,1.251166551042854238e-05,1.288470876588409656e-05,1.311158407091689452e-05,1.350813026072854275e-05,1.400777817569935792e-05,1.445622073843623745e-05,1.470545737941052695e-05,1.528165965255281469e-05,1.579685488462019216e-05,1.606570181571484297e-05,1.661557494647436742e-05,1.732997558435708668e-05,1.796470658446358313e-05,1.825647893868164815e-05,1.909373244897081729e-05,1.983615530689463810e-05,2.014779691280580389e-05,2.094462422756772561e-05,2.201159668917909457e-05,2.234228197212378517e-05,2.328478103508663130e-05,2.455946042428931817e-05,2.568921840980331568e-05,2.603246829812518319e-05,2.756799916032375851e-05,2.893423724674221823e-05,2.928627819615895036e-05,3.077192596977090561e-05,3.282343703214070862e-05,3.466765615018024236e-05,3.500290618739245282e-05,3.753360644752585867e-05,3.983628821234271386e-05,4.015082522949161382e-05,4.269772762261840176e-05,4.621921693445880578e-05,4.649227985127271098e-05,4.974780352862125468e-05,5.420624738118734860e-05,5.848203137061608624e-05,5.864412787210368966e-05,6.434160034081216385e-05,6.998673932000399776e-05,7.005364380017087712e-05,7.658128493504705086e-05,8.496962836193700593e-05,9.385203096969055238e-05,9.387078038139826293e-05,1.047810220438257341e-04,1.170095115455843383e-04,1.171880564727609058e-04,1.321205008064771824e-04,1.483694657380050489e-04,1.686969756005123489e-04,1.705634898730876375e-04,1.911649623361203116e-04,2.194610553101274141e-04,2.245978227927846339e-04,2.494338342216837249e-04,2.877242402226683616e-04,3.001756693837724969e-04,3.496891754076675361e-04,3.743709340082689019e-04,4.231658977702868005e-04,4.577997646960691065e-04,4.668739748618000365e-04,5.007824314365759899e-04,5.525900066893848789e-04,5.633074228601340399e-04,5.191593265509618837e-04,4.788811703191344043e-04,5.356309643841991727e-04,5.137536229180707887e-04,4.883211020166586865e-04,5.407981691135873865e-04,5.450158784019356467e-04,5.598430588749878653e-04,5.598430588749878653e-04,5.369395662910051402e-04,4.950659605785470881e-04,4.192906642069654214e-04,3.687887583093706935e-04,3.221290132742372784e-04,2.564347054797232964e-04,2.408226452306785035e-04,2.380747094592365414e-04,2.228224239174468428e-04,1.976117246825854134e-04,1.830649876842167290e-04,1.805153385297137173e-04,1.697336972817909643e-04,1.544665308957253523e-04,1.489282666161761254e-04,1.339558644395347654e-04,1.330462009236987398e-04,1.218679038689503117e-04,1.154055220091085570e-04,1.160124126267695309e-04,1.072292660368835216e-04,1.009280441705795000e-04,1.013887980194359454e-04,9.437777811765423440e-05,8.860044915432634723e-05,8.304570268410361425e-05,8.291917623256350549e-05,7.797033125154220138e-05,7.336887002697761934e-05,7.282248782949186450e-05,6.877291409222901824e-05,6.483638165241405909e-05,6.155705055632101821e-05,6.071739770084067899e-05,5.770812804828961994e-05,5.466205860475357710e-05,5.373370502424240538e-05,5.122532880882600377e-05,4.865218879832971355e-05,4.655093931751539110e-05,4.560850113912203591e-05,4.343522306211360708e-05,4.165472719008008872e-05,4.075150373676257213e-05,3.910615108026913928e-05,3.739525384400599946e-05,3.654964126964756384e-05,3.514723171627447151e-05,3.368782346354326203e-05,3.246798266895532109e-05,3.170533746168071947e-05,3.057498992660371808e-05,2.940088962477329583e-05,2.870496050830204340e-05,2.772719123644604185e-05,2.671333430155794264e-05,2.584570413477418356e-05,2.523097296231629596e-05,2.435139851576034688e-05,2.359230691116061653e-05,2.303558002201290444e-05,2.232931274639386873e-05,2.160189352881469158e-05,2.109799039536643095e-05,2.047653575244747019e-05,1.983806304020002220e-05,1.927538989701736949e-05,1.883268923378301793e-05,1.830746065802153736e-05,1.777037797628369916e-05,1.736924793955109490e-05,1.690232423529268956e-05,1.642599619299704724e-05,1.599864152075483793e-05,1.564541083132658982e-05,1.524516939590365986e-05,1.483860059442870703e-05,1.451753090507607976e-05,1.415856226320212521e-05,1.379468077401301060e-05,1.350234116614363384e-05,1.317932920679554566e-05,1.285254498054136023e-05,1.255343877226344460e-05,1.229431927524825764e-05,1.201288852805756489e-05,1.172915054326020273e-05,1.149225112807996142e-05,1.123716040151497104e-05,1.098040498734787339e-05,1.074263510952185663e-05,1.053156466805334300e-05,1.030716127966161745e-05,1.008193894515118025e-05,9.888159255917766704e-06,9.683456728497763424e-06,9.478286953378621985e-06,9.286431456928436528e-06,9.112871480262447563e-06,8.925493888733133474e-06,8.749701502540185098e-06,8.589708577814714603e-06,8.423124315242462424e-06,8.256734158086117523e-06,8.108993896077083894e-06,7.955842790991600003e-06,7.803026410775455658e-06,7.658565374000978114e-06,7.525277667289239051e-06,7.388027793252698466e-06,7.251318483623288089e-06,7.127773360592901568e-06,7.000986504417011825e-06,6.874801749013279051e-06,6.754754077803149300e-06,6.642767531970962564e-06,6.528437135855423406e-06,6.414809834035357557e-06,6.310641907746190985e-06,6.204573962226778729e-06,6.099225793217674604e-06,6.002189547846442763e-06,5.903621206051312998e-06,5.805779239163352141e-06,5.712022075683844679e-06,5.623512143386829921e-06,5.533938598648328452e-06,5.445116553454726230e-06,5.362403599717124914e-06,5.278854890754195623e-06,5.196044694578096195e-06,5.116352728117105152e-06,5.040604802934641479e-06,4.964316129846171104e-06,4.888762760846408799e-06,4.817766531736798058e-06,4.746370034903526155e-06,4.675685980548647318e-06,4.607416356787905564e-06,4.542155599723979263e-06,4.475936591371360484e-06,4.411898051792960777e-06,4.350563143381999293e-06,4.289098730323306961e-06,4.228301098626324315e-06,4.170591137285555844e-06,4.112821875835251225e-06,4.055692260921040189e-06,4.000282063313896325e-06,3.946973874792318387e-06
3.062628064330136452e-06,3.105334525622037204e-06,3.148960448475234121e-06,3.193534387615164363e-06,3.237276128166504361e-06,3.283716116409036463e-06,3.331188698285636293e-06,3.377666686359739484e-06,3.427166589453917139e-06,3.477793325938747775e-06,3.524886181081884022e-06,3.580067340061192136e-06,3.634132420132904064e-06,3.689471627442748027e-06,3.743256878789548077e-06,3.801077103845202053e-06,3.860294671899477796e-06,3.917667844803046972e-06,3.979597205618141675e-06,4.043062417982954445e-06,4.108119882395141311e-06,4.170774862579625095e-06,4.238901866553773172e-06,4.308784938828312182e-06,4.375820339484013978e-06,4.449074822529216693e-06,4.524270863749417383e-06,4.601485684351212960e-06,4.674997529703677660e-06,4.756056830841661463e-06,4.839356889660601408e-06,4.918263689692511993e-06,5.005809442795916782e-06,5.095849384017250649e-06,5.180671540123814938e-06,5.275411692123631220e-06,5.372936409318015223e-06,5.473370930614372671e-06,5.566997223573299009e-06,5.672857156566426546e-06,5.781981205848557799e-06,5.882991022530249488e-06,5.998160548214499289e-06,6.117004220343120028e-06,6.239704249383445261e-06,6.351757571822256642e-06,6.481507925079183563e-06,6.615623336962486689e-06,6.736984101960193021e-06,6.879014628003128761e-06,7.026005721881505543e-06,7.140390912430856360e-06,7.313583350530543014e-06,7.475151224141479182e-06,7.642706665781327373e-06,7.789909916898804155e-06,7.968045482378646822e-06,8.153062332589510440e-06,8.313449205414166475e-06,8.510494135774122562e-06,8.715486764846253339e-06,8.928943742483576863e-06,9.109288241433236371e-06,9.337239183527630890e-06,9.575048186583082980e-06,9.772409368009274077e-06,1.002687705414536067e-05,1.029289352366352036e-05,1.057131389689798401e-05,1.079454151547042821e-05,1.109341202091914969e-05,1.140695988365381252e-05,1.165231751034755584e-05,1.198968044906069528e-05,1.234453246676097267e-05,1.261469128120262440e-05,1.299743834041151912e-05,1.340118069302295869e-05,1.382781125588393885e-05,1.413575541071649762e-05,1.459778094484367841e-05,1.508763968041156243e-05,1.542789784317002665e-05,1.595993633235761683e-05,1.652612318087500945e-05,1.713004432869990435e-05,1.751929485707348646e-05,1.817842277674476295e-05,1.888456592165762023e-05,1.931530361968956112e-05,2.008865368806447463e-05,2.092120143958797675e-05,2.119137423558804236e-05,2.231268835110552891e-05,2.330318447428388154e-05,2.437892728135353527e-05,2.492199405589498912e-05,2.611206389601409690e-05,2.741278353915748380e-05,2.800893944211411415e-05,2.945417794110838752e-05,3.104488949885859884e-05,3.280343728614387022e-05,3.346979169125956113e-05,3.543919533740273091e-05,3.763408087892086256e-05,3.834611988358904000e-05,4.081678677426131129e-05,4.359459768537690184e-05,4.374706916203466707e-05,4.747950162944272707e-05,5.104711393661737109e-05,5.511878393812160836e-05,5.584443108326573918e-05,6.049703721053565811e-05,6.586030405009500697e-05,6.649456243493622062e-05,7.265707812455206728e-05,7.983195271177520873e-05,8.822867485292054451e-05,8.854037091823086555e-05,9.827873688673828404e-05,1.097704419885554025e-04,1.095933459417951678e-04,1.229708846472410649e-04,1.388442196579313035e-04,1.576873482183070230e-04,1.563835286359838747e-04,1.783414813027593584e-04,2.042691352230988642e-04,2.018096975994509751e-04,2.317626322208365768e-04,2.663706860605247282e-04,2.629756320703930230e-04,3.019173680212659306e-04,3.443606199000984192e-04,3.878160058505616004e-04,3.859646456663442084e-04,4.274650458308664738e-04,4.593632383976231073e-04,4.661154327298706185e-04,4.861211147927067561e-04,4.820546954395680097e-04,4.507336312456150062e-04,5.035386053150977311e-04,4.694966263302948850e-04,4.367041864720996956e-04,5.207592652800483411e-04,5.059079388710470892e-04,5.133687926026111971e-04,5.318099184203394034e-04,5.247523331934387343e-04,5.063112073757104195e-04,4.706964396273413610e-04,4.304443737632067868e-04,3.463892949552580870e-04,3.091179027712053135e-04,2.797256311909180910e-04,2.269206880224951262e-04,2.163176546473070353e-04,2.035257573139608641e-04,1.876246136532706723e-04,1.810309702462991222e-04,1.675890606152288440e-04,1.523128130205525889e-04,1.548882930683921980e-04,1.408097806261991930e-04,1.275138889935950441e-04,1.156902133870536716e-04,1.200528790802619754e-04,1.096152544100890513e-04,1.006697990719023503e-04,1.038281407059771255e-04,9.572900882266050220e-05,8.880265777992321641e-05,9.047695794284164720e-05,8.411245233339007432e-05,7.861790789410455092e-05,7.384485343708847556e-05,7.407227128630337670e-05,6.964555099994485009e-05,6.574638822376841700e-05,6.534612379124732069e-05,6.174267065466037966e-05,5.852879333852413935e-05,5.564055763492247982e-05,5.482607487195277412e-05,5.215877889140939561e-05,4.973748232307602520e-05,4.880564270401283744e-05,4.657767089178566625e-05,4.453775863941683452e-05,4.243389313034107884e-05,4.170790006190633223e-05,3.998029503116464644e-05,3.837963243119793945e-05,3.746526770268194303e-05,3.599413689874763581e-05,3.462339922238038420e-05,3.376770036215714801e-05,3.250797108494983057e-05,3.132844607397193169e-05,3.022078034531691033e-05,2.945522687593334204e-05,2.843522431518595792e-05,2.747366589681948237e-05,2.677628681981083109e-05,2.588989224525491944e-05,2.505143011815052936e-05,2.417768448207355212e-05,2.364504500487366617e-05,2.291067321755011277e-05,2.221272577527436240e-05,2.165959405673021328e-05,2.101359869646074124e-05,2.039810408556670050e-05,1.989824810665599667e-05,1.932760761699182299e-05,1.878267514283921865e-05,1.826167764269084177e-05,1.782473519912206855e-05,1.734042853797071384e-05,1.687650085876446550e-05,1.648105444124303479e-05,1.604904533382323472e-05,1.563448242556999480e-05,1.523631682285700460e-05,1.488939244174355698e-05,1.451768934947471977e-05,1.416013864035850134e-05,1.384506269894191823e-05,1.351070941655329414e-05,1.318862759639770057e-05,1.290196989995818957e-05,1.260028285173981047e-05,1.230928320683582109e-05,1.202842419753055550e-05,1.177498288056442598e-05,1.151131342285059556e-05,1.125653146366930767e-05,1.102494211569769732e-05,1.078538281849449046e-05,1.055364233655740136e-05,1.032935869367905332e-05,1.012339792683007008e-05,9.912079395420548726e-06,9.707356113317498389e-06,9.518325091333768734e-06,9.325160710322968666e-06,9.137848889684111020e-06,8.949648789450638991e-06,8.787056508117274572e-06,8.615286657332316123e-06,8.448513127825895617e-06,8.292667728610252575e-06,8.134808523893009179e-06,7.981416386029448242e-06,7.837523137093141751e-06,7.692146873348190364e-06,7.550775649759762143e-06,7.413257407893179303e-06,7.283545674403739207e-06,7.152999643989711025e-06,7.025921212292858478e-06,6.905691029139840242e-06,6.784916406101739294e-06,6.667270317233968602e-06,6.552642013345760960e-06,6.443717660561656464e-06,6.334612638394360524e-06,6.228239454539289051e-06,6.126911304934806817e-06,6.025556880176042063e-06,5.926680966220268515e-06,5.832280746460200071e-06,5.737974143415666876e-06,5.645921035488221940e-06,5.556048453993765462e-06,5.469964959241850547e-06,5.384133012970810446e-06,5.300289301359494271e-06,5.219830922575515396e-06,5.139682244832175635e-06,5.061349980415051831e-06,4.984778624488290430e-06,4.911102877342218712e-06,4.837818056842461445e-06,4.766146107249024780e-06,4.697077788767230366e-06,4.628423451321504975e-06,4.561248993572098550e-06,4.494666815299550594e-06,4.432021895199004881e-06,4.368982758170757967e-06,4.307265238253546329e-06,4.247580540268284056e-06,4.188349742134632933e-06,4.130336361885897519e-06,4.074165415544718739e-06,4.018447197782301350e-06,3.963852152170630909e-06,3.910349995961315321e-06
3.034666858952249461e-06,3.078704332329772265e-06,3.121897191141219660e-06,3.161991643035685747e-06,3.206847092237397592e-06,3.254942530920451507e-06,3.297365613951422201e-06,3.345144278793248323e-06,3.396548780192253112e-06,3.441473654949119832e-06,3.492434001732184810e-06,3.544576201844650538e-06,3.601011242968198292e-06,3.649503954504421784e-06,3.705227893096841673e-06,3.765777990748604757e-06,3.817229158888542385e-06,3.876869325574842827e-06,3.941945445386257087e-06,4.004849975363355839e-06,4.060514506417943230e-06,4.126066649500271014e-06,4.198120918795429532e-06,4.257296015382827905e-06,4.327727314200817813e-06,4.405518740174885417e-06,4.480125269863840377e-06,4.544287543033252049e-06,4.622155017940050891e-06,4.708895761155644112e-06,4.777234880512180577e-06,4.861265595501868049e-06,4.955393668949173609e-06,5.028245421883300254e-06,5.119106476084168843e-06,5.221483009344295590e-06,5.318439620741482393e-06,5.397664115206269846e-06,5.499102293892822868e-06,5.614588790096535276e-06,5.699192966198097820e-06,5.809458360185504201e-06,5.935838367915417238e-06,6.054265119398055502e-06,6.146407035480457770e-06,6.270532508154320204e-06,6.414499183494154211e-06,6.513042157230241848e-06,6.648799941148149745e-06,6.807459622357297877e-06,6.912916665828201834e-06,7.061809462002592454e-06,7.216134328318903082e-06,7.398937982039465313e-06,7.513907151676293515e-06,7.683916565086021364e-06,7.887018954016061415e-06,8.010134582760969376e-06,8.198035364694091902e-06,8.424498179368435446e-06,8.630708265069981044e-06,8.764766347983667333e-06,8.982041392038916876e-06,9.247994999909597743e-06,9.391476162138657943e-06,9.633844911517304150e-06,9.933356147335621456e-06,1.020271905852285655e-05,1.035835134889360951e-05,1.064297448745309221e-05,1.100057301464585915e-05,1.116670954946633989e-05,1.148779462688116851e-05,1.189520921136221216e-05,1.207227164481983183e-05,1.243634395249475197e-05,1.290286102577939665e-05,1.331669327729969972e-05,1.350622935709684810e-05,1.394592223855865058e-05,1.451865819847255438e-05,1.471892273379425178e-05,1.522507088344571856e-05,1.589031705501267824e-05,1.647766148047285597e-05,1.668746103742861975e-05,1.731518540646827755e-05,1.815187997452237390e-05,1.836960408114848926e-05,1.910604854176156935e-05,2.009402294449921710e-05,2.031742652235113828e-05,2.118886000089205133e-05,2.213362687113104352e-05,2.341147077165300753e-05,2.363006172945608289e-05,2.476530391160608021e-05,2.630254791275238327e-05,2.651560661529952931e-05,2.789438257400372759e-05,2.975764664458313869e-05,3.146627963983530165e-05,3.165190565524330344e-05,3.353385178658983509e-05,3.605201369621951904e-05,3.621296840614902479e-05,3.857321925832860688e-05,4.168674611144264190e-05,4.181440461134874182e-05,4.481544026063426792e-05,4.822394108283177512e-05,5.256705690902486262e-05,5.265135059229070078e-05,5.708862796166262217e-05,6.254707698013340462e-05,6.262724275474694979e-05,6.848903787286684457e-05,7.536607357155857749e-05,8.307003822449549795e-05,8.336742915711867240e-05,9.257007116036701717e-05,1.023275774631480573e-04,1.030619302787551196e-04,1.156184606186697424e-04,1.277135792208692678e-04,1.439068688340248948e-04,1.466765486721332157e-04,1.669587886256501718e-04,1.827871533057114518e-04,1.886205893365893425e-04,2.159210384885295784e-04,2.329438761555168401e-04,2.444830421864880644e-04,2.794313583669135793e-04,2.942030192190931565e-04,3.280976244249311541e-04,3.545665015760088149e-04,3.916658452469659775e-04,3.872457519586442604e-04,4.263528490262623945e-04,4.460935354836539999e-04,4.211047296960430085e-04,4.108436331691822153e-04,4.615050922843450085e-04,4.310600143937242594e-04,4.154020165603037381e-04,4.664178216084282139e-04,4.467926721011350011e-04,4.681258209963594461e-04,4.920871351054731347e-04,4.862460665044815206e-04,4.862460665044815206e-04,4.760269786555559532e-04,4.410721692386069420e-04,3.951651934353106314e-04,3.588964163748787901e-04,2.953540939640577853e-04,2.619588942886743785e-04,2.415382419165558426e-04,1.980750203842860323e-04,1.854473660446914534e-04,1.844868765158844050e-04,1.707847499123273550e-04,1.527353203105508226e-04,1.534944217188429025e-04,1.397172675108472725e-04,1.309514120004883863e-04,1.199211379479834594e-04,1.165639086204418818e-04,1.055937564188118272e-04,1.035989725534476808e-04,9.937858457842192045e-05,9.101974416352384299e-05,9.066817760935817630e-05,8.622230380283205521e-05,7.980562088517848831e-05,7.986039174602015578e-05,7.452323921837871238e-05,7.054203941278223164e-05,6.618814483908557367e-05,6.620083865210954661e-05,6.259812382428966114e-05,5.907860360262449939e-05,5.886785653744942414e-05,5.571992504892885479e-05,5.281180824324758447e-05,5.022951981045957172e-05,4.981523055678810130e-05,4.729420604150561224e-05,4.513266365491881514e-05,4.461763826476158960e-05,4.244896466014578770e-05,4.062637004582212341e-05,3.895214309636488547e-05,3.837708210307402276e-05,3.665467478271446479e-05,3.522339689252862639e-05,3.464073605565125085e-05,3.315895378659125477e-05,3.192893571957112537e-05,3.135892036846904611e-05,3.021371283179292167e-05,2.901946085168339478e-05,2.802209444822524210e-05,2.748356263807819126e-05,2.644810940459801278e-05,2.557865741276128832e-05,2.507286384381075318e-05,2.417209095557431851e-05,2.341082075769019652e-05,2.268921307325837708e-05,2.222772903151249536e-05,2.148388726548125120e-05,2.084751759256188794e-05,2.042094969793190626e-05,1.976723174538822875e-05,1.920386984602016632e-05,1.881079877900974456e-05,1.828242376674919523e-05,1.773351816868844590e-05,1.725468939959963360e-05,1.690199646710132729e-05,1.641490946504806328e-05,1.598705678344231577e-05,1.566311732432746777e-05,1.526081631781820192e-05,1.484578698967062006e-05,1.447719406637237636e-05,1.418724670033379777e-05,1.381571535881339022e-05,1.348371670685162175e-05,1.321736080485351570e-05,1.288369354979771974e-05,1.258378024783326500e-05,1.233891557921546867e-05,1.205589850308185835e-05,1.176662836886927573e-05,1.150426340186290955e-05,1.128464993227048197e-05,1.102290694759350397e-05,1.078431248819502066e-05,1.058196680964266323e-05,1.035625342480746114e-05,1.012694958585369249e-05,9.916318344038639823e-06,9.734292740165431936e-06,9.525429768252028601e-06,9.332752408105253136e-06,9.164568570856498978e-06,8.973850010741791109e-06,8.797201159989552060e-06,8.625754313083608331e-06,8.473915006961988761e-06,8.304731979347865781e-06,8.147077383576336579e-06,8.006360014444348526e-06,7.851004671877191967e-06,7.705740793250748683e-06,7.575154804800755165e-06,7.436949813512265266e-06,7.298086498963292872e-06,7.167579364817788174e-06,7.049030941086322063e-06,6.920878418350003698e-06,6.800088796669133085e-06,6.689742340434629909e-06,6.574575646286792309e-06,6.459256806562309967e-06,6.350095340156465641e-06,6.249538957195901586e-06,6.142638241706628320e-06,6.041196697290312126e-06,5.947322477056680810e-06,5.848054143783549687e-06,5.753637316114443158e-06,5.665892544859675223e-06,5.575613254137756821e-06,5.485546403693155983e-06,5.399588848926116319e-06,5.319207580224475384e-06,5.235248641993101262e-06,5.154962448444337315e-06,5.079623610082721581e-06,5.002713669800912754e-06,4.926147738710589806e-06,4.852719270422004472e-06,4.783464168367347666e-06,4.711841850504515182e-06,4.643038769032615618e-06,4.577959855810116501e-06,4.510870497841785051e-06,4.446319598655142124e-06,4.383131112578713032e-06,4.323111384893871283e-06,4.261537722169064412e-06,4.202156577370813773e-06,4.145618430941152604e-06,4.087766271392993854e-06,4.031898047628357523e-06,3.978585747172346195e-06,3.924851052682680816e-06,3.871542655766340724e-06
3.006899897971217621e-06,3.048622825052269578e-06,3.089070882057609076e-06,3.132498056298262126e-06,3.176885710786169464e-06,3.217444153536632503e-06,3.266012756086234994e-06,3.313296901263460901e-06,3.356186939191506419e-06,3.408117094614471999e-06,3.458555281118414044e-06,3.510178994003469559e-06,3.556377775926132598e-06,3.613435802558156233e-06,3.668614872480208883e-06,3.717552859681461704e-06,3.778799577357007641e-06,3.837868539545605727e-06,3.898420451925271249e-06,3.955605554534684791e-06,4.018939321049566236e-06,4.083908732877428617e-06,4.139949712174575050e-06,4.212943925590198927e-06,4.282772459221322973e-06,4.354484474980426015e-06,4.421133280067347091e-06,4.496319326948587600e-06,4.573596691216302244e-06,4.637986907362108641e-06,4.726019939068746630e-06,4.809456513893669289e-06,4.877935318700999305e-06,4.973532631189604304e-06,5.063803969161131937e-06,5.156799254418294046e-06,5.240732789517688647e-06,5.338609998313098176e-06,5.439545207962720235e-06,5.518551890323751828e-06,5.636114021497498935e-06,5.745925596212341426e-06,5.859362234730327242e-06,5.958868768278616267e-06,6.078635927894659184e-06,6.202511052021996786e-06,6.293804858707100812e-06,6.440765633989531394e-06,6.576411486426740911e-06,6.673741529378773153e-06,6.835868785460181790e-06,6.984837888890011218e-06,7.139474310056677710e-06,7.244941974192111185e-06,7.432160067511766989e-06,7.602793809339164023e-06,7.715200537618035885e-06,7.923458922032140976e-06,8.112396117821098313e-06,8.309399736109508133e-06,8.464668823318357034e-06,8.674646702421816616e-06,8.894036211124391929e-06,9.023239139203932557e-06,9.297040122658812645e-06,9.542371798127224222e-06,9.799612733406948167e-06,9.988446753497619605e-06,1.026400911863760293e-05,1.055368815744980709e-05,1.070058706099348045e-05,1.107042265763263477e-05,1.139826884122738826e-05,1.155339468636808218e-05,1.197540822873845807e-05,1.234845834527312027e-05,1.274366672384573545e-05,1.299566039995047765e-05,1.342262364363886310e-05,1.387655014168542046e-05,1.404697832249325552e-05,1.464326156249200772e-05,1.516808516589094394e-05,1.572956963243167942e-05,1.603813642393227867e-05,1.664926738869386129e-05,1.730601502794814451e-05,1.748333782060295484e-05,1.835889815691455013e-05,1.913330266958632858e-05,1.931076840707269502e-05,2.034597332267121188e-05,2.126707532703286490e-05,2.227035135732288038e-05,2.243563513318983050e-05,2.377874581727310496e-05,2.499048786909707654e-05,2.514415008974958039e-05,2.676084633990682260e-05,2.823962536752864090e-05,2.987693324516723097e-05,3.033443738942702281e-05,3.215896942099128895e-05,3.419346777241490137e-05,3.428635314982316976e-05,3.693648330528075184e-05,3.949446822564431050e-05,3.955472068011893586e-05,4.282465714088859525e-05,4.607972250446037743e-05,4.977997964492160627e-05,4.981375597110368139e-05,5.435753845752485985e-05,5.915844890781848177e-05,5.921243651519736921e-05,6.488678962503827672e-05,7.118440540639647005e-05,7.846893931407383695e-05,7.843365836409842628e-05,8.677125072548018587e-05,9.645872254001210523e-05,9.730259827707525837e-05,1.071508271131022135e-04,1.200735846562156939e-04,1.350844751864605430e-04,1.339330747427494041e-04,1.510903172786785278e-04,1.708482455646105581e-04,1.767505879728761028e-04,1.914120174381823709e-04,2.165731556891673838e-04,2.277093139810611600e-04,2.421464682203182525e-04,2.718391351551305334e-04,3.021094693254640752e-04,3.011140779251976572e-04,3.306396934716376206e-04,3.556183888902500088e-04,3.903850933759479619e-04,3.793475477588890130e-04,3.872613392363250841e-04,3.800600190566591811e-04,4.089475216287543507e-04,3.968242693856606365e-04,3.752157094499401248e-04,4.198424365990732700e-04,4.168517446082832729e-04,4.096320479058825461e-04,4.406284788419228019e-04,4.514095804689874391e-04,4.474929908393221749e-04,4.474929908393221749e-04,4.385824301104789946e-04,4.135748270841702978e-04,3.707790939351319256e-04,3.367743923621372717e-04,2.997945140028272630e-04,2.470430812224806857e-04,2.248550786357419486e-04,2.053677703005586642e-04,1.764807079567564416e-04,1.669992154073235207e-04,1.561078120304603984e-04,1.557355749954604507e-04,1.400641786619318940e-04,1.297304725839682350e-04,1.187285890622006754e-04,1.201703797183400330e-04,1.100754287672970093e-04,1.004793025091137311e-04,9.687146891206361199e-05,9.454990678915380759e-05,8.677875413651547085e-05,8.291609781673018329e-05,8.225509007112684454e-05,7.609022646357275978e-05,7.073115840338522770e-05,7.220973341641668186e-05,6.729699224062187489e-05,6.301213939734348016e-05,5.974801273809748057e-05,5.979688510094368340e-05,5.632123888955770379e-05,5.325045812789614026e-05,5.329576415201406933e-05,5.044506364428413370e-05,4.790031620271728823e-05,4.553305274991266606e-05,4.527201937720267197e-05,4.314526010045074072e-05,4.108198748141954609e-05,4.072200413891639002e-05,3.893164302722534930e-05,3.729480468733216111e-05,3.563924212251007919e-05,3.520688589132499357e-05,3.380944939498868444e-05,3.237336346008752385e-05,3.191824679768535792e-05,3.071859798830713924e-05,2.960220268328276054e-05,2.901469883880447592e-05,2.797928075341556611e-05,2.701074611569105448e-05,2.599600633287679546e-05,2.555034960572776756e-05,2.470620278725774697e-05,2.381974472703508254e-05,2.339388806247128560e-05,2.265481055500513787e-05,2.195592044482477565e-05,2.122191289254034160e-05,2.082588609929278501e-05,2.020929830875155709e-05,1.956244144057190867e-05,1.919207721690223319e-05,1.864596974928799727e-05,1.812554592000609701e-05,1.772929994374671558e-05,1.724378289625764347e-05,1.677999940300124336e-05,1.629628885990745400e-05,1.598328714065731988e-05,1.556856572832706281e-05,1.517109177557082548e-05,1.484749415278801815e-05,1.447542112998829118e-05,1.411817268576106387e-05,1.374830565454834934e-05,1.348674183476264465e-05,1.316467959363348357e-05,1.283213390959685118e-05,1.259047189065390889e-05,1.229928775978095452e-05,1.201859370523813563e-05,1.177610254059294011e-05,1.151210273265823399e-05,1.125727417819781091e-05,1.099602974403755633e-05,1.079447842148321971e-05,1.056253681240733752e-05,1.033824252591646547e-05,1.013885376232084530e-05,9.927222468872552551e-06,9.722344219635926571e-06,9.513652159194669198e-06,9.345052100478429613e-06,9.157479724035615749e-06,8.966814631838072701e-06,8.810510670192136428e-06,8.638404172896095267e-06,8.471386123422786822e-06,8.302200947784903976e-06,8.160496699151663830e-06,8.006792583725883550e-06,7.851370424276089737e-06,7.719679067152388375e-06,7.577948037851587851e-06,7.440126539287513426e-06,7.312345246497450885e-06,7.181406678787155608e-06,7.053984648406467326e-06,6.925705177732696274e-06,6.814112283857696555e-06,6.696095081524578922e-06,6.581132182301655998e-06,6.473348951985065158e-06,6.363855214452997164e-06,6.257125480489786513e-06,6.150070834057093906e-06,6.054945415175226060e-06,5.955699272736159200e-06,5.856264888324556609e-06,5.767294326673713693e-06,5.674863717974524182e-06,5.584635822639502672e-06,5.499048774500733159e-06,5.412836994798544781e-06,5.328633368530855902e-06,5.244507038258923412e-06,5.168020600968874914e-06,5.089327894417634983e-06,5.012412106494136302e-06,4.938977869774220868e-06,4.865335204438686029e-06,4.793319972313818449e-06,4.721535877098520988e-06,4.655408049310208253e-06,4.587893994673053828e-06,4.520643799095407809e-06,4.458420620249913896e-06,4.395047494361581398e-06,4.333007044827017126e-06,4.271280735804287616e-06,4.213797245296554134e-06,4.155467103990958303e-06,4.097464898014505106e-06,4.043252159490053977e-06,3.988347654142087940e-06,3.934544714106272538e-06,3.882603350753681844e-06,3.830866147133379046e-06
2.977958450368252611e-06,3.014586710907825111e-06,3.056490450395024151e-06,3.101807904876494421e-06,3.140455399860479527e-06,3.185041127897046646e-06,3.230632946064672564e-06,3.274252002430996929e-06,3.321753865321191870e-06,3.370355173758195151e-06,3.423478077913950575e-06,3.467328481209930878e-06,3.519210828684143864e-06,3.572341224276696989e-06,3.622540964467685841e-06,3.678007359981932148e-06,3.734845108468331245e-06,3.797737404011036652e-06,3.847642983418202166e-06,3.908542830860847711e-06,3.976275132113165664e-06,4.029119143170238989e-06,4.094479533563968632e-06,4.161576431991820362e-06,4.236873510443927302e-06,4.293824717524162684e-06,4.366019683763753234e-06,4.447511515140148095e-06,4.507890352165773044e-06,4.585716975651931027e-06,4.665780973850594493e-06,4.738152118816461794e-06,4.822216112853560364e-06,4.908779458297628888e-06,5.008148686089545107e-06,5.077265662128926702e-06,5.171058075820648706e-06,5.279469584296797604e-06,5.352846898479088925e-06,5.454704186411563348e-06,5.559875731461994711e-06,5.682915428224037568e-06,5.762094926239306161e-06,5.876726903137534292e-06,6.011864760189717649e-06,6.095946680432401296e-06,6.221222297411750901e-06,6.351002669542615334e-06,6.459374623280158157e-06,6.596669146595192662e-06,6.739113896309222079e-06,6.910721973594660058e-06,7.006883995020962643e-06,7.163718685858369247e-06,7.326855232269664287e-06,7.456289370904671273e-06,7.629545075822476296e-06,7.810095742704998222e-06,8.032723351809623611e-06,8.142112408124023890e-06,8.342682281217813007e-06,8.592199134813100926e-06,8.707894839518921719e-06,8.931595276140503683e-06,9.166003429104149945e-06,9.462018746941155484e-06,9.585094840195511990e-06,9.848317993775562587e-06,1.018361987770735997e-05,1.031301057281936631e-05,1.061002139612590738e-05,1.092341375438944036e-05,1.112710945192987047e-05,1.146399005702328630e-05,1.182057360519922281e-05,1.228478570504358812e-05,1.242581006771220128e-05,1.283392930118178211e-05,1.336885902215454606e-05,1.351447885339126845e-05,1.398454799204543159e-05,1.448687800321651611e-05,1.515174378860962247e-05,1.529844477548185781e-05,1.588349567656512814e-05,1.666059124074501183e-05,1.680800361700812701e-05,1.749466323786076242e-05,1.823722877621316500e-05,1.855387538902699316e-05,1.936647023112602421e-05,2.024990159725531484e-05,2.142401480389076251e-05,2.155768296113334310e-05,2.261844692779451586e-05,2.378231889020627099e-05,2.414392834810849910e-05,2.543015769489599581e-05,2.685035208841223345e-05,2.869959358727083897e-05,2.879926233113898240e-05,3.055082891061828307e-05,3.279368826928016765e-05,3.287665751954480778e-05,3.506098480868594780e-05,3.751554134983915148e-05,3.786352517422581659e-05,4.061859849844954033e-05,4.373655349563267114e-05,4.745525242368603760e-05,4.754515074219231493e-05,5.155058093436273463e-05,5.613134888603020902e-05,5.627800911774633139e-05,6.147849812429488745e-05,6.746153288266102191e-05,7.370932264663870371e-05,7.423005768524243257e-05,8.210741452129355681e-05,8.970169191381199901e-05,9.076568725253492652e-05,1.011858329174906084e-04,1.132473147989487307e-04,1.231176876575469604e-04,1.261281578385243509e-04,1.419833816405010067e-04,1.530579910686453180e-04,1.586035905963686574e-04,1.790114626580990311e-04,2.018230110371839253e-04,2.000745477974895620e-04,2.250793988817348704e-04,2.516935988817941357e-04,2.583376070305123126e-04,2.780180999712488833e-04,3.044212195192053084e-04,3.019811229034888127e-04,3.301827721018890877e-04,3.483177680972769771e-04,3.565716167320547199e-04,3.346666149469582205e-04,3.735010677988583115e-04,3.629461430287871690e-04,3.446713777060771968e-04,3.880905767932403463e-04,3.707313691862283668e-04,3.589474020705208431e-04,4.089146930594618934e-04,4.025835002708644792e-04,4.055277766367817766e-04,4.103235447351307906e-04,4.103235447351307906e-04,4.006200133491244551e-04,3.816853763699127634e-04,3.587258998541737105e-04,3.087586088652327144e-04,2.805057192930079262e-04,2.555199301883322887e-04,2.106543194621835467e-04,1.942807156249189864e-04,1.801502298837128022e-04,1.519434083188024131e-04,1.511980873562787978e-04,1.421148432669498002e-04,1.316390911568025021e-04,1.190145394367216601e-04,1.193590945371061777e-04,1.094628751402740806e-04,1.027182090779801772e-04,1.013566677375804894e-04,9.255964448968455392e-05,8.450204358089534701e-05,8.675289024803623113e-05,7.954402421210163927e-05,7.318113481781774691e-05,7.241491790222023036e-05,6.939461056244346541e-05,6.439633637250825513e-05,6.418413321948540455e-05,6.119380026070370040e-05,5.722393064024480314e-05,5.375460224142127041e-05,5.375820298350684340e-05,5.114557476893395749e-05,4.832654948723186358e-05,4.824543343244193171e-05,4.588875900278776974e-05,4.356694044053745907e-05,4.148774781582273196e-05,4.129941411208255526e-05,3.936616487185225688e-05,3.761811139428274586e-05,3.734368483731143745e-05,3.565123768460918527e-05,3.416939160027541804e-05,3.281082332232200706e-05,3.236395997210211037e-05,3.109870348841577462e-05,2.993032351564228416e-05,2.956420159012000407e-05,2.836607106671705834e-05,2.735559253095508564e-05,2.697983175497608202e-05,2.593391083668615166e-05,2.505538133148336782e-05,2.423178810576725025e-05,2.376742740131726408e-05,2.299979881965472222e-05,2.227701304636978114e-05,2.191583362123965376e-05,2.116107933232109042e-05,2.052408637668000425e-05,1.992060752257487563e-05,1.951398584558409281e-05,1.895032189035084704e-05,1.841465392771565423e-05,1.809256050435072255e-05,1.753520729035149011e-05,1.705803843011511332e-05,1.675555253055745493e-05,1.626043141734378117e-05,1.583391037410225707e-05,1.542587098842780350e-05,1.514836777791724435e-05,1.472727353111166713e-05,1.436058200863085590e-05,1.410201815245280902e-05,1.372486652302909589e-05,1.339434769259237632e-05,1.307658437996808630e-05,1.281500859555128977e-05,1.251623597494399023e-05,1.222853681081036766e-05,1.200981599120913653e-05,1.171661131647753573e-05,1.145544473679730376e-05,1.125231806344620321e-05,1.098699260201110636e-05,1.074930930286121462e-05,1.051963595207269238e-05,1.033517797655834496e-05,1.010307809126129963e-05,9.893298750348051470e-06,9.721944174955545896e-06,9.510532651160461714e-06,9.318490455076848349e-06,9.132399407584686598e-06,8.966186587419233412e-06,8.789999143346373454e-06,8.619104870672130250e-06,8.474254412299040456e-06,8.303214832613917609e-06,8.145957641735503688e-06,7.993221013917780387e-06,7.854055193775449657e-06,7.709064140284260401e-06,7.568124657696964531e-06,7.445217197630834468e-06,7.304967291046354280e-06,7.174675507367671043e-06,7.060018531665256021e-06,6.930593089637892888e-06,6.809932161706840416e-06,6.692427571527066076e-06,6.587652376296977038e-06,6.471272191485230246e-06,6.362194951022227676e-06,6.264234190734098709e-06,6.156353803204623114e-06,6.054937536239429152e-06,5.956017739085653980e-06,5.863082349471787246e-06,5.768643675991830961e-06,5.676475146278325749e-06,5.592347746349459531e-06,5.501509363001832926e-06,5.415506208798400273e-06,5.336589167144414942e-06,5.251914112752642146e-06,5.171551173289133402e-06,5.093016589861535973e-06,5.020391912908620420e-06,4.943205501349264615e-06,4.869684974883877250e-06,4.801403461139238719e-06,4.729202363422054248e-06,4.660287291380079608e-06,4.592861274582275458e-06,4.528397289448908335e-06,4.463719003937163751e-06,4.400409683694996372e-06,4.341029999313395101e-06,4.278979970703194049e-06,4.219465839918837906e-06,4.161176572224294538e-06,4.105163170751851126e-06,4.049152903359752747e-06,3.994273010528630885e-06,3.942380724388500662e-06,3.888673957297465272e-06,3.836947853596245448e-06,3.787904061629580100e-06
2.940648653963463180e-06,2.983478965017445209e-06,3.024927691679581956e-06,3.061779913830375131e-06,3.107478731187575373e-06,3.151587916984199587e-06,3.190439653831859343e-06,3.236193881690336688e-06,3.286275572561688400e-06,3.334386298603492188e-06,3.376041778310508394e-06,3.429680253299207409e-06,3.481053712118303211e-06,3.525023663457093808e-06,3.578376532158171026e-06,3.637507857475068938e-06,3.693836090612703346e-06,3.741035380848552805e-06,3.804636191858641171e-06,3.865016776014807116e-06,3.914893228803363305e-06,3.983429001638548822e-06,4.048264802933370873e-06,4.114868073077405151e-06,4.168452839443689102e-06,4.244739745363889443e-06,4.316449645583500951e-06,4.373122496287551567e-06,4.455743948498623026e-06,4.533103754608846984e-06,4.593065045840535628e-06,4.673661995393356304e-06,4.766372103741440903e-06,4.852569425447439516e-06,4.917014890315504644e-06,5.017999063427679379e-06,5.111489335764664138e-06,5.179693635377741575e-06,5.289964477389879905e-06,5.391608226470033147e-06,5.496689445479820414e-06,5.569924390216632474e-06,5.695312475044292161e-06,5.810003586426843140e-06,5.887475362438027153e-06,6.025334918863864731e-06,6.150866246886560171e-06,6.232795530814873169e-06,6.364096373793487815e-06,6.522623460045885470e-06,6.665846759826422610e-06,6.753484436162102292e-06,6.929146931978342916e-06,7.087156463508514353e-06,7.179629423190563302e-06,7.345250901277808474e-06,7.549875073174952134e-06,7.732575658559272865e-06,7.830881257847179425e-06,8.059657402275483438e-06,8.263142539543120034e-06,8.366400998427916467e-06,8.623158838864209775e-06,8.850750548197211084e-06,9.089872451118818510e-06,9.198449612718819971e-06,9.503958435834125937e-06,9.773345489764487294e-06,9.886431881805600160e-06,1.023298896817753462e-05,1.053801013327570495e-05,1.065522970638159008e-05,1.097755105646170078e-05,1.139736885125072187e-05,1.176615581955763740e-05,1.188581961671246037e-05,1.236782538263233333e-05,1.279162376591874379e-05,1.291325536880958602e-05,1.346944335598330360e-05,1.395962240536010335e-05,1.448538822863030042e-05,1.460442137437403717e-05,1.529781878264430836e-05,1.591282950665904290e-05,1.602943735735827809e-05,1.684073250446631507e-05,1.756565948247436259e-05,1.767724195233967086e-05,1.845798082895026471e-05,1.949318597366236095e-05,2.043303335657154242e-05,2.052901476913838229e-05,2.175825447369021838e-05,2.289074359794539097e-05,2.297378376063362524e-05,2.421171687481147854e-05,2.581873020950292287e-05,2.734309364129392309e-05,2.740200165642027027e-05,2.933813845412783792e-05,3.122047442196999395e-05,3.126389774311438054e-05,3.360770862014265183e-05,3.595452462847065916e-05,3.598812664325333358e-05,3.863525541487399602e-05,4.179035481915906457e-05,4.512879567795196435e-05,4.520073615327516636e-05,4.905310382108184442e-05,5.331496989397818524e-05,5.347241593546374350e-05,5.843403457389747277e-05,6.365425127865353527e-05,6.991800142282547073e-05,7.047803172491922600e-05,7.680580667004893540e-05,8.491515895935072378e-05,8.604553169341431964e-05,9.361304700033469485e-05,1.040976036578415307e-04,1.160488838552169318e-04,1.190907375106352040e-04,1.285402605970719834e-04,1.436936448959316541e-04,1.491241678118324001e-04,1.592449435986677980e-04,1.778153338056062617e-04,1.870562526350085409e-04,2.096230839985235861e-04,2.177725605279458917e-04,2.393117596089836506e-04,2.571991124803282218e-04,2.599535526718338039e-04,2.787362637270390906e-04,3.038139642591506078e-04,2.973810653213913532e-04,3.073459779255116120e-04,3.089757661564605557e-04,3.424797871678892736e-04,3.234533875615088947e-04,3.136206472377855254e-04,3.507354816805328848e-04,3.405557379605524018e-04,3.309282353836361123e-04,3.631717312831232725e-04,3.553129176517307963e-04,3.677816389657583094e-04,3.717547694247117884e-04,3.761494184233305361e-04,3.761494184233305361e-04,3.677281819850560397e-04,3.514971123812818919e-04,3.257656675101539175e-04,3.029978433916003184e-04,2.625681436944547970e-04,2.384296650465898100e-04,2.167184234300149220e-04,1.803837249256350073e-04,1.662255665727708923e-04,1.597557703533560882e-04,1.368581256035754563e-04,1.293042379075657255e-04,1.209692536697170001e-04,1.207325200649888989e-04,1.096997246695111063e-04,1.020110212975695527e-04,1.011292019986853298e-04,9.488987945374018486e-05,8.755475325341369977e-05,8.555662269460671235e-05,7.813285494782117350e-05,7.586982231924413954e-05,7.001712068847009958e-05,6.736281732560096727e-05,6.643538167208901774e-05,6.168146373189922922e-05,5.901290444441455489e-05,5.869421868540574604e-05,5.484286110913571242e-05,5.144530559478057981e-05,4.906314547134331926e-05,4.905434349413388814e-05,4.627473501272643460e-05,4.409597191514381519e-05,4.405658410096809308e-05,4.175960562404093204e-05,3.980332024551775841e-05,3.789340389484761862e-05,3.778182923830348774e-05,3.605395885280233514e-05,3.444854827314269949e-05,3.426494646478943167e-05,3.280178695766017657e-05,3.138774025510129942e-05,3.015102685239070266e-05,2.990329436354662810e-05,2.875558280601161633e-05,2.759972142825614828e-05,2.732000279814895280e-05,2.632891305938207842e-05,2.531352936732859403e-05,2.501674010777994500e-05,2.415626065865218115e-05,2.326411187146620199e-05,2.251465165500393304e-05,2.221038430200119771e-05,2.150555161133905913e-05,2.076651952688111420e-05,2.046603850488532236e-05,1.984532749033859967e-05,1.919210970149980530e-05,1.864095733166963061e-05,1.835129827331145311e-05,1.783084666421944368e-05,1.728206438622912440e-05,1.700492146057575534e-05,1.654136882187056608e-05,1.605270857478784189e-05,1.578956109696689393e-05,1.537521877182887361e-05,1.497948133653784597e-05,1.456330444842197912e-05,1.431880210685180157e-05,1.396306221273940038e-05,1.358968593939661345e-05,1.336003153167706236e-05,1.303927183757470767e-05,1.270338017848638420e-05,1.240926499732189106e-05,1.219814271512475121e-05,1.191909358565281154e-05,1.162818209277184326e-05,1.143084529625082243e-05,1.117738744537368129e-05,1.091385581871185946e-05,1.072957314292036813e-05,1.049877170220000419e-05,1.027588558244536712e-05,1.004521935024478837e-05,9.876745189810975755e-06,9.673027133338689119e-06,9.462748695158653697e-06,9.305552815355902006e-06,9.118934380424092287e-06,8.926796518523297052e-06,8.752400185811147105e-06,8.608774238307979903e-06,8.442650221382536410e-06,8.272337863789112200e-06,8.138257002089788200e-06,7.985281988985727715e-06,7.828809641936422919e-06,7.685047678002002020e-06,7.562432698243844303e-06,7.425262450186175968e-06,7.285482580341861520e-06,7.170868827590680889e-06,7.043972802002437804e-06,6.914921115491363076e-06,6.807707207473083621e-06,6.690111592051152559e-06,6.575602275434046026e-06,6.459525113818829807e-06,6.361214221985462690e-06,6.254845552291559633e-06,6.147204747283319553e-06,6.055074497728960767e-06,5.956112176454136444e-06,5.856127328711935174e-06,5.762179239283879113e-06,5.677503279038109700e-06,5.587509419187189034e-06,5.496821104435477364e-06,5.417312356791722680e-06,5.333286589593209137e-06,5.248726777789536640e-06,5.174003464200886358e-06,5.095441646492974909e-06,5.018665113140876707e-06,4.941568355508394177e-06,4.872641000680010983e-06,4.800724676525244057e-06,4.728589570783002333e-06,4.663679695493380235e-06,4.596230836688856935e-06,4.528647761142539625e-06,4.464159930915323798e-06,4.404131287273393007e-06,4.342132280938694297e-06,4.280114685792168629e-06,4.223471684506040009e-06,4.165159097889788327e-06,4.106879434144574287e-06,4.050994853696608063e-06,3.998478438870817473e-06,3.944675979654839379e-06,3.890978788643447118e-06,3.841327656796779668e-06,3.790592646586978560e-06,3.739992694924956748e-06
2.908811162780966116e-06,2.948773216510534577e-06,2.986507067507063596e-06,3.028070187923615127e-06,3.070572460195026718e-06,3.110489279256181178e-06,3.154727432919060005e-06,3.199992193957675161e-06,3.246321374402587536e-06,3.289405194277909606e-06,3.337679857893903010e-06,3.387122008713864058e-06,3.432792546518937958e-06,3.484353189258034151e-06,3.537197401696680349e-06,3.591376733538827962e-06,3.640809591539873073e-06,3.697379761607369334e-06,3.755423487153180234e-06,3.807936991154132078e-06,3.868597010328861030e-06,3.930887747238793460e-06,4.001693766654895161e-06,4.051886328383362528e-06,4.118855935084179401e-06,4.187718047819728499e-06,4.248409987141740557e-06,4.320547417763949100e-06,4.394794931791882819e-06,4.459473917803326441e-06,4.537334574473887837e-06,4.617555469289816331e-06,4.700255980848268456e-06,4.770766481435888220e-06,4.857632362598140105e-06,4.947286724251178899e-06,5.022596975073904182e-06,5.116877801661105325e-06,5.214305946395890879e-06,5.330014285408094379e-06,5.397399936421918086e-06,5.503547864034181907e-06,5.613471080830162419e-06,5.701606589966112909e-06,5.817570324654835591e-06,5.937839407665978428e-06,6.032257882878380934e-06,6.159312835535381278e-06,6.291299194351123587e-06,6.428540891576302312e-06,6.532167016022252934e-06,6.677478716828599283e-06,6.828854739632677064e-06,6.940062556659843711e-06,7.100594519343408715e-06,7.268159265944003895e-06,7.443275739006258447e-06,7.565569378305676108e-06,7.751764708134696380e-06,7.946791879479288257e-06,8.078178392928573819e-06,8.285922905334767028e-06,8.504054623345250484e-06,8.782390559331476317e-06,8.878033316902266803e-06,9.123124157499083050e-06,9.381572415403029801e-06,9.536902368003701772e-06,9.813633230225249772e-06,1.010632371117527256e-05,1.027307191845549106e-05,1.058716375444809870e-05,1.092044937068792186e-05,1.127480839487348471e-05,1.145772926179268113e-05,1.183946094001758957e-05,1.224681512082187946e-05,1.244239692591523376e-05,1.288234460150574537e-05,1.335366922332235151e-05,1.397317199765710218e-05,1.407250321342251703e-05,1.462161861464533818e-05,1.521388803162853787e-05,1.543899292431051473e-05,1.608342946815081230e-05,1.678174623418757585e-05,1.701815665494821829e-05,1.778031410019505448e-05,1.861026288239235431e-05,1.951666951502857922e-05,1.976450373247264419e-05,2.075916604161077785e-05,2.185120960828665482e-05,2.210269957013508320e-05,2.330514674455975920e-05,2.463255913413667941e-05,2.610248354461701097e-05,2.634739557741681463e-05,2.797558652478821932e-05,2.978870680875948706e-05,3.001508717431709128e-05,3.203052063884106380e-05,3.428740150538667604e-05,3.447749433677588856e-05,3.699487662516512301e-05,3.982906445972883574e-05,4.302850250995555087e-05,4.312933137519366956e-05,4.671805408726097846e-05,5.078784984855363148e-05,5.077847400307324287e-05,5.535572298832506588e-05,6.056541002180173552e-05,6.650168791488494675e-05,6.626787064447923537e-05,7.296396630747166055e-05,8.060053106376935655e-05,8.013263718517338308e-05,8.874379809736724722e-05,9.854236470031113527e-05,1.058850645873600710e-04,1.088118384320379753e-04,1.212559377218786253e-04,1.352108524528154233e-04,1.341178206780849278e-04,1.495540631255818406e-04,1.664791078866146570e-04,1.653170641976669608e-04,1.835787462134939060e-04,2.027564000510275236e-04,2.221540473093836117e-04,2.217357264426148065e-04,2.407952214497745887e-04,2.577971283028430527e-04,2.597409124720792355e-04,2.744157624403533325e-04,2.837621238041537351e-04,2.698973791616863225e-04,2.983518162819168737e-04,2.967462666048169121e-04,2.875770895271356114e-04,3.155676079245060329e-04,3.061901794455696986e-04,2.949153776854627975e-04,3.344081446101567086e-04,3.263783955281807894e-04,3.242116364968814900e-04,3.292661552997484722e-04,3.473776415641769517e-04,3.443919165297046055e-04,3.443919165297046055e-04,3.391699320994430444e-04,3.210584458350145649e-04,3.014678173483773807e-04,2.806528801004320355e-04,2.597708778909046533e-04,2.202781109662106608e-04,2.015964776129777172e-04,1.847220392641506172e-04,1.567315220992602696e-04,1.464544396197165702e-04,1.365511625237089558e-04,1.179729971210598076e-04,1.179921897704947739e-04,1.109251972979475101e-04,1.031810174981087700e-04,1.013264268863198843e-04,9.441149805276728300e-05,8.722159691567861245e-05,8.787407893333493126e-05,8.116826703953652640e-05,7.471188847568997543e-05,6.870587180169801219e-05,7.020479000935801500e-05,6.476468802568791463e-05,5.987086580308273248e-05,6.127500507943327832e-05,5.683538560370641622e-05,5.289899367752633040e-05,5.253357729472816844e-05,5.038623512450059351e-05,4.720959459642342303e-05,4.440474559010266868e-05,4.500559176498540939e-05,4.241880149657111773e-05,4.012278353457942177e-05,4.042303993885071133e-05,3.829526633628229808e-05,3.639333996076169890e-05,3.468662223234194491e-05,3.469866222225495681e-05,3.310690309646466701e-05,3.166691925307142040e-05,3.153743988833819110e-05,3.019321902803300212e-05,2.896775897980284010e-05,2.784558247093457125e-05,2.760147480404203613e-05,2.655072520074608155e-05,2.558188058660294887e-05,2.529117429082790346e-05,2.438414314394992579e-05,2.354262199859297398e-05,2.322811826647558399e-05,2.244031160475760009e-05,2.170535086776900546e-05,2.101741581321282657e-05,2.069446503497955107e-05,2.004929134665818462e-05,1.944263489907653754e-05,1.912437864420209809e-05,1.855531882570404873e-05,1.801805962167574285e-05,1.750958501745975276e-05,1.720599862854009594e-05,1.672828098088055388e-05,1.627465621640707705e-05,1.598558781883987166e-05,1.555919088466189569e-05,1.515309940044751563e-05,1.492350454377400473e-05,1.449801503585118801e-05,1.413327298554835601e-05,1.378443737244211239e-05,1.353328104119563817e-05,1.320464192931418285e-05,1.288964318264411388e-05,1.265474539232092348e-05,1.235774141686536164e-05,1.207249870202952226e-05,1.179824017805154769e-05,1.158411050498488900e-05,1.132511653448598541e-05,1.107567755790097487e-05,1.087621063402606191e-05,1.064044194582828284e-05,1.041302296003787290e-05,1.024612578147206190e-05,1.001218107848919013e-05,9.804351272789406699e-06,9.603447249233094160e-06,9.434727287386757835e-06,9.244370493284731358e-06,9.060132954506031652e-06,8.903089604964587909e-06,8.728358678636632050e-06,8.559054010860007549e-06,8.394911406357998429e-06,8.252103913006861234e-06,8.096210518172355873e-06,7.944920071986386398e-06,7.811848607466906726e-06,7.668027778912059529e-06,7.528324025760033980e-06,7.392557291404137561e-06,7.271309827587578623e-06,7.142074256293194084e-06,7.016376514173648107e-06,6.903197319838265676e-06,6.783439134965394798e-06,6.666868549936342208e-06,6.566855965691161100e-06,6.449969341794048214e-06,6.341688314147472198e-06,6.236176112749946308e-06,6.139466471007664239e-06,6.038728580470493987e-06,5.940501114231481122e-06,5.849955070679597156e-06,5.756093804408187516e-06,5.664513763721754858e-06,5.575134341040085144e-06,5.492076835626312508e-06,5.406573233931346429e-06,5.323075793755846968e-06,5.245138253456152373e-06,5.165198562478163420e-06,5.087091387658193895e-06,5.016488651637281940e-06,4.939051372980284848e-06,4.865891774595328095e-06,4.794355762946121863e-06,4.726920558533927050e-06,4.658309287632251923e-06,4.591187906203000916e-06,4.527708712662250297e-06,4.463285076471268563e-06,4.400230980882799724e-06,4.338505508547343499e-06,4.279857697644376563e-06,4.220556271810628491e-06,4.162479071687957995e-06,4.107152994035668335e-06,4.051318807555539056e-06,3.996614398753843988e-06,3.943007981528538636e-06,3.891748807263102050e-06,3.840166673246762519e-06,3.789599995479279387e-06,3.741144079165561458e-06,3.692456062454139547e-06
2.876226291146728830e-06,2.909535555628182677e-06,2.949571840611537054e-06,2.993637848189322544e-06,3.028639808482370955e-06,3.071228398560063497e-06,3.118327974993084199e-06,3.163146826702652872e-06,3.200488930807994863e-06,3.246936260402848891e-06,3.298731384741879938e-06,3.337999723836951991e-06,3.387580544437985615e-06,3.443170293459385399e-06,3.495575509473092497e-06,3.537484941799209804e-06,3.591854423670976536e-06,3.653389491592037205e-06,3.697481498959336573e-06,3.755750005904217745e-06,3.822101133341015451e-06,3.884006164487927735e-06,3.931055557347145416e-06,4.002744013503119055e-06,4.069356154909834865e-06,4.118859674107508499e-06,4.188088696150752645e-06,4.268299349691093691e-06,4.320384880805596478e-06,4.395069911817480261e-06,4.482211335633915412e-06,4.562255934289143119e-06,4.617751960533761494e-06,4.701055446058428472e-06,4.799434050127188572e-06,4.857777044132247728e-06,4.948154356961034615e-06,5.055701880607094538e-06,5.153316773184765869e-06,5.215307010006901286e-06,5.333192691839245208e-06,5.439722376049209700e-06,5.504770092264214710e-06,5.615897352280992610e-06,5.750943526275566914e-06,5.819130452170997993e-06,5.940855113573575416e-06,6.089980867280924701e-06,6.223203504756371608e-06,6.295115727905492689e-06,6.434382368076051021e-06,6.607319922780442912e-06,6.682369798272608756e-06,6.836209061996245871e-06,7.028775819766525852e-06,7.199117953676802657e-06,7.277483701569551148e-06,7.456046584612405517e-06,7.682482329759237439e-06,7.763646043683417448e-06,7.962894487044544232e-06,8.217402739892905889e-06,8.441055924318347327e-06,8.524432715999560978e-06,8.811612265021687821e-06,9.063747275368198237e-06,9.148987122066627259e-06,9.414778113186796771e-06,9.760022642008818795e-06,9.846533718432815414e-06,1.014831650643797643e-05,1.054210329534846600e-05,1.088848444296620891e-05,1.097368235490511125e-05,1.134103303038955224e-05,1.182303249742638428e-05,1.190709409588032321e-05,1.233067063129152950e-05,1.288691261917970011e-05,1.338198738153891605e-05,1.346011305899568790e-05,1.410502065027840766e-05,1.468386329634933076e-05,1.475706913558145008e-05,1.537882603671901412e-05,1.618984476974233847e-05,1.625622111708014260e-05,1.699180068424917511e-05,1.794373883770708362e-05,1.882623290610228092e-05,1.887849323455780549e-05,1.983944751740851091e-05,2.106059787246679680e-05,2.110260643237764098e-05,2.226406052083885139e-05,2.371414155875269960e-05,2.513141399317811483e-05,2.516198662551890245e-05,2.673400105333150972e-05,2.862730381536314196e-05,2.865615335517864143e-05,3.059948114431949834e-05,3.286728511024088596e-05,3.290726235308985001e-05,3.533000660255821731e-05,3.804988180171408018e-05,4.104603002367119809e-05,4.117102223186877379e-05,4.461018603080209928e-05,4.819510655020161315e-05,4.844507147023764080e-05,5.281400758035812077e-05,5.708944999684359547e-05,6.245460475007191445e-05,6.315005985992326902e-05,6.948697883444842336e-05,7.497987373046993427e-05,7.623395198046769563e-05,8.432674930842671310e-05,9.062885137491727547e-05,1.001930420367538600e-04,1.030850792392959582e-04,1.100445455452772121e-04,1.217966415016983033e-04,1.265549763305905606e-04,1.407214281755793665e-04,1.476886743565683751e-04,1.552118029393379992e-04,1.717996287952424229e-04,1.772329553987422835e-04,1.929390865317205271e-04,2.063312025632841804e-04,2.235055884160540632e-04,2.222364226125481785e-04,2.404751372590451441e-04,2.538012510959100740e-04,2.456381056464074838e-04,2.499904671904506701e-04,2.747392430790817383e-04,2.617223556969128272e-04,2.584243837459239174e-04,2.871969769396384318e-04,2.778680138223354914e-04,2.704197406454909966e-04,2.990523926894156077e-04,2.899643954927243758e-04,2.953782843724656829e-04,2.966719128560126018e-04,3.121744033021433867e-04,3.133939711705344263e-04,3.155329800092508750e-04,3.155329800092508750e-04,3.100945958754382551e-04,2.993575772817572145e-04,2.789467974521507771e-04,2.602131814565358564e-04,2.376505010728031529e-04,2.199455024586874862e-04,1.884398980228239797e-04,1.725543057118529696e-04,1.598603669010469834e-04,1.353326078874367289e-04,1.259206432378769851e-04,1.228128189606275331e-04,1.074100984563761390e-04,1.016308402663007132e-04,1.020517688627542143e-04,9.527355998136410214e-05,8.738672590079289151e-05,8.755794279976530253e-05,8.105770522644903582e-05,7.630353281884574368e-05,7.086710336543042971e-05,6.951464308886612061e-05,6.396655008183429417e-05,6.194546496395079548e-05,6.015169681715459642e-05,5.558195486381497890e-05,5.459343656792629742e-05,5.087362373491282556e-05,4.893792156950445396e-05,4.850118245811543155e-05,4.543593395967430244e-05,4.355533847965385003e-05,4.091974046251123116e-05,4.084451513081840371e-05,3.907903494221835880e-05,3.693038784761009427e-05,3.689284161791760847e-05,3.501136962030789248e-05,3.350173711916811599e-05,3.191386212643732858e-05,3.186934461434995104e-05,3.050997910546296790e-05,2.917598067905622917e-05,2.908740453850876495e-05,2.787243407431154961e-05,2.674255481708551590e-05,2.570847098267938267e-05,2.557347045101059690e-05,2.456941624462347367e-05,2.367833837971251770e-05,2.351256429524457628e-05,2.262269089071574626e-05,2.184943736594145794e-05,2.166260283731387816e-05,2.093899591153808431e-05,2.019949500806089235e-05,1.956842226213653853e-05,1.936558469606335393e-05,1.870907621580056722e-05,1.815217930545780884e-05,1.794443549411751300e-05,1.741860313712937351e-05,1.686721095440403702e-05,1.640034795746759662e-05,1.619219421844353667e-05,1.570012427888473525e-05,1.528294983055786474e-05,1.507881045624744561e-05,1.468307723887819771e-05,1.426466002249603606e-05,1.406665230658379452e-05,1.371140954140896901e-05,1.333560445164685366e-05,1.301370439327007028e-05,1.282516252825814691e-05,1.248684202654731903e-05,1.219556126790518680e-05,1.201563213368156695e-05,1.173842427859043565e-05,1.144600446678869448e-05,1.119186920053645860e-05,1.102331726100325835e-05,1.075832548623196367e-05,1.052669431064794659e-05,1.036719801105996412e-05,1.014639616366433865e-05,9.914869274679044995e-06,9.764257971894280396e-06,9.562418227724087246e-06,9.351313935550723019e-06,9.163943950114396904e-06,9.024376518305688363e-06,8.831466006198958503e-06,8.659295526520856983e-06,8.527901221175570660e-06,8.363463175362582179e-06,8.192711975366565640e-06,8.038980541235231275e-06,7.917598537348241819e-06,7.760711385238887203e-06,7.618751738958238908e-06,7.504602526155869478e-06,7.368837234748951441e-06,7.228843525462164422e-06,7.101180102107176677e-06,6.995836003910918133e-06,6.866576160664489255e-06,6.748176926773302520e-06,6.649103778923236632e-06,6.535720832572320815e-06,6.419554643652069914e-06,6.326350448329485584e-06,6.220967780387369170e-06,6.113233542315432627e-06,6.013492846401587417e-06,5.927416817624268055e-06,5.827337242841001525e-06,5.734342722812361410e-06,5.653288780892462821e-06,5.564066478857774558e-06,5.473345015359123435e-06,5.388576716845368726e-06,5.313626617049539283e-06,5.229027197390868133e-06,5.149728545102283999e-06,5.079060964029934630e-06,5.002879700152246171e-06,4.925778610961018634e-06,4.859106108925590504e-06,4.787709476781464961e-06,4.715561595198786698e-06,4.647426246878340436e-06,4.585621447273524049e-06,4.518018944228103313e-06,4.454011698274331019e-06,4.395612705527262475e-06,4.334009687394599210e-06,4.271990224672179127e-06,4.213043185694268435e-06,4.158803425614727313e-06,4.100514769394388345e-06,4.044991134973054982e-06,3.993659243469325758e-06,3.940155429580456414e-06,3.886458672326133924e-06,3.835140921873986834e-06,3.787368988157556275e-06,3.736762731214579245e-06,3.688306610615907681e-06,3.643023410845679920e-06
2.836370936445262443e-06,2.875096504591116587e-06,2.914702557430239035e-06,2.947890391353517410e-06,2.992271659576922957e-06,3.034419081170728581e-06,3.077566718917701914e-06,3.116704917139403940e-06,3.161620686923887434e-06,3.207634519127964197e-06,3.244699917190839965e-06,3.296947712340223493e-06,3.346093698451416721e-06,3.396499012858213593e-06,3.441111076686634467e-06,3.493687424912430473e-06,3.547655350161000593e-06,3.589053400362941355e-06,3.651243920093686029e-06,3.709127935815163751e-06,3.768625344636109292e-06,3.819688512890087501e-06,3.881888004905305585e-06,3.945883561899277695e-06,4.000057738276125799e-06,4.067025395409803951e-06,4.135998749875886588e-06,4.184449356291845213e-06,4.265766514289858236e-06,4.340264300094844254e-06,4.417128842759114146e-06,4.479495560719027678e-06,4.560142971677658433e-06,4.643456680172733812e-06,4.697278994156784676e-06,4.797294428347749708e-06,4.887824024793583403e-06,4.981546645478096929e-06,5.053608125910366370e-06,5.152239430874825449e-06,5.254503641789897419e-06,5.331242754450264679e-06,5.439003428380157790e-06,5.550914632164040855e-06,5.612862739774118358e-06,5.750761135397644071e-06,5.873610931444380510e-06,6.001549791662177258e-06,6.090566143125336604e-06,6.225870625539294476e-06,6.367056867834711916e-06,6.434249516484990523e-06,6.611505701736632754e-06,6.767883511276164122e-06,6.931614101423330188e-06,7.034969270960209362e-06,7.208850465247301342e-06,7.391339241140773709e-06,7.462597099620594874e-06,7.695636029101214293e-06,7.899913551924131667e-06,8.115183286159157881e-06,8.234962928802351241e-06,8.464683886794456579e-06,8.707454478825987036e-06,8.834832773523946498e-06,9.094429199600010454e-06,9.369606301308989921e-06,9.442419347734278876e-06,9.799699128667307561e-06,1.011328821154540697e-05,1.044743166573407867e-05,1.059324503281951321e-05,1.095264121888981169e-05,1.133696008372043221e-05,1.140420939326883861e-05,1.190493529598706863e-05,1.234970478433113238e-05,1.282818475973813303e-05,1.299139218960488843e-05,1.350946466375937460e-05,1.406907306442999820e-05,1.423825252748212688e-05,1.484579830967046546e-05,1.550484181500851516e-05,1.555035552290985021e-05,1.639564622885347439e-05,1.717736989641423058e-05,1.803123519968188157e-05,1.820545601436302256e-05,1.913953010803854491e-05,2.016445041241986738e-05,2.018557898915276518e-05,2.145844876794989812e-05,2.269795693158594598e-05,2.406767304051379199e-05,2.421978350663498488e-05,2.573004141175719802e-05,2.740641497238635330e-05,2.742111400328033064e-05,2.938693565356090550e-05,3.145323048713187454e-05,3.148496112246308931e-05,3.383111901258016791e-05,3.639485580958172061e-05,3.926908926911725791e-05,3.927177728922887583e-05,4.247111663506754423e-05,4.606832611845887752e-05,4.633446053834157342e-05,4.998815040545163268e-05,5.450581544485295254e-05,5.959541967380970254e-05,5.933181019684514507e-05,6.501158922014510576e-05,7.140435812352762793e-05,7.268306182321220769e-05,7.809949385965152312e-05,8.608506033833532094e-05,9.500170853548410284e-05,9.433906713628210819e-05,1.041875349669262100e-04,1.150532326507560120e-04,1.142588090765424871e-04,1.261073921033212784e-04,1.388992664998444629e-04,1.459669542876016086e-04,1.517350339537993633e-04,1.658924238510176279e-04,1.801419767103795483e-04,1.798992188754955205e-04,1.939419257285898322e-04,2.067526995978050770e-04,2.231249430388834471e-04,2.195109006672382366e-04,2.279221029359719520e-04,2.321386723923219212e-04,2.396066432694767575e-04,2.414757514539018720e-04,2.383344403001339299e-04,2.555067117556980160e-04,2.515731529321844928e-04,2.444621485174211582e-04,2.695995124048517085e-04,2.662518474508625862e-04,2.616900697251667448e-04,2.612690646001565044e-04,2.862377131943158372e-04,2.857436907188808865e-04,2.876309069768817638e-04,2.899224347721831739e-04,2.899224347721831739e-04,2.849218647696178308e-04,2.755524075448947301e-04,2.635738467682643038e-04,2.386051981741050252e-04,2.212218725145212873e-04,2.045319007436614182e-04,1.876196697821844476e-04,1.609545679750551080e-04,1.485250501780096069e-04,1.371080940985980974e-04,1.199358416802049937e-04,1.128186292660693222e-04,1.057963450073402166e-04,9.833226590449169625e-05,9.349716481367448392e-05,8.812805570752070279e-05,8.819427915872399910e-05,8.119671443346647443e-05,7.601722504634474663e-05,7.069459076985334987e-05,7.109657388235724243e-05,6.610471084355715589e-05,6.126647574759258564e-05,5.972659337736418864e-05,5.773204098497884749e-05,5.355774170971190759e-05,4.974302768273998563e-05,5.076396233790752438e-05,4.727619604646562761e-05,4.413830560735643426e-05,4.498929934991184853e-05,4.211087908452412982e-05,3.953666205553873044e-05,3.789506278844331761e-05,3.778904310006714204e-05,3.566771255313388371e-05,3.377077342046446291e-05,3.410928753178198196e-05,3.234863017711498838e-05,3.076708282897518365e-05,2.947999645381106578e-05,2.945955703111546124e-05,2.812907571577482070e-05,2.692336157915513247e-05,2.691990975874312614e-05,2.579133459298099120e-05,2.476194482639692198e-05,2.379835941141992517e-05,2.370783508071776685e-05,2.282240201777939337e-05,2.196363591796020315e-05,2.184375409260407922e-05,2.107698858835913654e-05,2.036648832956919605e-05,2.017115570853651231e-05,1.950303228875320340e-05,1.888060630762104141e-05,1.824192939285330660e-05,1.808121675278649422e-05,1.753307920161724576e-05,1.701843776092047510e-05,1.679471214073202694e-05,1.630964355527869778e-05,1.585231808409469468e-05,1.537099424521822286e-05,1.519749612644289013e-05,1.478942870468820597e-05,1.440238985557246351e-05,1.418513808595033530e-05,1.381961667729751528e-05,1.347184398318088252e-05,1.326226119863742884e-05,1.293366137132927399e-05,1.262013609955328305e-05,1.228733093277173855e-05,1.212323018054669203e-05,1.183969357523039677e-05,1.156807009408684415e-05,1.138082389137185329e-05,1.112364589734403392e-05,1.087674885288065947e-05,1.061546706172876946e-05,1.046578792693347717e-05,1.024077953501517740e-05,1.002410676822776745e-05,9.860533959594052920e-06,9.654962302170417668e-06,9.456682326635341699e-06,9.302867325337450580e-06,9.114606726933252421e-06,8.932752488694023081e-06,8.742010949225537049e-06,8.615490515800106831e-06,8.448343895345056400e-06,8.286541093948499950e-06,8.153817576114874596e-06,7.999873683821371012e-06,7.850675125081635702e-06,7.695350213830852681e-06,7.584114303810930550e-06,7.446279992571302992e-06,7.312469922961864172e-06,7.198159595149094776e-06,7.070594247773733787e-06,6.946634482891514088e-06,6.818519592822584131e-06,6.721126732494487561e-06,6.606100675295612977e-06,6.494174365605483379e-06,6.395629851254119398e-06,6.288722147089998528e-06,6.184612684227163118e-06,6.092074950254823568e-06,5.992558778087340308e-06,5.895575126180804811e-06,5.796234425358491792e-06,5.715855979678656631e-06,5.625379707964529692e-06,5.537114071797328848e-06,5.457025864884527100e-06,5.372502467314421563e-06,5.289991975090051005e-06,5.205950666788498081e-06,5.135561578905134083e-06,5.058329689489130123e-06,4.982870767314486095e-06,4.913303010842383315e-06,4.840920248336172414e-06,4.770160374473914213e-06,4.704587618386663345e-06,4.636666259170255008e-06,4.570233198459504603e-06,4.503004270117777761e-06,4.444568982914864306e-06,4.382125729636491464e-06,4.321007101627930125e-06,4.263718529845233132e-06,4.204959489513975656e-06,4.147420568361368349e-06,4.089418928649352632e-06,4.037932699497730163e-06,3.983705992675813921e-06,3.930572114963507140e-06,3.880312806474825505e-06,3.829154779614209085e-06,3.779007293787187352e-06,3.728622401698487528e-06,3.683118390728248380e-06,3.635742802847364796e-06,3.589277367627837173e-06
2.798770385475012934e-06,2.840238689585015570e-06,2.871597755752004924e-06,2.911236777118229358e-06,2.951804198003217491e-06,2.997305521549912525e-06,3.030583803775381637e-06,3.073795414352720397e-06,3.122534651425848123e-06,3.157388294664123525e-06,3.203485632648795776e-06,3.250749352834010180e-06,3.304575478289024446e-06,3.341543060579591644e-06,3.392084047665324409e-06,3.450001776498213861e-06,3.488711051446749010e-06,3.542849469475842751e-06,3.598478794079393548e-06,3.662911509099246681e-06,3.703915675406360692e-06,3.763670518732107575e-06,3.833354750485033065e-06,3.876257156822234856e-06,3.940570733361539542e-06,4.016098705702908846e-06,4.060968432758908913e-06,4.130333703374944263e-06,4.201877836122446257e-06,4.286903301884293499e-06,4.334262312600104874e-06,4.411693496523435613e-06,4.504402287540723763e-06,4.553831886931280717e-06,4.637839324496524586e-06,4.724777661094908585e-06,4.830177204650110320e-06,4.882097138780104443e-06,4.976805216237917802e-06,5.092503259407604976e-06,5.146503490543378770e-06,5.249971261594684430e-06,5.377333672375112269e-06,5.433394913842320067e-06,5.546776759054087353e-06,5.664805283898683490e-06,5.811903774719645679e-06,5.870110802445293621e-06,6.000118873027167429e-06,6.163315740155997060e-06,6.223325206691546016e-06,6.367042176771541012e-06,6.517441945716309149e-06,6.708385091506328588e-06,6.769803117978463816e-06,6.937084959257594796e-06,7.150759136700531186e-06,7.213368932910630512e-06,7.400212653821164506e-06,7.596989427510637347e-06,7.850597043615756770e-06,7.913232264009776494e-06,8.134617728953560836e-06,8.421099377010312948e-06,8.483777723441611389e-06,8.734077763803602034e-06,9.058926766617914449e-06,9.120994727526705029e-06,9.405461271063172353e-06,9.708299962976177884e-06,1.010238192149715498e-05,1.016097719631879829e-05,1.050824199542494839e-05,1.095970593448544136e-05,1.101548322392243799e-05,1.141607035919103854e-05,1.184648727738070690e-05,1.240344682556528145e-05,1.245215373404169357e-05,1.295371780025579754e-05,1.359849247395621340e-05,1.364168630329482607e-05,1.423005411531361906e-05,1.497938684544744656e-05,1.501601962117694499e-05,1.571096189311424924e-05,1.646859413600460116e-05,1.741448560508657785e-05,1.744100810377335699e-05,1.834608487335816541e-05,1.945578453833976922e-05,1.947650603472769900e-05,2.056550112455768662e-05,2.176588320590841849e-05,2.318648769798425271e-05,2.320865756732044797e-05,2.466949210449869491e-05,2.634729966661090937e-05,2.638013848760386294e-05,2.817011024258822750e-05,3.016353500485923408e-05,3.021399122400295978e-05,3.242133152341161484e-05,3.488810406550952800e-05,3.744451133254333985e-05,3.761983544344827454e-05,4.068798834483429693e-05,4.369629227082934064e-05,4.401640774686380676e-05,4.784703141397878364e-05,5.214995960933957968e-05,5.595505029354163164e-05,5.671912543579098274e-05,6.209943212952469835e-05,6.645697322363146049e-05,6.773299716938179708e-05,7.443711277689682220e-05,8.192187903418611593e-05,8.701879155775133769e-05,8.965719583799805243e-05,9.881568022118956431e-05,1.041097125006270767e-04,1.081932174252973970e-04,1.191174966561325257e-04,1.240941469905324521e-04,1.301997371018616758e-04,1.426565673516933604e-04,1.555532410673887407e-04,1.581416216668180019e-04,1.683207396868972514e-04,1.810625452577164281e-04,1.802559275850994572e-04,1.937544645462771259e-04,2.042011674426738132e-04,2.119583369448716002e-04,2.036723850987796989e-04,2.219329278681617145e-04,2.236772196955551305e-04,2.127270311731148280e-04,2.344125514990671761e-04,2.303580557429656150e-04,2.223302948965965567e-04,2.457318360114953376e-04,2.393121357007804348e-04,2.334782210959353863e-04,2.379520772121958532e-04,2.554409811117001904e-04,2.549749925697329905e-04,2.621979483943621047e-04,2.685021252301620677e-04,2.664125629802748625e-04,2.664125629802748625e-04,2.631320128723258866e-04,2.540131733607668587e-04,2.409940906629711257e-04,2.280706043464073398e-04,2.063040832773308409e-04,1.885374957422535774e-04,1.746752082578530239e-04,1.617905338014982372e-04,1.388195994014725619e-04,1.296744373296277852e-04,1.209433978027663515e-04,1.042703223461530822e-04,1.019365636643197086e-04,9.631755310543964278e-05,8.568860592717301647e-05,8.632678626319748038e-05,8.164474956014482112e-05,7.657244349185161208e-05,7.081223286646886391e-05,7.090580904457753403e-05,6.606442475636785134e-05,6.240345512231133059e-05,6.179950444573905494e-05,5.733797691713236389e-05,5.311302685327319042e-05,5.136823225911856764e-05,5.007719367439219263e-05,4.650562058817565901e-05,4.555033424846368072e-05,4.410913948645973681e-05,4.115485012066076272e-05,4.066893627302231183e-05,3.919976188754277599e-05,3.677196359943583003e-05,3.460097860431573353e-05,3.447116753700371579e-05,3.311571561420425744e-05,3.132643530595040918e-05,3.127032808955861737e-05,3.000927074413333373e-05,2.852206880119086179e-05,2.718363342105191134e-05,2.716300513639640529e-05,2.608245946557342221e-05,2.495359132412105680e-05,2.491244919694951532e-05,2.393615923122292602e-05,2.297548350363782222e-05,2.209755745831834593e-05,2.203276411579552121e-05,2.120853173478183049e-05,2.045058184055223213e-05,2.035691242041331187e-05,1.962249875078289442e-05,1.896347160713887425e-05,1.885001433519167165e-05,1.819373065227244284e-05,1.761703710946162607e-05,1.707894811515778976e-05,1.694761109657690797e-05,1.639534504896284300e-05,1.591944837582257935e-05,1.577921990746471780e-05,1.528476903904306039e-05,1.486181753774917199e-05,1.446252241777318641e-05,1.431591813986661409e-05,1.389586260885426672e-05,1.353808069949698091e-05,1.339032682639132758e-05,1.301247428598266000e-05,1.269067887513581667e-05,1.254398847469198611e-05,1.220349160196119229e-05,1.191304585909773292e-05,1.163561178333288914e-05,1.149221414004756333e-05,1.119858969240467688e-05,1.094673622235565224e-05,1.080753014698942358e-05,1.054134906396340254e-05,1.031207103107685931e-05,1.009173544422410090e-05,9.958694229060943354e-06,9.726661857675138198e-06,9.525161737873198949e-06,9.397606755290797921e-06,9.186018798413997112e-06,9.001311485892738587e-06,8.879430467741023110e-06,8.686081867214590839e-06,8.516389713273260194e-06,8.352327350076777564e-06,8.237756897691913218e-06,8.066956212107619762e-06,7.915708834424853031e-06,7.806822331725454239e-06,7.649897088043339965e-06,7.510196282795762430e-06,7.374692789430343435e-06,7.272928236473153243e-06,7.133123626794656125e-06,7.007601800254161772e-06,6.911157976745051898e-06,6.782075159186490431e-06,6.665604205765716174e-06,6.552342030506059126e-06,6.462479227557992792e-06,6.346615310252787867e-06,6.241259065739675671e-06,6.156200433114112925e-06,6.048743521600908048e-06,5.950594584657362029e-06,5.870095427251214258e-06,5.770272315499218449e-06,5.678705533016717891e-06,5.589411296903816034e-06,5.514509581847382157e-06,5.424098400958126821e-06,5.340620034590526587e-06,5.269730613143940232e-06,5.185415059904291564e-06,5.107271911356878343e-06,5.030944551709465388e-06,4.964973693664868425e-06,4.888178581005808285e-06,4.816598010466887054e-06,4.754126347324577842e-06,4.682256953214988885e-06,4.615048153374987779e-06,4.555867655194927648e-06,4.488519148527564195e-06,4.425342465602591939e-06,4.363517805686888582e-06,4.308373631785509419e-06,4.246610722900027417e-06,4.188402702183914839e-06,4.136112709933993932e-06,4.078057217855267900e-06,4.023196344034921633e-06,3.969448820947674139e-06,3.920663762950952929e-06,3.867194548261467347e-06,3.816464465042085640e-06,3.770151744144220694e-06,3.719751816640394670e-06,3.671823075574035179e-06,3.624820292160208159e-06,3.581548790207041631e-06,3.534950947525130437e-06
2.763730561115679828e-06,2.793379421035760468e-06,2.835118090710972296e-06,2.874375446017904197e-06,2.914578125909485710e-06,2.945954731647131102e-06,2.991804440140465911e-06,3.034656467353859117e-06,3.067448855516408814e-06,3.116592004716999997e-06,3.162340252675793055e-06,3.209284263764777268e-06,3.243952194326224362e-06,3.298297491940350294e-06,3.348542465583358778e-06,3.384752763153150798e-06,3.443272749892395652e-06,3.497148517909082417e-06,3.552564474135017653e-06,3.590771763195320029e-06,3.655977832695615083e-06,3.715575129757136429e-06,3.755430803705908477e-06,3.826013156708552543e-06,3.890241925814777060e-06,3.931789300001648253e-06,4.008360963974442353e-06,4.077734968460340961e-06,4.149385863731243221e-06,4.193011342342764781e-06,4.279378546133320394e-06,4.357055987634206471e-06,4.402405775854740807e-06,4.496676396527433869e-06,4.581105174939648788e-06,4.668624400130809063e-06,4.715950218312844713e-06,4.823360481645891803e-06,4.918901208200363706e-06,4.967873320816167174e-06,5.085916542370520116e-06,5.190529077937711237e-06,5.241084118004544206e-06,5.371184020464070269e-06,5.486096627233380047e-06,5.605968687090029232e-06,5.657968947458991893e-06,5.808603666792139413e-06,5.940996944813225625e-06,5.994208153824363344e-06,6.161541404831937186e-06,6.308309863961009818e-06,6.462269314021052384e-06,6.516039221319133037e-06,6.712338213710210558e-06,6.884105069920664191e-06,6.938351766455376852e-06,7.158302419891693735e-06,7.350765644034101003e-06,7.553988426454767074e-06,7.607269471366825298e-06,7.869019825030809748e-06,8.098415002573793923e-06,8.150914264941150415e-06,8.446949393010645820e-06,8.707170685984516245e-06,8.758196280888435402e-06,9.094253179424951342e-06,9.390974907028127518e-06,9.707691405566636544e-06,9.754179621372924267e-06,1.016280598427967845e-05,1.052712904848939096e-05,1.056995702448882142e-05,1.103845948389761262e-05,1.145996397857562660e-05,1.191389861489647239e-05,1.194885834372184512e-05,1.252782649908682705e-05,1.305808201717342561e-05,1.308699604988645871e-05,1.375740784890863964e-05,1.438065847817759291e-05,1.440274529564703646e-05,1.518180451572264746e-05,1.591896965573012896e-05,1.672353389443808160e-05,1.673626334916254572e-05,1.771965975991146862e-05,1.868094653342867689e-05,1.868892106276863864e-05,1.984121262853605363e-05,2.099689098969975500e-05,2.227023967040838248e-05,2.228312991783215158e-05,2.375491427245961308e-05,2.530028068773229193e-05,2.532739168053964242e-05,2.706033429921124656e-05,2.894588225919618579e-05,2.900563450239683892e-05,3.113526706192033404e-05,3.335722672635194590e-05,3.593048693474785001e-05,3.611365392854415184e-05,3.872199943619176961e-05,4.189310722710606682e-05,4.222728985497784996e-05,4.527227167541656154e-05,4.918493229007875019e-05,5.354730353236519769e-05,5.432546056539923308e-05,5.811142248271993719e-05,6.347532295125792425e-05,6.475370732969170696e-05,6.901822257416200446e-05,7.556373958793636625e-05,8.277643540588411222e-05,8.534371186998846598e-05,9.013259673553942412e-05,9.870187193240362777e-05,1.026043622677493770e-04,1.073525634613398404e-04,1.171967475604949327e-04,1.229289602674544873e-04,1.270242093352657784e-04,1.377128127267467268e-04,1.484250179511121029e-04,1.577616130920396432e-04,1.588479769714389619e-04,1.686241611759091571e-04,1.808308261069662424e-04,1.784422765792706726e-04,1.855130278921418270e-04,1.900055059448076231e-04,2.061762730629099834e-04,1.976655725367797308e-04,1.973779020200509826e-04,2.162293539255472823e-04,2.070970249300562013e-04,2.033096944855027847e-04,2.236711937130629450e-04,2.185800012080451227e-04,2.145985085653898681e-04,2.118337134347869990e-04,2.284760063919397653e-04,2.331231288170373158e-04,2.344053141173925545e-04,2.436750960558374383e-04,2.467557961708762753e-04,2.452630834462787087e-04,2.452630834462787087e-04,2.423660210923969974e-04,2.354903210222421923e-04,2.232518129767238851e-04,2.115706546401611532e-04,1.968280124570747529e-04,1.764562769844801036e-04,1.632862202132648950e-04,1.510189356819636552e-04,1.401604982169431918e-04,1.208947017530625454e-04,1.124836408152328547e-04,1.077726062215473917e-04,9.390789518720949630e-05,8.884116896769961248e-05,8.818859074548639958e-05,7.910551508611801371e-05,7.534981221008324708e-05,7.126593601327042111e-05,7.132375557174401386e-05,6.616449279273622236e-05,6.223007295831779176e-05,6.185060557292542229e-05,5.846550461902446684e-05,5.467145833651107045e-05,5.097228130676892085e-05,4.986415582466959657e-05,4.816559852979081723e-05,4.490903474611347050e-05,4.361607522791571112e-05,4.264335131474922188e-05,3.986510713712927213e-05,3.851774889823025134e-05,3.799735365031223667e-05,3.566324883066046341e-05,3.355272737653567804e-05,3.228391391896334419e-05,3.212690336756620073e-05,3.036640931113858890e-05,2.917769047454865980e-05,2.911084163791313474e-05,2.763606387690453655e-05,2.630389679850345466e-05,2.527658600687823575e-05,2.526368668404383017e-05,2.413687794672044083e-05,2.320342895918224270e-05,2.318029759122629084e-05,2.222030915660595918e-05,2.137779674455243632e-05,2.055493854535846930e-05,2.051259492115864124e-05,1.975634967013123762e-05,1.904719780831847764e-05,1.898278211314769924e-05,1.832627671029740660e-05,1.768996764394823102e-05,1.760675439995248431e-05,1.703336075804492197e-05,1.649977024494945197e-05,1.596284353601862396e-05,1.586134691541602712e-05,1.539045400357421674e-05,1.490828094928154812e-05,1.479653368471660123e-05,1.437890734641038985e-05,1.398573676044214541e-05,1.357542402272199879e-05,1.345504519974086085e-05,1.310340400611925558e-05,1.273348880787660275e-05,1.260996377551391857e-05,1.229421552514214764e-05,1.196022877745324220e-05,1.183575816557517942e-05,1.155118620171375302e-05,1.127996858966915844e-05,1.099171816448715530e-05,1.086802524368201923e-05,1.062207903935978000e-05,1.036038624120000767e-05,1.023906978341217228e-05,1.001536908187231840e-05,9.800764781299225691e-06,9.572511243104070341e-06,9.455182342661291558e-06,9.259031308847018819e-06,9.050648604084864153e-06,8.937304924596407372e-06,8.757574984237545846e-06,8.566961420285491304e-06,8.457929159784649341e-06,8.292857788143885085e-06,8.133443894693168679e-06,7.964994020720708875e-06,7.861671012419888557e-06,7.714716843834304815e-06,7.559821425564637379e-06,7.461108227668308895e-06,7.325369189119665564e-06,7.193814201620550531e-06,7.055768767325565746e-06,6.962919913737245186e-06,6.841031882119071285e-06,6.713482602763346478e-06,6.625117666767672550e-06,6.511990843607190911e-06,6.402041402858765957e-06,6.287514392800763827e-06,6.204750719437313725e-06,6.102439316984480252e-06,5.996156925359605081e-06,5.917547653408467718e-06,5.822198637888548528e-06,5.723410868306094150e-06,5.648778194748321755e-06,5.559787539083990427e-06,5.473032658401115457e-06,5.383530784188967192e-06,5.313810893870554494e-06,5.232668532064994200e-06,5.149159274308321732e-06,5.082997672343323947e-06,5.007005150023832889e-06,4.932792710267468909e-06,4.856707789199000019e-06,4.794929712442042597e-06,4.725296859295969440e-06,4.654060328504733511e-06,4.595426107656701279e-06,4.530012682539416718e-06,4.463229416634672341e-06,4.407565916732175679e-06,4.346045712634131420e-06,4.285847004594719141e-06,4.224584125898822317e-06,4.172577305133296539e-06,4.115870480011785950e-06,4.058263333398469330e-06,4.008857651981066244e-06,3.955384144553444065e-06,3.902997236061806593e-06,3.849925350460061741e-06,3.803723670024722557e-06,3.754252106950325552e-06,3.704209638781018651e-06,3.660279121254388020e-06,3.613515625108333011e-06,3.567655025771563970e-06,3.521374470984930124e-06,3.480245021156369366e-06
2.719952956022551646e-06,2.756864013319376344e-06,2.794653283054931514e-06,2.837517058520062753e-06,2.866994099537477257e-06,2.907228713536298233e-06,2.948468869270228773e-06,2.983877422933686509e-06,3.026782047076455063e-06,3.070795408967605719e-06,3.121528792329460597e-06,3.153914756374245146e-06,3.200967145931267484e-06,3.249302756046805139e-06,3.289296208966499541e-06,3.339687110311884746e-06,3.391503160987019624e-06,3.452283401396067732e-06,3.487741095938095947e-06,3.543396488943480987e-06,3.600721311535062252e-06,3.646009843236134715e-06,3.705912289886234864e-06,3.767683758834818414e-06,3.815483372145951791e-06,3.880097587610481372e-06,3.946811258540262204e-06,4.027108247574439858e-06,4.067135419191954012e-06,4.139359392473719052e-06,4.214089798900701451e-06,4.268366867112794992e-06,4.346754802195359452e-06,4.427984266656968170e-06,4.527634709377798804e-06,4.570624195554137966e-06,4.659164696726931352e-06,4.751150017877136273e-06,4.812829189182695485e-06,4.909624619856221580e-06,5.010365004602043094e-06,5.075508330039600784e-06,5.181660423554863316e-06,5.292348829478777876e-06,5.431531534140665747e-06,5.477928114567847306e-06,5.599966676341074323e-06,5.727635378644616872e-06,5.801512560935193079e-06,5.936556471628946751e-06,6.078147483423005570e-06,6.258828031557588071e-06,6.306024216944097017e-06,6.463683995558834341e-06,6.629620126141000039e-06,6.712961637410227799e-06,6.889254362122108785e-06,7.075286653436437555e-06,7.314977939747956318e-06,7.360795098715756930e-06,7.570314250421175263e-06,7.792385135772790614e-06,7.885375815030911585e-06,8.122482413139210072e-06,8.374544499178326469e-06,8.471457447424529975e-06,8.741134006383297604e-06,9.028717523780831168e-06,9.399056237496365436e-06,9.437546378565021113e-06,9.767422013801000080e-06,1.012102066187234446e-05,1.022540124687801152e-05,1.060589650203722433e-05,1.101515807054888556e-05,1.153456368866665141e-05,1.156278467836893131e-05,1.203923790044289375e-05,1.255455268553268741e-05,1.266100850715011630e-05,1.321899248672247849e-05,1.382467517584006887e-05,1.392888419867214290e-05,1.458630132268138118e-05,1.530252089262703605e-05,1.616779311188089449e-05,1.618082675323837720e-05,1.703288951846952169e-05,1.796632699453061841e-05,1.805210147196509692e-05,1.907183075769303278e-05,2.019283005069548391e-05,2.146475299381453476e-05,2.148964719208130598e-05,2.284346168653229842e-05,2.433900805695359798e-05,2.437464947515995324e-05,2.601817363547279468e-05,2.783883935960339103e-05,2.783777201278592143e-05,2.984226915304781749e-05,3.206795909514055645e-05,3.454132256443812532e-05,3.447216693619141036e-05,3.720152996266539813e-05,4.023809732004013899e-05,4.010149433477502634e-05,4.345422387160804734e-05,4.718441121789715062e-05,5.029756804968629893e-05,5.108348015747455663e-05,5.565698272170125981e-05,6.072787388014050180e-05,6.038637002362364691e-05,6.596288188224202619e-05,7.211236304092733407e-05,7.605002356801354008e-05,7.840678230620578529e-05,8.575253658195344548e-05,9.371621406210610297e-05,9.321489295752081160e-05,1.017670089251362546e-04,1.108502109075477308e-04,1.103880765140364677e-04,1.199310512902832735e-04,1.297316317730704991e-04,1.315599343136399969e-04,1.394251532481686454e-04,1.490770785226531515e-04,1.580209674932367653e-04,1.587268343355441595e-04,1.669113361386306306e-04,1.734139818667180589e-04,1.677550714810692283e-04,1.813827598769921455e-04,1.840993580379816279e-04,1.838375851680549438e-04,1.924340876569096521e-04,1.911761167139874743e-04,1.872535059998119470e-04,2.024458607543128954e-04,1.986904735420445085e-04,1.940197731439041230e-04,1.941676479575766721e-04,2.104840594245426378e-04,2.083927699382158644e-04,2.090048799866642596e-04,2.244798505540963418e-04,2.243392588532267440e-04,2.253283806153883362e-04,2.262423853505711750e-04,2.262423853505711750e-04,2.234788137465584627e-04,2.177033844838396220e-04,2.102959673690052314e-04,1.948209968015731492e-04,1.833774953833134205e-04,1.719778109992494428e-04,1.531360379824335289e-04,1.407081403128695269e-04,1.308183680935130473e-04,1.216247457536831988e-04,1.064323910980063975e-04,9.996185590046036975e-05,9.384972477216061099e-05,8.525338083310206533e-05,8.122200589220817855e-05,7.704635507905457264e-05,6.950992362510829536e-05,7.004705475948942543e-05,6.644074687114731950e-05,6.259645754546875219e-05,6.193614033757182931e-05,5.835004270133709048e-05,5.467156643645694204e-05,5.181404381614091695e-05,5.137497806686116408e-05,4.794819725890062248e-05,4.467235426497452870e-05,4.527297248795956878e-05,4.222902921584513458e-05,3.939804785198405791e-05,4.004291328059862172e-05,3.742924226369431838e-05,3.503849430903954081e-05,3.454424701424179745e-05,3.342019138022959111e-05,3.142147732850610357e-05,2.961569002608231390e-05,3.005423804804618036e-05,2.838616469327093867e-05,2.688084288428579179e-05,2.680218557302938091e-05,2.580310022444627232e-05,2.454135818533818852e-05,2.340007241550509019e-05,2.357549111858690322e-05,2.251079577793132960e-05,2.154382176378185265e-05,2.163262794878509148e-05,2.072781181299751180e-05,1.990213223812405628e-05,1.914676015735552810e-05,1.914813079053786485e-05,1.843786454991479235e-05,1.778462534420008229e-05,1.773885642498582185e-05,1.712360115311382185e-05,1.655478218630179006e-05,1.648911598076732224e-05,1.593829761118165580e-05,1.543984432962555261e-05,1.497536762667567807e-05,1.486522035067142937e-05,1.442587233461332728e-05,1.401457223458752779e-05,1.392271586020189121e-05,1.350132819085996608e-05,1.313527401943579605e-05,1.279025557781237010e-05,1.265643558446078251e-05,1.232913280441951703e-05,1.201947974217447297e-05,1.188277452266542875e-05,1.158886203661356785e-05,1.130984770792926975e-05,1.120309138909937172e-05,1.090803233669941034e-05,1.065570261972481263e-05,1.041497614064668729e-05,1.028093583576827051e-05,1.005196092487650015e-05,9.832937216044023500e-06,9.726712949516607771e-06,9.494044790535540945e-06,9.294184486144974495e-06,9.102278642958282572e-06,8.977827902153542969e-06,8.794955015892462339e-06,8.619003351667433969e-06,8.499589391706075718e-06,8.331830199429764576e-06,8.170122122295684294e-06,8.072511787543368126e-06,7.901706961626861378e-06,7.752755251923143203e-06,7.608793528844935827e-06,7.501770545797379127e-06,7.364277145136402319e-06,7.231198992592275139e-06,7.141764045257105711e-06,7.002296637279984456e-06,6.879046465915334304e-06,6.759507101888184840e-06,6.664637734780790292e-06,6.550284016049892177e-06,6.439247378476363525e-06,6.358393338215315934e-06,6.243039360290925151e-06,6.139732634459889194e-06,6.039258803606756475e-06,5.955605016822843993e-06,5.859340095806482334e-06,5.765629425749449482e-06,5.686424131718988529e-06,5.596586835571176038e-06,5.509059094449774033e-06,5.439988448577607045e-06,5.350117989328937368e-06,5.268252757744633087e-06,5.188395529943949967e-06,5.118695644944639608e-06,5.042025190359181218e-06,4.967182899751634559e-06,4.905549533167677673e-06,4.829291586363307092e-06,4.759062963342019518e-06,4.690440651650434261e-06,4.629058788912771463e-06,4.563081097156868725e-06,4.498574434307191552e-06,4.440417176457199083e-06,4.378361944985684932e-06,4.317656542862743166e-06,4.265397979829427618e-06,4.204102484517874485e-06,4.146912743124244710e-06,4.090923234943966848e-06,4.039565651326232470e-06,3.985631724264308898e-06,3.932804409097363119e-06,3.886206988130172548e-06,3.833159615823899346e-06,3.783266729526825020e-06,3.734364852389595942e-06,3.688894966125824317e-06,3.641728427426107651e-06,3.595479397474811772e-06,3.553878714485135630e-06,3.507653606469630586e-06,3.463873773500698575e-06,3.420920657593875562e-06
2.680067467690357488e-06,2.720426568155544955e-06,2.757922497711537819e-06,2.785626180820116943e-06,2.828809019358532237e-06,2.868765739266457382e-06,2.897588923592249413e-06,2.938865224360767840e-06,2.986521719507345868e-06,3.030313836807239578e-06,3.060573447328062530e-06,3.111795796009562157e-06,3.158664369636241343e-06,3.190102255147422259e-06,3.238569469371099852e-06,3.295519111888480403e-06,3.347256000400798381e-06,3.380152928992252276e-06,3.441674684382877611e-06,3.497324761166695546e-06,3.531423204374001974e-06,3.589043230873007821e-06,3.658016280200744414e-06,3.693318512790109040e-06,3.755468095596502911e-06,3.830400574913469512e-06,3.897424381209823169e-06,3.934090540836706072e-06,4.015690089609116943e-06,4.088389019255021906e-06,4.126185260176531707e-06,4.201628419119344824e-06,4.294328875705694848e-06,4.376404914706167104e-06,4.415318753559142168e-06,4.516925654952549535e-06,4.606594387085532689e-06,4.646440748695432792e-06,4.739698168248010230e-06,4.856376879518663984e-06,4.897036455492259630e-06,4.999342336302496623e-06,5.128146965208646324e-06,5.241044495712525418e-06,5.282075714361300631e-06,5.424681907659882324e-06,5.549500828404061836e-06,5.590855736640030444e-06,5.721227088973257338e-06,5.887732801383197974e-06,6.033299566618775165e-06,6.074037288489163587e-06,6.259854858626472689e-06,6.422427390949013338e-06,6.462683146709958910e-06,6.633230920622733337e-06,6.853050960817853152e-06,7.045919077468469589e-06,7.084065845996167657e-06,7.331456337927335409e-06,7.549330122782495472e-06,7.585795546653253840e-06,7.815698738956545686e-06,8.112424447701110231e-06,8.146596942554838115e-06,8.408251619448013062e-06,8.745113330961367358e-06,9.046539564080624475e-06,9.075655241815723157e-06,9.459352600691783261e-06,9.805965102254762570e-06,9.831152954018780639e-06,1.020105589340974248e-05,1.067029800072912393e-05,1.110197142765098079e-05,1.112017147032573998e-05,1.165919964069394325e-05,1.216249956531515219e-05,1.217571182751569989e-05,1.271874503840920584e-05,1.338674056789152628e-05,1.339504666636282757e-05,1.403477286526859246e-05,1.480788657218394350e-05,1.556568161174009694e-05,1.557012678245343724e-05,1.646692502758065135e-05,1.736758423455087269e-05,1.737244717144659898e-05,1.836341355251474981e-05,1.949039624093141490e-05,2.067168191720830081e-05,2.069257825730648373e-05,2.200474754428117437e-05,2.342603111552275501e-05,2.347053314551646083e-05,2.506119659225172400e-05,2.671465979482107208e-05,2.680244981402243694e-05,2.873759596669543345e-05,3.065774423810122907e-05,3.295738110709526658e-05,3.318131482756297193e-05,3.580277313483473808e-05,3.819469585160561911e-05,3.857229384965762199e-05,4.177938846378165759e-05,4.451206291504284854e-05,4.825718718717044293e-05,4.904716734862089547e-05,5.212580873275356267e-05,5.664442078656659637e-05,5.787217457089428418e-05,6.313403083824741077e-05,6.666984866349464430e-05,7.255606223174735801e-05,7.483668243399016343e-05,7.851392584036713908e-05,8.535849463181413663e-05,8.867310596536153583e-05,9.660318954330152866e-05,9.993189597169753946e-05,1.046057837964789792e-04,1.133947909596612173e-04,1.158279095880241640e-04,1.240502675225898621e-04,1.313012546467413378e-04,1.320741011850313108e-04,1.396478691929135937e-04,1.489247967940884312e-04,1.564169607042862123e-04,1.530918037895872728e-04,1.572428385973766358e-04,1.694267615874864893e-04,1.634196143828676214e-04,1.643870436042616369e-04,1.786917401858234143e-04,1.773743737852069688e-04,1.699270097139290439e-04,1.859415652458854852e-04,1.819553319355202777e-04,1.780511010011725202e-04,1.751756202508503169e-04,1.899934852478511868e-04,1.914417651951931640e-04,1.911932042732051326e-04,2.023708767532001265e-04,2.025377353430692616e-04,2.070865887918245298e-04,2.083044736813316022e-04,2.094615837122331499e-04,2.094615837122331499e-04,2.067643371269013339e-04,2.016585180004274499e-04,1.935453337505449868e-04,1.852115127371894163e-04,1.712178495250796608e-04,1.606392858474741270e-04,1.489618752727080435e-04,1.321919683757152365e-04,1.226780750020676602e-04,1.143511756739578060e-04,1.070760426157584048e-04,9.326928129256826280e-05,8.965735106312560385e-05,8.484186501434769039e-05,7.508851055383877261e-05,7.139392201266025703e-05,7.117692259858499689e-05,6.463638316042062378e-05,6.171393678179055021e-05,6.208435812673113478e-05,5.863033107082907616e-05,5.474501788292875852e-05,5.170841752553779162e-05,5.143179972144853063e-05,4.878054491850486766e-05,4.584128357728053753e-05,4.518803294547715863e-05,4.213987233095402394e-05,4.070325842213329476e-05,3.980297743516609925e-05,3.714608101379293680e-05,3.626366644912216791e-05,3.402152974513848066e-05,3.298593995665417464e-05,3.247273417290441334e-05,3.055787250265962489e-05,2.952584079217840634e-05,2.780963518490457638e-05,2.761988682206925795e-05,2.614338191119365925e-05,2.519648282574986126e-05,2.510525858473015734e-05,2.385668765283755497e-05,2.297492990187947767e-05,2.188992614097411902e-05,2.187128656929861301e-05,2.106016318968209589e-05,2.014298738135557931e-05,2.012962577171752832e-05,1.930360381740318335e-05,1.860878244881577012e-05,1.789478628147181838e-05,1.787777699551208800e-05,1.724825000177655884e-05,1.663247071505956777e-05,1.660093420474333890e-05,1.603216579353093413e-05,1.549752796566533842e-05,1.545170264652250696e-05,1.495401855675179200e-05,1.447154817100861665e-05,1.403627860143045152e-05,1.397518843413208189e-05,1.356619402014992201e-05,1.315522277700379110e-05,1.308387614022857062e-05,1.272064794620947028e-05,1.234929572963914792e-05,1.202725835435895853e-05,1.194607827243402119e-05,1.161028216254178421e-05,1.132141469656813008e-05,1.123516547053624631e-05,1.096012543595161392e-05,1.067094971464291950e-05,1.058151613660750761e-05,1.033323153898432626e-05,1.007057542152139057e-05,9.846243740169415606e-06,9.754568552295631457e-06,9.539869713628744573e-06,9.311417633278790967e-06,9.219683172231773997e-06,9.024026343780010482e-06,8.815464626133734570e-06,8.636537155802644628e-06,8.545762179095836388e-06,8.355020625560525123e-06,8.190820455460326595e-06,8.101809668682383300e-06,7.944083309339387686e-06,7.775986074021805860e-06,7.689212824290082463e-06,7.544025500081630118e-06,7.389495691704868500e-06,7.254898859881809556e-06,7.171349885754942536e-06,7.041857857629413443e-06,6.904465053895290843e-06,6.823800893436738190e-06,6.703906446930288001e-06,6.576989409926008500e-06,6.464957349430602024e-06,6.388108593656810547e-06,6.280209524870969099e-06,6.166469680688465287e-06,6.092708043366792982e-06,5.992320959964047695e-06,5.886784426724482689e-06,5.792367232265157256e-06,5.722552751112496438e-06,5.624473205051868272e-06,5.536294127503643482e-06,5.469517402765049604e-06,5.384494304815528779e-06,5.295757939045338467e-06,5.231946086796306193e-06,5.152404764575800209e-06,5.069613869941058624e-06,4.994262036458564701e-06,4.934164236436133439e-06,4.861453724493774695e-06,4.786100865874424163e-06,4.728756904361081562e-06,4.660504750278238645e-06,4.589950716091541014e-06,4.525022506210674023e-06,4.471107043148733572e-06,4.404960578947137105e-06,4.343851771561949287e-06,4.292440056926261245e-06,4.233410614113649539e-06,4.172771649832267530e-06,4.123749974060209877e-06,4.068115245512376362e-06,4.011088014300662340e-06,3.957910764050975629e-06,3.911853669068138024e-06,3.860446454876562716e-06,3.807931195486234366e-06,3.764010968593769525e-06,3.715436870125334358e-06,3.665910625415281433e-06,3.619351023617942642e-06,3.578079744492649920e-06,3.533034943107333590e-06,3.487243055498057333e-06,3.447870016863245292e-06,3.405209861652160003e-06,3.361913935907456247e-06
2.643836847740469360e-06,2.679950336937679039e-06,2.710211343985366207e-06,2.747725700517743827e-06,2.786200955461306714e-06,2.817960505350573538e-06,2.857959006095212589e-06,2.899018899034880133e-06,2.941190436400556727e-06,2.975082927429603794e-06,3.018978255270534933e-06,3.064106912029629743e-06,3.099705877474962059e-06,3.146719692269313011e-06,3.195105828540830201e-06,3.244935635704746486e-06,3.282960146789390460e-06,3.334944457364677169e-06,3.388542929218401110e-06,3.428504197529542718e-06,3.484474362856694854e-06,3.542255054050668414e-06,3.574690041946002850e-06,3.644656075732033007e-06,3.707092130728431905e-06,3.771686255627269866e-06,3.816576477654325460e-06,3.884211075034527240e-06,3.954287419227714414e-06,4.001469469101839443e-06,4.074928380609484861e-06,4.151159769988404677e-06,4.230343650219327025e-06,4.280747369307910597e-06,4.363913534762359319e-06,4.450451637090375663e-06,4.503390901747732602e-06,4.594398828122354746e-06,4.689272231766516432e-06,4.725431164144661868e-06,4.844749475737683928e-06,4.949106474201322955e-06,5.058238756228689257e-06,5.117436134647116564e-06,5.232625956666040872e-06,5.353345591088456448e-06,5.415330915584027599e-06,5.542945120955186448e-06,5.676988679523821414e-06,5.817976080169579043e-06,5.883709741593744436e-06,6.033138949030412331e-06,6.190694121908659712e-06,6.259205600125969175e-06,6.426478012879265594e-06,6.603299198395659047e-06,6.790496981655899531e-06,6.862549155573136006e-06,7.061873429231251174e-06,7.273471866111481520e-06,7.347944420212635946e-06,7.573670676517941952e-06,7.813976332356959348e-06,7.840343519020840531e-06,8.147379748624556284e-06,8.421611966839156780e-06,8.714902503439787617e-06,8.793452957718540686e-06,9.107960961068554642e-06,9.445347576868735426e-06,9.524517206500469397e-06,9.887052384604055433e-06,1.027716146999752903e-05,1.069766284163719353e-05,1.077594686740956192e-05,1.122936483686448895e-05,1.171963005513925376e-05,1.179547029385961615e-05,1.232522626295532520e-05,1.289981189917767427e-05,1.290026939242866803e-05,1.359330291584506998e-05,1.427018722822187098e-05,1.500777346151375670e-05,1.506874025768365136e-05,1.587015878415624592e-05,1.674596966399118103e-05,1.679488748453776580e-05,1.774835517998810916e-05,1.879316225401061289e-05,1.993954317813858643e-05,1.996483062626225048e-05,2.121663118846937179e-05,2.259327489186463750e-05,2.259370252163317102e-05,2.409924409703085465e-05,2.575808211720940111e-05,2.585051471251736019e-05,2.754264506886171452e-05,2.954677362993678256e-05,3.175873320365785911e-05,3.167058379857909986e-05,3.409558786268414803e-05,3.677256470038752471e-05,3.716019271288702668e-05,3.956625530940966124e-05,4.280255527744040994e-05,4.636742600396367753e-05,4.614538112555558033e-05,5.004405553433248060e-05,5.432354227450990439e-05,5.403787337107187906e-05,5.870148862084337727e-05,6.378962067828874906e-05,6.931485518834423320e-05,6.895942093240377561e-05,7.491330813234623669e-05,8.129876955807296664e-05,8.092498151496320424e-05,8.771666550635775703e-05,9.486031892482681095e-05,9.925232580025408920e-05,1.019738752668554883e-04,1.095685374651396193e-04,1.171401510545941191e-04,1.170735844256686620e-04,1.245270170242723546e-04,1.314933489226031006e-04,1.319888529220109431e-04,1.384491169507406385e-04,1.438042023105892144e-04,1.476710440939736331e-04,1.501428627944337171e-04,1.530065125646050091e-04,1.538811759541121467e-04,1.594840741066672204e-04,1.596035489038538440e-04,1.577379859516288231e-04,1.717836199304689164e-04,1.659881499377494421e-04,1.628364195257918433e-04,1.593117593526074114e-04,1.749438184720236581e-04,1.726112508467336889e-04,1.715490296704583716e-04,1.867393078192432416e-04,1.862417306799877279e-04,1.873465792429977966e-04,1.896313010078663926e-04,1.950641975698289335e-04,1.940012964966553134e-04,1.940012964966553134e-04,1.920680219202747501e-04,1.866351253583122091e-04,1.800254478238550099e-04,1.724381142111555795e-04,1.641856280091387931e-04,1.489953498603539502e-04,1.395567890492311084e-04,1.305319118316579775e-04,1.148998527122417444e-04,1.072119578197045593e-04,1.001883986409551631e-04,9.512589113127477769e-05,8.345366938555261833e-05,7.889787985244365632e-05,7.453423223703914424e-05,6.893167279901034599e-05,6.590330163261878013e-05,6.275485331233352892e-05,6.028860011351970532e-05,5.771646552444361348e-05,5.491429056999842437e-05,5.195550064914675285e-05,5.149515217893494768e-05,4.871098096049512503e-05,4.586354934687860590e-05,4.599848986622161136e-05,4.327278726162176663e-05,4.059257898277528431e-05,3.982353118716377521e-05,3.844139487011328507e-05,3.602139565523524518e-05,3.374724358341950114e-05,3.422848046052155208e-05,3.211277680132026258e-05,3.015664519470324028e-05,3.061326348051908648e-05,2.879898361819624946e-05,2.713737534111266365e-05,2.562189356423836715e-05,2.598874664627418869e-05,2.458386275504596499e-05,2.330600275645476307e-05,2.359114277283997621e-05,2.240313471185999942e-05,2.132263232649103045e-05,2.054282954166540152e-05,2.052065482373702286e-05,1.960279931357648820e-05,1.876591078328411605e-05,1.887910782468181728e-05,1.809510868527519151e-05,1.737780444370210815e-05,1.676808528136499739e-05,1.676127146604163291e-05,1.614250210881496391e-05,1.557291902256383614e-05,1.557236988189450458e-05,1.503523566024395632e-05,1.453859221542879629e-05,1.450611934457929662e-05,1.403701590911341563e-05,1.360134234405594820e-05,1.319571527961397244e-05,1.313289747130512320e-05,1.274852881626148196e-05,1.238912055696166035e-05,1.231083005930225675e-05,1.196991076042173391e-05,1.164982293483978596e-05,1.132137642131809693e-05,1.125699818714852834e-05,1.097057286338904135e-05,1.070001243243816362e-05,1.060262220685572119e-05,1.034518633384128577e-05,1.010117122284569290e-05,1.000064280866724923e-05,9.768311493304013897e-06,9.547392688187585617e-06,9.336933112743348666e-06,9.235267450567064622e-06,9.034546333404026990e-06,8.842799026994226864e-06,8.741928478708923663e-06,8.558954429120851584e-06,8.383718847919392596e-06,8.196369515412968849e-06,8.117326988745071615e-06,7.956722763790541857e-06,7.802345026039078174e-06,7.706711112354351910e-06,7.559123148672375473e-06,7.416975762471673101e-06,7.324449979458531811e-06,7.188484300778657999e-06,7.057293905807740343e-06,6.930575616490639425e-06,6.842596617068279582e-06,6.721254063205891095e-06,6.603865888492471228e-06,6.519454021883453647e-06,6.406989259943269362e-06,6.298034997523946937e-06,6.192393766274317377e-06,6.112795325693409155e-06,6.011484971558175833e-06,5.913134817915495828e-06,5.837116517665711223e-06,5.742751342397568665e-06,5.651040238091919420e-06,5.554398840015898545e-06,5.490492318202338036e-06,5.404839755968764937e-06,5.321460525614621141e-06,5.253478580750775686e-06,5.173366301602338613e-06,5.095309665085533346e-06,5.030583740496462580e-06,4.955547843876321909e-06,4.882375973906984270e-06,4.810988486453583737e-06,4.750399667665365592e-06,4.681718652982348900e-06,4.614662899859082241e-06,4.557017131287852441e-06,4.492471796035964539e-06,4.429410362112383060e-06,4.364103672939313846e-06,4.313838345704965795e-06,4.254465708484292147e-06,4.196400696783253219e-06,4.145084443023389889e-06,4.089123445840773136e-06,4.034363344619708663e-06,3.985534177218877541e-06,3.932732946870155601e-06,3.881036774210887884e-06,3.830408380782041068e-06,3.784693977271181851e-06,3.735842004888360310e-06,3.687975587656391824e-06,3.644452552885359328e-06,3.598244121725063993e-06,3.552946916482575678e-06,3.508532726275365620e-06,3.467748707391706609e-06,3.424844182589764250e-06,3.382758212198488265e-06,3.343898546769521695e-06,3.303224815926289718e-06
2.608006830630283417e-06,2.632308716906748815e-06,2.668432498879434163e-06,2.710364388059780953e-06,2.735525246834245501e-06,2.774035198270181092e-06,2.819029423777131271e-06,2.859969880393356748e-06,2.886185235324668058e-06,2.928455056362526731e-06,2.978381748844704461e-06,3.005460623933591089e-06,3.050731433554546818e-06,3.104569066346304457e-06,3.153010358623253000e-06,3.181089562518171517e-06,3.231167169834436186e-06,3.291393683921756083e-06,3.320296044324174592e-06,3.374217958316908006e-06,3.439517438588791026e-06,3.469214531228798051e-06,3.527410786248351594e-06,3.587601921176374121e-06,3.661310839982050455e-06,3.691784753695911706e-06,3.757002850806293363e-06,3.837400835698605302e-06,3.868520781693724426e-06,3.939375706065529535e-06,4.027286118751110072e-06,4.104606446467480380e-06,4.136163091826895100e-06,4.216464549072997547e-06,4.317090771880344435e-06,4.349020220244832616e-06,4.436932732259783705e-06,4.547702876532454594e-06,4.579853359813931622e-06,4.676412396780567430e-06,4.777350948360032768e-06,4.905553549389758869e-06,4.937286271617553088e-06,5.048768301921931778e-06,5.190912062048034029e-06,5.222327447627809910e-06,5.345911633662842336e-06,5.503964345160348305e-06,5.642297748797909321e-06,5.672309084000689711e-06,5.817243145049964028e-06,6.003206309390639192e-06,6.032112149664915087e-06,6.194464990074269541e-06,6.402826870139185495e-06,6.586709442868307157e-06,6.612878770375302191e-06,6.806642082964250611e-06,7.054857223592614255e-06,7.078884376131534233e-06,7.298455579562249874e-06,7.578729263401656164e-06,7.600129136938598166e-06,7.850118240938610458e-06,8.117230847037530927e-06,8.455278708153728451e-06,8.471785107160265634e-06,8.778267057961937751e-06,9.162859322848741845e-06,9.175721889077768822e-06,9.529125239379757618e-06,9.967845035758903066e-06,1.037895871510440477e-05,1.038635845093729790e-05,1.082860215084374935e-05,1.136623054628491919e-05,1.137015242895552158e-05,1.188678713330219687e-05,1.250394663415711467e-05,1.250520112502157127e-05,1.311174579730949247e-05,1.377157245114305848e-05,1.453474369710702891e-05,1.453736825766183373e-05,1.531795039800712904e-05,1.619770713211872689e-05,1.620534620432906466e-05,1.713297278126461686e-05,1.814768715555419248e-05,1.924172549621803061e-05,1.927403218683335008e-05,2.048895213113981458e-05,2.174911951919191822e-05,2.181165177388663361e-05,2.326970814621880879e-05,2.471987120049236076e-05,2.483220115492037984e-05,2.658680201814365895e-05,2.851942669627122114e-05,3.030370165535183275e-05,3.055598994036008102e-05,3.288661679448830357e-05,3.491393283755130664e-05,3.531520021155836104e-05,3.812447033314505997e-05,4.121503600417548220e-05,4.362833418369052959e-05,4.440253950717337826e-05,4.810805320355575863e-05,5.075211370184574744e-05,5.190352555995043237e-05,5.631270431452592337e-05,5.912847859586029003e-05,6.397549173739332750e-05,6.598466429329297796e-05,7.156282601713067531e-05,7.438677044002877986e-05,7.720194707295710817e-05,8.352636406286552016e-05,8.603817073469822172e-05,8.987747042302209023e-05,9.676956878701796776e-05,1.037852516064166603e-04,1.049973247725516639e-04,1.107178391608864805e-04,1.175811524643546294e-04,1.172399564019273337e-04,1.244200715391261631e-04,1.303626110995288593e-04,1.280007173160848614e-04,1.316389241270170729e-04,1.409570453143807055e-04,1.435975952327578050e-04,1.380595922852795787e-04,1.489967747613169858e-04,1.489899663003656032e-04,1.430251493009795048e-04,1.554950053976165048e-04,1.533506392464347172e-04,1.499567330568823932e-04,1.469120696920242248e-04,1.594685918532772015e-04,1.565913835445657690e-04,1.579371817217330685e-04,1.688960935917839848e-04,1.680691514554667049e-04,1.720923071409404936e-04,1.737722146661036481e-04,1.789935090758816138e-04,1.795681882597640732e-04,1.800503424041256274e-04,1.800503424041256274e-04,1.782786898134943333e-04,1.745165686810624668e-04,1.677579784350504690e-04,1.608808680378088596e-04,1.519636765835954864e-04,1.440512723126587168e-04,1.311127686609602275e-04,1.217113527877512969e-04,1.140932379656838945e-04,1.009764401519183343e-04,9.448281675894504425e-05,8.889665179033905151e-05,8.368214502678988291e-05,7.372971348437138165e-05,7.170537362291340205e-05,6.818434742254983179e-05,6.117085726324309803e-05,6.110025319863089297e-05,5.841069392390442678e-05,5.358766897583063698e-05,5.129433244578625258e-05,5.158307427782285584e-05,4.890250583134738967e-05,4.591841862138236035e-05,4.595600039442398029e-05,4.333092644471132497e-05,4.122485211528819856e-05,4.091158962775360642e-05,3.841684366632201753e-05,3.600467534703607580e-05,3.479016141693749186e-05,3.410281748073340827e-05,3.196226839711461561e-05,3.117430252767093416e-05,3.038335528598853978e-05,2.853128291884617573e-05,2.804277701364511701e-05,2.645510584682516384e-05,2.563576658288966280e-05,2.419135225855720918e-05,2.398339735356407802e-05,2.318702715281431239e-05,2.196730584126505530e-05,2.185712911072161643e-05,2.110156927743405775e-05,2.007013206692173234e-05,1.913122288845639312e-05,1.910190715590340705e-05,1.843375626902125130e-05,1.763529049866645950e-05,1.762167469131936697e-05,1.700732690867670519e-05,1.632424504580562251e-05,1.569846709898650497e-05,1.569294263363602866e-05,1.516408258235606462e-05,1.462323481707447834e-05,1.460993818736699927e-05,1.412911434471783872e-05,1.365860647140181067e-05,1.363571222855496291e-05,1.319920170809521374e-05,1.278772846133768174e-05,1.240475830505531301e-05,1.237055990950017119e-05,1.199743280577516728e-05,1.165872785733923882e-05,1.161545218233393636e-05,1.127720094388112510e-05,1.097600793340649144e-05,1.069294680319477543e-05,1.064025010866004648e-05,1.034926126088181872e-05,1.009530643062270174e-05,1.003687175025363026e-05,9.772355322148696796e-06,9.543495744142144833e-06,9.480804796789324553e-06,9.262449497841350113e-06,9.032986899498033956e-06,8.835905040432841500e-06,8.769321299289107081e-06,8.559847558472075726e-06,8.380309023918881942e-06,8.312145329539690435e-06,8.120628660385740505e-06,7.956533331855714046e-06,7.799262518597334200e-06,7.730073111503090437e-06,7.561844195640623384e-06,7.417333013947750582e-06,7.348358094037101366e-06,7.193790547180379230e-06,7.060654892868112489e-06,6.992424715167875299e-06,6.864216211803152305e-06,6.727210928874500938e-06,6.608494234347470243e-06,6.541657134064472039e-06,6.415168054581875589e-06,6.305099008688430892e-06,6.239833267087254171e-06,6.133658852005800116e-06,6.020603437366788221e-06,5.921477975412800040e-06,5.858441037147876909e-06,5.753588073515693666e-06,5.661209059258973590e-06,5.600151824875785396e-06,5.502752469814907019e-06,5.416518192402659629e-06,5.332659155656602953e-06,5.274220545939319444e-06,5.186280284899321834e-06,5.107796418486394232e-06,5.051482467926606474e-06,4.969460366549276338e-06,4.895903815499989118e-06,4.841718340794208360e-06,4.770609387652390673e-06,4.696075277831811574e-06,4.628722106211301450e-06,4.577250131762759774e-06,4.507475077381603327e-06,4.444136540062066688e-06,4.394738194137983246e-06,4.329332330975985624e-06,4.269699482296332350e-06,4.211407435481128269e-06,4.164623547638225649e-06,4.104728873064295602e-06,4.049751047768724483e-06,4.004919501211360013e-06,3.948594289088497701e-06,3.896688456886671494e-06,3.853743283056210418e-06,3.803487244331170806e-06,3.751658402183215442e-06,3.703607872041259999e-06,3.663023112051881509e-06,3.614141203229370922e-06,3.568663800871166400e-06,3.529807304873362425e-06,3.485747667274992789e-06,3.440574597973754797e-06,3.398324536491665988e-06,3.361625760298446538e-06,3.318909014557905432e-06,3.278833291614432630e-06,3.243700433926868500e-06
2.556172527294014196e-06,2.595616583513831670e-06,2.631585345810824430e-06,2.655047791291364327e-06,2.697331216401316737e-06,2.735724142554900209e-06,2.775190822391143802e-06,2.805339436688977411e-06,2.846395462762835993e-06,2.888645021058849215e-06,2.913711447212356101e-06,2.964189266414094668e-06,3.009509029718232461e-06,3.056231318368809535e-06,3.089766795180312119e-06,3.138483195337309933e-06,3.188770532741447441e-06,3.215283928669309431e-06,3.276356371537987797e-06,3.330606421961075165e-06,3.357730712516607591e-06,3.424019828445342490e-06,3.482688106910759866e-06,3.543467339028475382e-06,3.571104212052973892e-06,3.646093704597135937e-06,3.712095285430857016e-06,3.740160415414371348e-06,3.822051916733371996e-06,3.893925745140948617e-06,3.968699027837949974e-06,4.011967816939130856e-06,4.090467279423330599e-06,4.172280576363692767e-06,4.200593717227992510e-06,4.303455161573845174e-06,4.393257194846896872e-06,4.421522425546871859e-06,4.534892618667227009e-06,4.633793053331649505e-06,4.737392993181743674e-06,4.764874807510072750e-06,4.896401876703721603e-06,5.011142607456013156e-06,5.038009831676642597e-06,5.184014285283556015e-06,5.311568868081586464e-06,5.445948308433165167e-06,5.500059774404388834e-06,5.642409573071172226e-06,5.792732730979438988e-06,5.816404431412168346e-06,6.008066279412269875e-06,6.176914534470446853e-06,6.355913911958713984e-06,6.413741655171373518e-06,6.604198903650168258e-06,6.806625608901773206e-06,6.824808513313508213e-06,7.081370620251709624e-06,7.311296269448302889e-06,7.326626234601391227e-06,7.616527460152583590e-06,7.878855924035975880e-06,8.159573049777029641e-06,8.169898026217508479e-06,8.520022606734106309e-06,8.842625325249268362e-06,8.849275495183982191e-06,9.247701793250983946e-06,9.620134816372313859e-06,1.002142999752864995e-05,1.007747947718450713e-05,1.050939820148614721e-05,1.097602992535634470e-05,1.097442562117223652e-05,1.153138939636987335e-05,1.207640392228300868e-05,1.207274434349652486e-05,1.271159247484768008e-05,1.335089603336600193e-05,1.404599163423126689e-05,1.404521833916560716e-05,1.483400222045515039e-05,1.565456000443936550e-05,1.566020446248882599e-05,1.656770872942345168e-05,1.753988557278823293e-05,1.860245480555002809e-05,1.860306398906144329e-05,1.975855669993275413e-05,2.102348012191249818e-05,2.108880633699544298e-05,2.237896580357105107e-05,2.388811594828574135e-05,2.400545617765188473e-05,2.548322186144701297e-05,2.728619494483438678e-05,2.926329259913590706e-05,2.952213168965575838e-05,3.132335115648878638e-05,3.368457299242815444e-05,3.409164912949001752e-05,3.612108680849557447e-05,3.893440549868435065e-05,4.200778581572485465e-05,4.277737541602977272e-05,4.515021123477323692e-05,4.877968997344133870e-05,4.991041170261708150e-05,5.246690297864850061e-05,5.670808421056730471e-05,6.127079231803816549e-05,6.099291365725965285e-05,6.586820576974260807e-05,7.104927287100003686e-05,7.372997937285204802e-05,7.623340024796159146e-05,8.193601967720831809e-05,8.555098606605956730e-05,8.759750198304141946e-05,9.358572186216300036e-05,9.953830046616497763e-05,1.048451273208547089e-04,1.053551058139380527e-04,1.108624995617778463e-04,1.174603677194361895e-04,1.163712687751075858e-04,1.207665159247768745e-04,1.241518079624375393e-04,1.258308237232543534e-04,1.285198415367094652e-04,1.298439129845900661e-04,1.396173719736704545e-04,1.343451256723873614e-04,1.336480761020004797e-04,1.446647279846473863e-04,1.397165164303572609e-04,1.377601093221544469e-04,1.351085780713338783e-04,1.462919035659644533e-04,1.447021163259144209e-04,1.431195180789664829e-04,1.533454735765376752e-04,1.551824330822510704e-04,1.554429353220498661e-04,1.570286779524837585e-04,1.657344572938597438e-04,1.662597769608448726e-04,1.669887478156094525e-04,1.676999889326546739e-04,1.676999889326546739e-04,1.659032196974409177e-04,1.625389070628443719e-04,1.581389177450987166e-04,1.494331384037227313e-04,1.423395133645479274e-04,1.349822104028451468e-04,1.265210605157648612e-04,1.146317703350224900e-04,1.073421230932865164e-04,1.003562740258576142e-04,8.895586881279147671e-05,8.349537612303203828e-05,7.848179324537892486e-05,7.536928908450472322e-05,6.687639622827965306e-05,6.359590114159578201e-05,6.272826983370919588e-05,5.666664215401815438e-05,5.435336458541306762e-05,5.194098612377092550e-05,5.026744950045059233e-05,4.822373247462070011e-05,4.602048277332702181e-05,4.610409693105913095e-05,4.337863526818524151e-05,4.118364372522771293e-05,4.099490780457610038e-05,3.903241010638574903e-05,3.687483546505459375e-05,3.474428861477349688e-05,3.415814689272280563e-05,3.299258359399628773e-05,3.104154194076424745e-05,3.032942375493330079e-05,2.955498141212699635e-05,2.782217765786169418e-05,2.620509718697747750e-05,2.656217227947021796e-05,2.505367499197556084e-05,2.365981760476049069e-05,2.290250218340556242e-05,2.268114339146680658e-05,2.148796293712351821e-05,2.076436752914459957e-05,2.064310321114278316e-05,1.962382039526458559e-05,1.869100822375687490e-05,1.804597156046189115e-05,1.801095163143103770e-05,1.721302886220472963e-05,1.661802178097214288e-05,1.660363753377641521e-05,1.591840178510585957e-05,1.528950347586302652e-05,1.477552674149140759e-05,1.477454743155762250e-05,1.423034591507667062e-05,1.376199716217773567e-05,1.375627353509472977e-05,1.328278686406402119e-05,1.284468987069775262e-05,1.284390758782885441e-05,1.242969775446254000e-05,1.204498687284177933e-05,1.168032597656862253e-05,1.165757856630527613e-05,1.131792427478350320e-05,1.098682830347157909e-05,1.095559663398696591e-05,1.065417425447548659e-05,1.037147421880364792e-05,1.008652178359577147e-05,1.004610427874687204e-05,9.793072449091963849e-06,9.533735543341988449e-06,9.487362314031343909e-06,9.259872643607907955e-06,9.044561384181896386e-06,8.972585457423678623e-06,8.767202205302141683e-06,8.572197044463838347e-06,8.366632697162154286e-06,8.311038469989371141e-06,8.133769501576922781e-06,7.945673790689200224e-06,7.887883258796105456e-06,7.726180261833983666e-06,7.571524261653617286e-06,7.406335063480794916e-06,7.346690503209463057e-06,7.204818247481080672e-06,7.052941094208791976e-06,6.992864659165954312e-06,6.862353419444822155e-06,6.736785975860477133e-06,6.662526492353703294e-06,6.542151416824088269e-06,6.426112354765011257e-06,6.301775544257941618e-06,6.242425708367153441e-06,6.134946350322352061e-06,6.031046176367066964e-06,5.961558949448313231e-06,5.861794301745282174e-06,5.765203933955937728e-06,5.662091672230458855e-06,5.605293879654817312e-06,5.515329722038939354e-06,5.419499249969815963e-06,5.364201076390578237e-06,5.280259768123097433e-06,5.198708063272292304e-06,5.112185948040817040e-06,5.058925879136354865e-06,4.982620801561698800e-06,4.901882801262627013e-06,4.850347098234926626e-06,4.778844403690425151e-06,4.709185718002604437e-06,4.653622112160317464e-06,4.586524524945627229e-06,4.521098273331841873e-06,4.452378867813658607e-06,4.404873581008215104e-06,4.343343893344689331e-06,4.278899373067849002e-06,4.233165312535522957e-06,4.175229382620182622e-06,4.118620859262880285e-06,4.059597141653550889e-06,4.016113947881482894e-06,3.962712897659110078e-06,3.907183176034548361e-06,3.865405093432044430e-06,3.814975789658907833e-06,3.765619376766636794e-06,3.722554801723174697e-06,3.674882851645499570e-06,3.628198535114087427e-06,3.579976758681581788e-06,3.541946037882788696e-06,3.497747033214614247e-06,3.454428289536490271e-06,3.415712953232098935e-06,3.373828461402941202e-06,3.332758382120210175e-06,3.290590964936143496e-06,3.256037667264415508e-06,3.217066037057316620e-06,3.177137424896245832e-06
2.520044969162828510e-06,2.554722509818368179e-06,2.581505534150927016e-06,2.617522070594377571e-06,2.654537573773403744e-06,2.698464577834428479e-06,2.720994074204983426e-06,2.760579716711087960e-06,2.807870484217004671e-06,2.830994864421221526e-06,2.873413398854286928e-06,2.917134531508557306e-06,2.969932635409933925e-06,2.993671925351139137e-06,3.040679257473123374e-06,3.097821014480971996e-06,3.122067942671368164e-06,3.172724412411023758e-06,3.225113446104387611e-06,3.259405819971948829e-06,3.314126704502029280e-06,3.370801962000931000e-06,3.440850229196017970e-06,3.465858260564480466e-06,3.527331853268536039e-06,3.591158775041094314e-06,3.629025787892402946e-06,3.695888599917501737e-06,3.765428375681945482e-06,3.852650661302733851e-06,3.877829455863961931e-06,3.953820736233476155e-06,4.049588816026005003e-06,4.074713728650659330e-06,4.158016124580923446e-06,4.245067616798538268e-06,4.288339182116289287e-06,4.379956392152047273e-06,4.475890243667879623e-06,4.597959080342383917e-06,4.621893791767715707e-06,4.727988912563015068e-06,4.839455514839331073e-06,4.886450112632781906e-06,5.004212763749643758e-06,5.128215462342711920e-06,5.286601190731933663e-06,5.307898574374336627e-06,5.446382863356025999e-06,5.623138233071205495e-06,5.642968555844880191e-06,5.798245277787913061e-06,5.962751507821543464e-06,6.172020186756605094e-06,6.188872590723516950e-06,6.374549915836961333e-06,6.609711834317102825e-06,6.624281161964075958e-06,6.834749868337481667e-06,7.059178833247800211e-06,7.111635513437444437e-06,7.351242852878908528e-06,7.607408359708433517e-06,7.925821179850304457e-06,7.933476967230001131e-06,8.227158579278361674e-06,8.542406495110848764e-06,8.592799396365543053e-06,8.930982783712484763e-06,9.294943788178532270e-06,9.733034984487528961e-06,9.734024209202470033e-06,1.015606432992461411e-05,1.065541401023073969e-05,1.065459444195474936e-05,1.114608391443225170e-05,1.167839867031365917e-05,1.171488103883218307e-05,1.228963464548170280e-05,1.291358235891071127e-05,1.361188553937097186e-05,1.361661319540014334e-05,1.435077520898018542e-05,1.515033338011636368e-05,1.516331577872778045e-05,1.603022193269218156e-05,1.697608738014667851e-05,1.795617312139747565e-05,1.800065892295584465e-05,1.912280880921421482e-05,2.024194235837290608e-05,2.032090940244224154e-05,2.165523196192589933e-05,2.311552535544474628e-05,2.306156977538631789e-05,2.465059302713976737e-05,2.639027009559689229e-05,2.793001980392158983e-05,2.819994918039025358e-05,3.027208055169029849e-05,3.253835963157751451e-05,3.240867312772895641e-05,3.487257353488057248e-05,3.756221756544207263e-05,3.957195400689844715e-05,4.031385738719886139e-05,4.348933691446181375e-05,4.693513882851474829e-05,4.672058810174280755e-05,5.043759343743929705e-05,5.444430011115996545e-05,5.673282854427136415e-05,5.849659720983213480e-05,6.307836775498870132e-05,6.529132510166464620e-05,6.768850742004389601e-05,7.279818548654458420e-05,7.811574968151998081e-05,7.790985634596923567e-05,8.339985361809869725e-05,8.895970983226814588e-05,8.986968508144310230e-05,9.444868412634966053e-05,9.987065877658984274e-05,1.049713765699267660e-04,1.052757294778293765e-04,1.100385702182692013e-04,1.141132227750404633e-04,1.114329401687006767e-04,1.186712957078864977e-04,1.211538411559041092e-04,1.170208574381138112e-04,1.254818861432520794e-04,1.260956064904738411e-04,1.253477861728312804e-04,1.310821247747283671e-04,1.300546972425348658e-04,1.279336866269786864e-04,1.245538267213689191e-04,1.349027298651140694e-04,1.325965306200886011e-04,1.304919693974561552e-04,1.420984278692515382e-04,1.408405183164129965e-04,1.406369682094685454e-04,1.443280044025471113e-04,1.510101893801243001e-04,1.519345924849815942e-04,1.547865410457732250e-04,1.570028430049160621e-04,1.562462276162780879e-04,1.562462276162780879e-04,1.549029094603210734e-04,1.516720419204052649e-04,1.469530220855182429e-04,1.418226008734121957e-04,1.335765111553946461e-04,1.257421994543071048e-04,1.189154475597110623e-04,1.122542129716170802e-04,1.006477544998216972e-04,9.450819804431901902e-05,8.882033777315789325e-05,7.877880172009963375e-05,7.460358590409214678e-05,7.058875097708215154e-05,6.681079485011417291e-05,6.107647144860528911e-05,5.843150245068331051e-05,5.580882574823227491e-05,5.065394785783051149e-05,5.074877760249593277e-05,4.865190270725901905e-05,4.501694902171187351e-05,4.542497088043914494e-05,4.342780348933745853e-05,4.131666964694550871e-05,4.103654465267399324e-05,3.900868677361017282e-05,3.693145085306544841e-05,3.523601950539129299e-05,3.499491592498751071e-05,3.300376538284847868e-05,3.106663532312000373e-05,3.133704454845111811e-05,2.950140435669105888e-05,2.775567268163928750e-05,2.705752816340933832e-05,2.643273382832595235e-05,2.489805073043357785e-05,2.444260820335368854e-05,2.378077882903123475e-05,2.245259281078091349e-05,2.122762900405576910e-05,2.150316737395426258e-05,2.036324953241512134e-05,1.931654996748820622e-05,1.919329858798600539e-05,1.857200921846896276e-05,1.767834991805303170e-05,1.686011511874230213e-05,1.702665219388657295e-05,1.626232813146005049e-05,1.556199197201059165e-05,1.554345904281663357e-05,1.502754612746643123e-05,1.442549713240426465e-05,1.387237674530319647e-05,1.394166379200530392e-05,1.342152297746453571e-05,1.294222486497890743e-05,1.293788583201545549e-05,1.252752961121737308e-05,1.210983551010350651e-05,1.210018322421576038e-05,1.172593486145603489e-05,1.135986963731649994e-05,1.101953966773089892e-05,1.100286832345908731e-05,1.068027945379626259e-05,1.037922902948780864e-05,1.035499295241674594e-05,1.006145227469013918e-05,9.793740648001651711e-06,9.542446443547291195e-06,9.495597618177664971e-06,9.256341394577330691e-06,9.030945799293577404e-06,8.992960261266379866e-06,8.761473691708965153e-06,8.558389115969590661e-06,8.515848147168146324e-06,8.304482289210257597e-06,8.120724217275230748e-06,7.946129474980495708e-06,7.881417442110393804e-06,7.714489285982999088e-06,7.555420004673668856e-06,7.505844247115789705e-06,7.336692884594814924e-06,7.191265616869530855e-06,7.052087613565676193e-06,6.984725379438058405e-06,6.851341892455878081e-06,6.723383629008100690e-06,6.670759064169218857e-06,6.533589094193869792e-06,6.415616863167758165e-06,6.362702479105086585e-06,6.236170825276117545e-06,6.127122518887512557e-06,6.021940540883793320e-06,5.969113161708702241e-06,5.856398397982510321e-06,5.758765977014869201e-06,5.706534718359287939e-06,5.602084301110052263e-06,5.511268671104868218e-06,5.423293216922451257e-06,5.362945114681687775e-06,5.278304024312439241e-06,5.196195383794070719e-06,5.146110142721102336e-06,5.058824890470071981e-06,4.982059413686598303e-06,4.907439047545050977e-06,4.851871876624877511e-06,4.779985249708851526e-06,4.710029660696224052e-06,4.662903895345515868e-06,4.589143961607422937e-06,4.523466951848608478e-06,4.477787935619111307e-06,4.408771589918225429e-06,4.347027291847075354e-06,4.286790502946718390e-06,4.238163586866983299e-06,4.180041347775222298e-06,4.123291379719454689e-06,4.081007351948934041e-06,4.021889803858765992e-06,3.968362300841523023e-06,3.916035955351892588e-06,3.871999411123260265e-06,3.821455049660127989e-06,3.772011597042089578e-06,3.733138670199838129e-06,3.682060964553575981e-06,3.635293912239216179e-06,3.597874970594382864e-06,3.549707963195873255e-06,3.505429136953792721e-06,3.462048265530110608e-06,3.426467566219856310e-06,3.381995363420470745e-06,3.340862430619227188e-06,3.306653731261521437e-06,3.264600210241304193e-06,3.225564715125144132e-06,3.187272060200307874e-06,3.152878645496725804e-06,3.115802462886472626e-06
2.484803938859172630e-06,2.505052125039939120e-06,2.539781516264668668e-06,2.581062906948647319e-06,2.618105023122585236e-06,2.638931507410665601e-06,2.683331702549340055e-06,2.723010798126840231e-06,2.744310885437662052e-06,2.792159436574787190e-06,2.834752647581074147e-06,2.878716386357607574e-06,2.900457302973253483e-06,2.953985260555395170e-06,3.001345290072582392e-06,3.023451361434481314e-06,3.081447346061149700e-06,3.132588755014065675e-06,3.154999786138331213e-06,3.207882251856991000e-06,3.273339142013980245e-06,3.330777664817238796e-06,3.353277479307532551e-06,3.424611589461245232e-06,3.487058336490298765e-06,3.509642551823528751e-06,3.574366232432257365e-06,3.655650303125108284e-06,3.726592470699644589e-06,3.748845652134138691e-06,3.837980013720840875e-06,3.915701006371162314e-06,3.937703869692156323e-06,4.035689449085060228e-06,4.121109201669185722e-06,4.142687690250332308e-06,4.231615152546406740e-06,4.344867910885441190e-06,4.443689961202527927e-06,4.464032044050319409e-06,4.589358723364406209e-06,4.698935697850266307e-06,4.718309470488138356e-06,4.832879809350253051e-06,4.979299841098047105e-06,5.107944842597256986e-06,5.125185319601443655e-06,5.288316871665466929e-06,5.432340160021816659e-06,5.447919230186990624e-06,5.630140631640820448e-06,5.792005876899065669e-06,5.963774932671424902e-06,5.976190676467326828e-06,6.192304541064110491e-06,6.386574983160399628e-06,6.396579531636495557e-06,6.639589858285132657e-06,6.860194899003210472e-06,6.867497392559841094e-06,7.101709604256682981e-06,7.392936894284055232e-06,7.662122757476234268e-06,7.665212485019646269e-06,7.994708095181634480e-06,8.303601623532732120e-06,8.303783681736446448e-06,8.634642836512162968e-06,9.033233809420397172e-06,9.416368732474191740e-06,9.413386592809549211e-06,9.866701922437750755e-06,1.031083223480445711e-05,1.030651162880831905e-05,1.082284719708163699e-05,1.133959212921156804e-05,1.133551549767328100e-05,1.189722887835040835e-05,1.252767115553623793e-05,1.318202355363143548e-05,1.318531941132497012e-05,1.390514570290311166e-05,1.467297883035989459e-05,1.468631166663964632e-05,1.553112910986758353e-05,1.641154504724228356e-05,1.739508988731442113e-05,1.744136857996884057e-05,1.844513761263924081e-05,1.960608605825429478e-05,1.968832776789770464e-05,2.083000515915361389e-05,2.220198828541002065e-05,2.233862145535105227e-05,2.387521370811707423e-05,2.525414163737718664e-05,2.702189393001595578e-05,2.729622124918103885e-05,2.884425413619376533e-05,3.092981828556428916e-05,3.134229948442334367e-05,3.370433287114687348e-05,3.551556554457108871e-05,3.817456259411822802e-05,3.890783622585191525e-05,4.087531264999030628e-05,4.396987009779613901e-05,4.501069509903845206e-05,4.853396943809128996e-05,5.065821998000235541e-05,5.445865988603873525e-05,5.615591335005005118e-05,5.827144249969183458e-05,6.252192217505201191e-05,6.480576232184395615e-05,6.676020314656977460e-05,7.137419158436524578e-05,7.437457038530816144e-05,7.948816266307225662e-05,8.073908700145207736e-05,8.549340911749494371e-05,8.975993464240156498e-05,9.014409679131755147e-05,9.455925194948304631e-05,9.978127617864193937e-05,1.041935773115358941e-04,1.025945875465748700e-04,1.055032124415468126e-04,1.121092161172196946e-04,1.090815863970880675e-04,1.105268648797076247e-04,1.181540686568421683e-04,1.141037230629517185e-04,1.140481766140504139e-04,1.227059909042639411e-04,1.215883919991862599e-04,1.174508891489005525e-04,1.155973544196223511e-04,1.248060073861493203e-04,1.225548935541156612e-04,1.210346154699209120e-04,1.300375275825230810e-04,1.283801748518824989e-04,1.300803668782724465e-04,1.306754775286629252e-04,1.374762775931482120e-04,1.404874179286873563e-04,1.417417737425456174e-04,1.452167487952358183e-04,1.464259152307666027e-04,1.458521657778718162e-04,1.458521657778718162e-04,1.446518448864085376e-04,1.421022496698678310e-04,1.375841510116271153e-04,1.328959980304252921e-04,1.267247843459957468e-04,1.184242262175555282e-04,1.120355313570504485e-04,1.049643456120315135e-04,9.912503051994557665e-05,8.931784638560878774e-05,8.383213236030261561e-05,7.903098238460233007e-05,7.032231240548431658e-05,6.640908727256284111e-05,6.394467733056119583e-05,6.088972445680523415e-05,5.462593161241407016e-05,5.221233552090779733e-05,5.178661426424241226e-05,4.727525466748685708e-05,4.547926439787500241e-05,4.568819086790923303e-05,4.243584320165644274e-05,4.079728913426632287e-05,4.104625494642658631e-05,3.911254319950303849e-05,3.696791598604767261e-05,3.521251765379301423e-05,3.506786647915101092e-05,3.348228766213955370e-05,3.174871962334849512e-05,3.139123864627733896e-05,2.957457254780554800e-05,2.858764654813795411e-05,2.699470481281219804e-05,2.643252415079913950e-05,2.574999065959269950e-05,2.431549994201370453e-05,2.370143849946909848e-05,2.324648047886954181e-05,2.198060632534213699e-05,2.135346421645584051e-05,2.018296902809525777e-05,1.995848177239073370e-05,1.893740120504603134e-05,1.834046652212353498e-05,1.820836576767663028e-05,1.732747040126962181e-05,1.676257580352431999e-05,1.597662123508242023e-05,1.592973502608549096e-05,1.523104284337626562e-05,1.472956672994717202e-05,1.470823175359516976e-05,1.410481831559532661e-05,1.364239106003077207e-05,1.311145977662264836e-05,1.311047967088927812e-05,1.262792837427398938e-05,1.222696177939222321e-05,1.222632495139628069e-05,1.180539675413433557e-05,1.143909708752472125e-05,1.143508648117866676e-05,1.106617252667052536e-05,1.073217992718892652e-05,1.040750319531043391e-05,1.039805483691110896e-05,1.009515097703785207e-05,9.807218154536577890e-06,9.791222109272431211e-06,9.522295924787190400e-06,9.259851206967040877e-06,9.021323989776969786e-06,8.997787464692374800e-06,8.772209018352258077e-06,8.544917346234547818e-06,8.515851441204724050e-06,8.313062186847136202e-06,8.105371736520649450e-06,8.071658547533163856e-06,7.888589722117990779e-06,7.698615585540465007e-06,7.533794850033124424e-06,7.495200631114539290e-06,7.337423384848108210e-06,7.171183649963824739e-06,7.129810782491103192e-06,6.985878048254260964e-06,6.833170756596156477e-06,6.702113145157383273e-06,6.658003877203037203e-06,6.531870038200557109e-06,6.397065265373238097e-06,6.351710619219745102e-06,6.235628914266062919e-06,6.111228057286691493e-06,6.065148620451789945e-06,5.958022233926997977e-06,5.854871329192038589e-06,5.744105718362630449e-06,5.697554551130010531e-06,5.601935505036009952e-06,5.499252563566118698e-06,5.452880854975484781e-06,5.364042610201048352e-06,5.268705021660705556e-06,5.185936674536515354e-06,5.140073648301058637e-06,5.059938002556261819e-06,4.974127769034688315e-06,4.929010148883053570e-06,4.854146697995435789e-06,4.774137022939077050e-06,4.703867507776571614e-06,4.659862480315005949e-06,4.591751839858194426e-06,4.519226866546719655e-06,4.476289602372630971e-06,4.412371981413514070e-06,4.344486756323076470e-06,4.302696798175255286e-06,4.242626291947065440e-06,4.178998873355165753e-06,4.122142816392333997e-06,4.081878261651895679e-06,4.026717090356081507e-06,3.968550824775258679e-06,3.929539891713821130e-06,3.877515596451183079e-06,3.822811716705682413e-06,3.773331638179554613e-06,3.735943917380474126e-06,3.687913648104031149e-06,3.637636896881433202e-06,3.601521647399275679e-06,3.556087260410594227e-06,3.508658237991892929e-06,3.473803114694460460e-06,3.430780346853979363e-06,3.388644523503157777e-06,3.344847521669708768e-06,3.311595631114603254e-06,3.271634630063632279e-06,3.230204352198200751e-06,3.198163576316067532e-06,3.160230997775074044e-06,3.121000736138785056e-06,3.084611043849505446e-06,3.054101999793713345e-06
2.435643785613530034e-06,2.469425402164888146e-06,2.504179476277551706e-06,2.539956986198420287e-06,2.565058963346124891e-06,2.602252335908150237e-06,2.640586322059459498e-06,2.666713323965269395e-06,2.706600151543454508e-06,2.747761739151801001e-06,2.797960754127669336e-06,2.817817039856167795e-06,2.862114920776314170e-06,2.907925384375310456e-06,2.936572825541072333e-06,2.984359464685388658e-06,3.033849216079612084e-06,3.063624935325345475e-06,3.115303935100600869e-06,3.168906237496383674e-06,3.224553773515189507e-06,3.255867312702377548e-06,3.314080618087079598e-06,3.374614561526086276e-06,3.407097330416809043e-06,3.470496760967834411e-06,3.536537288554400525e-06,3.605399038796331179e-06,3.639443372157377067e-06,3.711709420496135409e-06,3.787201786125727904e-06,3.822402214327954018e-06,3.901729637482859700e-06,3.984757935433192060e-06,4.021082540301260087e-06,4.108445946898162328e-06,4.200067598843042804e-06,4.296266516840025375e-06,4.334001492261718189e-06,4.435455112425001260e-06,4.542200735706004630e-06,4.580889732923134696e-06,4.693630272268849061e-06,4.812507701919939578e-06,4.938010723602418329e-06,4.977762323630133884e-06,5.110641634461952156e-06,5.251240419847647035e-06,5.291569519476197209e-06,5.440662847140543802e-06,5.598776469609179909e-06,5.797611151038080575e-06,5.807358505112476036e-06,5.985859845516116306e-06,6.175839064894075944e-06,6.216389258375778645e-06,6.418698146926475216e-06,6.634515408041911778e-06,6.674467429507426642e-06,6.904663660912202852e-06,7.150799497065984267e-06,7.414305676363105390e-06,7.452533935372588801e-06,7.734349132164169104e-06,8.036737942439255462e-06,8.072783749518228571e-06,8.396702092720540408e-06,8.745040869030614356e-06,9.120069492607961302e-06,9.151666934645591247e-06,9.554437163175861592e-06,9.988977038935203489e-06,1.001579342982692405e-05,1.048317758934592802e-05,1.098843082722282538e-05,1.100893559303597731e-05,1.155315493290374368e-05,1.214255698077223212e-05,1.278143989763397655e-05,1.279062623070223399e-05,1.348026310506504093e-05,1.422895351534887899e-05,1.422704875311499535e-05,1.503612181099392036e-05,1.591561803358792918e-05,1.687213145850394413e-05,1.685134537726703358e-05,1.788649524910480233e-05,1.901317618087068964e-05,1.897480484488078657e-05,2.019475249694228415e-05,2.152303391417945876e-05,2.146399431241432653e-05,2.290248387414286677e-05,2.446839628235575984e-05,2.617219573583886606e-05,2.608111277118184431e-05,2.792498036483473213e-05,2.992848963547881802e-05,2.981091177412349490e-05,3.197621922485188137e-05,3.432336354701943676e-05,3.686285044757853051e-05,3.670968031533595707e-05,3.944270383452897491e-05,4.238593814537085810e-05,4.220959697397511090e-05,4.536248064215339394e-05,4.873471091680429810e-05,5.232448223731423826e-05,5.213066970422094331e-05,5.593002782579003385e-05,5.992658473603197585e-05,5.973876784429452472e-05,6.391630083374379644e-05,6.823574081874944381e-05,6.808290263408439582e-05,7.251776212735132386e-05,7.698974480021454907e-05,8.141903260633462543e-05,8.140110381305547130e-05,8.574924326418429060e-05,8.985708984840710630e-05,9.008250103969350851e-05,9.394184719654990687e-05,9.730821018861511324e-05,1.000268437121317020e-04,1.010124609971205104e-04,1.032431561944979558e-04,1.045872394828540865e-04,1.067337794085051258e-04,1.076114392428203083e-04,1.074914085615429461e-04,1.114786628862343671e-04,1.111021526167248484e-04,1.098384535367086511e-04,1.078463347767614718e-04,1.150017886520160400e-04,1.133076253253890764e-04,1.114505147245059091e-04,1.205368289476171857e-04,1.192782029198056928e-04,1.185162522800468302e-04,1.186239236030876116e-04,1.275606670324523357e-04,1.280406576253424202e-04,1.293501653293614750e-04,1.352527225174094663e-04,1.356699075852908754e-04,1.361406949021322366e-04,1.370516218832089773e-04,1.362701868290967029e-04,1.353592598480199622e-04,1.330457896258164586e-04,1.300219708507690207e-04,1.241194136627210294e-04,1.191491812075420615e-04,1.139029278037069585e-04,1.049661843743422614e-04,9.914937172627905321e-05,9.357273532292831114e-05,8.825295916061086181e-05,7.916664493749961233e-05,7.460206004534714118e-05,7.038077801737470092e-05,6.322532415379574335e-05,6.007755434905130991e-05,5.715295279790915815e-05,5.437833917967140306e-05,5.039112359651181527e-05,4.840539549347181553e-05,4.641574830870617353e-05,4.427002571086042365e-05,4.271586078178535491e-05,4.105962744732843619e-05,4.007896624822728166e-05,3.859448694247911976e-05,3.699228516523628762e-05,3.530620594841260416e-05,3.509990814739145882e-05,3.347029086354832419e-05,3.180219945486801832e-05,3.185343280674203265e-05,3.023111984870419875e-05,2.861940034819942792e-05,2.704313035559326146e-05,2.724483165276195151e-05,2.574166905816428516e-05,2.430196980654662970e-05,2.454451207102483889e-05,2.318388076473755580e-05,2.190031555585885496e-05,2.214949784499159826e-05,2.094372136253051293e-05,1.981794934209414017e-05,1.877172060460912593e-05,1.899820141974986029e-05,1.802043340666341286e-05,1.711637028201901220e-05,1.731306894489771208e-05,1.646805656161073384e-05,1.568889543494226486e-05,1.497144309136377022e-05,1.512243106131901311e-05,1.445089004755434240e-05,1.383268050747777682e-05,1.394964472298164813e-05,1.336982169878664969e-05,1.283558924863549445e-05,1.234319459506295384e-05,1.241901028877437030e-05,1.195561895174196800e-05,1.152762216573463698e-05,1.157689670846979368e-05,1.117323538780536714e-05,1.079944473384975770e-05,1.082613717543574366e-05,1.047289552482988010e-05,1.014484203197670135e-05,9.839725215047543627e-06,9.842171215044446207e-06,9.552832904824613014e-06,9.282845509252338843e-06,9.271048881698337599e-06,9.014604188886078201e-06,8.774515131329410641e-06,8.549335763262774885e-06,8.523004572832043463e-06,8.308478374893329922e-06,8.106602498363533815e-06,8.072166236000469577e-06,7.879598565327011997e-06,7.697798056651161612e-06,7.657222208528907087e-06,7.483606153612423028e-06,7.319185794849053205e-06,7.163200208430451337e-06,7.116911993335740339e-06,6.967611747126328556e-06,6.825558475008227822e-06,6.776467664755304209e-06,6.640384078188534324e-06,6.510551275361177749e-06,6.386487079994229486e-06,6.335182700569111545e-06,6.216118537991127954e-06,6.102063122376435250e-06,6.049990600490577222e-06,5.940457991271875443e-06,5.835291997963429185e-06,5.794921878749939409e-06,5.681980908677143304e-06,5.584743054890556656e-06,5.491066278461533535e-06,5.439277674197729537e-06,5.349138600656976122e-06,5.262137589246750721e-06,5.211090580966134347e-06,5.127331528637992031e-06,5.046348542455655000e-06,4.967969845154926882e-06,4.918287378035753838e-06,4.842747891769688254e-06,4.769527086125208441e-06,4.721069725881168134e-06,4.650469804638375627e-06,4.581941756786705120e-06,4.515370211664038722e-06,4.468723978450844760e-06,4.404477652645791223e-06,4.341989939007149092e-06,4.296787317007846634e-06,4.236458127435447198e-06,4.177714857153330581e-06,4.133996834085636609e-06,4.077260245695406014e-06,4.021958339636995412e-06,3.968022430342873225e-06,3.926309689940324198e-06,3.874177616530829845e-06,3.823287558543992790e-06,3.783076284203607012e-06,3.733870028510732980e-06,3.685796192374676223e-06,3.638806150121502503e-06,3.600569666914825825e-06,3.555104528240647538e-06,3.510631949198736865e-06,3.473844344035987483e-06,3.430799867282716606e-06,3.388666593646160458e-06,3.356245475125595978e-06,3.312498238733322384e-06,3.272542065025624468e-06,3.233393200396066821e-06,3.199842216745001565e-06,3.161915138762555624e-06,3.124733610988011068e-06,3.092498912650702894e-06,3.056465604737071594e-06,3.021122181451018853e-06,2.986445452075825573e-06
2.395867730804059416e-06,2.435059579145726304e-06,2.469939467400059986e-06,2.487589070450341654e-06,2.523530745723256971e-06,2.567159180182507128e-06,2.585075022345539314e-06,2.623632557851021632e-06,2.670728818809277129e-06,2.712255080710578860e-06,2.730322306751117220e-06,2.781266602807347050e-06,2.826049848263247790e-06,2.844248309084423379e-06,2.890509743765220557e-06,2.947886376739932299e-06,2.966144605281301957e-06,3.016200753929174498e-06,3.078611506431867021e-06,3.133133671212523929e-06,3.151151572958466572e-06,3.207609362936984752e-06,3.278542809178621673e-06,3.296381289936748664e-06,3.357909103622794267e-06,3.435520769711377476e-06,3.503138520632962673e-06,3.520310195853205932e-06,3.590545030742070158e-06,3.679602676367738361e-06,3.696258452632644390e-06,3.773413377759007039e-06,3.871452130908321610e-06,3.887423239919120065e-06,3.972458788975473299e-06,4.080641231853402326e-06,4.175320305372650381e-06,4.189777409425585562e-06,4.288680159607385132e-06,4.414528389215370201e-06,4.427809551449804784e-06,4.537798621423981458e-06,4.677531894855202129e-06,4.801154353499590822e-06,4.812167645291512011e-06,4.941990433991831317e-06,5.106155075997691421e-06,5.115429514447419205e-06,5.261188872905269845e-06,5.444574275011208256e-06,5.609875295824744252e-06,5.616143687764963160e-06,5.821455093820637413e-06,6.008359012318792615e-06,6.012396886029226189e-06,6.210496494580299168e-06,6.454846446319744500e-06,6.456516593624871753e-06,6.681997331003215646e-06,6.957045627453710732e-06,7.215497100293160492e-06,7.213931281902900646e-06,7.490091774828712995e-06,7.820108846417798154e-06,7.816518053923465588e-06,8.133916295859191774e-06,8.507051890844902672e-06,8.872873864924573999e-06,8.868076839242121197e-06,9.262601766378647338e-06,9.713099908207322643e-06,9.708638392917116484e-06,1.016618680245490026e-05,1.067699420031533993e-05,1.067482713539940454e-05,1.120716297189297566e-05,1.178656827496704973e-05,1.240198011140020567e-05,1.241082383430323408e-05,1.308423431210653893e-05,1.378573128559329987e-05,1.380736428754857568e-05,1.459622544232188678e-05,1.539084153103815892e-05,1.630042170804926535e-05,1.635864095066057311e-05,1.736498415158340704e-05,1.832181168534912792e-05,1.841780086076139476e-05,1.960111593769894612e-05,2.067723514491644942e-05,2.082786004777645108e-05,2.221955208243578265e-05,2.342323201660183950e-05,2.500531378821582796e-05,2.528672654766716076e-05,2.706215626643886834e-05,2.846850793721291924e-05,2.887653653825839140e-05,3.095428552586788451e-05,3.248825585584098083e-05,3.479764158680109435e-05,3.548723225725871445e-05,3.809393888354197335e-05,3.978410936219660974e-05,4.073492424714869728e-05,4.372932643584390589e-05,4.546560329961455620e-05,4.865716128127330813e-05,5.014530400850720598e-05,5.372903317591298529e-05,5.537101519221700034e-05,5.732523269262611071e-05,6.124828073072175719e-05,6.265298530294613488e-05,6.516394967123050215e-05,6.931183375450036398e-05,7.028122425344734134e-05,7.413215762784805822e-05,7.760652872088834840e-05,8.165735042464482155e-05,8.148674104403643564e-05,8.568043833029059537e-05,8.927146037618540885e-05,8.806683877149553070e-05,9.054891141326898072e-05,9.579222274671323910e-05,9.786989480722128724e-05,9.490865889397188785e-05,1.009344400432803037e-04,1.017192498503999108e-04,9.806645589030303981e-05,1.049167882766588824e-04,1.044525308921306401e-04,1.009135100197488605e-04,9.966876533791730382e-05,1.071780933254536165e-04,1.053120762275028499e-04,1.034939662959454741e-04,1.111778130878946983e-04,1.096256218509730128e-04,1.100453174013344576e-04,1.099759049702247376e-04,1.165337268856013150e-04,1.167566998084608595e-04,1.196281304246798457e-04,1.242648739109523807e-04,1.250346961885706826e-04,1.270074210327103766e-04,1.275384307297644482e-04,1.279643040827673449e-04,1.279643040827673449e-04,1.268704865403342901e-04,1.247829879400021982e-04,1.215404561678668318e-04,1.179443299013949333e-04,1.122208180181607292e-04,1.066050176741548507e-04,1.015838132555024168e-04,9.386143273607471752e-05,8.856361505207475341e-05,8.309872831908860153e-05,7.853650960455498767e-05,7.067806570972192802e-05,6.680042152778042463e-05,6.333212048950138820e-05,5.669082651657027369e-05,5.385298937918161464e-05,5.233540071376770230e-05,5.005906819675963026e-05,4.536759386446415684e-05,4.506673320271282985e-05,4.337964955005759322e-05,3.995664978845292481e-05,4.022073528359908727e-05,3.874873561201013698e-05,3.622611576528084713e-05,3.489907531418951533e-05,3.509773087348759188e-05,3.354396966801504571e-05,3.183044250901753881e-05,3.185025177286952228e-05,3.029530028628552279e-05,2.899870999776109343e-05,2.758717072801818794e-05,2.730573621341700206e-05,2.582259507460565442e-05,2.498268810295537856e-05,2.457883772840863633e-05,2.321637316153760220e-05,2.261576164262677806e-05,2.213874210504300900e-05,2.091795362032201417e-05,2.050199866938501767e-05,1.943073091803224048e-05,1.891579469102398260e-05,1.791426664839977656e-05,1.769305387339543809e-05,1.718285156998018676e-05,1.631504536547220794e-05,1.617723571090887147e-05,1.541099019760411092e-05,1.493577218841850852e-05,1.424489022931460477e-05,1.418820147772916589e-05,1.374123287912886948e-05,1.314564971237652721e-05,1.311693480116461500e-05,1.258213284955757154e-05,1.218613843562551337e-05,1.171165899549831419e-05,1.170764464518876679e-05,1.134241945988990848e-05,1.093043423523043551e-05,1.093060774033187569e-05,1.059514520649285573e-05,1.023583095764571255e-05,1.023598947078879101e-05,9.904912265855957864e-06,9.613892111882373965e-06,9.321236165565089995e-06,9.319566292225053909e-06,9.053459744925034826e-06,8.794971238785957349e-06,8.788704105385537407e-06,8.546773655088066754e-06,8.316105667386632639e-06,8.101131373255640068e-06,8.089188166414317742e-06,7.878235084547074033e-06,7.685849485225123572e-06,7.669130746649882976e-06,7.476124639860176779e-06,7.303149933255380626e-06,7.282169418731149680e-06,7.117661556116778252e-06,6.949237675213053216e-06,6.801211775792605402e-06,6.775531759095897131e-06,6.620939246177997897e-06,6.486297057744642617e-06,6.457645994762928920e-06,6.328580066852904754e-06,6.192636938899419989e-06,6.075287442244022635e-06,6.043497650234429475e-06,5.918202945013462243e-06,5.810398459310622981e-06,5.776889354420026527e-06,5.672989848567435163e-06,5.561890476393638898e-06,5.527126336590592682e-06,5.431241198998762309e-06,5.328389519154433037e-06,5.239993878174065103e-06,5.204042465151456108e-06,5.108680626817078180e-06,5.026593369975512022e-06,4.990236697588547839e-06,4.910771937974869501e-06,4.825271067759813503e-06,4.751358572996941697e-06,4.714762697151561137e-06,4.635141259551589285e-06,4.566076775457739492e-06,4.529659779742203213e-06,4.462672592997450074e-06,4.390743234691278914e-06,4.327953122102890676e-06,4.291941217415464000e-06,4.224683426390514577e-06,4.165716604065774939e-06,4.130257400629654355e-06,4.067279828573348231e-06,4.011815815602019085e-06,3.977016214904505771e-06,3.923138962921702564e-06,3.865719069079264212e-06,3.814771478681639991e-06,3.780897422477522288e-06,3.726935364994665507e-06,3.678831159274254753e-06,3.645786746157072823e-06,3.599025577260165009e-06,3.549535057661136395e-06,3.505087254825705763e-06,3.473147039973914142e-06,3.426483590980611010e-06,3.384383706595203830e-06,3.353353393054927725e-06,3.312407886468821997e-06,3.269387578062042229e-06,3.239279704512461409e-06,3.200450957288570969e-06,3.159768061750763720e-06,3.122645758606100081e-06,3.093728818015507324e-06,3.055216375835720177e-06,3.019929819097454471e-06,2.991938620302217133e-06,2.957600749926234688e-06,2.921873738574463838e-06
2.362471580147034827e-06,2.396215770974333801e-06,2.418317663984471678e-06,2.453389386401754844e-06,2.489581244263026596e-06,2.505936826490385045e-06,2.550145967045847283e-06,2.589049854474810154e-06,2.629280467383694857e-06,2.653304382954845084e-06,2.695221506861170271e-06,2.738629770375908688e-06,2.763500549153257558e-06,2.808774989545037236e-06,2.855729910161004347e-06,2.872077359015007440e-06,2.930480534896069853e-06,2.981405408574573873e-06,3.034351473323295277e-06,3.061214651761281777e-06,3.116596313061266331e-06,3.174271949212406678e-06,3.189924620633394399e-06,3.262377486009472112e-06,3.325388017114869110e-06,3.391188434040006641e-06,3.419981504657327325e-06,3.489027775114234706e-06,3.561262869094660576e-06,3.575445021736371741e-06,3.666721400463736665e-06,3.746271621642789480e-06,3.759641788825274301e-06,3.860236949165061309e-06,3.948128272390583418e-06,4.040532432013623273e-06,4.071623134858220948e-06,4.169053993498071366e-06,4.271692665991740985e-06,4.282109879855094999e-06,4.411634090870669433e-06,4.526033143595430284e-06,4.646930494689481649e-06,4.678885804906287948e-06,4.806838059900885153e-06,4.942338721193104298e-06,4.948568773113377534e-06,5.117956081362170313e-06,5.270362120478133363e-06,5.432279874342654588e-06,5.463908350904318962e-06,5.635938445688542202e-06,5.819084465784150686e-06,5.850018245391938989e-06,6.044888621231414954e-06,6.252778031899990415e-06,6.251463242995764790e-06,6.504088508516920004e-06,6.740888884350448057e-06,6.994289926951119090e-06,7.021674695906299254e-06,7.292332589738783824e-06,7.582527379120582907e-06,7.576455537457386118e-06,7.917681494292815495e-06,8.251099990818768984e-06,8.609587066499266631e-06,8.629484580436183529e-06,9.013765649346977947e-06,9.427645741058756948e-06,9.421807646639083120e-06,9.886858344881812788e-06,1.036604347561340240e-05,1.036315702062831686e-05,1.088976089981670075e-05,1.144598918293167792e-05,1.204723110017125501e-05,1.204544401357590554e-05,1.269257518981453137e-05,1.339284662017600163e-05,1.341586083438212258e-05,1.413539358677539051e-05,1.495234978586449330e-05,1.583734753246332535e-05,1.580917484921813969e-05,1.676333779219006822e-05,1.779729888812549136e-05,1.789666476644548638e-05,1.886935541025865925e-05,2.007742138352932486e-05,2.023175865121017855e-05,2.132019581526625314e-05,2.273048403953740568e-05,2.425645106221881181e-05,2.417174280221893705e-05,2.581480999955993886e-05,2.758948868734704805e-05,2.799660407572559576e-05,2.939256872343208989e-05,3.144725284479949921e-05,3.365589440993318327e-05,3.352618175925840490e-05,3.588904377223849372e-05,3.841651309401437160e-05,3.934289086583953678e-05,4.096248179478474406e-05,4.382079279210399607e-05,4.684292478816856609e-05,4.668944466888432144e-05,4.986818990438268305e-05,5.319047984856788711e-05,5.505401662531221607e-05,5.649801961766856020e-05,6.004822548398190755e-05,6.242421530439162217e-05,6.356110096395636258e-05,6.720586126258176513e-05,7.080854104348214184e-05,7.079856342379689798e-05,7.433266254285218430e-05,7.768223734732989283e-05,8.158392266491309476e-05,8.101294152810233908e-05,8.381036747173523647e-05,8.613550215032621791e-05,8.684548828008108092e-05,8.880883364267443039e-05,9.012709129295896405e-05,9.562530730835563583e-05,9.260740186389132859e-05,9.282602628425569164e-05,9.901020173399492207e-05,9.563860872076302647e-05,9.492986981934915509e-05,9.359260265073096228e-05,9.879889048464404245e-05,9.760559823417141361e-05,9.611606463928089273e-05,1.030501183270951494e-04,1.019944729597887644e-04,1.010677230833262742e-04,1.005971534401339161e-04,1.084466556616542132e-04,1.084755137091433194e-04,1.091890132504551639e-04,1.140125910260907988e-04,1.162985447548131753e-04,1.172637514573991599e-04,1.183877904137925263e-04,1.204989716258894568e-04,1.200782377199828430e-04,1.200782377199828430e-04,1.192118356735967494e-04,1.171006544614998189e-04,1.143081197085521434e-04,1.109989184675488525e-04,1.066052786195716823e-04,1.007186494652145933e-04,9.601137730803072502e-05,9.130186863933602325e-05,8.345236641781573973e-05,7.878366837180575768e-05,7.438768704277942993e-05,7.023421774087102050e-05,6.328308800889906143e-05,5.989439346096939187e-05,5.675844795758880270e-05,5.155216025236927357e-05,4.924975349244819318e-05,4.708814581162130215e-05,4.631129550937063328e-05,4.219992653029142093e-05,4.068129484484586401e-05,4.067252990076108054e-05,3.762560359841584398e-05,3.638159137222692730e-05,3.505641375705778812e-05,3.435091958317653484e-05,3.313915235022907372e-05,3.183903651165368370e-05,3.190781334660540284e-05,3.032026889878829427e-05,2.899403433851507097e-05,2.763673157143207266e-05,2.767236024672221879e-05,2.634667724063361719e-05,2.502563325050850677e-05,2.468418832058266201e-05,2.388012956160895766e-05,2.263545621860679974e-05,2.220728335517536191e-05,2.162364083102185635e-05,2.048362590606836870e-05,1.940085188801175258e-05,1.959826986455050026e-05,1.857577772771839181e-05,1.761455723599618091e-05,1.712641253061378334e-05,1.690108821840255674e-05,1.605695907555964870e-05,1.527146256495644797e-05,1.543804091418819909e-05,1.470138590251439323e-05,1.401822847480829860e-05,1.358220529535617608e-05,1.351996726936224286e-05,1.292665666204879753e-05,1.237792268864221173e-05,1.248670088502424034e-05,1.197118888575877896e-05,1.149438164984299201e-05,1.113558609622618248e-05,1.113005388937049505e-05,1.071468465151553093e-05,1.038465541850392333e-05,1.038512425783028213e-05,1.002209908891610702e-05,9.685293182721643572e-06,9.721471127680859472e-06,9.403014234274449028e-06,9.106893731782168247e-06,8.844597235061683708e-06,8.846364478061057328e-06,8.584894125485281621e-06,8.340831984724249401e-06,8.343126871576010743e-06,8.111237981244686615e-06,7.894168966006914358e-06,7.686174222344661173e-06,7.679346866937495080e-06,7.485420210340367256e-06,7.295067854137727881e-06,7.283807920508890166e-06,7.109796687892608022e-06,6.945683080821523575e-06,6.920131692751779233e-06,6.763326356268380275e-06,6.615006118602947426e-06,6.462644416915206331e-06,6.442684770114881149e-06,6.308099710279202189e-06,6.180231337575250772e-06,6.145065192649180222e-06,6.022476649914767459e-06,5.905691916055590726e-06,5.782323155195765330e-06,5.756012569165654861e-06,5.648978723223469781e-06,5.546601564922690491e-06,5.506877958761214573e-06,5.408459081474484226e-06,5.314100958499930658e-06,5.273485257400581979e-06,5.182709378135141862e-06,5.095487397857623066e-06,5.001678049564695056e-06,4.970479424644691174e-06,4.889633193259418424e-06,4.811699696168527987e-06,4.770664291704062335e-06,4.695536232490800020e-06,4.622982170760514406e-06,4.544717497987051014e-06,4.512300968440625795e-06,4.444602967699435806e-06,4.379048217892113541e-06,4.339123098791201010e-06,4.275823541521997979e-06,4.214436135261088740e-06,4.148359991648639393e-06,4.115974275845035669e-06,4.058383295347041300e-06,3.996503371741511520e-06,3.964445863479122210e-06,3.910323464835421029e-06,3.857656735162016865e-06,3.820682119971635459e-06,3.769737468558589488e-06,3.720107488409724472e-06,3.667098395486723140e-06,3.636148113162388653e-06,3.589313267889289346e-06,3.543612191388554460e-06,3.509115846808424853e-06,3.464859682885515907e-06,3.421635717528379424e-06,3.375796906825774895e-06,3.346363007082783506e-06,3.305433314837339162e-06,3.265405211123750727e-06,3.233467406122000877e-06,3.194666737039927466e-06,3.156692794461358203e-06,3.125842488656352453e-06,3.089021077851515126e-06,3.052959591446509912e-06,3.015110146221123779e-06,2.988202891418194607e-06,2.953924793304917719e-06,2.920320638179108001e-06,2.891938497215746486e-06,2.859325952689370895e-06
2.330594559811543994e-06,2.345392669348531195e-06,2.379345790584428708e-06,2.420933385544402750e-06,2.435827102386714047e-06,2.472293739972420798e-06,2.509997109108267432e-06,2.556593620620157238e-06,2.571406124498881485e-06,2.612052197341001140e-06,2.662544410028056141e-06,2.677301938890727368e-06,2.721229828412328102e-06,2.776057738969777118e-06,2.790683093377081064e-06,2.838281390397633729e-06,2.887757855214117879e-06,2.949925205040781429e-06,2.964062883754988269e-06,3.017907231548670691e-06,3.085789436309930167e-06,3.099552252155286075e-06,3.158318583927127187e-06,3.219670060155251488e-06,3.297334918787295948e-06,3.310198887964151314e-06,3.377478637986450936e-06,3.462768563829723094e-06,3.474937321262248318e-06,3.548948425140663191e-06,3.626580216472558360e-06,3.654137228120755379e-06,3.735813955248331630e-06,3.821651201245917899e-06,3.930420283955944106e-06,3.940085996569469780e-06,4.035310771403145687e-06,4.155706006607344492e-06,4.164101766817392219e-06,4.270097219614399760e-06,4.382057321008425035e-06,4.522821110408888056e-06,4.528973004315832408e-06,4.654275774415192741e-06,4.810942029145293110e-06,4.815404128336125787e-06,4.956125297155813024e-06,5.105532463867115456e-06,5.290267964633929863e-06,5.292040663925376846e-06,5.460754164140655375e-06,5.667397430277342662e-06,5.667240121494793329e-06,5.858410679205001437e-06,6.089958654968267371e-06,6.087875758857521890e-06,6.305229710717095328e-06,6.537617855706396639e-06,6.813432671219195497e-06,6.809162413087483137e-06,7.074759585015417528e-06,7.385006008054986206e-06,7.379618035677789756e-06,7.684136211310335936e-06,8.011208769228760301e-06,8.382723123081478147e-06,8.377950062916580693e-06,8.754717222467153296e-06,9.173599328418609433e-06,9.170659023596387679e-06,9.605870411601518896e-06,1.007512820135655812e-05,1.007938695164841833e-05,1.058338155007951390e-05,1.112749738955539223e-05,1.169442770756457121e-05,1.170935511073179419e-05,1.234156558096855317e-05,1.298013595663966152e-05,1.300982765687722786e-05,1.374562107575748002e-05,1.454170912976180663e-05,1.530439280361427571e-05,1.537270984684404264e-05,1.630067792062357126e-05,1.715457154797555862e-05,1.726113419958388254e-05,1.834307534203955675e-05,1.951372065411454321e-05,1.945479268874758557e-05,2.071552101278246501e-05,2.207849301406039080e-05,2.318771984179858204e-05,2.346989315876715554e-05,2.505316886223444604e-05,2.626525737599850105e-05,2.666218388734644746e-05,2.849444111811996926e-05,3.046419983710274573e-05,3.181534054929384902e-05,3.245823292430588726e-05,3.471524148269178919e-05,3.612860257792111732e-05,3.699328758604453362e-05,3.955363405292107345e-05,4.226767669263726857e-05,4.368775694498012899e-05,4.499440711999459368e-05,4.800072060220070041e-05,4.932829248907952556e-05,5.100858083597222513e-05,5.426122864647728165e-05,5.759988864862157569e-05,5.749988127093134477e-05,6.090549139387157774e-05,6.432252751023117350e-05,6.482755028891469063e-05,6.768981493123385853e-05,7.099595238433988314e-05,7.086568253537918753e-05,7.427796567887672778e-05,7.723109611110309141e-05,7.984851136616711491e-05,7.842068702561662491e-05,8.263834774009374998e-05,8.447224191481835084e-05,8.217892771095375076e-05,8.699874455804371479e-05,8.787199568757028873e-05,8.805047680867634878e-05,9.043609221706692210e-05,9.035046933034218220e-05,8.959050952600193095e-05,8.655497811316692925e-05,9.266251339332693001e-05,9.134751070632608359e-05,8.932954521036036368e-05,9.577319637060836529e-05,9.447474336142108753e-05,9.326908262299265335e-05,9.367465664479764347e-05,9.963964667704032594e-05,9.938502874444845626e-05,1.013612883822599063e-04,1.062714427621491280e-04,1.068283409047962146e-04,1.079055404087371733e-04,1.101873394455409646e-04,1.123817792133196213e-04,1.127066432887322342e-04,1.128633346461770142e-04,1.128633346461770142e-04,1.121330581847232259e-04,1.104854931823151466e-04,1.076724300061421524e-04,1.041990422482329845e-04,1.006152919883793011e-04,9.678042300851250035e-05,9.090723776934776486e-05,8.589930555478032890e-05,8.160005392261007490e-05,7.487296355048519286e-05,7.033999698679268880e-05,6.657184512142867304e-05,6.305734257384907888e-05,5.684390829765261052e-05,5.419294720159290230e-05,5.160941152106417358e-05,4.652282578160619412e-05,4.529132016836708951e-05,4.351760575878888394e-05,4.179595785534892700e-05,3.941043666799680931e-05,3.812823728725987365e-05,3.680461887080361150e-05,3.416079350683793995e-05,3.441476684067327639e-05,3.322421053106071667e-05,3.123510665715604980e-05,3.151008120829898451e-05,3.031071721616226351e-05,2.904679731484814307e-05,2.765886737242857264e-05,2.767362413572819807e-05,2.640329390586814982e-05,2.533131292410700813e-05,2.518709209044098707e-05,2.394305250104112673e-05,2.271817596448782837e-05,2.285119091159649714e-05,2.167315752655148934e-05,2.053533354398954958e-05,2.000659381286579305e-05,1.961701222396324793e-05,1.858514227919828268e-05,1.820696765087095875e-05,1.778520961037870622e-05,1.686561397173859823e-05,1.600321445281714016e-05,1.578937128541753207e-05,1.536170003101284317e-05,1.460642530340919867e-05,1.446684769192864840e-05,1.405089412370466744e-05,1.339271608543435883e-05,1.278244915615502886e-05,1.271829344413468946e-05,1.233603086393864969e-05,1.180610262618294421e-05,1.177063493373218713e-05,1.141250778594631555e-05,1.095192981061903163e-05,1.052568925396602388e-05,1.060136159790779419e-05,1.020023736244406548e-05,9.828652026513674507e-06,9.827225943342769981e-06,9.534645171242889036e-06,9.209595495999216131e-06,9.210779842637131735e-06,8.941667839810811481e-06,8.656229178390628711e-06,8.390616545628213800e-06,8.392976786269846286e-06,8.158557361210607889e-06,7.923760446315409803e-06,7.923326749374700652e-06,7.708433729611730185e-06,7.499948237503245499e-06,7.304660731601353246e-06,7.299191858367033179e-06,7.113239926046841899e-06,6.938554673000718443e-06,6.930425344131184432e-06,6.758758821353688776e-06,6.601807219083896155e-06,6.590007482595502535e-06,6.432471964420967094e-06,6.290845894919945346e-06,6.156815130816448817e-06,6.140801239082180491e-06,6.002691978975950145e-06,5.880903880725329968e-06,5.861987211056745528e-06,5.734840837049255322e-06,5.623749375063979897e-06,5.517870752132335271e-06,5.495747156683137281e-06,5.383464236357121445e-06,5.286284450008559084e-06,5.262215866177449961e-06,5.158430280189997291e-06,5.068939338338855584e-06,5.043318578768102932e-06,4.947249128870887254e-06,4.864583150872530385e-06,4.785121913221806073e-06,4.757879667060234890e-06,4.672120567927525941e-06,4.598355615292314801e-06,4.570316696966244044e-06,4.490586851228576596e-06,4.421934181219077631e-06,4.355607953232658573e-06,4.326811384917524321e-06,4.255079596826508730e-06,4.193097593045456642e-06,4.164067022366502356e-06,4.097094681792741307e-06,4.039050940403537847e-06,3.982738874128798333e-06,3.947351543787031441e-06,3.892889809574319905e-06,3.839979746785311863e-06,3.810984620377614620e-06,3.754088562311784774e-06,3.704290000511221639e-06,3.675573417544712950e-06,3.622167560049214604e-06,3.575222812637540356e-06,3.529471891026969995e-06,3.501205945303194494e-06,3.452367360579791454e-06,3.409129497921175710e-06,3.381350881280301784e-06,3.335344955060198825e-06,3.294428484306774740e-06,3.254451021265423730e-06,3.227353208762720870e-06,3.185038360677178937e-06,3.147129024818591855e-06,3.120640865646492535e-06,3.080652191413165203e-06,3.044664662197745954e-06,3.018816763536919084e-06,2.980984493566181699e-06,2.946786083418087327e-06,2.913280964977540926e-06,2.888276766635819506e-06,2.853239442126385983e-06,2.821348883448893124e-06,2.797027449243059503e-06
2.274713763534984802e-06,2.313808612505807933e-06,2.348111700086734585e-06,2.361610739866659617e-06,2.403802238365282995e-06,2.440722601584893104e-06,2.478954096892613307e-06,2.492264757523292510e-06,2.539639770740895333e-06,2.580947180533922322e-06,2.594117030919163326e-06,2.645514170581276640e-06,2.690259132185056243e-06,2.703207831914427061e-06,2.759085202805359222e-06,2.807682319670808749e-06,2.858280656702128843e-06,2.870624160431929696e-06,2.934120614822963257e-06,2.989317148303205463e-06,3.001192755858429177e-06,3.070607767489169777e-06,3.130993821072960133e-06,3.194140295642873653e-06,3.205000762142917570e-06,3.284588080945073440e-06,3.353999027003392745e-06,3.364073855427654476e-06,3.451570657203406794e-06,3.528101675992086474e-06,3.537239329242945179e-06,3.617060614427851716e-06,3.718284300409748219e-06,3.807373356907144417e-06,3.814768021111550243e-06,3.926674171867497725e-06,4.025707469795846050e-06,4.031767134186588318e-06,4.155741624295398594e-06,4.266184069158921631e-06,4.382984689441556633e-06,4.386761766290025439e-06,4.531926735248111056e-06,4.662852538176974255e-06,4.664921512244008286e-06,4.826582524448771829e-06,4.973815989103693780e-06,5.130270364763642868e-06,5.129707160450407144e-06,5.320521144221580186e-06,5.497351649261546332e-06,5.494924758342941539e-06,5.708416651198631555e-06,5.908902071524728308e-06,5.904664822188527574e-06,6.143901149953592647e-06,6.371900020908396674e-06,6.615700624920215503e-06,6.609579399279190232e-06,6.894552495349692646e-06,7.173085285726753283e-06,7.166122561872777542e-06,7.486517056391675930e-06,7.805604317368784333e-06,8.148143759276451213e-06,8.142363362359164033e-06,8.525649729566798479e-06,8.919610801982159071e-06,8.916149525822832409e-06,9.347789591151524593e-06,9.801904262869478175e-06,9.803061288415405679e-06,1.029667391476322502e-05,1.081360618775635786e-05,1.137891317218961547e-05,1.139483958679100846e-05,1.197642695016944126e-05,1.263086830904224469e-05,1.266226401268619599e-05,1.331561832053646197e-05,1.407399084618588931e-05,1.489238216546382457e-05,1.496318099242354678e-05,1.573956991722218952e-05,1.668829094085017090e-05,1.679766825352511898e-05,1.766318580169549133e-05,1.876229976575350083e-05,1.892496729169753259e-05,2.014565668851075715e-05,2.115607539717418998e-05,2.252469734797750937e-05,2.280734799288785969e-05,2.391442823003925682e-05,2.549002997199928996e-05,2.588429028418675170e-05,2.708349050417705131e-05,2.888818777858949698e-05,3.081676361019294500e-05,3.144709829412773930e-05,3.275954122552207751e-05,3.494147983788878614e-05,3.578264904504794224e-05,3.713254769877511629e-05,3.957161829747175890e-05,4.213515201497806809e-05,4.339162939790252162e-05,4.469454150296056373e-05,4.748163041276175553e-05,4.908593301706146010e-05,5.025034631354290788e-05,5.319949167085620626e-05,5.520827223974720188e-05,5.840867414744534689e-05,5.911909412312202388e-05,6.208498111160597665e-05,6.477525406699610874e-05,6.498714562204203275e-05,6.774947744933343765e-05,7.093784107766927820e-05,7.049458413732173070e-05,7.283513741678375214e-05,7.482263429906689360e-05,7.872914270531707070e-05,7.705599755402152385e-05,7.828808178313495839e-05,8.271433521420133489e-05,8.033726731698494043e-05,8.072927141322076144e-05,8.570261651418642306e-05,8.556906294607827474e-05,8.259667774504574728e-05,8.171995342845731337e-05,8.722124904859318757e-05,8.471056369429769465e-05,8.356703471014742990e-05,8.937978446522747665e-05,8.797984137179990091e-05,8.708373190391348567e-05,8.637742304765154639e-05,9.189316704003895543e-05,9.267515624992801097e-05,9.288710076971961563e-05,9.768466961105873498e-05,9.951833526179445979e-05,1.003537438091137407e-04,1.015705890378187297e-04,1.043141518121288311e-04,1.057268835610028290e-04,1.060944542963155907e-04,1.063865590618348384e-04,1.063865590618348384e-04,1.055997325765668083e-04,1.041018524344322301e-04,1.017992423727300189e-04,9.842125357772306751e-05,9.510931969283782227e-05,9.153240796277447395e-05,8.723061899814659359e-05,8.153899156499606340e-05,7.745404896132634736e-05,7.309147394572650482e-05,6.694061314626357205e-05,6.328668613148656435e-05,5.987993025848686033e-05,5.689414755244839655e-05,5.140587310251577559e-05,4.888171422162066989e-05,4.718909646746273262e-05,4.272901703749004774e-05,4.101982780646971547e-05,4.040259868570737019e-05,3.896240460474410154e-05,3.580444837901258694e-05,3.462286553644432349e-05,3.469533228443350838e-05,3.232047429753710636e-05,3.131283352728767911e-05,3.153934081828133626e-05,2.972234347913734203e-05,2.872407033089832305e-05,2.765753655704574174e-05,2.771500324002374284e-05,2.642297053144421123e-05,2.533117232609567282e-05,2.524855468626778282e-05,2.423865499488477728e-05,2.314279186846603868e-05,2.292916186877147586e-05,2.177258560076203233e-05,2.108417371785882696e-05,2.004314668193269745e-05,1.969403792508538607e-05,1.918105081235741563e-05,1.821753532832762123e-05,1.782631377937628000e-05,1.745424115027102946e-05,1.658064859083840294e-05,1.575435891842800039e-05,1.534505432629126791e-05,1.512921114663398586e-05,1.439610700697683091e-05,1.399395597891159502e-05,1.385040676228421614e-05,1.320472366500876398e-05,1.260270382254504553e-05,1.222907310082277115e-05,1.216026187977983672e-05,1.163348170212237211e-05,1.128218024259871366e-05,1.124299432722786122e-05,1.078238407381581769e-05,1.045491562125314879e-05,1.004236949639680028e-05,1.003182150284395366e-05,9.657540960496493234e-06,9.368908654659941624e-06,9.366691993600867070e-06,9.038394187112378322e-06,8.772612771282203780e-06,8.774248643847928417e-06,8.485459213398468512e-06,8.216494948181517373e-06,7.984781600551272272e-06,7.988958375060337087e-06,7.751117624993123873e-06,7.538610731118508574e-06,7.540803329426104562e-06,7.329681713586577455e-06,7.134901997870207361e-06,6.946971710722783184e-06,6.946151780753878464e-06,6.769545111200291103e-06,6.599821237735792707e-06,6.595529243442646805e-06,6.437105160344505915e-06,6.281349549647784924e-06,6.273652398761358187e-06,6.130966495658556627e-06,5.996131013183676362e-06,5.859722110645516968e-06,5.848018216806315827e-06,5.725773305321690755e-06,5.600209077509997662e-06,5.585639128059155081e-06,5.474389684787585533e-06,5.368552533813643137e-06,5.257802122781110649e-06,5.239995148390599495e-06,5.143085418507488971e-06,5.040735123106050545e-06,5.020891070147437598e-06,4.931857174080008222e-06,4.837134458003550003e-06,4.815613912159921266e-06,4.733555216135847197e-06,4.654822930059638586e-06,4.570367452955573857e-06,4.547037105406109170e-06,4.474101392118592277e-06,4.395596120661178891e-06,4.371302083206072117e-06,4.303553414541276462e-06,4.238210527296841952e-06,4.167655309631460007e-06,4.142378192285332384e-06,4.081419703232632950e-06,4.015552194913679352e-06,3.989862901361402392e-06,3.932866578941336261e-06,3.871284958546549239e-06,3.818006950650635363e-06,3.791966009221914706e-06,3.740153667356959964e-06,3.684245832667414152e-06,3.658189594007388800e-06,3.609480764386350379e-06,3.557002530950888571e-06,3.531058213780890571e-06,3.485187634409852491e-06,3.440532610301370778e-06,3.392571137031084566e-06,3.366868158651447760e-06,3.324699687671395096e-06,3.279516462590558469e-06,3.254149998449722189e-06,3.214272679251643720e-06,3.175344260186845673e-06,3.133803016918774837e-06,3.108929672624557263e-06,3.072033285400932370e-06,3.032769862075387779e-06,3.008372946574463863e-06,2.973360969107656576e-06,2.936208868385559580e-06,2.912326607317884801e-06,2.879065665503943903e-06,2.846498490553397548e-06,2.812097604463013969e-06,2.788903781082152610e-06,2.757911350894436065e-06,2.725268137208623701e-06
2.244342188132511093e-06,2.277636575809100928e-06,2.296300059575232612e-06,2.330932882368069750e-06,2.366789520699919033e-06,2.411387815841983635e-06,2.423335477313221346e-06,2.462045886458333875e-06,2.502216105648214649e-06,2.522145721854407327e-06,2.564043019080837246e-06,2.607587025450284912e-06,2.628039873158301758e-06,2.673505556659488565e-06,2.720833254224972788e-06,2.780454793433576805e-06,2.791259490787841939e-06,2.842841944154809481e-06,2.896675593403865332e-06,2.918248733249546420e-06,2.974628455578464061e-06,3.033569301329245920e-06,3.108111151784013957e-06,3.117357771295515631e-06,3.182081393513042080e-06,3.249930560982428098e-06,3.272369815259109162e-06,3.343658397251558224e-06,3.418523858820489800e-06,3.441209424321964916e-06,3.519970354916343960e-06,3.602833802223931427e-06,3.690101501024162337e-06,3.712949780825856072e-06,3.804953351467640823e-06,3.902025388467564152e-06,3.924837877242692052e-06,4.027312712944757593e-06,4.135632528828310231e-06,4.270305143607538753e-06,4.272739485232571274e-06,4.393993550230422066e-06,4.522526739913469991e-06,4.544530046387693973e-06,4.680691628724737956e-06,4.825288890543980998e-06,5.001307009254063501e-06,4.999915176501950214e-06,5.163089171160790103e-06,5.336842199672429558e-06,5.356567601626347183e-06,5.541266581957262850e-06,5.738276513138038848e-06,5.756397053321446316e-06,5.966082888128086746e-06,6.190114630394126290e-06,6.450415439824970172e-06,6.444888793287815248e-06,6.700364836620251065e-06,6.973961150656399239e-06,6.986318433256165402e-06,7.278432755768950037e-06,7.591713756276568979e-06,7.938898749009589193e-06,7.935364129344069101e-06,8.294948948746337758e-06,8.681326116340346813e-06,8.684122669967276437e-06,9.097760312370939848e-06,9.542703869186456176e-06,9.539903445143182903e-06,1.001664212750232609e-05,1.052993439658712810e-05,1.108277055176234195e-05,1.107084474236120602e-05,1.166383281342899969e-05,1.230287807459572702e-05,1.228274452839970204e-05,1.296850884609725009e-05,1.370777068410601997e-05,1.439523739890529629e-05,1.447169417740745527e-05,1.532708265663396260e-05,1.624898496609632933e-05,1.620497815720545052e-05,1.719431092933376148e-05,1.825989790162536546e-05,1.820385677323237258e-05,1.934669340054798582e-05,2.057618499109188011e-05,2.189766783230041695e-05,2.182463834101633701e-05,2.323912791996736598e-05,2.475606817842127395e-05,2.467041684264224415e-05,2.629066084496556628e-05,2.802276201373254689e-05,2.917416729183268184e-05,2.977007390065067248e-05,3.173316096743306346e-05,3.381651190030325653e-05,3.370860691201204391e-05,3.591066178544101585e-05,3.823134852945507306e-05,3.940672088344960894e-05,4.055660816068184431e-05,4.309903536745364401e-05,4.573678838454600502e-05,4.563671058889029550e-05,4.835949291126035365e-05,5.114164916372928584e-05,5.106524506214653970e-05,5.389204966412049783e-05,5.671995825397322473e-05,5.950808176557410893e-05,5.950477761238192757e-05,6.223460184070703227e-05,6.482842230521919261e-05,6.494251891352949876e-05,6.739502262956944330e-05,6.959224136875943217e-05,6.847725623092191214e-05,7.191188178526173441e-05,7.351636278446474688e-05,7.467460085611952189e-05,7.561356609440223961e-05,7.648859719786119419e-05,7.683795958789377419e-05,7.856622530244662748e-05,7.869509418513873740e-05,7.829447466656400871e-05,7.738663553711289339e-05,8.065724711830023934e-05,7.974739934360086538e-05,7.850098646820391371e-05,8.310226981612314366e-05,8.207000000513759222e-05,8.097681595603955661e-05,8.067536881033170345e-05,8.592714684278012882e-05,8.543403616306181197e-05,8.536408510675465614e-05,9.128926676847802133e-05,9.152730135055089705e-05,9.225487067941540783e-05,9.448682960586844790e-05,9.753181500606415406e-05,9.829307646964713157e-05,9.911369950505571067e-05,1.006059683993085815e-04,1.002951894864198014e-04,1.002951894864198014e-04,9.965357105061032510e-05,9.816130215635746786e-05,9.614141162220835057e-05,9.373424742078674706e-05,9.003388483996591584e-05,8.624476925003161693e-05,8.270934046115644312e-05,7.912367852812642076e-05,7.319849686640306913e-05,6.950235872468446476e-05,6.597452466345837883e-05,6.031737026149961388e-05,5.693026219854941067e-05,5.403511944338510765e-05,5.134321593302613865e-05,4.674193258736704333e-05,4.465596942417048053e-05,4.271690593774641297e-05,3.944629565265723775e-05,3.804411683788390820e-05,3.669596575105913371e-05,3.537408727206730973e-05,3.364595871693448824e-05,3.263230521050450907e-05,3.157889823563544984e-05,3.064095876601572171e-05,2.973825835210601047e-05,2.876497611946611394e-05,2.717318769002546367e-05,2.739821430200929883e-05,2.640906242835667096e-05,2.536922943604109611e-05,2.526608950627502319e-05,2.424256368910385353e-05,2.319283291743549349e-05,2.321388050381687762e-05,2.218056888192528181e-05,2.114631147302328397e-05,2.012419827937711491e-05,2.022638420740481229e-05,1.923863422767210760e-05,1.827977739934534269e-05,1.840954742647274303e-05,1.749155974662794686e-05,1.661261042600636239e-05,1.626985012889823292e-05,1.591794718531048760e-05,1.512616475750350864e-05,1.437916623232815053e-05,1.451778783013783116e-05,1.381316126189845899e-05,1.315241782055601139e-05,1.301397118324472773e-05,1.265924525668196456e-05,1.207830800042163040e-05,1.153687770462291231e-05,1.164686830636173839e-05,1.113778177008246210e-05,1.066423497551867875e-05,1.075801604240262326e-05,1.031247702889568572e-05,9.898410490168422870e-06,9.513800142902156326e-06,9.585765368339751194e-06,9.223354993689305428e-06,8.886609683037026609e-06,8.943121020140119148e-06,8.625327049271653206e-06,8.329763447642402839e-06,8.330096918697976453e-06,8.092741576578994960e-06,7.832544290914109818e-06,7.590057970988545233e-06,7.615912459856188303e-06,7.386073583814427993e-06,7.171457355510712020e-06,7.186771880987278749e-06,6.983007296718900676e-06,6.792318296215380622e-06,6.613669212921066600e-06,6.617265376829716122e-06,6.447157848096301992e-06,6.287392856743543797e-06,6.283801663029301071e-06,6.131440022595819900e-06,5.987972701135359321e-06,5.982628840042194646e-06,5.841394795331853487e-06,5.712037013930163320e-06,5.589741086096396789e-06,5.573872484411021718e-06,5.456770863927345090e-06,5.345769640683327427e-06,5.334192694526860072e-06,5.219809249473549408e-06,5.118673781112056827e-06,5.022421894768245739e-06,4.999152407146444556e-06,4.906667473802231708e-06,4.818428937233065923e-06,4.793098566727775782e-06,4.708227943966818987e-06,4.627060393024278431e-06,4.608759280613027727e-06,4.522047956816495683e-06,4.447144542873389392e-06,4.375253402598537633e-06,4.346997861513208605e-06,4.277665506623498999e-06,4.210981338841999733e-06,4.189797808840067570e-06,4.117736603262932034e-06,4.055713611368652788e-06,3.995873667496470171e-06,3.966579015140501657e-06,3.908744220691817814e-06,3.852845208065968059e-06,3.823504594671243376e-06,3.769446641312155741e-06,3.717110876036858233e-06,3.666393417304889408e-06,3.637261753442381121e-06,3.588158774265316517e-06,3.540503374570806592e-06,3.511688011212503632e-06,3.465527608976001643e-06,3.420666257683372648e-06,3.397212701800377177e-06,3.348799764401117972e-06,3.306495617069248441e-06,3.265298726132958054e-06,3.237595583427417376e-06,3.197638582870090960e-06,3.158683556642914518e-06,3.135527543618660531e-06,3.093771800256052673e-06,3.056884401701181461e-06,3.020862537123661838e-06,2.994598017316021634e-06,2.959622224084854645e-06,2.925435810996454288e-06,2.899843198804801538e-06,2.866638840378171067e-06,2.834156379896539650e-06,2.812112512240951869e-06,2.777694815234138577e-06,2.746797489087807885e-06,2.716534354855131064e-06,2.692567646353067486e-06,2.663147775587997722e-06
2.215894425289148073e-06,2.226865777491625614e-06,2.260514210158242995e-06,2.302425029010023177e-06,2.338907773912323404e-06,2.349529973986919913e-06,2.394931431826324601e-06,2.434406264814143716e-06,2.444761225328206347e-06,2.485553339475408896e-06,2.536864016955908156e-06,2.546871908373421120e-06,2.591172448459471613e-06,2.647046726652959181e-06,2.695605895937744637e-06,2.704860734606787938e-06,2.765827816476710093e-06,2.818873063688279526e-06,2.827546935878062871e-06,2.882608909500902001e-06,2.952314711587042312e-06,3.013154352760460479e-06,3.020703180765585473e-06,3.097163447417924612e-06,3.164115514198378153e-06,3.170799747188389683e-06,3.240580890531083593e-06,3.328731209796810267e-06,3.334420975004754991e-06,3.411574769057960701e-06,3.508765716782422455e-06,3.594932935443215307e-06,3.598894663540129811e-06,3.689137693153330547e-06,3.802092509353863072e-06,3.804748853545874030e-06,3.905325369252606957e-06,4.030473444679760468e-06,4.143582161972151996e-06,4.144144297806209261e-06,4.283044691452545907e-06,4.409807206667305892e-06,4.408838032947259748e-06,4.542663069639868498e-06,4.705736072916241562e-06,4.857124119368601189e-06,4.853986329417902645e-06,5.035732352989345875e-06,5.206647689255860629e-06,5.202051160905653977e-06,5.383696969055857723e-06,5.598373191949272680e-06,5.592491117948369528e-06,5.798704462001980730e-06,6.038751897200136937e-06,6.273358290537963375e-06,6.266652629115718752e-06,6.535316682944149595e-06,6.802634320894357394e-06,6.795963155447894179e-06,7.083033885860021967e-06,7.402141667959243941e-06,7.729287641284978525e-06,7.725376904225106465e-06,8.083007125796850330e-06,8.457779096877551675e-06,8.457418119746069893e-06,8.863140102028685505e-06,9.288245249294591697e-06,9.293837943878283336e-06,9.760942217753793408e-06,1.023691912486457130e-05,1.076807101916746973e-05,1.079029607320044643e-05,1.137006547014563132e-05,1.193380182670326567e-05,1.197260803276258531e-05,1.264199489899168348e-05,1.327033335150590248e-05,1.402698688463564484e-05,1.410561812288701331e-05,1.480364811456163437e-05,1.567432938609623108e-05,1.579075038786452947e-05,1.675145286310385836e-05,1.756344377361549196e-05,1.773066731403923302e-05,1.883774846701176002e-05,1.972715801553106895e-05,2.095674547756666773e-05,2.123433988628619314e-05,2.259879455803724690e-05,2.360215994028647067e-05,2.397986249994371092e-05,2.553813596721477033e-05,2.660597170875075257e-05,2.829675654282671853e-05,2.887993624314420197e-05,2.999506801315104300e-05,3.188840861059126882e-05,3.265076536106856312e-05,3.475089714282296666e-05,3.587961649258586942e-05,3.806955506128219247e-05,3.917578721252847740e-05,4.025133859702899358e-05,4.260911726366467826e-05,4.399729658624879796e-05,4.657194049004959350e-05,4.742085988246159760e-05,4.913181783627294130e-05,5.179694555652591687e-05,5.236704807702441915e-05,5.483520498612355398e-05,5.708205021442182687e-05,5.964833077943029722e-05,5.955227208120189678e-05,6.218746650084192246e-05,6.449069346797984517e-05,6.380958136691447383e-05,6.551214548535808709e-05,6.870869664450578802e-05,6.738951109452259453e-05,6.851320312938387759e-05,7.211667934105951987e-05,7.292929178781632697e-05,7.069089036136462175e-05,7.472840763123439727e-05,7.481140201723216583e-05,7.233934032846456048e-05,7.178029462443724043e-05,7.628925473085395128e-05,7.532621571058306631e-05,7.318088614310128094e-05,7.802368667357543097e-05,7.687441708042704915e-05,7.571275094982189409e-05,7.495888741559544432e-05,7.977219957860237761e-05,7.988558578634563049e-05,7.977725736940720434e-05,8.425951893995506142e-05,8.430895134503532163e-05,8.602243837120122059e-05,8.696351440087118337e-05,9.020024846687988026e-05,9.194108946438841838e-05,9.277402250349878275e-05,9.435431513708516735e-05,9.459129437130394692e-05,9.469011880256681345e-05,9.469011880256681345e-05,9.416281814605751809e-05,9.295494188523110979e-05,9.092376527104259053e-05,8.869863354160070160e-05,8.574730370097734819e-05,8.185679052007611338e-05,7.854455307800781595e-05,7.470939317866618506e-05,7.135733453835148993e-05,6.622091116647249945e-05,6.283451556194754651e-05,5.941420102977028805e-05,5.429648115565630957e-05,5.147070502094291879e-05,4.899311671094137724e-05,4.672982919347667768e-05,4.240268759999046632e-05,4.100480812983106144e-05,3.940007603300007508e-05,3.593577236017349904e-05,3.464802795430126558e-05,3.431033113704148825e-05,3.318917103157407940e-05,3.072768169693726762e-05,3.083401402766968125e-05,2.990701076183982775e-05,2.802765631900073503e-05,2.720224980518478906e-05,2.740081190625865684e-05,2.593742962869377880e-05,2.510758178382107526e-05,2.524255301784833196e-05,2.427245455104240596e-05,2.320849653522554925e-05,2.322091038710193150e-05,2.223378127473242441e-05,2.138802570432380047e-05,2.047271810048104240e-05,2.029893423905625819e-05,1.933117564071480372e-05,1.873837443976849706e-05,1.848355290731863590e-05,1.757169447126480177e-05,1.711981372904199347e-05,1.629898052250621188e-05,1.597291080691150869e-05,1.563664835984141215e-05,1.488511463433515859e-05,1.454124857300268310e-05,1.382397810497013849e-05,1.361945451686502517e-05,1.297927290939997262e-05,1.263611729389208999e-05,1.249508484898556953e-05,1.192632956919183990e-05,1.159409660774569283e-05,1.107066895812252585e-05,1.099751247400651060e-05,1.068095093612020308e-05,1.022248290021069878e-05,1.017802562251705918e-05,9.764673149716723475e-06,9.478578204844087285e-06,9.105550151933669830e-06,9.090081560109204180e-06,8.823758057802878722e-06,8.497111008538654980e-06,8.491495181179189951e-06,8.193186344505843185e-06,7.958182389180082440e-06,7.958115526263320391e-06,7.694902983127061008e-06,7.478259065506640998e-06,7.243254274602035130e-06,7.247881845297278697e-06,7.048556937774240325e-06,6.840788025918826483e-06,6.844918574168952719e-06,6.651550821839510647e-06,6.477386979611957913e-06,6.304746435847242116e-06,6.307527993444231055e-06,6.147532774265999364e-06,5.993377241562323999e-06,5.993633049196918662e-06,5.848416795863631222e-06,5.708434810840686250e-06,5.706007312303856482e-06,5.575269084376195165e-06,5.446497488577333064e-06,5.328977393266119729e-06,5.323264164051211136e-06,5.211426511692991446e-06,5.098213722274064463e-06,5.089936482754161031e-06,4.988256634441165444e-06,4.883795889670460837e-06,4.791685192743643971e-06,4.780420415489622363e-06,4.683918040123675665e-06,4.599593151654278117e-06,4.586316282432689009e-06,4.505220965886487111e-06,4.419577462566475927e-06,4.404570129818136946e-06,4.329906378354280730e-06,4.250464659173892500e-06,4.181991450019066765e-06,4.165041581295974378e-06,4.098837291356780761e-06,4.027788386934537180e-06,4.009697244995651310e-06,3.948251740771584989e-06,3.882064736070111084e-06,3.825213195215380925e-06,3.805879333463384779e-06,3.744129082362934674e-06,3.691051176654916595e-06,3.671069754775843286e-06,3.619503871090021383e-06,3.563698761376442115e-06,3.515593340690004728e-06,3.494945789547052168e-06,3.442663429819890930e-06,3.397472493643843017e-06,3.376556701037476919e-06,3.332555599520548811e-06,3.284967775375814108e-06,3.263912010749552949e-06,3.222472515657920130e-06,3.177713769806526513e-06,3.138669017361297948e-06,3.117532827944923250e-06,3.079460821289525161e-06,3.038453449891463443e-06,3.017413061247920990e-06,2.981395424568405561e-06,2.942687252524180972e-06,2.908544675792666708e-06,2.887694196602781275e-06,2.851111709171155842e-06,2.818697770666972343e-06,2.798102822742975176e-06,2.766460364825502542e-06,2.732677778464326702e-06,2.712386606055618275e-06,2.682303985768758295e-06,2.650276635520245845e-06,2.621562280541441237e-06,2.601696609788745531e-06
2.166158038673720840e-06,2.199188073627514498e-06,2.233432240564327795e-06,2.268964139683414388e-06,2.285669047670396127e-06,2.322694229505358852e-06,2.361168714119243770e-06,2.378246630720731767e-06,2.418380566974407666e-06,2.460149200686234886e-06,2.468792291655059778e-06,2.521193797594797489e-06,2.566659191691572979e-06,2.614092876750267143e-06,2.631934711342810301e-06,2.681558797277744872e-06,2.733415104672820824e-06,2.751518109590737910e-06,2.805831844093989943e-06,2.862682361403724698e-06,2.922242985279091555e-06,2.940606072873741018e-06,3.003109583573725722e-06,3.068702635678703227e-06,3.087176878652705846e-06,3.156093929047630832e-06,3.228539956852986083e-06,3.232581671316428936e-06,3.323245254202626214e-06,3.403493838916698857e-06,3.488072963226192923e-06,3.506421980696357337e-06,3.595573623164888160e-06,3.689695053465788672e-06,3.690668218258450711e-06,3.807105139671970770e-06,3.912150154071357256e-06,4.023335541129438650e-06,4.040784860054842052e-06,4.158359283309555464e-06,4.283009958759274645e-06,4.299743552802281769e-06,4.431716111507492123e-06,4.571855375383368617e-06,4.720788788369797816e-06,4.736168158227507517e-06,4.894153103598357104e-06,5.062307480217638164e-06,5.076311789681984650e-06,5.254889623641238268e-06,5.445240166426322893e-06,5.438152581481120346e-06,5.659876218511654203e-06,5.875890607408095664e-06,6.106619869909639778e-06,6.115887453505414692e-06,6.361605826625239024e-06,6.624390306436962102e-06,6.630820428871672385e-06,6.910945982331846668e-06,7.210869917666538590e-06,7.532154597135410086e-06,7.533876584761338370e-06,7.876843301981219873e-06,8.244582599101256751e-06,8.241982871261993479e-06,8.634829421722169915e-06,9.056383960995221852e-06,9.062787605591806362e-06,9.499321180843634660e-06,9.983163580567530713e-06,1.050277303749299686e-05,1.048703300650467092e-05,1.104286111807270715e-05,1.163994169267469157e-05,1.168065131200571008e-05,1.225597148117468556e-05,1.294221986479164673e-05,1.367926809775860889e-05,1.364571027294083724e-05,1.443418438994857761e-05,1.528059936522812291e-05,1.523807038207170238e-05,1.614310858422669088e-05,1.711375513281874949e-05,1.728250535210823139e-05,1.809866929955371534e-05,1.920922540933189121e-05,2.039732035323225809e-05,2.033224878272233620e-05,2.159854976281379014e-05,2.294993319117818786e-05,2.332338850885678271e-05,2.431254592871697729e-05,2.584088867658945976e-05,2.746285190106776433e-05,2.737840818347521093e-05,2.909347969086948187e-05,3.090413813696471772e-05,3.081522861497304434e-05,3.271977208538352463e-05,3.471655500839020272e-05,3.680075541738652193e-05,3.671292399392797769e-05,3.887923756429009678e-05,4.111625030007280695e-05,4.103732409154181853e-05,4.333657499939040669e-05,4.567673281282421738e-05,4.730367830815206234e-05,4.798732937905382344e-05,5.035173167315302691e-05,5.267953697458181239e-05,5.267864656458744600e-05,5.495623945153514526e-05,5.712457306284165695e-05,5.959965938229595995e-05,5.926898135889458781e-05,6.112629491223351991e-05,6.273258381673964387e-05,6.307034771301086792e-05,6.446963250493661891e-05,6.552835277963188238e-05,6.622351324401736059e-05,6.705804131473939750e-05,6.748844699690253373e-05,7.119749664730038244e-05,6.900499580117625095e-05,6.883273735734414935e-05,6.824848138236501460e-05,7.067390547437560615e-05,7.005348922306955473e-05,6.912333278107539653e-05,7.351383653634866789e-05,7.181087648018018754e-05,7.087985511111018623e-05,6.994964099091792713e-05,7.469809168355462381e-05,7.412260186068865336e-05,7.378382010622864954e-05,7.891899169338645933e-05,7.890772801287602566e-05,7.927096915499631845e-05,8.005806997915975354e-05,8.439791144415249055e-05,8.513543982127186804e-05,8.610722326209526096e-05,8.878807832655469213e-05,8.915549107169721816e-05,8.942258659684349919e-05,8.982539106847378869e-05,8.945283107423414022e-05,8.905002660260386428e-05,8.794496352774338775e-05,8.647683068188624970e-05,8.379597561742683207e-05,8.133375383961020293e-05,7.864813087253326592e-05,7.430828940754052891e-05,7.110992822375552158e-05,6.792254658312761302e-05,6.479028297097291496e-05,5.965511138381511872e-05,5.665247349595981983e-05,5.382262036092539753e-05,4.907416966828875507e-05,4.666749648860648572e-05,4.444965065007937477e-05,4.273563798705821938e-05,3.890036595910991622e-05,3.733052501411486844e-05,3.586190664122688488e-05,3.343648613176557606e-05,3.236795215792484894e-05,3.132800117568146879e-05,3.123415633354987154e-05,2.902722861723751189e-05,2.821458396691010439e-05,2.736496267384860013e-05,2.667083360094666647e-05,2.592415716728608375e-05,2.512033371587871566e-05,2.478588787920323191e-05,2.401587323162835010e-05,2.319222449569785020e-05,2.324408268992602568e-05,2.224780525818863684e-05,2.139343029574072979e-05,2.051702498914318091e-05,2.053198139673485440e-05,1.966641892872611849e-05,1.879811062926224985e-05,1.858453218772948985e-05,1.801647734988022997e-05,1.718090279014895442e-05,1.636617666017198044e-05,1.646871389442706573e-05,1.568516726483040741e-05,1.493113496952483451e-05,1.504428095437019008e-05,1.432440515934610634e-05,1.363849753099170881e-05,1.298788525966127754e-05,1.310212161619913231e-05,1.248596302464098042e-05,1.190513618077743491e-05,1.201359016325739685e-05,1.146485795376606122e-05,1.094987308382513445e-05,1.063952549616419617e-05,1.056303467025204154e-05,1.010835547601325810e-05,9.683559926757373266e-06,9.767121997277875204e-06,9.366591790160906932e-06,8.992902710680233309e-06,8.729314487906918326e-06,8.711389194606333834e-06,8.382650818129465929e-06,8.076238402975881940e-06,8.130851994572975939e-06,7.841372471286928798e-06,7.571446894968229924e-06,7.614540169327224949e-06,7.359193839835131267e-06,7.120889397434540028e-06,6.922798668376600864e-06,6.927691736158953629e-06,6.716744787874992173e-06,6.519519172646740668e-06,6.539731729928473095e-06,6.352439859265378184e-06,6.177025691608293770e-06,6.018006610731755011e-06,6.022460996775954082e-06,5.865903250922004429e-06,5.718845068140116822e-06,5.722183508063238558e-06,5.581950982324596942e-06,5.449934592279814184e-06,5.447723302255304612e-06,5.321651263581653435e-06,5.202691165144603135e-06,5.090306703502349469e-06,5.082049463216647489e-06,4.974451429379465116e-06,4.872555779848698576e-06,4.860654814447933566e-06,4.762972323222790466e-06,4.670243618965319640e-06,4.574673154408537789e-06,4.566355914909778583e-06,4.481664727240266254e-06,4.400972108312436491e-06,4.382988477447455136e-06,4.305368083547806541e-06,4.231240503075437919e-06,4.211491088714008226e-06,4.140112350599034916e-06,4.071792309003201439e-06,4.006318148333912514e-06,3.984829707287960528e-06,3.921665507280782526e-06,3.861004097535936277e-06,3.838596558542407272e-06,3.780026036925045761e-06,3.723662813305776902e-06,3.662793854985947881e-06,3.646146614515074404e-06,3.593635837475919514e-06,3.542952408808684323e-06,3.519389522130220335e-06,3.470343890510928805e-06,3.422922351064960816e-06,3.371475381222268842e-06,3.353274498840287780e-06,3.308804249197433259e-06,3.265695571667960495e-06,3.241971876686764243e-06,3.200180797327477746e-06,3.159609566194112815e-06,3.136028611368439686e-06,3.096677506388846428e-06,3.058422590700031449e-06,3.021203684024972435e-06,2.997956714310428077e-06,2.961822654603110302e-06,2.926624206997266094e-06,2.903712619097609930e-06,2.869526067285882110e-06,2.836186943703201898e-06,2.800279905789693851e-06,2.781273845834609350e-06,2.749650320913276328e-06,2.718759305591101725e-06,2.696828702808722804e-06,2.666792159646722853e-06,2.637424109556159336e-06,2.615972505702632173e-06,2.587407478719890141e-06,2.559454165667588045e-06,2.532085689926282981e-06
2.133498035448345291e-06,2.173744567479778974e-06,2.208701252539889920e-06,2.216980490672279324e-06,2.253084049824366477e-06,2.298481402835995449e-06,2.306400459506870157e-06,2.345566397251701781e-06,2.394921174820010562e-06,2.402403710018364287e-06,2.445003665743218416e-06,2.489438423747344349e-06,2.545550359995898834e-06,2.552185681811180943e-06,2.600724085975052613e-06,2.662030204424967832e-06,2.668015135135214058e-06,2.721183212891270484e-06,2.788290399376650200e-06,2.847116453624443797e-06,2.851929040844296243e-06,2.913200372370691674e-06,2.990321187083857396e-06,2.994240458685522052e-06,3.061848355726671497e-06,3.146669285307756451e-06,3.149589431824459706e-06,3.224403336540364906e-06,3.303223267580734471e-06,3.401421973325926986e-06,3.402699129041726709e-06,3.490315248373082970e-06,3.598800104390173993e-06,3.598855636831128605e-06,3.696527294859961428e-06,3.799856376399087166e-06,3.926302676545429044e-06,3.924515918672165333e-06,4.040212958562054299e-06,4.180458635297079037e-06,4.177362944951133572e-06,4.307264070396904112e-06,4.463022374567260863e-06,4.609653374036452643e-06,4.604887919763202584e-06,4.760438219361356141e-06,4.943396410207926546e-06,4.937594304278710732e-06,5.113414232736007249e-06,5.317196120440911990e-06,5.310630542655056810e-06,5.509845525897937967e-06,5.722465507643051508e-06,5.962753331827137957e-06,5.956348497766885098e-06,6.198108900777448018e-06,6.466200153361912665e-06,6.460619984658538569e-06,6.736081448366330119e-06,7.035249499207565514e-06,7.347539585146604758e-06,7.346056268410484904e-06,7.682915754878532336e-06,8.036179786336633310e-06,8.039247760397571504e-06,8.424720764807236303e-06,8.818574346232067177e-06,8.828624947542118475e-06,9.270274438293587356e-06,9.744136688776955911e-06,1.020768261078306240e-05,1.023561213124221918e-05,1.077919104165374688e-05,1.129394503254782392e-05,1.133905477559328596e-05,1.196279149608414310e-05,1.263214588676486773e-05,1.323243228912284631e-05,1.331694644223148229e-05,1.408453186265978378e-05,1.474521436541596030e-05,1.486615296641484870e-05,1.574535200933281781e-05,1.646842233213092913e-05,1.663720974461761949e-05,1.764226139342413277e-05,1.871714210751851575e-05,1.953462125596654489e-05,1.980422406753117035e-05,2.102666817377214534e-05,2.190114413228254122e-05,2.226017615332641952e-05,2.364349886027719786e-05,2.511250495148923138e-05,2.605374998566776314e-05,2.659157050070553842e-05,2.823512533563925681e-05,2.919621618175880708e-05,2.988667753909588797e-05,3.170615167644258935e-05,3.265651055146086349e-05,3.453966803916673890e-05,3.551646395283960367e-05,3.757629454626744983e-05,3.842266198141190600e-05,3.962988311421809508e-05,4.180971302384637228e-05,4.250608167550315539e-05,4.397350772137884268e-05,4.621411010985119734e-05,4.844770971278725613e-05,4.875133494733751985e-05,5.064519771383759839e-05,5.279330673548544162e-05,5.271680074411163724e-05,5.491722284242727352e-05,5.685388031525743645e-05,5.860540082338751397e-05,5.777375416316126632e-05,6.041765117063323059e-05,6.173638211601025394e-05,6.037404275264482336e-05,6.333888312410658082e-05,6.411813093283587437e-05,6.230369924509923077e-05,6.561299210108633654e-05,6.581718796744973456e-05,6.562263176760268569e-05,6.341425394882594323e-05,6.712735093487882259e-05,6.646602073937813435e-05,6.450745523491208794e-05,6.853596729166859102e-05,6.764896955317706946e-05,6.661334044549518029e-05,6.564059035021752443e-05,6.978247177265813387e-05,6.903941870631781432e-05,6.917100551441071111e-05,7.321379209711220378e-05,7.302221889501674318e-05,7.415001015784270649e-05,7.474951516992136950e-05,7.806678738208888549e-05,7.875981809912370566e-05,8.050866457486034842e-05,8.276226456873565806e-05,8.337476722063250252e-05,8.436564694965234740e-05,8.507759935754613653e-05,8.484601874311843337e-05,8.484601874311843337e-05,8.436059280457489031e-05,8.331404041870296663e-05,8.177617795963362639e-05,7.997936546734673517e-05,7.724637784731516168e-05,7.439767459862705386e-05,7.169314692013953989e-05,6.777848285042077994e-05,6.475701242775998301e-05,6.144012184486895994e-05,5.859222196711678986e-05,5.413257036884304001e-05,5.123556223643777898e-05,4.877580913816331103e-05,4.457551566750704634e-05,4.250084532883601965e-05,4.063141561533177337e-05,3.889846755418063334e-05,3.547769483063132424e-05,3.455581120281776559e-05,3.333133773466864482e-05,3.061428244527151881e-05,3.034657833821077409e-05,2.946767283296424756e-05,2.858282263296130118e-05,2.663739267238371335e-05,2.677564645404059075e-05,2.601942338246201981e-05,2.451148269516812702e-05,2.473981296893483500e-05,2.400196570171763755e-05,2.280849890973875375e-05,2.299404208614474351e-05,2.222473621411641650e-05,2.141507509312676221e-05,2.052960819093507290e-05,2.053953910902471295e-05,1.971278043070841084e-05,1.899819039012594674e-05,1.890631272234334642e-05,1.808344468928759326e-05,1.726627460681253983e-05,1.675295272410498590e-05,1.654145654441698993e-05,1.576506229865478641e-05,1.536593437749659530e-05,1.510837196108571665e-05,1.438716141747427597e-05,1.408346500222986422e-05,1.343282675766854100e-05,1.314092302444747260e-05,1.251539500859339164e-05,1.232305800468354916e-05,1.202610796539347807e-05,1.146607753202628897e-05,1.132929954416144547e-05,1.103603660725540521e-05,1.053832549558793427e-05,1.007152633712647153e-05,9.995884761074556234e-06,9.720049880731367842e-06,9.308225532346033244e-06,9.259812900398017019e-06,8.998514532497686169e-06,8.635828287450991031e-06,8.297383004637715151e-06,8.277467374658755702e-06,8.042153524863007377e-06,7.744344857121475639e-06,7.735177348489660071e-06,7.516289032658003526e-06,7.253929447269164100e-06,7.251485309544692916e-06,7.048689524862808581e-06,6.817130887101109734e-06,6.600914277657840299e-06,6.604773601221266302e-06,6.426270176737537012e-06,6.234742256216259973e-06,6.239329851981660041e-06,6.074844224442592678e-06,5.904665274297986622e-06,5.745197283357004117e-06,5.749868339815166111e-06,5.605655411647049845e-06,5.463218446567619490e-06,5.466243171882578127e-06,5.333495481379040328e-06,5.205807000547022530e-06,5.206858157843742023e-06,5.086313440889967731e-06,4.969752715768764500e-06,4.861297866039164298e-06,4.859815080553949492e-06,4.752361139894788852e-06,4.654181308337707599e-06,4.650504181976286375e-06,4.551363391741529096e-06,4.462152327191343678e-06,4.377437872918832500e-06,4.371129296011144340e-06,4.283482974369966218e-06,4.206042049583165677e-06,4.197844562997187682e-06,4.116706929764990976e-06,4.045665509872955759e-06,4.035785082390532438e-06,3.967405274506541568e-06,3.895182392621982293e-06,3.832576550252294914e-06,3.820752385995824746e-06,3.753626792343650305e-06,3.695688571661895453e-06,3.682644438897681023e-06,3.620165571964050362e-06,3.566386476824606403e-06,3.514621524806974567e-06,3.500198212238136790e-06,3.444016511685573056e-06,3.395739488454632693e-06,3.380520956329906064e-06,3.328007161082487647e-06,3.282867858327028012e-06,3.239212697754705134e-06,3.223120673815590268e-06,3.175549337428127358e-06,3.134566432773426437e-06,3.118027253467876135e-06,3.073378383962678481e-06,3.034821934631881802e-06,3.017958994569147123e-06,2.980378433532403291e-06,2.939647502918225570e-06,2.904304905818811277e-06,2.887121797207703108e-06,2.848744764110216034e-06,2.815323764591388433e-06,2.798051159873243866e-06,2.761844038872124019e-06,2.730188394448162342e-06,2.699309071241603562e-06,2.681989586716803356e-06,2.648671253263287015e-06,2.619347518985590023e-06,2.602107160682151810e-06,2.570564110081372805e-06,2.542680250065420122e-06,2.525573177049799197e-06,2.498317634712417906e-06,2.469127881646691468e-06
2.109487705909824411e-06,2.143607605205468656e-06,2.157918121086177241e-06,2.193478895186262161e-06,2.230480038436509407e-06,2.237264610256066852e-06,2.283631995750906307e-06,2.323860190958456008e-06,2.330163733893351452e-06,2.380630696171536970e-06,2.424481267329809383e-06,2.470285055766338218e-06,2.475689865501439530e-06,2.533179417903248756e-06,2.583317547924675080e-06,2.588033363855793006e-06,2.650909959849623302e-06,2.705940400362085638e-06,2.763651260346932962e-06,2.778766315857975627e-06,2.839330298230116905e-06,2.902944160820763784e-06,2.905532121533043250e-06,2.984837559924913151e-06,3.055148985952047571e-06,3.056720552152682673e-06,3.144014209561286034e-06,3.221939233107037788e-06,3.304113274148316663e-06,3.304049027144080000e-06,3.405242611134392484e-06,3.496699974360039430e-06,3.495427044588613231e-06,3.607282543402257276e-06,3.709340587210020290e-06,3.817374003892194949e-06,3.814322640778061615e-06,3.944808896638829698e-06,4.065850573127622099e-06,4.061551357723122875e-06,4.206312363493722719e-06,4.342264988108794991e-06,4.486685835668080438e-06,4.497562620659046977e-06,4.650628907200864473e-06,4.813440463992163863e-06,4.806714893980727563e-06,4.995586859855958083e-06,5.179539672160277313e-06,5.172218089716821197e-06,5.382516459957976706e-06,5.590792231275759401e-06,5.812973063948334156e-06,5.806131405800353471e-06,6.053918196581941396e-06,6.306219810126641104e-06,6.300468269982009398e-06,6.576684502253322109e-06,6.863670411762673924e-06,7.170506139432872515e-06,7.168054703992968823e-06,7.494972064837060526e-06,7.844739018206947425e-06,7.848436535342536918e-06,8.211213170948078436e-06,8.610345344730489382e-06,8.621397987701723338e-06,9.025093048971523474e-06,9.480908418391278378e-06,9.969026100402589671e-06,9.998424828601352440e-06,1.047185228791455999e-05,1.102952935984304798e-05,1.107638234222216833e-05,1.160055952365365212e-05,1.223754240735238723e-05,1.291928607006886779e-05,1.300554772874437060e-05,1.361340728213033203e-05,1.439089039146780202e-05,1.451329807954446594e-05,1.517928412109574011e-05,1.606430284997631235e-05,1.623382460875499246e-05,1.695876532266193967e-05,1.796343655042744380e-05,1.903363101979019465e-05,1.930132313373293350e-05,2.011227819445724025e-05,2.131932408859173837e-05,2.167346564366733245e-05,2.253327025457349021e-05,2.388645667551831850e-05,2.531584886951745081e-05,2.584116956908330491e-05,2.674971704979094009e-05,2.833104363660111450e-05,2.900144196311458633e-05,2.991362856663871351e-05,3.164185598874957867e-05,3.343762946120199859e-05,3.336667803391758449e-05,3.522539195655495644e-05,3.713683323317306967e-05,3.829281595271121185e-05,3.903130816485950183e-05,4.101645631473454183e-05,4.241463129984650922e-05,4.297455930453175790e-05,4.496973714273373062e-05,4.693157111920350611e-05,4.872415098739042662e-05,4.885038740015900494e-05,5.067950271432511091e-05,5.275315257475686644e-05,5.248698282749882744e-05,5.406776160726148528e-05,5.545216036767143693e-05,5.792782184879820663e-05,5.692989183732772565e-05,5.788552879450557115e-05,6.064493694703370903e-05,5.918315259406144976e-05,5.964309476000906871e-05,6.269999466751725978e-05,6.089501392070155867e-05,6.086673995905956435e-05,6.050410062530119120e-05,6.390056256008438051e-05,6.190433646925405187e-05,6.121600635255413476e-05,6.488282917063852863e-05,6.325494209244821638e-05,6.248566168947312027e-05,6.164947436228940389e-05,6.543174958126793687e-05,6.484811781002590826e-05,6.438655173509439614e-05,6.813770080729125559e-05,6.852985398612737242e-05,6.861745080638089671e-05,6.903399870332231310e-05,7.318848325068475315e-05,7.373585774023660967e-05,7.456331138057141689e-05,7.699354233008715617e-05,7.834845147910522972e-05,7.900532089609653994e-05,8.017443448476161338e-05,8.060503753927053875e-05,8.042036713488048610e-05,8.042036713488048610e-05,7.997927520567401955e-05,7.912282795381221905e-05,7.761809788109212162e-05,7.594841608327749084e-05,7.373125560254196944e-05,7.081870150850961914e-05,6.827737935006024546e-05,6.565236410449254239e-05,6.149787955713007523e-05,5.868315839090621942e-05,5.594923730960215416e-05,5.309926566172359805e-05,4.900291867875138080e-05,4.660504035452256493e-05,4.436667489855686248e-05,4.059018777363088896e-05,3.874478503333810659e-05,3.704474138069676270e-05,3.585306872389935754e-05,3.280950113819702449e-05,3.161730770987315840e-05,3.110058689843274969e-05,2.867764118207030477e-05,2.785147258704242772e-05,2.703770703867850540e-05,2.703352146818849868e-05,2.527616422173896006e-05,2.461618081724737097e-05,2.478142375256039043e-05,2.340115813139099924e-05,2.277788714900689393e-05,2.295934288035961826e-05,2.185301960737908060e-05,2.120426105719364621e-05,2.051227243465621745e-05,2.055625973173211149e-05,1.972409417795677381e-05,1.900435823977414865e-05,1.895391944690843727e-05,1.827651351918691293e-05,1.754486950026506228e-05,1.680941634892246881e-05,1.663259156094041969e-05,1.614018856384471566e-05,1.542763593884254709e-05,1.519809423042606673e-05,1.481177595731177603e-05,1.413820783117240989e-05,1.348708883503695378e-05,1.357855737631226914e-05,1.295438232105910060e-05,1.235681975748370790e-05,1.207285930752522051e-05,1.188162696803093394e-05,1.134016969821249288e-05,1.105629209545792225e-05,1.091854461620923302e-05,1.043239846678727350e-05,9.974050408517722238e-06,9.703507858962405458e-06,9.625334697930154788e-06,9.217745982843382236e-06,8.960222328628369580e-06,8.909191440601888531e-06,8.547847644940064440e-06,8.209446484605449171e-06,7.976208655121033090e-06,7.953976531394050831e-06,7.654745662597063781e-06,7.437362081608388322e-06,7.426462311015663480e-06,7.161818866469045572e-06,6.960131548508859443e-06,6.956591445836809060e-06,6.722312846184456890e-06,6.503185044534788872e-06,6.325390520805910296e-06,6.328953561711499507e-06,6.134508556157717112e-06,5.970611517770746000e-06,5.975472043164616748e-06,5.802519879854550933e-06,5.640359501648671992e-06,5.496664363126172160e-06,5.502250369166145183e-06,5.357401486785244686e-06,5.225152718128284172e-06,5.229483195274837411e-06,5.099692154472751725e-06,4.977494130121465243e-06,4.980642140393104798e-06,4.863962672413988674e-06,4.753890295219084620e-06,4.646990519596461708e-06,4.647447409418398799e-06,4.547954332630746739e-06,4.449378170715328987e-06,4.447801914887105188e-06,4.357558548531576263e-06,4.271968389654190150e-06,4.184955790297656366e-06,4.180896877986677833e-06,4.102822817777780376e-06,4.022325024518424552e-06,4.016431047331856351e-06,3.944970156922926336e-06,3.876813502794891236e-06,3.862846081782574026e-06,3.797220878909830666e-06,3.734494131743263769e-06,3.668057632106388315e-06,3.658553583916330276e-06,3.600641630878651751e-06,3.538845301024109743e-06,3.528087377063125127e-06,3.474458566271973582e-06,3.422926151436344337e-06,3.367451720625125708e-06,3.355252977605226512e-06,3.307301205327949669e-06,3.255479509279040708e-06,3.242421519235392042e-06,3.197682810291764740e-06,3.154485492305564096e-06,3.107613028261784788e-06,3.093589661271647269e-06,3.053116651860942485e-06,3.009145393913534284e-06,2.994596889718026155e-06,2.956590189713053171e-06,2.919737612241648161e-06,2.900327617089346851e-06,2.864560849070923159e-06,2.829829600143864530e-06,2.792098770948621320e-06,2.776719902861571011e-06,2.743925586251774147e-06,2.708339821500443056e-06,2.692790004829586638e-06,2.661769560660859959e-06,2.631545392093772943e-06,2.598831333441213589e-06,2.583129688867758576e-06,2.554460289156881204e-06,2.523495630188746563e-06,2.507795152284398657e-06,2.480560608058343901e-06,2.453950339299619786e-06,2.435573493533584497e-06,2.409666558700040555e-06
2.087855841786657879e-06,2.094107251322654050e-06,2.128860279899708734e-06,2.172612264620621654e-06,2.178438943066845823e-06,2.216197088094271039e-06,2.255569006772576277e-06,2.269109019152441164e-06,2.310237863898879989e-06,2.353189518130845483e-06,2.407318600370052114e-06,2.411752602953961270e-06,2.458732828484721310e-06,2.507911715319391126e-06,2.521620305245109304e-06,2.573143543096303053e-06,2.627161250198250029e-06,2.694923568779803697e-06,2.697502817533997055e-06,2.756994231834255417e-06,2.831353960399042274e-06,2.833050078483280146e-06,2.898745238114162966e-06,2.967890343857138271e-06,2.981208352665557147e-06,3.053947659231997538e-06,3.130622836995911245e-06,3.225141613649386188e-06,3.224365703872939228e-06,3.309614181870235853e-06,3.399679465191714662e-06,3.412031673806887524e-06,3.507057191069630860e-06,3.607596637949011440e-06,3.728910544586770763e-06,3.725481814446419445e-06,3.837993648981998512e-06,3.957284954078895667e-06,3.967809520515369743e-06,4.094024846353940153e-06,4.228021938144615384e-06,4.384990745494763103e-06,4.379335686095268978e-06,4.530194939158029043e-06,4.704415574751882527e-06,4.698140624013764227e-06,4.868353486709181605e-06,5.049605774965415000e-06,5.055312301655199630e-06,5.247755924373760659e-06,5.452898475546793223e-06,5.679971665018318633e-06,5.674477038122058694e-06,5.907080980291999137e-06,6.155378608326592060e-06,6.155528682190885909e-06,6.419704207579026045e-06,6.701927777943558720e-06,6.998242648027312459e-06,6.999460134852698837e-06,7.320668410289407046e-06,7.649773620356815624e-06,7.656329914165084771e-06,8.022301168409554239e-06,8.413797350116239751e-06,8.401737259496679065e-06,8.819040506453371789e-06,9.265560651222530324e-06,9.691842711894836665e-06,9.724756469109033474e-06,1.023416529029602306e-05,1.077918999433139230e-05,1.075509104708117114e-05,1.133615308591883588e-05,1.195762549104036018e-05,1.250121098496751987e-05,1.258988450083495134e-05,1.329784358652666762e-05,1.405412939161303442e-05,1.401544374742698431e-05,1.482062237137974771e-05,1.567969013302389616e-05,1.563436093012362458e-05,1.654790712276159336e-05,1.752089780100115387e-05,1.824238381800557897e-05,1.850205571418707520e-05,1.959969310277962724e-05,2.076421255987630609e-05,2.070458713641902282e-05,2.193624139982714130e-05,2.323830999420134944e-05,2.405151067169703134e-05,2.454653844392367266e-05,2.599061191309923175e-05,2.750578151537649355e-05,2.743895434972455589e-05,2.902356109725171283e-05,3.067483290114739604e-05,3.145909602105688072e-05,3.232429689519158202e-05,3.409532417254597576e-05,3.480315156445468389e-05,3.585813328709396214e-05,3.771809959510864985e-05,3.960248252649263036e-05,3.956189090868959097e-05,4.146190163763234157e-05,4.335196618562723106e-05,4.360064672261947040e-05,4.521039655585394590e-05,4.702491253994901658e-05,4.875505581297389512e-05,4.881754558298404743e-05,5.045937621648407867e-05,5.195425772075932934e-05,5.128298120059399508e-05,5.349138079048098172e-05,5.464444687106960165e-05,5.554967420519437858e-05,5.600464051105265160e-05,5.673202901501465945e-05,5.716199419193516827e-05,5.798433145785974086e-05,5.825222945975710732e-05,5.820269144352926651e-05,5.633280869085416538e-05,5.940903409403351806e-05,5.896109802549364683e-05,5.824319009084076430e-05,6.056368891279251076e-05,5.988442402545018684e-05,5.904168823316152074e-05,5.793235714497702444e-05,6.146795150556711286e-05,6.076886735141640228e-05,6.015429184489986392e-05,6.407492853217742644e-05,6.375303242866379647e-05,6.366577665705901265e-05,6.468501501413427199e-05,6.786301283173694517e-05,6.829830858019762449e-05,6.980070335580303240e-05,7.232478814141920088e-05,7.297093683582780055e-05,7.375845047755703865e-05,7.575083477655392378e-05,7.604968690650036546e-05,7.625182549089143500e-05,7.631953182317242706e-05,7.631953182317242706e-05,7.596706789796456695e-05,7.513251778689166241e-05,7.402159823416046671e-05,7.202921393516359514e-05,7.015815495448609284e-05,6.810047036473496974e-05,6.510484957799030710e-05,6.231694448194025266e-05,5.979848761607630677e-05,5.613177166773078783e-05,5.324232208863210152e-05,5.076806747300190267e-05,4.841292027348434657e-05,4.449228358620679083e-05,4.240634446981909726e-05,4.047067261283319122e-05,3.704596415222546690e-05,3.555561858974174772e-05,3.412248871563593590e-05,3.279025147554477724e-05,3.046975288552046377e-05,2.947585788363115975e-05,2.853165291318241755e-05,2.637876042884614334e-05,2.625908202892738620e-05,2.556293220858598292e-05,2.485535233522098123e-05,2.403324273193512928e-05,2.344837977709217629e-05,2.282473049864174399e-05,2.237075061944670981e-05,2.179954242882197135e-05,2.118043839289310396e-05,2.019600739181614046e-05,2.035081559862298434e-05,1.970191996760107438e-05,1.902002657686877529e-05,1.896411182062763737e-05,1.828417430565644594e-05,1.758547502608320855e-05,1.697681610277116505e-05,1.690035079417936687e-05,1.620167772934701100e-05,1.550595015993317663e-05,1.556105174440178864e-05,1.488176953620742312e-05,1.421582719395150787e-05,1.386224815345227208e-05,1.364462087652400138e-05,1.302085307139819680e-05,1.274651000541618925e-05,1.250440652308789166e-05,1.193014747921833237e-05,1.138187266498267868e-05,1.146776112055793734e-05,1.094594855121530067e-05,1.045091051554197095e-05,1.031951418234280867e-05,1.006495967491486020e-05,9.621511979457410133e-06,9.203754450106788428e-06,9.280325704729706145e-06,8.885238612783154759e-06,8.514113868704692713e-06,8.462944801823888720e-06,8.232579391714501995e-06,7.903720081752485990e-06,7.595727029618317612e-06,7.653936614959736337e-06,7.362884043534073841e-06,7.090527031571255571e-06,7.140205212605859486e-06,6.882660339946982407e-06,6.641722318926127338e-06,6.636655438362330889e-06,6.455028073389347704e-06,6.241648457604300837e-06,6.041983276775531324e-06,6.072929934833244386e-06,5.883639817843791140e-06,5.706369674582394456e-06,5.710459247355646983e-06,5.561955095058055338e-06,5.404184710595818733e-06,5.256192264627021710e-06,5.271679227301436998e-06,5.130878540441101673e-06,4.998601276014848338e-06,5.003106700395880924e-06,4.882589307424951264e-06,4.763984124460993497e-06,4.767178379569757022e-06,4.656042087555275699e-06,4.549344557700640626e-06,4.448651925304761035e-06,4.448459207985512451e-06,4.352148145028996332e-06,4.261070254766708436e-06,4.260665050649799405e-06,4.170247584215228671e-06,4.087577696979011723e-06,4.009147648170838414e-06,4.001819613199066562e-06,3.926519751371806575e-06,3.854925262653139146e-06,3.850595984534215918e-06,3.776488957230768871e-06,3.710909438876604192e-06,3.705012766595929642e-06,3.636283946958404460e-06,3.576012692093917348e-06,3.518390670616285387e-06,3.504875550981906565e-06,3.449303042995160349e-06,3.396061248142847036e-06,3.387085549749740339e-06,3.329978416637080520e-06,3.280633219143718084e-06,3.233207629485511087e-06,3.217345543556315807e-06,3.171478071623285606e-06,3.127309667745657635e-06,3.116036308973070917e-06,3.068049208337244778e-06,3.026803580847156020e-06,2.986971311383152981e-06,2.969868993351912336e-06,2.931254856426654657e-06,2.893900211914039147e-06,2.881064260419073560e-06,2.840281017680399335e-06,2.805169430203727638e-06,2.791881619860771219e-06,2.753543714975318573e-06,2.720469466898185296e-06,2.688346056456306755e-06,2.670742173770683190e-06,2.639524325808466617e-06,2.609162343162622095e-06,2.595154233245770048e-06,2.562086686971527081e-06,2.533338168559026416e-06,2.505321292563488792e-06,2.487933888695652105e-06,2.460667672064959429e-06,2.434064899747634011e-06,2.419770369142081820e-06,2.390964028873608200e-06,2.365666753570866809e-06,2.351369969990029325e-06
2.032682320712858971e-06,2.073853218380635092e-06,2.109574856513358660e-06,2.114420978437745043e-06,2.159163748433828474e-06,2.198054601887452228e-06,2.202374068464365306e-06,2.242680827090347655e-06,2.293532559792824734e-06,2.337917657242530187e-06,2.341307397348842022e-06,2.396822807000234532e-06,2.445461791336281524e-06,2.448143884847618946e-06,2.498747238660125325e-06,2.562290412048182585e-06,2.618374428371021377e-06,2.619870881724265514e-06,2.689543361612106133e-06,2.751406064208421358e-06,2.752011097969478753e-06,2.828525351320595890e-06,2.896934109265229008e-06,2.896575484940217097e-06,2.968191607992233834e-06,3.056567606766957103e-06,3.136563400106193760e-06,3.134726718861894529e-06,3.232153538431681835e-06,3.321173555331515102e-06,3.318266603364561008e-06,3.411937895019783122e-06,3.525110462915069148e-06,3.630206551492336771e-06,3.625830817734866259e-06,3.751002589339286385e-06,3.868647334622944955e-06,3.863284762737190056e-06,3.987768692936614834e-06,4.133850775158383495e-06,4.273958682389438552e-06,4.267589924132369964e-06,4.429566117588192095e-06,4.587237987317242364e-06,4.580384855964367365e-06,4.760107624203500602e-06,4.937877482578543018e-06,4.930923462176229721e-06,5.120615764969576330e-06,5.331214828584893073e-06,5.545097145926270956e-06,5.539484774870326462e-06,5.773379263376298112e-06,6.015510738155616928e-06,6.011653315528656691e-06,6.271664198858420842e-06,6.545862380412168551e-06,6.838731973901704792e-06,6.840450446832094682e-06,7.144758954580994879e-06,7.477241600913336448e-06,7.484585662355244944e-06,7.821996710418211460e-06,8.199702105167950476e-06,8.215073558024654936e-06,8.624282760890418707e-06,9.017910278521508761e-06,9.476287854313827824e-06,9.510584562776370658e-06,9.945098953511914304e-06,1.046590245086638958e-05,1.051771847816663977e-05,1.108530337615588365e-05,1.158731629231949683e-05,1.221810144009188200e-05,1.230810733050649189e-05,1.285733390401770032e-05,1.357199533316572003e-05,1.369628348440034278e-05,1.447893821592935418e-05,1.510179574640962557e-05,1.526992251165100510e-05,1.615596892870261884e-05,1.682619251143174750e-05,1.779212263852105448e-05,1.804930720970679005e-05,1.876331631246737529e-05,1.984431006616407768e-05,2.017843712210131148e-05,2.136559350887885661e-05,2.213146586413136511e-05,2.339595665564491830e-05,2.387909902416220813e-05,2.466218597770136384e-05,2.604965133962759254e-05,2.665681869613084748e-05,2.817373703759331664e-05,2.894012292899838192e-05,3.049670585873410020e-05,3.133021994072186458e-05,3.204417759810290436e-05,3.368875030051802480e-05,3.470031550543364472e-05,3.531683351325921188e-05,3.701390039965873506e-05,3.822311199271858918e-05,4.002594937684479540e-05,4.038418948101911649e-05,4.205170115932674015e-05,4.357930640100858669e-05,4.368254906308809946e-05,4.523829046890275832e-05,4.699123882428760091e-05,4.854452533511574884e-05,4.812848330682894908e-05,4.932667183369361208e-05,5.140212046056842735e-05,5.059131418695443844e-05,5.144830653390412796e-05,5.375102778745220392e-05,5.443667824200876482e-05,5.301627227522118360e-05,5.555798696568494375e-05,5.579826787293356183e-05,5.412171325216676631e-05,5.391066667220413300e-05,5.673962359983400244e-05,5.501219882669139286e-05,5.450572098551625130e-05,5.757427848666565482e-05,5.685280093383049930e-05,5.543888220998376327e-05,5.471499729661527707e-05,5.794570813161258082e-05,5.716302982016278607e-05,5.666449877175316565e-05,5.995707380102086574e-05,5.949583494156881065e-05,5.986983703979791265e-05,6.000933032900202028e-05,6.303833724744365059e-05,6.410210576505969164e-05,6.469604927845993940e-05,6.724386909032792239e-05,6.854995451707003628e-05,6.927048804778048558e-05,7.097650152533523788e-05,7.147739329951671358e-05,7.222920476473757121e-05,7.244451469294233199e-05,7.258893907894428948e-05,7.258893907894428948e-05,7.219430010230976319e-05,7.142631897062693314e-05,7.026865815067509828e-05,6.889732700207876356e-05,6.683446378057557975e-05,6.490429109125755774e-05,6.254801531251519709e-05,5.954193799205358129e-05,5.715097097441419364e-05,5.448509390104015965e-05,5.100885063372882994e-05,4.862407650471163085e-05,4.616642154517788577e-05,4.407839735971900215e-05,4.062566123336469170e-05,3.872860253893703123e-05,3.705931513883478558e-05,3.398167600364239882e-05,3.256472751863270754e-05,3.156026206721472007e-05,3.043893305785109449e-05,2.800949372822258775e-05,2.709530983770311232e-05,2.678556731549851187e-05,2.485330494513703401e-05,2.420557201118852007e-05,2.422731574264272843e-05,2.360903720662480888e-05,2.219238620178238711e-05,2.237212258327012213e-05,2.180850885641177195e-05,2.068035454192894228e-05,2.015559747000347042e-05,2.031228732286937923e-05,1.939543825099964149e-05,1.884466302218649810e-05,1.893824239630198530e-05,1.829619185542412808e-05,1.759467440452708423e-05,1.698328263145745272e-05,1.694169400199510244e-05,1.636333168444843348e-05,1.573979365813575918e-05,1.562619433244086855e-05,1.496399304667510197e-05,1.453487256524164057e-05,1.392276069686631360e-05,1.372918850647028053e-05,1.338695025706211142e-05,1.280413361929098549e-05,1.258064905429506281e-05,1.231281943794024572e-05,1.176851479962688915e-05,1.152843359356706888e-05,1.100064370057573496e-05,1.082235551911446044e-05,1.034435770047934514e-05,1.009808640997316300e-05,9.966423405576203560e-06,9.533977817839944135e-06,9.292048862126670960e-06,8.887258648320424457e-06,8.808776283129822932e-06,8.442160915587673182e-06,8.215004351404416220e-06,8.161718581725564708e-06,7.834683054474892697e-06,7.619528753959266580e-06,7.319798495495188946e-06,7.293997311279588688e-06,7.091835771308723888e-06,6.826551844791423764e-06,6.812300301051522593e-06,6.569601385221483875e-06,6.388681416587801748e-06,6.382367073258083705e-06,6.166707041244926560e-06,5.998822954951058017e-06,5.804124728422052761e-06,5.805870331212179871e-06,5.625976024653133831e-06,5.477696635600663095e-06,5.481616803460117855e-06,5.321270121290268574e-06,5.184401946655359490e-06,5.040213244103936675e-06,5.045958264386704273e-06,4.911331848188113530e-06,4.790980621089818805e-06,4.796217000335909305e-06,4.675503568718243901e-06,4.564549559712928973e-06,4.568768948642493764e-06,4.460223018702323663e-06,4.357919292439624838e-06,4.260177947372612374e-06,4.262911522638255799e-06,4.170386678782412039e-06,4.080258842102153144e-06,4.081367710655792789e-06,3.997503843505626914e-06,3.914243873503434829e-06,3.838388775723469480e-06,3.837451179709565571e-06,3.765025515199166108e-06,3.691321964756828359e-06,3.688760437638963223e-06,3.622554619903566543e-06,3.554252528113482257e-06,3.550173383696036641e-06,3.489458012643808516e-06,3.426079938200296582e-06,3.370649157791010489e-06,3.364752385514555495e-06,3.311320664703445147e-06,3.254715741578392397e-06,3.247590154917766242e-06,3.198184405878885839e-06,3.145449380312339978e-06,3.099990951025220687e-06,3.091420752078241762e-06,3.047372377105877315e-06,2.999930042063306597e-06,2.990450360116862518e-06,2.949409838865511804e-06,2.905024880486908601e-06,2.866960537170910636e-06,2.856429289033792939e-06,2.819400186770785682e-06,2.779176141384220669e-06,2.768026485075733056e-06,2.733291536965244812e-06,2.695502728572485864e-06,2.683845066744956831e-06,2.651188047510898161e-06,2.615635276488720703e-06,2.585026493464144929e-06,2.572800385489424719e-06,2.542916236673647275e-06,2.510385961657009928e-06,2.497870580075706375e-06,2.469619112878529778e-06,2.438894774398808896e-06,2.412234333225948464e-06,2.399411481731283661e-06,2.373337538813534288e-06,2.345044042011452612e-06,2.332101057769703499e-06,2.307337229242344775e-06,2.280518905248954299e-06
2.013961279368845099e-06,2.048968444721395598e-06,2.060263254559671407e-06,2.096802203480844120e-06,2.134945416471732644e-06,2.146282778538252689e-06,2.186136969638150682e-06,2.227801043665112454e-06,2.271391381426055818e-06,2.282717166793419982e-06,2.328341414591379660e-06,2.376143881189621286e-06,2.387399360528869172e-06,2.437485877044795202e-06,2.490039075205202898e-06,2.545222624532300610e-06,2.556284365963582904e-06,2.614204817967652874e-06,2.675110201391825230e-06,2.685937470973212226e-06,2.749931539459840508e-06,2.817317255134327699e-06,2.827819667806893891e-06,2.898697312871529431e-06,2.973433391053703884e-06,3.052293252307041888e-06,3.062196830085243940e-06,3.145281871427804335e-06,3.233066090819988915e-06,3.242374852908017110e-06,3.334955607282502692e-06,3.432896461824915185e-06,3.536573015332271750e-06,3.544858574528772608e-06,3.654371684987932107e-06,3.770435429770991856e-06,3.777753348375409057e-06,3.900465044662053665e-06,4.030663126418620279e-06,4.168878414358442171e-06,4.174593836342121584e-06,4.320932471601185178e-06,4.476439931441761711e-06,4.480685246962362613e-06,4.645466716382048915e-06,4.820736602143843839e-06,4.823250644913018668e-06,5.009114430506953528e-06,5.206976467327893811e-06,5.417688118208694642e-06,5.417436635471554272e-06,5.641126953626863588e-06,5.879509130958426328e-06,5.876802344056204270e-06,6.130013620868177040e-06,6.400011282123105841e-06,6.687966306671593497e-06,6.681425052145841205e-06,6.987517236588272710e-06,7.314087882801928307e-06,7.304220843797367801e-06,7.651470882399804177e-06,8.022031571545886353e-06,8.008437561811917969e-06,8.402537307827305057e-06,8.823106527876878921e-06,9.271870694116764237e-06,9.252686234490809200e-06,9.729947912205041220e-06,1.023905525245410773e-05,1.021524339096441234e-05,1.075654025507922412e-05,1.133363614942908482e-05,1.194861784144427732e-05,1.191816993883468542e-05,1.257145212838357276e-05,1.326690084801109750e-05,1.323126732150584235e-05,1.396932288889252141e-05,1.475389295918423885e-05,1.492191440745891110e-05,1.554460902817224958e-05,1.642685517373550425e-05,1.736174749757824141e-05,1.731448229578924056e-05,1.830231153488330438e-05,1.934612419072710327e-05,1.929479033685069806e-05,2.039465538702167960e-05,2.155263275425914817e-05,2.276902232073378093e-05,2.271412986961828044e-05,2.398818304007266318e-05,2.531947693848252883e-05,2.526402787055717102e-05,2.665095168917356030e-05,2.809044891153275036e-05,2.957828095395869649e-05,2.952625149480982885e-05,3.105857660235855823e-05,3.262672609631354990e-05,3.258175174049125219e-05,3.418014472034563300e-05,3.579481761433148682e-05,3.576284941742904086e-05,3.738672305119718052e-05,3.899909307994907994e-05,4.058191759520568645e-05,4.058362675587610848e-05,4.212905810153122509e-05,4.360452785324393446e-05,4.365451891818457824e-05,4.505698626222128254e-05,4.634103414978587286e-05,4.747845049631730144e-05,4.765385751877173579e-05,4.866364670325636717e-05,4.947708985814149051e-05,4.982558228799351639e-05,5.049438456183661354e-05,5.092715400774603843e-05,5.329301364360223192e-05,5.184897203101403125e-05,5.189077450279310963e-05,5.167094941643580092e-05,5.286957383255823731e-05,5.257240403358302941e-05,5.204435143334294885e-05,5.382489549079653095e-05,5.330623354022402557e-05,5.262759682260728834e-05,5.183975445881512032e-05,5.448927123372962185e-05,5.386222835313505999e-05,5.325122631931458256e-05,5.646160520674242141e-05,5.608276078155776295e-05,5.584533167928766410e-05,5.582150107317482074e-05,5.934178217265231707e-05,5.955227114180435021e-05,6.002212980078581078e-05,6.325472373338279514e-05,6.378438048029852394e-05,6.450747769403773876e-05,6.694232551265914203e-05,6.744112547551933180e-05,6.796960675426000722e-05,6.844824768406612052e-05,6.918307449662876004e-05,6.904271027522041468e-05,6.904271027522041468e-05,6.870139739624440240e-05,6.796657058368176288e-05,6.691236484145088640e-05,6.563234202510276327e-05,6.414508218363496853e-05,6.171023436501356526e-05,5.972736362179582658e-05,5.766004139784039679e-05,5.442744746524341243e-05,5.216121365347642543e-05,4.993630896673626016e-05,4.641602786725877061e-05,4.426401489789867844e-05,4.223063283598810794e-05,4.031396898172966446e-05,3.710359009430187305e-05,3.546304304089698017e-05,3.394515243702914641e-05,3.129563566264435896e-05,3.009869343226077203e-05,2.899526399396817493e-05,2.796549385356573563e-05,2.618495047505646749e-05,2.541770900106786821e-05,2.468173311764843263e-05,2.348312537047129677e-05,2.293185015069847734e-05,2.237331489695451082e-05,2.246891831947403457e-05,2.117580679483920854e-05,2.069014413903811779e-05,2.017059938097965494e-05,1.982304097337443606e-05,1.933894377666995734e-05,1.881521677555676942e-05,1.864217184185700319e-05,1.812530408258754367e-05,1.757364415327471920e-05,1.699458308704973020e-05,1.695001200612780039e-05,1.637083600284175590e-05,1.577551983138977029e-05,1.578199789728961173e-05,1.518900593456412595e-05,1.459114090773517314e-05,1.399434847735882813e-05,1.403801857822025773e-05,1.345336452016727700e-05,1.287829369969463491e-05,1.293703091461252265e-05,1.237868347205253630e-05,1.183598198412143120e-05,1.190314042638701307e-05,1.138018347602346334e-05,1.087662165058493697e-05,1.039379017583003464e-05,1.046507174639596818e-05,1.000390792549372100e-05,9.564531424046531047e-06,9.635044481814006252e-06,9.216838085040168400e-06,8.820319378216836046e-06,8.445227048708205006e-06,8.511151533937511503e-06,8.155436320442867280e-06,7.819990744304746333e-06,7.880687397407960411e-06,7.562879616361938667e-06,7.263850796410771010e-06,7.063002525198689918e-06,7.035222452296894917e-06,6.769161996165545940e-06,6.519406048357282435e-06,6.565164867109966879e-06,6.328641321392629554e-06,6.106750815327601544e-06,6.145850489531515893e-06,5.935591263781579048e-06,5.738371505708398488e-06,5.553415148198697362e-06,5.583993145549365495e-06,5.408519948785384953e-06,5.243885605483760077e-06,5.268521325150340512e-06,5.112159366390138434e-06,4.965345505528063132e-06,4.827456441290386410e-06,4.844913185859951739e-06,4.713704848080077733e-06,4.590328950676753173e-06,4.602999706608302015e-06,4.485448652313649690e-06,4.374763070171685213e-06,4.383163020707476565e-06,4.277563863214987358e-06,4.177978640199898165e-06,4.083995191143515559e-06,4.087471110938339561e-06,3.997603219083325582e-06,3.912640233010260288e-06,3.912963174510889709e-06,3.831611811717561044e-06,3.754557005179702923e-06,3.681502902241728350e-06,3.678274494782244685e-06,3.608164690010430420e-06,3.541563036133410930e-06,3.536111415157581078e-06,3.472112739966434010e-06,3.411193875272397288e-06,3.403854417410961604e-06,3.345244821102331349e-06,3.289342705723972835e-06,3.235965736619793729e-06,3.226568433081417548e-06,3.175106249460690215e-06,3.125869272071003309e-06,3.115229373082826249e-06,3.067707059332351334e-06,3.022149246686775119e-06,2.978427639421170756e-06,2.966473794668794251e-06,2.924195054125122381e-06,2.883542417599551974e-06,2.870824740411738126e-06,2.831477142707019462e-06,2.793572730967887817e-06,2.757021138918172544e-06,2.743534468034757744e-06,2.708098667389765485e-06,2.673867863001278945e-06,2.659964027191092751e-06,2.626752574152818832e-06,2.594617050180729641e-06,2.580412117396967191e-06,2.549211160622337467e-06,2.518973279110647166e-06,2.489642627838449961e-06,2.475188906563524481e-06,2.446675034070092480e-06,2.418976554406071320e-06,2.404432549660872919e-06,2.377489758508759764e-06,2.351281730587173665e-06,2.325768587899108013e-06,2.311209716938278390e-06,2.286366812959730821e-06,2.262152752459911621e-06,2.247648524933460515e-06,2.224059609251161292e-06
1.997866118296011845e-06,2.001067632695399753e-06,2.036922042765342178e-06,2.082061806606414694e-06,2.084714082089484553e-06,2.123852608980006678e-06,2.173049208990767218e-06,2.216194387725976825e-06,2.217918034267361251e-06,2.262781411481443971e-06,2.318944792591824677e-06,2.319967332132599512e-06,2.369252811075243150e-06,2.430711069011490954e-06,2.485352258336133791e-06,2.485245912851386740e-06,2.542301805083525367e-06,2.612894511296521352e-06,2.611949414520434650e-06,2.675022446119665546e-06,2.752554754109571442e-06,2.750723397273810856e-06,2.820613915454770630e-06,2.905877843838566623e-06,2.983875554004301208e-06,2.980750826110907567e-06,3.062731324208274432e-06,3.161391349943010023e-06,3.157353144788818393e-06,3.248725799420594642e-06,3.357544585242280529e-06,3.459870427451213695e-06,3.454683721507322615e-06,3.562793021990190405e-06,3.689233192354980808e-06,3.683323642356601671e-06,3.804460256999631853e-06,3.944228910147931252e-06,4.080182430918865072e-06,4.073758758340493235e-06,4.218185806507422797e-06,4.381050988914427920e-06,4.374536808430722934e-06,4.537114531319475019e-06,4.717371656391612581e-06,4.711206969087184328e-06,4.894505272210555410e-06,5.094036266887876777e-06,5.299854555921082546e-06,5.295778232887829439e-06,5.516174784869221635e-06,5.748888609572655894e-06,5.747126592461957692e-06,5.996418668239182036e-06,6.253828577297143350e-06,6.533226658665807188e-06,6.537850526348434637e-06,6.838761869188431927e-06,7.138238430713755247e-06,7.149022623904145924e-06,7.490017054925052832e-06,7.820331735911953717e-06,7.839591464601719322e-06,8.226110403140880683e-06,8.589731025807669098e-06,9.020106168472999899e-06,9.058489764537091201e-06,9.525527549585560217e-06,9.944156665983300478e-06,9.999844332159004012e-06,1.052870004369072142e-05,1.098600275722311280e-05,1.156992455146624313e-05,1.166222887360995598e-05,1.229873139007557675e-05,1.281697806024480257e-05,1.294153715759442453e-05,1.365923850138293537e-05,1.421757806202515209e-05,1.438269298978143812e-05,1.518960769296591631e-05,1.604472403665158458e-05,1.665989794082411741e-05,1.690557574802796319e-05,1.786086556905889028e-05,1.850731742265063112e-05,1.882141511123867884e-05,1.988252984203486753e-05,2.055160181729153096e-05,2.167434226894531562e-05,2.211835764217763990e-05,2.334289308112350370e-05,2.401981250575658584e-05,2.457021215913813116e-05,2.589988038104459954e-05,2.655588321673391279e-05,2.791271033991058322e-05,2.865397782051418629e-05,3.011761327573058312e-05,3.068406211923717619e-05,3.157337012853989543e-05,3.309665474880467623e-05,3.355353644710155886e-05,3.460550617460722507e-05,3.614999850317831534e-05,3.644816384292627392e-05,3.787649128629468759e-05,3.918797227829483131e-05,4.065499584211473095e-05,4.060647084082499826e-05,4.210042780279767632e-05,4.343074286804990717e-05,4.308891802554177977e-05,4.413060508378315364e-05,4.588563240642384421e-05,4.684391382274526286e-05,4.598555111947270457e-05,4.792397335785869783e-05,4.855635915121461483e-05,4.738163108707453834e-05,4.951287916707069700e-05,4.978490268073910611e-05,4.981370099729073110e-05,4.826913099567269147e-05,5.064049982549923657e-05,5.032862296279357040e-05,4.877694814462284092e-05,5.135427523570224771e-05,5.080419222409015087e-05,4.947373741831199984e-05,4.885934879921092350e-05,5.161212381544385262e-05,5.091243274797777513e-05,5.024430450153291789e-05,5.310582087388923515e-05,5.261830257446009905e-05,5.264543460207312173e-05,5.259848321202303435e-05,5.535467125540563565e-05,5.543352696967203034e-05,5.640818979403517622e-05,5.889800522431282826e-05,5.935781081994447798e-05,6.061551298140271894e-05,6.256579550513654425e-05,6.313001652193929393e-05,6.416881999313894097e-05,6.471128527631069623e-05,6.553581736558781253e-05,6.569401661692412988e-05,6.574153575691203970e-05,6.574153575691203970e-05,6.547346554638666649e-05,6.483052939291078943e-05,6.378323924628412930e-05,6.258908082468405624e-05,6.101149033426906011e-05,5.940629242682125621e-05,5.709630194287105951e-05,5.489856532840048847e-05,5.288404149406781564e-05,4.999901947380616700e-05,4.763548126552109467e-05,4.558635868149132805e-05,4.250871932061043451e-05,4.053368511177521329e-05,3.858042768136256726e-05,3.689575962845186127e-05,3.401342869737009126e-05,3.258845237296523916e-05,3.128789473839990720e-05,2.878082946321225253e-05,2.768953506733445944e-05,2.699689957779100540e-05,2.612667443924271497e-05,2.417389034420412862e-05,2.391936834641126690e-05,2.329483620721550200e-05,2.173833655852861266e-05,2.177551812115707645e-05,2.129007332319564385e-05,2.078421338264051238e-05,1.962913412304633952e-05,1.980026113857199566e-05,1.932693497521419506e-05,1.839482458013258210e-05,1.857324938015597041e-05,1.808537218062456311e-05,1.731808512499846643e-05,1.684713171539284793e-05,1.692633124779629271e-05,1.637940167193296535e-05,1.578305378269596291e-05,1.579028816091114114e-05,1.522512989951169035e-05,1.472776840802401127e-05,1.419238625585746380e-05,1.409677921395819771e-05,1.352756827187028281e-05,1.315169890785539418e-05,1.300792735657149750e-05,1.245773792368406443e-05,1.215356126036419416e-05,1.197551466726766739e-05,1.145475232697157312e-05,1.121280432937985400e-05,1.073562785299982836e-05,1.052839955986921807e-05,1.006308741176501773e-05,9.897344599793445180e-06,9.683150119811281272e-06,9.258611723179389750e-06,9.133518652396813115e-06,8.747388171067161099e-06,8.534881795059073286e-06,8.171130818670747798e-06,8.093386605973285636e-06,7.887089378483764715e-06,7.561175534530683188e-06,7.506625283118492889e-06,7.309017887433944306e-06,7.018041432417427924e-06,6.744289404377830962e-06,6.715652100073823388e-06,6.534676026436535738e-06,6.291138650612964728e-06,6.273970862006384889e-06,6.104247068700531818e-06,5.887726440368277813e-06,5.878781034032645459e-06,5.679692195269189374e-06,5.527862630413753797e-06,5.347217126178476510e-06,5.346937196927744427e-06,5.206000788923008100e-06,5.045207781435071434e-06,5.047767804327608492e-06,4.898602649111158428e-06,4.773891784249070032e-06,4.639243505986739318e-06,4.644502811873940952e-06,4.529247343432161377e-06,4.408848788216489326e-06,4.414235762740718393e-06,4.307799184725715038e-06,4.199874033666674591e-06,4.204813247723711987e-06,4.103376862267063235e-06,4.009548476006716532e-06,3.918035524519405811e-06,3.922152540459339728e-06,3.835499557046963677e-06,3.752870709235265140e-06,3.755759408995729825e-06,3.677408668690205470e-06,3.600856347653404447e-06,3.529949534375206139e-06,3.531232048445709968e-06,3.460399616706812810e-06,3.395848095262857017e-06,3.395741280091746138e-06,3.330138310966678413e-06,3.271179986597730130e-06,3.269732108648918096e-06,3.213223749820567049e-06,3.154880366648844809e-06,3.103341255576074142e-06,3.100254235932123225e-06,3.046036003676139799e-06,2.998562231283366691e-06,2.994314460504571818e-06,2.948523885681941513e-06,2.899995460301920047e-06,2.857936379134716912e-06,2.852297783287210974e-06,2.807024360200602216e-06,2.767967674243728499e-06,2.761414326399872844e-06,2.723549002061037974e-06,2.682742406674679576e-06,2.647698765664237459e-06,2.640065206276240873e-06,2.601838606932820744e-06,2.569054470387107511e-06,2.560751488230869314e-06,2.524888210434873033e-06,2.494139707466971925e-06,2.485265141749469808e-06,2.455301446582155554e-06,2.422660076142818782e-06,2.394639618996282957e-06,2.385104445673640400e-06,2.354356219744368705e-06,2.327912628678130603e-06,2.318005050568330288e-06,2.292169344252348499e-06,2.263991917519949538e-06,2.239663294151689588e-06,2.229335880874601448e-06,2.202689995978843894e-06,2.179609331640575789e-06,2.169070397278726558e-06
1.944227932807401601e-06,1.986736878918650131e-06,2.023812025291087851e-06,2.025669521019901267e-06,2.071969177415931422e-06,2.112510970502737645e-06,2.154962071867782571e-06,2.164251073606732289e-06,2.208688622398074295e-06,2.255281234654298368e-06,2.255493446111921840e-06,2.313239395007086287e-06,2.364497004050449403e-06,2.418348588359694089e-06,2.427182125318039364e-06,2.483701851152699794e-06,2.543157974284137916e-06,2.541422162798496328e-06,2.614141881173473911e-06,2.679932720690115074e-06,2.677330118433820587e-06,2.757239555072907156e-06,2.830199110764870724e-06,2.907185694815472366e-06,2.914619733531737129e-06,2.995700910472990063e-06,3.081355537265232924e-06,3.076647239721433050e-06,3.178431241029461992e-06,3.273920716196650432e-06,3.374960790430295855e-06,3.380668881184322172e-06,3.487326425156468673e-06,3.600297432616041207e-06,3.593905013666830381e-06,3.724367993695540379e-06,3.850900472502423380e-06,3.985107616277886803e-06,3.988240199932424897e-06,4.130194679870603902e-06,4.280884088710023510e-06,4.274182771215247968e-06,4.442089690629995870e-06,4.611527987458257323e-06,4.605331352413300403e-06,4.791043932765306201e-06,4.981808391886754497e-06,5.184649372150634049e-06,5.182134183668385145e-06,5.397148977607766111e-06,5.625889846401726985e-06,5.624552422187000206e-06,5.863703638095508191e-06,6.121861827325476126e-06,6.396634007187914361e-06,6.388433951657615757e-06,6.679965574110868406e-06,6.990314292670191503e-06,7.002019610507856209e-06,7.308516914870692843e-06,7.659113716835831213e-06,7.679480794462465923e-06,8.016808047172277311e-06,8.412824024039912253e-06,8.834258078927793335e-06,8.815147484468339317e-06,9.262252541180547539e-06,9.737828892784427423e-06,9.794754222768739123e-06,1.021919941749546115e-05,1.075525898977070804e-05,1.132473330518108905e-05,1.129636616604331583e-05,1.189958920511931314e-05,1.253964687628895891e-05,1.266452473034030244e-05,1.318439986202756759e-05,1.390185672246551509e-05,1.406638887619541601e-05,1.462337221975061408e-05,1.542475729477418514e-05,1.627090451926400526e-05,1.651356328371642604e-05,1.712067784536685106e-05,1.805876813282422894e-05,1.836739518571203062e-05,1.899967184645630862e-05,2.003287954526625708e-05,2.111413318543505009e-05,2.106782769670202663e-05,2.219633756270816876e-05,2.337115990989274827e-05,2.390540573512078606e-05,2.454461669848710475e-05,2.580589560297267128e-05,2.710497985284101294e-05,2.706240277110063711e-05,2.839595847632787908e-05,2.975639239748943817e-05,3.061047258962483654e-05,3.110270882048900629e-05,3.249582635400724161e-05,3.350229508674452798e-05,3.386830443114493357e-05,3.525395676192958656e-05,3.661296193808454718e-05,3.661500512256806757e-05,3.794118265924274703e-05,3.920869697272941646e-05,4.062606548243643590e-05,4.045544475058616344e-05,4.156513656778995365e-05,4.255612989112290615e-05,4.269378284297929677e-05,4.358033246776864034e-05,4.430915127579547111e-05,4.613124755793603343e-05,4.518885728548835455e-05,4.560884523894728212e-05,4.760101254209214830e-05,4.639434392123863903e-05,4.649251944109417025e-05,4.637642117917089674e-05,4.857470493280478953e-05,4.710545358786692992e-05,4.671877964901512294e-05,4.909313778630116656e-05,4.769839027459928918e-05,4.715433881474750120e-05,4.649558527908118267e-05,4.858741066849191627e-05,4.803882313554688901e-05,4.746693851680203674e-05,5.010072653562969765e-05,4.968199957806530587e-05,4.936629079137593148e-05,4.918710736024165680e-05,5.222306213333945986e-05,5.226553427511648688e-05,5.250861218440241351e-05,5.490849879134224442e-05,5.588107542177334856e-05,5.644762203004596450e-05,5.843871890249364509e-05,5.952040443292135605e-05,6.013177465114802117e-05,6.079251025910213896e-05,6.217660314591927232e-05,6.244689642125999390e-05,6.261470818277344421e-05,6.272425027482837279e-05,6.272425027482837279e-05,6.241972735002896094e-05,6.182531758945585801e-05,6.102265439352848021e-05,5.963856150671135363e-05,5.828217290576705124e-05,5.677139402035273825e-05,5.491950786396198567e-05,5.257476344578715410e-05,5.065925623064879705e-05,4.849932847111322842e-05,4.573032075407962576e-05,4.375607922755015165e-05,4.185194635782033809e-05,3.881599158472253503e-05,3.705436983632228072e-05,3.540444175762561934e-05,3.386985073146657287e-05,3.125236617774123727e-05,2.996529851724094072e-05,2.877609000818070838e-05,2.668426462292188635e-05,2.576165157293919803e-05,2.490753452309716817e-05,2.449007918849371163e-05,2.273119901015869729e-05,2.213279947634011791e-05,2.204389427199551787e-05,2.063338382073567591e-05,2.019063475735044977e-05,1.973702844034724277e-05,1.984828627959444526e-05,1.878778322013396974e-05,1.838056006947084246e-05,1.853963957992297879e-05,1.767454376686622129e-05,1.726129370540736922e-05,1.681485633981314555e-05,1.667925762346628892e-05,1.623572448318485586e-05,1.576329355898225249e-05,1.579655781656026566e-05,1.523196487841564742e-05,1.473496375264430087e-05,1.422394681593605228e-05,1.422858742653567416e-05,1.371833084252997356e-05,1.320308394088420036e-05,1.308383694785650222e-05,1.272250409808452795e-05,1.221598950382110882e-05,1.205819520218243330e-05,1.176384449573773951e-05,1.127707671338530058e-05,1.080230666798781368e-05,1.085731443101838373e-05,1.039825588604032247e-05,9.954561433615836700e-06,9.750342014018963159e-06,9.586828398404986936e-06,9.177552986845178309e-06,8.786083526730061293e-06,8.845572018540675944e-06,8.471808692465462938e-06,8.116059725452233020e-06,7.913699443505355872e-06,7.834941089420230427e-06,7.513711488487777380e-06,7.318707938256803990e-06,7.262708465038526916e-06,6.973978260332263045e-06,6.701373167313084216e-06,6.521502247691661213e-06,6.491173827246984460e-06,6.247354688415126248e-06,6.078197880639176599e-06,6.059489387613406760e-06,5.841731927679371029e-06,5.636880963505575180e-06,5.673308630831592944e-06,5.478946751047169613e-06,5.296191521597722621e-06,5.155082080798759054e-06,5.153895626242114967e-06,4.990779379024190821e-06,4.837438516592606280e-06,4.861979382479236160e-06,4.716251977327228972e-06,4.579201077150908785e-06,4.463629106885310625e-06,4.468734472255164218e-06,4.346040511126882649e-06,4.239310395246714358e-06,4.244834088481798680e-06,4.134776566715502820e-06,4.031065449607715394e-06,4.041595549082861243e-06,3.942652376268964724e-06,3.849299823683346826e-06,3.762486253249910272e-06,3.767284518932915603e-06,3.683036655284924327e-06,3.603385927896101960e-06,3.606615806622781681e-06,3.530374945995249491e-06,3.458178718836432617e-06,3.387355517162539120e-06,3.389679171821983496e-06,3.324045719782725569e-06,3.258506482246597361e-06,3.259541825640428356e-06,3.199694196268389755e-06,3.142773452884768317e-06,3.138750746285752254e-06,3.084012321532954554e-06,3.031854048948387110e-06,2.977838576600741877e-06,2.976042463442020279e-06,2.928101152046610017e-06,2.882288398371868185e-06,2.874958354907350502e-06,2.830759122354176467e-06,2.788442183428444595e-06,2.743473653108848927e-06,2.739174810359157919e-06,2.699971131295193923e-06,2.662328654058628106e-06,2.652782234904606166e-06,2.616358253131593900e-06,2.581320727326155621e-06,2.543465507205784753e-06,2.537154130089629934e-06,2.504452274877698293e-06,2.468970287900064721e-06,2.461966856382459879e-06,2.431365146916325868e-06,2.401797143141540833e-06,2.390453558633108963e-06,2.361745645595699280e-06,2.333962453093974997e-06,2.303623413289595876e-06,2.295318006919868631e-06,2.269151863848936861e-06,2.243767377541705676e-06,2.231838908037177614e-06,2.207142148546509058e-06,2.183148807641620706e-06,2.156919739957239742e-06,2.147735200829714080e-06,2.125012104560216001e-06,2.100190933385818701e-06
1.931470085684428311e-06,1.967941288447742984e-06,1.976483419440569935e-06,2.014606571034999362e-06,2.054516281418165832e-06,2.104337653161064604e-06,2.104701117938415595e-06,2.148475008516695844e-06,2.202893185964735230e-06,2.202581515364457376e-06,2.250704205858564253e-06,2.301247669863335477e-06,2.363572866497483363e-06,2.362213443710507935e-06,2.417974235091209569e-06,2.486280524916708919e-06,2.484153114181027709e-06,2.545805037527456522e-06,2.610758994414143383e-06,2.617835049962648849e-06,2.686146708480731880e-06,2.758200706282808137e-06,2.844617541132644345e-06,2.840604532831709156e-06,2.920697598469531767e-06,3.015771870075668225e-06,3.011011267048696722e-06,3.100214988487203750e-06,3.194559882958734817e-06,3.304587922685033772e-06,3.298997050827263814e-06,3.404373996200176412e-06,3.525662643346819426e-06,3.519606300380124379e-06,3.637507526473275309e-06,3.762492721267439788e-06,3.903206335448089709e-06,3.897093982222694183e-06,4.037271398995846560e-06,4.192549882431478994e-06,4.186706467607101477e-06,4.344143581389053304e-06,4.511346932315587432e-06,4.510415263671692085e-06,4.687460191852575638e-06,4.875598407040385050e-06,5.074537041446833044e-06,5.072164720274331353e-06,5.284071149062978805e-06,5.503460751550642083e-06,5.503861738673031896e-06,5.742733556762483232e-06,5.996819004828859671e-06,6.250917995657373693e-06,6.258318869991968351e-06,6.544963141995678795e-06,6.824457852524778887e-06,6.838392031708348276e-06,7.161838888618944143e-06,7.505931021946338432e-06,7.491408128166345218e-06,7.856358286427530090e-06,8.244516837163701390e-06,8.596671261400336609e-06,8.638369488115196079e-06,9.075975240215205638e-06,9.460066965452906593e-06,9.518648340630227485e-06,1.001149999812913862e-05,1.053487097396350017e-05,1.096966946223481337e-05,1.106307404555256934e-05,1.165099591569294032e-05,1.211969725181594817e-05,1.224326559922144363e-05,1.290210066117783823e-05,1.359932041304106988e-05,1.356488250419246408e-05,1.430084017446393327e-05,1.507805012770446262e-05,1.562550042440343374e-05,1.585917677338122671e-05,1.672153586734902045e-05,1.762834227117997669e-05,1.758740499501166446e-05,1.853861437438751979e-05,1.953513705836265030e-05,2.012621011111562639e-05,2.053420140154923665e-05,2.162015481459132545e-05,2.220761487441283216e-05,2.270717741762958664e-05,2.387809141676931038e-05,2.508761160619383683e-05,2.563203774482343555e-05,2.629340483080262265e-05,2.756942231593221439e-05,2.805182479456101493e-05,2.883711304787515021e-05,3.015738879592724569e-05,3.148651335578973821e-05,3.146387464536252483e-05,3.279627763502491718e-05,3.411622308315611789e-05,3.427873291179652583e-05,3.541232973182295362e-05,3.667420559859553667e-05,3.663383653220482082e-05,3.791655602432614431e-05,3.906365599968903357e-05,4.011931273994944294e-05,3.968958724989840050e-05,4.118545846733221311e-05,4.202865913408686813e-05,4.131675436066603065e-05,4.296171792818917175e-05,4.353988407772054067e-05,4.393843470350826841e-05,4.436108307390781037e-05,4.464425936044292073e-05,4.472977120732819409e-05,4.341718838972913113e-05,4.541815513671816011e-05,4.521520908039026223e-05,4.482094746664137905e-05,4.603270081710891028e-05,4.561343255522274493e-05,4.504461939595782061e-05,4.387041381924594488e-05,4.621576435790467177e-05,4.561422982830983327e-05,4.485020211535723254e-05,4.732283236787780109e-05,4.684678873818182805e-05,4.643149414014291010e-05,4.646959638683285443e-05,4.893411449558665946e-05,4.886137248512722721e-05,4.948778193645777856e-05,5.182557679974260481e-05,5.210812905216115223e-05,5.259140510043519665e-05,5.513892365421370763e-05,5.563703818584789202e-05,5.626752346726278359e-05,5.734933722749734004e-05,5.857983785716147483e-05,5.901211963115909491e-05,5.956729907026665354e-05,5.995208085065794007e-05,5.984471712746182247e-05,5.984471712746182247e-05,5.957656518557880558e-05,5.901780966876200277e-05,5.819474780532306855e-05,5.719506457494765393e-05,5.572861058759032767e-05,5.414359302860805869e-05,5.257272258144824590e-05,5.092168713125528543e-05,4.837416857747676768e-05,4.653171684037010899e-05,4.470556115234931204e-05,4.205414100815435899e-05,4.004769565770470441e-05,3.832006973590843955e-05,3.564909510710357254e-05,3.395893026331312057e-05,3.250765592114823938e-05,3.115748628289289327e-05,2.876311927132519974e-05,2.770712788814692185e-05,2.668929372453870459e-05,2.464305745677469744e-05,2.405179907398797179e-05,2.333015860385979066e-05,2.265008628886795255e-05,2.143833509468506314e-05,2.093244006413957003e-05,2.043612440877286030e-05,1.916998277813989368e-05,1.924574015435773504e-05,1.884735599587939966e-05,1.842902978554947707e-05,1.800664950110109888e-05,1.763695111266337120e-05,1.723610099740935847e-05,1.645833242153287712e-05,1.661366470407506124e-05,1.619592526729163480e-05,1.554806425724977021e-05,1.565698545552531506e-05,1.521029870661407353e-05,1.474098170967735405e-05,1.423015739182682174e-05,1.423632367159166900e-05,1.375006260584051720e-05,1.331952993666681682e-05,1.326739617908386137e-05,1.277556288869555315e-05,1.228300307659981760e-05,1.231423347945080426e-05,1.182941527422151257e-05,1.135056715980165167e-05,1.107934199456381947e-05,1.092628823241512193e-05,1.047007952702126634e-05,1.025118869859970830e-05,1.007826250295337058e-05,9.650793352173178870e-06,9.238778463323239496e-06,9.084985699179765962e-06,8.897704327154575552e-06,8.519111663707842511e-06,8.400788101836538242e-06,8.211974514518326549e-06,7.867160092057428312e-06,7.539311761007514624e-06,7.591886770609593702e-06,7.279919060393304992e-06,6.984302861014853028e-06,6.929296787312354597e-06,6.752954888378862821e-06,6.487480639308107285e-06,6.236888459220887678e-06,6.281112155801292357e-06,6.043365865001632840e-06,5.819301605983623067e-06,5.799690471614450812e-06,5.646465526640022065e-06,5.446362856424408403e-06,5.435039100101516488e-06,5.291524135506998409e-06,5.112899385542184509e-06,4.944900724876864132e-06,4.942569528541487320e-06,4.814181187559442442e-06,4.664191533784693705e-06,4.665185597637402440e-06,4.545955901188177883e-06,4.411906661898935291e-06,4.285796478740974938e-06,4.304446049583873676e-06,4.184471279528481665e-06,4.071524215456833842e-06,4.076548683063601532e-06,3.978756043180318730e-06,3.877396181198190405e-06,3.882463524815304705e-06,3.792035214417578683e-06,3.700868918435419104e-06,3.614827147019611358e-06,3.619661196282820594e-06,3.539742900809154000e-06,3.462057210759402158e-06,3.466033462078255236e-06,3.392119254069369732e-06,3.321784123334987777e-06,3.255163774357957677e-06,3.256360176438543924e-06,3.192496776055581545e-06,3.131905043378239395e-06,3.133551845168591394e-06,3.072894698499473602e-06,3.017618880408800552e-06,3.018116976365862453e-06,2.961858068722073042e-06,2.911277238575319382e-06,2.863072659552592633e-06,2.862137898063546665e-06,2.811994976574345004e-06,2.767666808503416742e-06,2.765667866638660040e-06,2.719008805829279348e-06,2.678120609061511044e-06,2.638968973287032420e-06,2.635672953046663106e-06,2.593830783562061432e-06,2.557541212896064369e-06,2.553358170295132611e-06,2.514275128269547689e-06,2.480540715912682873e-06,2.448087191552593840e-06,2.439000476403346391e-06,2.407553250604720610e-06,2.377246236402236769e-06,2.371309983401128507e-06,2.338218175095332162e-06,2.309840842465902028e-06,2.303301259589214805e-06,2.272220522249544100e-06,2.245582919905558817e-06,2.219800748237014720e-06,2.212548529791954796e-06,2.184219745406149050e-06,2.159922355431348300e-06,2.152243355789589874e-06,2.125528813647550796e-06,2.102580319182139894e-06,2.080282866351483638e-06,2.069313490748465258e-06,2.047594073792745002e-06
1.921507941598912487e-06,1.922104444162744477e-06,1.959651939864433433e-06,2.006577456479039002e-06,2.048025572645737825e-06,2.047720738937027179e-06,2.098943721967215089e-06,2.144464009394542611e-06,2.143487272858359355e-06,2.199476047138671899e-06,2.249576012124939309e-06,2.302229470600128057e-06,2.300225074307775479e-06,2.364418265100425336e-06,2.422557735677554782e-06,2.419804455355647816e-06,2.490192051054004665e-06,2.554518451584087636e-06,2.551000508536197216e-06,2.618501054201099399e-06,2.699574163277928384e-06,2.774808454049062325e-06,2.770259047761046996e-06,2.859388969923792981e-06,2.943031036412532530e-06,2.937787338577636318e-06,3.035856538656624721e-06,3.129007860905121359e-06,3.227518163675518879e-06,3.221548183984055738e-06,3.335044078122828943e-06,3.445027246002674077e-06,3.438678397219759826e-06,3.563761006038018948e-06,3.686734254007351986e-06,3.817037632090571723e-06,3.810787249972423277e-06,3.955821369478979560e-06,4.101808473370010230e-06,4.095951827961933916e-06,4.255898571531848802e-06,4.419643466142147291e-06,4.414677633860343990e-06,4.589403644520020352e-06,4.774898882027113295e-06,4.970071482068344293e-06,4.968049453584109098e-06,5.172492233627444014e-06,5.391872821695433931e-06,5.392792501332015810e-06,5.617958796214581684e-06,5.864676507527723924e-06,6.126744760460312310e-06,6.134893135918130030e-06,6.395048540759736962e-06,6.689862175124040146e-06,6.704696843439133253e-06,6.990296485276386501e-06,7.321908540606303855e-06,7.345605323342066167e-06,7.703638706279823090e-06,8.031346234203061199e-06,8.427101264837272263e-06,8.469855855866794710e-06,8.827402495873624505e-06,9.271741816484304385e-06,9.331308011294107066e-06,9.720015725289511075e-06,1.021818858296386181e-05,1.074585771404672025e-05,1.083977736625937188e-05,1.127715476665438105e-05,1.186681190852754232e-05,1.199032938739772366e-05,1.245957164360258839e-05,1.311656109943092837e-05,1.327654412299242915e-05,1.399120739752562505e-05,1.450543301022338647e-05,1.527285964471536555e-05,1.550332788245162145e-05,1.604250924439500471e-05,1.688778682345114972e-05,1.717688534443045453e-05,1.809563956569637148e-05,1.865939806645858533e-05,1.962389383600826232e-05,2.002166364229416451e-05,2.058814515286664829e-05,2.162916673343171054e-05,2.211417108713390639e-05,2.266786735174534589e-05,2.377827619097263445e-05,2.491836906558605961e-05,2.555666612374238845e-05,2.605024062880604465e-05,2.723727448617583395e-05,2.799240640231133204e-05,2.841101978600050817e-05,2.962059853905007372e-05,3.050244164108494314e-05,3.177329299428824377e-05,3.201038574582913899e-05,3.318522625597198088e-05,3.426659715561019133e-05,3.433327487701735213e-05,3.542946651515512896e-05,3.664937800445153927e-05,3.650675914095075683e-05,3.747130582355343302e-05,3.833856558113815486e-05,3.975494724291026857e-05,3.922837658021110401e-05,3.988080623805708092e-05,4.143215112814404905e-05,4.064542840085373318e-05,4.104439969892834214e-05,4.273466258336241114e-05,4.299961262900155759e-05,4.185039476406817604e-05,4.180532841161274790e-05,4.366837626791257528e-05,4.240235839996003766e-05,4.212104076156954023e-05,4.413342881063455568e-05,4.369998662309542028e-05,4.245350979133820059e-05,4.190649970176610556e-05,4.406493332818139328e-05,4.308743321473705563e-05,4.256926412522070988e-05,4.484637443708539288e-05,4.429629550519745761e-05,4.394798105221174247e-05,4.368061544401478366e-05,4.597407549055932362e-05,4.618055799671883974e-05,4.625384887138967664e-05,4.847385490580692125e-05,4.916437313828524972e-05,4.955986650924874392e-05,5.153983179999429616e-05,5.199635275155888096e-05,5.305285867066766365e-05,5.371838895146707256e-05,5.507806322822542724e-05,5.591046909720556333e-05,5.635090533310838133e-05,5.699108860821811088e-05,5.723997656191624485e-05,5.715297609050263200e-05,5.715297609050263200e-05,5.690697582574295784e-05,5.644159920671346011e-05,5.562874046622428236e-05,5.469241343972322994e-05,5.345733658831842164e-05,5.185742150541900987e-05,5.037504109818463399e-05,4.862054107092039350e-05,4.699027721289462310e-05,4.469237278217647063e-05,4.294197060726212583e-05,4.104021397750350845e-05,3.853486787549338205e-05,3.685813401264069792e-05,3.515357421083002817e-05,3.268800026516426326e-05,3.126088432499482609e-05,2.993249368211534035e-05,2.875929159304434427e-05,2.658590685636374914e-05,2.557659267337944963e-05,2.483757695860298377e-05,2.298954315740561489e-05,2.227484532710375683e-05,2.192110295554465223e-05,2.134413767384189494e-05,1.991255683641425699e-05,1.944101902770513414e-05,1.942114794573461816e-05,1.826728463406477806e-05,1.790738984845076243e-05,1.802660118794279816e-05,1.765195900326713575e-05,1.677348347935666472e-05,1.642895085832509717e-05,1.657289760157048034e-05,1.584781643832945837e-05,1.549262886145552086e-05,1.561133442160128176e-05,1.500206949907948505e-05,1.461903620271855579e-05,1.421171091355664370e-05,1.424059740073187243e-05,1.375571429604646108e-05,1.332633295513026944e-05,1.329906895165467938e-05,1.288799833567760062e-05,1.244601303208024259e-05,1.236837287186513106e-05,1.189747153279795383e-05,1.157911229720498097e-05,1.113764836269187915e-05,1.100225814234511308e-05,1.073968422324544633e-05,1.031300868172134154e-05,1.015408093277647995e-05,9.940820748215037161e-06,9.535902828601332544e-06,9.143202799678750017e-06,8.964902292347284120e-06,8.813441527803280042e-06,8.448787966807126763e-06,8.266503929319930834e-06,8.149022063966762240e-06,7.813825639699720351e-06,7.632281841626957115e-06,7.314100874531260317e-06,7.237269005986299826e-06,6.946366096117855254e-06,6.772406819021733185e-06,6.716325764847930209e-06,6.453342863399659643e-06,6.286806305247634313e-06,6.042482437988983691e-06,6.010278569054131705e-06,5.786338098311525913e-06,5.633562652110863259e-06,5.612589898669160946e-06,5.411666237583234303e-06,5.268238167802578837e-06,5.255705961488353725e-06,5.075636795214012946e-06,4.905906208572498111e-06,4.777223742593852808e-06,4.773946286890261826e-06,4.621956418819744986e-06,4.502335622176197162e-06,4.502643675339369707e-06,4.366479199661605650e-06,4.255531456177888702e-06,4.132045513209052630e-06,4.136062424904275591e-06,4.020992824798884560e-06,3.922757610025791433e-06,3.927678101761787309e-06,3.824303724548316953e-06,3.733470227139987033e-06,3.738657149251777343e-06,3.645623339539929657e-06,3.557785199829051118e-06,3.477546587527825896e-06,3.482760439024970204e-06,3.403460075511873675e-06,3.329287449952370534e-06,3.333806479023694534e-06,3.262043183942435868e-06,3.193452904455529499e-06,3.128475864027258259e-06,3.131994917450151344e-06,3.070251792280445934e-06,3.009505475136685922e-06,3.011981324871441195e-06,2.955729000939066131e-06,2.899437028432342339e-06,2.900846845459657492e-06,2.849452514182898450e-06,2.800518725063018160e-06,2.750437097863419814e-06,2.750499819956471772e-06,2.705586716375843416e-06,2.659032404767097700e-06,2.658071951753884325e-06,2.616729012534107288e-06,2.577192507514988090e-06,2.535529134373590792e-06,2.533309277020502898e-06,2.496745050793196278e-06,2.457870727670745077e-06,2.454775187374046864e-06,2.420863321133329990e-06,2.384538425059909099e-06,2.353263827365829880e-06,2.349106845891453724e-06,2.318756493132436330e-06,2.285944753549238639e-06,2.281091721391455002e-06,2.252739672019072180e-06,2.221953206423752740e-06,2.216482515370842959e-06,2.189929044510699771e-06,2.164267397566765810e-06,2.136262439769302851e-06,2.130054985569525283e-06,2.105923832167054039e-06,2.079538758057615121e-06,2.072880402965229135e-06,2.050136385604246440e-06,2.025240668729930043e-06,2.003902170423525395e-06,1.996712836945069237e-06
1.876999678458497329e-06,1.914235459279225482e-06,1.953241509140516738e-06,1.994127933053853186e-06,2.000866904051245905e-06,2.043677781798092857e-06,2.088605686071699096e-06,2.095106608365899918e-06,2.142192861333258597e-06,2.191664743685618351e-06,2.252079612722807256e-06,2.249765216767965881e-06,2.304351582072103500e-06,2.361800233459206085e-06,2.367506134186195848e-06,2.427854888358206761e-06,2.491435417494890036e-06,2.496678324463391710e-06,2.563525405101005120e-06,2.634023787156523745e-06,2.708409390818602870e-06,2.712898415571986706e-06,2.791207341613408456e-06,2.873911467420322218e-06,2.877719148683832564e-06,2.964852307092643468e-06,3.056956934025453307e-06,3.162756746787035520e-06,3.157079404933656525e-06,3.259812193513494434e-06,3.368535769284769159e-06,3.370297666258545320e-06,3.485050529570658275e-06,3.606582012443387746e-06,3.741128555818651403e-06,3.735591431209750144e-06,3.871609966124148203e-06,4.015794059993718191e-06,4.014743650979662658e-06,4.167146622769054476e-06,4.328782069494137027e-06,4.326251795467022763e-06,4.497178937677761084e-06,4.678537813747310936e-06,4.870992098863369206e-06,4.866204275045057535e-06,5.069838104174528901e-06,5.285988148235214775e-06,5.279282158372134901e-06,5.508046210808521060e-06,5.750908350820874321e-06,5.989180364500298849e-06,5.999160848363513876e-06,6.272086051306718212e-06,6.561812951179892517e-06,6.549859351502450835e-06,6.856547471268119235e-06,7.182050497715587538e-06,7.167529763082808542e-06,7.512034315292646809e-06,7.877537192738845440e-06,8.265197222616335433e-06,8.247002737732272754e-06,8.657058125397946367e-06,9.091674092066035704e-06,9.070586407698269773e-06,9.530030030917111485e-06,1.001654005585684823e-05,1.041284679426901913e-05,1.050637537792791342e-05,1.104985536776454237e-05,1.162419872876976582e-05,1.159630757246095637e-05,1.220180670653167261e-05,1.284057444171526878e-05,1.280999373441558877e-05,1.348229177968873901e-05,1.418998010371553364e-05,1.493391746792668476e-05,1.490031474556893245e-05,1.568058066968409464e-05,1.649833533580037756e-05,1.646313673375109305e-05,1.731824690602594478e-05,1.821109125117314088e-05,1.914122725916817130e-05,1.910522818093894428e-05,2.007188020225742604e-05,2.107370472781605042e-05,2.103845088153388852e-05,2.207405754032714006e-05,2.314043270522148210e-05,2.361044603293366011e-05,2.420240354899256876e-05,2.532076561271351438e-05,2.645738980137311283e-05,2.643075086963553457e-05,2.758183003631250522e-05,2.873806253174819342e-05,2.871993232899063938e-05,2.987672214094867608e-05,3.102109937838208327e-05,3.214208851278008426e-05,3.214428716515515589e-05,3.323696295684640815e-05,3.428221426687715095e-05,3.431188213571831716e-05,3.530721962515172990e-05,3.622675384161169407e-05,3.586741803885544510e-05,3.715170298448192300e-05,3.789582658774216410e-05,3.851860748587272845e-05,3.870629506550224912e-05,3.923231687113360708e-05,3.961193479834639367e-05,3.994175914660752421e-05,4.022373937605117230e-05,4.034354776951767522e-05,4.029394227045731390e-05,4.092235597546909173e-05,4.079694194091353343e-05,4.050956511870108996e-05,4.145526706725551281e-05,4.113579752067785293e-05,4.068255169592712979e-05,4.011530290862446428e-05,4.158841152427258079e-05,4.107606594892948163e-05,4.051115972467466108e-05,4.240626980629527313e-05,4.196039567131304714e-05,4.153614495825799958e-05,4.135733035432176261e-05,4.353640972563093710e-05,4.336749846651315584e-05,4.333331583245257781e-05,4.584757550531883252e-05,4.598301579046075959e-05,4.628545956693959264e-05,4.870254093305354025e-05,4.908705419884120850e-05,4.961544643059274799e-05,5.026986244977778214e-05,5.209766131069373921e-05,5.261978199581469299e-05,5.316382318348356252e-05,5.423886929571556851e-05,5.446279487884025412e-05,5.459703994524367233e-05,5.475543051139646343e-05,5.460177500330621475e-05,5.444338443715341009e-05,5.397562660499995364e-05,5.334212195016484258e-05,5.226707583793283659e-05,5.119472549823853675e-05,4.999365105910909789e-05,4.816585219819314082e-05,4.666274397672326018e-05,4.511024546888793942e-05,4.353332754354455840e-05,4.111624617743061757e-05,3.947147913970886792e-05,3.787130073758077732e-05,3.535704106471452261e-05,3.383818157392928306e-05,3.240379080692865006e-05,3.011454398454166035e-05,2.878933166444287657e-05,2.762684283963590955e-05,2.654883107952300093e-05,2.465372099805660308e-05,2.378861301245447781e-05,2.299052985184366632e-05,2.151742127378900992e-05,2.091378417500995885e-05,2.034983679454892714e-05,1.981441293433827710e-05,1.886871475405952378e-05,1.846705947959730460e-05,1.806844621579038182e-05,1.744006812190171738e-05,1.712612655038846983e-05,1.679571732581950949e-05,1.644630509440024216e-05,1.611675174784729721e-05,1.580161238884980114e-05,1.545947622209849754e-05,1.527256000220004003e-05,1.494038368123851317e-05,1.458031968935486417e-05,1.402883508094766854e-05,1.412209303079704973e-05,1.373589686974628731e-05,1.333046251021587932e-05,1.330421945587018361e-05,1.289517008033176046e-05,1.247401803612204740e-05,1.247681116168348429e-05,1.205450340262867273e-05,1.162708059979136134e-05,1.119823004601911810e-05,1.122341057075465638e-05,1.080016735008094489e-05,1.038107214555304865e-05,1.041606862611776681e-05,1.000601461670951045e-05,9.604354155867120052e-06,9.405989990122257908e-06,9.255425023313964799e-06,8.876668149864556833e-06,8.510357401210872058e-06,8.555710130965012985e-06,8.203184712996818123e-06,7.864367390121307095e-06,7.910623702204849751e-06,7.585871674779170391e-06,7.275297729314796571e-06,6.978974365824502383e-06,7.024180879092158252e-06,6.741464364113685021e-06,6.472659874411456218e-06,6.515812693963580160e-06,6.259800166587378118e-06,6.017045746194604844e-06,5.787173775648370364e-06,5.826444337938753939e-06,5.607920564546311449e-06,5.401362342174324092e-06,5.437178858767395306e-06,5.240900651803923216e-06,5.055608145856488097e-06,5.042211086214294637e-06,4.911672602252881108e-06,4.745613389921361048e-06,4.589062304589179475e-06,4.616142053259264633e-06,4.467365870008698036e-06,4.327151569239473809e-06,4.350516013713404671e-06,4.217194245228978654e-06,4.091545703305086025e-06,3.973139839081634824e-06,3.991786637308077069e-06,3.879084340923815000e-06,3.772836001223975575e-06,3.788186213594019404e-06,3.686964598688048388e-06,3.591480004094391801e-06,3.596265080252680670e-06,3.512716453232971881e-06,3.426750113729049029e-06,3.345561888728037969e-06,3.354173384110499701e-06,3.276618110359941510e-06,3.203293265833790776e-06,3.209441548718790970e-06,3.139317039340655722e-06,3.072935584131180160e-06,3.010061203849359077e-06,3.013310454675099269e-06,2.953062196705818393e-06,2.895915074508426370e-06,2.897263957008781401e-06,2.842436775915068521e-06,2.790352172896213096e-06,2.792245018447434314e-06,2.739988237937144994e-06,2.692383499162478931e-06,2.647051089185919453e-06,2.644788549581293656e-06,2.601153320666003631e-06,2.559530134305189842e-06,2.559258827644808108e-06,2.515920667446907318e-06,2.477591272333531824e-06,2.440932921673261692e-06,2.436043288630746006e-06,2.400644163634728952e-06,2.366728375416699816e-06,2.360963795284124062e-06,2.328176733104959440e-06,2.296708120736562261e-06,2.266476709147126159e-06,2.259744031336698027e-06,2.230463925197331545e-06,2.202285924914673021e-06,2.194958693772883821e-06,2.167640380207223807e-06,2.141305447738320189e-06,2.136710524853437226e-06,2.107927347753557741e-06,2.083250901596272346e-06,2.059401676873936272e-06,2.051053518964510371e-06,2.027873376187253657e-06,2.005434769794335765e-06,1.996780921695972479e-06,1.974954378854248436e-06,1.953793890578872801e-06,1.933261885447618687e-06
1.863693384321336535e-06,1.909286293508923460e-06,1.949844125125671555e-06,1.948564960690977945e-06,1.990839392222952435e-06,2.042873978010706714e-06,2.040970075751851006e-06,2.087489177371554330e-06,2.144370763922495211e-06,2.195933720760889212e-06,2.193108451495768882e-06,2.255354789144315611e-06,2.312282984710969785e-06,2.308797692213566990e-06,2.368477255725933109e-06,2.439946327254893123e-06,2.435806147473855639e-06,2.501926469022624158e-06,2.580322224795388324e-06,2.653897843210230214e-06,2.648937048095911116e-06,2.726409025309903392e-06,2.816714737440616010e-06,2.811230243107283488e-06,2.897431219738795530e-06,2.996660508126190900e-06,3.092723851621588632e-06,3.086819169942233315e-06,3.195903012624005881e-06,3.302981514041387340e-06,3.296939642909521273e-06,3.410412662224124890e-06,3.536395970958877005e-06,3.662884575104091204e-06,3.657347874597877710e-06,3.795916818416547686e-06,3.937306225759395115e-06,3.932473514170179397e-06,4.083007449087723750e-06,4.243052744487189398e-06,4.239443848062183487e-06,4.408170531491607262e-06,4.584094237716189259e-06,4.771803982969975583e-06,4.771629895304725928e-06,4.972404317609421061e-06,5.175188432702345728e-06,5.178292921805353934e-06,5.403645564269475835e-06,5.626062907874438306e-06,5.875917772597278110e-06,5.886638944196455233e-06,6.130241880907834313e-06,6.410214532601973438e-06,6.427812794936249374e-06,6.729098610476989151e-06,7.007735911309906677e-06,7.034255405808870353e-06,7.372267724449697350e-06,7.675782802352912394e-06,8.047458422209683620e-06,8.092636333060383082e-06,8.494095609275786489e-06,8.837505332598786175e-06,8.898874948570980475e-06,9.348007271881590959e-06,9.718633182316000770e-06,1.020792932711696371e-05,1.030168907688641718e-05,1.069962050333906259e-05,1.124342705152282069e-05,1.136468802275183213e-05,1.195406135030830667e-05,1.239171703455375715e-05,1.254642204211333722e-05,1.319960792418965846e-05,1.366069517481359292e-05,1.435817881493779892e-05,1.457642828449757045e-05,1.533225603534385431e-05,1.582052861103127087e-05,1.609091859157024774e-05,1.691757205343239569e-05,1.741511026893845227e-05,1.827834409269868724e-05,1.864390923370447842e-05,1.957546619102645781e-05,2.006663340261333244e-05,2.050762337635275370e-05,2.150357574239517954e-05,2.197179215622094959e-05,2.297713945388429272e-05,2.354894103170213890e-05,2.397442417868911953e-05,2.501568979836222569e-05,2.568610450645352394e-05,2.678786181794604059e-05,2.710093269807442861e-05,2.787745720724711318e-05,2.898296626424460678e-05,2.918411844826147719e-05,3.020613348532904071e-05,3.114850415887288022e-05,3.219117913652628181e-05,3.215853903124615826e-05,3.321544499300078067e-05,3.416471161849945175e-05,3.393806731182253089e-05,3.470037535770059293e-05,3.591958990073705605e-05,3.547741868498400727e-05,3.606171143231762444e-05,3.739201908268950685e-05,3.789330590421031959e-05,3.710375053283461894e-05,3.854812287874459834e-05,3.881367494866517760e-05,3.783687986383997093e-05,3.784021749140356616e-05,3.942906084591646523e-05,3.929759528692815636e-05,3.813239939470523571e-05,3.984669448787469707e-05,3.951637247978238208e-05,3.839192146996327280e-05,3.793911958351021225e-05,3.978733365696180454e-05,3.924703530179773193e-05,3.838487095423720837e-05,4.035022388597217155e-05,3.985236361056821315e-05,3.937547577606596649e-05,3.906450810838115243e-05,4.108664257062612913e-05,4.107345137088763150e-05,4.102790775024051350e-05,4.304287248435953217e-05,4.308690833402481116e-05,4.372416273399887374e-05,4.561261529971169049e-05,4.593272798742130809e-05,4.683372749450944139e-05,4.741413416303471662e-05,4.889855255080467002e-05,4.944828738773781885e-05,5.032732047188676760e-05,5.129828102384748534e-05,5.165681357989595254e-05,5.209619827247181586e-05,5.223453407695167854e-05,5.231570546229186478e-05,5.231570546229186478e-05,5.209760400898505954e-05,5.166310180748138022e-05,5.101687440563461024e-05,5.022340126317040624e-05,4.907025877310160959e-05,4.781219337211767777e-05,4.655052430386482981e-05,4.482306245061210611e-05,4.334670396617121898e-05,4.167091133150976049e-05,4.015928509158282094e-05,3.800528284971301803e-05,3.630954156728132329e-05,3.483676980935434690e-05,3.261859594281514091e-05,3.121777564785531417e-05,2.984385620084602347e-05,2.773912311027441609e-05,2.659046691313425253e-05,2.557336596405786295e-05,2.463792143788948516e-05,2.283422676855449441e-05,2.219607664429037682e-05,2.151492194229603612e-05,1.999658829153067640e-05,1.943992672069767938e-05,1.921648712171328721e-05,1.875983282329638752e-05,1.758558129617606908e-05,1.757981598123967143e-05,1.723502522989118463e-05,1.628253090086085168e-05,1.598664680594267379e-05,1.610999772690380907e-05,1.579447944134627850e-05,1.506002908456065519e-05,1.521292191962399823e-05,1.489593593870685545e-05,1.428296701752297210e-05,1.397572149030487564e-05,1.407916832583523293e-05,1.355885601254725612e-05,1.322609165369829268e-05,1.328338763879881814e-05,1.289796443822970598e-05,1.247871828414652177e-05,1.248424445869795680e-05,1.208236321198442867e-05,1.172370669152498669e-05,1.133852377440669525e-05,1.127203528933776480e-05,1.086132919234251016e-05,1.057958023108539899e-05,1.047807811117892089e-05,1.007573257111358080e-05,9.840744499593587376e-06,9.464858355632427435e-06,9.326709748039586291e-06,9.133480915964041445e-06,8.774710414414430254e-06,8.622955759674023494e-06,8.269185376156741601e-06,8.128992373552150900e-06,7.969889119372725565e-06,7.641923501074254364e-06,7.531410691916057170e-06,7.229826196639990520e-06,7.068585071471253684e-06,6.780807047887676331e-06,6.706374448125732221e-06,6.547958008474995706e-06,6.286415863102518212e-06,6.230837964402907090e-06,5.990736185873103304e-06,5.840845681721765301e-06,5.616590071870258401e-06,5.583096690565941274e-06,5.440280494900731448e-06,5.238503036757708570e-06,5.215740197664267705e-06,5.029980396533419581e-06,4.899467888965773241e-06,4.884972654616431549e-06,4.717814561477589097e-06,4.595431293468449019e-06,4.442109024516026782e-06,4.436884121678439645e-06,4.322570503076720180e-06,4.185179854174549084e-06,4.183812028254027383e-06,4.056304236902776330e-06,3.954205788408917447e-06,3.838109720031159211e-06,3.840880469644692155e-06,3.746118280576390930e-06,3.641948293976034344e-06,3.646011441457550054e-06,3.548648538335579941e-06,3.464586538306317095e-06,3.469298112768493833e-06,3.381557444707846110e-06,3.303738833506494750e-06,3.224197224781477330e-06,3.229415239590517341e-06,3.157400058346266263e-06,3.085613101709724810e-06,3.090459580161002976e-06,3.022654300444181231e-06,2.958882886351323561e-06,2.897400159274509229e-06,2.901632096975352777e-06,2.842582947443043313e-06,2.786760324388621904e-06,2.790185041393706244e-06,2.737069621275569291e-06,2.684658075404872390e-06,2.687215413455210946e-06,2.638728335498275403e-06,2.590099589951881309e-06,2.545952569989643708e-06,2.547387914047676890e-06,2.505092188344240533e-06,2.461743605331645765e-06,2.462277344946702993e-06,2.423399131852589357e-06,2.383058203133777206e-06,2.347483980213633448e-06,2.346889813973137654e-06,2.309299968329356429e-06,2.276433641334133622e-06,2.275025050669556941e-06,2.243275318592390508e-06,2.209498931459387702e-06,2.180269042485948989e-06,2.177859098230206196e-06,2.146266795566270359e-06,2.119059148943594072e-06,2.115970744478731494e-06,2.089557793242264095e-06,2.060982721359355151e-06,2.057280380907390991e-06,2.032587600955294922e-06,2.005752291190297992e-06,1.982801729078780118e-06,1.978356121488767603e-06,1.953116704557610700e-06,1.931547672913704797e-06,1.926630115678428056e-06,1.905581055111190448e-06,1.882536358783281163e-06
1.860265936258394067e-06,1.900330531379409924e-06,1.905662586056470882e-06,1.947613687674964969e-06,1.991652365920298147e-06,1.989266204302448750e-06,2.042862186456175740e-06,2.091360579531260167e-06,2.142350990079967012e-06,2.146957998400851400e-06,2.200465370305736856e-06,2.256776659706425339e-06,2.260972448362187095e-06,2.320110070458356557e-06,2.382404198547718642e-06,2.377876992734783826e-06,2.451588846083823169e-06,2.520614372948540629e-06,2.593417878353590380e-06,2.596366569217316463e-06,2.672969732005665770e-06,2.753829688007779908e-06,2.748085036650101101e-06,2.841238051908063438e-06,2.931172158142513295e-06,3.026204778250104372e-06,3.027418358092761449e-06,3.127575150759254275e-06,3.233477425385617040e-06,3.233769626930788834e-06,3.345443926099369325e-06,3.463591553122840453e-06,3.588616602752189521e-06,3.587491751260889321e-06,3.719432038649822377e-06,3.859115780029861400e-06,3.856774969689835713e-06,4.004244883331840403e-06,4.160427388308855152e-06,4.157117496245418817e-06,4.321674893015459132e-06,4.496413535079607888e-06,4.681539939349964495e-06,4.675804177345381488e-06,4.871391716564078711e-06,5.078632488505230663e-06,5.082342091412939502e-06,5.290171260479013345e-06,5.522202303782021295e-06,5.768040431097131281e-06,5.758085685579503980e-06,6.017852649593008704e-06,6.293026163649935866e-06,6.281017441863404968e-06,6.571740458028058095e-06,6.879602869082184523e-06,6.907027068538787958e-06,7.190578807891941063e-06,7.534743990202114507e-06,7.898879515563571890e-06,7.881615633173742039e-06,8.265929137557358745e-06,8.672214570732959498e-06,8.734268479880867751e-06,9.081064783364934843e-06,9.533575343081165769e-06,1.001113264280152038e-05,9.988347751793872991e-06,1.049119259431920231e-05,1.102108394729911246e-05,1.099605065091469561e-05,1.155321804320405627e-05,1.213927558980031933e-05,1.229266569299059118e-05,1.272734046869531743e-05,1.337291252093541999e-05,1.404949510578957642e-05,1.402024693049810431e-05,1.472784718989862384e-05,1.546716630536464426e-05,1.573229774508866645e-05,1.620773385486535008e-05,1.701011338572299910e-05,1.784344455547271391e-05,1.781293063616625215e-05,1.867645162011763433e-05,1.956870543104869534e-05,1.999696051605218280e-05,2.045883010400598306e-05,2.140313722336896769e-05,2.236902983985020421e-05,2.234270846066457460e-05,2.332774277517866987e-05,2.432639984776030663e-05,2.430459095788487786e-05,2.531363391324107222e-05,2.632518385340411237e-05,2.707078938609500354e-05,2.732080869732947878e-05,2.831895330967726740e-05,2.929601793737530814e-05,2.929818726564087020e-05,3.025015681533101816e-05,3.116152738398367424e-05,3.216967373375542038e-05,3.205459151301230626e-05,3.285978137701694800e-05,3.358850276792729094e-05,3.366670247702513007e-05,3.432550141155896168e-05,3.488421090788294837e-05,3.503319396446887083e-05,3.551059871942817880e-05,3.586741171561282928e-05,3.722972791152127301e-05,3.640074550815826875e-05,3.654005599864857486e-05,3.653850464675933220e-05,3.703128890077816981e-05,3.696115646799830119e-05,3.675360608825818665e-05,3.835052350108763685e-05,3.725368673661672106e-05,3.689224571765288145e-05,3.642570101574466398e-05,3.759661434302892638e-05,3.716218534735356852e-05,3.666768505837607442e-05,3.848334696634017095e-05,3.779019055122790228e-05,3.737923584670233191e-05,3.699977895551907471e-05,3.896817625838631472e-05,3.874302307960028830e-05,3.860911605503545055e-05,4.078750228885692482e-05,4.081128611513811188e-05,4.096597797078607110e-05,4.277528951369694103e-05,4.344137947437870458e-05,4.384157865745258459e-05,4.437417465748460041e-05,4.626342356824561655e-05,4.676686898751242666e-05,4.733804716131744683e-05,4.842006061720231861e-05,4.909596227502599562e-05,4.945895606034422120e-05,4.975922109758980361e-05,5.016277924877422995e-05,5.009539482265181376e-05,5.009539482265181376e-05,4.989883724537788108e-05,4.949527909419345473e-05,4.889029624036492894e-05,4.814453928129221459e-05,4.716299891841715383e-05,4.589505439202833001e-05,4.470138626662535874e-05,4.343220446518202254e-05,4.154295555442100640e-05,4.009904009125616475e-05,3.864902922861674858e-05,3.705640962941108532e-05,3.500070752645609393e-05,3.357212172760576802e-05,3.220055171080513025e-05,3.002216547698366954e-05,2.876450030606088695e-05,2.758553689790638360e-05,2.561713959503918425e-05,2.461059429209911000e-05,2.368229521003942559e-05,2.293270278033109858e-05,2.129278802397574971e-05,2.061415941737933819e-05,1.998665223882135786e-05,1.881573902090125978e-05,1.834443533637995392e-05,1.790070064684216801e-05,1.780370170036801647e-05,1.673269390773301970e-05,1.641054053275857805e-05,1.608707613183122352e-05,1.559433458026278393e-05,1.533373820005171889e-05,1.505698234697720002e-05,1.518575555883509770e-05,1.450290356086352117e-05,1.423226867311425062e-05,1.393811585592072739e-05,1.378983698552231556e-05,1.350130297933868159e-05,1.318902092626264390e-05,1.311226813578561961e-05,1.279650634521829632e-05,1.246059204008848582e-05,1.248590873385867328e-05,1.208665825571473288e-05,1.173032560117090431e-05,1.136334440607115632e-05,1.136531502787646801e-05,1.099661814397330539e-05,1.062300490953180932e-05,1.053941510080371778e-05,1.026793696252863455e-05,9.896441435703798279e-06,9.527741683907732989e-06,9.556464541483003511e-06,9.194745137679379688e-06,8.839463199318627371e-06,8.873555951960725131e-06,8.527545364675489197e-06,8.190564013285771752e-06,8.039435899550022058e-06,7.901700198704047180e-06,7.586169854892558865e-06,7.281934284207995677e-06,7.321148158981492310e-06,7.028732674147171848e-06,6.748180775162875402e-06,6.593064626363233811e-06,6.518522043688145613e-06,6.261654351973762434e-06,6.016653760358038611e-06,6.054215042313517095e-06,5.820330449103964626e-06,5.597882001779664654e-06,5.455899355633054665e-06,5.421371842142217273e-06,5.220125522709303107e-06,5.029358880075531190e-06,5.061505511810084450e-06,4.879915376061257787e-06,4.708034641187382587e-06,4.737293889042897676e-06,4.573733621890194173e-06,4.419083296109450356e-06,4.304312532474836248e-06,4.298161599483623545e-06,4.159119286609934442e-06,4.027801113133545665e-06,4.049970525214987861e-06,3.924988464664919364e-06,3.806978554293712972e-06,3.711555231459185543e-06,3.713800942454584105e-06,3.607697772505256169e-06,3.507520119803233415e-06,3.522941117239106120e-06,3.427460779322546686e-06,3.337279723674353036e-06,3.350063107911623038e-06,3.264040228877421767e-06,3.182745935907341177e-06,3.110186631197981445e-06,3.115461678592004216e-06,3.042058110567413756e-06,2.972617021829205384e-06,2.979982599324100572e-06,2.913580164218249031e-06,2.850700157596744998e-06,2.791278367174867672e-06,2.795877447157893528e-06,2.738813736267760030e-06,2.684688523423914026e-06,2.687694474498270709e-06,2.635787780189648096e-06,2.586489623662127220e-06,2.587934101452979840e-06,2.540601982078870694e-06,2.495585564872622683e-06,2.452742326708579746e-06,2.452367096159731445e-06,2.411152014692608347e-06,2.371866700921750163e-06,2.370308282638357661e-06,2.332471677315718583e-06,2.296349662391899576e-06,2.258758999059849131e-06,2.258920192603311144e-06,2.225614580759162464e-06,2.193740338090701834e-06,2.189953777377858574e-06,2.159159659601443261e-06,2.129639899269104387e-06,2.098152776195086394e-06,2.096547780243304136e-06,2.069132962040506119e-06,2.042785720836085075e-06,2.037397699772654968e-06,2.011868448814020748e-06,1.987292526842708640e-06,1.981376438138328177e-06,1.957539781990220576e-06,1.934555659729415920e-06,1.909515710876793997e-06,1.905878767334030822e-06,1.884328404399792795e-06,1.863497487476058901e-06,1.856650330655631849e-06,1.836394457325534683e-06
1.859716003723011322e-06,1.857677626720666391e-06,1.899157002912049341e-06,1.949738654729909442e-06,1.947131501881410399e-06,1.992782375075033481e-06,2.040765046200166225e-06,2.098590966766628514e-06,2.095177298723476983e-06,2.148130392031903865e-06,2.211381686757466804e-06,2.207402219847403454e-06,2.265939015141829685e-06,2.335177760746609466e-06,2.330656339673291767e-06,2.395469577217309105e-06,2.463804846428640205e-06,2.543302431480913432e-06,2.538167671802891776e-06,2.614003688697263247e-06,2.701160428751280206e-06,2.695667165523334737e-06,2.779943065437983053e-06,2.868958870231204908e-06,2.969215896112796357e-06,2.963588395858060289e-06,3.062698374836385902e-06,3.172699682957804143e-06,3.167157168406866337e-06,3.277627428107836336e-06,3.398325137070982796e-06,3.521078266484452220e-06,3.516401867249874307e-06,3.646826224299672435e-06,3.785710330282153043e-06,3.782007640243265888e-06,3.927699912379520097e-06,4.079992344451472876e-06,4.077795253786918792e-06,4.240643492443110366e-06,4.413087454261915884e-06,4.587991930993671401e-06,4.589622437056562357e-06,4.782485072419543475e-06,4.973887549495291056e-06,4.979052826431411754e-06,5.194788048603039665e-06,5.423252099136673224e-06,5.642111242684314174e-06,5.655142040664055516e-06,5.910647626936806973e-06,6.149212421683392519e-06,6.169204673186429897e-06,6.454832402553995151e-06,6.714291145917748965e-06,6.743151916901003070e-06,7.062227833236969720e-06,7.399697892760231595e-06,7.692767410375377478e-06,7.739738727457946848e-06,8.116059655147283753e-06,8.432231935010265020e-06,8.494691981505658962e-06,8.913655042759387973e-06,9.355737168359071025e-06,9.707324789147090058e-06,9.800189196686908124e-06,1.029066605119545051e-05,1.066504128392171616e-05,1.078338052561461593e-05,1.132593708713613325e-05,1.172169087072580311e-05,1.187064624307466472e-05,1.246860761553637824e-05,1.309555383408382287e-05,1.351846933285769494e-05,1.372470025916715799e-05,1.441062313686485601e-05,1.484585661701886945e-05,1.509850167023818129e-05,1.584432207727838035e-05,1.661988617508652297e-05,1.706025868714036915e-05,1.739646008293245288e-05,1.822952762603502372e-05,1.866071452308295774e-05,1.906236195706183148e-05,1.994794443411574545e-05,2.085637567346389630e-05,2.124693973205265109e-05,2.176075460198593031e-05,2.270668500323062052e-05,2.304761459970174680e-05,2.364515066509465961e-05,2.461256197588590865e-05,2.488160131250597728e-05,2.556858267704691803e-05,2.653577051256877996e-05,2.749091675697106301e-05,2.760185764833477247e-05,2.842769590749359175e-05,2.933786617572236129e-05,2.931010294063925411e-05,3.023134795995029785e-05,3.106145632224671909e-05,3.183118321139112724e-05,3.154233190080424809e-05,3.259863223807392835e-05,3.322845205661501553e-05,3.274816546338175764e-05,3.389651488264562227e-05,3.435241518435553612e-05,3.368244585686957918e-05,3.492497054989106509e-05,3.518388560519387286e-05,3.531450378790519944e-05,3.438459718976348258e-05,3.574790638223775965e-05,3.567216154317597824e-05,3.465568420521295960e-05,3.612383434993965561e-05,3.587231443879405153e-05,3.550395694642816791e-05,3.448856035597588009e-05,3.607575098007976752e-05,3.562124469260941257e-05,3.478157531610601871e-05,3.647795669558762880e-05,3.603112981821336339e-05,3.557325533753729382e-05,3.515759644235437052e-05,3.693115035863530124e-05,3.663760240338292246e-05,3.663576182924985555e-05,3.844179998108962536e-05,3.838595242267216147e-05,3.879090511858546836e-05,4.054545451013605588e-05,4.074144115118633622e-05,4.107340686349118559e-05,4.191581730306630406e-05,4.341907789094967042e-05,4.390508299985074024e-05,4.478307849359582722e-05,4.593403646373104616e-05,4.638260306560936311e-05,4.683582402274736326e-05,4.739691668737741186e-05,4.787203880518130244e-05,4.798178768993010060e-05,4.800954663443094452e-05,4.800954663443094452e-05,4.785946991035152639e-05,4.748601756265784967e-05,4.689026463329634860e-05,4.613048875115363087e-05,4.527035458104095294e-05,4.430219081916671875e-05,4.296060157438461475e-05,4.162429235695576949e-05,4.035240190683637306e-05,3.861998251078153173e-05,3.708527239070202988e-05,3.570588839924336246e-05,3.435322212603650544e-05,3.239113584816955503e-05,3.095008533999023552e-05,2.970158715388150701e-05,2.776537100234224685e-05,2.656078125922438387e-05,2.551444636166115407e-05,2.372795241944438902e-05,2.284143985570190381e-05,2.203486067542994239e-05,2.129070729950963901e-05,1.979191198488459085e-05,1.933563320876708762e-05,1.879955921031683396e-05,1.754605938549852037e-05,1.735608962484633011e-05,1.697889867327429799e-05,1.661461246390486595e-05,1.564397109165319868e-05,1.567729109783543793e-05,1.539516963570190282e-05,1.460210700003379779e-05,1.472712535595967029e-05,1.447853021920689117e-05,1.421053729952017948e-05,1.359122867725454202e-05,1.372940917811569988e-05,1.345547076240967828e-05,1.293317674218656475e-05,1.305139394766288486e-05,1.275640935304577525e-05,1.230887818358868891e-05,1.238746499473780493e-05,1.206781307340879524e-05,1.173202239444908352e-05,1.136727418112754774e-05,1.137210267376695677e-05,1.102124163025400153e-05,1.070660443717711714e-05,1.066979597160048262e-05,1.031171972388465006e-05,9.951535106787387012e-06,9.701140815047120124e-06,9.613150597733151028e-06,9.258688593658338984e-06,9.047727972355354921e-06,8.936591006371866842e-06,8.594274551662891095e-06,8.418856000582195851e-06,8.291600405988050419e-06,7.966205976068815216e-06,7.650176319466689959e-06,7.520446990719584577e-06,7.379752187414672962e-06,7.085024403563993964e-06,6.981269972216280859e-06,6.837619197288915789e-06,6.565285614134899492e-06,6.304321067409848975e-06,6.232602912541678231e-06,6.090589403261735263e-06,5.852071991040464445e-06,5.797445403955422906e-06,5.659267716656775330e-06,5.442352574110609684e-06,5.236131784822714455e-06,5.201847187705118582e-06,5.072294007843229435e-06,4.885839860635101118e-06,4.861718385570389087e-06,4.738707242777813263e-06,4.570520159099136393e-06,4.554396576673462595e-06,4.438307323902483873e-06,4.286839229972808955e-06,4.143610711267012753e-06,4.136629153514091085e-06,4.031584218028294078e-06,3.902799654723986956e-06,3.899835294439170319e-06,3.801736032555621645e-06,3.685953777135836435e-06,3.576606283400757346e-06,3.578073664615678458e-06,3.490384255151093553e-06,3.392043194258102451e-06,3.395106557090986873e-06,3.313660614448678214e-06,3.225138557348005015e-06,3.229161721722613007e-06,3.153604565431365198e-06,3.073824919426165974e-06,2.998411350803893394e-06,3.003343346224445956e-06,2.936269632217734593e-06,2.868153667754437084e-06,2.872998238960693782e-06,2.810855095288733103e-06,2.749215617769801416e-06,2.690832977946151275e-06,2.695409490364429966e-06,2.640264509858975110e-06,2.587265743808896687e-06,2.591255930338135642e-06,2.540133667164474617e-06,2.491909779671038371e-06,2.495223725410522391e-06,2.449282126712662349e-06,2.403815980149403182e-06,2.361974731824043973e-06,2.364388779235592714e-06,2.322156910520597617e-06,2.283838046373136437e-06,2.285477431819724552e-06,2.246211445363464480e-06,2.211023610489189877e-06,2.177427301607674923e-06,2.178081208214635575e-06,2.142949858941680908e-06,2.111964487987256172e-06,2.111877737009598662e-06,2.079110311933282451e-06,2.050453251643931422e-06,2.022980761019525732e-06,2.021970983889668098e-06,1.992486280911538081e-06,1.966965277692608792e-06,1.965310377579948535e-06,1.937708479577881922e-06,1.913935353491626633e-06,1.911686496473222043e-06,1.885809882920038153e-06,1.863605480890894654e-06,1.842194699810684070e-06,1.839217560974039255e-06,1.815726110853888717e-06,1.795643708280491739e-06,1.792189955280017292e-06
1.811811483058730726e-06,1.859550894425032781e-06,1.902780569484676006e-06,1.899792144312034539e-06,1.951910167288980149e-06,1.999512766005580694e-06,2.049558742924493561e-06,2.045800317954279760e-06,2.105417914693173825e-06,2.160662321585322559e-06,2.156369008752500716e-06,2.221593324484019154e-06,2.282667720007230676e-06,2.277870252949676310e-06,2.349276133890031548e-06,2.416891553807474239e-06,2.488171479206656707e-06,2.482830488201051133e-06,2.564817275880940604e-06,2.643888386259834782e-06,2.638245931947871650e-06,2.728115406790525644e-06,2.815932476365826832e-06,2.908649641489097110e-06,2.902971493102012648e-06,3.006300542849953915e-06,3.109435278631961646e-06,3.103920651784126877e-06,3.217235471418697608e-06,3.332060282323793125e-06,3.453425885836713998e-06,3.451252964612913407e-06,3.579190370351355595e-06,3.714458961873518681e-06,3.711009094832908121e-06,3.853806281887568211e-06,4.004652494255413260e-06,4.002812189486591722e-06,4.159232814643223001e-06,4.327515820907769305e-06,4.505511876290296599e-06,4.507645129577275360e-06,4.686943477905840777e-06,4.885557723521022168e-06,4.891327408569812166e-06,5.087239775765648482e-06,5.308842013713973111e-06,5.543175113063327111e-06,5.556918641514503342e-06,5.780313405541042063e-06,6.041609169880160839e-06,6.062368725473285293e-06,6.305357905210640041e-06,6.596514340595745588e-06,6.626157482108914786e-06,6.889786766582823191e-06,7.213891136862386806e-06,7.555999460065959623e-06,7.603626302289107002e-06,7.900096348448964581e-06,8.280059005419272819e-06,8.342995560106447885e-06,8.661754561152041186e-06,9.082926521291036985e-06,9.526261776158407869e-06,9.619042071030043810e-06,9.971314561724654816e-06,1.046074865825342439e-05,1.057842534711343122e-05,1.095171391398697938e-05,1.149020190685956527e-05,1.163767392209215849e-05,1.203004449662084006e-05,1.262003705886843985e-05,1.323662750380025890e-05,1.343952282274253515e-05,1.385432251806424683e-05,1.452438228626683795e-05,1.477199796310183676e-05,1.519506329310319163e-05,1.591824956753317615e-05,1.666721442692208503e-05,1.699493481848531642e-05,1.741530283706622692e-05,1.821286555546736507e-05,1.860306720355123418e-05,1.900791052873157793e-05,1.984757794521699488e-05,2.070428202510521805e-05,2.120111457766924075e-05,2.155400635966278009e-05,2.243569544556403550e-05,2.301181000505747058e-05,2.330676015183560495e-05,2.419638250058789482e-05,2.485693945700868067e-05,2.507157699453083977e-05,2.594700896453853067e-05,2.680341695744110203e-05,2.759461160683246737e-05,2.763956618711108486e-05,2.843861158734472348e-05,2.931909466017588545e-05,2.922101049794386375e-05,2.992956856208431262e-05,3.057395017564767617e-05,3.158005235654762438e-05,3.122240675879288765e-05,3.172422200187520605e-05,3.281470567724855715e-05,3.227635405185247950e-05,3.260895383034662564e-05,3.378438397186441579e-05,3.307642926649303827e-05,3.322548067283830509e-05,3.325654735906770625e-05,3.453839218181331750e-05,3.361534888318737748e-05,3.346763792040638257e-05,3.484041202100245180e-05,3.387121280246104498e-05,3.358267546708571845e-05,3.319892003037470273e-05,3.467323138787193482e-05,3.376574086549779494e-05,3.333604059999493107e-05,3.490709803135631718e-05,3.420515918303307639e-05,3.381906712674622828e-05,3.344120682290107753e-05,3.508574795636088949e-05,3.482151246380627821e-05,3.462603418429194312e-05,3.631340143839676191e-05,3.643308805838418098e-05,3.647522773192064783e-05,3.813942982655989879e-05,3.860643999171780634e-05,3.888284928414353849e-05,3.928186036831021836e-05,4.076129090400066126e-05,4.155253643741138250e-05,4.207302184583604834e-05,4.327215162925767447e-05,4.401531811408196279e-05,4.447439694619752503e-05,4.492571946326287243e-05,4.555291090133123155e-05,4.590614385615747933e-05,4.601890812739613647e-05,4.608337524397280213e-05,4.608337524397280213e-05,4.590939431390794523e-05,4.556123950034778985e-05,4.504625884725016829e-05,4.429760728484577573e-05,4.348745249791097282e-05,4.257167676098898100e-05,4.144967471004645522e-05,4.005943672220966238e-05,3.884786096913383938e-05,3.746545611171588216e-05,3.576455433699920084e-05,3.443801904563532635e-05,3.313203554475516199e-05,3.173966055614398546e-05,2.988711673602816919e-05,2.866881878929353178e-05,2.744301061148915320e-05,2.564719778465831767e-05,2.461471881011300292e-05,2.365610393345069453e-05,2.201778487746457175e-05,2.121367535116362550e-05,2.047353693215782540e-05,1.991743469831570650e-05,1.855214780966388992e-05,1.801852600422584888e-05,1.773073029081504549e-05,1.658893242279549669e-05,1.621870274092963266e-05,1.586708770896018720e-05,1.582869337512454684e-05,1.493932583787414549e-05,1.467835132688468417e-05,1.475586306501657622e-05,1.402376426779103599e-05,1.380527960528060022e-05,1.357131543684694874e-05,1.369291659027851041e-05,1.311473258083033878e-05,1.288070513007406960e-05,1.299902635073926034e-05,1.250748868720551162e-05,1.225546573763177342e-05,1.234508252761869871e-05,1.192105496013058980e-05,1.164450928491633832e-05,1.135069072731877613e-05,1.137292570286191812e-05,1.102484160813258188e-05,1.071269518027128753e-05,1.069412515362235905e-05,1.039249476993411895e-05,1.006884115190768807e-05,9.740509209567329126e-06,9.668200934238475592e-06,9.426680182641646299e-06,9.098969078926442603e-06,9.001150762732338130e-06,8.796737853095644395e-06,8.476191640822172113e-06,8.359742404947460414e-06,8.188939517811564872e-06,7.880746910632937651e-06,7.579774114490679150e-06,7.446335302787711541e-06,7.318990888849024870e-06,7.035608461799134203e-06,6.897351240078652478e-06,6.794877339268537406e-06,6.530786718323122426e-06,6.276652851076469861e-06,6.137748497928033616e-06,6.066139079622976873e-06,5.832188157930310645e-06,5.696063165579647177e-06,5.641065781404509415e-06,5.426933929618377484e-06,5.222687186018467740e-06,5.093956135773410190e-06,5.058859020676975800e-06,4.873188446748745789e-06,4.750490329782515770e-06,4.725456570186474848e-06,4.557170971317673789e-06,4.441028278780272991e-06,4.423985229411541131e-06,4.271785426693708743e-06,4.127533728954299750e-06,4.022036270719908817e-06,4.014192992309092092e-06,3.884039856087958598e-06,3.785364757283974738e-06,3.781658261856855817e-06,3.664297869662724939e-06,3.553273405985980567e-06,3.464896839460985537e-06,3.465797530271768892e-06,3.365721602698976703e-06,3.283586243918295907e-06,3.286235271038379614e-06,3.195986195739572823e-06,3.119761661967131970e-06,3.123519573764535743e-06,3.042067925542447171e-06,2.965006986642103620e-06,2.897323759725638392e-06,2.902175564298235020e-06,2.832515848114691102e-06,2.769820911899874971e-06,2.774712924176172015e-06,2.711649355700689796e-06,2.651898856690398399e-06,2.596298611636339185e-06,2.601074069747731702e-06,2.546840529824367054e-06,2.495328355551416443e-06,2.499613924634862067e-06,2.450288653786181985e-06,2.403443475177951021e-06,2.406233831481275168e-06,2.361275507588641668e-06,2.318526674462137260e-06,2.276066201744180074e-06,2.278952367308354952e-06,2.239848825394407454e-06,2.200409696516534830e-06,2.202575501379594697e-06,2.166718047935495240e-06,2.132509595204272254e-06,2.097289571222533542e-06,2.098529174196523562e-06,2.067034621679350475e-06,2.034222704578203882e-06,2.034752883141184148e-06,2.005680592616108500e-06,1.977841188407026280e-06,1.948379560575589195e-06,1.948018647868285227e-06,1.922211900469240968e-06,1.894665859429724562e-06,1.893673686882586963e-06,1.869687522618300719e-06,1.843895396613487609e-06,1.842317361798312146e-06,1.819964654506614053e-06,1.798440665248144687e-06,1.775078760797153069e-06,1.772777537390515364e-06,1.752635781502491759e-06,1.730673375788285587e-06
1.815123052854365047e-06,1.857923294351386577e-06,1.861213417187735253e-06,1.906066543720738774e-06,1.953208429915924437e-06,2.009392758758180006e-06,2.005585129112530088e-06,2.057589551974100068e-06,2.112313721385038511e-06,2.114698361203023356e-06,2.172151384363267413e-06,2.232654308743484951e-06,2.234554686550944441e-06,2.298115454041483876e-06,2.365096984149987182e-06,2.441977364927817153e-06,2.436856841954231690e-06,2.511103336528749952e-06,2.589417898381691317e-06,2.589922657842580833e-06,2.672316953018562517e-06,2.759273759355336027e-06,2.855778412048466672e-06,2.850584505841789267e-06,2.947232595887454734e-06,3.049302249706574318e-06,3.047978576196084398e-06,3.155491869856525802e-06,3.269080117845329930e-06,3.390238532460901726e-06,3.386511902762504431e-06,3.513004363297850158e-06,3.645564505605645258e-06,3.643042051023397450e-06,3.783980913778181248e-06,3.932972803229882197e-06,3.928147475414346580e-06,4.085244156142346382e-06,4.251334266525151807e-06,4.417033254445497771e-06,4.420382634623611450e-06,4.605557711300639962e-06,4.801320421613818043e-06,4.793362449249364990e-06,4.999803924919538349e-06,5.218014715859081959e-06,5.423567435706642079e-06,5.438635389060694414e-06,5.681773881175931262e-06,5.938641960808359058e-06,5.927022715523877688e-06,6.197763892981059892e-06,6.483652144661182386e-06,6.470337700022186840e-06,6.771538221192160367e-06,7.089380665383781207e-06,7.360783433581430777e-06,7.408998575925535262e-06,7.761862849200664203e-06,8.133705250247268327e-06,8.116324116999674567e-06,8.507355675688926943e-06,8.918931936628492598e-06,9.240802599493243703e-06,9.332197192158038737e-06,9.786592873366158275e-06,1.026374733455454956e-05,1.024260106311309936e-05,1.074270113914225545e-05,1.126683163788137987e-05,1.124436722197315093e-05,1.179266657553574173e-05,1.236596748169870387e-05,1.274627068332069080e-05,1.294083834111439339e-05,1.356470797372463915e-05,1.421409510608779986e-05,1.418990469370190852e-05,1.486457911474008339e-05,1.556421700568013416e-05,1.595475260597963599e-05,1.626422687546211771e-05,1.701170555171268296e-05,1.778124578844365614e-05,1.775838928751574130e-05,1.854883249417242001e-05,1.935761128920449127e-05,1.969906246565435211e-05,2.016214752368191760e-05,2.100032275941589275e-05,2.184757198061174186e-05,2.183127018273360267e-05,2.268491338572969942e-05,2.353862106415145923e-05,2.352795680637977241e-05,2.437860517336171934e-05,2.521776331563931951e-05,2.531298748732419484e-05,2.604045026516472024e-05,2.683932342542685336e-05,2.760462300841516004e-05,2.762300362862958909e-05,2.835272086335520285e-05,2.903127278068045304e-05,2.878519928030453127e-05,2.970583221763415210e-05,3.026626782633601393e-05,3.074744168360986823e-05,3.085443124314270354e-05,3.126862438314138078e-05,3.158729975201255292e-05,3.177174276719459741e-05,3.201989114809510181e-05,3.216078368391018925e-05,3.135914516981014891e-05,3.253585700595217203e-05,3.250001207597428480e-05,3.235088943783257604e-05,3.287529216744095625e-05,3.268425369188407669e-05,3.239084112413679885e-05,3.147105105417091834e-05,3.283895380735839828e-05,3.245681843009283734e-05,3.201002836055691115e-05,3.312296590232165959e-05,3.272591382292588144e-05,3.230501420703901121e-05,3.182130878509339359e-05,3.337231720344954712e-05,3.306462671194553037e-05,3.280673708714272255e-05,3.452432340832520236e-05,3.440097866018203743e-05,3.436886261604042681e-05,3.621660343475717990e-05,3.631055276909434865e-05,3.651764743237895841e-05,3.717726465147251012e-05,3.863438549976682974e-05,3.902580706799926369e-05,3.951650818011350136e-05,4.104596463730149890e-05,4.149531845721315682e-05,4.198798961832591497e-05,4.268397334759474834e-05,4.341625732411701706e-05,4.371926709713494291e-05,4.396471156246621077e-05,4.428512677804247118e-05,4.423274632214021628e-05,4.423274632214021628e-05,4.407389708502502165e-05,4.375348186944876802e-05,4.326673661801921488e-05,4.266452286150009183e-05,4.180584092039720320e-05,4.085551519907167865e-05,3.988260982004349726e-05,3.884213934275633278e-05,3.731268288556833525e-05,3.611549266385140811e-05,3.490445621411976190e-05,3.324449416067572639e-05,3.186340740956078221e-05,3.064106344112688411e-05,2.945893250286349893e-05,2.761119168414675261e-05,2.650322962738552006e-05,2.545739415272388743e-05,2.373980783154140423e-05,2.282273728647698033e-05,2.197242775773988296e-05,2.046052571794327286e-05,1.978531262595801339e-05,1.914358523678188023e-05,1.855146459551034049e-05,1.743852706342677883e-05,1.698285201453543267e-05,1.655936558867089362e-05,1.551895499763436087e-05,1.540954646960377474e-05,1.510934727056675490e-05,1.481641844058881083e-05,1.429202519389106250e-05,1.406606782058859943e-05,1.383298220662955934e-05,1.316726827491195381e-05,1.329086010505982647e-05,1.307905785474363443e-05,1.284962052031362970e-05,1.266543366196932240e-05,1.244795697352707871e-05,1.220974878927833336e-05,1.210336744203555620e-05,1.186532344542645732e-05,1.160722226026704946e-05,1.121975500682199738e-05,1.128796671943941554e-05,1.100775464192049779e-05,1.071357835564307138e-05,1.069742690163281950e-05,1.039868879385281518e-05,1.009069835153377503e-05,9.813280998038039003e-06,9.781369868785533725e-06,9.466197806935435212e-06,9.148708570571862148e-06,9.163783387918875975e-06,8.848580700072201246e-06,8.534833015415857621e-06,8.556386486759319550e-06,8.247470814260314005e-06,7.943019983380994760e-06,7.783454496354234468e-06,7.671342140940926241e-06,7.380433007692736237e-06,7.097114837253144821e-06,7.126545736362304125e-06,6.852092106332206280e-06,6.586407618740465670e-06,6.489129912282739100e-06,6.360879620556143758e-06,6.114028123174131217e-06,5.876786505153860006e-06,5.907858598253660705e-06,5.680204266703020688e-06,5.462208686037528156e-06,5.408868418341079414e-06,5.283980003124929024e-06,5.084714935737346696e-06,4.894743238022600799e-06,4.923591535239812035e-06,4.742190452443637510e-06,4.569619826009848422e-06,4.596774999130517000e-06,4.432152916350583108e-06,4.275809871779233590e-06,4.258375188647545631e-06,4.151954345468153519e-06,4.010588895806462012e-06,3.876603507048404109e-06,3.898923496011811614e-06,3.771270351481591934e-06,3.650380620836759099e-06,3.645943554707094128e-06,3.555282053397230592e-06,3.446264282164476188e-06,3.343114427680198104e-06,3.360212169237694409e-06,3.261908838934972898e-06,3.168912700318534117e-06,3.183833551659685524e-06,3.095165727012002780e-06,3.011281399667756990e-06,3.014490533999380257e-06,2.944086332791889279e-06,2.868359056474028496e-06,2.796697604281090888e-06,2.806916832715486864e-06,2.738478371589659989e-06,2.673681672518262112e-06,2.678288379211984956e-06,2.620153660152610729e-06,2.561476209520904455e-06,2.505869968084880663e-06,2.512066411719543767e-06,2.458839605091041281e-06,2.408354353583001346e-06,2.412614631110097150e-06,2.364676433305485768e-06,2.318748333773534438e-06,2.322511621231040849e-06,2.278022258541593817e-06,2.236149719803674292e-06,2.196329516248054835e-06,2.198029311290360444e-06,2.159766970533732285e-06,2.123333966061409712e-06,2.125762404065241902e-06,2.088906248897763687e-06,2.055490046882068506e-06,2.023607898213896623e-06,2.022959711465142652e-06,1.992232657294002962e-06,1.962873662093691422e-06,1.963803302280101999e-06,1.933067452577754244e-06,1.905960609352377340e-06,1.880002298563708762e-06,1.877561928827496124e-06,1.852467937402082409e-06,1.828399792212679412e-06,1.825337557524010888e-06,1.802045133358225897e-06,1.779669810397017524e-06,1.778603430457543223e-06,1.754385453897379472e-06,1.733528764323374682e-06,1.713445238495582637e-06,1.709220227991496406e-06,1.689728370368230945e-06
1.821287898701433883e-06,1.817872809295525068e-06,1.862311620965132162e-06,1.915357802759780865e-06,1.964516720073134603e-06,1.960453424795817671e-06,2.018381384032519967e-06,2.072612872862300257e-06,2.068112548487871853e-06,2.125053980777415864e-06,2.191314580803622552e-06,2.186423625669321604e-06,2.249417769895691590e-06,2.321874467921223269e-06,2.391674809573296783e-06,2.386438308289948037e-06,2.465697687634797127e-06,2.543021974885536449e-06,2.537638722650332548e-06,2.619265591527353259e-06,2.710101093296563754e-06,2.800544140006853071e-06,2.795381292586057712e-06,2.894780002762634047e-06,2.995193331652524306e-06,2.990388495830872484e-06,3.096799297082825456e-06,3.210703643259513746e-06,3.328472887079928983e-06,3.324962260645405471e-06,3.449533082042173885e-06,3.580472098292609298e-06,3.578250903160775744e-06,3.714413178526486153e-06,3.860043114355834948e-06,3.859649504954668252e-06,4.014790511503967736e-06,4.170368650716212428e-06,4.341439312250332900e-06,4.345295184923046563e-06,4.514955277986509043e-06,4.705233647103586248e-06,4.712887863453414124e-06,4.916303534600064562e-06,5.109230045820209713e-06,5.332543950874557871e-06,5.348265310950790090e-06,5.557791905342724070e-06,5.805879799122155556e-06,5.828585312446001450e-06,6.094624539028614709e-06,6.330985810298550330e-06,6.362404257832779017e-06,6.658014891935734609e-06,6.913016749591619703e-06,7.234525004244407551e-06,7.283236560395497950e-06,7.557365021340460565e-06,7.912890324158254688e-06,7.976137751903899351e-06,8.358596577906175833e-06,8.661864769262934719e-06,9.073797082611914023e-06,9.164924786410602646e-06,9.486901675751187784e-06,9.939498623348754023e-06,1.005361234674094067e-05,1.054086134342306184e-05,1.088865230845104572e-05,1.102999044670135824e-05,1.156332990150407168e-05,1.192525810111022730e-05,1.248831202495553864e-05,1.267960898062095104e-05,1.305201121512106923e-05,1.366075835378209913e-05,1.389192114523353871e-05,1.454536920406860564e-05,1.492333468936361670e-05,1.559851049210987306e-05,1.590022115164463188e-05,1.627245773644206867e-05,1.698783938879635619e-05,1.734400948272312788e-05,1.810627485163106084e-05,1.845002010550860511e-05,1.921299778093300562e-05,1.966115262052606715e-05,1.996929595233567841e-05,2.075122944205980171e-05,2.126718132312641329e-05,2.208723894784309677e-05,2.230953123859462099e-05,2.289724421079028342e-05,2.371342060389639223e-05,2.385439598235974154e-05,2.460894323164642991e-05,2.530702362125171039e-05,2.534548361199241747e-05,2.604964272885237645e-05,2.682281647361507468e-05,2.752186223186442484e-05,2.736502192939787930e-05,2.793710771849727270e-05,2.881583863739624007e-05,2.851020570940353461e-05,2.896167167722889764e-05,2.991105303350697039e-05,3.030796343511091197e-05,2.975883151360730639e-05,3.077910468499710543e-05,3.101578308145119193e-05,3.032309802274435823e-05,3.037595530824819027e-05,3.148591082535653072e-05,3.068348330438651280e-05,3.058078709224576545e-05,3.176696284898413710e-05,3.157260552099982543e-05,3.067940246694696502e-05,3.036345519708559174e-05,3.163848018154907511e-05,3.080148569171793546e-05,3.042957926915602863e-05,3.179122565478615829e-05,3.137202406700044451e-05,3.074638715127281212e-05,3.038355250173125911e-05,3.182282866222400512e-05,3.147158472422433880e-05,3.124138252266436301e-05,3.273823269366831336e-05,3.255430043359029848e-05,3.267089543321339374e-05,3.418082227138180410e-05,3.420917444633302714e-05,3.464303573562942839e-05,3.491846204626303262e-05,3.632835247036034129e-05,3.698281781061709084e-05,3.741758129847756520e-05,3.864867284002634988e-05,3.909182167817011377e-05,3.983385303723086868e-05,4.033240551536965542e-05,4.115556206019363629e-05,4.169098433284150246e-05,4.199298631197287759e-05,4.237528799267607999e-05,4.246664628746679731e-05,4.248847498358822484e-05,4.248847498358822484e-05,4.236838359210466588e-05,4.206640671161674376e-05,4.158784282668253691e-05,4.102016367803868277e-05,4.027742963299609115e-05,3.932501586649811821e-05,3.840285538103465571e-05,3.730915713151671952e-05,3.625678398509201458e-05,3.484102478401600631e-05,3.368001250520640688e-05,3.239558197956355756e-05,3.079335176441410737e-05,2.961028358546276642e-05,2.836084177766500793e-05,2.727181469177411904e-05,2.562810454024019255e-05,2.454221851823745371e-05,2.360218106305025316e-05,2.205381418410510522e-05,2.121117467082016009e-05,2.046204559507000160e-05,1.907582957263605873e-05,1.843439466828259961e-05,1.794811003635850218e-05,1.743734676700651350e-05,1.629732125121633298e-05,1.587653541912411849e-05,1.568638385421773103e-05,1.473527418634050929e-05,1.444262467121961598e-05,1.441644496405001031e-05,1.416378131032368262e-05,1.341979004064844958e-05,1.320631143137229019e-05,1.329398953804510457e-05,1.267675821908061516e-05,1.249186228383461742e-05,1.261685147599335165e-05,1.240595422581865879e-05,1.191268659016425679e-05,1.203829191726940202e-05,1.181485138453839615e-05,1.139164644358196959e-05,1.117035975904896703e-05,1.124906103537377511e-05,1.088100185807430200e-05,1.063758637945008054e-05,1.068000175141241984e-05,1.039889270666677511e-05,1.009373001482699326e-05,9.818875297683627362e-06,9.802929855035069040e-06,9.536568188485488475e-06,9.251018827677272963e-06,9.203248033189105504e-06,8.898130777264355308e-06,8.682424557007530243e-06,8.608520808024586746e-06,8.306407531729718144e-06,8.122231562043250204e-06,7.836959274486273951e-06,7.734525767484969771e-06,7.579136947587591282e-06,7.303569752668183859e-06,7.189591984878521705e-06,6.915440595740621764e-06,6.797668056412878908e-06,6.542338906418053448e-06,6.419070133994487042e-06,6.323114928463225817e-06,6.083927387747597025e-06,5.958970825079740083e-06,5.728287827750202532e-06,5.659751319952930403e-06,5.446180025463002091e-06,5.323261368748257016e-06,5.269740894905597683e-06,5.073291939738632921e-06,4.953850466312532085e-06,4.768336589107052473e-06,4.733055951122755014e-06,4.618187621322141859e-06,4.449430156222628035e-06,4.423584113465268164e-06,4.267384127407172677e-06,4.160936625570412766e-06,4.142711383139671978e-06,4.000872703820606230e-06,3.900314912990092200e-06,3.768896627967803513e-06,3.759587103759635119e-06,3.637582852223931968e-06,3.546361750027852980e-06,3.541221187454298458e-06,3.430857336968306760e-06,3.345554319338176833e-06,3.244183324269101379e-06,3.243782698508638937e-06,3.164218581958713058e-06,3.072792365841449073e-06,3.074338705434462733e-06,2.988886987242313045e-06,2.917791327292994440e-06,2.920668268965670001e-06,2.843397554511059848e-06,2.777365344109323517e-06,2.706883856425257300e-06,2.711156647282085211e-06,2.644901015671713911e-06,2.586165953285552978e-06,2.590708318136243055e-06,2.530665682736369782e-06,2.476202488240641879e-06,2.421547038551797261e-06,2.426262381685947375e-06,2.374566580543894674e-06,2.326173883592836329e-06,2.330594188692575918e-06,2.283570339264334120e-06,2.238687111385640330e-06,2.242688602189015493e-06,2.199834922341837867e-06,2.158187587994465715e-06,2.119148669319937906e-06,2.122553632070411471e-06,2.085305484699314801e-06,2.048203456622285857e-06,2.051015324749015602e-06,2.016889539238397395e-06,1.982393691171967965e-06,1.951222081007807953e-06,1.953256188113846202e-06,1.923335800765160569e-06,1.892482835126219956e-06,1.893891775309980714e-06,1.866312668604128916e-06,1.837544597837684537e-06,1.812247448085872358e-06,1.812860437969742603e-06,1.786002935600479958e-06,1.762579801266249736e-06,1.762610712828947703e-06,1.739957517924746331e-06,1.715757995700632976e-06,1.715240028784827742e-06,1.694169546781857021e-06,1.671495038646412352e-06,1.652019028801937562e-06,1.650815990270008819e-06
1.782510464835359067e-06,1.826620578358419569e-06,1.872973147714303523e-06,1.921699141985618459e-06,1.923551530057412139e-06,1.974655090987755882e-06,2.028411823840626134e-06,2.029843767333221573e-06,2.086256971263391796e-06,2.145636398115818572e-06,2.140603288141221098e-06,2.208943037611154479e-06,2.274607768554397054e-06,2.343782338131972814e-06,2.344018241054245174e-06,2.416709343282198971e-06,2.493323649453053826e-06,2.492944100934172075e-06,2.573489511866705894e-06,2.658418991607685362e-06,2.747986226986137356e-06,2.746679388749513705e-06,2.840899971865412486e-06,2.940299392286341979e-06,2.938211719290574162e-06,3.042809466843594142e-06,3.153186476100369813e-06,3.269671168062632823e-06,3.266421748166723914e-06,3.389046601205095510e-06,3.518477684938189158e-06,3.514262998595943788e-06,3.650540502424364981e-06,3.794393689569111186e-06,3.789131614616361286e-06,3.940610211557583893e-06,4.100508681254743890e-06,4.269282514663567124e-06,4.262497058686348654e-06,4.440218320903754329e-06,4.627775820461529548e-06,4.619756562970207617e-06,4.817236752363364143e-06,5.025592604481921580e-06,5.245376126765948818e-06,5.235602613907650390e-06,5.466928195895999937e-06,5.710832287152792398e-06,5.699675754825909392e-06,5.956290439634823015e-06,6.226699435909018600e-06,6.258746759512204846e-06,6.498474266113358577e-06,6.797888689156106169e-06,7.113009265837453387e-06,7.098514876357879950e-06,7.429514198768426405e-06,7.777516532112099633e-06,7.761612225106088469e-06,8.126799475271539024e-06,8.510263169354364049e-06,8.912609378121773632e-06,8.894940532581763640e-06,9.316338208179580051e-06,9.757751094718296466e-06,9.738913446643005488e-06,1.020048449127798411e-05,1.068301602415461966e-05,1.082270820822745362e-05,1.116679481385085655e-05,1.169199321925601836e-05,1.223896629441874171e-05,1.221831265001196976e-05,1.278697773410797684e-05,1.337737651901121310e-05,1.335652034337044450e-05,1.396839745854027981e-05,1.460128957960011254e-05,1.525448692458397990e-05,1.523410977704924371e-05,1.590692413665529561e-05,1.659789367666820764e-05,1.657857310666199397e-05,1.728663526232252306e-05,1.800943788638896632e-05,1.874466347066580953e-05,1.872796036738871443e-05,1.947378831551315953e-05,2.022621305720369091e-05,2.021271102188920216e-05,2.096942384840226657e-05,2.172501245391332737e-05,2.229108153259051436e-05,2.246812575961985620e-05,2.320906818234556683e-05,2.393329216341294179e-05,2.393518674270158760e-05,2.463993557052936197e-05,2.531547337232382291e-05,2.533080488860937896e-05,2.597540156031045969e-05,2.657628713594872985e-05,2.712537731765334714e-05,2.717200035233484023e-05,2.767231504580099967e-05,2.810584879545334261e-05,2.819244475916259465e-05,2.856873796404520003e-05,2.886474497999072845e-05,2.983379608269890774e-05,2.924816430949650169e-05,2.939300873619390869e-05,2.944235689075556234e-05,2.971991260191237234e-05,2.971258691394830864e-05,2.960844700294034058e-05,3.002746876299398644e-05,2.988307140149990121e-05,2.964908722918721860e-05,2.933053736255037704e-05,3.000251991627569666e-05,2.968101543559766080e-05,2.929722342645264647e-05,3.019973797395519258e-05,2.984894542378601769e-05,2.946718829859230581e-05,2.907310554091413037e-05,3.030362809899924130e-05,2.999690027902117810e-05,2.971803951541947633e-05,3.117036483618800202e-05,3.100389026358734503e-05,3.090238786078215060e-05,3.232214637795188724e-05,3.252685989849900429e-05,3.263203978937407484e-05,3.284077313884404002e-05,3.449030477586019922e-05,3.478243701518539876e-05,3.517182847837991319e-05,3.668479038515625980e-05,3.708668717891837942e-05,3.755243093344127038e-05,3.806454274283275937e-05,3.915896629328200293e-05,3.955228150879605445e-05,3.993087457068662170e-05,4.056209111418299356e-05,4.072635136027326976e-05,4.081990383259959408e-05,4.091217774245386329e-05,4.082382826529724152e-05,4.073155435544296554e-05,4.044912241443716021e-05,4.006026197705006515e-05,3.942904543355368652e-05,3.876896047349008079e-05,3.801975138677128049e-05,3.692532783632203694e-05,3.597000021537946141e-05,3.496592228357380694e-05,3.392805967730838076e-05,3.241509777053204093e-05,3.129471723835014864e-05,3.018387782786867559e-05,2.853434619085251978e-05,2.743055374244494357e-05,2.636859369837667730e-05,2.527935548497868605e-05,2.374261468610893905e-05,2.281629749674239622e-05,2.194755342073843375e-05,2.049522809996993854e-05,1.975004373591501131e-05,1.906141435737801517e-05,1.783089179934296389e-05,1.727419292196155580e-05,1.676359376200227505e-05,1.629200932224655665e-05,1.538949480327020318e-05,1.503002826844142078e-05,1.469411675423210487e-05,1.402213486360683972e-05,1.377351696216579552e-05,1.353283506833722838e-05,1.329538896590551750e-05,1.287637925240874400e-05,1.269014383041294955e-05,1.249577244421971384e-05,1.221827251196971328e-05,1.205199085916572704e-05,1.187010647056303470e-05,1.198740900366778928e-05,1.152426307866039859e-05,1.133405917733968655e-05,1.112571828708580359e-05,1.103967130500415632e-05,1.083000919565943132e-05,1.060301825663298106e-05,1.055741813393839683e-05,1.032508205677383465e-05,1.007820499530437783e-05,9.819157155213334198e-06,9.805716572615097922e-06,9.542219687042181222e-06,9.270496814447145404e-06,9.271255440611462709e-06,8.996928732795228236e-06,8.718174068603908418e-06,8.657695160765330208e-06,8.449386798557708214e-06,8.169677259486172864e-06,7.890751866335078186e-06,7.908651366218691367e-06,7.633413490500073919e-06,7.361561342956941098e-06,7.383258132111341905e-06,7.116897438385872443e-06,6.855889457226669463e-06,6.601046862718941175e-06,6.625935096633687156e-06,6.378453455406941981e-06,6.138243295648316457e-06,6.164441612013164136e-06,5.932184618021222022e-06,5.707850984831342599e-06,5.491661419155944901e-06,5.518452389097738030e-06,5.310515624689938985e-06,5.110860577342652027e-06,5.137386024034870920e-06,4.945814417718473922e-06,4.762426954459906357e-06,4.648372945433474029e-06,4.612562577871729658e-06,4.444843723889475745e-06,4.284882159096847651e-06,4.309072762185489249e-06,4.156204444072645503e-06,4.010670029416688547e-06,4.033359549104435680e-06,3.894392128150387064e-06,3.762282204272600817e-06,3.636786973718242144e-06,3.657210501062395181e-06,3.537484235070391084e-06,3.423863200758203619e-06,3.442476172038353264e-06,3.334094700996289280e-06,3.231312536505615601e-06,3.151016936553453456e-06,3.150034527466866675e-06,3.057097378286037457e-06,2.969029929661016371e-06,2.983356588343999732e-06,2.899326207809124637e-06,2.819710503342717537e-06,2.832261157740039126e-06,2.756262975743330099e-06,2.684254524346604682e-06,2.616030359374821117e-06,2.626328287094730014e-06,2.561151652695276081e-06,2.499381618367925460e-06,2.508095160144262401e-06,2.449043219395136577e-06,2.393052304657722564e-06,2.339955576896506278e-06,2.346712869269812504e-06,2.295890906378682336e-06,2.247663547248423434e-06,2.253075835771762405e-06,2.206873480452914379e-06,2.162994936915738046e-06,2.167167678747973758e-06,2.125091963436218533e-06,2.085096091273902567e-06,2.047061886806763598e-06,2.049742771617133253e-06,2.013213133826248607e-06,1.978437792289578393e-06,1.980115968318715427e-06,1.946681246658592130e-06,1.914815153836927510e-06,1.884427377959843132e-06,1.884914775105435980e-06,1.855647055755618803e-06,1.827701132425646726e-06,1.827398197740797641e-06,1.800452711211812281e-06,1.774689414934048705e-06,1.747739542844678498e-06,1.748809611920231542e-06,1.724999050912893937e-06,1.702185341861970861e-06,1.700346511946371805e-06,1.678284898491097577e-06,1.657115930565412874e-06,1.654737186837516124e-06,1.634243920087685943e-06,1.614550593749976731e-06,1.595611545586013470e-06
1.786564412596775629e-06,1.838190234931245783e-06,1.886505961816493581e-06,1.882284643533199880e-06,1.932962668092229244e-06,1.991854947801069641e-06,1.987292718538191674e-06,2.043235359009249835e-06,2.107515239552158811e-06,2.102671920727556407e-06,2.164494813842242463e-06,2.229599944702057768e-06,2.303029783444582557e-06,2.298026537478183427e-06,2.370083102867915996e-06,2.450275074288680336e-06,2.445268217462947468e-06,2.525087813807036391e-06,2.612665177316605864e-06,2.700868863014192112e-06,2.696312696977848948e-06,2.789627222934186927e-06,2.889677184789372742e-06,2.885651044844620211e-06,2.989193239548484583e-06,3.098393368907556768e-06,3.212628942397229351e-06,3.210154045772609077e-06,3.331430563049432417e-06,3.455976467321427724e-06,3.454972231721350324e-06,3.589660666162296970e-06,3.725371666559822148e-06,3.726369986087718928e-06,3.875970464447912968e-06,4.023695972734158513e-06,4.188052388929881509e-06,4.193501630223893618e-06,4.368787629466377520e-06,4.536339779723359857e-06,4.545691595623898692e-06,4.740284028589846891e-06,4.921988416122982370e-06,5.134767602626259266e-06,5.152190385297102465e-06,5.379768984692100322e-06,5.584377898923062975e-06,5.608690035250015896e-06,5.860867217499284478e-06,6.081447474321702233e-06,6.114242780399926198e-06,6.393348797512708337e-06,6.687038427675531058e-06,6.932657330359751553e-06,6.981997628032851005e-06,7.306251981370116148e-06,7.568641697065719385e-06,7.631729183872619068e-06,7.988992945806996460e-06,8.267940989631486354e-06,8.651053033761649746e-06,8.740125241318403868e-06,9.151478935873422148e-06,9.453999710360935600e-06,9.564264346137656516e-06,1.001416236724201441e-05,1.033039546933900778e-05,1.046552205903452388e-05,1.095561372626220308e-05,1.146632112627921213e-05,1.179830602014575701e-05,1.197849457766425497e-05,1.253058894286451894e-05,1.286815215142241836e-05,1.308393282488831718e-05,1.367702015992278781e-05,1.401475127948114778e-05,1.462516559545435947e-05,1.490323702759753055e-05,1.555380218998732051e-05,1.587790503442620358e-05,1.620360623020896060e-05,1.688717403498344200e-05,1.719036682480195525e-05,1.787248854442116970e-05,1.827788483082174920e-05,1.899632228844999905e-05,1.924466769644175677e-05,1.970833482566529299e-05,2.043630014855690342e-05,2.062992392583872769e-05,2.115491840975707621e-05,2.187735873477405807e-05,2.258907590820881958e-05,2.266756123987718915e-05,2.328636927049467238e-05,2.396286043802346239e-05,2.394296198266975369e-05,2.462532535649999044e-05,2.524384311378390574e-05,2.510875002375078261e-05,2.561859976020362312e-05,2.639020647912026309e-05,2.687052236362648036e-05,2.653421742108960632e-05,2.736531985851420342e-05,2.772649668364015821e-05,2.725370909129135529e-05,2.814428150270031759e-05,2.836922527737753137e-05,2.850764272687919204e-05,2.783697034037015681e-05,2.880327540869254404e-05,2.879286248874157432e-05,2.803417315599710194e-05,2.906433930075324985e-05,2.891723736842440322e-05,2.812121458839890020e-05,2.786076628888974779e-05,2.896773683328192535e-05,2.863998888767315174e-05,2.787943967066738187e-05,2.906245983549851286e-05,2.869546109813208724e-05,2.807583381500598104e-05,2.773517042419315769e-05,2.899418018788018790e-05,2.865269127258835821e-05,2.834293668613945680e-05,2.966549212188464681e-05,2.945008528608709583e-05,2.943212195994842571e-05,3.078934627400239124e-05,3.074700625617690067e-05,3.079027809848890038e-05,3.119051683830662008e-05,3.250500676549655056e-05,3.274335501405249260e-05,3.335468503256249433e-05,3.456301239442894252e-05,3.493759368640461752e-05,3.562978027111223515e-05,3.611027494444845254e-05,3.703767793532760397e-05,3.746470075702611560e-05,3.804256050270002517e-05,3.863876040103477995e-05,3.889449067661050546e-05,3.917026613329268280e-05,3.935568850191680017e-05,3.931485034558495847e-05,3.931485034558495847e-05,3.918516889957172905e-05,3.892092611021272171e-05,3.853096129196363162e-05,3.803869571500683507e-05,3.734211737771155694e-05,3.656629300159668766e-05,3.576461160925393606e-05,3.470202652088942146e-05,3.374474437631717135e-05,3.265085281825260891e-05,3.163155949459534337e-05,3.025477503681442903e-05,2.907926858301532923e-05,2.802863024983480726e-05,2.655574511785620864e-05,2.543371355836514442e-05,2.445684882323375818e-05,2.352858199338994573e-05,2.208551118423938045e-05,2.119913254149521974e-05,2.042242351090381154e-05,1.909336161809505861e-05,1.843272055941306946e-05,1.782853265601897560e-05,1.665586281726568561e-05,1.614454373060143679e-05,1.578779530371615309e-05,1.538120789614485625e-05,1.442576652180717498e-05,1.426160014988173374e-05,1.397451182400536712e-05,1.317774016780593128e-05,1.294494395767333405e-05,1.295424213582659367e-05,1.274823270474908653e-05,1.212140666752881394e-05,1.221004899706659008e-05,1.203736842951357204e-05,1.151313785241823143e-05,1.163855528194148361e-05,1.147212358088171494e-05,1.128917621594390394e-05,1.086539925865661469e-05,1.097809116697827934e-05,1.078191343060213610e-05,1.041519528781147809e-05,1.050533945815311710e-05,1.028938134504788499e-05,9.968030679703677820e-06,9.752768829187607991e-06,9.789970954350406263e-06,9.541970993247194277e-06,9.273061079089181714e-06,9.276928531671423020e-06,9.016115136742233600e-06,8.779819041678322753e-06,8.753066433224023055e-06,8.484987917380489079e-06,8.214396870434800168e-06,8.021040584660608398e-06,7.956183606297395156e-06,7.687274084641167180e-06,7.520849003255464336e-06,7.437994411393799945e-06,7.175430559362163700e-06,7.033774174617193117e-06,6.786488166383593913e-06,6.685253807738805864e-06,6.438446766335212098e-06,6.329469200374736059e-06,6.221460967821167982e-06,5.988396264373215550e-06,5.898602498355895405e-06,5.681386558192160524e-06,5.569014391711775090e-06,5.358684052406747974e-06,5.293278423314797226e-06,5.181116718817662200e-06,4.986545794413407476e-06,4.934706179591009639e-06,4.824473532329174211e-06,4.645476141584116027e-06,4.474224826895249803e-06,4.439073779915339644e-06,4.334158303008152677e-06,4.177671197441794023e-06,4.151326330151285985e-06,4.050871180042480080e-06,3.908320800489685401e-06,3.889197369144804574e-06,3.756834240366186617e-06,3.664120257980363870e-06,3.540977107637125188e-06,3.530424092806729265e-06,3.442969718521616397e-06,3.331380785310348271e-06,3.324967673784734816e-06,3.242800010625090764e-06,3.141783760135712989e-06,3.045975388647713615e-06,3.044352283843873345e-06,2.970232472640160829e-06,2.883589828027676126e-06,2.884053734308585683e-06,2.814902452505389766e-06,2.736549284395070169e-06,2.738512896453566555e-06,2.665090622858060658e-06,2.603231635165143896e-06,2.536060564886977162e-06,2.539659834501226875e-06,2.482162208159476666e-06,2.421349540539719797e-06,2.425411264770952333e-06,2.368124159719165599e-06,2.316897582918327410e-06,2.264632719408103531e-06,2.269116355791056926e-06,2.221569466581290788e-06,2.174118445078417423e-06,2.178480732477597798e-06,2.134352557356027015e-06,2.091204894751733009e-06,2.095307299573877086e-06,2.054335338057277255e-06,2.015043791718704396e-06,1.977678844294193654e-06,1.981378782367640781e-06,1.944884145797567265e-06,1.910750884655027635e-06,1.913979626742076469e-06,1.881379471280341717e-06,1.848815138798073225e-06,1.819031454958743077e-06,1.821627382523395283e-06,1.791323503579987947e-06,1.763964126714867285e-06,1.766020636656283045e-06,1.737793335515181294e-06,1.712600953853815867e-06,1.688512955256083784e-06,1.689872815940209613e-06,1.664545995032161407e-06,1.642280739799573737e-06,1.643113324909805541e-06,1.619451274742916691e-06,1.598818582981224258e-06,1.599145973139141546e-06,1.579185027639503795e-06,1.557842234857055500e-06
1.799380505401544004e-06,1.847300617898719632e-06,1.848359990428806279e-06,1.898598185022257062e-06,1.951420102481395439e-06,1.946744790096410546e-06,2.007475330166054378e-06,2.065760686917572677e-06,2.060842876115436112e-06,2.127119124283719883e-06,2.191493841720994976e-06,2.259259428675560350e-06,2.254246769819552748e-06,2.329926100303731768e-06,2.404864300259060087e-06,2.399899350336663053e-06,2.482512988298671493e-06,2.565440787411395298e-06,2.652809222993294394e-06,2.650873800108305166e-06,2.742697243218243406e-06,2.839460470833290738e-06,2.835621256949729796e-06,2.938528938277402498e-06,3.045741311043257919e-06,3.158743615946585853e-06,3.155033963453726253e-06,3.273857839844184969e-06,3.399106399061230545e-06,3.398451670006855849e-06,3.526241750694438954e-06,3.665073806331464239e-06,3.666489829232648841e-06,3.805564341214853046e-06,3.959440662312824577e-06,4.121598269216513508e-06,4.114748257273688839e-06,4.285256747422440938e-06,4.464897802344084780e-06,4.474798475439304739e-06,4.645832198361001806e-06,4.844734437156576423e-06,5.054163145661803215e-06,5.044736342921140779e-06,5.264798580644900722e-06,5.496383792369219205e-06,5.521259276169631956e-06,5.729017677182131753e-06,5.984812353863714507e-06,6.018120907332451704e-06,6.241524815290384279e-06,6.523656432962277960e-06,6.819962582643407849e-06,6.869611897559166797e-06,7.117240573596971799e-06,7.443119613776939105e-06,7.506295615419786462e-06,7.769913486356106982e-06,8.127472287581266681e-06,8.501787427627512382e-06,8.485917740020154212e-06,8.877125758990448906e-06,9.285964308335751394e-06,9.395234651833500616e-06,9.695788043227779359e-06,1.014068169548833010e-05,1.027411234609767065e-05,1.058650015561650448e-05,1.106849398802551665e-05,1.156926866258888564e-05,1.174629242139013916e-05,1.207073338332605260e-05,1.260873723686774719e-05,1.282007060093784372e-05,1.314702731321044105e-05,1.372106159988948364e-05,1.431212376836865963e-05,1.429471834991768235e-05,1.490215746206506683e-05,1.552457420636913464e-05,1.584129239408027458e-05,1.614461732682615945e-05,1.679290155124118415e-05,1.745098373662170413e-05,1.743696686052187536e-05,1.810324276218022030e-05,1.877420953560363732e-05,1.922232871098468758e-05,1.943663790647883158e-05,2.010834088671658448e-05,2.061461840264920375e-05,2.076869280510026407e-05,2.142594816986384047e-05,2.206806275786417858e-05,2.266305946082387826e-05,2.269445926528001478e-05,2.329353112351346478e-05,2.394837043212675045e-05,2.387837748336068156e-05,2.441274936586580350e-05,2.490282313922348965e-05,2.494116767614073052e-05,2.538924590960838770e-05,2.578060235925187107e-05,2.657415236035680375e-05,2.619325009440421262e-05,2.646731419217577508e-05,2.731518217143462661e-05,2.680858165560653437e-05,2.695322893792718002e-05,2.701670417632810831e-05,2.793231447791037333e-05,2.725300340200706092e-05,2.718283093792925095e-05,2.815445867802931305e-05,2.741147118732819121e-05,2.722477881391994629e-05,2.696291698360201352e-05,2.750540919322095522e-05,2.723456495189743873e-05,2.690513094356660514e-05,2.800913981906983085e-05,2.733020257006686847e-05,2.698684425306934915e-05,2.662324301674725806e-05,2.764055344325403439e-05,2.734390737322152750e-05,2.705967190954579324e-05,2.829218413312909277e-05,2.809039600190825375e-05,2.794304565543550038e-05,2.921552018359342546e-05,2.928757375990419408e-05,2.931349484087533965e-05,2.942323382635078798e-05,3.067559335588176256e-05,3.111481760894155605e-05,3.140390403424982830e-05,3.258137053919065129e-05,3.317701582536578214e-05,3.358178962930944447e-05,3.404861129928452430e-05,3.522091405090733589e-05,3.563374039793888411e-05,3.606309498440195944e-05,3.673740480931913995e-05,3.718221600862278351e-05,3.743640644929558525e-05,3.774801537949026191e-05,3.787622988563669167e-05,3.784285569560422559e-05,3.784285569560422559e-05,3.772256101892923849e-05,3.749867535641030083e-05,3.710952487496311332e-05,3.664421368795598506e-05,3.603696168433066495e-05,3.525994097248709913e-05,3.449837376031336959e-05,3.367692791145505781e-05,3.250462515983224622e-05,3.154743711893554523e-05,3.056928916145794633e-05,2.948146054344259276e-05,2.814247088270821817e-05,2.712563237399670237e-05,2.604082163543134772e-05,2.464167276580679899e-05,2.368689677825818254e-05,2.277710704718908808e-05,2.186890940788438020e-05,2.052486701470465156e-05,1.975611328777823869e-05,1.904260906508458955e-05,1.781616429437678234e-05,1.721258809310816787e-05,1.665618006893087056e-05,1.563886964272209398e-05,1.519598993238136576e-05,1.478950067475157501e-05,1.455546663732942278e-05,1.367939750484505693e-05,1.339489011073221613e-05,1.312729399828879939e-05,1.258480286846873280e-05,1.238637896531634514e-05,1.219198231310095364e-05,1.224168123332294999e-05,1.166107450184528444e-05,1.150615292227905856e-05,1.160843117048139497e-05,1.111933349225169535e-05,1.097631231791412298e-05,1.081896748940358939e-05,1.092663889887411681e-05,1.052743462192691441e-05,1.036017302875260690e-05,1.045457677541495377e-05,1.010689784751293529e-05,9.921378179726150477e-06,9.720785728998159787e-06,9.683333316574148836e-06,9.477458519907329285e-06,9.258927897407784809e-06,9.276228235211275692e-06,9.018477107117777597e-06,8.784976754655792302e-06,8.771919811382518177e-06,8.544613249873459098e-06,8.301106776525803366e-06,8.053452009294928332e-06,8.000478377949635437e-06,7.813572079552566255e-06,7.564307544300468832e-06,7.491707541844578168e-06,7.330256195633603895e-06,7.084065277814614249e-06,6.840416736492704152e-06,6.858646491176241350e-06,6.619395301613066666e-06,6.384428378161380576e-06,6.282377126770958815e-06,6.175583787563918492e-06,5.951754477768530207e-06,5.733968665447456815e-06,5.756350860085389075e-06,5.545290686986661637e-06,5.340918385535927978e-06,5.231524548049987984e-06,5.166592940103075460e-06,4.976254368202446556e-06,4.867909047594801685e-06,4.816124010307504297e-06,4.639949295809732181e-06,4.470878584444686442e-06,4.366796786824733370e-06,4.331268124948024186e-06,4.175958395244614937e-06,4.075862829063623995e-06,4.048985756356583194e-06,3.906833100670483137e-06,3.771184716848558485e-06,3.791563868949399897e-06,3.661826896435548978e-06,3.538217558551256470e-06,3.450362358811775272e-06,3.439146012422658715e-06,3.326724001302916751e-06,3.244007887015317010e-06,3.236965471590518643e-06,3.134862746391417746e-06,3.037849677722180768e-06,2.963031485395208650e-06,2.960849012177849400e-06,2.872880300660516461e-06,2.802999968572076718e-06,2.802987059569660422e-06,2.723248948761875357e-06,2.647584227016161735e-06,2.659689653729621661e-06,2.587414909743307594e-06,2.518841146647320680e-06,2.460631582356053899e-06,2.463961300926846585e-06,2.401787665480933941e-06,2.342798921669632529e-06,2.351595362976389673e-06,2.295186272825544810e-06,2.241652310754049562e-06,2.193503257562321143e-06,2.197919366582372321e-06,2.149284790655248169e-06,2.104610276877915073e-06,2.108982178985081519e-06,2.064743293801579603e-06,2.022710942244137991e-06,2.027474691662777294e-06,1.987176412230383424e-06,1.948860423081477153e-06,1.911962874728126752e-06,1.915825564612106585e-06,1.880837585035380911e-06,1.847530954197425110e-06,1.850016327062106688e-06,1.818008074349353723e-06,1.787507933770342494e-06,1.756937407882682154e-06,1.759809858855298766e-06,1.731822026457558036e-06,1.703375940625579611e-06,1.705745576246992455e-06,1.680007448052723699e-06,1.655414061919577864e-06,1.629938510876534248e-06,1.631652917633749809e-06,1.608956940096346021e-06,1.585185125987394161e-06,1.586395474606991921e-06,1.565400785428267975e-06,1.545275303127306655e-06,1.543914910129845104e-06,1.524447028162818037e-06
1.814866379251453051e-06,1.810606955097612716e-06,1.860453187546211453e-06,1.917682686770759278e-06,1.913175031128018770e-06,1.968143411551677937e-06,2.025963582895290943e-06,2.025832277458007474e-06,2.086505328466858839e-06,2.150353500286802893e-06,2.221428213346960984e-06,2.216755196847987761e-06,2.287314988704117155e-06,2.361605591212414293e-06,2.360247044122518498e-06,2.438277352339035124e-06,2.520457236345731464e-06,2.608719034648457421e-06,2.604828194240031799e-06,2.695782546036464861e-06,2.791938625586107135e-06,2.788727874950639663e-06,2.889434641043946617e-06,2.995541606504818823e-06,3.104904771869999146e-06,3.103461159151267637e-06,3.220986280118445220e-06,3.339943787800054920e-06,3.340118552887491015e-06,3.470301321053901438e-06,3.607461995082271538e-06,3.601885388421466780e-06,3.746079910033099700e-06,3.897982569794583366e-06,4.044250783284255206e-06,4.051152544575420053e-06,4.219328781640721657e-06,4.377733234388375291e-06,4.388593141846285233e-06,4.574693572663668510e-06,4.770585779026634831e-06,4.948647320583588824e-06,4.967509896765465140e-06,5.184019688943652402e-06,5.375829680221883179e-06,5.401438162528045225e-06,5.640481765658446419e-06,5.891716515309579256e-06,5.880341116627096519e-06,6.143912106783001735e-06,6.420687805579528840e-06,6.648796363354407288e-06,6.698380041602875721e-06,7.002739069494619009e-06,7.321815695441768135e-06,7.308006762945575832e-06,7.641963272429717202e-06,7.991597205081025251e-06,8.255604112058772951e-06,8.342323756831957388e-06,8.724337602959498890e-06,9.001240801622513722e-06,9.107480774381297359e-06,9.523441654999796889e-06,9.956934849247254857e-06,9.940562802158853104e-06,1.039164141076677216e-05,1.086059430249247482e-05,1.116104431089629677e-05,1.133066450272398953e-05,1.183529791676174992e-05,1.235755655560682300e-05,1.234082092327299560e-05,1.288043576146295685e-05,1.343683042508450464e-05,1.373660458697891875e-05,1.399319437312842368e-05,1.458108620335979680e-05,1.486954828463324683e-05,1.516793294706395718e-05,1.578297478936964120e-05,1.640904238193101143e-05,1.666357194027437967e-05,1.703128968480748006e-05,1.767387270367739858e-05,1.789229626947802697e-05,1.831033722058688940e-05,1.895925623600641454e-05,1.960597229216108603e-05,1.959950678698131051e-05,2.024181534867957547e-05,2.087405870300037733e-05,2.094234127621173497e-05,2.149326649599139766e-05,2.209376300197911001e-05,2.266966279630810158e-05,2.268145346962543822e-05,2.323114336539941827e-05,2.374481712013504534e-05,2.357009699395886445e-05,2.425101617086003954e-05,2.468181378635726366e-05,2.439101152565979812e-05,2.512231031926807901e-05,2.545115561411487342e-05,2.571499382164568029e-05,2.582313229852774747e-05,2.603531036428010056e-05,2.617395602189618125e-05,2.558995404609295949e-05,2.643552530773911078e-05,2.644549229296982889e-05,2.637512318844545118e-05,2.667788955018627058e-05,2.656739880772291082e-05,2.638028501181419647e-05,2.564255177436071883e-05,2.660755169749909088e-05,2.633248532932874229e-05,2.563019749514075884e-05,2.666108749605829869e-05,2.634038044454239082e-05,2.598285417457034865e-05,2.542468046285831747e-05,2.652666261746649057e-05,2.620356335193594840e-05,2.584237368194090096e-05,2.700836458203834613e-05,2.677732665129690755e-05,2.658508693050003365e-05,2.787144746080808921e-05,2.777883583479243498e-05,2.775144005233430271e-05,2.800449736140972528e-05,2.921190424041197726e-05,2.936065799872670626e-05,2.959707587910706940e-05,3.098664319890768657e-05,3.128266928774973640e-05,3.165513784242365391e-05,3.231490395021547810e-05,3.328145583715846754e-05,3.369787645345558740e-05,3.431285286679888470e-05,3.503949773820164187e-05,3.537876613821847835e-05,3.569941681786980230e-05,3.621244388323225218e-05,3.635271115694675362e-05,3.643149007413413050e-05,3.644997965887697270e-05,3.644997965887697270e-05,3.635965178237803757e-05,3.612800881094600867e-05,3.580785360094506606e-05,3.529482653558261619e-05,3.475099046183928583e-05,3.413140609228682774e-05,3.329790963327982901e-05,3.244161273816466724e-05,3.160197600866316263e-05,3.050095911291056527e-05,2.947394520976329355e-05,2.852153840953191414e-05,2.757115170883089964e-05,2.618158438903028925e-05,2.522337284905865689e-05,2.429509553105107408e-05,2.296382159555641333e-05,2.200922609531015341e-05,2.117869994554614683e-05,2.039510834122890923e-05,1.910874781092085367e-05,1.842098501226761980e-05,1.778238340525451226e-05,1.664432680214222748e-05,1.613166444473944816e-05,1.564473689938697084e-05,1.465172776288121449e-05,1.433748831083969224e-05,1.398719978836349251e-05,1.366300694705568584e-05,1.285891926448861120e-05,1.275794787177075506e-05,1.252881917950815668e-05,1.185748661738967880e-05,1.187183633375194584e-05,1.170446010739404538e-05,1.153514000999191589e-05,1.123238934676125765e-05,1.109596754474271591e-05,1.094961628235289143e-05,1.050128023031870653e-05,1.061878937136786087e-05,1.047391659403010996e-05,1.031421144894002222e-05,1.020629721410679758e-05,1.004901707986660244e-05,9.875907817123824833e-06,9.556243081574850747e-06,9.635989760217627181e-06,9.444698300348256480e-06,9.162606352950320479e-06,9.213602565885657713e-06,9.004209101195850105e-06,8.784400682076347160e-06,8.774097583357533248e-06,8.549769257126943602e-06,8.318246514749545593e-06,8.107727253831865097e-06,8.084261180134075193e-06,7.845772831086513969e-06,7.604770162967074868e-06,7.614081674998190095e-06,7.373657238579325973e-06,7.133344260802480705e-06,6.982541082894839708e-06,6.909156272692969134e-06,6.673595265319112906e-06,6.544195529466853369e-06,6.458811340580431816e-06,6.231258651758313013e-06,6.008376423265978153e-06,5.907466829546915234e-06,5.810700850981215273e-06,5.599246888753365869e-06,5.515245802749725023e-06,5.414860466413076772e-06,5.216095269753588708e-06,5.023890248092105167e-06,5.045390436043699744e-06,4.859973721488746395e-06,4.681335159422116042e-06,4.631312359782349771e-06,4.531002474764597777e-06,4.365911633537567922e-06,4.207577759060100016e-06,4.228602833325707097e-06,4.076736155263788338e-06,3.931426074608505603e-06,3.904846504641883685e-06,3.812523269295731332e-06,3.679610614876290374e-06,3.659839706930519823e-06,3.571737018710210725e-06,3.450485965853513653e-06,3.334974477990244936e-06,3.352707239236260994e-06,3.242322250333934581e-06,3.137284054148939290e-06,3.129763401416295297e-06,3.053378489392359704e-06,2.957987888025100546e-06,2.867346108010366016e-06,2.881953825106199509e-06,2.795400833117409257e-06,2.713203935707134977e-06,2.712636346533633301e-06,2.647927448801754088e-06,2.573412052208478411e-06,2.574468195305780179e-06,2.514077864236264545e-06,2.446526111900350024e-06,2.382422663801559130e-06,2.385299663344955015e-06,2.331219298209037283e-06,2.273087401853247022e-06,2.276586305316604103e-06,2.226281800330550179e-06,2.173528848599197101e-06,2.123455881663984916e-06,2.130617079860261691e-06,2.082701568203202521e-06,2.037202013526835595e-06,2.041364717859302929e-06,1.999665602596107529e-06,1.958270195647549850e-06,1.962315464930159088e-06,1.923578822832083383e-06,1.885863561880715081e-06,1.849998713412101605e-06,1.853818370592543039e-06,1.819271867082973025e-06,1.786516757820761665e-06,1.789979664803011947e-06,1.757863414796425047e-06,1.727893286723784999e-06,1.699332764846244814e-06,1.701077342787740723e-06,1.673601384565593858e-06,1.647390147273416135e-06,1.649903850383230383e-06,1.623174573254354002e-06,1.599067438256277132e-06,1.576031659667833169e-06,1.576200275515739393e-06,1.553978517178394631e-06,1.532717982795384016e-06,1.534165526378984513e-06,1.511782518322556476e-06,1.492113853022116704e-06,1.493104009850402848e-06
1.774598557214739874e-06,1.828753576968280965e-06,1.880664142135662700e-06,1.876099342139698887e-06,1.935098230154436601e-06,1.992310512939658100e-06,1.987605740241322122e-06,2.047807579790118445e-06,2.114996055234913003e-06,2.181370959248658157e-06,2.176738879705112106e-06,2.249952138680111420e-06,2.323233182892189048e-06,2.318775586043851204e-06,2.396136140269947747e-06,2.479492332999104020e-06,2.564686531101591161e-06,2.560957862397360471e-06,2.651738692745774096e-06,2.745899224346573677e-06,2.742906374533137854e-06,2.841727247966583696e-06,2.945822964259235389e-06,3.055401241447362732e-06,3.054255749711118059e-06,3.166482744583682109e-06,3.287633967597488732e-06,3.288164260471478945e-06,3.410097119532092546e-06,3.544031212656323910e-06,3.546755496006677581e-06,3.689177118208601324e-06,3.827117219290045314e-06,3.982869028470544911e-06,3.990241223929807195e-06,4.139626908735731890e-06,4.311644082287046726e-06,4.323006662926364965e-06,4.484505920323774416e-06,4.674355040149270124e-06,4.873898946761877578e-06,4.893262863478684451e-06,5.074243370485726851e-06,5.294139179956996231e-06,5.320221549414388460e-06,5.514725527690703557e-06,5.756738192412174626e-06,5.790964381915190703e-06,6.049712999533234457e-06,6.265294187384963084e-06,6.544030920064714035e-06,6.593802830636949055e-06,6.823455477748814541e-06,7.128809964322560710e-06,7.191318561147549716e-06,7.518129691640173406e-06,7.768516049077896026e-06,8.117090417741426611e-06,8.203239118571730614e-06,8.466439766198566115e-06,8.845567076884838632e-06,8.950739953845206849e-06,9.225446714376597259e-06,9.636243845800490895e-06,9.763470719224871125e-06,1.020274263820122754e-05,1.049086058362756296e-05,1.095021736296364046e-05,1.111680321609627190e-05,1.141001643585385541e-05,1.190136528497978668e-05,1.209864461933352669e-05,1.262218857461103378e-05,1.291473914964417599e-05,1.345102983518997463e-05,1.370129197371729969e-05,1.398612385513340562e-05,1.454849916230630390e-05,1.483879397593932563e-05,1.510844313436047777e-05,1.569185838149279039e-05,1.628298167611777296e-05,1.663948345163449702e-05,1.686859123958676750e-05,1.746922529879330188e-05,1.787364183105041802e-05,1.806196315739243301e-05,1.866155343139969656e-05,1.911601984736507556e-05,1.973436968381923982e-05,1.983633501843118371e-05,2.040812886175920652e-05,2.093858429492640897e-05,2.096580480456586897e-05,2.149936064521426948e-05,2.208087474063346212e-05,2.260941688437806865e-05,2.249702619188567433e-05,2.293598907957970613e-05,2.358878853696149094e-05,2.337026370771965386e-05,2.372428459352666764e-05,2.442388794332685058e-05,2.409347133820634380e-05,2.434674984533082020e-05,2.509234572279918398e-05,2.529619813418759785e-05,2.479349826388540357e-05,2.486583607464056719e-05,2.566910694945543703e-05,2.507395281702459554e-05,2.502948492087070769e-05,2.587996756409959503e-05,2.576876641246700337e-05,2.507291513321936952e-05,2.485730123838006500e-05,2.576452099364624104e-05,2.506878957758996036e-05,2.478595357690497645e-05,2.575082035528521743e-05,2.511323776811180089e-05,2.480604401832153580e-05,2.447409014455707139e-05,2.550151195928001849e-05,2.503412755301902780e-05,2.475446130675867210e-05,2.584176474707282258e-05,2.557623447154572577e-05,2.540043996682365851e-05,2.653533490440856661e-05,2.639865439044655843e-05,2.647033445805287594e-05,2.650280395322880648e-05,2.764638148772341567e-05,2.795225383533203560e-05,2.815130373729635358e-05,2.926112060039740188e-05,2.951560285296225369e-05,3.007637200358049870e-05,3.047438942473489399e-05,3.144117605289831289e-05,3.204522448347569478e-05,3.247056816312291237e-05,3.323916401282583390e-05,3.375630609050764942e-05,3.409528769198934956e-05,3.458627457963197102e-05,3.480417127322014883e-05,3.503216674530836293e-05,3.511166451918821429e-05,3.515274519196642041e-05,3.515274519196642041e-05,3.504670891252863109e-05,3.482928440730317032e-05,3.450965056003104834e-05,3.410286691974170187e-05,3.353141146140124762e-05,3.294273160874672647e-05,3.222422077930677821e-05,3.134730885332752599e-05,3.054549459160686649e-05,2.962723121559340006e-05,2.852775055961054957e-05,2.761190951056203161e-05,2.660666977821917316e-05,2.569943800521806574e-05,2.445158258265980769e-05,2.354832529602020490e-05,2.260570572187010712e-05,2.134940084467764604e-05,2.053352008913150560e-05,1.972161292967449317e-05,1.901337759726507291e-05,1.784455686538836283e-05,1.721003781864954144e-05,1.664371786727257701e-05,1.559376980561353576e-05,1.510601501607853872e-05,1.472855925885108443e-05,1.381573474129605945e-05,1.346338105849509439e-05,1.313949468162689482e-05,1.297954205211935844e-05,1.224013774417697699e-05,1.201418866419396171e-05,1.197945481273727295e-05,1.136004718204071933e-05,1.120064191848258832e-05,1.125247083529294425e-05,1.110459027246569260e-05,1.061018567359520718e-05,1.048015790100856913e-05,1.058037929685144157e-05,1.016058381791672748e-05,1.003664226981106251e-05,1.014705408504337571e-05,9.998198037206489501e-06,9.651959388043180617e-06,9.504119963394345378e-06,9.588615996293953450e-06,9.284786866572677309e-06,9.119912474071001541e-06,9.180328559159095609e-06,8.910908787654240094e-06,8.727705395855829890e-06,8.759774862312883856e-06,8.548838626137621186e-06,8.320256357717672129e-06,8.112436788582261959e-06,8.101089827640164503e-06,7.898311394701017891e-06,7.681242979655352341e-06,7.645976180480861166e-06,7.413670474132709837e-06,7.245396905563283909e-06,7.022386549113250959e-06,6.958178896661976822e-06,6.811791105244894136e-06,6.590776103780501783e-06,6.513062766653926572e-06,6.387012818227573739e-06,6.171394224637030733e-06,5.959201107830822792e-06,5.867901505953283941e-06,5.769041229222754107e-06,5.566029884639324516e-06,5.469867047036233878e-06,5.387215519849007307e-06,5.194933945268941234e-06,5.096403577844749115e-06,4.909302179769471110e-06,4.847569548043616312e-06,4.672979436974572741e-06,4.574496048564699983e-06,4.524632490510230377e-06,4.362321864254329525e-06,4.265706713245630853e-06,4.110971082554003625e-06,4.075949316521075161e-06,3.931917540265295050e-06,3.839995427324097790e-06,3.813005865136723139e-06,3.680642611304079379e-06,3.592595062007839505e-06,3.572319506571798813e-06,3.451053851692319278e-06,3.367253496872115084e-06,3.253860728624011014e-06,3.241697471872244944e-06,3.136022481333663900e-06,3.059143457279931315e-06,3.051056542509081632e-06,2.954769544800642350e-06,2.882445584509333512e-06,2.793255786229842734e-06,2.789984195778595567e-06,2.706632582101036082e-06,2.641227177100107460e-06,2.640195253326165471e-06,2.564447253068069002e-06,2.503346256908992458e-06,2.504007912422012550e-06,2.435192105483093856e-06,2.369808430748562441e-06,2.315022548812995688e-06,2.317600638552977875e-06,2.258209413315867888e-06,2.207229941747942689e-06,2.210505894354731304e-06,2.156537191458695381e-06,2.109141621920723493e-06,2.059763530186552875e-06,2.063768778920206083e-06,2.017140120016112242e-06,1.974872049426367662e-06,1.978977026868490318e-06,1.936528736850986961e-06,1.897274534458180639e-06,1.901325203449850684e-06,1.862638208185392715e-06,1.825839207409013978e-06,1.790853616374512613e-06,1.794755261608063751e-06,1.761150621159867827e-06,1.728647166143991208e-06,1.732241697554295469e-06,1.701505577009876553e-06,1.671293864447436015e-06,1.643207965943931384e-06,1.646366856650837745e-06,1.619509343817024502e-06,1.592516052586910394e-06,1.595256452535490629e-06,1.570579408635208532e-06,1.545442111418268504e-06,1.522844153208143974e-06,1.525029856938189679e-06,1.503306257636935538e-06,1.480766283675860989e-06,1.482507076072206210e-06,1.462440550043873443e-06,1.441394095192443500e-06
1.793827144744810132e-06,1.845349866396428976e-06,1.845092804017191242e-06,1.899103626417879446e-06,1.955877572039076748e-06,1.955198204707910096e-06,2.014735905806012911e-06,2.077340352169308173e-06,2.143177472721418483e-06,2.141872296109346096e-06,2.210948268743566231e-06,2.283609471675812211e-06,2.281785378502266412e-06,2.358041107231929323e-06,2.438270569030416829e-06,2.522684875813868944e-06,2.520099764711280894e-06,2.608717179882252432e-06,2.701966997853587030e-06,2.698757837421158912e-06,2.796663926466872336e-06,2.899692516514152720e-06,3.004433320710986899e-06,3.003994863268102081e-06,3.117834031461483797e-06,3.237617975298815240e-06,3.232773947077635897e-06,3.358548291381884019e-06,3.490872693672819286e-06,3.485254120970551018e-06,3.624184149920395272e-06,3.770317533633511717e-06,3.924000843753928594e-06,3.917287765376177648e-06,4.078595611181237595e-06,4.248177079330337568e-06,4.240603796301269615e-06,4.418546101254885311e-06,4.605529505679997182e-06,4.773136857548223717e-06,4.793196080888414194e-06,4.999168196780996318e-06,5.215402336611442670e-06,5.205743493343772655e-06,5.432359830651996880e-06,5.670083803650483973e-06,5.659528362656099813e-06,5.908491530673246173e-06,6.169417265505629557e-06,6.442727951477138337e-06,6.431017351996361332e-06,6.716852330592976100e-06,7.015899143822783233e-06,7.003382645528525883e-06,7.315779948376364701e-06,7.642160175131725827e-06,7.982869312983372964e-06,7.969412607897070550e-06,8.324561783370453943e-06,8.694644862498833844e-06,8.680626554855156763e-06,9.065721018533156510e-06,9.466174054539885463e-06,9.451758235589564666e-06,9.867592100608701500e-06,1.029895614726289049e-05,1.074580080349728642e-05,1.073117975427869490e-05,1.119337280052800293e-05,1.167066488247437255e-05,1.165618867968850947e-05,1.214830429383692320e-05,1.265463142889612106e-05,1.317447697113000794e-05,1.316067991192936595e-05,1.369344141598949715e-05,1.423782405595765459e-05,1.422497317769259403e-05,1.478010610250002860e-05,1.534411061053979496e-05,1.556995648351440037e-05,1.590436913695837838e-05,1.648119305613845523e-05,1.706080904470857649e-05,1.705222918901945622e-05,1.763294654364264659e-05,1.821096794476977039e-05,1.820563626826074774e-05,1.877906218473514196e-05,1.934307143840468214e-05,1.989372083687075452e-05,1.989526271060460826e-05,2.043057886781168901e-05,2.094421367659805714e-05,2.095416815364455231e-05,2.144470948806754279e-05,2.190398859888861060e-05,2.232674254850610453e-05,2.235564893522942401e-05,2.274321373441310501e-05,2.308435998369908404e-05,2.313686566774491508e-05,2.343657702901317115e-05,2.368071969881124179e-05,2.376905983652454165e-05,2.396819697562814868e-05,2.410442427082345169e-05,2.417394067883727119e-05,2.433707463876661734e-05,2.436147986082700382e-05,2.431656345361023528e-05,2.456213813969988747e-05,2.448013446979934249e-05,2.433102580356206074e-05,2.411648293090949311e-05,2.451345385905673557e-05,2.428214535117254047e-05,2.399646538024829322e-05,2.453810674918289599e-05,2.425802247720523417e-05,2.394073315501090836e-05,2.339579127544938434e-05,2.436170557639463259e-05,2.406033032324459076e-05,2.375670476269454417e-05,2.469697542171974647e-05,2.446110088025587521e-05,2.424956055674640072e-05,2.534911947500555286e-05,2.522220707580043940e-05,2.514374285019538481e-05,2.512685078150226514e-05,2.637285737988443964e-05,2.644796132651883942e-05,2.659724042718216743e-05,2.787169972185492522e-05,2.809118183144109445e-05,2.838312971078412527e-05,2.874618281023408206e-05,2.991416056340547892e-05,3.028828459020082683e-05,3.070759953804211908e-05,3.167838594978448504e-05,3.204315678232595038e-05,3.241511677000105831e-05,3.309705505862067917e-05,3.334651381962395604e-05,3.356259317746760923e-05,3.372985291354411465e-05,3.392630594134219980e-05,3.390019185407822154e-05,3.390019185407822154e-05,3.380081480555802132e-05,3.360436177775994295e-05,3.329672079810281910e-05,3.291126380918357470e-05,3.245082487402268655e-05,3.176888658540307246e-05,3.113383243569611369e-05,3.044587710687754299e-05,2.947509069513518042e-05,2.866733578180393765e-05,2.783728073405280324e-05,2.666930298088140977e-05,2.578349693487973077e-05,2.490539618710054816e-05,2.404227298479309687e-05,2.276781369012034246e-05,2.192544920974857581e-05,2.111756140871471436e-05,1.987155481033253646e-05,1.912693563888180756e-05,1.842686484106397679e-05,1.777017530051424503e-05,1.667061638225510983e-05,1.610525780063741771e-05,1.558213746245307624e-05,1.464186680344608854e-05,1.421472147857840134e-05,1.382275179480333904e-05,1.298029887328281973e-05,1.275378185049341680e-05,1.247496919621876707e-05,1.221599088594103527e-05,1.167434970413607337e-05,1.148176764457865804e-05,1.129805609503597768e-05,1.090108706758743630e-05,1.076507104149148742e-05,1.062819267801034573e-05,1.048791849742677042e-05,1.024236164432929821e-05,1.012702076089999083e-05,1.000197726364249007e-05,9.838904510371847880e-06,9.725437650916178025e-06,9.598538471343413402e-06,9.458300628758788088e-06,9.370170191450478015e-06,9.230638541624840241e-06,9.077162865552751219e-06,9.025077657049799553e-06,8.867808083839048632e-06,8.697634117013006556e-06,8.669456120245146399e-06,8.493770414030208936e-06,8.307294236347585810e-06,8.111627743559621885e-06,8.102946390837731567e-06,7.903003431869328369e-06,7.696608450008616951e-06,7.696815289817161086e-06,7.487627967616708189e-06,7.274594286046066320e-06,7.059085472435364474e-06,7.066823671863826052e-06,6.851479460877985217e-06,6.635918908534831686e-06,6.647372130573610285e-06,6.433637444692072077e-06,6.221575698725516338e-06,6.103136535289073849e-06,6.026873307137071636e-06,5.821204514507139295e-06,5.619335451683891530e-06,5.635908678856892453e-06,5.438826246757089952e-06,5.246475958308370717e-06,5.264223997432318892e-06,5.077263016851886617e-06,4.895655919479534427e-06,4.719636258837903322e-06,4.738235282944759044e-06,4.568076428958936990e-06,4.403756363252372914e-06,4.422535709512877020e-06,4.264111412988430558e-06,4.111595263501855182e-06,3.964983298639035032e-06,3.983496394731262500e-06,3.842608652124215585e-06,3.707498306812266978e-06,3.725500286620540288e-06,3.595862460281847186e-06,3.471789895286225381e-06,3.489070451084237681e-06,3.370164169963879745e-06,3.256552871559364160e-06,3.148093343153871659e-06,3.164166432284133302e-06,3.060371675178352331e-06,2.961407814387975717e-06,2.976445987975368658e-06,2.881788820997941799e-06,2.791628721894289746e-06,2.705799726066023314e-06,2.719354495324050621e-06,2.637308235964218737e-06,2.559257808866214483e-06,2.571661210899971642e-06,2.497056299137273722e-06,2.426121110613777516e-06,2.426302015706484100e-06,2.369558873857090126e-06,2.305108199418018334e-06,2.243863354329490384e-06,2.253588584067879523e-06,2.195029547033980295e-06,2.139389186507444052e-06,2.148009784612305228e-06,2.094790152224565059e-06,2.044221251261350701e-06,1.996173730231598122e-06,2.003388819111291181e-06,1.957400446450071189e-06,1.913694697340938091e-06,1.919915155097563852e-06,1.878057603224780002e-06,1.838263342031505441e-06,1.842134136495983597e-06,1.805408263646442539e-06,1.769134117664846449e-06,1.734625777959450838e-06,1.738746820610669231e-06,1.705638022814130260e-06,1.674120712450644345e-06,1.677440382294580245e-06,1.647176267898742477e-06,1.618345532346598074e-06,1.590871633370586442e-06,1.593214042211229856e-06,1.566795781944491310e-06,1.541598478739870969e-06,1.543274520994211711e-06,1.519022417231522783e-06,1.495868708953842464e-06,1.473753830335785666e-06,1.474626239742085809e-06,1.453307295927505540e-06,1.432922634249441695e-06,1.433252740846218299e-06,1.413581608215151337e-06
1.815531444470671594e-06,1.811158587367649499e-06,1.864776659763465792e-06,1.924638589677777419e-06,1.920221148251781715e-06,1.979311164000758618e-06,2.044432532530351174e-06,2.109430568742065242e-06,2.105238090203450621e-06,2.173758084889059588e-06,2.247711138185952584e-06,2.243806801148460327e-06,2.319417548926156305e-06,2.399822734048915276e-06,2.482866451768582385e-06,2.479862049169606959e-06,2.567661186115353624e-06,2.658835113987853086e-06,2.656688612307549295e-06,2.753635285364432301e-06,2.852623584186609843e-06,2.958839376117525878e-06,2.958705581882090330e-06,3.066087565366131536e-06,3.183230962450052903e-06,3.184880025022321072e-06,3.309204830360999894e-06,3.430412152962522338e-06,3.434345750605925475e-06,3.571567278480967249e-06,3.702659436722238692e-06,3.852219820629146053e-06,3.860864457039180235e-06,4.019976139638384591e-06,4.167108876337224882e-06,4.179744466431632874e-06,4.355101784467712681e-06,4.513509327545452500e-06,4.703630228530040309e-06,4.724121148626824142e-06,4.894264164113941082e-06,5.103080803314141896e-06,5.130096046400315046e-06,5.352839654486987064e-06,5.541367859123266572e-06,5.576212395467310870e-06,5.820648828792067605e-06,6.021562235760879946e-06,6.283899095822707736e-06,6.333488188256367586e-06,6.613619583193153238e-06,6.833048179528162329e-06,6.894603347980307217e-06,7.200390331552110786e-06,7.431542390804443019e-06,7.756467254930432859e-06,7.839973891412503937e-06,8.186926932691888901e-06,8.434001370693905216e-06,8.535014320621076619e-06,8.910722405494129312e-06,9.166464447571722382e-06,9.287613007891563254e-06,9.692760392512792978e-06,9.954957010706970218e-06,1.037710731925060752e-05,1.053383071064928343e-05,1.098320360250441858e-05,1.124922683455717695e-05,1.143345700787512172e-05,1.191125744264775594e-05,1.217460885684867388e-05,1.266246542938903477e-05,1.289375129043868792e-05,1.340994832374244491e-05,1.365862369914743675e-05,1.392518533276440895e-05,1.446234637646352702e-05,1.469250351514507608e-05,1.522525446118138324e-05,1.554971327952569401e-05,1.575281268933866066e-05,1.629242915532886060e-05,1.665851483522549242e-05,1.721880190816460384e-05,1.736202939305553589e-05,1.777139538389965878e-05,1.832414360687306272e-05,1.841360315492820198e-05,1.892484264465078616e-05,1.939963316898158559e-05,1.991520854625389962e-05,1.990046737812220263e-05,2.041905632562597572e-05,2.089137935879344993e-05,2.079325457376472665e-05,2.118777467744325591e-05,2.176745276451424866e-05,2.214082247427204649e-05,2.189786194651455032e-05,2.251750518595913399e-05,2.280630851621192134e-05,2.246317113409886064e-05,2.312194161819694242e-05,2.331359629879082700e-05,2.287398326811007336e-05,2.295145275865195144e-05,2.365946421746215422e-05,2.368180246287780971e-05,2.311096777563467923e-05,2.385882990841452672e-05,2.377613852998296351e-05,2.315580890812942493e-05,2.297802671877099035e-05,2.377454492854583597e-05,2.354245129765032834e-05,2.290043037472284650e-05,2.374647639553028626e-05,2.346080872013118189e-05,2.287821247125339732e-05,2.257725254342639483e-05,2.347986230513173504e-05,2.301056768325759812e-05,2.274157428305235773e-05,2.370049705096254666e-05,2.343824491688964738e-05,2.320177310606994289e-05,2.421085985802712666e-05,2.404779237041936477e-05,2.402421584998242830e-05,2.399825640147313564e-05,2.503384858505152023e-05,2.506334088891407508e-05,2.534745225520979324e-05,2.637709433211020283e-05,2.655443431553099171e-05,2.700748312743262596e-05,2.732940711052700376e-05,2.827411332724335575e-05,2.862563726638507925e-05,2.920621483872887336e-05,3.001607252198036294e-05,3.038843473027377700e-05,3.091399775420271116e-05,3.151861940326842077e-05,3.181306115723785192e-05,3.217246681979706128e-05,3.238554058932050281e-05,3.262934120536307872e-05,3.269652391331384866e-05,3.271184697470912357e-05,3.271184697470912357e-05,3.263769100462199076e-05,3.244582959710076470e-05,3.214509155277605983e-05,3.177980750515187197e-05,3.130552898370720575e-05,3.078814762575534704e-05,3.009756320154451033e-05,2.938189574526776319e-05,2.867395109936959858e-05,2.775469605991015532e-05,2.688468443870519723e-05,2.607005683323805275e-05,2.500177341659458259e-05,2.415288288670751772e-05,2.324030847931609408e-05,2.242638293796473279e-05,2.128388469521383570e-05,2.043190992933546053e-05,1.968713832876756522e-05,1.857021586513631973e-05,1.787931959707990984e-05,1.720965947444797530e-05,1.661891920738692649e-05,1.560613189050874051e-05,1.510178750213508626e-05,1.463915044762761402e-05,1.374055718513656141e-05,1.334707523060298138e-05,1.306436990133897898e-05,1.228860650322875135e-05,1.200821363946766944e-05,1.186839381695268693e-05,1.164593556439199711e-05,1.101902987387717305e-05,1.099216777592408168e-05,1.083499061375960577e-05,1.030827257657015788e-05,1.017936289586866456e-05,1.024233486891912480e-05,1.011907843882035242e-05,9.695408080610709952e-06,9.794922019848479211e-06,9.681910806803176994e-06,9.319340172346972969e-06,9.211179577071991798e-06,9.312534164909065445e-06,9.181236492841097043e-06,8.879191641840975926e-06,8.969446719237239324e-06,8.823718605526212810e-06,8.556794897751768405e-06,8.626192589574731973e-06,8.463383561142088208e-06,8.225232827375282400e-06,8.061552450591921997e-06,8.089973511252974639e-06,7.901915258933557969e-06,7.698324942997073508e-06,7.701473294898979552e-06,7.502704539366482169e-06,7.321102254606379884e-06,7.126834310481313181e-06,7.095698993735049836e-06,6.887721431336995082e-06,6.735737577645055387e-06,6.686786574140348996e-06,6.478452500077167198e-06,6.345371446616011725e-06,6.146277572732437314e-06,6.076958712614393391e-06,5.961548128580882174e-06,5.766617259496198690e-06,5.688289505993226355e-06,5.492451971992153283e-06,5.400851489642406655e-06,5.316415041983150579e-06,5.129517405069050238e-06,5.052246053391776213e-06,4.876652422973637937e-06,4.787427362872608308e-06,4.615993119921617231e-06,4.557388652877276790e-06,4.467456007458177251e-06,4.307173739482113107e-06,4.259289387752996797e-06,4.109491015034582995e-06,4.021092193586939918e-06,3.877763377372885910e-06,3.843422964260445048e-06,3.757322369651645047e-06,3.625060359432262210e-06,3.598160865266449819e-06,3.515047744962036928e-06,3.393439754137644957e-06,3.372831856370792977e-06,3.259355727512757425e-06,3.181705672884014191e-06,3.075206953652333032e-06,3.062287724996635307e-06,2.988540830549832318e-06,2.891270188553647014e-06,2.882300605707263080e-06,2.791413513965381520e-06,2.723879359413217043e-06,2.639397066758807512e-06,2.635153405026438068e-06,2.571656381393530172e-06,2.494776882410970243e-06,2.492806369523415331e-06,2.420781329123115503e-06,2.363358503753025873e-06,2.363151016584505529e-06,2.297562519250799593e-06,2.243904964019317887e-06,2.183494085473582018e-06,2.185321084943143550e-06,2.135262813219875152e-06,2.080365558625381597e-06,2.083007205066209589e-06,2.031306315641475490e-06,1.986465487370487778e-06,1.939042924346536263e-06,1.942574859465242383e-06,1.900854949603933046e-06,1.857720066386355195e-06,1.861475527237138246e-06,1.820673419319838819e-06,1.783412870910906049e-06,1.787233199993763466e-06,1.750019151489217524e-06,1.715385701215988140e-06,1.681345688457182254e-06,1.685168737671353833e-06,1.652976691450434264e-06,1.621902376807917417e-06,1.625520513430092541e-06,1.595928363160859936e-06,1.567183628480006702e-06,1.540118222293825683e-06,1.543427182106923555e-06,1.516687222907202613e-06,1.491883915309378205e-06,1.494854929051787549e-06,1.471116775301122709e-06,1.447193491632078526e-06,1.425452147834260645e-06,1.427965975646817287e-06,1.405671549584784950e-06,1.385651775407458638e-06,1.387779897088947036e-06
1.778793554717260442e-06,1.835506594456108431e-06,1.891244040708877510e-06,1.886870851790771243e-06,1.948545511439434429e-06,2.009915331823818995e-06,2.074397822058798414e-06,2.072705826996386702e-06,2.140307994156836258e-06,2.211350965009050142e-06,2.207587557121815106e-06,2.283675526562578315e-06,2.361970433128721694e-06,2.444260487670653547e-06,2.441396746330003916e-06,2.527701371038403156e-06,2.618412401021639766e-06,2.616515708859186680e-06,2.710127511122319240e-06,2.810124379749160007e-06,2.915215629584979483e-06,2.910979496652560862e-06,3.021202804546625071e-06,3.137025798385796803e-06,3.132142165018716469e-06,3.253610836064721355e-06,3.381223800390524817e-06,3.385552234548700726e-06,3.509472830257710979e-06,3.650013533617667923e-06,3.797589845928950113e-06,3.791075825554127981e-06,3.945760112681691824e-06,4.108119281553615290e-06,4.121195870310459682e-06,4.270984588337705954e-06,4.449449292715467338e-06,4.636608011900966231e-06,4.628352294856138948e-06,4.824305495358215999e-06,5.029661663943496287e-06,5.020652821653194451e-06,5.235522588136708878e-06,5.460516742414124171e-06,5.495641171481162050e-06,5.686006828366651823e-06,5.932088370049211217e-06,6.189364248934560561e-06,6.178682960644557179e-06,6.447275054728019329e-06,6.727738659612678124e-06,6.789116764045355407e-06,7.008874712383301566e-06,7.313814263964302047e-06,7.631507528543995795e-06,7.619474189847896845e-06,7.950007967104979470e-06,8.293743891074065378e-06,8.393618374511305867e-06,8.638296843995054108e-06,9.008765533168808852e-06,9.128196561667749773e-06,9.380017043364752790e-06,9.777482833544020324e-06,1.018836817334724221e-05,1.017561657323251850e-05,1.059977522554689439e-05,1.103689797584486551e-05,1.121729501870197059e-05,1.147416855118343275e-05,1.193604225320767766e-05,1.240931296324296340e-05,1.239746362063036790e-05,1.288156695768267291e-05,1.337529529953609188e-05,1.363478034318525187e-05,1.386688423285041656e-05,1.437657142171291471e-05,1.489180742584160391e-05,1.488262999580913086e-05,1.540219080267406457e-05,1.592350427097825584e-05,1.591630120496844252e-05,1.643788685915724369e-05,1.695645616754336328e-05,1.735223497852768300e-05,1.746594891641320546e-05,1.797106408112945228e-05,1.846402726393013541e-05,1.846543325713394227e-05,1.894454466044307982e-05,1.940444929011760116e-05,1.990382617946581233e-05,1.985234020769329765e-05,2.026449109269551569e-05,2.064492044125022734e-05,2.066902044150641956e-05,2.101872537264196813e-05,2.132837312461102175e-05,2.192264886411564390e-05,2.164530973672350997e-05,2.187101161489744358e-05,2.250139422980223207e-05,2.212988646427199721e-05,2.226201611695935467e-05,2.233668326342336645e-05,2.246996751701502956e-05,2.250445609830822687e-05,2.247884449805025286e-05,2.318919159082053779e-05,2.261937287980550821e-05,2.250070576750249620e-05,2.232408621471314544e-05,2.264830430204758059e-05,2.245341146290840927e-05,2.220882464534835015e-05,2.300442334221809796e-05,2.240842613975453917e-05,2.212740167995531589e-05,2.181762933174348815e-05,2.245197755179632524e-05,2.217354686933284419e-05,2.188651049515811571e-05,2.267484483418296499e-05,2.244132641339771899e-05,2.222143758372183728e-05,2.316576436635130681e-05,2.300880415512771454e-05,2.289475792209866938e-05,2.282742757890961942e-05,2.391942338476127697e-05,2.393611610419879462e-05,2.401388035781788693e-05,2.499454207677954972e-05,2.531486673752010577e-05,2.553074883508893295e-05,2.581375309932746917e-05,2.692908939715679743e-05,2.724622270222907381e-05,2.761533722367791237e-05,2.843024405220463411e-05,2.895876494011460347e-05,2.933611640855902271e-05,2.997916670575511534e-05,3.042059672017551679e-05,3.071370706835319005e-05,3.098290743957643202e-05,3.137853497360151373e-05,3.149996147054086288e-05,3.156761933859159280e-05,3.160179400586554373e-05,3.160179400586554373e-05,3.151424473163910532e-05,3.133368541394075278e-05,3.108119452679299869e-05,3.068556699276791698e-05,3.025598700851806904e-05,2.976338826478570535e-05,2.916273215309691451e-05,2.843228166407082557e-05,2.775519655940804684e-05,2.697872527338591607e-05,2.605519957512730550e-05,2.527126588736907704e-05,2.448193578255840113e-05,2.336659948472907626e-05,2.255706048750108343e-05,2.176531123963441625e-05,2.093097451678359219e-05,1.984582380123125190e-05,1.911498741671029307e-05,1.841971373618241773e-05,1.732771793033076357e-05,1.670064103788265696e-05,1.611438518821719395e-05,1.557012315079004343e-05,1.463065717027875496e-05,1.416756103786843546e-05,1.374025409611866328e-05,1.295191975719457535e-05,1.260822291814779980e-05,1.229295252267137125e-05,1.165860430911529889e-05,1.141756632967562556e-05,1.119540781864882277e-05,1.112302265738567568e-05,1.054386678316449408e-05,1.039028782027003213e-05,1.024229727221387880e-05,9.918081728392192094e-06,9.807671638277679378e-06,9.694888955504797737e-06,9.773615793743297580e-06,9.377499847818346882e-06,9.279170103439679236e-06,9.171509280178435938e-06,9.038286536231435452e-06,8.938656658797898867e-06,8.826849724056621912e-06,8.917209566049604064e-06,8.630637179813677935e-06,8.506303383026138880e-06,8.581146751213094604e-06,8.326588513097746096e-06,8.185936841945876577e-06,8.033934567761318287e-06,8.010471953258483128e-06,7.853251263758691405e-06,7.686521471519522231e-06,7.700148019458720851e-06,7.504292890233005767e-06,7.325377805450864678e-06,7.140654164070814757e-06,7.140738362950930131e-06,6.953296950258400252e-06,6.762273590487714532e-06,6.722505895484931769e-06,6.575297695839530955e-06,6.381719121283471051e-06,6.187684411137354390e-06,6.197327256598917223e-06,6.004608046885916668e-06,5.813084574499677050e-06,5.825058863860387157e-06,5.636101587368042655e-06,5.449665217395121416e-06,5.370166789318021454e-06,5.280471612152037788e-06,5.101115871791976478e-06,4.925707248546056885e-06,4.940953525173887895e-06,4.770116571171574514e-06,4.603819086697624661e-06,4.516373069087490990e-06,4.458402453772189815e-06,4.301940480455642462e-06,4.150517734655556561e-06,4.166896625952181721e-06,4.020625407832003657e-06,3.879502602292080458e-06,3.794279946996174408e-06,3.759848704735447843e-06,3.628964134737306631e-06,3.546302535896792555e-06,3.519149046840152224e-06,3.398250620373891095e-06,3.282299940509520491e-06,3.297752705487703642e-06,3.186452244626179154e-06,3.079892149259949904e-06,3.005873158248104556e-06,2.992492694322033148e-06,2.894804839030367493e-06,2.801484347625062308e-06,2.815200734571836256e-06,2.725824616487436705e-06,2.640538570223632692e-06,2.576433485417144918e-06,2.571721065980145817e-06,2.493883772701464366e-06,2.419712151504227306e-06,2.431280855213847471e-06,2.360313244676219706e-06,2.292730020224672243e-06,2.303331597690742017e-06,2.238671968274233071e-06,2.177124303362641534e-06,2.126361908453028348e-06,2.127869152613727783e-06,2.071832152104099464e-06,2.018520505339841878e-06,2.026885483160936670e-06,1.975865807899649529e-06,1.927332393058737750e-06,1.884968005268467979e-06,1.888314209181184974e-06,1.844114958980399661e-06,1.802070896100254777e-06,1.808342212796445951e-06,1.768067359122594392e-06,1.729748337839168925e-06,1.735188166996597981e-06,1.698461486433132594e-06,1.663507123150985255e-06,1.630824283044896783e-06,1.634637913226698394e-06,1.602719497689967227e-06,1.572323873669785646e-06,1.576001346471584577e-06,1.546820026804383321e-06,1.519014719231903764e-06,1.491902494461620257e-06,1.495300674754729662e-06,1.469827992418385779e-06,1.445533163540074441e-06,1.447705938620863365e-06,1.424333128226786045e-06,1.402022909958031395e-06,1.379466543490275756e-06,1.382145357421047337e-06,1.361620881102620429e-06,1.340602944182718572e-06
1.804039018117783198e-06,1.859374239473504524e-06,1.858086154113815826e-06,1.916069464268057915e-06,1.976976204729704861e-06,2.042824029770070238e-06,2.039110554583334277e-06,2.106176433678258041e-06,2.177657882364509008e-06,2.174333318555932321e-06,2.248203515100325196e-06,2.325820038414801652e-06,2.406684117316386347e-06,2.404406689734718312e-06,2.489917671790365510e-06,2.577580965038648403e-06,2.576264217047537514e-06,2.670476119638525171e-06,2.769458738203882895e-06,2.868353198255619071e-06,2.869181187913079956e-06,2.978212805771158590e-06,3.085173284425303487e-06,3.087865231467318546e-06,3.207933005070123318e-06,3.323473131122046935e-06,3.328511746826920599e-06,3.460677676887999779e-06,3.599425006163313962e-06,3.728888435066783116e-06,3.738657517785329390e-06,3.891236625902479183e-06,4.030502256750751901e-06,4.044231850373997536e-06,4.211881499723061395e-06,4.387665430052021905e-06,4.542519414754932130e-06,4.563917984567406679e-06,4.756737986135914976e-06,4.922309449524327948e-06,4.950014727390656460e-06,5.161231003666041216e-06,5.337714600543947797e-06,5.372919130492004579e-06,5.603908178299874710e-06,5.845401224758986590e-06,6.038382071716776583e-06,6.087537118917223943e-06,6.350820817730335371e-06,6.554440155330914127e-06,6.614817676221980153e-06,6.901152727318633709e-06,7.199522862679198857e-06,7.418052819745707714e-06,7.498797724522105070e-06,7.821813011206741356e-06,8.048945702455176984e-06,8.145797581666800870e-06,8.494227667697042486e-06,8.855573497341678128e-06,8.843661610277681962e-06,9.217918679073477538e-06,9.605096675645648810e-06,9.845730730379444404e-06,9.993167430709632454e-06,1.040580911352047791e-05,1.064697133451856826e-05,1.081910334756377566e-05,1.125612938300378377e-05,1.170458272787686402e-05,1.193878815321684092e-05,1.215281656958959951e-05,1.262225515147504560e-05,1.284537961270296622e-05,1.309058804857182043e-05,1.357732136552927267e-05,1.407067309473652547e-05,1.426464115211025062e-05,1.456066732171451012e-05,1.506301739958619819e-05,1.522786483518667839e-05,1.556020680865199073e-05,1.606401343766572490e-05,1.619074593003604062e-05,1.656068447950131118e-05,1.705665678930670169e-05,1.754400640994471526e-05,1.759433574650676977e-05,1.802087793973685369e-05,1.848290946453894686e-05,1.846989353531908147e-05,1.893419567972260721e-05,1.935787409155557306e-05,1.975532337695936187e-05,1.962747981610696180e-05,2.014439294015738720e-05,2.048170906845694737e-05,2.026900180789296217e-05,2.082020544809166888e-05,2.108409897707270620e-05,2.130215283264744397e-05,2.136808554296580040e-05,2.154765798529747873e-05,2.167519980090191277e-05,2.124140695744272228e-05,2.186822304567532133e-05,2.190065712976598040e-05,2.139573541220079605e-05,2.205626151503838785e-05,2.199584538344979265e-05,2.187808073331682092e-05,2.129504648188942502e-05,2.199717826299293203e-05,2.180206440574226722e-05,2.121604717881241605e-05,2.196049498024860847e-05,2.171208560016711314e-05,2.142650673905909808e-05,2.089392016191259557e-05,2.168859846267685545e-05,2.139845631049128874e-05,2.097264358849173301e-05,2.181884232552059271e-05,2.156483195151595418e-05,2.128846419899483206e-05,2.218419051979353450e-05,2.200576219659112391e-05,2.185839627178356851e-05,2.184068150077193350e-05,2.277309089104051000e-05,2.275029946809054091e-05,2.292857669142519232e-05,2.387322539289157944e-05,2.398403525859069032e-05,2.415921278221292107e-05,2.458087344911329418e-05,2.548187882474005711e-05,2.576938950095419167e-05,2.628397862068884466e-05,2.709805821164979533e-05,2.744216013784289281e-05,2.781869131066435353e-05,2.862947886393891247e-05,2.895268453628605703e-05,2.927668119900313538e-05,2.967094192439299449e-05,3.005906960679354279e-05,3.024435707669459857e-05,3.042731235364516155e-05,3.054831734737221651e-05,3.052789078834078297e-05,3.052789078834078297e-05,3.044513417852825061e-05,3.027640537592383432e-05,3.002652167054578784e-05,2.970417130780095809e-05,2.925736909945874146e-05,2.875238379525955543e-05,2.821815988905416856e-05,2.763716652212691832e-05,2.682637896885235938e-05,2.613975265612592268e-05,2.543061246312551597e-05,2.451102627604704554e-05,2.368146979293755947e-05,2.291964455373895668e-05,2.190830738087487072e-05,2.107237042685374242e-05,2.032758267305016651e-05,1.960892749758026045e-05,1.857611721275736612e-05,1.784784964782084674e-05,1.721093112561358641e-05,1.622483669173236276e-05,1.562418920185114482e-05,1.509652744515849314e-05,1.460613359834901984e-05,1.373033157902365504e-05,1.333290585998629283e-05,1.295608926488722926e-05,1.218650694250133350e-05,1.193518011892119044e-05,1.166141812160427738e-05,1.100031173634981758e-05,1.087733840303472803e-05,1.068709566197262756e-05,1.050906098216221361e-05,9.975035557999797372e-06,9.975774610688284010e-06,9.848890176473662299e-06,9.398487220844285709e-06,9.461066522610756744e-06,9.363009068648506467e-06,9.259475153145276316e-06,8.894227090677562958e-06,8.990213647993128317e-06,8.892282007512172901e-06,8.577292067082320742e-06,8.679557164486413669e-06,8.575208135390062107e-06,8.458809741010443796e-06,8.393064697994939618e-06,8.275100108489236647e-06,8.144979764560549270e-06,7.909316498785380961e-06,7.971159412601702302e-06,7.825462002730445524e-06,7.613995633796432900e-06,7.652886682878122233e-06,7.492509864540606118e-06,7.324186874145916391e-06,7.142125158366891238e-06,7.144973546405197434e-06,6.966849646882009305e-06,6.803619000937701747e-06,6.785966905407482595e-06,6.601507046562807404e-06,6.414627506523972887e-06,6.276941391093073569e-06,6.233360605719251711e-06,6.045642901317498295e-06,5.924353427043969604e-06,5.867913868347146377e-06,5.682368997973650915e-06,5.576491812409594895e-06,5.510206878814581371e-06,5.329333249178483994e-06,5.151334254546937728e-06,5.066376245897141311e-06,4.990168605844308497e-06,4.819623767461055188e-06,4.747364275745578481e-06,4.667544512139882721e-06,4.505620206497133306e-06,4.348220674188411009e-06,4.292647422704714961e-06,4.210658571828596366e-06,4.062894062822925911e-06,4.017009357150270202e-06,3.935366213153084888e-06,3.797461502429639636e-06,3.664507581689544213e-06,3.679805408845899656e-06,3.551736453993020145e-06,3.428566555480673409e-06,3.401921711992471123e-06,3.325163195726463684e-06,3.211486142216596913e-06,3.190721238486009682e-06,3.116924929008410905e-06,3.012336303184887833e-06,2.912223746128440050e-06,2.898719688647683887e-06,2.830052310677757888e-06,2.738306167465084331e-06,2.728604830152762775e-06,2.663496423878047312e-06,2.579573991172426296e-06,2.499493862943486207e-06,2.494395499691765111e-06,2.434851108611300148e-06,2.361769218965037687e-06,2.358948002955274270e-06,2.302984422421711280e-06,2.236351732946148210e-06,2.235333636421139329e-06,2.182864123554512105e-06,2.122150214775806598e-06,2.064352129467096716e-06,2.065448736175897750e-06,2.018136346909783819e-06,1.965506925898602105e-06,1.967509621383499536e-06,1.923350577159717223e-06,1.875426655909472293e-06,1.829831808563816061e-06,1.832855054696225581e-06,1.793254914845933477e-06,1.751725391200605764e-06,1.755077211784216307e-06,1.718206947804252087e-06,1.680358874913953353e-06,1.683878880366494985e-06,1.649567159345902459e-06,1.615048194834411640e-06,1.582190856418494141e-06,1.585847275570456987e-06,1.555173722758880664e-06,1.525166164050026930e-06,1.528710154928352833e-06,1.500175960698324336e-06,1.472738278807421496e-06,1.446591960036160155e-06,1.449942802254719879e-06,1.424429410430075084e-06,1.400474311255773736e-06,1.403562921279051257e-06,1.379810999851399498e-06,1.357828944697044281e-06,1.336845231604327854e-06,1.338499326130745324e-06,1.318293532334226054e-06
1.831509967804128829e-06,1.827508544040242267e-06,1.885076021616725862e-06,1.947500852367753868e-06,2.010635902734371074e-06,2.007046166501456612e-06,2.074793003690103735e-06,2.144228144636663601e-06,2.141064864297244770e-06,2.214557127225737198e-06,2.290933807786763463e-06,2.371120526634319861e-06,2.369059069010445581e-06,2.452092501773520231e-06,2.540297617542847522e-06,2.539236404350274908e-06,2.629164720106788926e-06,2.726180099913615837e-06,2.828009514234610617e-06,2.829144640424142733e-06,2.930419677398983062e-06,3.042372701595473323e-06,3.045405929574107398e-06,3.154800723493854125e-06,3.277831755688604623e-06,3.283240453395961922e-06,3.401241859540302890e-06,3.536370154272139487e-06,3.678052655333366207e-06,3.688210352479845405e-06,3.820101401738472508e-06,3.975526531687994981e-06,3.989645730951894319e-06,4.131261009004839163e-06,4.301590698119319372e-06,4.479927627975442754e-06,4.501671155913156684e-06,4.658630312554229341e-06,4.853686391003178152e-06,4.881680031577006760e-06,5.049101063285436352e-06,5.262109465754460623e-06,5.297510980088410879e-06,5.475491440122606113e-06,5.707676259740583738e-06,5.949987123027635909e-06,5.999106211467500839e-06,6.192814311710759062e-06,6.456035154611187571e-06,6.516157051730389443e-06,6.719820864968429604e-06,7.004982753453018913e-06,7.301511338240760369e-06,7.381523109490685598e-06,7.598723215110671439e-06,7.918373782920186358e-06,8.014069925839742661e-06,8.238714424452720701e-06,8.581934498357399137e-06,8.695493350216789428e-06,9.060354112340163440e-06,9.292644599336449403e-06,9.671142552434723377e-06,9.815864131772072140e-06,1.005000961623805826e-05,1.045116271505847190e-05,1.061972292907481990e-05,1.085231815628701675e-05,1.127461236342605384e-05,1.170653272605727211e-05,1.191541775209649940e-05,1.213735386485291260e-05,1.258635221023614131e-05,1.282516901487242708e-05,1.303321643070876381e-05,1.349518268540612663e-05,1.396145332248033539e-05,1.424893317674857482e-05,1.442314861590041114e-05,1.489358394103983944e-05,1.521575569553180368e-05,1.535759951108012144e-05,1.582447270011230845e-05,1.618249162419954632e-05,1.628303363898396942e-05,1.673706493249267044e-05,1.718001988687315563e-05,1.759189538517979266e-05,1.761170110204512764e-05,1.802501198474391056e-05,1.847269113567459896e-05,1.842730528186767148e-05,1.879844171939260879e-05,1.914186665319330701e-05,1.963924890746210857e-05,1.947850352678287298e-05,1.976017131301401728e-05,2.028965294436677234e-05,2.004625236157731491e-05,2.025484586286547132e-05,2.081529325841961959e-05,2.098865088982860018e-05,2.061573602348445091e-05,2.069297834423866183e-05,2.129181464842509004e-05,2.084383871193564334e-05,2.083286381955222417e-05,2.146173763675453738e-05,2.095473754540336855e-05,2.086055144773599578e-05,2.071498060017484011e-05,2.137996003423585118e-05,2.081645917945380714e-05,2.060673513775099580e-05,2.130870867283207341e-05,2.075859304462486927e-05,2.050992564467319488e-05,2.023227309841236260e-05,2.097783224449078677e-05,2.050337556210668564e-05,2.023510193304208033e-05,2.102728348165319109e-05,2.066959746147805889e-05,2.044889213658856704e-05,2.128759673580383832e-05,2.108241582127225042e-05,2.094470945020567289e-05,2.084163736311600939e-05,2.171854063399272769e-05,2.176386560189747646e-05,2.178476179065109546e-05,2.268049029145397110e-05,2.290266676518432003e-05,2.305113660113970489e-05,2.326007914988332062e-05,2.412997601541779744e-05,2.455710969186535131e-05,2.486638763361223624e-05,2.567061812738491943e-05,2.615721826626837818e-05,2.651112236216042695e-05,2.719545130079881800e-05,2.752866682242451565e-05,2.798056893592144214e-05,2.830146342109990772e-05,2.874526947537603118e-05,2.904960848646754456e-05,2.923210971796332932e-05,2.943573208705742048e-05,2.952312085625287378e-05,2.950659108147120512e-05,2.950659108147120512e-05,2.942933451671339389e-05,2.928482510933609324e-05,2.903443317159404321e-05,2.872826856194019690e-05,2.833169665044177815e-05,2.782785717049466497e-05,2.731845390451930226e-05,2.671543488351675835e-05,2.611398800407403690e-05,2.534025806868677624e-05,2.465891445886497486e-05,2.389766578274312030e-05,2.299017297638210412e-05,2.225346798385048890e-05,2.145740994717937398e-05,2.048217203470360925e-05,1.975637084164721095e-05,1.905405158241008692e-05,1.832803081278614490e-05,1.735201304577849680e-05,1.672422815053560153e-05,1.610269582495316035e-05,1.518041328825103122e-05,1.465549607720917370e-05,1.416707163652011410e-05,1.372946411583198537e-05,1.291725983281018189e-05,1.253902089452895039e-05,1.224114683551542479e-05,1.152977790856582313e-05,1.125358250121722252e-05,1.108422381162329828e-05,1.047351735423954666e-05,1.028204306309219278e-05,1.010483916214748514e-05,1.006769675158559109e-05,9.572892702829920619e-06,9.449984011356240741e-06,9.483398469478857340e-06,9.064210031862592135e-06,8.973971329828009055e-06,8.880341841663997568e-06,8.960211541897198083e-06,8.617610164271920768e-06,8.533115390192336420e-06,8.627642516304255774e-06,8.330315218106530098e-06,8.242311393828650622e-06,8.335224610736779283e-06,8.225550886929752065e-06,7.973591782388757872e-06,7.862339404232029734e-06,7.929573763496862828e-06,7.704369694837115729e-06,7.578114774727067605e-06,7.625056262068485162e-06,7.422194719116309340e-06,7.280985632898990598e-06,7.131353255205262736e-06,7.143595697267095373e-06,6.968213049874532561e-06,6.807520441783449121e-06,6.799240061389621184e-06,6.641576840974993285e-06,6.473011431715426230e-06,6.301111986162429339e-06,6.265766311961639558e-06,6.132294302735866236e-06,5.957691227019440449e-06,5.908495147729783814e-06,5.790605424326679716e-06,5.616285007509232238e-06,5.556161242190616363e-06,5.452962202036531717e-06,5.281491142346384396e-06,5.112018927828028999e-06,5.040360547424965095e-06,4.957173223997744365e-06,4.793539269697778089e-06,4.717323654935979207e-06,4.646325935596732640e-06,4.489870277119737909e-06,4.337269901415452658e-06,4.257646059160298454e-06,4.202725074996762662e-06,4.058587927654462044e-06,3.978651661247144314e-06,3.933106591319869672e-06,3.797832825845525485e-06,3.718717380685773559e-06,3.588699128819958234e-06,3.555159691384689612e-06,3.433405100246715602e-06,3.357135421509737721e-06,3.330319699223241991e-06,3.217438519061840570e-06,3.143811397562130475e-06,3.122765374032755563e-06,3.018475293819551426e-06,2.918433103026961265e-06,2.849558390012394465e-06,2.835666044422654065e-06,2.743646364752770382e-06,2.678168721540400216e-06,2.668054199198914998e-06,2.583597136916273563e-06,2.502861600382732513e-06,2.442768024275618361e-06,2.437246127371499621e-06,2.363348587633945775e-06,2.306773743260262547e-06,2.303551434448786925e-06,2.235994727794383385e-06,2.182878353414065734e-06,2.181492382054168068e-06,2.119788178461146031e-06,2.060968025508049720e-06,2.012982837597340695e-06,2.013762608707769705e-06,1.960094152418966263e-06,1.915272870697223053e-06,1.917005941502003266e-06,1.868049402550359237e-06,1.821423755271704164e-06,1.781190270590380327e-06,1.784007362528274555e-06,1.741479830233470305e-06,1.704009971948759246e-06,1.707204361246624632e-06,1.668402380162570546e-06,1.633529219600188186e-06,1.636938705765982541e-06,1.601517877975259533e-06,1.567782159349732516e-06,1.536607116542533934e-06,1.540212150372522036e-06,1.509386135447892706e-06,1.480393957565388183e-06,1.483927189482121143e-06,1.455733003612931319e-06,1.428858710166266562e-06,1.402951886291836426e-06,1.406341904294377569e-06,1.381721756156105821e-06,1.357618786168456318e-06,1.360779271210079248e-06,1.338193870529930232e-06,1.315758988485181166e-06,1.295069956520031605e-06,1.297905578666267017e-06
1.798324973430634157e-06,1.857539036970275969e-06,1.917233321863556971e-06,1.979883398171632178e-06,1.977791462128587741e-06,2.043408501224805953e-06,2.112279088153768283e-06,2.109770273072256314e-06,2.181909738570989764e-06,2.257627177430600637e-06,2.335551786759227758e-06,2.333990223751538260e-06,2.417236384332483484e-06,2.504601629028738558e-06,2.501016064948175987e-06,2.592531028818670960e-06,2.688561785927415261e-06,2.783324983061595589e-06,2.785056183571575930e-06,2.890583316749961646e-06,3.001279584658444892e-06,2.996481527270596146e-06,3.112397790268122642e-06,3.233955820807583353e-06,3.228603332964342466e-06,3.355862947018200493e-06,3.489266297386819007e-06,3.612208988227343966e-06,3.622960402692864494e-06,3.769249891520241794e-06,3.922486386060384648e-06,3.915789338359037706e-06,4.076057297259279565e-06,4.243834877703476236e-06,4.389827368691638033e-06,4.411936201687982589e-06,4.595404743910855214e-06,4.787251424964873726e-06,4.779208834468774699e-06,4.979538811403403466e-06,5.188829113595617714e-06,5.180239890779606201e-06,5.398601011750390547e-06,5.626491772521693152e-06,5.806408503197241827e-06,5.854925241462214894e-06,6.102526464704149378e-06,6.360443466442712817e-06,6.350747915723739137e-06,6.619080909859989974e-06,6.898177598124983657e-06,7.100149428515427328e-06,7.178065204093395891e-06,7.479123154987278759e-06,7.791414712230197785e-06,7.781028220152809828e-06,8.104582674917652541e-06,8.439497412094340600e-06,8.429004783926545821e-06,8.775255772136407608e-06,9.132783817250344076e-06,9.501441080622355061e-06,9.491036385913243409e-06,9.870666794974968625e-06,1.026091215731370314e-05,1.025077430008803777e-05,1.065136226103819737e-05,1.106167489553833983e-05,1.127329964625866090e-05,1.147162051739139718e-05,1.189961659645557076e-05,1.233510535468734903e-05,1.232641543245556515e-05,1.276868385053456493e-05,1.321625210825405600e-05,1.338985001465328904e-05,1.366057387408956358e-05,1.411495763384728061e-05,1.457005491994403103e-05,1.456447918978320209e-05,1.501902329449371911e-05,1.547029635931608809e-05,1.546695056207419026e-05,1.591355200680773756e-05,1.635212010159952194e-05,1.639660059248493852e-05,1.678112792546879601e-05,1.719668323960037008e-05,1.759573003987955156e-05,1.760236764156805254e-05,1.798375795257261335e-05,1.834208256041791881e-05,1.822953970882732689e-05,1.869229676756630461e-05,1.899789240245306607e-05,1.927011152433394722e-05,1.930307702589124794e-05,1.954455700874501708e-05,1.974629507718202227e-05,1.980090469491627524e-05,1.996878888063758842e-05,2.009156820792993759e-05,2.016644931716867286e-05,2.026588045807795949e-05,2.030525233233753299e-05,2.029403274606789731e-05,2.044298284470134138e-05,2.040002436130561382e-05,2.030660047004700854e-05,1.978294470346198447e-05,2.040432358633019572e-05,2.023996522263581726e-05,2.003087597745550587e-05,2.036308922770841082e-05,2.014683463120921111e-05,1.989528499888452677e-05,1.939262266232327932e-05,2.009405611555960139e-05,1.982997177087220228e-05,1.955115484541019232e-05,2.015655420155202879e-05,1.991424142904909159e-05,1.967483572598650366e-05,2.040790545482517481e-05,2.022210343446522381e-05,2.005741170458819124e-05,1.997262901941523029e-05,2.080888075194885234e-05,2.074698555185478790e-05,2.073121631831937201e-05,2.169698908296005589e-05,2.175258247461071039e-05,2.186318395069618121e-05,2.218732639050962708e-05,2.303225289850151692e-05,2.325621712795224394e-05,2.353519059097997006e-05,2.448717911484509175e-05,2.478789513668544915e-05,2.512849238064697726e-05,2.596502315220411178e-05,2.628459934970281368e-05,2.662016047831916338e-05,2.696098387677124238e-05,2.754209141206042806e-05,2.779711458057728700e-05,2.802856766510784884e-05,2.835779228897418675e-05,2.846297022158840280e-05,2.852117337240940592e-05,2.853456074698576599e-05,2.853456074698576599e-05,2.847703911133877289e-05,2.832579645535413630e-05,2.811346514699891087e-05,2.778424052313257297e-05,2.742276135255187483e-05,2.700701221247498959e-05,2.642590467718579714e-05,2.588705186346555668e-05,2.531100342490016661e-05,2.470493178142285873e-05,2.386840100986572082e-05,2.319343955628663220e-05,2.251033800207704428e-05,2.155834947821192260e-05,2.085047939331029167e-05,2.015417510354547068e-05,1.921437142602754096e-05,1.847378741384672211e-05,1.781854311047449902e-05,1.719158432750345888e-05,1.622581156286277839e-05,1.565077666928098635e-05,1.511012382118695911e-05,1.424373055540462560e-05,1.375220484529516718e-05,1.331428992822164019e-05,1.290876155235573377e-05,1.217569182352418278e-05,1.184198360053513942e-05,1.153570358056357867e-05,1.093030422515939271e-05,1.069061398804492504e-05,1.047103311992554757e-05,9.905853680739670674e-06,9.827352461001624136e-06,9.675814166004140829e-06,9.533040625290808772e-06,9.200827965150782636e-06,9.096399575653908270e-06,8.993468057879408257e-06,8.606219762409928560e-06,8.674739770065640170e-06,8.592892604232992706e-06,8.505259362353370588e-06,8.356330926975278495e-06,8.280150556372885653e-06,8.194703809012629498e-06,8.095333099083881800e-06,8.013572921199188425e-06,7.920722129044175676e-06,7.817041939138221016e-06,7.762605645666596351e-06,7.656752919065699372e-06,7.540112328745819987e-06,7.507466255308111410e-06,7.386399399069373014e-06,7.255536020270103600e-06,7.066968797929995220e-06,7.101615238697076264e-06,6.957483373551510373e-06,6.806267910115876028e-06,6.800504725824581950e-06,6.645434383201978223e-06,6.485232565792553950e-06,6.338013484320391403e-06,6.322313971377379837e-06,6.156141336791433959e-06,5.987643234419520158e-06,5.992597408718634545e-06,5.823605914561788343e-06,5.653918263271071778e-06,5.661415225418666553e-06,5.492489413245094871e-06,5.324262496969909800e-06,5.226945551087941975e-06,5.167278705914454863e-06,5.002739413727294792e-06,4.840532624933943865e-06,4.851754190537088263e-06,4.692667486988883846e-06,4.536679760680878507e-06,4.469080967255617822e-06,4.396550848151040345e-06,4.247885095761547263e-06,4.103088737979990710e-06,4.116116977707918301e-06,3.975503940375823213e-06,3.839044787388934605e-06,3.852410124295030513e-06,3.720267672959001623e-06,3.592425194882193945e-06,3.468923679779759017e-06,3.482399057668299859e-06,3.363227501875992965e-06,3.248385689687745614e-06,3.261724005996557327e-06,3.151103942290645273e-06,3.044728123697267247e-06,3.023953562236912230e-06,2.955454122997860010e-06,2.857240764995706711e-06,2.763051774918722890e-06,2.775502365932191463e-06,2.685071659166965154e-06,2.598470651955500737e-06,2.588175748436851485e-06,2.527282946598563564e-06,2.447820661537166670e-06,2.371864298041549492e-06,2.382894151066941167e-06,2.310102394169366059e-06,2.240587019026154909e-06,2.250914911296873511e-06,2.184320854187420481e-06,2.120772740266829663e-06,2.119010384448287036e-06,2.069505911677591415e-06,2.011461963076106242e-06,1.956126532642274485e-06,1.964726545049991096e-06,1.911740753087038323e-06,1.861247708698807387e-06,1.862623948264778489e-06,1.820748058875112557e-06,1.774683229322475151e-06,1.730806377402150661e-06,1.737679773474106473e-06,1.695654406260622206e-06,1.655628938660166913e-06,1.661790362982744033e-06,1.623442090714793523e-06,1.586918123909902478e-06,1.590091004972948850e-06,1.557385711310501583e-06,1.524039967743397798e-06,1.492276858228752474e-06,1.496881259540558965e-06,1.466416367220299745e-06,1.437389349473558548e-06,1.440785349021597582e-06,1.413522017433023391e-06,1.386970333765466085e-06,1.361659332160098217e-06,1.364881026485642998e-06,1.340566925003901548e-06,1.317377022074547745e-06,1.320063381276124388e-06,1.297770636440993183e-06,1.276495831612614031e-06,1.255291075567148269e-06
1.827231842671841277e-06,1.888314435805608742e-06,1.951374518608868631e-06,1.948304709899090406e-06,2.013412799457250424e-06,2.081706325357305053e-06,2.079147095757595139e-06,2.150691637368157424e-06,2.224609796406069091e-06,2.302715916548577206e-06,2.301375949137247714e-06,2.381324807093018470e-06,2.467059648236150467e-06,2.466798828557267870e-06,2.557423026043982773e-06,2.647283862016856967e-06,2.745917588068441214e-06,2.747945110925059858e-06,2.844896735009622062e-06,2.953074807607487298e-06,2.957050686502879728e-06,3.071631776764385845e-06,3.180100123776399264e-06,3.186480435018777211e-06,3.312175529742336589e-06,3.428776335528363822e-06,3.564779055967814434e-06,3.575878548598588909e-06,3.700989647692515972e-06,3.849766179084171568e-06,3.864762466071352194e-06,4.022712406550269812e-06,4.161289449503290488e-06,4.331235216224674624e-06,4.353627677934225294e-06,4.501432895636344733e-06,4.686743540969081423e-06,4.715145721539784572e-06,4.912094046112386608e-06,5.074048999291679619e-06,5.109516718454175502e-06,5.323969932956515303e-06,5.495254777814081136e-06,5.723600087117031714e-06,5.772010611134956509e-06,5.952386172079811881e-06,6.199604385984102392e-06,6.258313623068844133e-06,6.521115805001783606e-06,6.714226345660904425e-06,6.991278479417848818e-06,7.068427363207124333e-06,7.268927150932679412e-06,7.566536683803077524e-06,7.658115313778471095e-06,7.974071900223663018e-06,8.183167050057036201e-06,8.291071846470510556e-06,8.628786987913619682e-06,8.841264643448613339e-06,9.190535125100091949e-06,9.326685553169708557e-06,9.696282935631241412e-06,9.908929887632991748e-06,1.006653232986950045e-05,1.045606482101490853e-05,1.066465425750711028e-05,1.105975606810423573e-05,1.125337696444002047e-05,1.145371401531676644e-05,1.186308428441132526e-05,1.208326495984299053e-05,1.251208937404842299e-05,1.269024329957056278e-05,1.311343398949148583e-05,1.337652610886961655e-05,1.353232282928631548e-05,1.395817457706242382e-05,1.425169149410445199e-05,1.469135191430414530e-05,1.479980199141119159e-05,1.512463614572485198e-05,1.555629087073828043e-05,1.562341539034836551e-05,1.602281556010657691e-05,1.639453166871847326e-05,1.641196846391850919e-05,1.678468755437187283e-05,1.718747166212439620e-05,1.755577559702913032e-05,1.748256810217376270e-05,1.779352058356732636e-05,1.823939630444070315e-05,1.809765229553221094e-05,1.835442622897705741e-05,1.882804163147806700e-05,1.906146907495491339e-05,1.880624761857193716e-05,1.930653261996231963e-05,1.946881057430794844e-05,1.913953020050076985e-05,1.921752703354390139e-05,1.975094026403208605e-05,1.978872451898736106e-05,1.935392243253247324e-05,1.991292305446898896e-05,1.986991273390418272e-05,1.938614086340237399e-05,1.926607894233150426e-05,1.985605340642211813e-05,1.934615942194290567e-05,1.916604132135669175e-05,1.978756226586814089e-05,1.957038238547664303e-05,1.906111826846611896e-05,1.881272631549250324e-05,1.947242398787149017e-05,1.901743372686501881e-05,1.876868590086149568e-05,1.946998019209700653e-05,1.921476867975313577e-05,1.889024589076510985e-05,1.963503759977880080e-05,1.942880007432666277e-05,1.924454883079299101e-05,1.911717028645421517e-05,1.990297117734824808e-05,1.987847234626434096e-05,1.985529891228331108e-05,2.066815664909241588e-05,2.068927910877299409e-05,2.089683624554485443e-05,2.104074415816060791e-05,2.185068343364174711e-05,2.219329806918926386e-05,2.244143894753840963e-05,2.321552820023703510e-05,2.349383457910099473e-05,2.395805006001816960e-05,2.465239505877994723e-05,2.496786065209650611e-05,2.542297915756906981e-05,2.575853233247540224e-05,2.627580370923441707e-05,2.655944239229142742e-05,2.689550960219549026e-05,2.722220975956607164e-05,2.738232070060158958e-05,2.753692426040848170e-05,2.759503192907697259e-05,2.762280813143587214e-05,2.762280813143587214e-05,2.755481144822800182e-05,2.741204635092608916e-05,2.720265260716870202e-05,2.693076071617436337e-05,2.655607735995047121e-05,2.613085865230828475e-05,2.567785390584296148e-05,2.509644614701327277e-05,2.454489229739660597e-05,2.391330849222388533e-05,2.330366151405368930e-05,2.252164763567346634e-05,2.180497022589915714e-05,2.114103594631188882e-05,2.027255899648325560e-05,1.959611755042858577e-05,1.887772846915965422e-05,1.797827810486968226e-05,1.733680510835865161e-05,1.667674580454321881e-05,1.609746545226275647e-05,1.522640866444660374e-05,1.469131815787623183e-05,1.417407271333764000e-05,1.336507432980296659e-05,1.292780546782210281e-05,1.253483651137439261e-05,1.217381850007456685e-05,1.147187163215766822e-05,1.120520188389351392e-05,1.093677250826771393e-05,1.032584073573113041e-05,1.010417027165367313e-05,9.985654990169837253e-06,9.462411888598320521e-06,9.310317204747468222e-06,9.279912133714830316e-06,9.157837044436588657e-06,8.733095510719263420e-06,8.634381860999258029e-06,8.679325566263444876e-06,8.317780406893406813e-06,8.243516735069291712e-06,8.322383123296941813e-06,8.244343547091244600e-06,7.946386450452571008e-06,8.040221455384086367e-06,7.961801023975038845e-06,7.701349572116245214e-06,7.623182121432724534e-06,7.708015529309390263e-06,7.609984623222488241e-06,7.387380382749065092e-06,7.459479741989489910e-06,7.348009955083178212e-06,7.147884761903443526e-06,7.034156783268246825e-06,7.076199310150712936e-06,6.895018295155743980e-06,6.767754577646916016e-06,6.789848368928820646e-06,6.644034427348583587e-06,6.486406527055782963e-06,6.341578592773534879e-06,6.334279943587441328e-06,6.191929618174051330e-06,6.039824144895194062e-06,6.016086391325176118e-06,5.853079085975566982e-06,5.731720538068495606e-06,5.694020488135198130e-06,5.529663220714503379e-06,5.421895402539054065e-06,5.263747233682329743e-06,5.209690594087532216e-06,5.114799011703243645e-06,4.958767401369560132e-06,4.897130623604673847e-06,4.739523123050726498e-06,4.662286653257178681e-06,4.512639787970605117e-06,4.443468977080182163e-06,4.377068419397978312e-06,4.233475321253574502e-06,4.161650643243001155e-06,4.020481483631566975e-06,3.968483317594008681e-06,3.895447191974534050e-06,3.762226723430992186e-06,3.718708969407999145e-06,3.593406955573819618e-06,3.520663799000675606e-06,3.399851439462490550e-06,3.367285882497690477e-06,3.295857269721843138e-06,3.183375263023641573e-06,3.157015827259610872e-06,3.051500565481043311e-06,2.983217429213532869e-06,2.962232110016276586e-06,2.864412949446378226e-06,2.798740608041766680e-06,2.706215072393493880e-06,2.691955290546222788e-06,2.605204069763084675e-06,2.544003676723282185e-06,2.533353377322712702e-06,2.453485324611228305e-06,2.395394959622918194e-06,2.320592116119489723e-06,2.314374464715785971e-06,2.259443952920412368e-06,2.190928783843390677e-06,2.186980469185653707e-06,2.122629639407832239e-06,2.072524558881084938e-06,2.070417840096134884e-06,2.011495556960335574e-06,1.964458483621271409e-06,1.909822266667004564e-06,1.909915995250342092e-06,1.858480158511133026e-06,1.815970222290899529e-06,1.817077258237299055e-06,1.770064086735339114e-06,1.730341172423412961e-06,1.686967522564972917e-06,1.689250247279960176e-06,1.652177092978181124e-06,1.612601670446061258e-06,1.615342419236492285e-06,1.577919975777001851e-06,1.544657950084670198e-06,1.547696101786395513e-06,1.513493231848119376e-06,1.482514436655168606e-06,1.451100101378334478e-06,1.454443190250121812e-06,1.424627894062649154e-06,1.396898454786611359e-06,1.400248480813842014e-06,1.372961885015608636e-06,1.347154533716768513e-06,1.322132148212901471e-06,1.325439822883254278e-06,1.301420086292130186e-06,1.278504288216773318e-06,1.281650436208061929e-06,1.259289937995021229e-06,1.237576854835936092e-06
1.859406865651584921e-06,1.922384214008205763e-06,1.920121748581409085e-06,1.984951814358768811e-06,2.052240031680588504e-06,2.049863590596139578e-06,2.120019381501697541e-06,2.193853162792812677e-06,2.271260851906867077e-06,2.268082894767540527e-06,2.349090423319068602e-06,2.434008014492872343e-06,2.430402925499868845e-06,2.519262484859464035e-06,2.612393544703805235e-06,2.709987344317692978e-06,2.705783451893623357e-06,2.807883052017346574e-06,2.914844819619362857e-06,2.910172701546712833e-06,3.022047278595186135e-06,3.139208144993559748e-06,3.145924187789204304e-06,3.256560745019980331e-06,3.384800345807825971e-06,3.519005509962849110e-06,3.513197425254605361e-06,3.653439824305175886e-06,3.800124628509430837e-06,3.793822558833645044e-06,3.947029777738877413e-06,4.107170701406349398e-06,4.274493828400756234e-06,4.267542046943233510e-06,4.442137708162112142e-06,4.624415485731623318e-06,4.616993968522218834e-06,4.807049675426524056e-06,5.005281662513407776e-06,5.040848062312623074e-06,5.203923739984776689e-06,5.419082864254447867e-06,5.643117089416547793e-06,5.634721465469616944e-06,5.867723777601758377e-06,6.110016418570591037e-06,6.101285989786402571e-06,6.352952397306247303e-06,6.614257023919945533e-06,6.885335324159788302e-06,6.876270914000265834e-06,7.157170339702136034e-06,7.448035184385695852e-06,7.438825429376333836e-06,7.739667385208071469e-06,8.050518097911953092e-06,8.156786539786126160e-06,8.362091705733355019e-06,8.692771807022598761e-06,9.033142203812105390e-06,9.024045033541855981e-06,9.373944555020868451e-06,9.732999600334823714e-06,9.887341244871600588e-06,1.009212939699824084e-05,1.046836323450173726e-05,1.085229880263059818e-05,1.084412497309634145e-05,1.123527837242945558e-05,1.163264512608922542e-05,1.162518219208250427e-05,1.202811001191728594e-05,1.243526330253898935e-05,1.284542364630332026e-05,1.283929883982912049e-05,1.325151797144915633e-05,1.366388543862824483e-05,1.365916630593709931e-05,1.407056226616692535e-05,1.447861397849574155e-05,1.479336976901255263e-05,1.487929957778557864e-05,1.527529790822357406e-05,1.566144885145912146e-05,1.566255062756431995e-05,1.603757944486109026e-05,1.639783841320821960e-05,1.640351932952950642e-05,1.674798522334640160e-05,1.707206562106197497e-05,1.737273125407228812e-05,1.738833985682491329e-05,1.766594318650194440e-05,1.791436079819127894e-05,1.794195827102833436e-05,1.816327495690209731e-05,1.834994411847419912e-05,1.883066108807819497e-05,1.855214737500810972e-05,1.866958752073724433e-05,1.874528225911226663e-05,1.882758379318509018e-05,1.887155892036670421e-05,1.887125523207020238e-05,1.940525566665144569e-05,1.896502018461915234e-05,1.889123131593391212e-05,1.877291701635711520e-05,1.897217841168441697e-05,1.883348065166521519e-05,1.865429296698060873e-05,1.892923254408455873e-05,1.874072317424670976e-05,1.851907185225325632e-05,1.826840978389722292e-05,1.866845973639348378e-05,1.842885599990412806e-05,1.817250149718400171e-05,1.868072351954798205e-05,1.845202892489636499e-05,1.822118841090610610e-05,1.891984478846535730e-05,1.865561117904598515e-05,1.848158043307001391e-05,1.832941414916472396e-05,1.909480548617268578e-05,1.900451585838675825e-05,1.895029556651521528e-05,1.980135855989544424e-05,1.981239875647459973e-05,1.986945735275466948e-05,1.997771559998875226e-05,2.088833345789133203e-05,2.105365444366617334e-05,2.127024447687855195e-05,2.216899297052925537e-05,2.242033210752464626e-05,2.271427567046221951e-05,2.340376633423122340e-05,2.383971824898657900e-05,2.416134756462650832e-05,2.450085088133056258e-05,2.514635725033428500e-05,2.543341977111946735e-05,2.571368268208160362e-05,2.608876923277371566e-05,2.634850064797218856e-05,2.650604734794195306e-05,2.662456891875483015e-05,2.675203535241574512e-05,2.673916813479305108e-05,2.673916813479305108e-05,2.667420968330376635e-05,2.654674324964284460e-05,2.634249910941250742e-05,2.608373323864881147e-05,2.574933699052869661e-05,2.532517710132458139e-05,2.489246039649927681e-05,2.441906419406217649e-05,2.377355782505845408e-05,2.320986803472035006e-05,2.262352732731009371e-05,2.196736390988652353e-05,2.119153700992431220e-05,2.054926989144947641e-05,1.990922755218940747e-05,1.901047905853870404e-05,1.836745583114152510e-05,1.774175020419078687e-05,1.683113234628820371e-05,1.623328428819920165e-05,1.566295551127705503e-05,1.512106130612915895e-05,1.426999831274892660e-05,1.378223594996303645e-05,1.332601940711627705e-05,1.256062807010832878e-05,1.216832467577351458e-05,1.180626279523282540e-05,1.150147052984612836e-05,1.085009683445175215e-05,1.057902736131012872e-05,1.033054899897842014e-05,9.822326978704625736e-06,9.630506449647645149e-06,9.454514474570890523e-06,9.054464564973941433e-06,8.924999305522324998e-06,8.804195823819225820e-06,8.689466672521560324e-06,8.414527915006910316e-06,8.330615246197229875e-06,8.246697192208826807e-06,8.047440047802415831e-06,7.983452728566730613e-06,7.914619440872696141e-06,7.997699948413917808e-06,7.716901933573395452e-06,7.650516004140725090e-06,7.575480272125342397e-06,7.493237654359305555e-06,7.420257867920350926e-06,7.337251201374272885e-06,7.411620041265639346e-06,7.199195624390903845e-06,7.103863822289055208e-06,6.998919550331164474e-06,6.971607962276293004e-06,6.862361713379056628e-06,6.744414736451167283e-06,6.729265542118044880e-06,6.606588860449826397e-06,6.476612930297029955e-06,6.340295275344666179e-06,6.335370503880117825e-06,6.195449266800323948e-06,6.050876796608453472e-06,6.050788891452364921e-06,5.903657907221569204e-06,5.753467570503920171e-06,5.722984876532826788e-06,5.605223816914696612e-06,5.452169917009210749e-06,5.298314701543752398e-06,5.304678719990819963e-06,5.151295032967310674e-06,4.998338877599044105e-06,5.006357616834659945e-06,4.854846102989538863e-06,4.704777576324643391e-06,4.556596548309145317e-06,4.566239016036482214e-06,4.420658811056789816e-06,4.277667023863462054e-06,4.288191188953148058e-06,4.148320066714951182e-06,4.011554112443181441e-06,3.940750116859842968e-06,3.889430747049177275e-06,3.759604618255046695e-06,3.633376862764655545e-06,3.645063244064768499e-06,3.522615673945045195e-06,3.403928306117689415e-06,3.333407824500799479e-06,3.300928004539147023e-06,3.189893862784982826e-06,3.082691390815096037e-06,3.094518649115226095e-06,2.991090693071897061e-06,2.891445316836502233e-06,2.903085596877363553e-06,2.807094881676778632e-06,2.714785604696042244e-06,2.626097665294858989e-06,2.637308904696443450e-06,2.552039090099268458e-06,2.470235903515092578e-06,2.481017164809746186e-06,2.402438620133877774e-06,2.327150605224147577e-06,2.271739481358780454e-06,2.265162803307200843e-06,2.195996494461396645e-06,2.129836446041628907e-06,2.139366787697029464e-06,2.075918257222726837e-06,2.015278417894091933e-06,2.024205547165552522e-06,1.966070654603091024e-06,1.910547707139572513e-06,1.857540285277032419e-06,1.865633086789868528e-06,1.814834471687845994e-06,1.766361289438871076e-06,1.773819740163947139e-06,1.727368288365244126e-06,1.683059752241673043e-06,1.645363226715534219e-06,1.647423333487482216e-06,1.606929737917592912e-06,1.568321510505956896e-06,1.574321209886269283e-06,1.537314177283189112e-06,1.502033573237971473e-06,1.507432000754447371e-06,1.473605126557396092e-06,1.441356156158857922e-06,1.410613438275674424e-06,1.415242912499491346e-06,1.385751619137622394e-06,1.357633517650897665e-06,1.361714490600289567e-06,1.334728358350278048e-06,1.308992494597254119e-06,1.284548982164949884e-06,1.287838369525863606e-06,1.264262562869254905e-06,1.241517198570540445e-06,1.244422543042104772e-06,1.222168288250202814e-06
1.894840031876483964e-06,1.892515872929315067e-06,1.957290234629996664e-06,2.024032380285838207e-06,2.021348940786843737e-06,2.091187764502672618e-06,2.164389232597268647e-06,2.238561875741855094e-06,2.237916673926997959e-06,2.318183590594011152e-06,2.398203241732489077e-06,2.398700510825309466e-06,2.486692391086770776e-06,2.572930740686228489e-06,2.668438377187601624e-06,2.671290775736539874e-06,2.772285725491852453e-06,2.868621149641413906e-06,2.873453315320844486e-06,2.984036149684781971e-06,3.087507357560520650e-06,3.094753283716132944e-06,3.215750753127442206e-06,3.342355063109149206e-06,3.457233725037894092e-06,3.469141362794370651e-06,3.607479752032646352e-06,3.730281444178256091e-06,3.746003098685132573e-06,3.896998208908183200e-06,4.027958083234698330e-06,4.189928904373600114e-06,4.212799503652544999e-06,4.384630560529401754e-06,4.528177173769293324e-06,4.556809381502958188e-06,4.743675461565158835e-06,4.895602713138986432e-06,4.930958478672375847e-06,5.133797455342571105e-06,5.345020383595797470e-06,5.509295867252106085e-06,5.556846101079022394e-06,5.785347484845737191e-06,5.957364786350183617e-06,6.014546104889036600e-06,6.261086972041692482e-06,6.440229688795905924e-06,6.699344727822869323e-06,6.773618205255070110e-06,7.048337263304080692e-06,7.236412683856701223e-06,7.323965830992474033e-06,7.617858617561189465e-06,7.810184646879469848e-06,7.912671003584501457e-06,8.225724654385815608e-06,8.548212299840693323e-06,8.743325532109875076e-06,8.871448513280367481e-06,9.212291192890119081e-06,9.406166179649594718e-06,9.553629062427106269e-06,9.911644180668577361e-06,1.027752070017539213e-05,1.046337023087664634e-05,1.064308195875206593e-05,1.102305233133865685e-05,1.119858783343660910e-05,1.140193417240156892e-05,1.179293255541934381e-05,1.195335210141773333e-05,1.233850361305319450e-05,1.257981494018742617e-05,1.297926067498980018e-05,1.310624857619670816e-05,1.337434099232775733e-05,1.377265886847363769e-05,1.386949239790332696e-05,1.416505301788292454e-05,1.455543486609210601e-05,1.493849066601862712e-05,1.497646583633575522e-05,1.531300921233124974e-05,1.567563714402963213e-05,1.566562463204069822e-05,1.602924405589292522e-05,1.636226031087342929e-05,1.629733133362873293e-05,1.657968703393284556e-05,1.698082690516036937e-05,1.724933578392895549e-05,1.708986983432895636e-05,1.751508343438100396e-05,1.772924590140272433e-05,1.750336060529643202e-05,1.795163851289337766e-05,1.810333331924480376e-05,1.821718285142256651e-05,1.788887982392409274e-05,1.836583690515051514e-05,1.840823191523023545e-05,1.802099909180692605e-05,1.851981154305017840e-05,1.849041935130883968e-05,1.841773815828334480e-05,1.795765095496240285e-05,1.848302098783147370e-05,1.834547913957432452e-05,1.786631156054028753e-05,1.841852500817189772e-05,1.822972797599043697e-05,1.775836292431935584e-05,1.753637894374631553e-05,1.812173555890610004e-05,1.787788116146447488e-05,1.745983967127021422e-05,1.808186113238873950e-05,1.784345330110090474e-05,1.751179337918923182e-05,1.817357282620515757e-05,1.796994269973991174e-05,1.777711048297266755e-05,1.761116139741003561e-05,1.831407658798412142e-05,1.819841263438081076e-05,1.817875518537386836e-05,1.891305042720965260e-05,1.889410021097936214e-05,1.902336930153792878e-05,1.911213003985747576e-05,1.985871679194656328e-05,1.999222456223995569e-05,2.031210881709180990e-05,2.104419889852126668e-05,2.126990908814578812e-05,2.167459915969483975e-05,2.235734693331880045e-05,2.264026991625340730e-05,2.295350136542076308e-05,2.339740334206990422e-05,2.395417174340574976e-05,2.425329711102114591e-05,2.463244745520706963e-05,2.504268131337553062e-05,2.526581384801483815e-05,2.546621324693297650e-05,2.567068520249388545e-05,2.583433111897789249e-05,2.588486781921089973e-05,2.589635832641084461e-05,2.589635832641084461e-05,2.584816340586731541e-05,2.572048309791864074e-05,2.552159409796572664e-05,2.526415356470261466e-05,2.495754245563510008e-05,2.460391078993062503e-05,2.414221755230844027e-05,2.365430796174790745e-05,2.316083856973278924e-05,2.253745894187189318e-05,2.192844658699825817e-05,2.134410068592384292e-05,2.074993100519368836e-05,1.998445614463998759e-05,1.931164584054047325e-05,1.869724247481667785e-05,1.788180482713906701e-05,1.722161787643563714e-05,1.663339885720555229e-05,1.581341467259889374e-05,1.525268014047031340e-05,1.468582666404565869e-05,1.418783428612415639e-05,1.341479968052896316e-05,1.294740573212228355e-05,1.253468388627298074e-05,1.182683616209693751e-05,1.147290183999251370e-05,1.115040928983846280e-05,1.085375242101855960e-05,1.024681469371767971e-05,1.004345060682559055e-05,9.826289740164249743e-06,9.300461477238037493e-06,9.195252734379015625e-06,9.043819907621425749e-06,8.593927907942871031e-06,8.473152796717009060e-06,8.466350717406772967e-06,8.368305317924078755e-06,8.001983361617622431e-06,8.046914341959073615e-06,7.974859162667146404e-06,7.661418426248171930e-06,7.738509563935490045e-06,7.677993740932479686e-06,7.611046362027102402e-06,7.350555006668912957e-06,7.438688643657793102e-06,7.369440653080500415e-06,7.140150456732714530e-06,7.226169307706983773e-06,7.147864037424197153e-06,7.059877737517190669e-06,6.862313312402240211e-06,6.927418285650113134e-06,6.826915062334157485e-06,6.648332747370132051e-06,6.696856609062415140e-06,6.583335135330465042e-06,6.420894525758963704e-06,6.305827348387942295e-06,6.325658200007028091e-06,6.194049728230321261e-06,6.051890599529071938e-06,6.054257310361008129e-06,5.914477727813576912e-06,5.785548437930474345e-06,5.772006804383483660e-06,5.626629372054357364e-06,5.479039139348310290e-06,5.368400512708174899e-06,5.334560802614016336e-06,5.185406924711655551e-06,5.086666939095472015e-06,5.042484239531106285e-06,4.894030367195206159e-06,4.806615322831040285e-06,4.664263141239161854e-06,4.608473989858170997e-06,4.464398006496039170e-06,4.392606065385175068e-06,4.331704053277703724e-06,4.192497121876837628e-06,4.130360820097164895e-06,4.066027185028291271e-06,3.932710832693987609e-06,3.802540945061178009e-06,3.753330957904849388e-06,3.686397992264194126e-06,3.563116874027858744e-06,3.521585315576717281e-06,3.454387944393319971e-06,3.338325756847538328e-06,3.225917492144557004e-06,3.194381583413032819e-06,3.128357279020147650e-06,3.023330568554864447e-06,2.997519642693963494e-06,2.933086627486100147e-06,2.835350947231578843e-06,2.814538939146134165e-06,2.722700747418608399e-06,2.661510477447837381e-06,2.574373634861232756e-06,2.559871896972099858e-06,2.501194586638355295e-06,2.420741158838349988e-06,2.409675299074587454e-06,2.353690874480934874e-06,2.279575937123212814e-06,2.208571873936753908e-06,2.201764888652785780e-06,2.150080895608503186e-06,2.084861511092188073e-06,2.080277459363277910e-06,2.031443541011141042e-06,1.971621253288229021e-06,1.968866409871112741e-06,1.912568744891125488e-06,1.868045471810865948e-06,1.815694862611937930e-06,1.815150855047847755e-06,1.773354719683680102e-06,1.725456472356979396e-06,1.725968013235873458e-06,1.686804412518601858e-06,1.643001880862292059e-06,1.601215998728169901e-06,1.602972262326129403e-06,1.567645150751669023e-06,1.529452983308902906e-06,1.531733129988992162e-06,1.498745760863988981e-06,1.463837966414517745e-06,1.466484568908199089e-06,1.433425054883079437e-06,1.403797468996652355e-06,1.373370816463919592e-06,1.376415859594955624e-06,1.348803651144438087e-06,1.320975668300896566e-06,1.324096953659280487e-06,1.298372667076668114e-06,1.272905842421639381e-06,1.248616617600752642e-06,1.252062555832937743e-06,1.228740951450212820e-06,1.206067119529100855e-06,1.209051687721047141e-06
1.866297726331182298e-06,1.931029925617435184e-06,1.997735977830847324e-06,1.995022753239542837e-06,2.063567570042596355e-06,2.134043248704541246e-06,2.209412504748107559e-06,2.208992364768868094e-06,2.285016264420600413e-06,2.367523385212436933e-06,2.368271369798328189e-06,2.450199197543840689e-06,2.540486450941112308e-06,2.634984856228632285e-06,2.630884593911618782e-06,2.729637403714351515e-06,2.832961720140673402e-06,2.838089656942445433e-06,2.936399325571217363e-06,3.049297073568285037e-06,3.056848427194217155e-06,3.162279720247610502e-06,3.285536733149669324e-06,3.414348835193458812e-06,3.426552537321674347e-06,3.543300418752434672e-06,3.683710839405608948e-06,3.699709728958698624e-06,3.824270025211697214e-06,3.977133805208716671e-06,4.136615521856651216e-06,4.130172745363325031e-06,4.296355724322670391e-06,4.469585596039453314e-06,4.498356004746536788e-06,4.643121616594526623e-06,4.830950617724850038e-06,4.866344747594679921e-06,5.019147984274649944e-06,5.222391415400660194e-06,5.433678049538714283e-06,5.481041392738610113e-06,5.645486492739488678e-06,5.873271379613447302e-06,5.930064164353901596e-06,6.101647049585956266e-06,6.346516680541177478e-06,6.600122883398247600e-06,6.592036546128740495e-06,6.854411532570196194e-06,7.125639710931698403e-06,7.212040669150689468e-06,7.397551186841049372e-06,7.686461830144924627e-06,7.787368746660828947e-06,7.976000427875496132e-06,8.282327422535307076e-06,8.597106419368450776e-06,8.722848264712371969e-06,8.912211280693033285e-06,9.243188992148294037e-06,9.387621757336830867e-06,9.574143133370412620e-06,9.919848917817014708e-06,1.027207944356437842e-05,1.044760419066783369e-05,1.062331363456388477e-05,1.098676860906192102e-05,1.118502975323647412e-05,1.134835280375627046e-05,1.171970871096738472e-05,1.209332021033011007e-05,1.208808489946813383e-05,1.246310208416868628e-05,1.283783424079573138e-05,1.309820248622892943e-05,1.320728156954010983e-05,1.357737774959649106e-05,1.386402112054385117e-05,1.394069484329708857e-05,1.429938618260034466e-05,1.464906129782346400e-05,1.497483917452251195e-05,1.498959570958501349e-05,1.531586882490373308e-05,1.566742605309127593e-05,1.563283807544782781e-05,1.592682864629571155e-05,1.620012303913426780e-05,1.621333823209562328e-05,1.646616559924419477e-05,1.669334038770935619e-05,1.710319323755380531e-05,1.691971521949853333e-05,1.709252298128463322e-05,1.752390445920333812e-05,1.727678289367855810e-05,1.738860653379706788e-05,1.746387058782071131e-05,1.792162945550144126e-05,1.757916341779394424e-05,1.758709694683980381e-05,1.806452496058009763e-05,1.767069125846250065e-05,1.761279572268990802e-05,1.751529779791702009e-05,1.801595844202730811e-05,1.756329446256355269e-05,1.740945454013386655e-05,1.793361879093504930e-05,1.747325333647927007e-05,1.727781309306624215e-05,1.705467485926474345e-05,1.738873684520443711e-05,1.717179729548851661e-05,1.693707354972141509e-05,1.752250435503931945e-05,1.715009060146340794e-05,1.693021238241182693e-05,1.755191062700109028e-05,1.727255540297790485e-05,1.709499267460080652e-05,1.693215798706951559e-05,1.759267476284589947e-05,1.748194202134048452e-05,1.739947121797838839e-05,1.809193988143185179e-05,1.812122472721272454e-05,1.813499999515864598e-05,1.819194841977887203e-05,1.901307261452928049e-05,1.912666410743480203e-05,1.928642530413724645e-05,1.999156467003573474e-05,2.032208041451922029e-05,2.056591536745647564e-05,2.123520720418044838e-05,2.162734912774387749e-05,2.191979214879819098e-05,2.223801553225751365e-05,2.280476570135538597e-05,2.320469577409565296e-05,2.350268795383652647e-05,2.394351839500235082e-05,2.426147253070617371e-05,2.448147109740444194e-05,2.467749172064859185e-05,2.489803565146040914e-05,2.502978859358953839e-05,2.508018100724965899e-05,2.510381919356005284e-05,2.510381919356005284e-05,2.504664084945691275e-05,2.492585287461536225e-05,2.474894454693225032e-05,2.449332785091909575e-05,2.420106283991337493e-05,2.386315782046931762e-05,2.345328849210371808e-05,2.295987588338294449e-05,2.248673204239499536e-05,2.194482130115737154e-05,2.131116249159774244e-05,2.074828819429455507e-05,2.017451161098747536e-05,1.954506418912559622e-05,1.879525088393855495e-05,1.819836623820955324e-05,1.756126068008299185e-05,1.677672649239776815e-05,1.620125313272255640e-05,1.564622280063388804e-05,1.482509860588347958e-05,1.430563050947032215e-05,1.381338282208511443e-05,1.332798437658694321e-05,1.260264591689799167e-05,1.219121158597627095e-05,1.180834952753276918e-05,1.114818056790686795e-05,1.082385512735156123e-05,1.052549920182202538e-05,1.028693194147761505e-05,9.723257929337720401e-06,9.503582185459689030e-06,9.363126158680553279e-06,8.875166986789144653e-06,8.721911098294580806e-06,8.580985976668446677e-06,8.246924064858489727e-06,8.144442178990234676e-06,8.048082924023589410e-06,8.069289851268498967e-06,7.727354144549080224e-06,7.659685908068697581e-06,7.719722110181744386e-06,7.425708888232883194e-06,7.372439569183091880e-06,7.314116494726810065e-06,7.394060206479073288e-06,7.147896208368453830e-06,7.089649481125100079e-06,7.172844098243040694e-06,6.954970641760497543e-06,6.889519457974718528e-06,6.814988080319541416e-06,6.882695656392160685e-06,6.693789931684984720e-06,6.607636729894253121e-06,6.661350385590722673e-06,6.489937924737935353e-06,6.391045415214359880e-06,6.284392304709989323e-06,6.271581131065782769e-06,6.160519956273722617e-06,6.042931734928752474e-06,6.052760165247952921e-06,5.915420824546226439e-06,5.788765222107891463e-06,5.782589544356019483e-06,5.657758692922104565e-06,5.524439487578475838e-06,5.388275140988592235e-06,5.360954744139672505e-06,5.253513987129086756e-06,5.114486540798068298e-06,5.076100779748865169e-06,4.980005755122954015e-06,4.840348891862233439e-06,4.700906139435607547e-06,4.707770033404331266e-06,4.569441661984890170e-06,4.432234529410544053e-06,4.375142901259288990e-06,4.304853507862936918e-06,4.171334049811335949e-06,4.110088569406481983e-06,4.049082443625031394e-06,3.920378787512429526e-06,3.794319189684986519e-06,3.729507194607927915e-06,3.680967011225720591e-06,3.560895361339409149e-06,3.495284808374094820e-06,3.454175037819979007e-06,3.340538938060627269e-06,3.230195796520628804e-06,3.165080958610031167e-06,3.133675318521595050e-06,3.030094910800590521e-06,2.966221635587872520e-06,2.940398119448380595e-06,2.843589854366569192e-06,2.750156507526954694e-06,2.760540820456730679e-06,2.670400063054929451e-06,2.583564889338981879e-06,2.524813722065742002e-06,2.510075975204221865e-06,2.429611542040199486e-06,2.373392287708735003e-06,2.362048211650288449e-06,2.287674745456158904e-06,2.216298109877173433e-06,2.164193269353529958e-06,2.157070595666100165e-06,2.091312603687861768e-06,2.041982608395826234e-06,2.037081629560064650e-06,1.976598453541046164e-06,1.918705499179255132e-06,1.926978990076116660e-06,1.871421730036282908e-06,1.818284336585977769e-06,1.775892193494930420e-06,1.775061338724860406e-06,1.726334769454788204e-06,1.686568772797559116e-06,1.686819530852805055e-06,1.642169395304924842e-06,1.599526180636834723e-06,1.563601603735073552e-06,1.565134842452430606e-06,1.526092166388520299e-06,1.492526120464772688e-06,1.494615478224165026e-06,1.458876337614428116e-06,1.424770040794131986e-06,1.430035391732392142e-06,1.397320762666816397e-06,1.366103882930704381e-06,1.337978852947986237e-06,1.340908331227693880e-06,1.312328989104275405e-06,1.286125272759799609e-06,1.289162002081473234e-06,1.262986686890315065e-06,1.238581292880226678e-06,1.214809849752726249e-06,1.218294036504540907e-06,1.195018781507836739e-06,1.172399092441781129e-06
1.906099527393454990e-06,1.972781470717895045e-06,1.970050242434939685e-06,2.038583385291199794e-06,2.109053947905165004e-06,2.181432466849364635e-06,2.178246884648075059e-06,2.256321808823109578e-06,2.338043110625929180e-06,2.334500908021437303e-06,2.419904627371144704e-06,2.509273674434933904e-06,2.595131717058389058e-06,2.598739938682338431e-06,2.696420952918644408e-06,2.788563813531064874e-06,2.794167048418542032e-06,2.900863731294550498e-06,3.012408379849854159e-06,3.007606169686630367e-06,3.124059333432891487e-06,3.245743753060982462e-06,3.354945489301726692e-06,3.367537320436337386e-06,3.500149232510549141e-06,3.638591442719592038e-06,3.632889580607568984e-06,3.777240053328915963e-06,3.927830193162602849e-06,4.055471401742533947e-06,4.078669636274611453e-06,4.242233395984222563e-06,4.377397809847274989e-06,4.406106299938488922e-06,4.583461904663206589e-06,4.768064759330316478e-06,4.761202448014412931e-06,4.953141448339735240e-06,5.152699484476850807e-06,5.306246377717528496e-06,5.352817610645240003e-06,5.568033134397704002e-06,5.791345093258768488e-06,5.783899113347981750e-06,6.015375134313075070e-06,6.255188503275020758e-06,6.424371033592442917e-06,6.495786471671011319e-06,6.752473518793190461e-06,6.926343061043077874e-06,7.009985243338659603e-06,7.283699843436563103e-06,7.565890847414312822e-06,7.558233785048436689e-06,7.848847693681059625e-06,8.147728218747386737e-06,8.326621055854917838e-06,8.447235237928895309e-06,8.762110641279588944e-06,9.084522387149728331e-06,9.077356362408427006e-06,9.407047471362230923e-06,9.743451918655290353e-06,9.912426134687660621e-06,1.007944892384064306e-05,1.042775629938660564e-05,1.078089746121242526e-05,1.077493236986114786e-05,1.113232220070765047e-05,1.149279888939392622e-05,1.162865660276208661e-05,1.185046337388544874e-05,1.221417724360321072e-05,1.232831941822225055e-05,1.257378251519741966e-05,1.293570069470467197e-05,1.329425555191793992e-05,1.329211303494618390e-05,1.364624722212814453e-05,1.399356224816904788e-05,1.402743007771362557e-05,1.433304404909780419e-05,1.466169319043249145e-05,1.497750112539487397e-05,1.498202722704800693e-05,1.528406000405407468e-05,1.556862834140769358e-05,1.548332211501462097e-05,1.584543276743027824e-05,1.609022495652795396e-05,1.594854951957252610e-05,1.633163705400906960e-05,1.652843693921286051e-05,1.669601060406480716e-05,1.673081885786993256e-05,1.687251323984060490e-05,1.698102416871832219e-05,1.668878489407587789e-05,1.711680695441561512e-05,1.716211559595096252e-05,1.716978827099712923e-05,1.726289201861315781e-05,1.724421919152834765e-05,1.718721847070780597e-05,1.677278520276523249e-05,1.724230765617377293e-05,1.712622104287813888e-05,1.697413585366423918e-05,1.718251740009864867e-05,1.701811813557866664e-05,1.682290443949541011e-05,1.638441977131745527e-05,1.690534020326047533e-05,1.668560290815214144e-05,1.628611743879056440e-05,1.683906236992054739e-05,1.661764960280845492e-05,1.638893064766160876e-05,1.687480835511304556e-05,1.667697397998972275e-05,1.648457737193880968e-05,1.628853277683812330e-05,1.691678627935843751e-05,1.678577973349971422e-05,1.667986594316942859e-05,1.737693870091413977e-05,1.732717557854188765e-05,1.731302437724063518e-05,1.743397546511763393e-05,1.811715829986580275e-05,1.820141322332408256e-05,1.844670003022559561e-05,1.913031149012943383e-05,1.930557565882223847e-05,1.952391663187766954e-05,2.030329105748678573e-05,2.054658256015832251e-05,2.082379426457462625e-05,2.123856076199766727e-05,2.180955309344348564e-05,2.210177136291967531e-05,2.240567462561794549e-05,2.295431301920759049e-05,2.320915369814122414e-05,2.345517746071394490e-05,2.373326808440784393e-05,2.399789524464383263e-05,2.413485440634091121e-05,2.423709035450798932e-05,2.434452570461047494e-05,2.433456292663707158e-05,2.433456292663707158e-05,2.427958806817529425e-05,2.417215271807280862e-05,2.399875314965585409e-05,2.377838348740658934e-05,2.347782356176037909e-05,2.313438779091772369e-05,2.276417549711280111e-05,2.235792208883957856e-05,2.180928369524993355e-05,2.132328319780671966e-05,2.081576901396471713e-05,2.017809189601171724e-05,1.958000857366836513e-05,1.901761821155513685e-05,1.845453078253226888e-05,1.767515635692314929e-05,1.710395539439262585e-05,1.654524393444047230e-05,1.579033086402700551e-05,1.520561205382435125e-05,1.468733828723522830e-05,1.394623040087510419e-05,1.343045907475865096e-05,1.297810178366106739e-05,1.255280462213327592e-05,1.185573186438856643e-05,1.148334097099702722e-05,1.113805979220038002e-05,1.051960012743610865e-05,1.023666827116027511e-05,9.971793186422916379e-06,9.728700972853092041e-06,9.242823265658150372e-06,9.050954451359038928e-06,8.875622696222185579e-06,8.421883041821504637e-06,8.352247122534220178e-06,8.231349622962745355e-06,7.843095519053379882e-06,7.839483270584692181e-06,7.757877418797344207e-06,7.678984542272537637e-06,7.470604209117201846e-06,7.413383736855310485e-06,7.354189543479427962e-06,7.081096052589758050e-06,7.157514130445918681e-06,7.105940482881050753e-06,7.048098197367039320e-06,6.955017695088380087e-06,6.901697155157259585e-06,6.840201401986907375e-06,6.637394575555867580e-06,6.716205467182384610e-06,6.645651139246909744e-06,6.566373480730381978e-06,6.531705352462922572e-06,6.449218419609402113e-06,6.358302163698166990e-06,6.198319865894134727e-06,6.242005132615873524e-06,6.139206907329194468e-06,5.993042552577191367e-06,6.020155274078540857e-06,5.906547635721305528e-06,5.787382577792698818e-06,5.783467452501462848e-06,5.660925505398407838e-06,5.534250285856296599e-06,5.417130582352867529e-06,5.404990579304908723e-06,5.273065150452162669e-06,5.139036395202899375e-06,5.142276255450438390e-06,5.007441636385347855e-06,4.871703814352390217e-06,4.781038136658158050e-06,4.741124363686233679e-06,4.605683410166828612e-06,4.525011141800886964e-06,4.477600288741171092e-06,4.344181025909672667e-06,4.212169376853627063e-06,4.219883248330693774e-06,4.089898933837141140e-06,3.961945935648885262e-06,3.903762918806469553e-06,3.844977803182647072e-06,3.722037302803498950e-06,3.601795513881761405e-06,3.611007301169387892e-06,3.493765125358875923e-06,3.379500946952402407e-06,3.339901121848390033e-06,3.277985008510814690e-06,3.170046835857365791e-06,3.065322608244831445e-06,3.075156876203378182e-06,2.973715844965975313e-06,2.875539495634822872e-06,2.850347195771831502e-06,2.790501582378667589e-06,2.698839388327582841e-06,2.678292419875263678e-06,2.620172770815283643e-06,2.534892793347858303e-06,2.452767464503477414e-06,2.462329294024372400e-06,2.383226066753743501e-06,2.307166423984861275e-06,2.295791518115367628e-06,2.243264703119001086e-06,2.172990193115468051e-06,2.105556335426542402e-06,2.114368579011928004e-06,2.049570079275180488e-06,1.987458326630220305e-06,1.982324449041577166e-06,1.936212098001283081e-06,1.879090652486161240e-06,1.875759612174192674e-06,1.832216309230836790e-06,1.779750814208176955e-06,1.729569378643657811e-06,1.736891423849550922e-06,1.688751423523665525e-06,1.642735170130353560e-06,1.642688212562652620e-06,1.605429287613040047e-06,1.563260987414787763e-06,1.522984932429071362e-06,1.529151689554060441e-06,1.490527783908440134e-06,1.453649492063617158e-06,1.455473257790738666e-06,1.423952966290520126e-06,1.390191948760360998e-06,1.392439238100815802e-06,1.362991976356612331e-06,1.332084972329488230e-06,1.302590000335777591e-06,1.307138719018061815e-06,1.278839993717845239e-06,1.251834366152209242e-06,1.255925130823274533e-06,1.230896681860466541e-06,1.206497857622257051e-06,1.182741405590928171e-06,1.186248711779352216e-06,1.163004416207030790e-06
1.949099774134996647e-06,1.946361049789225662e-06,2.014892797968768939e-06,2.085368276448264749e-06,2.157758233623398371e-06,2.154590826261713756e-06,2.228749149677676153e-06,2.304742966992562038e-06,2.306191436239711913e-06,2.390759461437828212e-06,2.472430284114036882e-06,2.563904928593009260e-06,2.567774246017118291e-06,2.655430639054422175e-06,2.755217311411813136e-06,2.761092108939962077e-06,2.855031807066113522e-06,2.963802128851620471e-06,2.972087136396218104e-06,3.087105216057261039e-06,3.191044556619752701e-06,3.314672534943764853e-06,3.327521959467353863e-06,3.438385515532093871e-06,3.572793045431889381e-06,3.589335539077226901e-06,3.731608012466752247e-06,3.853243959243953662e-06,4.005278627221140058e-06,4.028636140082734024e-06,4.157537438712106602e-06,4.322215900403675961e-06,4.351010893658263984e-06,4.487174502919928647e-06,4.665219146812140722e-06,4.700300416950351851e-06,4.888863438354677724e-06,5.035702289167843879e-06,5.235088924697055728e-06,5.281429227309553471e-06,5.434965760321481979e-06,5.649273905674920887e-06,5.704423684473020374e-06,5.931257293733081871e-06,6.093814783697601033e-06,6.331311664578630879e-06,6.401921282176777867e-06,6.569434736443975659e-06,6.822646326049804933e-06,6.905159263501145885e-06,7.076475217759255051e-06,7.345353783061213130e-06,7.441148895845403063e-06,7.724888397624016462e-06,7.898983277907103992e-06,8.190565942003487550e-06,8.308942480709086132e-06,8.482391264272494690e-06,8.788038755039968573e-06,8.923305974963906172e-06,9.244350474274476450e-06,9.411878716153848206e-06,9.735701171945391187e-06,9.898891270024208296e-06,1.005850844905349942e-05,1.039170806514256231e-05,1.057520339061120860e-05,1.092236090787365814e-05,1.106262912967833773e-05,1.140382344829182690e-05,1.161970053760461682e-05,1.174141571206430692e-05,1.208287928113793305e-05,1.232144728293419569e-05,1.241943229437053508e-05,1.275606895936026205e-05,1.301779799308040199e-05,1.336087839477204896e-05,1.341232183590080091e-05,1.372991605320048861e-05,1.402603821032050833e-05,1.403914786382200530e-05,1.433552360936522938e-05,1.465423924014029943e-05,1.494664404842950233e-05,1.489077240263164968e-05,1.513984897484318347e-05,1.548975688178390875e-05,1.538191410150996409e-05,1.559009310430575730e-05,1.595980478359588191e-05,1.579650945231332877e-05,1.595659937010127452e-05,1.634505442854263966e-05,1.648245608840299213e-05,1.623107818417799463e-05,1.630504726813085018e-05,1.671649436143163035e-05,1.641066390715327305e-05,1.642477077063767384e-05,1.685313451508648079e-05,1.683454645744890692e-05,1.645484226188330065e-05,1.637454404950840580e-05,1.682292303560731767e-05,1.641289360491331677e-05,1.628059155579808672e-05,1.674898952164412076e-05,1.658552777826612974e-05,1.615458682501949049e-05,1.595592934882460705e-05,1.644896775800078659e-05,1.603944181589832320e-05,1.582514150693092045e-05,1.634667774334763499e-05,1.598534268340273199e-05,1.577774998151906230e-05,1.633170633582994369e-05,1.612330635656211906e-05,1.586829382957219249e-05,1.570054304077728838e-05,1.629124511408945001e-05,1.614515032680484608e-05,1.604259840374844484e-05,1.666578943855242533e-05,1.659247309870760242e-05,1.662194671479027061e-05,1.663731531819208570e-05,1.728558423318449989e-05,1.744100192417297700e-05,1.755093872705117301e-05,1.820579239806646666e-05,1.846976429799765843e-05,1.866449977012721206e-05,1.930247875491235450e-05,1.952544627279068450e-05,1.989822461672326688e-05,2.018363863548133393e-05,2.075404102872662130e-05,2.114011994696878078e-05,2.143393718035395439e-05,2.191228627503343632e-05,2.217959117876525549e-05,2.250922463741455645e-05,2.275105901020029695e-05,2.305616931289374011e-05,2.327156862432684184e-05,2.340583353142661682e-05,2.354517726074726135e-05,2.358941270021632094e-05,2.359940759545898711e-05,2.359940759545898711e-05,2.355872493921602835e-05,2.345016506852003787e-05,2.328142439544897242e-05,2.307126318279845744e-05,2.280072479024627865e-05,2.245889821792337350e-05,2.210469357592238286e-05,2.168689876875469749e-05,2.126148392448934298e-05,2.072807974772060917e-05,2.023967895502177928e-05,1.969357216274066787e-05,1.905698791205635143e-05,1.851309506531834974e-05,1.792215334844073568e-05,1.737823420126432064e-05,1.666753575000696130e-05,1.612256475335399535e-05,1.554942323186787656e-05,1.482734746230273880e-05,1.431824884922118322e-05,1.379783916894197014e-05,1.309655459734582369e-05,1.264866595984938134e-05,1.220753053108198719e-05,1.181960274910042931e-05,1.117931598723682313e-05,1.083390176525647405e-05,1.052231246468710162e-05,9.945604205372952862e-06,9.678402114671189114e-06,9.463276672879912825e-06,9.248935996728330810e-06,8.760499056153807829e-06,8.582907769564414619e-06,8.482443341186615628e-06,8.060618106131406776e-06,7.938424619438098711e-06,7.907643435805742222e-06,7.546042712260451808e-06,7.465020728565516795e-06,7.487374300686925970e-06,7.420380314719139110e-06,7.123284941388896921e-06,7.068518405696604044e-06,7.131229505920751280e-06,6.874346377393903749e-06,6.829676825890631552e-06,6.908413896149035669e-06,6.856193557195731445e-06,6.639354799223517121e-06,6.587919132664064097e-06,6.665049457567287477e-06,6.471901896705414887e-06,6.412943063281740182e-06,6.483023091281081560e-06,6.407484336139389428e-06,6.238801165803317767e-06,6.160688711774596775e-06,6.209299121309755378e-06,6.055499365110277767e-06,5.965710149236646374e-06,5.999015465252465959e-06,5.858096258432391319e-06,5.757251294121134660e-06,5.774695779941126444e-06,5.659466371972002354e-06,5.535068041803071261e-06,5.420075425773476712e-06,5.414586185500657431e-06,5.301083291847358637e-06,5.179923563051149122e-06,5.161488212963301411e-06,5.031548764156047493e-06,4.933279687101955196e-06,4.806642774730345911e-06,4.772003881035891544e-06,4.683716426746140120e-06,4.556225504833370172e-06,4.513395636006676851e-06,4.434671828018467812e-06,4.308072250103173078e-06,4.258849281149946148e-06,4.130395309343022202e-06,4.064978287828813005e-06,3.942258615014890677e-06,3.886357199506192849e-06,3.829237540079538008e-06,3.710579961604599136e-06,3.652064647587422348e-06,3.534719873386805853e-06,3.488814874067429238e-06,3.377582346112048251e-06,3.317194571557426537e-06,3.278026164369451459e-06,3.172413241611695398e-06,3.111965325573165088e-06,3.009459118996534137e-06,2.979152276670494648e-06,2.882409400869113330e-06,2.823143298625371478e-06,2.797981904506219649e-06,2.707274428364412517e-06,2.649463261866762283e-06,2.628843531921746942e-06,2.544118412007091575e-06,2.488136720870113911e-06,2.407436406258775926e-06,2.392614294256001038e-06,2.316628881553517426e-06,2.263922540171308246e-06,2.252316004850592654e-06,2.181877366567329619e-06,2.131545348013809613e-06,2.065117480945889127e-06,2.057544289477122893e-06,1.994994180237983245e-06,1.948439692204369823e-06,1.943023437801824328e-06,1.885339545745132935e-06,1.841299115327846984e-06,1.837688601374751352e-06,1.784570641030359508e-06,1.743024816549020816e-06,1.693453213347907529e-06,1.692055753455432859e-06,1.645296526898281875e-06,1.607472292723299787e-06,1.607177052700151315e-06,1.564238726445951697e-06,1.528753198671027688e-06,1.488906235757358956e-06,1.489934659545685691e-06,1.452271493838663080e-06,1.420195474476809740e-06,1.421827094019827890e-06,1.387291929390187090e-06,1.357308147781493903e-06,1.359390849523309033e-06,1.327730062658182510e-06,1.299729364169612658e-06,1.270512699202936345e-06,1.273109389594721953e-06,1.246980808634127543e-06,1.221456444068633860e-06,1.225523869523521879e-06,1.200480732159041204e-06,1.176075595213226716e-06,1.152320934155701263e-06,1.155837866411519675e-06
1.923888416563895484e-06,1.992427881836662720e-06,2.062917138229547087e-06,2.135327127511858573e-06,2.132186201597845933e-06,2.206377652444556766e-06,2.282411441006295414e-06,2.278955942164248758e-06,2.356676761704371112e-06,2.443286072401084343e-06,2.533792917789025828e-06,2.529905934956251753e-06,2.624356149000537319e-06,2.723017760601819094e-06,2.718801115759921579e-06,2.821726236479567509e-06,2.929191093997223358e-06,2.924642828127919607e-06,3.036705961270983626e-06,3.153649582213098923e-06,3.275647541851866548e-06,3.270660340967852458e-06,3.397780091035735250e-06,3.530307455025617179e-06,3.524999147709401213e-06,3.663007050789672162e-06,3.806778827468449538e-06,3.956490903645220439e-06,3.950775225220121583e-06,4.106505447471923928e-06,4.268524551432833513e-06,4.262526904365942406e-06,4.430914396818771191e-06,4.605924039012593560e-06,4.599672396598618946e-06,4.781382739949635570e-06,4.970022419407583749e-06,5.165728801415347813e-06,5.159195582231544023e-06,5.362035807273922461e-06,5.572184595037221073e-06,5.565494046059541454e-06,5.783005817974018195e-06,6.008003364687861731e-06,6.240541039898722404e-06,6.233729656019493754e-06,6.473825019017454787e-06,6.721499736172453192e-06,6.714676373006642442e-06,6.969913868236514339e-06,7.232645858842145692e-06,7.225888049983590630e-06,7.496052044417727217e-06,7.773471057029717013e-06,8.057951512147909794e-06,8.051416976421117111e-06,8.342795275085999990e-06,8.640697434084226340e-06,8.634443716676888219e-06,8.938621990520726843e-06,9.248539430469433005e-06,9.563691398596793096e-06,9.557982857022978920e-06,9.877956724335009418e-06,1.020193064433171196e-05,1.019677902384639107e-05,1.052421673873817430e-05,1.085406910384057625e-05,1.118538913971837391e-05,1.118123201189034000e-05,1.151327483181507463e-05,1.184460391272293401e-05,1.184145458845539038e-05,1.217120710784624953e-05,1.249764033371866688e-05,1.249583869619236335e-05,1.281801571727500203e-05,1.313384365204912441e-05,1.344161315834213594e-05,1.344246780440068485e-05,1.374120122478812523e-05,1.402834933353845051e-05,1.403225411900754156e-05,1.430697816932392773e-05,1.456611094339697360e-05,1.480751590485268624e-05,1.481788354357575133e-05,1.504159547583719202e-05,1.524347496536966843e-05,1.526150123434188573e-05,1.544264123666529043e-05,1.559801573867137156e-05,1.562730517010365924e-05,1.575961969250362348e-05,1.586270407840628649e-05,1.593475140823737951e-05,1.598707989073314630e-05,1.603404366878114198e-05,1.604777542094777576e-05,1.612551133220099927e-05,1.611528019405365577e-05,1.607100714465552942e-05,1.599235120550205030e-05,1.611801067642690955e-05,1.601991074911446767e-05,1.588929513080506879e-05,1.606327139696675429e-05,1.591988018150030745e-05,1.574801259455809263e-05,1.554990911400509131e-05,1.580605648974655301e-05,1.560817904587900423e-05,1.539151346357967395e-05,1.572175692807730913e-05,1.551699433496973396e-05,1.530286640423643077e-05,1.571527753969622642e-05,1.552530350371937061e-05,1.533675141947611417e-05,1.515534893870742142e-05,1.568203588404465398e-05,1.554167920327537448e-05,1.541989041171485557e-05,1.602731068609644218e-05,1.595443413896999592e-05,1.591011635858968293e-05,1.589955233674827324e-05,1.659227600946919278e-05,1.663528189779516539e-05,1.671760642677154373e-05,1.744596547317977335e-05,1.757523072358722216e-05,1.774441398117383625e-05,1.847499801212628597e-05,1.867664237629631290e-05,1.891306732400842869e-05,1.918189335176815916e-05,1.985355455703082455e-05,2.012464309341566694e-05,2.041484549819977469e-05,2.099326360593255049e-05,2.125656231324258758e-05,2.152203593204762215e-05,2.178253787315582429e-05,2.217676314641191460e-05,2.236996419076150552e-05,2.254070827673365079e-05,2.276218640915533026e-05,2.284212048501272656e-05,2.288617565718026263e-05,2.291821396928889792e-05,2.289010160683585605e-05,2.285806329472722076e-05,2.275515515430562389e-05,2.260856182363769971e-05,2.238708369121602024e-05,2.213692809791172460e-05,2.184699368022178218e-05,2.145276840696569526e-05,2.107414784192641663e-05,2.066572500306970779e-05,2.023191050876122830e-05,1.965349240102844911e-05,1.916325033815602689e-05,1.866146566938124598e-05,1.798980446411858059e-05,1.745933955694978798e-05,1.693088924859776717e-05,1.640820213809250850e-05,1.567761810714005539e-05,1.516050157760639433e-05,1.465921876942137431e-05,1.393085972301314469e-05,1.345582088741353763e-05,1.300325994610272292e-05,1.231053627338180168e-05,1.189890712576642169e-05,1.151281794082773370e-05,1.115159721474237307e-05,1.054417694036079324e-05,1.023268541546210519e-05,9.944965231968308847e-06,9.418278286634030740e-06,9.180982021772227827e-06,8.964100354699631936e-06,8.765444544360744323e-06,8.353033409621019853e-06,8.198481868222798699e-06,8.057239892556327841e-06,7.726996442296208583e-06,7.622619272579974583e-06,7.526261643995652641e-06,7.270114412159835374e-06,7.202202686726667078e-06,7.137269183454010467e-06,7.073673119213391458e-06,6.899698345969986994e-06,6.853375009730458955e-06,6.804483669842013194e-06,6.678829939885077202e-06,6.640046072401506537e-06,6.595767178225761141e-06,6.545445931564643075e-06,6.467733351734999598e-06,6.420377321792694698e-06,6.365474934599471687e-06,6.313199795455642067e-06,6.257553273872671186e-06,6.193741822220453849e-06,6.122050062059973867e-06,6.092888804626702925e-06,6.017948550595568082e-06,5.935446670389804620e-06,5.917636929056062059e-06,5.831050192391113772e-06,5.737683811881080248e-06,5.727650254849743864e-06,5.630150329305917413e-06,5.526943315524340578e-06,5.418721545277787855e-06,5.415348391114300686e-06,5.303980008476851452e-06,5.188842736138573954e-06,5.188690884157057213e-06,5.071235206068747583e-06,4.951175327829972107e-06,4.829120738321767180e-06,4.831868927076591154e-06,4.708950019248249474e-06,4.585093188153985304e-06,4.589372453152552723e-06,4.465505694751424493e-06,4.341629458756107341e-06,4.347091588065168003e-06,4.223966582751980425e-06,4.101617439339372311e-06,3.980393060062078898e-06,3.987058973487074070e-06,3.867519253598347557e-06,3.749673897119027121e-06,3.757029478231615421e-06,3.641317303165447089e-06,3.527739095001160603e-06,3.416477846017540066e-06,3.424517922866993697e-06,3.315861822096521190e-06,3.209793241957451847e-06,3.218188919145381866e-06,3.114904917452451935e-06,3.014386275227067268e-06,2.916698276610813727e-06,2.925377820367715625e-06,2.830607192298353689e-06,2.738733569675844032e-06,2.747496447803306441e-06,2.658541658394650611e-06,2.572493343681241103e-06,2.581240460839470398e-06,2.498065414239379943e-06,2.417761313758242418e-06,2.340301072195776349e-06,2.348892825279350820e-06,2.274181361141948971e-06,2.202228887541035657e-06,2.210618553977652545e-06,2.141295942274805480e-06,2.074625326513597768e-06,2.010549833439067460e-06,2.018577888418563742e-06,1.956932883335624752e-06,1.897754325710908481e-06,1.905456206531585350e-06,1.848561475504611072e-06,1.793996840657962351e-06,1.801336629179975241e-06,1.748906738451560445e-06,1.698666832302164921e-06,1.650547510204053506e-06,1.657364172197402357e-06,1.611159856051699916e-06,1.566935527418398490e-06,1.573339840435445166e-06,1.530886789339191238e-06,1.490275848940600866e-06,1.451439832559733194e-06,1.457280487185477402e-06,1.420011226678180127e-06,1.384385573023578756e-06,1.389800376562681133e-06,1.355613097907098342e-06,1.322943946321666724e-06,1.327935414459430623e-06,1.296583825011479506e-06,1.266631326051680233e-06,1.239994987430776088e-06,1.244432365496159590e-06,1.218252455467956115e-06,1.192685550319743422e-06,1.196718969629570794e-06,1.171650108039170199e-06,1.147227278188980101e-06,1.123462707227931327e-06
1.971124242677199155e-06,2.041635074337566381e-06,2.114072625659914816e-06,2.110965425918439555e-06,2.185196945360188573e-06,2.261277323857215408e-06,2.257875115506280546e-06,2.335656105247671849e-06,2.415181710251953035e-06,2.496389875556392384e-06,2.500926698098544370e-06,2.594349150147540091e-06,2.681248778496811047e-06,2.687787547027905664e-06,2.789519245477164544e-06,2.882353550823612048e-06,2.891276573056122493e-06,3.001956889278259654e-06,3.100943948397309275e-06,3.219593714971194338e-06,3.232977207720139592e-06,3.358375369922556327e-06,3.466969407314303111e-06,3.483934696149124257e-06,3.619960877592838283e-06,3.735071519954354303e-06,3.880037480109761624e-06,3.903546824774908520e-06,4.056838168279342388e-06,4.181812108499316406e-06,4.210506814653176869e-06,4.376109009005229032e-06,4.507525184035627394e-06,4.542177530882654831e-06,4.720718021904449509e-06,4.858360725587944711e-06,5.046635761615015919e-06,5.091871119451672970e-06,5.290886176612441525e-06,5.437165176065032754e-06,5.490628009486789685e-06,5.703831174265309492e-06,5.855102917991792949e-06,6.077733720425742248e-06,6.145528247900929171e-06,6.380515982779348978e-06,6.537609492406512298e-06,6.616370630149779415e-06,6.865928729482039794e-06,7.025398750821575817e-06,7.116333219877047839e-06,7.380220281145213066e-06,7.540509983849076367e-06,7.811028538983403791e-06,7.922524899614163859e-06,8.206705171728056943e-06,8.364471057453431625e-06,8.491258982823080538e-06,8.787630935161208612e-06,8.940675428532981106e-06,9.238979279823573398e-06,9.390900331263865784e-06,9.702219104081850375e-06,9.842395066331545303e-06,1.001249737916787958e-05,1.033079232687427920e-05,1.045794943263831473e-05,1.077029904603813105e-05,1.096925577886688025e-05,1.129163768953825497e-05,1.139121721890919403e-05,1.161030598376249804e-05,1.193024100798743620e-05,1.200563847881966776e-05,1.224521439878503523e-05,1.255761910533629919e-05,1.260377515718110149e-05,1.289304669427440673e-05,1.316296016196596380e-05,1.345248507851678224e-05,1.344462325297550503e-05,1.373441319816928798e-05,1.400063604486994025e-05,1.395063610319616022e-05,1.417821629870039850e-05,1.449542625526353927e-05,1.471232206563014046e-05,1.459020832669024334e-05,1.492477659686091162e-05,1.510049358832670285e-05,1.492733813294248768e-05,1.527828512485740798e-05,1.540671110252147250e-05,1.518203277857292099e-05,1.525411903940586549e-05,1.562516850243949004e-05,1.567083778774259624e-05,1.536985821935589038e-05,1.575549888003794488e-05,1.574524487767446236e-05,1.540321898849110634e-05,1.533717785866249944e-05,1.574007432759795192e-05,1.564343866662415262e-05,1.525415696131066674e-05,1.567409694151434150e-05,1.553177393136285841e-05,1.513503189801605490e-05,1.495809398201002502e-05,1.539919053950367583e-05,1.520062642185310852e-05,1.482033903321759582e-05,1.528610960559321960e-05,1.507746420188663948e-05,1.474398293212587091e-05,1.523842420096525523e-05,1.504034666692530758e-05,1.477740256219873250e-05,1.460892473507596832e-05,1.513732922647036145e-05,1.498207047291730674e-05,1.484960112366402220e-05,1.540965656120814596e-05,1.531704013963801155e-05,1.529759896734364554e-05,1.527994552676221974e-05,1.586885578265566843e-05,1.588692985101050349e-05,1.603236483507730831e-05,1.663574201253340646e-05,1.673983192807195375e-05,1.698705264842807915e-05,1.758715876268406641e-05,1.776712451880250009e-05,1.808871940463202020e-05,1.833581927513032830e-05,1.889491649856679597e-05,1.915488529585508728e-05,1.952764403601340779e-05,2.002203944950272185e-05,2.028759063850450603e-05,2.063191836367984770e-05,2.089454255209688088e-05,2.125659545947038159e-05,2.147357555241997243e-05,2.171406008645373906e-05,2.194074970046106389e-05,2.206056110885095059e-05,2.216963532312994821e-05,2.224063374033519394e-05,2.223297950562120134e-05,2.223297950562120134e-05,2.218617414912511736e-05,2.208993800529470536e-05,2.194669386264383085e-05,2.175772127873169625e-05,2.150117520411695779e-05,2.120710665301000694e-05,2.088828730221953513e-05,2.048678365017649527e-05,2.009472231563226840e-05,1.964661830606382752e-05,1.920495904796673154e-05,1.865481307096607567e-05,1.813286456959865088e-05,1.763835538143327536e-05,1.701595401685636414e-05,1.650291655819349719e-05,1.595356903231521264e-05,1.545351319777467077e-05,1.478960821247751690e-05,1.426113022322027153e-05,1.378987169701810197e-05,1.313134895400180617e-05,1.265514564765687687e-05,1.223618523316343242e-05,1.160805411715969216e-05,1.122433600059261684e-05,1.085410971433746498e-05,1.052589275354256331e-05,9.961892913381581872e-06,9.679363792063256391e-06,9.421692710280726160e-06,8.917996808307929787e-06,8.698589605134609962e-06,8.532223507626942509e-06,8.357646073105152345e-06,7.933655876143647028e-06,7.843756905011631486e-06,7.721704514092664744e-06,7.355980513437451328e-06,7.329847659893776339e-06,7.248040805888531208e-06,6.934055948613844882e-06,6.870117904080535283e-06,6.902592444484549329e-06,6.848653335117208171e-06,6.589356604853393834e-06,6.650585660081255424e-06,6.608526775993030674e-06,6.383036182747560661e-06,6.345302345099442917e-06,6.420582391567556288e-06,6.374889507000027842e-06,6.183012966069253150e-06,6.260059164971635827e-06,6.208759663505998490e-06,6.036800491221759723e-06,5.983470882583324075e-06,6.047518872909954759e-06,5.979037576670577976e-06,5.827829263503717240e-06,5.880273469606918221e-06,5.800892724106580555e-06,5.662403701188225934e-06,5.700936418422053320e-06,5.610768485252176589e-06,5.483380373279565494e-06,5.391553756357489131e-06,5.407323508814392562e-06,5.302566444763643922e-06,5.189553600445112923e-06,5.191536920083208562e-06,5.079958857227089326e-06,4.976472780856702317e-06,4.866057835524881250e-06,4.849447991521669615e-06,4.731016437710060428e-06,4.640923679902425441e-06,4.614213477152413715e-06,4.493920283885674025e-06,4.412638583624861916e-06,4.377512652438512940e-06,4.257083430793218935e-06,4.184276661247024290e-06,4.068143932541907725e-06,4.023320468215945340e-06,3.905290828767621793e-06,3.844337342930264858e-06,3.795036672105195694e-06,3.680171697505519500e-06,3.626651364697678709e-06,3.517052713984151970e-06,3.463349341881560225e-06,3.354720868189848179e-06,3.311308334156600207e-06,3.256091289772055390e-06,3.152415234400652596e-06,3.115117909617987294e-06,3.016823231749327437e-06,2.960908709058568130e-06,2.865261774863124825e-06,2.836062970640701624e-06,2.780578639087814679e-06,2.690525449980116435e-06,2.666069682710108068e-06,2.611544361083093285e-06,2.527110794271405764e-06,2.506870111949552501e-06,2.427164174765140198e-06,2.374840523060368296e-06,2.298712885333013708e-06,2.283892395444980187e-06,2.233397985471712937e-06,2.162614420785385949e-06,2.150834104631683987e-06,2.084080876144847041e-06,2.036715975221354644e-06,1.973590004470431717e-06,1.965652675716848263e-06,1.920495820778046510e-06,1.862144607872028737e-06,1.856291915560687444e-06,1.813396772151034884e-06,1.759552380034898718e-06,1.755462863387601886e-06,1.704656403742130981e-06,1.665231311300915582e-06,1.617691061996336758e-06,1.615781784145599927e-06,1.578602276756570052e-06,1.534882261817279049e-06,1.534084115480853545e-06,1.492776226820655360e-06,1.458927682606814361e-06,1.420497975270404847e-06,1.421049022556556956e-06,1.389288173012393533e-06,1.354018821608097296e-06,1.355209143026219466e-06,1.325450669636011145e-06,1.293095620404485071e-06,1.294778841724384570e-06,1.266930695052498635e-06,1.239637654765702288e-06,1.212924048594543495e-06,1.217292993687857107e-06,1.191053255204793578e-06,1.165434895979307461e-06,1.169425005832272706e-06,1.144320750454363177e-06,1.119870214729288185e-06
2.021460081665098290e-06,2.093931759313790223e-06,2.090864568383641521e-06,2.165142140386387424e-06,2.241274776601175723e-06,2.237931192351981430e-06,2.315777333277432263e-06,2.395374776340532605e-06,2.476661625058728992e-06,2.472942205330196914e-06,2.555754826219717364e-06,2.651016855006390815e-06,2.657795322634851155e-06,2.746282684313058024e-06,2.849803004572030261e-06,2.858962227514584749e-06,2.953342753557511297e-06,3.065723247298465907e-06,3.182810316292688832e-06,3.178151696107477494e-06,3.300008984999648103e-06,3.426882770846795918e-06,3.444027062215063458e-06,3.553914519372027689e-06,3.691198791265757302e-06,3.833960908621753649e-06,3.828700010867571070e-06,3.977010940376009443e-06,4.131097084621907833e-06,4.159816558086692654e-06,4.285542104983462150e-06,4.451529710389946922e-06,4.486107983994280278e-06,4.617954172277105845e-06,4.796372858891943427e-06,4.981208470887058082e-06,4.975309190003086714e-06,5.166617951359739349e-06,5.364530743966597871e-06,5.417534072024470087e-06,5.563081537217990268e-06,5.774370112151011720e-06,5.992417813608941020e-06,5.986342658011811155e-06,6.211156150856267614e-06,6.442724194127079132e-06,6.520388116484595124e-06,6.674965227227514537e-06,6.919897486141752662e-06,7.009391731919241593e-06,7.165427785062594391e-06,7.423303036770700179e-06,7.687358999484002572e-06,7.681623003001566985e-06,7.951697837790059944e-06,8.227427373368984784e-06,8.351655499746632068e-06,8.503108277631189697e-06,8.789165051400862598e-06,9.079661809545114327e-06,9.074700670322180640e-06,9.369253538087676420e-06,9.667109387359283860e-06,9.833134106298296818e-06,9.963317830416440842e-06,1.026584756747766253e-05,1.056938794886648578e-05,1.056581244970791231e-05,1.086969183977356726e-05,1.117263221317595949e-05,1.138576208615177836e-05,1.147117041435824920e-05,1.176915197448773297e-05,1.200193537028263160e-05,1.206153295563462997e-05,1.234951871395898243e-05,1.263009407809104197e-05,1.263086512820542855e-05,1.290316164695475306e-05,1.316497162015197647e-05,1.344580811233529955e-05,1.341891693393907481e-05,1.365551021113088929e-05,1.387627800571219988e-05,1.388513531051034140e-05,1.409005807190580692e-05,1.427559116854557000e-05,1.459900371011487420e-05,1.445789699756517437e-05,1.460208275042011122e-05,1.494088686606138614e-05,1.475038671576368960e-05,1.484808956835215103e-05,1.491834556409792767e-05,1.496232233065549359e-05,1.501001031553333653e-05,1.502824284821249427e-05,1.539895356004805172e-05,1.508981942471934620e-05,1.505590405020461034e-05,1.499126474440031788e-05,1.509646020953425775e-05,1.501348835652001812e-05,1.490112439788086157e-05,1.530201126209671737e-05,1.492159885523527798e-05,1.477008744242905630e-05,1.459406195858389965e-05,1.480935259794832446e-05,1.463119777311040996e-05,1.443456824301024395e-05,1.487542654348934042e-05,1.452458934572024103e-05,1.432512730054394402e-05,1.479176849933502499e-05,1.449464040158163509e-05,1.431222942951931239e-05,1.413307218761474714e-05,1.458571446448625612e-05,1.444055134079328230e-05,1.430870014759793973e-05,1.483651999840353674e-05,1.474698155537445602e-05,1.467984315583195872e-05,1.464007598986634684e-05,1.525409805229969330e-05,1.526327964943227587e-05,1.530604961339668242e-05,1.588077421377650391e-05,1.605266785937791988e-05,1.617741200930435349e-05,1.675464905303505151e-05,1.701430053530708652e-05,1.720924581889815593e-05,1.743708461828628463e-05,1.808585365532101283e-05,1.832774131136637004e-05,1.859317651939582376e-05,1.908913870067553429e-05,1.943475176354491268e-05,1.970059605217656018e-05,1.997089613468652045e-05,2.041713333428220485e-05,2.064168767441906791e-05,2.085474767956420721e-05,2.111693981081079729e-05,2.130345662100768377e-05,2.142087155126325953e-05,2.154039091032494376e-05,2.159411733994114250e-05,2.158817868199797030e-05,2.158817868199797030e-05,2.154415561171770408e-05,2.146069359248970092e-05,2.131652459190166394e-05,2.113599663255896150e-05,2.090405492847401941e-05,2.061137686573209223e-05,2.030587982464353278e-05,1.996907192971144931e-05,1.952283473011576492e-05,1.911769591998368145e-05,1.869224966548987770e-05,1.821630773562820218e-05,1.766477468917951744e-05,1.718628661083499451e-05,1.670403365573104563e-05,1.605526461869632082e-05,1.556028192957118725e-05,1.507261767693578217e-05,1.455720461708448927e-05,1.391926466920436060e-05,1.345670393681983317e-05,1.297975833270100008e-05,1.235379628113275860e-05,1.193953928185433974e-05,1.154724668650491243e-05,1.093322462407156767e-05,1.058202849447556060e-05,1.025422178319429151e-05,9.948811788121076082e-06,9.420888528164389378e-06,9.161374524473596010e-06,8.922494616528683735e-06,8.469852339670518916e-06,8.275701697624845125e-06,8.098677952434657205e-06,7.981441442560457689e-06,7.586426262587218810e-06,7.462325597796688804e-06,7.411068009867999943e-06,7.070037256175390570e-06,6.987447524329429142e-06,6.910818619015795324e-06,6.695528185574380409e-06,6.642237814976229894e-06,6.590593850630479213e-06,6.637209577559184120e-06,6.393500244596136178e-06,6.355858459741013830e-06,6.315251671176218468e-06,6.210062414509248362e-06,6.177126853137491670e-06,6.138833850063798696e-06,6.212086531885895399e-06,6.029623031285123201e-06,5.987324217072239535e-06,5.938063596577585444e-06,5.894137522535173608e-06,5.843625378485801128e-06,5.785707068340933464e-06,5.841245203281654384e-06,5.696027755761110945e-06,5.627744981328145576e-06,5.670962501048583930e-06,5.537545304145557467e-06,5.458599609922730045e-06,5.373559526174108924e-06,5.364997049893242062e-06,5.276120072908133823e-06,5.182098618326555525e-06,5.190074374858781378e-06,5.080622233679320188e-06,4.979127108251508622e-06,4.874186380534886903e-06,4.874025115893880636e-06,4.766892962333058155e-06,4.657337172028989727e-06,4.635859375714695555e-06,4.548230417896515382e-06,4.435885279438071702e-06,4.405455691223813100e-06,4.326253725995250310e-06,4.212816247468844481e-06,4.099249943800662209e-06,4.103954771654604374e-06,3.990935502626194957e-06,3.878492156741261544e-06,3.832401171277837870e-06,3.772712141827619160e-06,3.662556273038953750e-06,3.553811563693599158e-06,3.560206181902548862e-06,3.453275401236607281e-06,3.348163701467610379e-06,3.294842004833419115e-06,3.252070399787186306e-06,3.151213713271428830e-06,3.052607794881960676e-06,3.059978015775766038e-06,2.963817716515743750e-06,2.870086032174350720e-06,2.815505879986936767e-06,2.786516390915686530e-06,2.697875234181792525e-06,2.643954082232480149e-06,2.619584636498661893e-06,2.536131800576684916e-06,2.455278251887413557e-06,2.463079963270261984e-06,2.384817230171885061e-06,2.309137523265475694e-06,2.258683003095113688e-06,2.243740111306955137e-06,2.173127213614716301e-06,2.105017119846670540e-06,2.112592719597096669e-06,2.046888748493430671e-06,1.983602780839667864e-06,1.938149768412258803e-06,1.929991947485729622e-06,1.871319263251104271e-06,1.828046328601345994e-06,1.821958571318172516e-06,1.767667373867464598e-06,1.715525614815952219e-06,1.722281397201868041e-06,1.672127289369764866e-06,1.624002075518133065e-06,1.586320376211426802e-06,1.584172078947846330e-06,1.539811050042945542e-06,1.497295805753037036e-06,1.503278171982808287e-06,1.462430607463310007e-06,1.423307006974093603e-06,1.391011059908079766e-06,1.391353643803233305e-06,1.355378939164202545e-06,1.325091392910154196e-06,1.326092810200301124e-06,1.293033219279571545e-06,1.264668521243820118e-06,1.269444813260315995e-06,1.241495625300854461e-06,1.214110334187318747e-06,1.187313064138021060e-06,1.191606727104406657e-06,1.165299881884914568e-06,1.139622384273627167e-06,1.143561116820548268e-06,1.118413038128348179e-06
2.074844931886785113e-06,2.071823161800474363e-06,2.146151905794141046e-06,2.222341610373372808e-06,2.219061135502282287e-06,2.296976570536044500e-06,2.376649634867808640e-06,2.458018572769305013e-06,2.454387848799948634e-06,2.537295908146699564e-06,2.621755256122900605e-06,2.617860692325936676e-06,2.715976812020602040e-06,2.818253617672475092e-06,2.814097169224787384e-06,2.920592701233165016e-06,3.031539834896747832e-06,3.128772415893341512e-06,3.142588577391454322e-06,3.262797980563808633e-06,3.365881222941530167e-06,3.383161506558231113e-06,3.513230522628381194e-06,3.648490138226686663e-06,3.760489702363846764e-06,3.784041337031026844e-06,3.930042210082378270e-06,4.047925000842563874e-06,4.076413887699299949e-06,4.233719564973068950e-06,4.396905527863077051e-06,4.391483694522527577e-06,4.560618456646801176e-06,4.735869072478552741e-06,4.867662059886661924e-06,4.911732856259860060e-06,5.099473408875167295e-06,5.236154926668586102e-06,5.287908312261326914e-06,5.488466435155234408e-06,5.695522036300974347e-06,5.838317019790087428e-06,5.903360596632492089e-06,6.123462271651253081e-06,6.269207566057681003e-06,6.344361669577737834e-06,6.577441845322130842e-06,6.816896710537608462e-06,6.811286051912331375e-06,7.057044762464800757e-06,7.308913517968789094e-06,7.456247472924182523e-06,7.561319860455975169e-06,7.824854991300458817e-06,7.969729041027211679e-06,8.088670045879750256e-06,8.362753635537646806e-06,8.641497895603343120e-06,8.778202754486173737e-06,8.919815173608375917e-06,9.206584146201736099e-06,9.334363666744075310e-06,9.492296363456106264e-06,9.784771240422476072e-06,1.007894398028804377e-05,1.018695510977065148e-05,1.037067215413476048e-05,1.066593827925773293e-05,1.075607329646584095e-05,1.095770764649666806e-05,1.125020862823931544e-05,1.153948143693789355e-05,1.153808542484489691e-05,1.182331586527132181e-05,1.210275748265122446e-05,1.212903865176788445e-05,1.237570836768593269e-05,1.263984826135780464e-05,1.263274330326457777e-05,1.289696208088987759e-05,1.313999618369582041e-05,1.336951479692215752e-05,1.330353332890716674e-05,1.359194239921764893e-05,1.379079660020143006e-05,1.368138262780055770e-05,1.398506101577659779e-05,1.414720170117294208e-05,1.428732906638584529e-05,1.431010115659349139e-05,1.443013804489519404e-05,1.452520510114384996e-05,1.429846582969723518e-05,1.463413779188743533e-05,1.468056738217853437e-05,1.440993775726592212e-05,1.475823274095299356e-05,1.475454248169723621e-05,1.472138881466002212e-05,1.439152882962689380e-05,1.475471879892879636e-05,1.467306202253477070e-05,1.431847105683062109e-05,1.469617291480870365e-05,1.457203766669007820e-05,1.442193507314710802e-05,1.404920162090648073e-05,1.444500152240512823e-05,1.426675069540254384e-05,1.390898658162822451e-05,1.432604536171634957e-05,1.413461343321902671e-05,1.393166806920187512e-05,1.425474643091721910e-05,1.406774930995805106e-05,1.387789936482375009e-05,1.363627641055733325e-05,1.410932166178229450e-05,1.395221978751713807e-05,1.379550242390097147e-05,1.429850403323094364e-05,1.419239552069152501e-05,1.410694524095069219e-05,1.409067600091459548e-05,1.462403730337444911e-05,1.461149817869448374e-05,1.470189797825565813e-05,1.525460389584146018e-05,1.532022330321990481e-05,1.542110031961167090e-05,1.606842377596978975e-05,1.620793338168668806e-05,1.638164955273644873e-05,1.668456116022878363e-05,1.722230442373542524e-05,1.744930481475644177e-05,1.779077639030536564e-05,1.828543276217202003e-05,1.853616798533473206e-05,1.880079778144235105e-05,1.914078481004594681e-05,1.953738680205382609e-05,1.977460843736659454e-05,2.005380235799028585e-05,2.034293255474567424e-05,2.051343698987314549e-05,2.066303093391389653e-05,2.085220100805401558e-05,2.092271074195709336e-05,2.096149923321894451e-05,2.097047586068036937e-05,2.097047586068036937e-05,2.093782486070637006e-05,2.084958813720791089e-05,2.072338645965013059e-05,2.053421638551001155e-05,2.031870501928909113e-05,2.006834088757378898e-05,1.974720698848561579e-05,1.940285739146235748e-05,1.904826271556395853e-05,1.860995160247583526e-05,1.817168837013551677e-05,1.774263610556004481e-05,1.730183371745973338e-05,1.675253618346445758e-05,1.624943095413894142e-05,1.578003941851198753e-05,1.518350057854350267e-05,1.467161368626538659e-05,1.420610082551864691e-05,1.375269348914845951e-05,1.310537003279034066e-05,1.267092703429903705e-05,1.225493770474488136e-05,1.165854873376498247e-05,1.124786763530980054e-05,1.088631065531519162e-05,1.032598071943069417e-05,9.988612963621080213e-06,9.690638434944712253e-06,9.414175377711388610e-06,8.917999110300971503e-06,8.689749150700083519e-06,8.476550484481255990e-06,8.036451132035234265e-06,7.885858848361439094e-06,7.730392075725996890e-06,7.588643264487623201e-06,7.265564905296471282e-06,7.158626013055562584e-06,7.060985079200592234e-06,6.742917032336469662e-06,6.735032805791097633e-06,6.670302318675366948e-06,6.396616312192238967e-06,6.428859766422459729e-06,6.385802284074360328e-06,6.342308005593213974e-06,6.115007712864682494e-06,6.177141427118770263e-06,6.142103780083329171e-06,5.943281898845945888e-06,6.017021877599356916e-06,5.982727237894837721e-06,5.942487880365445948e-06,5.771967885220632005e-06,5.843509622213672112e-06,5.797284744628900038e-06,5.643573238524761650e-06,5.709020236594623932e-06,5.653767794248088156e-06,5.591484466347025097e-06,5.568824159682489192e-06,5.503123467254638840e-06,5.430762517178258121e-06,5.305641617351343500e-06,5.340542604377917208e-06,5.258317390779661528e-06,5.142802794198391942e-06,5.164336487840810380e-06,5.073264303488920956e-06,4.977764070578827071e-06,4.874805800374718242e-06,4.876631658741536151e-06,4.774843669682952840e-06,4.680245745885300117e-06,4.670705387334208894e-06,4.564349064150902908e-06,4.456125389202431639e-06,4.458283491248885054e-06,4.349128248479591304e-06,4.239006241097173811e-06,4.164026736650837951e-06,4.132093744265618488e-06,4.021612219427394323e-06,3.954165169838099657e-06,3.915976332927584489e-06,3.806482555475803215e-06,3.697806180580819766e-06,3.640945777189925628e-06,3.595808513848027591e-06,3.489758653072799802e-06,3.439572065420939225e-06,3.391387735286163648e-06,3.288773051401050974e-06,3.188049168441766079e-06,3.146989573318627408e-06,3.096057640889722944e-06,2.999640299561253995e-06,2.964139029743903023e-06,2.912473036330151084e-06,2.820723625990363193e-06,2.731368726882714280e-06,2.738575214015076768e-06,2.651717023960340099e-06,2.567334684744527559e-06,2.543613946260994639e-06,2.492803339782656349e-06,2.413451089921174358e-06,2.393641118587345051e-06,2.343974432998254932e-06,2.269625758412097510e-06,2.197759328800274828e-06,2.183012785887307037e-06,2.135633439148042937e-06,2.068621665957021560e-06,2.056744393955039528e-06,2.011148445038795356e-06,1.948826462065149054e-06,1.888809802109933237e-06,1.895772260798440659e-06,1.837943525419617615e-06,1.782319840924834449e-06,1.776103062000669704e-06,1.735502753152120847e-06,1.684044907037225877e-06,1.679541534242324978e-06,1.641010979410613997e-06,1.593481914909497716e-06,1.547876953057964766e-06,1.545509638049100261e-06,1.510123993837756935e-06,1.468088998638019181e-06,1.466832044411430865e-06,1.433469685200435901e-06,1.394764921073482531e-06,1.357692380780017852e-06,1.363029883170713981e-06,1.327421305262626675e-06,1.293331717109449292e-06,1.298332920353879047e-06,1.269329203761777406e-06,1.240841948453928515e-06,1.245504341832122361e-06,1.217449739067001251e-06,1.189967338918732314e-06,1.163081084856104165e-06,1.167293705928967039e-06,1.140913576382218818e-06,1.115170366270362121e-06,1.119050771650917129e-06
2.053784021030392905e-06,2.128168276668715913e-06,2.204419088770059903e-06,2.201205446670921509e-06,2.279193567845464439e-06,2.358945298204922443e-06,2.440399006566600623e-06,2.436859279666355423e-06,2.519864682075954930e-06,2.604427835252673598e-06,2.600643651220191490e-06,2.686600862304218434e-06,2.773943716594882676e-06,2.783623427480662271e-06,2.888803646876059149e-06,2.981655229501269741e-06,3.094031167775415488e-06,3.108023485460545892e-06,3.206512254704525485e-06,3.327986018949821711e-06,3.345409351814528818e-06,3.449617532167241192e-06,3.580732322421935925e-06,3.716900620112250569e-06,3.740514181899957367e-06,3.853354280338349414e-06,3.999946928086629872e-06,4.028423405088860036e-06,4.146896527466150028e-06,4.304399272437129706e-06,4.338419164017682129e-06,4.504634755866880631e-06,4.631183322350208395e-06,4.805863746358840854e-06,4.849628570117736941e-06,4.981099354462820107e-06,5.167631610403675973e-06,5.218911150918255839e-06,5.354775015717969332e-06,5.553368695058273856e-06,5.758028534979018607e-06,5.822275592205228154e-06,5.963332825358858320e-06,6.180083525996489135e-06,6.254175811479321342e-06,6.397451229677778142e-06,6.626078677632097083e-06,6.711027495602287959e-06,6.951205399084052176e-06,7.095288372678597295e-06,7.340753811946820561e-06,7.443890560752045462e-06,7.586436433368302877e-06,7.842066717012908066e-06,7.958630760651596301e-06,8.097592751527571769e-06,8.362105746077781593e-06,8.630384465869917518e-06,8.768857904907063647e-06,8.897752546870979609e-06,9.172158721335782187e-06,9.326375976750208048e-06,9.444965625005582286e-06,9.723048158487756628e-06,1.000177171722687471e-05,1.018082379463452225e-05,1.027744689874106122e-05,1.055509872486612675e-05,1.075137995413977485e-05,1.082864666592821867e-05,1.110134229018551187e-05,1.131508487526715649e-05,1.159197622912460892e-05,1.163213228236158141e-05,1.188858581682906927e-05,1.212808262771091703e-05,1.213813270812344610e-05,1.237746308056955552e-05,1.263375063402656584e-05,1.260951821328132340e-05,1.282607281949357592e-05,1.302844549065007080e-05,1.330782509593430610e-05,1.322416722432534881e-05,1.339500698408501543e-05,1.368887456047328937e-05,1.356226551487361516e-05,1.369619794359741498e-05,1.400359439455686895e-05,1.412028564602626052e-05,1.392505327283404687e-05,1.399313864580001353e-05,1.431694494459681483e-05,1.407796429903830698e-05,1.409948849633280946e-05,1.443480148437259469e-05,1.415595195899178926e-05,1.413048343889979454e-05,1.407749087413656801e-05,1.442599568560665680e-05,1.409566138889094536e-05,1.399885574006051022e-05,1.436012548027953109e-05,1.401174599712820852e-05,1.387800105554169457e-05,1.372144500923076199e-05,1.409824107412183943e-05,1.374246012174253598e-05,1.356414159218993736e-05,1.395972798254472224e-05,1.362632119800732208e-05,1.344120884238652892e-05,1.385933953993837188e-05,1.366750660525248203e-05,1.339336941119983843e-05,1.321888568154976908e-05,1.366494611351280572e-05,1.346121485656612767e-05,1.332375702604546363e-05,1.379804719377125765e-05,1.368044200162486862e-05,1.359650667160294296e-05,1.353447315868986599e-05,1.403872595416071589e-05,1.405841247903126399e-05,1.406868593118321616e-05,1.459390323703298593e-05,1.471278379513526159e-05,1.479852274974109041e-05,1.533383831476612300e-05,1.545181797456514483e-05,1.569593158138373138e-05,1.588306254100790873e-05,1.640605720526629955e-05,1.670759525731993109e-05,1.694227713352430782e-05,1.743194323919906435e-05,1.775694710186720234e-05,1.801016443393881490e-05,1.827465966945775592e-05,1.868214274847849896e-05,1.898666732174541629e-05,1.922089970256755278e-05,1.953412771938463867e-05,1.976824485527782223e-05,1.993551498860493708e-05,2.013100519425055492e-05,2.023641080528065594e-05,2.033085032571281352e-05,2.036929261625499530e-05,2.038631531790822550e-05,2.038631531790822550e-05,2.034753103401580238e-05,2.026368412551809233e-05,2.014067497524895536e-05,1.997759732343105558e-05,1.975716311102602597e-05,1.951717293719306895e-05,1.922753234987997201e-05,1.888151546779038071e-05,1.854069989026319560e-05,1.815130954090839080e-05,1.770159935297967686e-05,1.728775567327075273e-05,1.686172275862406469e-05,1.639370303235815967e-05,1.585012095425276021e-05,1.539431792301593528e-05,1.490499662358101860e-05,1.432497553961586872e-05,1.387040251963858125e-05,1.339252547964645458e-05,1.296365015285987618e-05,1.237699019978633368e-05,1.196719376521770324e-05,1.155055399254231027e-05,1.098527948370679637e-05,1.062648157448562273e-05,1.027403067267681458e-05,9.746537539802018754e-06,9.448410038271867320e-06,9.171370896283857115e-06,8.920543880171100137e-06,8.456188225576821376e-06,8.240798862470709174e-06,8.065120834973020687e-06,7.654275120521906219e-06,7.496001845131400768e-06,7.390150224859406248e-06,7.266619931681580734e-06,6.922488046657202960e-06,6.823212455262602371e-06,6.793658409611809429e-06,6.496472832470388836e-06,6.431402280254333253e-06,6.445655580265239244e-06,6.189210206709006319e-06,6.147550181909791983e-06,6.106512318173184254e-06,6.156660560305046145e-06,5.942488133687340456e-06,5.911781422671172428e-06,5.977743150487674557e-06,5.789488497621053342e-06,5.761306743124008808e-06,5.727954369781658953e-06,5.796809820940962727e-06,5.634302560720437484e-06,5.596318750832330718e-06,5.662002651263480337e-06,5.514862891608767327e-06,5.468849295713211736e-06,5.526569037615386346e-06,5.466860276121165966e-06,5.336011271569594233e-06,5.273622294806295301e-06,5.312920101844647233e-06,5.192222543544351820e-06,5.120055409116050117e-06,5.146751474488331805e-06,5.035060295845854666e-06,4.953832550297825706e-06,4.867951888410107714e-06,4.875231043573988898e-06,4.775422371848136625e-06,4.682682106844084601e-06,4.678478227939219860e-06,4.586619094831343642e-06,4.488651429508248354e-06,4.474100862017046563e-06,4.368980128969226692e-06,4.288408713931305996e-06,4.185477239212317396e-06,4.157840423780720451e-06,4.084740146673121606e-06,3.980613801675014146e-06,3.946201450364803940e-06,3.880328017250508537e-06,3.776360546766449823e-06,3.672805494288089918e-06,3.630647906323104473e-06,3.574956481923414221e-06,3.473252601788548460e-06,3.427550363181081724e-06,3.378290482961501303e-06,3.279300869222491592e-06,3.181861928593021257e-06,3.132728828187583974e-06,3.092285887239722361e-06,2.998527476799141175e-06,2.948266458926463765e-06,2.913206343589153919e-06,2.823557304435603714e-06,2.772892023451016804e-06,2.685377305011038421e-06,2.657509256134887965e-06,2.574508105043366126e-06,2.524310124461480070e-06,2.500700889168231531e-06,2.422332447623780627e-06,2.373041156937149402e-06,2.353250359363521141e-06,2.279546288429367918e-06,2.208168321996019323e-06,2.160869070555507249e-06,2.146035444039590434e-06,2.079250685142432703e-06,2.033586638209258981e-06,2.021573893979254687e-06,1.959262995923564645e-06,1.915400215707878085e-06,1.856269311359198165e-06,1.847858172346319814e-06,1.791989100224584657e-06,1.751060085253354333e-06,1.744638475396204860e-06,1.692811244774013243e-06,1.653889971351549268e-06,1.649173098560946145e-06,1.601179278537317491e-06,1.555065374348127063e-06,1.519220688545163403e-06,1.516635431963505804e-06,1.474031879645234241e-06,1.440187309746940348e-06,1.438719476613190669e-06,1.399405677371158029e-06,1.367518858707526243e-06,1.330827404927586117e-06,1.330734465710128920e-06,1.300748687916455555e-06,1.271222457615011396e-06,1.276081916712725277e-06,1.246944898697874151e-06,1.218332640319279407e-06,1.222878179832703176e-06,1.194714719100942082e-06,1.167131299991405845e-06,1.140151706037779201e-06,1.144278503821792050e-06,1.117819903064406273e-06,1.092005407686633823e-06
2.111136474474940649e-06,2.187451739939261466e-06,2.184307970909705654e-06,2.262371498678439810e-06,2.342204281117650296e-06,2.423744796795361876e-06,2.420297739612269181e-06,2.503401778320262232e-06,2.588069635149359767e-06,2.584396319041485631e-06,2.670470654913995719e-06,2.757936978624508056e-06,2.754041159736350866e-06,2.842729925910120740e-06,2.949345885357325698e-06,3.060244639477500615e-06,3.056063013813822726e-06,3.171305322388729741e-06,3.291090158189741953e-06,3.286706667624518617e-06,3.411097771032581446e-06,3.540287259612901456e-06,3.646270629945823040e-06,3.669770241451299093e-06,3.808868655994868126e-06,3.953128617313820884e-06,3.948339561438623941e-06,4.097824440318238433e-06,4.252690534463311488e-06,4.247766524009931801e-06,4.408073447997887095e-06,4.573952742063737164e-06,4.745484111164431320e-06,4.740428390611178563e-06,4.917657036963855677e-06,5.100665471729054739e-06,5.095553921886002392e-06,5.284373241331570611e-06,5.479041514164569189e-06,5.612076906788811182e-06,5.674445213133137319e-06,5.880817513675848421e-06,6.092994919531794214e-06,6.087927909357467490e-06,6.305874999584051763e-06,6.529476132429073160e-06,6.524515077942183033e-06,6.753694759663545672e-06,6.988253946908641980e-06,7.227998284343771921e-06,7.223270659066308620e-06,7.468041631128714533e-06,7.717492944399054203e-06,7.713015427163526325e-06,7.966921575284287050e-06,8.224817666608527034e-06,8.350073346459226093e-06,8.482243457001519853e-06,8.746913405701039495e-06,9.014126588217380109e-06,9.010523662047438957e-06,9.279837257121464116e-06,9.550424277305405294e-06,9.648718833788910042e-06,9.818677570661300921e-06,1.008973298831832595e-05,1.035963279513783804e-05,1.035749678806886392e-05,1.062556548754007522e-05,1.089050194322434273e-05,1.088932067287280106e-05,1.115039731104042474e-05,1.140607808743512228e-05,1.165510133607380727e-05,1.165576166959648318e-05,1.189736377982019451e-05,1.212972289445316721e-05,1.213245540153428614e-05,1.235488262839913733e-05,1.256514021351277793e-05,1.250577175860999080e-05,1.276871938329194678e-05,1.295143100766131222e-05,1.311743939095216406e-05,1.312949060595114086e-05,1.327934375852678904e-05,1.340960327196939195e-05,1.342894466204802581e-05,1.354116952045678075e-05,1.363119436907128739e-05,1.369766399353932821e-05,1.373178467497635673e-05,1.377830070995446277e-05,1.379943732595195084e-05,1.384980312692516205e-05,1.385127256322151812e-05,1.382640752439191882e-05,1.352746520378165784e-05,1.385587083239455625e-05,1.378683843866799111e-05,1.369177216415631333e-05,1.380419802506423712e-05,1.369574817978307981e-05,1.356345105253469011e-05,1.321902133635560675e-05,1.357522783616919804e-05,1.341513721906839295e-05,1.323693307546783416e-05,1.345402326447883277e-05,1.327865046975673608e-05,1.309121039642057741e-05,1.336618554040413857e-05,1.319054583207858728e-05,1.301014264475092124e-05,1.282879670881449271e-05,1.318927717154929278e-05,1.303321984850756501e-05,1.288471845075008523e-05,1.331132498736684324e-05,1.319632196039605419e-05,1.309717925095822344e-05,1.304465158347944186e-05,1.352672695106071919e-05,1.348999237243817722e-05,1.348002977861694653e-05,1.403795090612458467e-05,1.407105197554839349e-05,1.413503905655804943e-05,1.472512396582931837e-05,1.482796617053621087e-05,1.496244360065629793e-05,1.512901027560867916e-05,1.572540466353175448e-05,1.591758373008368593e-05,1.613688205321628017e-05,1.670500051108149642e-05,1.693295395969564770e-05,1.717921375376233644e-05,1.750908355002944841e-05,1.792274172674288718e-05,1.816359998721784935e-05,1.840603493783475651e-05,1.879092974293405420e-05,1.899122877373337430e-05,1.917978959048814708e-05,1.944235637993142266e-05,1.956900016300906327e-05,1.967226860595940545e-05,1.974812280979483276e-05,1.982230010907836686e-05,1.981787048109054315e-05,1.981787048109054315e-05,1.978010940378882067e-05,1.970593210450528656e-05,1.958433327545944629e-05,1.942829600515755384e-05,1.923855398660798550e-05,1.897598719716470992e-05,1.871093583432621276e-05,1.841800464961346353e-05,1.803310984451416245e-05,1.767952939294391550e-05,1.730707345979739029e-05,1.685056753385031852e-05,1.641003526369061574e-05,1.598740514532828789e-05,1.555980836914261139e-05,1.499168991127739514e-05,1.454960491992434858e-05,1.411216108207596978e-05,1.351576669415289277e-05,1.308263570287236264e-05,1.266194928157311879e-05,1.225533428649022823e-05,1.166524937721895759e-05,1.128237128343104562e-05,1.091800186124132243e-05,1.036008073373368428e-05,1.002935954040727826e-05,9.719101856795624611e-06,9.220712409761469162e-06,8.939430727079822361e-06,8.688495592768770502e-06,8.456577496795716469e-06,8.029970960180249346e-06,7.837695754923275224e-06,7.661936080139994937e-06,7.301455617487897473e-06,7.162546016321386837e-06,7.036612211319253530e-06,6.921922989955429470e-06,6.646947850963546970e-06,6.561874470352009684e-06,6.484067592047462286e-06,6.266977453517553798e-06,6.212564694987231795e-06,6.161546298450491321e-06,5.922070579035295564e-06,5.960840700921572273e-06,5.926801254964755541e-06,5.891678377553721189e-06,5.779254690190168688e-06,5.753462622651583687e-06,5.724099177019016574e-06,5.548038825266251030e-06,5.618282161998433354e-06,5.588234103607233539e-06,5.552578542922733426e-06,5.502235264293316115e-06,5.466812738229184405e-06,5.424979890085748793e-06,5.390905740376169438e-06,5.347100499926847406e-06,5.296657544361288967e-06,5.239838918034514197e-06,5.220599402065537259e-06,5.160471943549125901e-06,5.094332132112339189e-06,5.082445087423738824e-06,5.012629474379806249e-06,4.937451781458864058e-06,4.832396650171298879e-06,4.851928443809295962e-06,4.768661974762013809e-06,4.681372585783816923e-06,4.679019185906803868e-06,4.589010602371982720e-06,4.495914698280504461e-06,4.495749426147934664e-06,4.400592462863179755e-06,4.303217575446116643e-06,4.204078518472157672e-06,4.205921391637847177e-06,4.105839227084690410e-06,4.004792028682976702e-06,4.007717012758620558e-06,3.906390957496490591e-06,3.804811588197078393e-06,3.742228935565105622e-06,3.707330368400151179e-06,3.606432018363015659e-06,3.506169629744139871e-06,3.510838929766494503e-06,3.411651100018840501e-06,3.313561806447593881e-06,3.266463779619940011e-06,3.222127910774331954e-06,3.126961378801682127e-06,3.033420153565326081e-06,3.039178717716516008e-06,2.947514565657498258e-06,2.857721068597941262e-06,2.863796324151365860e-06,2.776061041322146544e-06,2.690371543257694853e-06,2.606796443350316823e-06,2.613168764890600943e-06,2.531815708716019255e-06,2.452665136155774854e-06,2.459172668293942092e-06,2.382284027630484545e-06,2.307639739544959811e-06,2.288299836921277513e-06,2.241830755213024700e-06,2.171696650184503915e-06,2.103804354768533742e-06,2.110368460688220718e-06,2.044686181051469789e-06,1.981206372632733200e-06,1.987698722207920609e-06,1.926361309143042725e-06,1.867166117209137841e-06,1.810079154990372331e-06,1.816402336554839287e-06,1.761332200497538573e-06,1.708287771380900148e-06,1.714437642338979423e-06,1.663310408454661115e-06,1.614116915909007367e-06,1.609260249990813086e-06,1.572679309276330741e-06,1.527133396231025882e-06,1.483373811406559120e-06,1.489002870491565712e-06,1.446894961678258990e-06,1.406470662366084768e-06,1.411840496272398723e-06,1.372959225787024079e-06,1.335658509672047086e-06,1.305176601685127625e-06,1.310179416702710652e-06,1.280035085687923027e-06,1.250358449620489187e-06,1.255075537701215957e-06,1.225804064517195886e-06,1.197065142359972821e-06,1.201491680078207982e-06,1.173216745751961669e-06,1.145529243633045923e-06,1.118452816318860375e-06,1.122489886616558033e-06,1.095948518087780129e-06
2.171387178049199006e-06,2.168315711038902088e-06,2.246456766388643791e-06,2.326372400637540646e-06,2.408001188624298577e-06,2.404647917769459437e-06,2.487851347218674415e-06,2.572624286073192488e-06,2.569061826205579036e-06,2.655252871083156661e-06,2.742841830270449715e-06,2.739074641709724224e-06,2.827898095605010259e-06,2.917920090423595963e-06,3.009030157848235237e-06,3.023333179232529283e-06,3.137020705980896160e-06,3.233319409494285253e-06,3.250929669582020079e-06,3.373547235832081444e-06,3.475055677289852589e-06,3.604969978397985994e-06,3.628498597553400042e-06,3.735175025438218608e-06,3.874690134573124871e-06,3.902840509778449133e-06,4.049892234628392105e-06,4.164089027033569376e-06,4.197480154327416191e-06,4.355044786843563774e-06,4.473930340458188923e-06,4.639120294789976285e-06,4.681660781524362028e-06,4.855630088838365708e-06,4.980792847366597360e-06,5.030349392605521362e-06,5.215533715826549877e-06,5.344151233932569755e-06,5.536429847565737123e-06,5.598017391050118623e-06,5.729313564603698176e-06,5.932417183002410991e-06,6.003089819837666227e-06,6.216364516882892858e-06,6.349760914684311198e-06,6.430407067436471626e-06,6.654473545022384167e-06,6.787672416002861417e-06,7.016187207002021572e-06,7.113449617697297257e-06,7.352442734633542015e-06,7.482239672913006687e-06,7.591707958024463107e-06,7.839406915245235153e-06,7.964484842857384121e-06,8.212695441404796232e-06,8.341982266191890833e-06,8.459999099768274671e-06,8.713297973374384568e-06,8.856762240584279818e-06,9.118964366077794020e-06,9.221198457772439546e-06,9.477688809181246702e-06,9.643425492669906930e-06,9.731308458086667865e-06,9.986364942145000919e-06,1.016749590867711013e-05,1.042806199134748937e-05,1.048774355752916849e-05,1.068443609966049799e-05,1.093808271013227574e-05,1.097437147197769865e-05,1.120935727764138152e-05,1.142894779588769711e-05,1.166357667955147628e-05,1.165729577446201782e-05,1.189178022960740518e-05,1.210777008743636422e-05,1.206855776718875257e-05,1.225448646867038993e-05,1.250944114011251370e-05,1.243409564069423366e-05,1.259170095977541786e-05,1.285946607585627423e-05,1.300513746831230377e-05,1.287003354612204384e-05,1.314972963104537310e-05,1.325891101546413769e-05,1.308315002262393688e-05,1.314882712164714738e-05,1.344300077921766317e-05,1.348842241840430418e-05,1.325137759206213062e-05,1.355557054270779126e-05,1.355700989832563258e-05,1.328482939287303194e-05,1.324154108505100752e-05,1.355718554589334104e-05,1.325663733476776036e-05,1.317312957624749186e-05,1.349967252022387076e-05,1.339268961889816149e-05,1.306215846682538698e-05,1.292277246499991332e-05,1.326256845315418170e-05,1.293158112335142742e-05,1.276992018578169724e-05,1.312582799681864981e-05,1.294956299821481126e-05,1.263900570075743587e-05,1.301450813564008421e-05,1.283536243053152953e-05,1.256555382192202046e-05,1.239737237291889716e-05,1.279775406720784497e-05,1.263361204780862320e-05,1.244639107738981609e-05,1.287270504366106876e-05,1.274571103544659993e-05,1.263844968916897050e-05,1.255986505967735468e-05,1.301545327246162285e-05,1.299718953716974148e-05,1.298122906868365670e-05,1.345950240229958166e-05,1.347296723457991936e-05,1.358470521119791527e-05,1.407800781020567473e-05,1.416068193125598056e-05,1.435494895235939195e-05,1.450363263374633983e-05,1.499663453076861826e-05,1.517122314557187610e-05,1.545652326495787553e-05,1.593071022227629264e-05,1.614707206181654244e-05,1.645909795406358473e-05,1.670736249423738693e-05,1.712438366317615366e-05,1.742863079382238480e-05,1.766796331303175895e-05,1.801338172479470279e-05,1.822597475874573774e-05,1.847120357054363114e-05,1.872202394506079282e-05,1.887317788901065794e-05,1.903012836274401711e-05,1.913111938448876226e-05,1.923009404461961975e-05,1.926445955095445702e-05,1.927242251493393308e-05,1.927242251493393308e-05,1.924443511206237829e-05,1.916833182206447144e-05,1.905026044979105291e-05,1.890092649916589251e-05,1.870963012978575933e-05,1.849216575863827939e-05,1.821463207486307675e-05,1.791573385906460866e-05,1.760622389767759656e-05,1.722596081715406467e-05,1.686690809524687756e-05,1.646586764699702377e-05,1.600590009604312993e-05,1.559691298165370200e-05,1.515175548699693239e-05,1.473350209669727713e-05,1.420844412286239808e-05,1.375003596214007074e-05,1.333018693511017740e-05,1.278599955290226047e-05,1.237374286026993568e-05,1.194542230356085961e-05,1.156300930834826222e-05,1.102749629774749334e-05,1.064446369761817336e-05,1.030640850297946723e-05,9.798267056730425089e-06,9.489304465608083610e-06,9.191514098743650145e-06,8.722814577623220995e-06,8.470884392260259976e-06,8.242118612960612869e-06,8.033454063584677358e-06,7.625110856217908172e-06,7.465273055338895872e-06,7.309536842713033696e-06,6.949946128247451129e-06,6.821438985113842809e-06,6.744504643651088369e-06,6.645021028433339890e-06,6.344481568922604421e-06,6.318890537905890356e-06,6.252811204992410977e-06,5.992991645186548124e-06,5.942006248051163155e-06,5.965617447336594352e-06,5.740709981528974235e-06,5.708304568496272046e-06,5.757262735460414870e-06,5.727817706443566687e-06,5.538818051580664550e-06,5.513665469718807651e-06,5.577753186480282501e-06,5.410663064049194385e-06,5.386365343047807351e-06,5.454495509857724779e-06,5.421692917464899689e-06,5.276387942405507375e-06,5.342295702526250929e-06,5.302800796631283702e-06,5.170541429693106015e-06,5.128486965434868563e-06,5.181347561393463637e-06,5.126769269943211841e-06,5.008475146184066017e-06,5.051018374353678984e-06,4.987139907897046955e-06,4.877613295482204158e-06,4.811478728432835034e-06,4.835760818607547399e-06,4.734074355030021767e-06,4.659653946296918141e-06,4.672358538268155902e-06,4.587672608262838436e-06,4.496420644190852384e-06,4.498095092165868276e-06,4.407694195044600912e-06,4.323452700277560130e-06,4.233647215422536739e-06,4.220451553529125804e-06,4.124082164041477644e-06,4.049843808953658569e-06,4.028455093826257026e-06,3.930153467047743807e-06,3.862558718210897275e-06,3.766769567737874876e-06,3.735349572532711180e-06,3.674202598663746677e-06,3.578365030239246048e-06,3.541905477280068679e-06,3.444160527235943625e-06,3.392138589215588734e-06,3.298065620493708438e-06,3.256053425261572641e-06,3.209822576271511653e-06,3.118029908101517017e-06,3.073612945463257930e-06,2.982201777026848400e-06,2.943951167768442364e-06,2.897972049349256854e-06,2.810135468083667705e-06,2.776785615137421196e-06,2.693097690544449465e-06,2.646062949135511000e-06,2.564185763775469750e-06,2.537421737747028870e-06,2.490440654630559485e-06,2.412820748792994246e-06,2.389984117773858482e-06,2.316319555108315244e-06,2.270244931058311785e-06,2.250949608231804413e-06,2.181480218108208691e-06,2.136458948791809314e-06,2.069716800572077813e-06,2.055047795290702201e-06,2.011339039927748799e-06,1.948877111159153011e-06,1.936864437226558121e-06,1.877737392462156363e-06,1.836366889576009472e-06,1.780118040712704234e-06,1.771519324170720450e-06,1.731860647570721657e-06,1.679551196418545633e-06,1.672859194116526852e-06,1.623365427413991210e-06,1.586438295258484670e-06,1.581393147529945775e-06,1.535451561851675005e-06,1.500368425060614298e-06,1.457129395665700770e-06,1.454158588783277524e-06,1.420919669508556369e-06,1.380948875898570385e-06,1.379083162507531309e-06,1.347667988289493578e-06,1.316612218052517400e-06,1.285957350872054649e-06,1.290794985293728696e-06,1.260493171966448017e-06,1.230666664061833104e-06,1.235241396130504984e-06,1.205834981890023795e-06,1.176968427136860455e-06,1.181274529164220055e-06,1.152886239973195287e-06,1.125092343722224231e-06,1.097916359382821253e-06,1.101860583059085040e-06
2.153178651693887000e-06,2.231398821660477535e-06,2.311398586779751179e-06,2.393116605901337921e-06,2.389857747585970531e-06,2.473160848896740815e-06,2.558038793258827769e-06,2.554586742885387917e-06,2.640893667191874555e-06,2.728604036869881917e-06,2.724963845719554689e-06,2.813919934065972391e-06,2.904080244273644350e-06,2.995334345192665592e-06,2.991455669764542195e-06,3.083629623132975696e-06,3.198336640842131881e-06,3.216045848344802207e-06,3.313274311421642615e-06,3.436693972054876519e-06,3.564657083227414587e-06,3.560415525544652059e-06,3.692980236024528308e-06,3.830290883403609137e-06,3.825924142611023085e-06,3.968036806188380825e-06,4.115077366522776930e-06,4.148319130163721614e-06,4.262629262077047087e-06,4.419730512880837975e-06,4.581974317405651950e-06,4.577415426949774074e-06,4.744838286565045566e-06,4.917495592370107690e-06,4.966563645533606364e-06,5.090821413339451092e-06,5.274006320594957511e-06,5.462452911016188254e-06,5.457885207938183111e-06,5.651581720698453197e-06,5.850466383901476690e-06,5.845963991034488584e-06,6.049995501240860783e-06,6.259048101825823686e-06,6.338402700905148943e-06,6.468652882506929284e-06,6.687389930276927490e-06,6.910678314343337676e-06,6.906516403975497526e-06,7.134201586805597638e-06,7.365952755660063242e-06,7.473260443405985284e-06,7.597627830001507139e-06,7.836646088351304336e-06,8.078683268545995021e-06,8.075163250734073995e-06,8.319892709344447936e-06,8.566702669325586668e-06,8.563569323184652598e-06,8.812052523536589149e-06,9.061459964577258473e-06,9.311120175127705158e-06,9.308643099934056978e-06,9.558018971558259198e-06,9.806132575424546591e-06,9.804296301647136044e-06,1.005053931215234061e-05,1.029375650756350340e-05,1.048519138079513997e-05,1.053229362261192359e-05,1.076679912809794009e-05,1.099515732020793935e-05,1.099575274025970021e-05,1.121727946570671484e-05,1.143038335718890312e-05,1.165808946671696250e-05,1.163681913663358581e-05,1.182988080318457266e-05,1.201059543261739489e-05,1.201665330290776847e-05,1.218488430758860737e-05,1.233814831409728026e-05,1.234846594674812019e-05,1.248718287095749660e-05,1.260839325047108514e-05,1.287914518522986269e-05,1.272984466787612260e-05,1.281500150512169235e-05,1.287914870868643904e-05,1.290808627647135849e-05,1.295419497285526904e-05,1.297763508807101468e-05,1.327110187556412395e-05,1.302575236878097611e-05,1.300765740736201189e-05,1.296550460565665919e-05,1.303399692370929355e-05,1.297563638314716802e-05,1.289369891391382454e-05,1.298863236744977601e-05,1.289374171486366128e-05,1.277696360541897111e-05,1.263922334141549837e-05,1.278027161992661838e-05,1.263639935015914163e-05,1.247524556773578133e-05,1.265946267426376140e-05,1.249896276655960071e-05,1.232619247543702723e-05,1.268236282547173895e-05,1.239622630094081570e-05,1.222578318130945479e-05,1.205243425920138026e-05,1.236223848580723991e-05,1.220930113652780744e-05,1.206083639178231643e-05,1.246337315342742584e-05,1.231019715507817463e-05,1.220180345555701834e-05,1.210911815670015662e-05,1.255601502277311514e-05,1.250053481994345769e-05,1.246718053298881265e-05,1.296400943318018393e-05,1.297011500361523902e-05,1.300291204221891218e-05,1.347323057388396344e-05,1.360746215214939510e-05,1.370658964255951746e-05,1.383541054249154343e-05,1.439040395215235353e-05,1.454827513690194156e-05,1.473311472431007511e-05,1.519604819235157646e-05,1.547753870883081381e-05,1.569929673105527809e-05,1.593912201937889217e-05,1.642585797638189556e-05,1.665861811020343772e-05,1.689909701549692584e-05,1.731194517053721832e-05,1.752551933214377579e-05,1.773510780723305252e-05,1.800766604167402174e-05,1.821335606515734584e-05,1.836155436142423690e-05,1.849014631660222697e-05,1.864499346203372419e-05,1.870666339244910466e-05,1.874069805883403050e-05,1.875554503746129249e-05,1.875554503746129249e-05,1.872225334346626976e-05,1.864981072219030572e-05,1.854520949901372422e-05,1.839036235358222361e-05,1.821140699949366638e-05,1.800266235614963160e-05,1.775109454599346396e-05,1.745115067838451644e-05,1.715331896563139003e-05,1.683457993898556900e-05,1.642173178394527652e-05,1.605758894878399711e-05,1.568148893481065585e-05,1.519475297780765246e-05,1.479116316511847031e-05,1.438491322014336224e-05,1.394796905025609901e-05,1.343541971774482867e-05,1.302552997443122590e-05,1.262365436670304645e-05,1.206866095704223465e-05,1.167830748443681161e-05,1.130190470033335983e-05,1.091602166043354151e-05,1.040643192429448560e-05,1.007141403898400509e-05,9.754332211271828115e-06,9.257503311080455139e-06,8.973800324828689037e-06,8.708886937952180340e-06,8.261990071879226903e-06,8.033701804609278454e-06,7.823255586136782855e-06,7.642092932253647666e-06,7.259810670693864288e-06,7.101435280853636805e-06,6.957095476909759080e-06,6.647291250526060925e-06,6.535047376151115780e-06,6.433484573795669028e-06,6.387838688804701426e-06,6.106700825047761902e-06,6.039404595952715535e-06,5.977704448474819142e-06,5.793487415935955603e-06,5.751248687447453831e-06,5.711241518102095946e-06,5.570193644673884029e-06,5.544048002837378514e-06,5.517201390764648456e-06,5.488799005659435014e-06,5.393867967182080414e-06,5.372735016647781363e-06,5.347973826592771450e-06,5.279488505121042846e-06,5.258052813136987604e-06,5.231545969308929016e-06,5.296090772862404881e-06,5.157182179042460263e-06,5.125068502462013855e-06,5.087056826995565944e-06,5.058162984494683861e-06,5.018014919621147553e-06,4.971827884253430053e-06,5.017478939173061295e-06,4.903455459010968270e-06,4.848290705924280951e-06,4.787682437151798945e-06,4.777511860708851202e-06,4.713460743013045429e-06,4.644556355429227739e-06,4.638715453692196375e-06,4.566514172653925085e-06,4.490197148320951839e-06,4.496734907983273292e-06,4.408167641407829667e-06,4.325650712976994775e-06,4.240297202720089489e-06,4.240133837327621432e-06,4.152838051621508240e-06,4.063474924886200834e-06,4.046337252776673036e-06,3.974023626674014110e-06,3.882051480348649593e-06,3.789124963945139574e-06,3.791647442403319165e-06,3.698374164300088434e-06,3.604783522230732973e-06,3.608055250827706519e-06,3.514659462043267404e-06,3.421499322365202975e-06,3.328824683146912855e-06,3.332888064815905969e-06,3.241095334720926252e-06,3.150211091765145643e-06,3.154752106847542403e-06,3.065102168586618934e-06,2.976702752717362841e-06,2.932412151408469151e-06,2.894752031999108355e-06,2.809382991272354522e-06,2.725644212826436573e-06,2.730992935136141995e-06,2.649064523453595382e-06,2.568936956193459674e-06,2.522834397397244008e-06,2.496317660591137766e-06,2.420038131928230856e-06,2.345719927173543303e-06,2.351502426858576278e-06,2.279213046544557294e-06,2.208935217411466894e-06,2.214801179264168925e-06,2.146564902565631099e-06,2.080355512786377765e-06,2.036775230632969788e-06,2.022064583221647814e-06,1.959893346797965040e-06,1.899723139617905001e-06,1.905577489953949672e-06,1.847367786552244855e-06,1.791113728347357544e-06,1.751268394137654483e-06,1.742526404603931850e-06,1.690060560102693640e-06,1.639456454178062782e-06,1.645064010339138045e-06,1.596235427072261585e-06,1.549191563839909529e-06,1.554638362011517892e-06,1.509279976547311919e-06,1.465622607324377989e-06,1.431976748022966608e-06,1.428817506950774960e-06,1.388364998876880268e-06,1.356514887144940845e-06,1.361495687644309303e-06,1.329895552874138559e-06,1.298662164981758962e-06,1.267836975315875462e-06,1.272511526052791521e-06,1.242053803479463383e-06,1.212078489038373779e-06,1.216511438784392221e-06,1.186970181748226093e-06,1.157975633398809142e-06,1.162160495586524597e-06,1.133657620254979202e-06,1.105755687366583519e-06,1.078478108010338168e-06
2.217149989739685376e-06,2.297234703618928666e-06,2.379042465965092183e-06,2.375878215268861228e-06,2.459280855242341646e-06,2.544263332332975332e-06,2.540920867786889465e-06,2.627342485683825032e-06,2.715172706614689853e-06,2.711657569100813801e-06,2.800743952580463963e-06,2.891039832477010421e-06,2.982434804182671617e-06,2.978702320186396703e-06,3.071027797691838135e-06,3.164212658565362401e-06,3.160330434605414804e-06,3.277622672672149703e-06,3.399240463275130200e-06,3.497858695435423838e-06,3.521225950669809685e-06,3.651753434109540612e-06,3.754974340889513483e-06,3.782729962690206345e-06,3.922547224252953179e-06,4.030190010471366154e-06,4.062897145524721464e-06,4.212340288436615756e-06,4.366713117082012365e-06,4.480446977314480425e-06,4.521742812967415095e-06,4.686121543592688245e-06,4.803372716743103020e-06,4.851219906085567509e-06,5.025752412677568735e-06,5.205378170452448970e-06,5.326753251608867939e-06,5.385768455235301291e-06,5.575540579461191810e-06,5.698661130055918143e-06,5.766066881192957683e-06,5.965794676624326255e-06,6.089640905482255397e-06,6.166218939171783071e-06,6.375522382203613454e-06,6.589373514893002508e-06,6.711896185097633345e-06,6.803676387289740931e-06,7.026090361980426691e-06,7.145809273807797869e-06,7.248704105883317840e-06,7.478663998608968538e-06,7.711866201575366100e-06,7.823773855474068332e-06,7.944632329970127151e-06,8.183222641891487912e-06,8.287175211059139002e-06,8.420829913757432427e-06,8.662903187554518922e-06,8.756354405121490167e-06,8.992872090881929106e-06,9.146552375366750391e-06,9.389259666770579808e-06,9.461495379478267233e-06,9.628968738960433233e-06,9.868494045795777225e-06,9.922718870502085490e-06,1.010410143002644845e-05,1.033699999654614638e-05,1.056497135757314128e-05,1.058570667135537891e-05,1.078751046370227840e-05,1.100281320544431735e-05,1.099709676964822813e-05,1.121215389357662056e-05,1.141046268335135489e-05,1.159811474181424851e-05,1.154617842019062874e-05,1.177943913516775870e-05,1.194300604508981392e-05,1.185703059688610379e-05,1.210165455590135921e-05,1.223660157038256101e-05,1.211467632834776878e-05,1.236985571861987949e-05,1.247205292689712659e-05,1.255508484141856794e-05,1.237648521494405967e-05,1.264447401403380232e-05,1.268952538115611650e-05,1.247510716640003857e-05,1.275184570812400629e-05,1.275726059473277394e-05,1.273973779879949521e-05,1.247513062622112486e-05,1.276182713798780222e-05,1.270466777630226422e-05,1.241578737693307851e-05,1.271179635618981406e-05,1.261828950864962473e-05,1.231425321392770986e-05,1.219001673409001515e-05,1.249731263605740370e-05,1.235450121934767179e-05,1.204311773519506195e-05,1.236418843825253262e-05,1.220335832636824307e-05,1.190834945795277582e-05,1.224636824817710378e-05,1.207957013131969533e-05,1.190593034283759103e-05,1.165576547383794415e-05,1.201573285168534691e-05,1.185650403254118133e-05,1.166110280041585848e-05,1.204457622352939357e-05,1.191454585652121614e-05,1.179501231791781212e-05,1.169697733717970846e-05,1.210826694612740384e-05,1.203822980327167142e-05,1.202259502456923117e-05,1.245702986867986575e-05,1.244593863007070891e-05,1.251489869502320219e-05,1.296732346143033234e-05,1.301935041460166289e-05,1.309937315367583893e-05,1.328152629910715011e-05,1.374206979683716355e-05,1.388229089449001476e-05,1.412594206380729137e-05,1.457858369366441994e-05,1.476588529101561214e-05,1.497541832481857835e-05,1.527366882150904082e-05,1.568892408799004733e-05,1.591702013013951924e-05,1.621384590881970149e-05,1.657647576061015995e-05,1.679501423197997539e-05,1.705827919480239042e-05,1.734686447350849343e-05,1.752612810148410980e-05,1.769370577973740274e-05,1.787046583525367206e-05,1.803323328878509793e-05,1.812453210210562379e-05,1.820401794731177895e-05,1.825526243647955792e-05,1.825203765793885092e-05,1.825203765793885092e-05,1.821948423454529354e-05,1.815163157261801870e-05,1.805010160964098075e-05,1.791446126349870499e-05,1.773246622945483917e-05,1.752220461578537068e-05,1.729098437574985359e-05,1.703486421401901181e-05,1.671761614158791438e-05,1.639091699391851932e-05,1.606333269326920308e-05,1.566461805553637416e-05,1.527653020774053313e-05,1.490182150926213656e-05,1.444413254855958239e-05,1.402188279016949891e-05,1.362596556635642245e-05,1.323262376588113520e-05,1.273315013443888935e-05,1.231134733924315358e-05,1.192830889983918094e-05,1.142288252247553389e-05,1.102643694452724093e-05,1.067268206396401937e-05,1.033444432912351252e-05,9.848419265000273929e-06,9.516671438446022799e-06,9.223664798752380281e-06,8.768443212497616852e-06,8.495632579035667861e-06,8.253930038937223095e-06,7.838140064445120930e-06,7.629052172623135964e-06,7.439650464544532904e-06,7.265908430986604972e-06,6.906725956249059882e-06,6.781566684916054550e-06,6.654202268418724739e-06,6.339024602313401223e-06,6.269464725954824361e-06,6.181599379658020723e-06,6.101871338757142397e-06,5.838712305481609123e-06,5.828633974827341315e-06,5.776624070498527337e-06,5.548719787949978592e-06,5.572345074469155267e-06,5.539452022563047249e-06,5.341459782566009045e-06,5.316418873751896533e-06,5.367195499336795463e-06,5.343445754302811006e-06,5.175987501014833614e-06,5.238527705403159656e-06,5.217081802453602495e-06,5.068185424030395446e-06,5.135171168365355803e-06,5.111109990356772920e-06,5.081723560117467272e-06,4.951313995079242874e-06,5.012354245405159159e-06,4.976341723879413270e-06,4.857045578025473873e-06,4.911310476213275468e-06,4.866979276154821473e-06,4.816955208942235999e-06,4.709675960191809790e-06,4.748519879260953219e-06,4.689908489424269027e-06,4.590230136704315261e-06,4.618423370792987561e-06,4.551623110920363073e-06,4.458794449179770108e-06,4.476125336002311357e-06,4.402038497239436465e-06,4.324375020796213580e-06,4.240740461970345730e-06,4.242289225154226283e-06,4.159341116698982387e-06,4.081908862527752351e-06,4.074303316878775361e-06,3.987396995898560862e-06,3.898847681257014685e-06,3.830307340776694839e-06,3.810802425848354967e-06,3.720340464216834097e-06,3.657724807528561721e-06,3.631845955686418187e-06,3.540666952311164556e-06,3.483819421907218914e-06,3.395302720339995679e-06,3.361850636872937784e-06,3.271454319804075598e-06,3.222804503997641132e-06,3.185669542971061967e-06,3.096940744379352535e-06,3.053516297864612907e-06,3.013621287885952489e-06,2.927239164550912648e-06,2.842183888550846356e-06,2.805995332052032719e-06,2.763418402889552021e-06,2.681475695239096756e-06,2.649755085207619253e-06,2.606287067847608217e-06,2.527803284206491616e-06,2.451113220005550836e-06,2.425429471079055247e-06,2.381634178764665227e-06,2.308736004371161549e-06,2.286675832772725348e-06,2.243247638026126924e-06,2.174247740900335710e-06,2.155472234232840273e-06,2.112764803184126996e-06,2.047699377143791111e-06,1.984594736804929890e-06,1.970135691141721712e-06,1.929025008281017745e-06,1.869812872191104160e-06,1.857852771156968251e-06,1.818066089656742047e-06,1.762659853627705232e-06,1.709128417870513687e-06,1.700399968991676048e-06,1.662874427288295795e-06,1.612968525300831500e-06,1.606063107802652938e-06,1.570149954572156945e-06,1.523718699012132986e-06,1.518399371966017239e-06,1.484148434644207145e-06,1.441027384228881081e-06,1.399526718302717338e-06,1.404512076241907774e-06,1.372182367348161729e-06,1.340137675981621471e-06,1.344930744825914046e-06,1.313149710896360423e-06,1.281742231240736645e-06,1.250749723125452568e-06,1.255263686275643429e-06,1.224652056752117021e-06,1.194529458569450175e-06,1.198821683704923954e-06,1.169146190992569308e-06,1.140023820094487478e-06,1.144087191931298535e-06,1.115469072859484322e-06,1.087458053041067495e-06
2.283835380241653065e-06,2.365733004882207618e-06,2.362663179220477805e-06,2.446164863460964747e-06,2.531251056915563978e-06,2.528017029730585423e-06,2.614551850570715510e-06,2.702500079931008146e-06,2.699107791176117751e-06,2.788321893132563364e-06,2.878750384748751591e-06,2.970282878657154951e-06,2.966692837867787444e-06,3.059165682939692101e-06,3.152502831471273983e-06,3.148777802901911765e-06,3.242807088886530500e-06,3.337435613476074789e-06,3.459568440131543112e-06,3.482925096644289807e-06,3.582067553787934940e-06,3.712814766463049872e-06,3.740488358399528002e-06,3.843999939846112064e-06,3.983678767533140565e-06,4.016214712219184792e-06,4.123866060485493599e-06,4.272742131707204137e-06,4.426301173271863903e-06,4.467251482024565185e-06,4.580462327857309839e-06,4.743478232036716556e-06,4.790835302926579812e-06,4.907135498928277609e-06,5.079666024958176627e-06,5.256930877483693614e-06,5.315186662548968464e-06,5.434834710950704653e-06,5.621457973639653234e-06,5.687887573273482292e-06,5.808674384064040145e-06,6.004358002161273768e-06,6.079709768018825588e-06,6.200536787968766728e-06,6.404788599414594577e-06,6.613039480490416937e-06,6.703152474058362066e-06,6.821471364608143955e-06,7.037105972323596225e-06,7.137993382929971893e-06,7.252621616522074138e-06,7.474510395843444793e-06,7.698954461104478317e-06,7.817228516580822334e-06,7.922572358052098522e-06,8.150958788332476925e-06,8.281599116780889215e-06,8.377931327224597246e-06,8.608270705449401117e-06,8.838639057022939426e-06,8.836492378476805117e-06,9.066401673800387434e-06,9.294975542697434597e-06,9.458236303112138273e-06,9.520082558739935121e-06,9.743858477001349366e-06,9.920509725422445559e-06,9.963282818566516919e-06,1.017885934306789273e-05,1.038874985991804467e-05,1.058503811719719305e-05,1.059287604607888627e-05,1.078876941964347576e-05,1.099777601578524772e-05,1.097847542001359085e-05,1.115614014190836028e-05,1.132265207065277612e-05,1.154909443053763766e-05,1.148309107997897415e-05,1.162484152956940461e-05,1.186211219800664063e-05,1.176231099978047035e-05,1.187522252828203806e-05,1.212248934414174066e-05,1.198755367130243013e-05,1.206805035397678180e-05,1.212974224915348612e-05,1.238901796373972947e-05,1.219970908564637855e-05,1.222473965285139462e-05,1.249205641589934505e-05,1.226956192552228482e-05,1.225700254790438359e-05,1.222277953209776959e-05,1.249898496661952158e-05,1.223148670908111577e-05,1.216078762206643776e-05,1.244520549495104235e-05,1.215804903186163069e-05,1.205482051462797568e-05,1.193221327901021805e-05,1.205185325908356545e-05,1.192245877704294675e-05,1.177668081005249391e-05,1.208283433491163360e-05,1.178653742351078591e-05,1.162751538913971033e-05,1.194874363661002460e-05,1.167427943838895449e-05,1.151395307223726518e-05,1.134929183338110578e-05,1.169008181673459377e-05,1.146732959367657898e-05,1.132102320290790137e-05,1.168351623956178800e-05,1.151840842271425711e-05,1.140426943040801205e-05,1.130215579378076704e-05,1.169091297552344043e-05,1.162440443506431027e-05,1.157281682386292594e-05,1.198440910580444696e-05,1.199770824649064889e-05,1.200457307434525207e-05,1.243508553576590445e-05,1.252771585922097011e-05,1.259574129787371591e-05,1.269070839560135142e-05,1.313289076661730135e-05,1.332779533738339340e-05,1.347920707402977033e-05,1.391830721045113558e-05,1.416428116272882116e-05,1.435852400047681397e-05,1.457285671770776068e-05,1.498361087186094053e-05,1.526866970505845515e-05,1.549761932565196822e-05,1.586446233818642842e-05,1.613757700401091433e-05,1.635422939555509209e-05,1.665665500986094363e-05,1.688773829917920445e-05,1.706407402294867078e-05,1.722809079179614110e-05,1.741744280170848380e-05,1.755502232059599115e-05,1.764430786066672072e-05,1.773042732487754828e-05,1.777040475260950841e-05,1.776816474475818300e-05,1.776816474475818300e-05,1.773740863067627954e-05,1.767804095018379141e-05,1.757572501449742986e-05,1.744572107591824725e-05,1.727944319590965429e-05,1.707049675038505243e-05,1.684831582668127001e-05,1.660183874277463805e-05,1.631599195664646421e-05,1.598433914213961507e-05,1.566824740234929519e-05,1.531523448490310110e-05,1.491210993040879265e-05,1.454928503077101671e-05,1.415407459891148210e-05,1.370130554720976973e-05,1.331629332964368546e-05,1.293301576711752901e-05,1.252551528108273524e-05,1.204108492284896921e-05,1.166588882167280968e-05,1.127424698998568681e-05,1.078932167387177174e-05,1.044071499252204674e-05,1.010669176996420412e-05,9.768606105742977882e-06,9.307213358003784521e-06,9.015865469001135382e-06,8.730257293732832642e-06,8.300653254182491597e-06,8.058460788021801427e-06,7.832075702788841040e-06,7.441371247061086334e-06,7.249956085368417705e-06,7.074184426600071183e-06,6.929139395387877711e-06,6.592709501541547181e-06,6.462815755365306528e-06,6.373340944972117594e-06,6.078376604990081089e-06,5.988165327431677439e-06,5.906685003809892715e-06,5.879106475747016195e-06,5.632514921928515915e-06,5.579660015471955354e-06,5.588436321331095519e-06,5.374377754653834194e-06,5.341900665606414418e-06,5.310734340006849409e-06,5.191094855829062952e-06,5.171172984561198265e-06,5.150066104286178453e-06,5.205403460395955308e-06,5.046665817739196639e-06,5.029270618634746374e-06,5.092033353204344035e-06,4.950241722336249205e-06,4.931504470867982232e-06,4.907967829012489859e-06,4.968242214767456063e-06,4.843343912448165887e-06,4.814103945332450703e-06,4.869534503134381815e-06,4.754851276281310508e-06,4.717949852338418637e-06,4.675542777201080558e-06,4.717389978097774493e-06,4.613848949037119721e-06,4.563116745193167192e-06,4.595146664248224837e-06,4.498714089133867189e-06,4.439816700395613780e-06,4.461453844793325385e-06,4.371475780762119811e-06,4.305111554050009527e-06,4.235000692470741604e-06,4.240997479929604676e-06,4.159756318830249530e-06,4.083932402187545370e-06,4.080660558283688300e-06,4.005337607026920559e-06,3.925071670025242274e-06,3.842876844906421336e-06,3.827266670016178524e-06,3.760463343153807996e-06,3.675761354790823651e-06,3.653417972460024026e-06,3.592302384035411554e-06,3.506265350817095504e-06,3.419862757961017715e-06,3.422702440517034655e-06,3.336392005789276789e-06,3.250215531249991542e-06,3.215610745198700465e-06,3.167942288588067306e-06,3.082845607453025725e-06,3.045092808220439935e-06,3.002468240486572187e-06,2.919164920815212198e-06,2.836925860387858607e-06,2.795950597526408359e-06,2.760325049689609950e-06,2.680708215914597653e-06,2.638522701078630382e-06,2.607227467780751776e-06,2.530625514015184312e-06,2.455610172464931612e-06,2.412674723857868720e-06,2.387243172837856298e-06,2.315645291134368626e-06,2.272840142771473162e-06,2.250936935012639171e-06,2.182908247518176903e-06,2.140618601023198877e-06,2.121920440104024532e-06,2.057540159601842619e-06,1.994988655934339165e-06,1.954035627591780004e-06,1.939559036288036606e-06,1.880672732321011116e-06,1.840907711790767242e-06,1.828883219883862131e-06,1.773610795333639009e-06,1.720124784515549531e-06,1.682453570017423799e-06,1.673607700477452498e-06,1.623601729512405202e-06,1.587460926698767638e-06,1.580415594219850331e-06,1.533765674817843166e-06,1.499222390199216102e-06,1.493748230799642543e-06,1.450313632978274999e-06,1.417405550890594358e-06,1.384691408492468786e-06,1.389474904100798207e-06,1.356949635117734864e-06,1.324715701779254313e-06,1.329325852253572118e-06,1.297368219250236271e-06,1.265790446308777481e-06,1.234633928558383435e-06,1.238990135515947057e-06,1.208226965504459169e-06,1.177958997795291737e-06,1.182111973123470086e-06,1.152303293069768353e-06,1.123053734501499813e-06,1.126995850453689853e-06,1.098262334738333512e-06
2.353145112593511885e-06,2.350169199903589059e-06,2.433769120595744634e-06,2.518957917737212227e-06,2.515830901316240898e-06,2.602477175602133240e-06,2.690541332120788504e-06,2.687269470345176181e-06,2.776608519926812341e-06,2.867166494983391757e-06,2.958833017277472077e-06,2.955381552516006228e-06,3.047997517118207758e-06,3.141482317293537605e-06,3.137909453423311855e-06,3.232095390008908613e-06,3.326885015420979851e-06,3.422135860663916157e-06,3.418423973968065690e-06,3.542875365386742425e-06,3.671575375592278322e-06,3.667780110942287639e-06,3.800777250786783019e-06,3.938162704623225736e-06,3.934305350516745893e-06,4.076122133869633860e-06,4.222438782675601822e-06,4.329352010399042923e-06,4.369394830366105563e-06,4.524820875664446405e-06,4.684841135877659384e-06,4.680939208759965026e-06,4.845566739407292803e-06,5.014790319164443790e-06,5.128198656598760474e-06,5.184733285734380984e-06,5.363081823517797355e-06,5.545904903887160519e-06,5.542129508668934687e-06,5.729379971406611413e-06,5.920924099719430606e-06,5.917263644472031892e-06,6.113019950166400800e-06,6.312790707661818394e-06,6.426283747455722581e-06,6.512946993067272668e-06,6.720229719143414924e-06,6.930885376545851213e-06,6.927651514126045124e-06,7.141477616582203281e-06,7.358078527131996154e-06,7.461099386819181356e-06,7.574214989293261756e-06,7.795346759858348072e-06,8.018051919698993731e-06,8.015502086697808511e-06,8.239413147972664649e-06,8.463874547988410022e-06,8.543557521060143780e-06,8.686297830716790749e-06,8.910206162849700206e-06,8.976155997154613232e-06,9.131287522089896858e-06,9.351944863482707971e-06,9.569722415095113896e-06,9.568936860346161473e-06,9.783260743209442871e-06,9.992983816788742287e-06,1.001180239832411973e-05,1.019766671460543031e-05,1.039568413890538431e-05,1.058621795325241897e-05,1.058815997100212041e-05,1.077064232402772048e-05,1.094345814015265451e-05,1.089639999511098129e-05,1.111033023353550782e-05,1.126134709712812996e-05,1.139933463726734438e-05,1.140755392552211905e-05,1.153275754866517465e-05,1.164276857594065442e-05,1.165581282094965415e-05,1.175152602105131866e-05,1.183006084008587545e-05,1.166835561956551054e-05,1.191312900099271804e-05,1.195745876730473652e-05,1.198209191128170622e-05,1.201544581283035480e-05,1.202396070973250232e-05,1.201184870604594158e-05,1.177100843733291915e-05,1.203212179864570766e-05,1.198386073664459930e-05,1.191470078676536344e-05,1.198877680212196154e-05,1.190692824741637171e-05,1.180532250344323484e-05,1.151620779320469203e-05,1.179488231870161174e-05,1.166665373240122841e-05,1.137620592195592010e-05,1.166662904283349602e-05,1.151991559628291139e-05,1.136070630714787632e-05,1.154566970649720862e-05,1.139071584289546939e-05,1.122816940175920811e-05,1.098343675245906482e-05,1.130766894880128361e-05,1.115447066022693153e-05,1.100232726342080597e-05,1.130030549273320872e-05,1.116966512427080584e-05,1.104648210481893551e-05,1.092960658049076504e-05,1.130082183466425645e-05,1.121893848979907609e-05,1.115380360877334638e-05,1.156859703425584515e-05,1.153775779280800430e-05,1.152855428756126089e-05,1.198372618474885107e-05,1.200963051421825552e-05,1.206026323623046624e-05,1.219964555997925547e-05,1.262689736173801327e-05,1.273539466056208151e-05,1.286981259037208902e-05,1.336564459102953610e-05,1.352346355081095221e-05,1.370397584768666647e-05,1.397205865060585403e-05,1.437742025200363882e-05,1.458616790497770454e-05,1.480900879406542772e-05,1.523618183547131135e-05,1.545012562931989068e-05,1.566902786490763868e-05,1.602940759473078235e-05,1.622255513826580234e-05,1.641066793388963859e-05,1.662040006227997885e-05,1.683065111540343192e-05,1.696251396666162745e-05,1.707633483131182006e-05,1.721051479421133122e-05,1.726542686908958375e-05,1.729572746328267993e-05,1.730292873776248500e-05,1.730292873776248500e-05,1.728003252406379553e-05,1.721710876296772932e-05,1.712589639951261753e-05,1.699171643661310637e-05,1.683554227659598640e-05,1.665300954762425530e-05,1.642220567593026285e-05,1.617193160729682078e-05,1.591038715640052774e-05,1.562979374294998409e-05,1.526941401312683703e-05,1.494764413328496533e-05,1.461430389681158604e-05,1.418713085540570410e-05,1.382758362922950716e-05,1.346438338370296002e-05,1.301816667760640896e-05,1.261865956249520643e-05,1.224831859967035831e-05,1.188375052030072943e-05,1.138791851964327896e-05,1.103079477329398386e-05,1.068490858967459705e-05,1.021918718952114669e-05,9.867753124062978161e-06,9.555254968190409550e-06,9.258123355406249331e-06,8.802951458218659150e-06,8.533695285868985367e-06,8.281071431854882851e-06,7.866278006372385772e-06,7.645227807457302766e-06,7.440492964616741261e-06,7.071991609077280493e-06,6.901356463746935510e-06,6.743746618760533764e-06,6.599675543527674850e-06,6.301697314248006534e-06,6.187155404456221514e-06,6.083483893795849483e-06,5.806764380272969918e-06,5.758546770122201491e-06,5.688519644832991197e-06,5.625003276926139004e-06,5.440039896058318530e-06,5.395925940869266663e-06,5.355311697347957505e-06,5.154733624007044732e-06,5.184661941178247495e-06,5.159342248256640643e-06,4.984395926291270831e-06,5.033659330775583430e-06,5.016699727407090108e-06,4.997523210777489984e-06,4.923449920741222418e-06,4.908969557978242935e-06,4.890692886497772737e-06,4.757503674627029868e-06,4.820602238643112226e-06,4.799111970718352063e-06,4.772645878228979721e-06,4.739312711175548993e-06,4.711743764265782917e-06,4.678791339643171622e-06,4.570835091945544420e-06,4.620718852779399760e-06,4.579934971977507245e-06,4.533967229380809649e-06,4.521003446866333021e-06,4.471931070965414867e-06,4.418026409506295594e-06,4.409931901999349281e-06,4.352801701910604666e-06,4.291372926667038815e-06,4.206413270297087636e-06,4.222224363782370839e-06,4.154105532943692871e-06,4.082717957753908154e-06,4.081049666773225816e-06,4.007321571473443296e-06,3.931039124087435161e-06,3.859711153143083966e-06,3.852785627473298549e-06,3.772794493769863947e-06,3.691253465553979656e-06,3.692508264053048109e-06,3.610023316200246676e-06,3.526602370424674535e-06,3.468499682529518227e-06,3.444788085497210364e-06,3.360562298875123407e-06,3.307632998728040014e-06,3.279038663191339270e-06,3.194968493622993435e-06,3.111219108121475354e-06,3.114529087489602991e-06,3.031444791137288643e-06,2.949057883445474177e-06,2.908235027321665487e-06,2.871372031677800024e-06,2.790976165149505425e-06,2.711720543295843512e-06,2.715881301132130733e-06,2.637979749491839108e-06,2.561435371997671228e-06,2.531263956730926673e-06,2.490844381431464070e-06,2.417346016046049983e-06,2.345434944695311711e-06,2.350137116557564222e-06,2.279923350665605451e-06,2.211392445546241522e-06,2.216241393063164275e-06,2.149467639342053452e-06,2.084435081364401190e-06,2.066195703148969368e-06,2.026134178919971444e-06,1.964653524570623629e-06,1.904946927557838367e-06,1.909957717932043041e-06,1.852029153060287774e-06,1.795864511697791189e-06,1.784001211878246786e-06,1.746455300887162172e-06,1.693770703918174306e-06,1.642802600699356010e-06,1.647756041041509926e-06,1.598459238077716513e-06,1.550828775365260222e-06,1.555702472189260467e-06,1.509678076585100514e-06,1.465259996641643040e-06,1.470026618723199803e-06,1.436765084131630113e-06,1.403650124624730340e-06,1.370734819521332954e-06,1.375322912965063479e-06,1.342608037233602266e-06,1.310190317041355636e-06,1.314622515185628666e-06,1.282492769695261932e-06,1.250748720648971937e-06,1.219431751453469260e-06,1.223633312147502055e-06,1.192721274312797745e-06,1.162310183694635903e-06,1.166325741180469526e-06,1.136385302629936793e-06,1.107009593747733915e-06,1.110831111380780599e-06
2.338355379589370979e-06,2.422052458420201381e-06,2.507342492632713803e-06,2.504320823980115523e-06,2.591076584357184723e-06,2.679254388466846916e-06,2.676100354191268829e-06,2.765561424493902450e-06,2.856245621368079087e-06,2.948042568667604500e-06,2.944725728049829354e-06,3.037480505379486898e-06,3.131108289436010075e-06,3.127682555918940608e-06,3.222019737015643581e-06,3.316964680767164047e-06,3.412374869448084594e-06,3.408826293774673740e-06,3.504527407594154721e-06,3.600393905303671574e-06,3.627595364427887504e-06,3.758465515629996896e-06,3.858136023710672795e-06,3.889928203084996095e-06,4.029369123578768961e-06,4.132560609440170604e-06,4.277994572661275825e-06,4.317684356708414073e-06,4.424014591922541281e-06,4.578044104736071574e-06,4.623717671145099843e-06,4.785266838939878702e-06,4.895327053369772384e-06,5.062228106781910188e-06,5.118025995612158673e-06,5.229729257719863467e-06,5.405029441947282146e-06,5.468384517549198880e-06,5.651766170460976222e-06,5.764259026352148272e-06,5.835831186244418491e-06,6.027390701228918414e-06,6.139056167226282458e-06,6.333543279032202059e-06,6.418645558547578987e-06,6.528165768116923520e-06,6.729098926958720381e-06,6.824034070917550493e-06,7.032872636720779599e-06,7.136193061880088082e-06,7.344666520939547426e-06,7.455402042113346784e-06,7.552321202822923139e-06,7.764033532195644912e-06,7.885963293759058526e-06,8.104268625950782271e-06,8.187510244164533036e-06,8.400489342411617314e-06,8.539853316693393691e-06,8.611009201618783864e-06,8.822010815191806734e-06,8.973327456519587572e-06,9.029766868644171116e-06,9.236091392976153460e-06,9.399421474980985201e-06,9.608001814230684523e-06,9.636969985110770820e-06,9.830308166940076878e-06,1.001122035359760673e-05,1.001830734026109475e-05,1.019877292307411010e-05,1.039104931130012237e-05,1.056857213311408808e-05,1.053732768891488998e-05,1.069106243526932113e-05,1.089890997175161449e-05,1.083906001349866419e-05,1.097038824008374502e-05,1.118788473471020998e-05,1.130981439839565633e-05,1.120273794546351699e-05,1.142912200674441233e-05,1.152241780633980209e-05,1.138289049943830847e-05,1.144206647992408262e-05,1.167913237435151913e-05,1.150740844448228347e-05,1.153347399400621477e-05,1.177760471532140915e-05,1.178604847011468674e-05,1.156732737832543195e-05,1.153974072385227465e-05,1.179164611897190308e-05,1.154741688204100975e-05,1.148636289457497032e-05,1.174530840447693588e-05,1.166491740493566980e-05,1.139034105284005538e-05,1.128106393860376310e-05,1.154819818175606743e-05,1.126633127776873140e-05,1.113440054726384149e-05,1.141185308513312639e-05,1.113367864538534255e-05,1.098745272268307412e-05,1.127786954099472340e-05,1.112191013185533703e-05,1.086552637192140883e-05,1.070987463149648215e-05,1.101734429292669947e-05,1.079632394985418003e-05,1.065369556712529467e-05,1.098053460137955270e-05,1.084312039301338160e-05,1.069070689815411194e-05,1.058254126237307468e-05,1.093359431938758285e-05,1.084565338994201370e-05,1.078015963088937022e-05,1.115328251061938849e-05,1.110866701998888381e-05,1.112220183507166067e-05,1.151511837421023700e-05,1.152531196312643734e-05,1.161270592947691218e-05,1.167794866866364139e-05,1.208690984330648244e-05,1.224184797706995234e-05,1.236201817993136054e-05,1.277459309012237315e-05,1.291746113736695791e-05,1.315029917376002104e-05,1.333707225283489613e-05,1.373461307028574143e-05,1.399612754371080484e-05,1.420735950390764903e-05,1.457492873476844379e-05,1.478598084771107575e-05,1.505359320759057910e-05,1.537301234252237635e-05,1.557160310210176481e-05,1.580604526944223817e-05,1.599089236724612450e-05,1.622015606789762636e-05,1.639615166391827130e-05,1.652517577525635504e-05,1.666740983313829365e-05,1.674850900728790733e-05,1.681823299330484960e-05,1.684814778313221327e-05,1.686080358639791541e-05,1.686080358639791541e-05,1.683364981139813050e-05,1.677362518506754748e-05,1.668525235698304157e-05,1.656672023486402152e-05,1.640822914140116202e-05,1.623276787782058358e-05,1.602196168154791035e-05,1.577161554397011283e-05,1.551966140238308949e-05,1.523262834567910811e-05,1.494325538121884660e-05,1.459335620739614711e-05,1.425011904892377562e-05,1.391670263143870209e-05,1.351290914259344331e-05,1.316018079653466585e-05,1.278072109728629636e-05,1.234304793839077893e-05,1.198177387840775795e-05,1.159972715064600800e-05,1.125053041411562646e-05,1.079742456543954765e-05,1.045753332246898499e-05,1.010645147284837366e-05,9.661136383281595337e-06,9.352172520846842638e-06,9.040054988938073580e-06,8.763823615311707767e-06,8.347678059344523725e-06,8.084954705068862090e-06,7.852920818800390807e-06,7.469366006865839347e-06,7.263538762013832683e-06,7.075979347974016987e-06,6.729759215802769013e-06,6.569943245591823236e-06,6.437287707407232854e-06,6.309066310967848065e-06,6.012732654169045880e-06,5.906708988455553501e-06,5.840671920216081108e-06,5.581384251414520331e-06,5.509349361512037917e-06,5.485128932559726710e-06,5.431162812025906476e-06,5.214266866396469942e-06,5.173132241466117179e-06,5.190380696042279395e-06,5.001605834913367790e-06,4.976948868937572693e-06,5.016385877647754326e-06,4.851140319985326594e-06,4.836152230959057396e-06,4.889970342393409503e-06,4.874181702104156009e-06,4.732684298828756542e-06,4.718293936256951068e-06,4.778134746931807057e-06,4.651045359597863727e-06,4.634542754071478707e-06,4.694411814398464815e-06,4.669765390823248029e-06,4.557078961698444075e-06,4.530348145107774890e-06,4.581570453717202032e-06,4.477633592484982274e-06,4.443625019249761559e-06,4.487368571362760532e-06,4.443015261687404346e-06,4.348722089373486844e-06,4.383507308812138026e-06,4.331283988962350849e-06,4.243188285369569845e-06,4.188911548518456794e-06,4.208694349173563591e-06,4.126267521429487225e-06,4.065135153802506315e-06,4.075490848252902048e-06,4.006095963283355741e-06,3.931403950288885981e-06,3.861577059657967052e-06,3.858620468470938376e-06,3.789187292357620839e-06,3.715225946881756124e-06,3.704600123579111121e-06,3.625209807412486976e-06,3.563380374890136558e-06,3.485213569903092223e-06,3.464758048596260502e-06,3.408019844334213165e-06,3.328502276366927662e-06,3.302811862926773474e-06,3.251053198243914087e-06,3.171143237740493191e-06,3.141158355781724073e-06,3.059415420560706500e-06,3.014776375851656351e-06,2.935755936851929803e-06,2.900901694535507405e-06,2.860826166581208217e-06,2.783301163637839293e-06,2.746227893103060962e-06,2.668709549313982174e-06,2.634994888111529949e-06,2.560643052485475232e-06,2.521451369927701406e-06,2.491691547219033131e-06,2.419982733687287678e-06,2.380123984706276460e-06,2.309632642532184360e-06,2.285254831447428326e-06,2.245202067694153342e-06,2.177963768037548559e-06,2.156843447940276868e-06,2.092766008549176395e-06,2.053132073415993621e-06,2.034984950320908422e-06,1.974194042836975989e-06,1.935242708166500035e-06,1.876531749267714955e-06,1.862322179901118574e-06,1.806511418004421621e-06,1.769018125248743847e-06,1.757112484912384980e-06,1.704600168100155007e-06,1.668301961811188839e-06,1.618076310840194906e-06,1.609174306634467652e-06,1.574195366349981334e-06,1.527221011360632802e-06,1.520035369223069654e-06,1.486464306642133970e-06,1.452935136516167978e-06,1.457492043064141632e-06,1.424025887852164520e-06,1.390711476506676684e-06,1.357601950932627969e-06,1.362001107070792194e-06,1.329102618701235579e-06,1.296506642238544756e-06,1.300765962866840691e-06,1.268468732171706160e-06,1.236562595434682373e-06,1.205088933378990169e-06,1.209139185931432099e-06,1.178081207580423936e-06,1.147529520432012385e-06,1.151409795611602002e-06,1.121339353504137165e-06,1.091838879023776610e-06
2.410976138135046195e-06,2.496365826797607151e-06,2.493447643785525071e-06,2.580310741550559971e-06,2.668599751043813418e-06,2.665560801794978056e-06,2.755140843514229600e-06,2.845947899732806258e-06,2.937871590318358954e-06,2.934685367096196690e-06,3.027574619925546520e-06,3.121340715074481377e-06,3.118057098889183707e-06,3.212540167022997225e-06,3.307634723462459832e-06,3.403198198567721618e-06,3.399806522943356883e-06,3.495668081794252195e-06,3.591698492017273427e-06,3.588245295842585064e-06,3.684269556096218416e-06,3.814861381572398696e-06,3.846457073171551241e-06,3.946019404580783892e-06,4.084783373038135097e-06,4.227687040852977196e-06,4.224170743647035341e-06,4.371234712556056265e-06,4.522468415264569674e-06,4.518965612376759874e-06,4.674375616413401356e-06,4.833937152850288609e-06,4.997618210761863789e-06,4.994176928180471940e-06,5.161953067644651350e-06,5.333738401492893691e-06,5.330378576669767618e-06,5.506122646150279616e-06,5.685689462867134456e-06,5.756115023885109415e-06,5.865750599438785799e-06,6.052604947532062607e-06,6.242828853743113148e-06,6.239787402001742132e-06,6.433236704175170472e-06,6.629619731723143069e-06,6.626773895610766322e-06,6.825898364299994233e-06,7.027395778842673671e-06,7.230931956876745135e-06,7.228408742561602176e-06,7.433705562100025412e-06,7.640265812951124407e-06,7.638038472333273773e-06,7.845523313767235527e-06,8.053337354185352215e-06,8.260946458606519360e-06,8.259208303123712335e-06,8.466178327829892585e-06,8.671752105055982880e-06,8.670482053822394715e-06,8.874173771145847561e-06,9.075102608665039321e-06,9.074432966788791214e-06,9.272080824817891228e-06,9.465428739494410803e-06,9.653632280381974152e-06,9.654092188860660505e-06,9.836604931597104200e-06,1.001225800500718355e-05,1.001395865657377177e-05,1.018223460193929532e-05,1.034171668960180791e-05,1.049139684619543828e-05,1.049561318338339592e-05,1.063530615433765416e-05,1.076323378981873886e-05,1.077032175824174275e-05,1.088666013491618462e-05,1.098931763411704660e-05,1.120897192592691353e-05,1.109021934447017613e-05,1.116447130747820833e-05,1.122236036953281086e-05,1.124180025572979031e-05,1.128515741742672585e-05,1.131079909940917154e-05,1.133924037235372955e-05,1.135015380674466363e-05,1.134246803812673109e-05,1.131574957884565990e-05,1.136124603131818577e-05,1.132054316465519074e-05,1.126085665895985451e-05,1.132386541453682938e-05,1.125212688009107585e-05,1.116226840504052915e-05,1.105476617263747797e-05,1.114867133858218404e-05,1.103341906504185118e-05,1.090276263735159398e-05,1.102610228133793088e-05,1.089226522459640854e-05,1.074624285650866292e-05,1.090452896827591886e-05,1.076081822996223823e-05,1.060905995046239992e-05,1.045138066373285741e-05,1.066412628361594271e-05,1.051766251050280200e-05,1.037055305619021082e-05,1.062866045752004478e-05,1.049923387223354757e-05,1.037480315710323350e-05,1.025822365367485532e-05,1.057927011000647628e-05,1.048899944616324249e-05,1.041213676015013337e-05,1.077873930885354631e-05,1.073229462512403783e-05,1.070402209940994122e-05,1.107720781034641590e-05,1.111504928982182679e-05,1.114062454519634319e-05,1.118951564350078734e-05,1.163605174216919391e-05,1.171600128448851962e-05,1.181994269280970968e-05,1.228045821107519336e-05,1.240979295229921610e-05,1.256140170237175869e-05,1.273456626121957584e-05,1.318682598712993574e-05,1.337286804422023367e-05,1.357519935024409757e-05,1.399838816469700513e-05,1.420048297473960640e-05,1.441156186911774506e-05,1.473572225533299168e-05,1.498146259059677672e-05,1.517796219871564594e-05,1.537133238345155491e-05,1.564972496501795804e-05,1.580789818355584055e-05,1.595418469486801504e-05,1.614270602039221677e-05,1.624122283382123546e-05,1.632053535737345269e-05,1.637816838468075597e-05,1.643116666314107439e-05,1.642970780836002707e-05,1.642970780836002707e-05,1.640302395200399712e-05,1.635002567354368208e-05,1.626213599577965141e-05,1.614837397719240289e-05,1.600920575833675563e-05,1.582068443281255390e-05,1.562563970936145511e-05,1.540883430748317195e-05,1.513044172591676712e-05,1.486696836955307445e-05,1.458749848704378208e-05,1.427548525513855970e-05,1.392059358421356473e-05,1.359756429675387301e-05,1.326793602766050188e-05,1.284474721320759431e-05,1.249895360973132894e-05,1.215347502126048434e-05,1.170121529535012444e-05,1.135289710558622912e-05,1.101097183546328606e-05,1.067699587350936175e-05,1.021648035524387638e-05,9.894674865062044408e-06,9.584977142087948291e-06,9.138441043419541721e-06,8.849461371502122286e-06,8.575169924246174276e-06,8.302684034619280649e-06,7.908642437002643235e-06,7.676565444479950805e-06,7.459798548585764314e-06,7.093195999882354757e-06,6.905986814662983969e-06,6.733306415186590828e-06,6.412259958855556018e-06,6.268937496294206611e-06,6.138362370384090521e-06,6.019420595297924125e-06,5.761313194054849205e-06,5.668307260907087668e-06,5.584382297194087332e-06,5.371636678789878357e-06,5.309973927747824166e-06,5.254595389831768306e-06,5.204367266484962087e-06,5.046081182347891239e-06,5.012188639512839516e-06,4.980795861388964246e-06,4.857456371841264546e-06,4.838068869218267623e-06,4.818809909579580365e-06,4.724905378577140395e-06,4.713630602163127438e-06,4.700511199257931488e-06,4.685010560834951943e-06,4.622004698022611396e-06,4.610017059676626921e-06,4.594332447108667408e-06,4.548843262735197482e-06,4.534094589471706813e-06,4.514783752832825548e-06,4.490828138158138148e-06,4.462406727037033325e-06,4.437108859156748843e-06,4.406857469462327404e-06,4.387454492904828135e-06,4.354783762044162998e-06,4.317171469232944741e-06,4.354869162144278678e-06,4.263699806143983611e-06,4.218412370475723250e-06,4.168725861936352679e-06,4.161749804305120892e-06,4.109051687093791055e-06,4.052439201945601909e-06,4.048383807684112391e-06,3.988952555505658551e-06,3.926184826277280052e-06,3.860422284479392982e-06,3.858962684638057613e-06,3.791016493678050939e-06,3.720712882817436499e-06,3.720563192006098528e-06,3.648551114331958997e-06,3.574770294806804052e-06,3.499527430821511730e-06,3.500607578886602256e-06,3.424439122709309647e-06,3.347358630709338409e-06,3.349117295823667117e-06,3.271582515414373959e-06,3.193633393411617901e-06,3.195938016257492953e-06,3.117966600349933042e-06,3.040019119222883287e-06,2.962295404306457209e-06,2.965188720447249232e-06,2.888000468534490631e-06,2.811381001950421257e-06,2.814639103019445532e-06,2.738850898687624436e-06,2.663917378517177736e-06,2.589963160204162006e-06,2.593625303355468837e-06,2.520849217933794310e-06,2.449257061319034095e-06,2.453166699129266631e-06,2.382917530540622530e-06,2.314009325457923845e-06,2.274795069117216675e-06,2.250676953271609630e-06,2.184688279025408409e-06,2.120201292116508609e-06,2.124516593504396788e-06,2.061607708093189182e-06,2.000262548558589242e-06,2.004682048918175396e-06,1.944948682781543317e-06,1.886812320814852992e-06,1.830282348739045560e-06,1.834780611085147208e-06,1.779870394245826817e-06,1.726565255685031518e-06,1.731080771898113115e-06,1.679373312285396878e-06,1.629251781040809316e-06,1.594176758623792005e-06,1.585191034078914633e-06,1.538182626232972412e-06,1.504434723293424931e-06,1.508869154082273990e-06,1.475087603735197595e-06,1.441352398518206064e-06,1.445707822189347420e-06,1.412044824476018500e-06,1.378538288208858623e-06,1.345241421968380648e-06,1.349458078275811005e-06,1.316381977832741765e-06,1.283613314752996298e-06,1.287704903132757665e-06,1.255244915114345475e-06,1.223181008607707099e-06,1.191554569456928538e-06,1.195457035615511238e-06,1.164256252909327701e-06,1.133566728488233226e-06,1.137314112613301245e-06,1.107115699271817577e-06
2.485991282722449151e-06,2.483174557319030017e-06,2.570142694881262650e-06,2.658540336517467498e-06,2.655613617490175200e-06,2.745309488545110918e-06,2.836235969272586618e-06,2.928282670337947099e-06,2.925223028812943323e-06,3.018242413957905085e-06,3.112142165299330206e-06,3.108995695999576336e-06,3.203619361785296052e-06,3.298857919673114857e-06,3.394568745711432385e-06,3.391327708555945169e-06,3.487343123535371718e-06,3.583530529459970410e-06,3.580237381988858462e-06,3.676424648629923700e-06,3.772463777346765213e-06,3.769137211738630552e-06,3.901556204388591610e-06,4.037965397935489311e-06,4.136617856957324999e-06,4.175051979721480250e-06,4.319511215444078647e-06,4.420665255295875111e-06,4.464689976111254241e-06,4.617231314966267560e-06,4.720348000778155607e-06,4.877634120770174659e-06,4.931069956046351299e-06,5.095559957451829693e-06,5.200316530373835908e-06,5.260745729483677471e-06,5.432916369297252327e-06,5.537701999787504836e-06,5.605707373860205925e-06,5.785151551866399733e-06,5.967999702536377951e-06,6.070793063915190619e-06,6.151217475016478648e-06,6.340379474330119417e-06,6.440257582298320408e-06,6.529670248952956108e-06,6.724241565049202276e-06,6.819701748806430525e-06,7.013648023025346080e-06,7.117446634021252271e-06,7.317844407000820238e-06,7.403375491072605394e-06,7.517328723924349388e-06,7.719733619742037337e-06,7.796208800764516423e-06,7.993475427918440057e-06,8.123191735427934368e-06,8.324924959846752710e-06,8.383578343446296979e-06,8.524068840873414519e-06,8.722512166378791658e-06,8.766312132780070543e-06,8.917608919038790536e-06,9.110089980263097643e-06,9.136500392876228737e-06,9.314961625253356651e-06,9.482043827571703904e-06,9.659729150155701698e-06,9.655065967736671330e-06,9.832331070888103162e-06,9.996149157732405049e-06,9.967704260265596578e-06,1.010991561524572592e-05,1.030112594217844763e-05,1.043717820078705487e-05,1.036858376067864924e-05,1.056841665556743528e-05,1.068178762522891939e-05,1.058453830767223858e-05,1.079229585805687572e-05,1.087978569523297714e-05,1.095230585697183416e-05,1.080967970471981124e-05,1.102696382094787147e-05,1.106941868880251065e-05,1.089747011366929892e-05,1.112097883717149888e-05,1.113177239374051178e-05,1.093239294793404152e-05,1.091037077307709221e-05,1.114069350126129013e-05,1.110099012869447117e-05,1.086455479789465182e-05,1.110092001040782799e-05,1.103051182758093280e-05,1.077767418132962245e-05,1.068015413404005756e-05,1.092347247592531901e-05,1.080967726203101064e-05,1.054248326345557437e-05,1.079457746384292827e-05,1.066149574001772471e-05,1.039940550437867833e-05,1.066261251913516653e-05,1.051841174248563658e-05,1.027279817247484992e-05,1.012621446938319559e-05,1.040419151689197947e-05,1.025482630466399863e-05,1.004917211717327312e-05,1.034430531449363366e-05,1.020952720755830859e-05,1.004947642811494632e-05,9.937917780517213439e-06,1.025507610550690889e-05,1.015568869679679086e-05,1.007492006598555431e-05,1.041295055533273527e-05,1.035475837335125189e-05,1.034021448275446615e-05,1.069806986931078314e-05,1.068823119868494588e-05,1.069906702927299651e-05,1.078136871896141209e-05,1.115788359035529508e-05,1.122235226922787715e-05,1.136806033132421779e-05,1.175288632726733949e-05,1.186750968858695813e-05,1.206565583329847634e-05,1.222460357616391281e-05,1.260442756294865043e-05,1.277920101782248017e-05,1.302869659936450150e-05,1.338964436393406535e-05,1.358558549366186879e-05,1.384254203437951209e-05,1.416885526422947766e-05,1.436554892269219633e-05,1.456506823168003972e-05,1.479991819014743083e-05,1.505617806181500566e-05,1.522550608197772896e-05,1.541142700907809939e-05,1.559604981057936493e-05,1.571384094415299753e-05,1.583109521466933108e-05,1.590856808827226932e-05,1.598105572171895476e-05,1.600816662578358833e-05,1.601464272147164512e-05,1.601464272147164512e-05,1.599476246757286030e-05,1.593983578051490289e-05,1.585460371552422851e-05,1.574539425208057989e-05,1.560601976321334639e-05,1.544562177838010433e-05,1.524364725556263321e-05,1.502388423059241402e-05,1.479315836394332104e-05,1.451428450249794441e-05,1.422900146293707007e-05,1.394354057323471632e-05,1.364699114425545583e-05,1.328970357224593246e-05,1.294917977289859135e-05,1.262350576700437893e-05,1.222727341373177953e-05,1.186791186718974668e-05,1.153262944912481869e-05,1.111530276295171751e-05,1.078073005213824777e-05,1.043027513190330008e-05,1.011223307207517845e-05,9.691901419242821976e-06,9.365903886291746409e-06,9.074607819685596088e-06,8.667916965088388813e-06,8.379460162592980766e-06,8.124467950310537405e-06,7.884116831041937658e-06,7.509879712513822864e-06,7.286450438053146688e-06,7.088030869597485823e-06,6.746076138732089869e-06,6.573813721638476249e-06,6.417788201523756539e-06,6.111040704384393583e-06,5.978199888541212774e-06,5.873274112038559755e-06,5.767887901319825583e-06,5.506565676479148260e-06,5.446522627321022406e-06,5.373661205538677049e-06,5.145275291840593741e-06,5.088213184287645839e-06,5.077189271337125048e-06,5.034926615831043027e-06,4.843600985776604025e-06,4.861006421087126679e-06,4.835552902411758343e-06,4.668520609299210124e-06,4.706842782850947040e-06,4.691864821886025366e-06,4.545010223003541472e-06,4.533927544556407347e-06,4.587041066940613122e-06,4.574334039515103499e-06,4.447743289684840122e-06,4.506301859888983550e-06,4.492634091241475626e-06,4.378320559615962157e-06,4.363678469868594139e-06,4.419668917415911830e-06,4.397259613836932240e-06,4.295260186049551827e-06,4.346995621320797792e-06,4.318109839634087180e-06,4.223629005437167858e-06,4.268725088777032290e-06,4.232447883173733731e-06,4.191531182976017694e-06,4.105425708878823137e-06,4.137320839202844980e-06,4.089132383947119840e-06,4.008448498704081719e-06,4.031461608561620040e-06,3.976454057206354651e-06,3.900765192438803656e-06,3.844335030976844131e-06,3.853829553049236549e-06,3.789854443608180603e-06,3.721034033901021696e-06,3.722355601231611331e-06,3.653917256276697491e-06,3.589783278990915503e-06,3.521491605478184842e-06,3.511776784600878024e-06,3.438471426208536642e-06,3.381142398205934856e-06,3.365239832541780964e-06,3.290097315370107825e-06,3.237337345883067165e-06,3.216122633219189943e-06,3.140083029904237708e-06,3.091804089854966782e-06,3.017689419535683304e-06,2.990052510425748263e-06,2.914153396502176522e-06,2.872304993219390657e-06,2.841453199194557519e-06,2.766574534974145553e-06,2.728863153729831428e-06,2.656609074114367864e-06,2.622239729876106589e-06,2.549879051508951034e-06,2.517958501256708573e-06,2.482077886785120725e-06,2.411969558106280032e-06,2.383665910623988363e-06,2.346821965736294481e-06,2.279284590455159229e-06,2.213096878697218166e-06,2.189738582036943723e-06,2.152294023104133112e-06,2.089008677262566510e-06,2.068659892985181878e-06,2.031317971330951025e-06,1.971064438788782095e-06,1.953474839819472096e-06,1.896028108689255310e-06,1.859397325296838327e-06,1.803802087058349604e-06,1.789885464982946589e-06,1.754040728001382777e-06,1.701573483868203256e-06,1.689820589811942641e-06,1.654946084828873317e-06,1.605572372500626619e-06,1.557727043144554941e-06,1.561998874723782006e-06,1.528108586627839080e-06,1.494151359771291342e-06,1.498380264619394437e-06,1.464397108733417455e-06,1.430464329569109360e-06,1.434626311175969865e-06,1.400774093026752411e-06,1.367082637515280231e-06,1.333605222976022427e-06,1.337645762254415765e-06,1.304398027330266931e-06,1.271462254935545669e-06,1.275391293510768033e-06,1.242773341653637908e-06,1.210556076222526793e-06,1.178780894880752679e-06,1.182539240644215721e-06,1.151198958010286914e-06,1.120374546768016731e-06,1.123991644135882219e-06
2.473466967095549382e-06,2.560537726787113559e-06,2.649041324253863339e-06,2.646223895340460799e-06,2.736032386885237623e-06,2.827074809829053823e-06,2.919240761188884418e-06,2.916303659128666601e-06,3.009448848478123942e-06,3.103477638545029281e-06,3.100463406218644858e-06,3.195222464632078946e-06,3.290599521623334670e-06,3.386451897215283580e-06,3.383355396933703540e-06,3.479518265621494303e-06,3.575855964003456176e-06,3.572715861819556839e-06,3.669058832602541445e-06,3.765256222076488334e-06,3.762090363144566323e-06,3.857970117640483192e-06,3.953367150092637215e-06,4.088824319823211362e-06,4.126897709929984032e-06,4.224904264925798749e-06,4.367940946169048525e-06,4.411481677416226434e-06,4.511621465443626276e-06,4.662200630281991642e-06,4.816495096223401090e-06,4.813420018634201444e-06,4.971401326970061412e-06,5.132978490884112163e-06,5.192522958434102163e-06,5.295106677250235451e-06,5.463633612812910266e-06,5.530553185543314826e-06,5.632603796920134304e-06,5.807591895249839168e-06,5.985546081403476830e-06,6.064536714778672417e-06,6.163639382677568418e-06,6.346972930299217165e-06,6.434687354134050653e-06,6.530168640619767574e-06,6.717898824969368703e-06,6.907345676099914325e-06,6.905131143210047405e-06,7.096035613432670174e-06,7.287941881840754651e-06,7.399430082047950857e-06,7.478588285431624723e-06,7.671331111049524770e-06,7.863735935641749645e-06,7.862222472943830253e-06,8.053892985012705864e-06,8.244147379430002631e-06,8.381281864456576147e-06,8.431444716028892579e-06,8.617195854568136177e-06,8.764756292399042070e-06,8.799260107431842805e-06,8.977873734091204122e-06,9.151711399843939936e-06,9.152126347688684346e-06,9.320693421799576371e-06,9.482958064871352123e-06,9.655530921625133148e-06,9.639939813241427390e-06,9.787407347868704453e-06,9.925959914153797026e-06,9.929623315466679320e-06,1.005907544668363441e-05,1.017787108733271903e-05,1.037208772989159369e-05,1.029225938255479975e-05,1.038816108131092936e-05,1.058991763926407286e-05,1.048193426399210074e-05,1.055212608791384905e-05,1.060756688062079893e-05,1.081831050617545783e-05,1.066644326950851898e-05,1.069267293519536550e-05,1.090917992425941412e-05,1.072974492301628035e-05,1.072567917330327021e-05,1.070438692139373802e-05,1.074321425572272879e-05,1.070894681645127593e-05,1.065740539470212816e-05,1.088538430474406913e-05,1.064819627538826646e-05,1.056861628892894159e-05,1.047276251186106826e-05,1.055291099783998837e-05,1.044921355501704314e-05,1.033106445638928352e-05,1.057259555478408905e-05,1.031439655644900251e-05,1.018050695676938587e-05,1.043185075011807077e-05,1.018307546727410157e-05,1.004167448631926357e-05,9.893779833957951111e-06,1.007712960838521903e-05,9.937796673433697874e-06,9.796520053192694845e-06,1.007649034313004858e-05,9.893303282354100055e-06,9.769451602394795071e-06,9.651110319340371369e-06,9.931884881428011086e-06,9.836022201332059677e-06,9.750735447861983107e-06,1.007093783847217326e-05,1.001562078149987922e-05,9.972206509338309830e-06,1.031188088432639399e-05,1.032092478666286306e-05,1.032544867637793703e-05,1.035041434779971736e-05,1.070961039617280906e-05,1.081013110631418996e-05,1.088673612958656309e-05,1.125620630599557564e-05,1.141381989806474705e-05,1.153780256931156772e-05,1.168286746407734524e-05,1.211110070189551528e-05,1.227303760662309808e-05,1.245237919406093058e-05,1.280751034892175273e-05,1.304959459001337765e-05,1.324695130083903306e-05,1.357364676878148972e-05,1.381489727358325357e-05,1.401057148752504583e-05,1.420787513401447808e-05,1.447393128340455448e-05,1.468340771558415715e-05,1.484967046611440504e-05,1.505148962560764001e-05,1.520757298068633525e-05,1.532280872430704177e-05,1.542149636869943240e-05,1.553328065790722865e-05,1.558156492618680895e-05,1.560832028872518560e-05,1.561950064841671981e-05,1.561950064841671981e-05,1.559591679715709400e-05,1.554344200976569612e-05,1.546671450869746491e-05,1.535493021948966866e-05,1.522330471450122365e-05,1.506893320639214345e-05,1.488370987209217384e-05,1.466408818079452689e-05,1.444158838072575448e-05,1.418829759575506806e-05,1.389918352007205390e-05,1.362320379830457344e-05,1.333607662502458715e-05,1.302080830664791009e-05,1.266314407456385071e-05,1.234674425526595734e-05,1.200608716328903077e-05,1.161615323736282354e-05,1.128908233908654605e-05,1.096529804551660737e-05,1.053706480769843733e-05,1.021652255159637779e-05,9.904162565842032509e-06,9.580047393914179835e-06,9.176756935917751852e-06,8.889044490461285000e-06,8.596158642299785784e-06,8.208771143995822022e-06,7.955284061822133967e-06,7.715874621066236546e-06,7.481546114085750711e-06,7.127591047320728582e-06,6.928495792887784349e-06,6.742093911218701196e-06,6.419911716253720967e-06,6.262055162070022862e-06,6.117036794126331051e-06,5.836262232040944442e-06,5.717629128864595222e-06,5.609973664435533162e-06,5.533883902344136694e-06,5.288609268939012062e-06,5.213573008489585749e-06,5.146076034279119214e-06,4.962726262503735274e-06,4.914353106207097703e-06,4.870987059620525533e-06,4.876046206820029211e-06,4.695948491717933312e-06,4.670318994014467393e-06,4.698632764824322354e-06,4.540933523005215777e-06,4.526874265223802989e-06,4.512459129354754199e-06,4.432311368791000502e-06,4.424277732134913973e-06,4.414210983170811550e-06,4.468570177686755260e-06,4.347928519304337374e-06,4.337945137754603175e-06,4.324388220532253151e-06,4.285568140388137750e-06,4.272394722629259162e-06,4.254942143213432610e-06,4.306950513371345138e-06,4.208852165319647858e-06,4.185558150722083960e-06,4.232222024849800374e-06,4.141068748807820160e-06,4.110821908599029270e-06,4.076054100618717516e-06,4.110725438465407797e-06,4.027380046242851556e-06,3.985498940739509916e-06,4.011824635023489036e-06,3.933575188292400972e-06,3.884866687087976049e-06,3.832584418290453914e-06,3.829064135600964292e-06,3.774162038920339357e-06,3.716205392570834312e-06,3.721189361568411514e-06,3.654218770621144294e-06,3.591472476842220894e-06,3.526546327927796745e-06,3.526404010306296603e-06,3.459868992640209810e-06,3.391680374682510589e-06,3.378991738853061766e-06,3.323044130741208021e-06,3.252572878336345850e-06,3.234295042484895986e-06,3.182744119480275824e-06,3.110910688494380900e-06,3.038640992579716604e-06,3.040650835689356088e-06,2.968296648456351005e-06,2.895903795761096359e-06,2.867211402679052669e-06,2.826187563038960582e-06,2.754363741110755825e-06,2.682999623169206252e-06,2.685860244216616158e-06,2.615195697577196970e-06,2.545255403854668224e-06,2.510798496940189003e-06,2.479382821349189094e-06,2.411307599833556901e-06,2.375628040484132939e-06,2.347721092653130429e-06,2.281861636988578378e-06,2.217185376495225037e-06,2.180556823223156020e-06,2.157456356062897874e-06,2.095376836853971971e-06,2.058650950413075978e-06,2.038481350305288409e-06,1.979161093103361568e-06,1.921246353184188830e-06,1.925195599867612914e-06,1.868738154839798138e-06,1.813724222381167030e-06,1.778092213103475229e-06,1.764204815724308016e-06,1.712122795656574924e-06,1.677338387129017129e-06,1.665571690880691278e-06,1.616414453054414151e-06,1.582639708527166984e-06,1.548677828726194093e-06,1.552743289896263758e-06,1.518649772135725466e-06,1.484492598537132366e-06,1.488524970881257281e-06,1.454348817429140924e-06,1.420226685988265631e-06,1.424203060897499743e-06,1.390169072157417985e-06,1.356299763241394360e-06,1.322648484438432256e-06,1.326519211754412481e-06,1.293105771871951626e-06,1.260008448108256475e-06,1.263780127713375478e-06,1.231009040660925960e-06,1.198642888092425257e-06,1.166723085199886198e-06,1.170341086108096868e-06,1.138864740333447024e-06,1.107908546918500815e-06
2.551463215502068318e-06,2.640070014097318792e-06,2.637358873655916203e-06,2.727276732855659135e-06,2.818431589969057056e-06,2.910713024605843869e-06,2.907894432550275653e-06,3.001161131044687647e-06,3.095314396365656030e-06,3.092427566691460175e-06,3.187316910529667592e-06,3.282827084945791198e-06,3.378815352814565272e-06,3.375857455914380624e-06,3.472161568524526325e-06,3.568643073781287827e-06,3.565649256612573550e-06,3.662140898328808420e-06,3.758489244848668612e-06,3.755476521529975957e-06,3.851511474782351185e-06,3.947065645712815148e-06,4.041963973577993343e-06,4.038955732118847755e-06,4.175767039099406385e-06,4.316248022941839008e-06,4.313267693399649069e-06,4.457417932525302857e-06,4.605198824158404842e-06,4.702492710598592573e-06,4.753662866867983128e-06,4.908595214309414893e-06,5.006524243784057113e-06,5.064171937516274941e-06,5.225987587662007488e-06,5.391082123711939228e-06,5.388366941213820109e-06,5.556657588374422848e-06,5.727959139638002316e-06,5.823519344756576704e-06,5.899574986907231494e-06,6.076423586971458458e-06,6.255707693910880538e-06,6.253352717784432585e-06,6.434892081473972079e-06,6.618352813364180818e-06,6.703949387150204346e-06,6.801356398154663372e-06,6.987799903908563541e-06,7.066704539328844538e-06,7.173341787743505682e-06,7.361323605175186012e-06,7.549398096243895473e-06,7.614760264562069239e-06,7.735681354208833667e-06,7.922612529412377346e-06,7.976441521482206261e-06,8.107097726152015591e-06,8.290754104782052655e-06,8.471799750029256602e-06,8.471270890597539993e-06,8.649247036770303697e-06,8.823283421050327920e-06,8.838437441122193528e-06,8.993047839227752462e-06,9.157265528231364374e-06,9.152985050238294140e-06,9.316744410793749534e-06,9.468216367192083368e-06,9.611892434316814582e-06,9.574048228876946951e-06,9.750330386654930490e-06,9.876490986035470698e-06,9.814010361032396651e-06,9.998018964721115150e-06,1.010358399482284030e-05,1.019716667768166384e-05,1.020612661017348862e-05,1.028823053640185174e-05,1.035682027554979940e-05,1.022694095906103497e-05,1.042655360467506672e-05,1.046790105688656968e-05,1.049373541424127473e-05,1.051625267378794325e-05,1.052884522996470144e-05,1.052508452604220534e-05,1.032936606583989646e-05,1.054046353313658648e-05,1.050706507926919958e-05,1.029018929843497270e-05,1.050648021776140198e-05,1.044474050824213973e-05,1.036668339286786582e-05,1.012454388154480190e-05,1.034673086874705440e-05,1.024445544285692106e-05,9.995777712615859566e-06,1.022541539735492059e-05,1.010419903017217029e-05,9.971130412407108509e-06,1.009684312129903532e-05,9.963624128440550363e-06,9.821835726197007929e-06,9.591586919798218732e-06,9.843442577088398299e-06,9.702030977767414028e-06,9.499328220247645464e-06,9.766283920209024966e-06,9.635239910730440368e-06,9.506399456869283533e-06,9.357914351028199292e-06,9.644687535011012652e-06,9.541336536439307708e-06,9.444958665260173449e-06,9.751151625998490149e-06,9.682675791847598359e-06,9.628292019631034203e-06,9.970558745020189500e-06,9.944372026019768888e-06,9.935944333780215401e-06,9.986642863648813233e-06,1.033208754690083909e-05,1.037275306208618667e-05,1.043473475286568555e-05,1.084111022604015517e-05,1.092977777152232190e-05,1.103964814060565129e-05,1.122651040047876381e-05,1.158580973106204764e-05,1.173571239046841047e-05,1.195833651096728792e-05,1.230744070046758161e-05,1.248475366187827642e-05,1.267518417034385659e-05,1.305050050537778967e-05,1.323857714562760586e-05,1.343318686232993074e-05,1.366983192955786867e-05,1.394245914966823685e-05,1.412102046061727450e-05,1.429559746119840220e-05,1.453990032120794078e-05,1.468222678025205917e-05,1.481318177880249222e-05,1.494616463993440386e-05,1.506640258671387019e-05,1.513716313457120089e-05,1.519666564388180249e-05,1.523472192472939143e-05,1.523388487057700850e-05,1.523388487057700850e-05,1.521063401490052185e-05,1.516137703482096099e-05,1.508725286696606762e-05,1.498722585918813379e-05,1.485425043938024804e-05,1.469963445962833963e-05,1.452761920290563453e-05,1.433605661818780734e-05,1.409175375817826707e-05,1.385840252178208192e-05,1.361031465671682340e-05,1.331389423101162939e-05,1.301972034147650604e-05,1.273114229387001969e-05,1.243581121351497520e-05,1.206049487848104211e-05,1.174911024643531986e-05,1.143696696249210766e-05,1.105423634579789910e-05,1.071659835080070381e-05,1.040455435126083743e-05,1.001089197295662741e-05,9.683296101442456387e-06,9.386144481267042920e-06,9.098989658164126194e-06,8.692614184989659953e-06,8.422103727101015326e-06,8.164192810750785944e-06,7.794388606230657059e-06,7.543544320553279073e-06,7.321765404720128149e-06,7.113673730760943447e-06,6.771407005371789844e-06,6.589110639983896843e-06,6.420185729112312510e-06,6.115585015254983923e-06,5.973913928896648971e-06,5.843375159804439922e-06,5.571538301196757982e-06,5.475322955255737307e-06,5.379999963824489296e-06,5.293856315201240917e-06,5.063080487349085053e-06,5.020653604915326566e-06,4.962492499257306085e-06,4.760887636943009468e-06,4.751699338797796298e-06,4.715563185886020154e-06,4.682859246719893577e-06,4.557146583599552849e-06,4.536899038827227443e-06,4.517879116211291128e-06,4.369595680188630060e-06,4.410108677983456451e-06,4.399222890546451424e-06,4.268254494261162874e-06,4.319774173838699769e-06,4.312190917126124861e-06,4.301956411619435215e-06,4.188303679447141593e-06,4.244052665622201050e-06,4.232176375694903569e-06,4.129008206304807450e-06,4.184413257635601912e-06,4.168266954924253292e-06,4.147801385159744232e-06,4.125302590579794469e-06,4.103138625813435784e-06,4.076470304193804226e-06,3.990340429445272254e-06,4.031904453889267968e-06,3.998317378430812441e-06,3.960487907248013677e-06,3.951591313226696227e-06,3.910959002519096150e-06,3.866402200618100574e-06,3.792328648862165023e-06,3.813439806969077231e-06,3.762597771050449120e-06,3.692939188650575618e-06,3.705883245330118869e-06,3.649470470540844287e-06,3.590371239484004290e-06,3.526829526979530087e-06,3.528059208702567230e-06,3.464813515558026000e-06,3.405459686162730621e-06,3.399838336887034695e-06,3.333378407820778578e-06,3.265560260156840820e-06,3.266426235730804947e-06,3.197703692997056616e-06,3.128101250252942084e-06,3.078964081170227488e-06,3.059434081347370912e-06,2.988897012126435387e-06,2.943801693569339743e-06,2.920130108249530988e-06,2.849425766144533321e-06,2.778838758148410087e-06,2.739564089030232364e-06,2.711012485936127514e-06,2.641239553079054881e-06,2.605722433419774124e-06,2.574805106935175190e-06,2.506372182245548436e-06,2.438736098310011007e-06,2.441767396793984502e-06,2.375107109943361120e-06,2.309432831795016707e-06,2.282508821557178571e-06,2.248141002618890970e-06,2.184733130367672572e-06,2.122521584915418105e-06,2.126009847214962024e-06,2.065098134890901780e-06,2.005477864584462332e-06,1.985885507038849124e-06,1.950853406260920025e-06,1.893958210671521175e-06,1.876927613567880411e-06,1.842206512010277080e-06,1.788117107233712048e-06,1.735436940749754494e-06,1.739264278447389705e-06,1.688016409901113983e-06,1.638185942858150126e-06,1.642049045623176161e-06,1.608322369562293990e-06,1.574345837141440790e-06,1.540184660109864760e-06,1.544053473232448986e-06,1.509766104856779545e-06,1.475418016205161136e-06,1.479262537246418736e-06,1.444901714689220120e-06,1.410598205270189579e-06,1.414396592978754708e-06,1.380188098442743654e-06,1.346147847007694598e-06,1.312329262358547533e-06,1.316036385708266438e-06,1.282463101051612136e-06,1.249209741421616910e-06,1.252829236489503368e-06,1.219909851658601798e-06,1.187399316812009523e-06,1.155339069497419389e-06,1.158820580109414140e-06,1.127211708645108652e-06
2.631595693212608949e-06,2.628987798909829155e-06,2.719011748820298875e-06,2.810275525145453406e-06,2.902668686940908215e-06,2.899964604744900792e-06,2.993348565652236210e-06,3.087621810680931915e-06,3.084857637431178159e-06,3.179872268306448500e-06,3.275510308538834860e-06,3.371628963241363488e-06,3.368803910309145677e-06,3.465243253830443351e-06,3.561862300265196465e-06,3.559008251212319084e-06,3.655641797845194135e-06,3.752134088995723680e-06,3.749267245859113245e-06,3.845449903497849470e-06,3.941153484398003724e-06,4.036202801853380500e-06,4.033346996255270958e-06,4.127572147510129782e-06,4.220786807338262180e-06,4.262727193088779783e-06,4.404260242860561655e-06,4.499008142166116430e-06,4.644583399523709451e-06,4.695071390319794676e-06,4.790731695120490462e-06,4.942857338338529181e-06,4.999660699624023166e-06,5.095490438284625096e-06,5.253828494545382299e-06,5.317441642480538072e-06,5.482262764183563089e-06,5.576634901917144801e-06,5.743318141383529934e-06,5.818031169882718357e-06,5.910101900799102819e-06,6.081484099797879783e-06,6.164188375095582656e-06,6.341681243739869332e-06,6.427858915244200494e-06,6.604457023276190863e-06,6.699887926309721451e-06,6.780307616464129802e-06,6.958885432868667094e-06,7.063257127740086362e-06,7.136246994778646440e-06,7.315315134242848712e-06,7.493939771403782199e-06,7.612132823230614554e-06,7.670438281207870063e-06,7.846835787450240677e-06,7.974437681911482879e-06,8.020456487459062141e-06,8.192500768282735520e-06,8.329512464046647736e-06,8.502982937189938658e-06,8.526420995271766540e-06,8.687301689362492317e-06,8.838021628914429685e-06,8.843667084638230170e-06,8.993854716466734674e-06,9.153386108954858871e-06,9.139118131295664583e-06,9.275732882978422617e-06,9.404217272214822454e-06,9.575791733860593362e-06,9.527577989568782350e-06,9.638068348079379747e-06,9.817042806294632622e-06,9.744267277091130388e-06,9.833957865821589916e-06,1.001968495709895074e-05,1.009984413805204178e-05,9.987605575587804753e-06,1.004062453629647351e-05,1.023440491449040967e-05,1.009589838582844284e-05,1.012238915090825531e-05,1.032127609577023413e-05,1.033375706432312968e-05,1.015627172233048365e-05,1.013953577150923062e-05,1.034382680878030773e-05,1.014398657962150313e-05,1.009946486526006490e-05,1.030835725521576206e-05,1.009012772847480513e-05,1.001955880320381171e-05,9.933977325000989232e-06,1.014785961756139079e-05,9.909147802981738392e-06,9.802218069642220532e-06,1.002260270009704417e-05,9.781101937129871302e-06,9.658344634288964703e-06,9.887102429105819809e-06,9.754163058609253186e-06,9.520111040396680717e-06,9.381715410682092864e-06,9.621615302229829842e-06,9.407875987698457003e-06,9.272922273670716674e-06,9.526541264319212781e-06,9.343486496919799561e-06,9.221582447576402852e-06,9.103283977654257089e-06,9.375087640410090456e-06,9.249515704513129512e-06,9.158489603144472630e-06,9.448660617416427258e-06,9.375761405305106934e-06,9.320549851200500799e-06,9.629401710158222509e-06,9.592034691104698752e-06,9.601394509218074113e-06,9.606228426573791150e-06,9.935314470261111201e-06,1.000474543572244782e-05,1.005726323421787262e-05,1.039905804654320705e-05,1.047399522144706180e-05,1.062260561036674194e-05,1.074103990810269563e-05,1.108850860956186745e-05,1.128026322566618392e-05,1.143577300745181063e-05,1.177695277318643593e-05,1.199690629320733940e-05,1.217687132555460869e-05,1.249947397345069592e-05,1.268300761778989501e-05,1.291758306325779773e-05,1.311106883557932337e-05,1.338879418396068720e-05,1.360549613630797353e-05,1.378154167808996833e-05,1.400829258893509727e-05,1.416113148336126103e-05,1.432659461070848113e-05,1.445455980433313376e-05,1.459508556599604412e-05,1.469894408302595555e-05,1.476807586498974255e-05,1.483190442092881543e-05,1.486238744391993503e-05,1.486212882517453477e-05,1.486212882517453477e-05,1.484007441293618946e-05,1.479661581186797393e-05,1.472187568589335572e-05,1.462572937153626792e-05,1.450317136544189000e-05,1.434969172661479586e-05,1.418398586568592467e-05,1.399014029974541342e-05,1.378573569067891519e-05,1.353983900708801105e-05,1.330005062281557390e-05,1.303285648541444792e-05,1.273105594066902708e-05,1.245136188225838520e-05,1.214692114079397029e-05,1.185406671335274644e-05,1.150098332074487075e-05,1.119690539581218398e-05,1.087285260801704711e-05,1.049872739603978749e-05,1.019345518765370199e-05,9.872890182039731051e-06,9.492181421327698188e-06,9.200045357032977643e-06,8.897886692066136731e-06,8.626462679805697897e-06,8.255842123761411707e-06,8.000331244633669290e-06,7.743060212842955026e-06,7.391456070224979122e-06,7.170292613855753974e-06,6.953826422074270121e-06,6.762169461223603461e-06,6.444805259841718052e-06,6.274765577812134774e-06,6.119286967411198769e-06,5.832343038862467259e-06,5.699832393800195544e-06,5.588711590575897137e-06,5.333143955319270557e-06,5.235465591942065289e-06,5.147190282576887604e-06,5.090293531218553697e-06,4.873466267190732061e-06,4.813395867225231869e-06,4.790916016911178563e-06,4.601349219005898974e-06,4.563880215270083610e-06,4.569707695726828932e-06,4.542990035893510405e-06,4.383372899720647462e-06,4.364411014168232200e-06,4.396420498054735676e-06,4.256148044731646735e-06,4.246324183337399966e-06,4.291569588651777376e-06,4.167203952821095563e-06,4.161713696351132454e-06,4.154070152608460085e-06,4.206468878554754335e-06,4.097950826867878120e-06,4.089581415361179733e-06,4.143462128459934718e-06,4.044557929491785164e-06,4.032708172971332435e-06,4.084573869216965589e-06,4.065307439416101811e-06,3.976107570073202354e-06,3.954589770481798438e-06,3.997768948109701446e-06,3.914567130824043366e-06,3.886502225425021544e-06,3.922869179423208432e-06,3.886235781874668501e-06,3.809851010872112425e-06,3.771043370413000950e-06,3.795245623214607766e-06,3.723341504186739627e-06,3.678233338720571578e-06,3.694509917966662616e-06,3.626791455480901020e-06,3.575974739126213941e-06,3.522354932410671149e-06,3.526956327324987843e-06,3.465079622685634268e-06,3.407021988732505923e-06,3.404674117636661950e-06,3.346810529099489370e-06,3.285217889387899477e-06,3.276557576698578936e-06,3.210433008184838777e-06,3.158441134172849397e-06,3.093121124400424715e-06,3.076306891173374722e-06,3.028274116310573947e-06,2.961605807296387567e-06,2.940377053888792015e-06,2.896242677925602898e-06,2.828989154730818099e-06,2.761646302446418963e-06,2.735112153574510062e-06,2.696601754572341806e-06,2.629668319231013366e-06,2.600492589608084989e-06,2.565617295904846971e-06,2.499637309734363471e-06,2.468435552428456533e-06,2.402227206332102839e-06,2.372469181405124062e-06,2.308712139193347667e-06,2.275457560463155351e-06,2.248914194942426015e-06,2.187100253971435149e-06,2.153093459605345509e-06,2.092074884338563940e-06,2.069954349459708474e-06,2.011495851925394099e-06,1.977070867235985897e-06,1.957660521502521942e-06,1.901675751815957173e-06,1.867397106342514491e-06,1.850486032799138370e-06,1.797083887763601910e-06,1.763216210561720962e-06,1.711399893262669755e-06,1.697838399886944429e-06,1.664600252810976850e-06,1.630983474437146199e-06,1.634650828626944699e-06,1.600730260959521945e-06,1.566561865161931956e-06,1.532211014762261525e-06,1.535892496877355111e-06,1.501420282865713224e-06,1.466889967733209309e-06,1.470555006143868543e-06,1.436017560574875180e-06,1.401540394786549966e-06,1.405168191246810820e-06,1.370792260731788557e-06,1.336587810633338899e-06,1.302608338820023179e-06,1.306157953074139447e-06,1.272430596601188739e-06,1.239026654547632883e-06,1.242499101866125477e-06,1.209436242677322467e-06,1.176785839286730484e-06,1.144589355638809429e-06,1.147938282767577031e-06
2.621081798453232957e-06,2.711208555310511468e-06,2.802577745270470027e-06,2.895078904231553981e-06,2.892485375155718789e-06,2.985982412956149447e-06,3.080371221678540601e-06,3.077725056976419802e-06,3.172860094151336856e-06,3.268620886001009756e-06,3.364864579699333810e-06,3.362166789531328827e-06,3.458735550145401693e-06,3.555486092581877794e-06,3.552765536900564605e-06,3.649534486488335998e-06,3.746163996028685690e-06,3.743436086107083022e-06,3.839759284632271307e-06,3.935604900328295197e-06,4.030797626074446659e-06,4.028086475172420105e-06,4.122457393764454696e-06,4.215818793156779263e-06,4.213141928955388788e-06,4.305327283659814172e-06,4.444941350360104904e-06,4.587797576719263991e-06,4.585197669891545023e-06,4.731263389311245632e-06,4.880443819924806376e-06,4.877926337860109923e-06,5.030166260689310048e-06,5.185331621725174945e-06,5.182918627660111285e-06,5.340927309653594168e-06,5.501601025530650673e-06,5.664778562840605990e-06,5.662540468551941324e-06,5.828089411831541527e-06,5.995756708000212101e-06,5.993677745735209298e-06,6.163292641309559857e-06,6.334544726481907445e-06,6.507152936299852722e-06,6.505327133862152758e-06,6.679054265793176622e-06,6.853495021190240368e-06,6.851895241198168003e-06,7.026766237177025257e-06,7.201590847455504829e-06,7.261818696006497305e-06,7.374706474768316766e-06,7.548226250316909049e-06,7.720323586272723665e-06,7.719434416379310310e-06,7.889716847261599191e-06,8.057503743610141614e-06,8.057050906580845125e-06,8.221925666379071529e-06,8.383110496667967008e-06,8.539954850106299975e-06,8.540310694071455948e-06,8.692372989452099756e-06,8.838780117215217262e-06,8.840011277022410160e-06,8.980332976243242870e-06,9.113519589073225874e-06,9.078934677329586364e-06,9.241785770094958344e-06,9.358973550636160357e-06,9.466764476100318379e-06,9.471714415661028507e-06,9.570149344278995208e-06,9.657719899454665432e-06,9.665465565398649662e-06,9.742574714046100696e-06,9.807448191589194754e-06,9.859379210782050028e-06,9.872677627908503598e-06,9.912802192943146300e-06,9.938886071422057687e-06,9.958222714594354365e-06,9.972170980390043611e-06,9.971292095639386582e-06,9.955197591671401767e-06,9.985965098439692264e-06,9.957944851849061748e-06,9.914548265991824511e-06,9.957089064817778188e-06,9.902893901550632706e-06,9.833718459391933701e-06,9.609878341528272624e-06,9.813266482150865769e-06,9.721236979311095489e-06,9.615806141135936559e-06,9.699487147100339644e-06,9.589019889072853781e-06,9.467218841519219145e-06,9.575267307175552373e-06,9.452259504566954480e-06,9.320691234164510462e-06,9.181976745248461187e-06,9.328983649514679496e-06,9.195527219431161837e-06,9.058651207166611288e-06,9.239233405918455968e-06,9.112687087500969454e-06,8.986888821925995355e-06,8.833810963078716553e-06,9.093398338704351675e-06,8.988077504759974158e-06,8.890059068459929553e-06,9.157401104160074368e-06,9.081378514627493631e-06,9.016878146580176214e-06,9.320928302038049938e-06,9.281606519997662332e-06,9.257408361869977191e-06,9.250118009813992057e-06,9.597074671517680390e-06,9.617293315453017587e-06,9.656541355474922039e-06,1.002764209346691637e-05,1.009294759525949651e-05,1.017790210275990608e-05,1.028285636714853068e-05,1.067029330010429091e-05,1.079589976676008210e-05,1.093961728391154335e-05,1.132435461797657855e-05,1.148126304371222804e-05,1.165260484827450119e-05,1.201993083520483209e-05,1.219488696957660621e-05,1.237903823482429262e-05,1.257016528232048889e-05,1.289021241593625568e-05,1.306979823952931921e-05,1.324961274513371698e-05,1.351676951840670253e-05,1.367342172955165876e-05,1.382340259660254977e-05,1.396404172281268490e-05,1.414084145005617989e-05,1.424414458332057758e-05,1.433227219111762959e-05,1.443031744536696030e-05,1.447366143701464159e-05,1.449769875388434067e-05,1.451180817542921809e-05,1.450116131025723100e-05,1.448705188871235527e-05,1.444096950029525133e-05,1.437333596176850918e-05,1.427529070751918016e-05,1.415916466485056977e-05,1.402273790115736831e-05,1.384593817391387163e-05,1.366570168852935204e-05,1.346838890741616780e-05,1.325551714891946985e-05,1.298836037564648092e-05,1.274241319244849184e-05,1.248590278771882373e-05,1.216585565410305694e-05,1.188629788283195974e-05,1.160167577078446708e-05,1.131386778164606095e-05,1.094654179471572836e-05,1.064982852217404071e-05,1.035509758205834287e-05,9.970360247993307676e-06,9.676645072256438214e-06,9.389344291892773450e-06,9.001907358937011520e-06,8.724233632192349611e-06,8.456384997057590344e-06,8.199022218219974138e-06,7.827921480227978111e-06,7.588604438635368595e-06,7.361572917258416910e-06,7.014616255554729424e-06,6.809709128026900359e-06,6.617750218768989051e-06,6.438420498124982759e-06,6.134370342667109882e-06,5.979205223804384269e-06,5.836020592639227661e-06,5.568678556939358978e-06,5.449390396224153050e-06,5.340698190326161853e-06,5.099663580621320778e-06,5.024795577277005283e-06,4.947065960593134619e-06,4.877101807843803800e-06,4.696519609669230708e-06,4.644952319341733683e-06,4.598973070129557362e-06,4.451966171401751222e-06,4.421079268598347123e-06,4.393590993342443985e-06,4.368681240606118055e-06,4.260632835614942654e-06,4.246134529280124056e-06,4.232287786861611725e-06,4.148607036750506003e-06,4.141968811563562306e-06,4.134331165710542727e-06,4.017131116393059549e-06,4.067579991826982591e-06,4.061985824838563952e-06,4.053735199795056606e-06,4.011197568144652360e-06,4.004288136900203839e-06,3.993889435999646155e-06,3.963129057130357589e-06,3.952382642176021897e-06,3.937634539824096390e-06,3.918866574907342492e-06,3.899547436143220796e-06,3.879011246572568833e-06,3.854324494740372662e-06,3.841056774671404539e-06,3.813961386264831772e-06,3.782800380932858263e-06,3.747751987189538379e-06,3.740063850426012187e-06,3.702374746403003866e-06,3.661095033176442960e-06,3.656230553492158341e-06,3.612341368636098290e-06,3.565258373506765060e-06,3.501012089457864230e-06,3.512907865396305447e-06,3.460680047697352380e-06,3.405978735319774975e-06,3.404924266151572670e-06,3.348341412783898994e-06,3.289782205651877370e-06,3.289651719592673097e-06,3.229594562505719256e-06,3.168018221082410714e-06,3.105160483548757334e-06,3.105909631302214667e-06,3.042174539468241862e-06,2.977589099694059257e-06,2.978830415851432512e-06,2.913743746637856282e-06,2.848200232637562647e-06,2.806022503551841862e-06,2.784145170511925863e-06,2.718341724889552765e-06,2.652593281812706833e-06,2.654675028361352529e-06,2.589227915329576561e-06,2.524118550178568793e-06,2.526478432210905253e-06,2.461918260268676574e-06,2.397934835094222882e-06,2.334633678054692960e-06,2.337310193769172906e-06,2.274857111983690681e-06,2.213264111550282992e-06,2.216141802111404807e-06,2.155545963147875775e-06,2.095951473402788275e-06,2.037418009826179598e-06,2.040518190289685595e-06,1.983145289411882454e-06,1.926926786503909745e-06,1.930160396144411151e-06,1.875172328500261314e-06,1.821404831908017088e-06,1.824743896545444607e-06,1.772251587828462799e-06,1.721022463045616512e-06,1.688021062059082174e-06,1.691458710003560674e-06,1.658032129632327061e-06,1.624228166214008324e-06,1.627709763916021077e-06,1.593605040097222172e-06,1.559254251701335238e-06,1.524722926905898280e-06,1.528225998936492234e-06,1.493577576774708992e-06,1.458873384645293555e-06,1.462366998132422273e-06,1.427660692462022204e-06,1.393017336118620440e-06,1.396481708434052528e-06,1.361945209367592210e-06,1.327583128006218914e-06,1.293449036629688927e-06,1.296847110361174869e-06,1.262971352898174540e-06,1.229422203257970876e-06,1.232752683875352080e-06,1.199551140200373185e-06,1.166765369953363370e-06,1.134436866818283166e-06
2.703840049657686530e-06,2.795311171074743161e-06,2.887916636332898045e-06,2.885429758960942460e-06,2.979035760118872496e-06,3.073535805615687982e-06,3.071003108223577902e-06,3.166253795560173244e-06,3.262132367782978475e-06,3.358495914320908079e-06,3.355919986467151587e-06,3.452612550496935790e-06,3.549488763570412383e-06,3.546895666244773495e-06,3.643793776677975791e-06,3.740554058507456403e-06,3.737958435379146488e-06,3.834415332308403221e-06,3.930395949129098104e-06,4.025724863809475014e-06,4.023150968715383580e-06,4.117660083045870775e-06,4.211160485196409295e-06,4.208623291957520483e-06,4.300948841194825426e-06,4.391901578501085891e-06,4.481297133021186261e-06,4.529641231860273733e-06,4.672940712143854208e-06,4.762667469390066925e-06,4.816868168095423487e-06,4.966122726426380548e-06,5.055422797958234314e-06,5.115918316727738904e-06,5.270723651216838449e-06,5.358714388628754392e-06,5.515028750040035043e-06,5.585744865074821974e-06,5.747777205957962553e-06,5.831828882628231801e-06,5.909876517936327368e-06,6.075782616458946129e-06,6.155716045371234067e-06,6.320574964131045650e-06,6.410258389256536628e-06,6.580033989065323231e-06,6.651129254470721800e-06,6.748960706869799993e-06,6.919758944945258646e-06,6.983021469099994515e-06,7.149129198533951904e-06,7.259520612333616137e-06,7.313224922147269499e-06,7.477059471373751593e-06,7.595978308834126995e-06,7.762104805568543909e-06,7.797919849744005600e-06,7.925351412032929146e-06,8.086149239968851493e-06,8.107632252097158693e-06,8.256797705017353923e-06,8.396610408080654327e-06,8.544873818445881342e-06,8.541023978875481815e-06,8.688781326217224940e-06,8.825594717304409285e-06,8.802482178108241855e-06,8.921836411082392497e-06,9.080447592691818579e-06,9.036360908914346302e-06,9.139283935144913530e-06,9.304551854611454320e-06,9.400620278242604122e-06,9.322022167456960203e-06,9.493353349239166207e-06,9.568677498941703994e-06,9.466150494141537813e-06,9.516799399999629455e-06,9.695364693399746288e-06,9.734712618302324670e-06,9.595256826860619503e-06,9.778358830986353135e-06,9.792162352262095545e-06,9.629646310615768125e-06,9.616741007067093445e-06,9.804617667826427956e-06,9.777391157126523620e-06,9.582710833800843793e-06,9.774556675418679115e-06,9.721526544635689495e-06,9.510846442700405799e-06,9.434338299746902374e-06,9.630408737883006416e-06,9.408925593725812170e-06,9.312063647956796679e-06,9.513639080207247098e-06,9.404364052512206488e-06,9.175286641003441691e-06,9.383987805205960277e-06,9.261483656970794810e-06,9.039315115736768622e-06,8.910038154551337501e-06,9.128248293138643059e-06,8.993838768531708201e-06,8.793590513210113052e-06,9.023773912457114168e-06,8.894609858990518963e-06,8.723740695035017966e-06,8.606853542320451150e-06,8.853168517727695572e-06,8.720592962932271225e-06,8.625990578182375084e-06,8.889069881899214895e-06,8.805501720280484062e-06,8.738258605635231007e-06,9.018938284773650799e-06,8.970011530336683515e-06,8.956719670092415248e-06,8.944834783968006158e-06,9.245690867470742223e-06,9.253929220468014652e-06,9.319538304426560200e-06,9.634524013152600194e-06,9.687145102899055480e-06,9.805219295718537156e-06,9.899049989416585597e-06,1.022402928430713054e-05,1.033739198109773144e-05,1.051880152844271492e-05,1.084322976661431698e-05,1.099002349093434436e-05,1.119969719706438594e-05,1.151337854232838286e-05,1.168172935106122752e-05,1.190347305426191479e-05,1.208761302403031777e-05,1.236948096438447237e-05,1.254895608821784713e-05,1.276306491803273935e-05,1.300553948410316259e-05,1.316810490702390442e-05,1.335086680065920784e-05,1.349785510308718791e-05,1.366990597933064690e-05,1.378753961171313518e-05,1.390568086320069879e-05,1.401192180005798018e-05,1.407530545011688358e-05,1.412807096407204059e-05,1.415174422634408732e-05,1.416139895889833295e-05,1.416139895889833295e-05,1.414186841427629966e-05,1.409776046966336021e-05,1.403250421554910483e-05,1.394416154106544894e-05,1.382704358230843841e-05,1.369059947803954189e-05,1.353824071679802630e-05,1.335227445037189692e-05,1.316179633015186110e-05,1.294543266003390765e-05,1.272436935332651234e-05,1.246165014690763376e-05,1.219934805055048401e-05,1.194071433811404198e-05,1.163429017476455467e-05,1.135774196131266249e-05,1.106018255752981545e-05,1.077750971252671327e-05,1.043445041496847430e-05,1.012772952046248165e-05,9.842541995833086735e-06,9.487504266832999541e-06,9.186672152943517892e-06,8.912159563672874445e-06,8.557443841356560755e-06,8.293352164596256760e-06,8.022587525745065873e-06,7.780306307787843108e-06,7.441294235442944617e-06,7.202650680966569106e-06,6.991194056624707669e-06,6.673021702104818263e-06,6.481002038952646369e-06,6.295955717270766501e-06,6.131332518885038965e-06,5.847138311300253751e-06,5.703722961239817775e-06,5.573902238200580765e-06,5.318394178316725559e-06,5.207687794399761970e-06,5.119021135262197080e-06,4.892285601809515647e-06,4.812346600715165294e-06,4.760355785530075126e-06,4.699425585534595752e-06,4.507415549793879729e-06,4.487385186433938219e-06,4.448560963970003514e-06,4.280591371684816266e-06,4.252052738568576577e-06,4.264927484321614797e-06,4.245011904473078063e-06,4.103127833458956547e-06,4.134272382545444682e-06,4.124072617956246113e-06,3.998897256362868226e-06,3.992428650507810277e-06,4.037660792642726456e-06,3.926153199363924263e-06,3.922649978351065685e-06,3.973764641696833600e-06,3.967212442732908735e-06,3.869278908298242516e-06,3.922196584329029742e-06,3.913050298207936192e-06,3.823355187295899806e-06,3.812624069729034157e-06,3.861042444673792032e-06,3.843305983913894666e-06,3.761966806831697221e-06,3.805752993395885094e-06,3.782030707238607556e-06,3.705887252096084331e-06,3.679792238246336573e-06,3.713350258594776025e-06,3.679368744836565732e-06,3.609195922353798809e-06,3.635592671469970050e-06,3.595460640004715514e-06,3.529239577680534133e-06,3.487388276327872149e-06,3.502370348088355416e-06,3.439865647919542663e-06,3.392743009654994684e-06,3.400600599567785083e-06,3.347298511526421992e-06,3.290017446108783404e-06,3.291151361775805940e-06,3.234059608616059871e-06,3.180378196742748125e-06,3.123256368440554048e-06,3.115299622984094057e-06,3.053976154872282158e-06,3.005581708013352839e-06,2.992474524163926347e-06,2.929432080794885121e-06,2.884611044941719500e-06,2.822632511766628947e-06,2.803025442536732019e-06,2.761731443481394223e-06,2.699119285384877470e-06,2.676069263404783579e-06,2.611796796436530234e-06,2.575607594921775320e-06,2.549747420211081441e-06,2.486056680709988299e-06,2.453177344817044224e-06,2.391487933060411292e-06,2.362461182323195420e-06,2.300474022197072205e-06,2.272271356310128937e-06,2.241810074437265710e-06,2.181450754860255209e-06,2.156197338118790948e-06,2.098116771988225541e-06,2.066309373996685068e-06,2.008883204715501438e-06,1.987704202018662082e-06,1.955497315575834870e-06,1.900299678452369525e-06,1.881628826061238442e-06,1.849343140114266885e-06,1.796511133341241746e-06,1.780162120529406115e-06,1.748070721353568735e-06,1.715399867497361404e-06,1.682218438100357664e-06,1.685476729884544617e-06,1.651871651268098198e-06,1.617890225743598167e-06,1.621195568141294679e-06,1.586915958834049706e-06,1.552391810074532011e-06,1.517688797618046706e-06,1.521021994539151589e-06,1.486205641968735788e-06,1.451335588635070477e-06,1.454665527056835503e-06,1.419797841923007619e-06,1.384995503826124965e-06,1.388303386984290942e-06,1.353612979169580035e-06,1.319099650369743011e-06,1.284817047026122359e-06,1.288069411866896399e-06,1.254050809828797340e-06,1.220361735000119429e-06,1.223555258921380559e-06,1.190219770390150773e-06,1.157303104926097706e-06
2.788450398665503542e-06,2.881156529499174100e-06,2.878772467731917402e-06,2.972483399604369384e-06,3.067090451816341150e-06,3.064666793700117828e-06,3.160028504965475133e-06,3.256020033261396455e-06,3.352498410780423586e-06,3.350039126730876307e-06,3.446850080341626761e-06,3.543846356660817283e-06,3.541374918973816368e-06,3.638396202924067797e-06,3.735281084321494361e-06,3.732811393615054554e-06,3.829395457212385104e-06,3.925504370904029280e-06,4.020962603172073149e-06,4.018518931464911716e-06,4.113159054664088842e-06,4.206791125499263238e-06,4.204386129819540703e-06,4.296844269367354439e-06,4.387929848545154444e-06,4.477458350374975361e-06,4.475132186426908218e-06,4.562943778464817967e-06,4.703574940957221237e-06,4.756980951501535387e-06,4.844703708878918518e-06,4.990690266019333079e-06,5.050228879332715166e-06,5.137061652220065652e-06,5.287939513290613075e-06,5.441023679512925147e-06,5.439040272662569830e-06,5.594203805373282216e-06,5.751209062814334232e-06,5.827816071706237315e-06,5.908056870422172927e-06,6.068133763988587558e-06,6.229341181078670729e-06,6.227733038150352044e-06,6.389849778044667590e-06,6.552503641615094491e-06,6.648303821803211418e-06,6.714027161444030090e-06,6.876795961760394204e-06,7.039013444119005512e-06,7.037934616179169689e-06,7.199275979735261915e-06,7.359204936726125664e-06,7.358431538833903495e-06,7.516589881072640899e-06,7.672365003379668765e-06,7.796809443671865784e-06,7.824989288736364430e-06,7.974542643249894462e-06,8.120052518029787929e-06,8.120373874469351218e-06,8.261438286177610503e-06,8.397281444064698150e-06,8.541346475816834522e-06,8.528594122035699503e-06,8.652275377964376745e-06,8.768727951982225192e-06,8.771331347927222916e-06,8.880362818953920184e-06,8.980828734537290678e-06,8.985134287084039356e-06,9.077046597108316057e-06,9.159081048698044906e-06,9.325780072305984997e-06,9.238270483778062334e-06,9.299639037727353881e-06,9.349265365448807224e-06,9.360742468191393350e-06,9.399571444505067043e-06,9.425659065060485221e-06,9.603449050896886003e-06,9.457254266930897654e-06,9.458725472501564453e-06,9.446357155183526206e-06,9.472789248473000273e-06,9.449365907375051576e-06,9.411901187396595024e-06,9.597537419789418944e-06,9.400803469794301377e-06,9.339422170644398583e-06,9.264431705330202136e-06,9.318927640496804454e-06,9.236022120575854445e-06,9.140605974225505644e-06,9.212519089685638013e-06,9.111786608754352578e-06,9.000263816145746490e-06,9.200446859439259298e-06,8.979748631936544518e-06,8.857758992587522835e-06,8.728515239678000175e-06,8.855585798472603634e-06,8.729951746672621595e-06,8.600273485505176285e-06,8.819499039744234080e-06,8.635458775565263003e-06,8.513513636788080103e-06,8.392985582205216122e-06,8.593554056643945332e-06,8.487825618133874235e-06,8.387518204790885804e-06,8.622742026323655765e-06,8.541427692732597260e-06,8.469422966229086253e-06,8.735806535188363989e-06,8.689379932330887303e-06,8.652460841616245582e-06,8.630020928496857734e-06,8.941705880010965290e-06,8.944589208973525153e-06,8.964296836400592207e-06,9.265102150100295469e-06,9.346229092244252593e-06,9.408811872862107907e-06,9.489943665263405093e-06,9.848932532072269389e-06,9.951539307194949609e-06,1.007172938649443869e-05,1.038638495760846077e-05,1.057066861899979677e-05,1.072167867276185522e-05,1.102913376359878513e-05,1.123510594304100007e-05,1.140515696003998866e-05,1.158447324117948589e-05,1.190600455119279074e-05,1.208051803514062366e-05,1.225859148660737394e-05,1.250625853366976700e-05,1.270207356279291975e-05,1.286218296172081804e-05,1.301718762108358389e-05,1.322386514634410303e-05,1.334977302515179460e-05,1.346472037336489091e-05,1.358911483771875614e-05,1.368149731510984567e-05,1.374343331152903118e-05,1.378811234500758726e-05,1.382708037049975524e-05,1.382721255438891343e-05,1.382721255438891343e-05,1.380788898621233849e-05,1.376892096072017051e-05,1.370374923603490545e-05,1.361873264827455514e-05,1.351047755682649576e-05,1.337503026084733695e-05,1.322810060687004123e-05,1.306400229415131634e-05,1.285732476889079721e-05,1.265684727012040684e-05,1.244300190162245586e-05,1.220484376254466140e-05,1.193665011549776398e-05,1.168582881839091346e-05,1.142808622174558021e-05,1.110655491173227535e-05,1.083307970717871618e-05,1.055765690239344033e-05,1.026388698150287350e-05,9.927535250605238072e-06,9.648576055525651178e-06,9.355087695998745394e-06,9.010678611591806244e-06,8.740941002821373679e-06,8.478783396843376672e-06,8.119794530034510683e-06,7.869849371532497499e-06,7.630071430096914046e-06,7.386858081116678192e-06,7.063565479401948730e-06,6.853011924703719126e-06,6.654198954952075176e-06,6.342514003437965926e-06,6.165189797913709697e-06,5.999798691272017161e-06,5.844686240853383345e-06,5.576291965004954137e-06,5.444811942036786072e-06,5.323990491951456543e-06,5.088766670419708104e-06,4.989533618101780346e-06,4.899510588560514873e-06,4.698942114152427927e-06,4.628635693562798992e-06,4.565714777723310123e-06,4.533324075779304673e-06,4.352597966840903901e-06,4.312153376172645056e-06,4.276250740447846295e-06,4.149180190030713780e-06,4.126151481611435873e-06,4.105710413353094054e-06,4.128287998775093394e-06,3.994114184641264298e-06,3.984223962223762603e-06,3.974525825914086402e-06,3.902613008875121708e-06,3.898773747511101802e-06,3.893705139013956343e-06,3.839210130929625145e-06,3.837533205501822299e-06,3.833503489178520736e-06,3.884102579545822039e-06,3.790330735486105591e-06,3.784478488114788037e-06,3.775303164605516881e-06,3.748878057057304038e-06,3.739080644441221158e-06,3.725544762812911611e-06,3.770141503385942101e-06,3.691635085444871074e-06,3.672555081534253963e-06,3.649645473678729893e-06,3.638196798750600561e-06,3.612962621413846963e-06,3.583995363558010190e-06,3.612890067006251771e-06,3.544798893468813717e-06,3.509776033518526924e-06,3.471460711578941960e-06,3.467231960921750063e-06,3.426480263114890929e-06,3.382797729229197537e-06,3.380301587331186488e-06,3.334377151046681698e-06,3.285934583939608505e-06,3.290110676051776830e-06,3.234280915463753091e-06,3.181796234178565418e-06,3.127477019127408879e-06,3.127354567646585941e-06,3.071624291849072258e-06,3.014470685807317653e-06,3.004040557871273343e-06,2.956756966855876150e-06,2.897545119351237119e-06,2.837513268552994140e-06,2.838596525438534171e-06,2.778057630145269077e-06,2.717055496052983736e-06,2.718493835885295623e-06,2.657301487378695672e-06,2.595965363929929559e-06,2.571957307217779299e-06,2.536462579469224570e-06,2.475357175515456634e-06,2.414515178622826849e-06,2.416594575984660755e-06,2.356209367465521877e-06,2.296308902015509849e-06,2.267112240987098953e-06,2.239357516331192157e-06,2.180776459758830338e-06,2.122945361078905084e-06,2.125495857414861836e-06,2.068543037170048135e-06,2.012474476078383534e-06,1.981032927152002473e-06,1.960105021276496103e-06,1.906014596369350889e-06,1.874325682633757445e-06,1.855841312347892970e-06,1.803890404207402289e-06,1.772244985645546650e-06,1.775232526367566347e-06,1.742970404679063223e-06,1.710128963974375111e-06,1.676777270855393699e-06,1.679865803232878728e-06,1.646091644251213004e-06,1.611941985507000379e-06,1.615080103182435581e-06,1.580634432149815905e-06,1.545945532237065558e-06,1.511079219806604410e-06,1.514250701554402809e-06,1.479274345254391492e-06,1.444246119330109686e-06,1.447419829099881002e-06,1.412397965228650136e-06,1.377443597551237398e-06,1.380601692900623621e-06,1.345763825157240079e-06,1.311105444044496000e-06,1.276680269511876295e-06,1.279792611723229549e-06,1.245636597141943948e-06,1.211812775644504674e-06,1.214874268997523011e-06,1.181409510843588076e-06
2.874774806840293394e-06,2.872489798190018365e-06,2.966301716293901967e-06,3.061011648210435073e-06,3.058692719598028122e-06,3.154160962341323220e-06,3.250260771999000114e-06,3.346849124299870185e-06,3.344501447513482568e-06,3.441425575360903284e-06,3.538536522728128378e-06,3.536181178008512081e-06,3.633319897158982237e-06,3.730323471455862762e-06,3.727973641928035683e-06,3.824678640651520389e-06,3.920909464164064819e-06,4.016490476780587628e-06,4.014170346892130929e-06,4.108934659475031536e-06,4.202691448566919906e-06,4.200411576618125797e-06,4.292995117364582663e-06,4.384206242712064045e-06,4.473860298830769315e-06,4.471659556234646905e-06,4.559596291591282074e-06,4.645608952652966168e-06,4.643487411427194989e-06,4.784093918032371724e-06,4.927215830055124116e-06,4.925191006575745727e-06,5.070747303044358021e-06,5.218569914959312480e-06,5.299659914551251916e-06,5.366639445422428291e-06,5.518565840748369438e-06,5.596804887610224534e-06,5.670520796511024942e-06,5.825801290032733167e-06,5.982398193849444666e-06,6.054174301523400550e-06,6.138546713263030955e-06,6.297049574161708396e-06,6.362906360235051520e-06,6.454718166329599415e-06,6.613930806106425929e-06,6.772949174836531285e-06,6.827135326076215031e-06,6.930383937377590590e-06,7.087936433078283484e-06,7.132364205701688191e-06,7.243358102364167232e-06,7.397742360761873789e-06,7.430705242347015869e-06,7.549417700254294036e-06,7.698732815370559767e-06,7.844658134586060828e-06,7.857013542758466872e-06,7.986934784557637895e-06,8.124556877115854050e-06,8.121005403933698028e-06,8.258107060211681538e-06,8.385154518919076664e-06,8.505830344850971554e-06,8.475003743582019088e-06,8.621911160755226669e-06,8.728323639162829193e-06,8.677522029911772210e-06,8.830432341433397625e-06,8.920185260342112428e-06,8.848230491514748707e-06,9.006598727320998829e-06,9.077435532998900282e-06,9.137483213645346947e-06,9.031917315153184322e-06,9.196799329026267530e-06,9.234888123916487629e-06,9.107132538675690562e-06,9.276055689992763795e-06,9.290833364214878237e-06,9.292495602725935508e-06,9.132051543493978891e-06,9.305202881959619764e-06,9.282466941382220969e-06,9.103305029801160263e-06,9.279885752028904853e-06,9.233320169967723252e-06,9.173264628959905938e-06,8.970232558075805898e-06,9.150385287588363675e-06,9.068885454057814730e-06,8.856937152977930821e-06,9.041742477919693978e-06,8.942210780695354172e-06,8.727439518410981301e-06,8.918293536031561371e-06,8.805412496924599163e-06,8.683964628953271426e-06,8.474339455000064363e-06,8.673266689875651022e-06,8.547117949926524949e-06,8.353291512601038324e-06,8.562621801328452876e-06,8.439153816011107771e-06,8.314761638495921236e-06,8.155167802460573485e-06,8.378706507443374233e-06,8.268692356614900112e-06,8.145266655693288448e-06,8.383968629556330527e-06,8.296392725152784060e-06,8.216078998053725010e-06,8.471133113330126256e-06,8.413247206769525736e-06,8.367332330643838728e-06,8.355574914491732636e-06,8.630211966737870276e-06,8.622519063266299790e-06,8.662654705553445819e-06,8.952084979069000208e-06,8.985156644820137771e-06,9.035746177513880335e-06,9.146985619531864138e-06,9.449293912893642035e-06,9.540111544928635138e-06,9.693924663170555854e-06,9.999935569339371720e-06,1.012546179174300531e-05,1.026647572980311538e-05,1.061296854998340442e-05,1.076412464882574493e-05,1.092718477954005478e-05,1.114035527946555406e-05,1.142056892262135383e-05,1.159224701531758032e-05,1.180286702029723859e-05,1.205358767449623940e-05,1.221856910791601114e-05,1.238271859639843260e-05,1.256726781353248299e-05,1.276177757551068719e-05,1.289744184657530216e-05,1.304088423596570018e-05,1.318012120988657201e-05,1.327304664220944437e-05,1.335204490761177693e-05,1.342302597417773933e-05,1.347749210131712846e-05,1.349917546382343874e-05,1.350451947728007173e-05,1.350451947728007173e-05,1.349000795623010081e-05,1.344936786363706823e-05,1.338620353347061389e-05,1.330310551904429216e-05,1.320021726264889541e-05,1.307914475457164071e-05,1.292834710996700760e-05,1.276292752725259182e-05,1.258726434670507849e-05,1.237774423102510450e-05,1.216075398224979577e-05,1.194080367785169309e-05,1.171088507824334605e-05,1.143921723071437205e-05,1.117480899124894493e-05,1.091807409017216659e-05,1.061335891081797984e-05,1.032893936690569949e-05,1.005922265468901428e-05,9.790458259953554963e-06,9.443965439773264225e-06,9.174515127525175169e-06,8.910016486622923394e-06,8.576046529942712350e-06,8.301139637714030693e-06,8.051799526632467548e-06,7.723343599530814899e-06,7.471013658914051375e-06,7.245352825184244477e-06,7.030370555663751616e-06,6.721424539970545496e-06,6.513141163946908168e-06,6.328576815952217633e-06,6.041320200709981831e-06,5.870057546565376573e-06,5.718193824513390257e-06,5.577417930678884823e-06,5.323131261870259136e-06,5.204381994367550678e-06,5.095254466581037439e-06,4.867704831885272514e-06,4.786053506576410491e-06,4.706055295429021203e-06,4.504703608369278204e-06,4.457079052578204060e-06,4.402414721424362572e-06,4.353712281282230004e-06,4.183359241894716984e-06,4.173746716997410949e-06,4.143872406238027588e-06,3.994676528112698196e-06,4.007620898704285625e-06,3.991732015781891059e-06,3.977332960290103005e-06,3.850838304280600495e-06,3.884377577124639949e-06,3.877704272719082254e-06,3.765645326664210507e-06,3.809484349830921100e-06,3.806554726717896839e-06,3.706250525634250207e-06,3.755955131117597069e-06,3.753424439254063044e-06,3.748176697004245355e-06,3.659516712694410236e-06,3.709541868379082458e-06,3.701419116319506899e-06,3.619833917779481808e-06,3.667942852129000659e-06,3.655265790841727307e-06,3.638879119473063842e-06,3.564507554252680101e-06,3.605143131117731098e-06,3.583082924234867777e-06,3.513225230400539780e-06,3.548012970582291098e-06,3.519928184990441261e-06,3.488346449834191036e-06,3.423733973299794003e-06,3.448079179658161153e-06,3.410797253399620520e-06,3.349680406222465321e-06,3.367156449165741074e-06,3.324599232960745504e-06,3.266791350510477924e-06,3.277496648266343240e-06,3.230268678546833355e-06,3.180810020486121558e-06,3.127685296773173957e-06,3.128743782596848218e-06,3.075754177565930196e-06,3.025866304220567236e-06,3.021253093042756292e-06,2.965473299201429987e-06,2.908503387395541393e-06,2.863387254308817318e-06,2.851292681950183926e-06,2.792664496044991344e-06,2.750780909298790536e-06,2.734535940941359135e-06,2.674928195352077187e-06,2.636242462774856778e-06,2.616462725651430649e-06,2.556493967428849216e-06,2.496511895955781599e-06,2.462468877785092607e-06,2.438448329186169902e-06,2.378908012061366743e-06,2.347884093823397554e-06,2.321746921780900422e-06,2.263088709197694101e-06,2.204982255244983703e-06,2.178239151851917356e-06,2.149801956316907261e-06,2.093111477191602179e-06,2.069077764587528771e-06,2.039663395883629451e-06,1.984660972812348765e-06,1.930562726293700508e-06,1.933164388025651933e-06,1.880063631480876173e-06,1.827957514723962395e-06,1.830682667430095609e-06,1.799591708816427620e-06,1.767785587219125685e-06,1.770612068864961864e-06,1.738188718003068255e-06,1.705186058891362872e-06,1.671673333678184718e-06,1.674601190289323481e-06,1.640666876163411644e-06,1.606357741307296251e-06,1.609337214292849031e-06,1.574733876251575348e-06,1.539888427056440682e-06,1.504866816842466267e-06,1.507884379771875690e-06,1.472755604767720172e-06,1.437576575096486637e-06,1.440601204644495877e-06,1.405432086419703398e-06,1.370332386442103330e-06,1.373347161654811867e-06,1.338368070070268768e-06,1.303570639675314601e-06,1.269008662935048058e-06,1.271986516911694659e-06,1.237698389488899799e-06,1.203744886631687519e-06,1.206679181016020989e-06
2.866559528503081609e-06,2.960468582339991856e-06,3.055277374807860720e-06,3.053058987935921883e-06,3.148629406127465290e-06,3.244832973510473628e-06,3.341526610342304089e-06,3.339285685295492953e-06,3.436317968291290808e-06,3.533538406144294931e-06,3.531293814845585980e-06,3.628544473570126374e-06,3.725661092395248511e-06,3.723425326708988569e-06,3.820245318493325259e-06,3.916591969741853368e-06,4.012289545793600608e-06,4.010086611666391921e-06,4.104968644617089603e-06,4.198843566685686930e-06,4.196682124132009176e-06,4.289384270410885383e-06,4.380714053175035429e-06,4.470486690503545431e-06,4.468404321128596721e-06,4.556459086403740311e-06,4.642589295400930393e-06,4.640584678250072703e-06,4.724636688942736384e-06,4.806401465212335033e-06,4.863052892547606670e-06,5.005721185553325408e-06,5.086072813139988131e-06,5.229853891401758978e-06,5.295677783232571055e-06,5.373698441152360540e-06,5.520902597489673077e-06,5.593275564066658280e-06,5.667927825794725284e-06,5.817758066664935842e-06,5.968524739903564525e-06,6.051246779830819196e-06,6.118603097848017909e-06,6.270487708730279010e-06,6.360426513523835723e-06,6.421281151878753230e-06,6.573058465304864318e-06,6.724225789192657841e-06,6.825249056738116757e-06,6.873539968315769285e-06,7.022404756884178502e-06,7.130926936106716065e-06,7.168873827367650537e-06,7.313742282887689492e-06,7.429731690329459991e-06,7.455656665171034870e-06,7.594658399160831938e-06,7.729887972707870817e-06,7.856712581330499014e-06,7.861268875094170878e-06,7.987529354207250899e-06,8.121284931622752321e-06,8.109555580366510785e-06,8.224604005570158223e-06,8.333022287064437760e-06,8.476231388286025435e-06,8.436903980616692602e-06,8.530678791561434774e-06,8.679654975346746414e-06,8.620368487667940763e-06,8.697300551307665792e-06,8.851498190967328013e-06,8.771311511410528203e-06,8.829380548268566054e-06,8.876768513129935592e-06,9.037156007228562345e-06,8.924190954579417170e-06,8.950092914384249294e-06,9.114257465880581697e-06,8.980119724478776669e-06,8.983501849135095698e-06,8.974268712539343779e-06,9.142280022878276040e-06,8.977544936037341842e-06,8.945212870666458885e-06,9.116269989390382819e-06,8.934771093632675644e-06,8.880243038484046894e-06,8.813154792034462462e-06,8.987197806252409879e-06,8.785271939699150674e-06,8.698830952296788578e-06,8.876899845840923139e-06,8.668838782087368255e-06,8.566683634178877475e-06,8.750037830172174147e-06,8.542125424488490495e-06,8.429075539956329633e-06,8.308776536518874999e-06,8.499089812585580524e-06,8.300719182070081297e-06,8.178198146390481925e-06,8.377874884268053554e-06,8.198108545985151294e-06,8.080572653184212709e-06,7.963317677974654678e-06,8.175848066535556285e-06,8.033727234961345290e-06,7.932659982055942480e-06,8.159317090426143878e-06,8.054760371160056060e-06,7.977412831990818182e-06,8.219569785272083946e-06,8.158545037495725720e-06,8.111535199616133951e-06,8.076827249231217511e-06,8.337978430631787837e-06,8.344475368651221706e-06,8.347593822647685603e-06,8.623659429606833266e-06,8.679585312779143213e-06,8.722384126613852328e-06,8.782164003380280029e-06,9.072288523398381962e-06,9.194129419778940688e-06,9.292185930962837750e-06,9.587877473129389420e-06,9.747176028718612911e-06,9.877670381765314933e-06,1.017147885907349240e-05,1.031415616686348983e-05,1.051113711589376809e-05,1.067571783568165032e-05,1.095326393113234587e-05,1.115793014642524465e-05,1.132913985621989677e-05,1.158176744076099500e-05,1.177835479520772571e-05,1.194149719361747539e-05,1.210313298695550760e-05,1.230624996268788455e-05,1.247060260815660603e-05,1.260351827141416058e-05,1.275646916680469308e-05,1.287703427570458958e-05,1.296784840135596674e-05,1.304487611440155269e-05,1.311911382347295795e-05,1.316610822564199561e-05,1.318745930866074895e-05,1.319607818948643422e-05,1.319607818948643422e-05,1.317894308237863764e-05,1.313999301867866933e-05,1.308229138276583251e-05,1.299946797363848368e-05,1.290034296617015809e-05,1.278354553456750602e-05,1.264393204080600219e-05,1.247911958462643039e-05,1.230938060968028319e-05,1.211672638018050605e-05,1.189825494815910976e-05,1.168529226691128067e-05,1.146240925042742726e-05,1.121811765117812847e-05,1.094440598777243687e-05,1.069484799259001107e-05,1.042626756248477335e-05,1.012434825684123535e-05,9.861304180770325063e-06,9.582201897206663255e-06,9.321174997430748912e-06,9.000184970310944245e-06,8.740784875069048965e-06,8.469999339901544222e-06,8.147277216796821946e-06,7.901603534828068921e-06,7.648646503397332723e-06,7.333567858752074256e-06,7.110033265293471902e-06,6.896671550806965641e-06,6.682429264023932943e-06,6.388276680058848038e-06,6.203956097490190359e-06,6.023723716850037032e-06,5.751404806490796692e-06,5.598644022175213724e-06,5.456774937021701865e-06,5.326622049088596049e-06,5.086511729155258607e-06,4.975620924104175250e-06,4.881755266616913299e-06,4.667291431519454941e-06,4.585213988661005959e-06,4.525383872412643804e-06,4.335766293071645090e-06,4.279048952525255019e-06,4.228566628996842704e-06,4.207942612597126012e-06,4.047403035396474619e-06,4.016164777151904562e-06,4.019426878259342315e-06,3.878600492729604641e-06,3.861972481097334308e-06,3.847259931994900351e-06,3.873436548406624161e-06,3.753604228311747968e-06,3.747393559461516423e-06,3.785607757455210638e-06,3.679086884414572147e-06,3.677436341732465118e-06,3.723214945111558570e-06,3.627503728577576065e-06,3.627049867054574237e-06,3.624245268602235613e-06,3.672478686186416670e-06,3.587444268971570738e-06,3.582442321050021840e-06,3.630055698866787662e-06,3.551527321975034987e-06,3.542540417539836478e-06,3.530061394595676576e-06,3.571615787094453934e-06,3.499744214988599480e-06,3.481971956349445340e-06,3.518434004019998190e-06,3.450758571478670834e-06,3.427214083751149171e-06,3.400235555720149935e-06,3.426943367181139311e-06,3.364190982683327756e-06,3.331588957471153678e-06,3.351723652790163431e-06,3.292277269031254070e-06,3.254373337127500348e-06,3.267887784613496041e-06,3.211590543527949692e-06,3.168901534075348782e-06,3.123890679753943634e-06,3.127761016143833795e-06,3.075950265909952004e-06,3.027181718240073666e-06,3.025293659595059748e-06,2.976592978000755292e-06,2.924788773800684333e-06,2.871649672538342315e-06,2.862033946013200141e-06,2.817932342690502907e-06,2.762831781421301509e-06,2.748870531740930627e-06,2.707888761913281659e-06,2.651490523408155080e-06,2.633780386378708736e-06,2.595888791173638043e-06,2.538806394813241682e-06,2.481550248663208199e-06,2.459264146741593933e-06,2.425865919915106943e-06,2.368735285055896409e-06,2.344112803854804575e-06,2.313639604211417997e-06,2.257086393133267970e-06,2.200938513286237228e-06,2.173701261924346155e-06,2.147381594381868619e-06,2.092369262195022730e-06,2.063960892866504614e-06,2.040273317296810357e-06,1.986687943148025744e-06,1.957492313202821894e-06,1.904401289181563256e-06,1.884369860152097101e-06,1.854725050631092726e-06,1.824229959813252619e-06,1.826804959722264904e-06,1.795563049506737370e-06,1.763605358983319592e-06,1.766279831934523967e-06,1.733704205982436167e-06,1.700549174329491938e-06,1.666884143411042486e-06,1.669659920572955913e-06,1.635573907619358497e-06,1.601113603703490207e-06,1.603942581183846377e-06,1.569189559502158903e-06,1.534195371272413740e-06,1.499026093731883754e-06,1.501897182459145343e-06,1.466623242081990137e-06,1.431300465854567151e-06,1.434182871947306382e-06,1.398873151979911638e-06,1.363634564959261823e-06,1.366512255252932773e-06,1.331397962811418272e-06,1.296467292161483799e-06,1.261774107009254812e-06,1.264622850468038874e-06,1.230207771400090100e-06,1.196129531801437955e-06
2.954963259216288912e-06,3.049867004543336024e-06,3.047745096264200756e-06,3.143413471865233250e-06,3.239716424904893291e-06,3.336510821341938648e-06,3.334371971751291406e-06,3.431507584095000328e-06,3.528832539312564872e-06,3.526693583558875472e-06,3.624050922176426175e-06,3.721275187389547638e-06,3.719147952700269649e-06,3.816077274171741138e-06,3.912533963859529097e-06,4.008342193173234622e-06,4.006250429252417240e-06,4.101244047584612842e-06,4.195230864622704977e-06,4.193181517310336475e-06,4.285995846160969814e-06,4.377437782379066569e-06,4.467322424220077385e-06,4.465351787360100145e-06,4.553517887015963909e-06,4.639758903199625894e-06,4.637864434216249672e-06,4.722025799622061790e-06,4.803899000247372209e-06,4.802095703200354126e-06,4.881535481387539637e-06,5.020547988345312940e-06,5.161424367203722670e-06,5.159766474218759242e-06,5.302386364683779550e-06,5.446532071705812487e-06,5.445001828891697656e-06,5.590522371324374688e-06,5.737156762422599518e-06,5.803876926412195853e-06,5.883335575268252841e-06,6.031521338961240818e-06,6.180049574493908045e-06,6.178889655196345302e-06,6.327522135860352877e-06,6.475874476980047047e-06,6.526016827486434100e-06,6.622714444932090741e-06,6.769519911760500127e-06,6.914936915501347616e-06,6.914307582928248792e-06,7.058015814616321497e-06,7.199482814923284522e-06,7.199173473719448877e-06,7.338060566166389869e-06,7.473765849917736076e-06,7.485125942139377579e-06,7.606056909389972460e-06,7.734021189317899595e-06,7.857272557602544945e-06,7.858173964411054496e-06,7.976353085597304287e-06,8.088669519423548896e-06,8.060352328033792185e-06,8.196667492972852111e-06,8.295884646676669264e-06,8.387490723077073296e-06,8.390997780860109226e-06,8.474960297172605449e-06,8.550171549063736607e-06,8.555609776926509811e-06,8.622281195799614441e-06,8.679125168891252591e-06,8.582287869098867289e-06,8.734832923801080451e-06,8.771622493060103945e-06,8.797140054144157221e-06,8.810501551545025026e-06,8.825972371873005211e-06,8.829490721771351852e-06,8.681955890875998856e-06,8.841863244304491476e-06,8.822971499771433679e-06,8.791537860765612892e-06,8.820708771609523895e-06,8.779790357170313606e-06,8.726463461185239036e-06,8.538446837276581487e-06,8.704338797984247049e-06,8.630883665026697801e-06,8.545911834571141757e-06,8.603417589823301450e-06,8.512688429349057296e-06,8.411768622840446816e-06,8.486335540868224152e-06,8.382312616732578688e-06,8.269957662255821276e-06,8.070825178184433318e-06,8.252582749627673838e-06,8.134371490874919090e-06,8.011390558636406260e-06,8.138325437400285240e-06,8.020727697073029612e-06,7.901396604821996587e-06,7.742603512896078935e-06,7.945798422312757393e-06,7.837477812314662057e-06,7.732390914251322024e-06,7.926363355364969755e-06,7.836441104698983526e-06,7.753227570348701021e-06,7.977920005691671782e-06,7.913270153944577842e-06,7.858582304441591942e-06,7.829138109954864684e-06,8.079601028506984401e-06,8.058708005449701384e-06,8.051899819319561201e-06,8.342182151258544618e-06,8.358347632844133630e-06,8.390251246391568422e-06,8.475385504770434198e-06,8.755406953296834417e-06,8.825624806353889759e-06,8.912433370074445861e-06,9.240017398743007404e-06,9.345033555176188102e-06,9.465352711278198785e-06,9.794166177990227032e-06,9.927260843500053692e-06,1.007304151025923948e-05,1.023039633269194985e-05,1.054350780132891196e-05,1.070384739102693351e-05,1.087145253305337799e-05,1.115887099419100045e-05,1.132070903110212944e-05,1.148472855915781438e-05,1.167444902671630712e-05,1.188374481186354444e-05,1.202965555259478560e-05,1.217022568841837496e-05,1.235342219268427069e-05,1.246733028323765023e-05,1.257092003923984982e-05,1.267301806119172995e-05,1.276399279954532058e-05,1.281968730490022233e-05,1.285977492448426841e-05,1.289419439790149382e-05,1.289463284544448879e-05,1.289463284544448879e-05,1.287763837885015198e-05,1.284321890543292488e-05,1.278549450092150385e-05,1.271001201066925557e-05,1.261039799644240736e-05,1.249395054331696227e-05,1.236315378875883239e-05,1.221684643572573239e-05,1.203364993145983835e-05,1.185457018375719908e-05,1.166319013935577618e-05,1.143792213309963980e-05,1.121097750023138401e-05,1.098536227794781478e-05,1.075296494017399463e-05,1.046554647903637217e-05,1.021797382254372268e-05,9.967943786268435868e-06,9.654832317631473754e-06,9.397887360012919099e-06,9.142583545626069429e-06,8.890145337194672995e-06,8.561331870482646441e-06,8.312106673285650391e-06,8.069021284012380948e-06,7.741437255343819405e-06,7.507930024763195537e-06,7.283042499963063423e-06,6.980427662555353639e-06,6.756016993792975629e-06,6.555912569171138296e-06,6.366166921839616218e-06,6.075884589900632800e-06,5.904750781444942024e-06,5.744406224077789950e-06,5.485510410669283614e-06,5.339952126677660972e-06,5.210119385028326273e-06,5.090274775198457142e-06,4.865582339855621059e-06,4.765422706836724696e-06,4.674158399992470665e-06,4.480185958884060986e-06,4.407296171095823050e-06,4.341820545648382514e-06,4.162798459168887995e-06,4.128711846688065982e-06,4.085265297436287493e-06,4.046779787387739071e-06,3.919844910837923746e-06,3.894123246390212363e-06,3.871617250657387371e-06,3.738765027859967961e-06,3.756782078194193918e-06,3.745872925636348683e-06,3.735934650253823802e-06,3.661367837742996454e-06,3.657906398280287305e-06,3.654034127349642812e-06,3.596528732958717455e-06,3.596805434951732611e-06,3.595528479853147041e-06,3.505017535262856433e-06,3.552877380548608000e-06,3.551314285468119780e-06,3.547106213420081627e-06,3.517938553230364380e-06,3.513836962132222864e-06,3.506566124866348641e-06,3.432147303020010620e-06,3.477154648363040178e-06,3.465414410558668484e-06,3.450224169229622502e-06,3.436877781445523077e-06,3.419800126841325736e-06,3.399240789555806973e-06,3.334998036719880081e-06,3.367200626498451014e-06,3.341012648389343354e-06,3.311607817987823020e-06,3.306214803356125489e-06,3.274478798174156867e-06,3.239784267277382204e-06,3.236342716472210055e-06,3.199395739445619081e-06,3.159815314884919119e-06,3.106249288310399958e-06,3.116130808069081530e-06,3.072221373523324399e-06,3.026249009863835687e-06,3.025478339085424511e-06,2.977881787321170758e-06,2.928614983546732703e-06,2.882175726170143877e-06,2.877925102166135146e-06,2.826035305738588783e-06,2.773021881602771547e-06,2.773547439342898873e-06,2.719718696225454374e-06,2.665108291045890354e-06,2.665994164326751829e-06,2.610871472030149845e-06,2.555281669297029270e-06,2.518994798998751709e-06,2.500643790042125980e-06,2.444639536961517195e-06,2.388582391795654109e-06,2.390094479976130276e-06,2.334180302339475073e-06,2.278446200347254660e-06,2.249148491876533436e-06,2.224787175295957998e-06,2.169784172473364082e-06,2.115250786288527676e-06,2.117221830233491855e-06,2.063295630389687920e-06,2.009992709968581693e-06,2.012124985616936525e-06,1.959561917535369792e-06,1.907747525294056688e-06,1.878839185668901987e-06,1.881156336010069833e-06,1.851372279957844864e-06,1.820736752473389675e-06,1.823170300155599968e-06,1.791786093847665887e-06,1.759685431935458157e-06,1.762216423398038366e-06,1.729496967438253396e-06,1.696197914989925088e-06,1.662388826150472308e-06,1.665020657655286728e-06,1.630790956241177736e-06,1.596187361373313741e-06,1.598873580958712057e-06,1.563978465103185444e-06,1.528842972100895076e-06,1.493533299807138076e-06,1.496265019298705138e-06,1.460852845543905907e-06,1.425393076960633216e-06,1.428139831704944333e-06,1.392695896219307377e-06,1.357324619201164985e-06,1.360071229621322000e-06,1.324827547004037893e-06,1.289769250490057655e-06,1.254950273520033954e-06,1.257675124152199344e-06,1.223138111502427396e-06
3.044761210968625536e-06,3.042731844370311371e-06,3.138494097982867571e-06,3.234892215822891203e-06,3.331783010869750801e-06,3.329741737224572321e-06,3.426976042831518786e-06,3.524400745026369548e-06,3.522362522741471188e-06,3.619821510454493258e-06,3.717148265869519570e-06,3.715124284310877833e-06,3.812157540016334429e-06,3.908718759590671989e-06,4.004632025402658473e-06,4.002645712009903749e-06,4.097745098839665106e-06,4.191837902883022417e-06,4.189894658310975655e-06,4.282815099657643713e-06,4.374363049058206515e-06,4.464353492737054445e-06,4.462488331515098701e-06,4.550759463074576730e-06,4.637104947361887505e-06,4.635314260233642142e-06,4.719578596556680597e-06,4.801553830360842311e-06,4.799851499952017514e-06,4.879391047511649040e-06,4.956287843616666598e-06,5.030369564860426515e-06,5.092770572951999122e-06,5.232483184166511718e-06,5.303779930256228083e-06,5.372210079229079031e-06,5.514683319953439828e-06,5.582183663971111655e-06,5.723372473141699832e-06,5.801301391533149123e-06,5.863885272420419538e-06,6.005912447964318536e-06,6.090446260366447468e-06,6.235778922658430114e-06,6.288623971770484937e-06,6.429706382560489429e-06,6.524359637758273812e-06,6.569031211889340495e-06,6.707814887553153036e-06,6.809298132861140037e-06,6.949675487065518261e-06,6.979284157593377340e-06,7.087557645400052926e-06,7.223187146957971711e-06,7.240863512156475132e-06,7.366748170588455975e-06,7.484860606446619023e-06,7.489035825831307397e-06,7.606584492465148367e-06,7.730981002480907701e-06,7.846362944046931769e-06,7.827361728860135582e-06,7.928458004121679780e-06,8.061422942782912570e-06,8.025280064752029468e-06,8.112932276634193525e-06,8.251115963571581291e-06,8.333168885081380171e-06,8.268889052104773984e-06,8.411790653858795222e-06,8.477004655236046010e-06,8.393125358600608224e-06,8.438352457723352775e-06,8.586850505878974803e-06,8.483104097933950465e-06,8.508675636305417720e-06,8.660555217489397217e-06,8.675863356414276057e-06,8.542172847622852552e-06,8.535578973329234002e-06,8.690884830990610441e-06,8.539117586820830155e-06,8.511235469965995073e-06,8.669182985913210306e-06,8.629239057696733744e-06,8.453017912603465203e-06,8.392926068681302320e-06,8.553391326674497638e-06,8.365846466991647105e-06,8.287456387186001804e-06,8.451311471150851996e-06,8.361881528369616645e-06,8.163331154587853127e-06,8.331650555469390605e-06,8.228578765121396155e-06,8.031199383692857978e-06,7.919305644018383440e-06,8.093472580798570539e-06,7.903891166480809966e-06,7.788384613150131324e-06,7.970631336108478378e-06,7.852053565081583433e-06,7.683223044220683983e-06,7.569833473780740457e-06,7.763280702527463876e-06,7.619961522229090930e-06,7.519329130676555444e-06,7.725404142863332999e-06,7.630916324988395541e-06,7.533573634236599206e-06,7.753807194229904050e-06,7.682849332130842201e-06,7.626342388760444333e-06,7.581856626095369333e-06,7.819981764720680204e-06,7.807953076298034545e-06,7.797154039119474317e-06,8.050051648242370172e-06,8.056363417195558122e-06,8.109367821007960281e-06,8.150277905519682161e-06,8.418494752680376222e-06,8.515290153530654903e-06,8.592951871628156396e-06,8.869243248219837983e-06,8.963891518032048120e-06,9.114806477527394955e-06,9.393235629967052098e-06,9.517373914196081093e-06,9.694521120688516294e-06,9.842715072663091536e-06,1.011244253861997887e-05,1.026715019245334165e-05,1.046454765344887780e-05,1.071691912868776849e-05,1.087688270922943990e-05,1.106943942608349620e-05,1.123159944909659752e-05,1.144606183914325248e-05,1.161926064362690045e-05,1.176265848378614939e-05,1.193633172075207234e-05,1.205936433040180288e-05,1.218801112175302841e-05,1.228916606419110730e-05,1.239589319269595706e-05,1.247588568232471834e-05,1.253027953311514089e-05,1.257872359868021383e-05,1.259835594810063199e-05,1.260323172637649173e-05,1.260323172637649173e-05,1.259043912301957781e-05,1.255445631140085776e-05,1.249850547488492667e-05,1.242576683781829522e-05,1.233327312794663446e-05,1.221777755048943875e-05,1.209149453134366577e-05,1.194422250022412472e-05,1.178725868655498112e-05,1.160077142996553664e-05,1.141549183312998200e-05,1.120953494552658685e-05,1.097883482492934839e-05,1.075992788330779115e-05,1.052198571123300750e-05,1.028980067037329698e-05,1.001622310310069313e-05,9.758571599618855866e-06,9.512910204371073455e-06,9.219484652804141959e-06,8.969886615880935993e-06,8.707104880542261124e-06,8.463355149277926732e-06,8.159767601095239427e-06,7.905248841864162245e-06,7.673113457741951169e-06,7.372648836916557470e-06,7.150473707637918298e-06,6.923536910465295663e-06,6.633887854497225609e-06,6.435111072273298516e-06,6.235721267770427743e-06,6.058686343135797401e-06,5.791745066625492075e-06,5.631140439368239119e-06,5.476354065435099134e-06,5.231080340504959568e-06,5.100066183760851082e-06,4.979548817677131566e-06,4.870559638305929583e-06,4.655800631425559331e-06,4.569050756427210911e-06,4.487265822973322288e-06,4.296096438755951744e-06,4.228655584687360974e-06,4.183475648732169793e-06,4.014742712501296763e-06,3.969452021542716228e-06,3.950922380617877522e-06,3.918403347995716035e-06,3.775501672395366845e-06,3.751866751520003067e-06,3.761412419897248816e-06,3.635819472844252878e-06,3.624389328264686588e-06,3.649893247677321585e-06,3.643081177853838556e-06,3.535743995063238965e-06,3.572747556864310555e-06,3.571114642239967356e-06,3.475285456468075668e-06,3.475333092551417362e-06,3.519961131545992251e-06,3.433442837506361682e-06,3.433915658053598239e-06,3.481110470139123553e-06,3.477945801406291847e-06,3.400608145285419083e-06,3.396290617982630370e-06,3.441069665049847403e-06,3.369337546910458469e-06,3.361047148923395529e-06,3.402721422275320902e-06,3.388240759984238055e-06,3.322279106888283194e-06,3.305685620660023210e-06,3.339532796695424980e-06,3.277233233395721405e-06,3.255226504234365742e-06,3.283368956519791321e-06,3.254780356951722037e-06,3.196826092598036420e-06,3.218841469689484790e-06,3.185042350016242379e-06,3.130025477873553212e-06,3.094711934298400896e-06,3.107202178401079990e-06,3.055000705147647043e-06,3.015253113661588445e-06,3.021815337120086047e-06,2.976953457884483747e-06,2.928788979800346779e-06,2.883397649617483253e-06,2.881669564053835298e-06,2.836311181594484211e-06,2.788077196580765502e-06,2.781492506514769972e-06,2.729708685416711779e-06,2.688514241191482448e-06,2.677604622464550593e-06,2.624236651764272614e-06,2.585872784035835893e-06,2.533252135813196593e-06,2.516830522466689061e-06,2.481276230269165713e-06,2.427950590545638298e-06,2.408559904872499772e-06,2.353707811932591399e-06,2.322250669806341350e-06,2.268765185230601765e-06,2.245830068157642118e-06,2.217047196599933329e-06,2.164016842121270399e-06,2.139322456347649146e-06,2.085880136850834171e-06,2.060907105176013317e-06,2.034870471113565437e-06,1.982599495278668598e-06,1.960048737416305632e-06,1.933045896197417549e-06,1.904993821321555204e-06,1.875957334238664809e-06,1.878144807872309550e-06,1.848229711723690588e-06,1.817461944587289005e-06,1.819762214677420392e-06,1.788243852022071906e-06,1.756008311535918355e-06,1.758403855840834444e-06,1.725548534668338343e-06,1.692113346145644130e-06,1.658167994018180934e-06,1.660663574927973341e-06,1.626297771597421296e-06,1.591558355394479291e-06,1.594109161903253911e-06,1.559079164557433064e-06,1.523809440525823725e-06,1.488366302000412887e-06,1.490965429790854604e-06,1.455421643946830286e-06,1.419831343285866238e-06,1.422448741668184714e-06,1.386876716546755361e-06,1.351378702952176124e-06,1.354000011540831822e-06,1.318632538917144026e-06,1.283452036750090181e-06,1.248512506520399294e-06,1.251118519911268667e-06
3.038001247480698334e-06,3.133853438209527203e-06,3.230342650130574507e-06,3.327325644679427313e-06,3.325377621202791958e-06,3.422706169641314162e-06,3.520226046047339421e-06,3.518283864767379415e-06,3.615839692377428304e-06,3.713264015360344861e-06,3.711338254506364348e-06,3.808470306223992894e-06,3.905130816022865732e-06,4.001143781952045555e-06,3.999257491078615712e-06,4.094457132234846942e-06,4.188650328791360477e-06,4.186807518364638198e-06,4.279828336103506118e-06,4.371476502041403906e-06,4.461566897708523017e-06,4.459801316770978032e-06,4.548171547432851778e-06,4.634615537978443745e-06,4.632922650555827190e-06,4.717283964407367352e-06,4.799355236139748565e-06,4.797747884933358612e-06,4.877381232208036148e-06,4.954370526168149985e-06,5.028543319394610969e-06,5.027070320969048492e-06,5.098295848354192053e-06,5.233656707400343499e-06,5.300860654417884695e-06,5.368841970384312980e-06,5.506321921995672316e-06,5.644519980536139638e-06,5.643342354354987210e-06,5.782069162765085716e-06,5.921019352592660101e-06,5.919996907516100531e-06,6.058949456683068929e-06,6.197552636509450817e-06,6.335488177367227263e-06,6.334711488071238702e-06,6.471710969793019027e-06,6.607348168072963061e-06,6.606798556518083735e-06,6.740779826903929200e-06,6.872623576881270055e-06,6.978482229545329966e-06,7.001753731085419469e-06,7.128160683811016677e-06,7.251118963804891562e-06,7.251368515435186861e-06,7.370548326365315314e-06,7.485357843067578841e-06,7.486155857606305192e-06,7.596264317095685564e-06,7.700966910316838681e-06,7.799733806325412342e-06,7.801607654780172405e-06,7.894253630701560641e-06,7.979922734938778601e-06,7.982989407490669097e-06,8.061635186423503322e-06,8.132278436441291636e-06,8.271548469536480050e-06,8.199821072327177519e-06,8.253651219242927813e-06,8.298010150885768376e-06,8.306034752420172847e-06,8.341508813807137890e-06,8.366698342272187259e-06,8.378271147788221278e-06,8.394208509528581892e-06,8.399229357070164465e-06,8.393020337307390290e-06,8.411292847324077597e-06,8.395697144896459597e-06,8.368606538935713499e-06,8.393792134032884838e-06,8.357816842657004227e-06,8.310413990069064752e-06,8.251631335820476523e-06,8.289200460923451153e-06,8.222918978883333915e-06,8.145907867319034180e-06,8.195571611569492834e-06,8.112798601843708310e-06,8.020398944572983789e-06,8.182493523233362148e-06,7.989000853123919756e-06,7.885067933474636332e-06,7.773877761938178269e-06,7.862657205499016540e-06,7.752016354122476190e-06,7.636374429985241354e-06,7.746799391377591306e-06,7.635117479111895117e-06,7.521082430300478882e-06,7.406008003251283577e-06,7.549415060646839337e-06,7.443562995697218966e-06,7.339744557047768381e-06,7.510281456806957677e-06,7.419345749129523294e-06,7.333592884789990776e-06,7.542888228991920783e-06,7.462778762725551246e-06,7.401412168032874271e-06,7.349730873937243425e-06,7.585729232591589210e-06,7.554043982754893229e-06,7.534554526467771655e-06,7.796228507506658013e-06,7.797944697877337407e-06,7.813679381197928620e-06,7.844324021329896683e-06,8.133936986460427073e-06,8.185629640117129385e-06,8.252736101553834370e-06,8.556231558089161064e-06,8.641955460667033592e-06,8.742464209814927668e-06,9.012205852740152139e-06,9.166865244984665617e-06,9.294829871648324919e-06,9.435006678359935810e-06,9.737469847918169252e-06,9.884230394867438911e-06,1.003978673533046720e-05,1.029040434704373186e-05,1.047936011825236452e-05,1.063852913026237214e-05,1.080046329981828394e-05,1.104512874034533617e-05,1.119497416221857393e-05,1.134265603375165271e-05,1.154516739971370660e-05,1.167264505823527910e-05,1.179315681499012842e-05,1.190489013493399627e-05,1.203784172143957136e-05,1.211980250084445008e-05,1.218911886448296181e-05,1.226258836095107002e-05,1.229723747779336502e-05,1.231656558799182450e-05,1.232712348035184112e-05,1.231975880254804771e-05,1.230920091018803279e-05,1.227467147941353839e-05,1.222340907281298182e-05,1.214993957634487361e-05,1.206166985570118625e-05,1.195750781111296617e-05,1.182455622460739109e-05,1.168649506246548518e-05,1.153468898524461807e-05,1.137015968677282405e-05,1.116764832081077186e-05,1.097642659926449375e-05,1.077589344754469309e-05,1.053122800701764086e-05,1.031088109824216383e-05,1.008509069601935336e-05,9.842079796695547191e-06,9.570307215337938301e-06,9.330684349371183559e-06,9.090852403748828683e-06,8.788389234190595241e-06,8.546111714287132460e-06,8.307118851907469102e-06,8.057166976307994917e-06,7.762989649862852217e-06,7.534403068934227293e-06,7.312718898962281981e-06,7.009223442426955287e-06,6.798850387916027120e-06,6.597259659490094762e-06,6.307646694359564371e-06,6.121234233553591859e-06,5.944697476995102536e-06,5.778040199994318653e-06,5.516366218955433142e-06,5.367716076400402379e-06,5.229034403089965701e-06,4.993036044435620764e-06,4.873110643648417004e-06,4.762620921339018074e-06,4.665115226180711502e-06,4.462308891275817426e-06,4.378623245092741884e-06,4.302732469845139245e-06,4.132195570099062867e-06,4.072681343689405799e-06,4.019525591294980483e-06,3.876118534093236025e-06,3.837283462637940348e-06,3.803217802699805339e-06,3.773251145970042526e-06,3.662826187969404772e-06,3.643845051886451110e-06,3.627390048272124257e-06,3.538610623812816188e-06,3.530661586050974993e-06,3.523769470687545157e-06,3.554906271732136349e-06,3.452943716234153981e-06,3.451938772819904571e-06,3.450278757676940837e-06,3.400615413535501009e-06,3.402254670345505284e-06,3.402255571854228811e-06,3.364687522355504386e-06,3.366256196285970380e-06,3.365435256586933258e-06,3.362054061364656657e-06,3.336871705065505649e-06,3.333308794126708771e-06,3.326750103251025848e-06,3.308484077723120824e-06,3.300802699797956666e-06,3.289888321386745851e-06,3.275763380047342979e-06,3.264204756955781721e-06,3.248224299563064975e-06,3.229024357696708390e-06,3.221023084196171603e-06,3.199664192132443513e-06,3.175203333827675515e-06,3.199434546509098965e-06,3.143079812796689184e-06,3.113464057060563154e-06,3.081123565975883876e-06,3.078115854960367576e-06,3.043670765103888074e-06,3.006797941608674700e-06,3.005005009101548967e-06,2.966210100985188549e-06,2.925318403573554513e-06,2.882515391032829266e-06,2.881833552083925121e-06,2.837508533096787782e-06,2.791627673314016706e-06,2.791524683103443203e-06,2.744406424193353846e-06,2.696057670110693106e-06,2.687396977660269206e-06,2.647104922994898953e-06,2.596909840014794470e-06,2.545963810680012098e-06,2.546740057666138945e-06,2.495285660894536810e-06,2.443366800863463726e-06,2.444406483120966214e-06,2.392237113846782221e-06,2.339862270141584911e-06,2.287402091205249182e-06,2.288735943131320010e-06,2.236368801350046634e-06,2.184131024926534050e-06,2.185655337787086491e-06,2.133703322889920748e-06,2.082066323808065896e-06,2.057153116911436828e-06,2.032575062373345218e-06,1.981861751512139293e-06,1.955809035570904688e-06,1.957703735688073249e-06,1.930583890519110067e-06,1.902412994499384058e-06,1.873256025179041126e-06,1.875321510130136407e-06,1.845283071962689195e-06,1.814390760904932613e-06,1.816565434760213844e-06,1.784920571107987626e-06,1.752557770170027546e-06,1.754825437417769530e-06,1.721841762761426984e-06,1.688277881627517494e-06,1.654203631981598231e-06,1.656570241418607591e-06,1.622075520172625981e-06,1.587207363523660702e-06,1.589629727226538899e-06,1.554471701019950430e-06,1.519074474405161839e-06,1.483504467844757467e-06,1.485977466285027052e-06,1.450308389722943627e-06,1.414593732694689521e-06,1.417087800526550573e-06,1.381393557875515326e-06,1.345774522718323755e-06,1.348276084416487089e-06,1.312790214067158093e-06,1.277492733659088460e-06,1.242437710869143212e-06
3.129474780135886378e-06,3.226051163872712759e-06,3.323122318120994698e-06,3.321263389262891010e-06,3.418681911299154786e-06,3.516292581345501551e-06,3.514441951801610381e-06,3.612090024281510475e-06,3.709607217295178540e-06,3.707774880662968275e-06,3.805000836850671014e-06,3.901755654487222593e-06,3.997863251848933769e-06,3.996071833395325894e-06,4.091366502585001768e-06,4.185654794728848692e-06,4.183907056788662268e-06,4.277022830765209460e-06,4.368765741161602583e-06,4.458950571714735243e-06,4.457279016160105940e-06,4.545742760763426189e-06,4.632279649993256109e-06,4.630678940431813827e-06,4.715131604124798286e-06,4.797293288956769462e-06,4.795775303944765073e-06,4.875496858958497811e-06,4.952573089279846900e-06,5.026831433157083827e-06,5.025442483824845172e-06,5.096750441197336826e-06,5.164910568138618312e-06,5.163632975224999765e-06,5.297367133029881188e-06,5.431985664773168629e-06,5.492678689277811596e-06,5.566166087997110747e-06,5.701937471666388422e-06,5.757392834418084640e-06,5.836935504198237907e-06,5.972864367758047943e-06,6.021914771201915930e-06,6.153775636949299877e-06,6.242573834203242074e-06,6.376510703820220361e-06,6.413548526610064191e-06,6.508579682392639181e-06,6.639521459484690613e-06,6.666891947119718128e-06,6.768110363336748166e-06,6.894537537687828784e-06,7.018033695464204887e-06,7.028220148852344405e-06,7.138391810568990848e-06,7.254813293993110792e-06,7.251837310642883390e-06,7.367718951644840697e-06,7.475279145650751989e-06,7.457761239555999719e-06,7.552171537739310545e-06,7.675836388972884808e-06,7.766373506147761628e-06,7.724592969673763811e-06,7.852990905046486404e-06,7.929886619937898343e-06,7.870755291268976810e-06,8.003425855775552451e-06,8.064885317018469192e-06,8.117617150065982765e-06,8.030879499868532245e-06,8.168621065912803035e-06,8.203455899190795553e-06,8.098286380897656898e-06,8.239062896318126626e-06,8.254822376390824390e-06,8.131669175999787816e-06,8.127297348982355995e-06,8.271132708869937517e-06,8.256067065708711506e-06,8.107068788971000161e-06,8.253199387311913556e-06,8.218096919374911688e-06,8.054923475451728897e-06,8.001036494546683280e-06,8.149286609214195228e-06,8.084279866258403769e-06,7.903791168488974092e-06,8.054889382937294870e-06,7.973363886356210644e-06,7.787430441172292394e-06,7.942288640691439394e-06,7.847397889014274091e-06,7.744427680090485518e-06,7.557102520842163212e-06,7.716844396901774216e-06,7.606530374115854837e-06,7.427363653845399445e-06,7.594051229597226693e-06,7.481778965369242753e-06,7.317335732232963533e-06,7.208209580107992779e-06,7.384601211551377622e-06,7.276537067830137620e-06,7.142297282754693106e-06,7.329910276195836893e-06,7.235273791332769920e-06,7.131690486368169065e-06,7.332131590775401166e-06,7.257273476506821195e-06,7.189985047027867651e-06,7.137587319265974612e-06,7.354657435862819035e-06,7.315512279286329172e-06,7.304771680128243861e-06,7.536148928010254363e-06,7.529129329737382444e-06,7.561330884447846373e-06,7.585765810972313917e-06,7.833008886002823640e-06,7.874764791355658383e-06,7.966188991624633057e-06,8.223179105679483274e-06,8.298992505373123832e-06,8.426800939976732813e-06,8.688891732755123958e-06,8.794823717256275336e-06,8.914016230632843216e-06,9.082614218353237079e-06,9.341908447236826299e-06,9.481987917922563849e-06,9.665586041069311774e-06,9.913719258923675695e-06,1.006465749586252099e-05,1.022120960912762933e-05,1.040895456855194376e-05,1.062905955585671066e-05,1.078026860861879864e-05,1.095263074386537396e-05,1.114032800639849939e-05,1.127355966715741118e-05,1.141784738471175429e-05,1.153579103978234329e-05,1.166768845665429712e-05,1.176132698010114885e-05,1.185279740076043329e-05,1.193394258396032380e-05,1.198419617987668267e-05,1.202497384188054108e-05,1.205082683728030579e-05,1.205150313326943268e-05,1.205150313326943268e-05,1.203650397021403726e-05,1.200397553076491282e-05,1.195464894004997911e-05,1.188737515480373874e-05,1.179879064141870686e-05,1.169506387673067930e-05,1.157819709071661082e-05,1.143690584152528922e-05,1.129007467214614721e-05,1.112375047910254663e-05,1.095190842118072387e-05,1.075052769372148001e-05,1.054668480144280129e-05,1.034315488514319606e-05,1.010621699823776294e-05,9.875306916695169489e-06,9.650651605181461014e-06,9.423178703259353208e-06,9.154118991507992885e-06,8.906264464946281087e-06,8.672252565109123834e-06,8.390302732480127193e-06,8.141696299651431581e-06,7.911246558679102173e-06,7.685721917874390995e-06,7.400690501585215369e-06,7.168267925717637708e-06,6.957420419882674543e-06,6.679144939579571913e-06,6.467076597290677998e-06,6.277170774514290329e-06,6.011873061448401871e-06,5.836019128533215330e-06,5.661414661378343621e-06,5.506403292169838574e-06,5.264648345260891966e-06,5.120879408930437121e-06,4.993220857448794119e-06,4.772533663973792566e-06,4.660780386199736424e-06,4.560287887555480804e-06,4.468291118264673473e-06,4.276190546675368208e-06,4.206419651938882130e-06,4.138765183511145094e-06,3.968221307134967788e-06,3.926662814973945615e-06,3.880348778814975770e-06,3.729981732538332725e-06,3.694278532495871708e-06,3.684694533316530734e-06,3.659792497321486150e-06,3.532317125799843274e-06,3.542001165581523293e-06,3.529420111471686643e-06,3.417125954609714420e-06,3.441886296981568754e-06,3.437851317251450256e-06,3.434115522365940737e-06,3.337691706994351054e-06,3.375144489192209151e-06,3.375342377319808712e-06,3.288872760062354166e-06,3.332203722272595738e-06,3.333501738895371096e-06,3.255060323102606751e-06,3.256224521186376642e-06,3.301192520004223960e-06,3.298682598109235112e-06,3.228147141743336914e-06,3.272370782098568692e-06,3.266484366038041328e-06,3.200788405811775301e-06,3.193100291750800550e-06,3.232023427402029044e-06,3.218518530687269257e-06,3.157837071842217117e-06,3.192342446508221822e-06,3.173767286155024524e-06,3.116290560197696412e-06,3.145560682726245940e-06,3.121775104383474493e-06,3.095085728805223531e-06,3.041455105638307621e-06,3.061833067515506631e-06,3.030304066573749786e-06,2.979290384268064178e-06,2.993882336399632390e-06,2.957901825583324737e-06,2.909411599633576284e-06,2.872343758599221736e-06,2.878424185250001989e-06,2.836631344000820208e-06,2.791782281400760607e-06,2.792697752696087293e-06,2.747881968711854329e-06,2.705570475082776853e-06,2.701746639507361506e-06,2.654502527534080652e-06,2.606214209865016208e-06,2.567680803441765297e-06,2.557573454625359694e-06,2.507762863221074766e-06,2.471802857415535179e-06,2.458169223504552415e-06,2.407383897988973173e-06,2.373983333374544470e-06,2.324097908226902280e-06,2.306057806866609017e-06,2.254704560285634132e-06,2.225046673767773200e-06,2.204680533041436263e-06,2.153516233718077392e-06,2.126307424918110988e-06,2.104049942571634371e-06,2.053444132850248393e-06,2.003214007921043119e-06,2.004860132279541065e-06,1.979877560902750570e-06,1.953718898607117827e-06,1.955505595435667824e-06,1.928275836223768147e-06,1.899993260343283742e-06,1.870722989106047892e-06,1.872673692661862808e-06,1.842519134944577572e-06,1.811509506135978760e-06,1.813565802472256151e-06,1.781801638270867842e-06,1.749318748607624334e-06,1.751465671727114012e-06,1.718360728033004834e-06,1.684675180969662467e-06,1.650478993855663200e-06,1.652723516794584920e-06,1.618106679517136906e-06,1.583116493633878312e-06,1.585417027924755559e-06,1.550137481724203962e-06,1.514619150591696010e-06,1.478928557418164577e-06,1.481281585871744835e-06,1.445493250903433317e-06,1.409660138189110967e-06,1.412036640348141259e-06,1.376225805465175630e-06,1.340491231073147833e-06,1.342878382224187412e-06,1.307279301857497135e-06,1.271869879982606027e-06
3.222002249025227849e-06,3.319157679448627429e-06,3.317383856001522206e-06,3.414888258837218888e-06,3.512585528489089172e-06,3.510822158033789872e-06,3.608558087023907674e-06,3.706163669180373558e-06,3.704420186826760709e-06,3.801735392253684688e-06,3.898579781275724960e-06,3.994777196764991170e-06,3.993075765246622969e-06,4.088460509784640193e-06,4.182838882915339603e-06,4.181181146535899843e-06,4.274386755391582931e-06,4.366219244646467134e-06,4.456493306729057020e-06,4.454910542216298995e-06,4.543462542487018174e-06,4.630087055516015954e-06,4.628573239902203642e-06,4.713111968326977621e-06,4.795358788023745587e-06,4.793924906144495659e-06,4.873729429523621739e-06,4.950887389242129658e-06,5.025226118136328954e-06,5.023916102708851856e-06,5.095301434634055895e-06,5.163537266743997386e-06,5.162333597389591437e-06,5.227300491857349064e-06,5.288810375190437702e-06,5.418446277931246364e-06,5.490547304074911443e-06,5.547444387390143165e-06,5.677607258762934787e-06,5.755590385847964429e-06,5.806785220378141128e-06,5.936460925844563279e-06,6.065439923590065664e-06,6.064757141652920316e-06,6.192792033147656931e-06,6.319494944033507450e-06,6.412506171177251444e-06,6.444115458715066713e-06,6.567178568604990491e-06,6.666185774520849110e-06,6.687690083939365536e-06,6.805619642179650184e-06,6.920322054044651558e-06,7.027999781128615428e-06,7.031720705267499767e-06,7.138833938456528126e-06,7.252034315388060784e-06,7.242290019249803990e-06,7.340043826928098635e-06,7.432325881237112628e-06,7.433974117752281639e-06,7.520607866348070392e-06,7.600831693131288216e-06,7.726111820840286879e-06,7.677275389058256958e-06,7.743697456660173409e-06,7.873078900885325786e-06,7.807046019103175524e-06,7.858043603524399653e-06,7.900378941057947579e-06,8.034600854345044842e-06,7.941520466606774196e-06,7.966275905771090954e-06,8.103351596898160237e-06,7.992542917884925668e-06,7.998772942991248640e-06,7.994720480586702080e-06,8.010546756589269379e-06,7.997780942649639974e-06,7.974461784975379528e-06,8.116384876646102017e-06,7.964613478853861645e-06,7.922436115152610333e-06,7.869741156610368570e-06,7.902234512074611913e-06,7.842359109393550438e-06,7.772487361088840959e-06,7.918582574580293357e-06,7.739882179130266093e-06,7.655225390637183054e-06,7.804566032105296589e-06,7.622680272791916827e-06,7.526533621235424070e-06,7.423313313809255329e-06,7.576766180613652245e-06,7.396950720052198018e-06,7.288359920937158786e-06,7.448003339197038529e-06,7.278707236735513296e-06,7.170071811868621798e-06,7.059759138316977885e-06,7.185259433043425859e-06,7.082441953229796843e-06,6.980675541034215931e-06,7.159318931542907846e-06,7.039725158832328149e-06,6.952729426126181821e-06,7.143367175288194612e-06,7.055486894382307195e-06,6.989201013915757924e-06,6.930961701789777003e-06,7.137373617563402229e-06,7.101124076247293133e-06,7.071232274866297998e-06,7.291574856000677676e-06,7.296080635484615994e-06,7.297979653741841658e-06,7.313197798329646991e-06,7.577051919292910369e-06,7.612304082476230863e-06,7.661716326983877883e-06,7.908446456454973922e-06,8.009368768540041231e-06,8.091330770612852432e-06,8.344455574652008160e-06,8.477878903034329386e-06,8.588190682600078873e-06,8.710917480065876917e-06,8.963937838973508614e-06,9.131990544032103803e-06,9.273721318345435572e-06,9.518410676427901962e-06,9.696732310091039469e-06,9.847652475000370409e-06,1.000339726897302365e-05,1.022464335667921079e-05,1.040093528790087419e-05,1.055025324676489663e-05,1.074301672787863628e-05,1.090024042390293462e-05,1.103110825638123388e-05,1.115626267119631855e-05,1.131318375693398035e-05,1.141433484579083761e-05,1.150578695946882325e-05,1.160112645092669957e-05,1.167287609390471935e-05,1.172196927636792030e-05,1.176522692315714152e-05,1.178656721591406642e-05,1.178752848317015314e-05,1.178752848317015314e-05,1.177323188608055880e-05,1.174422861204151326e-05,1.169447398895895955e-05,1.162957757062418891e-05,1.154711969158497484e-05,1.144423547393962708e-05,1.133129311866240778e-05,1.120465317445705159e-05,1.104773208871938979e-05,1.089236312802812167e-05,1.072587098371936853e-05,1.054091367773474064e-05,1.033421798784032298e-05,1.013662300065900525e-05,9.921905786365029965e-06,9.683698843561397624e-06,9.465042147787579397e-06,9.243357614461570349e-06,9.006943626866583072e-06,8.741500576104672569e-06,8.512716342283894132e-06,8.271626353100398728e-06,7.996364252400014409e-06,7.770224278380161018e-06,7.548565899923885195e-06,7.318345136260490716e-06,7.043045267525534117e-06,6.834894482932807401e-06,6.621402404409912778e-06,6.354341997690504719e-06,6.165910427806850910e-06,5.986188698496950676e-06,5.722334577533687298e-06,5.557931707177780891e-06,5.402922116179547846e-06,5.251451521133325781e-06,5.021868615907158218e-06,4.893321552311925446e-06,4.772319962271217642e-06,4.563364729988830991e-06,4.461337592707607041e-06,4.367762795808995832e-06,4.287867235594839795e-06,4.106411934209348921e-06,4.036917285549607669e-06,3.985242955909813807e-06,3.824281752174458975e-06,3.776126501668965908e-06,3.733398430300282638e-06,3.607898135921954194e-06,3.577700173457824862e-06,3.551461612842951820e-06,3.552956808150533565e-06,3.432418695209495075e-06,3.418972065865639292e-06,3.436789597758060738e-06,3.330372314610311444e-06,3.326059175378219313e-06,3.322392767467919918e-06,3.354827188526546592e-06,3.263075795384540795e-06,3.263992572933357628e-06,3.303663811631220319e-06,3.221095024491596866e-06,3.223761467956880876e-06,3.224739516491697544e-06,3.192247278772208055e-06,3.194316207351413731e-06,3.194058001699689505e-06,3.237460171365434119e-06,3.169543955738456232e-06,3.166411864951699248e-06,3.160451206041608682e-06,3.144631173729264274e-06,3.137465920956762749e-06,3.127283426965412494e-06,3.162887691399349098e-06,3.104078769235290527e-06,3.089094670504347275e-06,3.119986905917071584e-06,3.064169683427442957e-06,3.044148295488026252e-06,3.021263520903310663e-06,3.043732134211841739e-06,2.991540712921147431e-06,2.963860677112151489e-06,2.980739368539991318e-06,2.931032721006425571e-06,2.898870245986066476e-06,2.864465325423698330e-06,2.862889507005069803e-06,2.826689382714735080e-06,2.788547656877298003e-06,2.791826564937233813e-06,2.748027781948990801e-06,2.706684375460312461e-06,2.705148576766383310e-06,2.663793847983698363e-06,2.619831626147414276e-06,2.574712885029835188e-06,2.566695506070760210e-06,2.528989681555741278e-06,2.482112992874743243e-06,2.470414253390497038e-06,2.435196776630518355e-06,2.387097425157185873e-06,2.338538728450646535e-06,2.339454187247174109e-06,2.290629958932467415e-06,2.241583609230488254e-06,2.222715678063932597e-06,2.193603666994234581e-06,2.144496372120436585e-06,2.123560547356365836e-06,2.096824614035582279e-06,2.048033274161391879e-06,2.025436188185920449e-06,2.001546037166803072e-06,2.003097077505856356e-06,1.978017168690281848e-06,1.951759052638686351e-06,1.953444315000869621e-06,1.926111275008475835e-06,1.897723705390793019e-06,1.868346859857446806e-06,1.870189540001314667e-06,1.839925640190871674e-06,1.808805479935163357e-06,1.810750183557648707e-06,1.778873492066477271e-06,1.746277265659199072e-06,1.748310165951840972e-06,1.715090634784521927e-06,1.681290054919603368e-06,1.646978506696651381e-06,1.649107454772484046e-06,1.614374940802598336e-06,1.579269085544897402e-06,1.581454064013130534e-06,1.546059178739579881e-06,1.510425825337319386e-06,1.474620623512650163e-06,1.476859550431094679e-06,1.440957711157313568e-06,1.405011778045005875e-06,1.407276226916504056e-06,1.371354185558115351e-06,1.335509327688545479e-06,1.337787191026432872e-06,1.302079887665334411e-06
3.315417358585354529e-06,3.313724813500728865e-06,3.411311175777463424e-06,3.509091031712249431e-06,3.507410817652733156e-06,3.605230413938441262e-06,3.702920112609464614e-06,3.701261131865424750e-06,3.798661157463323810e-06,3.895590616316950698e-06,3.991873280082220122e-06,3.990257201813789242e-06,4.085727328921343717e-06,4.180191036182533381e-06,4.178618505719763496e-06,4.271909110583582761e-06,4.363826302426574639e-06,4.454184688457743379e-06,4.452685782439144273e-06,4.541321087453441283e-06,4.628028261810738765e-06,4.626596373184470398e-06,4.711216202168114867e-06,4.793543202828339509e-06,4.792188488134059270e-06,4.872071069754001933e-06,4.949305882616943373e-06,5.023720162368162812e-06,5.022484297167680213e-06,5.093942279008135116e-06,5.162249159422069337e-06,5.161114833454464873e-06,5.226149260559516293e-06,5.287724756746100307e-06,5.345696793819235051e-06,5.344716302019725594e-06,5.472038226687065527e-06,5.599452319191608029e-06,5.598604050355041628e-06,5.725909033274374874e-06,5.852792584802631788e-06,5.894922469632025668e-06,5.978330317019414601e-06,6.103561189588901378e-06,6.137913138010869275e-06,6.227019839625053903e-06,6.349342090723508790e-06,6.469656805614995030e-06,6.469443617501609932e-06,6.587472792899657002e-06,6.702744763296449743e-06,6.712152293211086891e-06,6.815071731449422372e-06,6.923727238831714575e-06,7.028416894702297882e-06,7.029083521763197022e-06,7.129505833286419505e-06,7.225056730813785239e-06,7.201618134955093741e-06,7.316821575270542321e-06,7.401525760998420230e-06,7.362999550945528391e-06,7.482504828846964421e-06,7.554655221470619917e-06,7.619666625025167496e-06,7.623536589754685603e-06,7.681505773166362922e-06,7.731482319776560155e-06,7.651558690381831871e-06,7.779546546393183252e-06,7.813099793968703499e-06,7.837497016417957507e-06,7.846863892974157437e-06,7.862896890574262159e-06,7.869193513853664000e-06,7.746751422005027416e-06,7.880207145319046327e-06,7.867899291717047859e-06,7.730118061187659392e-06,7.865571798873127596e-06,7.834713679057777699e-06,7.793538442293831823e-06,7.635059397197201930e-06,7.772294396163579534e-06,7.713595864695359380e-06,7.545434433107613493e-06,7.685056746234437462e-06,7.610668514181991552e-06,7.527285436894856448e-06,7.579303460218076108e-06,7.491906170603228430e-06,7.396759645510992210e-06,7.219549869410066893e-06,7.366380676602855471e-06,7.263404126811793546e-06,7.155147071668848211e-06,7.244922327167710059e-06,7.138825498540103897e-06,7.029645419111165567e-06,6.874760632030269717e-06,7.035901205131898146e-06,6.931422780831387697e-06,6.797113302536205607e-06,6.968173659956731229e-06,6.874314547958210173e-06,6.783836988093975853e-06,6.949053697785281018e-06,6.871686071994740009e-06,6.800437117624937524e-06,6.737517509486396136e-06,6.935409005566631233e-06,6.888618830744415233e-06,6.851720891882502930e-06,7.074746882523510219e-06,7.056565245673378852e-06,7.050245530757012458e-06,7.080881556668525678e-06,7.308281748452534387e-06,7.334494936082237673e-06,7.404457085011944936e-06,7.642626101421466677e-06,7.701235862588011883e-06,7.773747106581342629e-06,8.052603787998606174e-06,8.141132331427596990e-06,8.242670415868238226e-06,8.391485841390050867e-06,8.638591686083769321e-06,8.763252302546872003e-06,8.898233937569257346e-06,9.172129996265850391e-06,9.311782680866362451e-06,9.458553876364233836e-06,9.638839771385944105e-06,9.860034991194915855e-06,1.000802283989206131e-05,1.015768653381967158e-05,1.037697327786751872e-05,1.051478525373300736e-05,1.064995858118095852e-05,1.079665657786678219e-05,1.094721977407523255e-05,1.105676139883582809e-05,1.116920426783121212e-05,1.127641382444999505e-05,1.135060799218678642e-05,1.141319036253300716e-05,1.147855629076764408e-05,1.150998068758113644e-05,1.152753681528530483e-05,1.153199541897225235e-05,1.153199541897225235e-05,1.152115092838565642e-05,1.149042820111920914e-05,1.144465543196098142e-05,1.137928950372634450e-05,1.130039827875436261e-05,1.120717019322295158e-05,1.109208954465066725e-05,1.096501477675502767e-05,1.082878477115803973e-05,1.066805705372851053e-05,1.049996902912821754e-05,1.032773826127610988e-05,1.014678232080217855e-05,9.927495576754331408e-06,9.728080155787076767e-06,9.523283221685069195e-06,9.284977144678230432e-06,9.057566518291833546e-06,8.838852502402874336e-06,8.619364179670655895e-06,8.345468120974064544e-06,8.122672724563785040e-06,7.902238468337968383e-06,7.633799238773385617e-06,7.402706691083455720e-06,7.189948086990749580e-06,6.982916666409884099e-06,6.704059984992620554e-06,6.506186909911119790e-06,6.315868644824246206e-06,6.059253595737928396e-06,5.870275021131480965e-06,5.701508856199334280e-06,5.459235265807145838e-06,5.296552605077477419e-06,5.152357376425748794e-06,5.017238296408864510e-06,4.794212305767857221e-06,4.675858128906168693e-06,4.566292847337011334e-06,4.367858001116443041e-06,4.274712778297873852e-06,4.189943496056845783e-06,4.112707826423955913e-06,3.947491116735002111e-06,3.885578821106007709e-06,3.830025679967918360e-06,3.677727904108688685e-06,3.647563179628696623e-06,3.610706781371214664e-06,3.476492616549363954e-06,3.468117613157929431e-06,3.446535244188733237e-06,3.427952288219627784e-06,3.338177038581702841e-06,3.328289267767425080e-06,3.320048002528280723e-06,3.219385029485890125e-06,3.246468032711801848e-06,3.245186737850420582e-06,3.243901502704477434e-06,3.191883635053683594e-06,3.194487441036419182e-06,3.196103599046595936e-06,3.117850909995229777e-06,3.159931306157214264e-06,3.161982793927891681e-06,3.090659601269160175e-06,3.134606026431504490e-06,3.135102659373620588e-06,3.133106210090934061e-06,3.068601405822490647e-06,3.110253598577379714e-06,3.104864553896699752e-06,3.044546243446818732e-06,3.083436529292292690e-06,3.073759651087612821e-06,3.061131364021696815e-06,3.051777334703518347e-06,3.037299720096965747e-06,3.019892548980849915e-06,2.966754355700432120e-06,2.993927217343060823e-06,2.971652239591506328e-06,2.946696114895315706e-06,2.942861692516150299e-06,2.915864013469700215e-06,2.886406917183474122e-06,2.839019793366401000e-06,2.852540442725796023e-06,2.818947889556216671e-06,2.773828127891502268e-06,2.782109092986237264e-06,2.744850052846893870e-06,2.705855214413943057e-06,2.705286140313371142e-06,2.664885329556986981e-06,2.623062450277086795e-06,2.583534083624911251e-06,2.579996426365273879e-06,2.535886950278425691e-06,2.490790534987024316e-06,2.491163032282565653e-06,2.445317800745188984e-06,2.398759947674389726e-06,2.365010876875019208e-06,2.352338127152647448e-06,2.304819153786916755e-06,2.273406045580730791e-06,2.257887442584434088e-06,2.209868323003752971e-06,2.161728619252802213e-06,2.162836476465767785e-06,2.114732964882338964e-06,2.066701927342006863e-06,2.067971889871318578e-06,2.046640243103614572e-06,2.023958654532143963e-06,1.999981587313927489e-06,2.001443427822070143e-06,1.976272163215038754e-06,1.949920661347929843e-06,1.951510632483834006e-06,1.924080519427261297e-06,1.895594217615825768e-06,1.866117102691144375e-06,1.867858097419033211e-06,1.837491216542736032e-06,1.806266899064894438e-06,1.808106387805222427e-06,1.776123541130564179e-06,1.743420335303025694e-06,1.745345546542558363e-06,1.712017729661498977e-06,1.678108378591447719e-06,1.643687682870302033e-06,1.645707214220534652e-06,1.610865119077218171e-06,1.575649620548383320e-06,1.577724993436341058e-06,1.542220637380346840e-06,1.506478042311445404e-06,1.470563919370363498e-06,1.472694334191867666e-06,1.436684477275810933e-06,1.400631103320653262e-06,1.402788767358763932e-06,1.366760673219090310e-06,1.330810567473966532e-06,1.332984057495513919e-06
3.310272964914776591e-06,3.407937531548816680e-06,3.505796135226386094e-06,3.504195158118248192e-06,3.602094424136590724e-06,3.699864166664427642e-06,3.698285543043072462e-06,3.795766176006561388e-06,3.892776427325955600e-06,3.989140001447997634e-06,3.987604882213546615e-06,4.083155945884021920e-06,4.177700494232602162e-06,4.176208634606905578e-06,4.269579663605157801e-06,4.361576954848759126e-06,4.452015036039890822e-06,4.450595340064135468e-06,4.539309287864565062e-06,4.626094454452858600e-06,4.624739823143753448e-06,4.709436089200480109e-06,4.791838620461663797e-06,4.790558442823217925e-06,4.870514480060666413e-06,4.947821578377662779e-06,5.022306883804443125e-06,5.021140693880389317e-06,5.092666908785369995e-06,5.161040486774456537e-06,5.159971227774596025e-06,5.225068993782459207e-06,5.286706000365645792e-06,5.344737615089413239e-06,5.343814659142947296e-06,5.398143801967585217e-06,5.448602843344122443e-06,5.522085900416969889e-06,5.646691481845819559e-06,5.691226208101138299e-06,5.811995682879269126e-06,5.893715015195364701e-06,5.931218959366141762e-06,6.049744592815407115e-06,6.136993875389356249e-06,6.166302307104638795e-06,6.281337966677712944e-06,6.374065165517111329e-06,6.489461821499188463e-06,6.504156838178165592e-06,6.611318352772894054e-06,6.711957181499468927e-06,6.715382734434019208e-06,6.815465371677761108e-06,6.921136664044482481e-06,7.019302546252265463e-06,7.003516747995463428e-06,7.089862190737039726e-06,7.202384545556910624e-06,7.172437632477106833e-06,7.247659126577551363e-06,7.364329693869037149e-06,7.319272504715694299e-06,7.381789864060883739e-06,7.502187252977331877e-06,7.558954784983078565e-06,7.489617764037180408e-06,7.530014798014937857e-06,7.654814385229637353e-06,7.568962267870220791e-06,7.593204749511071477e-06,7.720577563127026420e-06,7.736438091099406470e-06,7.625497221442376577e-06,7.623259413688867729e-06,7.753149555973504938e-06,7.626662596458322350e-06,7.606624130681490749e-06,7.738297016250169768e-06,7.597687445382902300e-06,7.560127715006561644e-06,7.512837623455855436e-06,7.645966567035526780e-06,7.486849882015611179e-06,7.423388423106729519e-06,7.558550316428621241e-06,7.391573829642416388e-06,7.313955261740569379e-06,7.451831672798520056e-06,7.365537412854936412e-06,7.191926121991747584e-06,7.096114272479046066e-06,7.237373150566331899e-06,7.066477490703379017e-06,6.964616280956234939e-06,7.111159949996536035e-06,7.005023288364571919e-06,6.845150581728249603e-06,6.739751024212568469e-06,6.893720093589909000e-06,6.750265431737914825e-06,6.651132954971494747e-06,6.814213443984810981e-06,6.692976893111821955e-06,6.605775366042988756e-06,6.779605265667629040e-06,6.698317474391884410e-06,6.616247457270627830e-06,6.553127614520328525e-06,6.741371911265529388e-06,6.693488506872601455e-06,6.655184309748810982e-06,6.856582822366787578e-06,6.831220533428968582e-06,6.835942518749822710e-06,6.837942399577171173e-06,7.055078327657897539e-06,7.098410322289682353e-06,7.132126576199731772e-06,7.360408100196642113e-06,7.440587802187118020e-06,7.505484015080608424e-06,7.741873619052905319e-06,7.821585728737147895e-06,7.948166604947906911e-06,8.053764191439429778e-06,8.293927085171703116e-06,8.444430252725536275e-06,8.571425869473901733e-06,8.807697891981216989e-06,8.941802839277122406e-06,9.113412739863359938e-06,9.260127605741595713e-06,9.480482418819190628e-06,9.652354939942625936e-06,9.799057939924192475e-06,9.997757777708440419e-06,1.013729036516496984e-05,1.029421601059039626e-05,1.042698999581579405e-05,1.058498209070585322e-05,1.071551766594968420e-05,1.082271861854092724e-05,1.094096794020633479e-05,1.103560234497911999e-05,1.110808303799234969e-05,1.118072891738068469e-05,1.122621748495118463e-05,1.126284700223146108e-05,1.128010971235819020e-05,1.128688455882647671e-05,1.128688455882647671e-05,1.127415762009618354e-05,1.124462906807742037e-05,1.120061465440522138e-05,1.114044198747554636e-05,1.106137092336810545e-05,1.097124508457283033e-05,1.086385321702578992e-05,1.073753132735423927e-05,1.060565344515029027e-05,1.045638256656758156e-05,1.028797009615777551e-05,1.012096751806548102e-05,9.937326319811483816e-06,9.753214595883284013e-06,9.539994089131125974e-06,9.340778527220857202e-06,9.126619792111476955e-06,8.889130777910591219e-06,8.675805268999864012e-06,8.449451141925374875e-06,8.234628942180572243e-06,7.978326538932509413e-06,7.762328502929021122e-06,7.536240482555037865e-06,7.275232743054196671e-06,7.065955120871167904e-06,6.849212106277505015e-06,6.651563403119633552e-06,6.395331721637814720e-06,6.206977839089002629e-06,6.015204610922625573e-06,5.769402213424252188e-06,5.601503633089823200e-06,5.433432036796517699e-06,5.202433503804073587e-06,5.058108847918760882e-06,4.917029444616164137e-06,4.791983138174733216e-06,4.584506314761988018e-06,4.473837583136340023e-06,4.371712402895563588e-06,4.183853676855767518e-06,4.097487855820596030e-06,4.023388552617842209e-06,3.953969746231367804e-06,3.791540730888721557e-06,3.734237857834247588e-06,3.694828045528629193e-06,3.550982552790907476e-06,3.512451561378181345e-06,3.495452077790442193e-06,3.368631826794588336e-06,3.345645961840719122e-06,3.347671029179673038e-06,3.333002007570760739e-06,3.225088440611324260e-06,3.216170844291902294e-06,3.237208289120435381e-06,3.141665010354359461e-06,3.140262280504224945e-06,3.171676324826703881e-06,3.172340836714778498e-06,3.089544498684489946e-06,3.091949290274908634e-06,3.130966404640195829e-06,3.056120017963762486e-06,3.059545511367733126e-06,3.101565750701274393e-06,3.033101973776158821e-06,3.035518353102279196e-06,3.035680288706141373e-06,3.076777311471300447e-06,3.014581592530757664e-06,3.011794016239578195e-06,3.050938224650005928e-06,2.992607408556714657e-06,2.985894043964899024e-06,3.021725067030069450e-06,3.009599513115402929e-06,2.955320683164409584e-06,2.941244139773167887e-06,2.969986821809863332e-06,2.918337248237935461e-06,2.899541304329850989e-06,2.923281892519749147e-06,2.898962687272130053e-06,2.850536325772060807e-06,2.824626997109011043e-06,2.840286664083051633e-06,2.794082968575752550e-06,2.764007119992290856e-06,2.774504426560654956e-06,2.730468721653252016e-06,2.696639110933645811e-06,2.702165104947034699e-06,2.664062505366386088e-06,2.623192272343459640e-06,2.584571712491500693e-06,2.583159701015622178e-06,2.544506449189372792e-06,2.503427863503321795e-06,2.497927198141018308e-06,2.453826960616234343e-06,2.418493953381479280e-06,2.374653526976161510e-06,2.363785178001333174e-06,2.330720544726481064e-06,2.285695358168840224e-06,2.271826951804185401e-06,2.241025062394192065e-06,2.195271094309618853e-06,2.178830010717485630e-06,2.131682599917088017e-06,2.104202632005752546e-06,2.085599665832518551e-06,2.065545816500521225e-06,2.066741517364360315e-06,2.045333062502428182e-06,2.022572245384161552e-06,1.998513651396407266e-06,1.999891786308190996e-06,1.974634754554027926e-06,1.948195539689651531e-06,1.949695966503990665e-06,1.922174591432216604e-06,1.893595422826222703e-06,1.864023948621229964e-06,1.865669203284087198e-06,1.835205312640471702e-06,1.803882826088331095e-06,1.805623096054533304e-06,1.773540089599924310e-06,1.740735890625720896e-06,1.742559381783687786e-06,1.709129222952666627e-06,1.675117011606021836e-06,1.640593039141213377e-06,1.642508977305329335e-06,1.607563070577229815e-06,1.572243637990550994e-06,1.574215048027437998e-06,1.538606791644264421e-06,1.502760447620753202e-06,1.466742813383695394e-06,1.468770038208799096e-06,1.432657393520842450e-06,1.396501712167718408e-06,1.398557624507386772e-06,1.362428406832913960e-06,1.326377875291935640e-06
3.404755039698000947e-06,3.502688721375341898e-06,3.501163238322082887e-06,3.599138360737729493e-06,3.696984266280761165e-06,3.695482054587581184e-06,3.793039288745855438e-06,3.890126268985318939e-06,3.986566636370618176e-06,3.985108309581558993e-06,4.080736098008888795e-06,4.175357234921972870e-06,4.173941757614642397e-06,4.267388891170446368e-06,4.359461936329209867e-06,4.449975346642219421e-06,4.448630479674264679e-06,4.537418679976853089e-06,4.624277445195440309e-06,4.622995680393754314e-06,4.707764001778830932e-06,4.790237697392540640e-06,4.789027712637437141e-06,4.869052890115689132e-06,4.946427994159035828e-06,5.020980088164363839e-06,5.019879386158487883e-06,5.091469703744594666e-06,5.159905913270966783e-06,5.158897727064548753e-06,5.224054917350491572e-06,5.285749607139302314e-06,5.343837067880735833e-06,5.342968020132647857e-06,5.397349027018459439e-06,5.447857774898541337e-06,5.447107620541376045e-06,5.493666642124238908e-06,5.612587879133832082e-06,5.730786499354005230e-06,5.730222268400566636e-06,5.847474755757315568e-06,5.963439036243691471e-06,5.963044758897754405e-06,6.077478020409453331e-06,6.189997466724439268e-06,6.189813367817284629e-06,6.300163616039594122e-06,6.407917707112050656e-06,6.512710213409661570e-06,6.512904594487800638e-06,6.614462659416584477e-06,6.712328785623041655e-06,6.712921138549170370e-06,6.806816909048881449e-06,6.896200610691301308e-06,6.980655423247058025e-06,6.982019511574045631e-06,7.061373962764192330e-06,7.134978055038168146e-06,7.137189047192811603e-06,7.204966991970147339e-06,7.266183154627467263e-06,7.269572351432967671e-06,7.324295124274959607e-06,7.371682310028355771e-06,7.411338669881778311e-06,7.417025658555812851e-06,7.449311388061071285e-06,7.473201955079203802e-06,7.481358246179189404e-06,7.497521685157576500e-06,7.504752128205709265e-06,7.502783157881099948e-06,7.515590557446366917e-06,7.505652708683360727e-06,7.486234970212653561e-06,7.503842216078436822e-06,7.476711779747855958e-06,7.440056193515921779e-06,7.292816662212286322e-06,7.420095840409352873e-06,7.367034131768247212e-06,7.304806785422032763e-06,7.339513721411144604e-06,7.271575455883748840e-06,7.195174194284681356e-06,7.240346314525986313e-06,7.159810733372720238e-06,7.071867262999681032e-06,6.977049149672844599e-06,7.039606592000397783e-06,6.943522475266106404e-06,6.842148136350327971e-06,6.920457680616719467e-06,6.820351189677262797e-06,6.716869567701138560e-06,6.610959202183053901e-06,6.713825937971283739e-06,6.613234632390648955e-06,6.512535736720593738e-06,6.636199146538479344e-06,6.543834564821000606e-06,6.453837001647935960e-06,6.599853606273099263e-06,6.521113851734969296e-06,6.447244757291193322e-06,6.379458214248378764e-06,6.556510061762415839e-06,6.503774056552313980e-06,6.459444306068704470e-06,6.659494379785537913e-06,6.632079439028754283e-06,6.615035121691622740e-06,6.609304612142201351e-06,6.837455045975172569e-06,6.850137900989430740e-06,6.875322177372768541e-06,7.120919262611606569e-06,7.164029427681285177e-06,7.220079919576531514e-06,7.478485379094864367e-06,7.550713176798671515e-06,7.635469391223798414e-06,7.732604780766912377e-06,7.998606323121998284e-06,8.107714042044569401e-06,8.227505452181507598e-06,8.490643185062376273e-06,8.617649133003738501e-06,8.752803526460968623e-06,8.895045258678968081e-06,9.141493503786639812e-06,9.283055254395755604e-06,9.428207220492372772e-06,9.652109827499332333e-06,9.790023123129222915e-06,9.927674024501566798e-06,1.006352620891286230e-05,1.024452170564233408e-05,1.036419297154229065e-05,1.047821009879638112e-05,1.061851702807386508e-05,1.071050238548046828e-05,1.079341985474019932e-05,1.088728537014323752e-05,1.094346722262736620e-05,1.098791709850573060e-05,1.101977445015007412e-05,1.104594965539205747e-05,1.104704419286180739e-05,1.104704419286180739e-05,1.103436765856814223e-05,1.100819245332615888e-05,1.096406109431771898e-05,1.090595726312548871e-05,1.083406194671430202e-05,1.074019643131126043e-05,1.063883954610301592e-05,1.052504083192814018e-05,1.038473390265065791e-05,1.024490597233693955e-05,1.009483417018253938e-05,9.913838673453067603e-06,9.742442521473772287e-06,9.563596959129821233e-06,9.378385571460861448e-06,9.154482964453901887e-06,8.955539294017229160e-06,8.753372241037839834e-06,8.506923995930168103e-06,8.297020470542489307e-06,8.086987816366011077e-06,7.877814537333579248e-06,7.614676804452710573e-06,7.405446629284221822e-06,7.199737710075552446e-06,6.933736167720466539e-06,6.733036818654560059e-06,6.538041763243955549e-06,6.349272148761752512e-06,6.090866689243420506e-06,5.912421621282663262e-06,5.741585590860475189e-06,5.495988505621637161e-06,5.338331635748124778e-06,5.189068097099828553e-06,4.960917663266857335e-06,4.826642505611498504e-06,4.700973797447484220e-06,4.583710445240004596e-06,4.383660371523171153e-06,4.282103179681833398e-06,4.188505108673259167e-06,4.011453261159288160e-06,3.933215851627336207e-06,3.862115573651663420e-06,3.797664369294210012e-06,3.651647764674845073e-06,3.600928972341933828e-06,3.555714183968090043e-06,3.432050774232346729e-06,3.398930581187404821e-06,3.370042904876978652e-06,3.267176169827802001e-06,3.248480514879650221e-06,3.232712314666719085e-06,3.219356971944920224e-06,3.141047435686249039e-06,3.135127211955405715e-06,3.130410437065510568e-06,3.067853029420086481e-06,3.068637748480585601e-06,3.069537372434689307e-06,3.070190323956475956e-06,3.025018379248910493e-06,3.028821360613185040e-06,3.031522238914863447e-06,2.996815787396383925e-06,3.001199391443400753e-06,3.003802115867177178e-06,2.938771251153245765e-06,2.980642519853401437e-06,2.981431854697031127e-06,2.979835717886900784e-06,2.962231593431935906e-06,2.959918653083372217e-06,2.954950248740822242e-06,2.942148706572738727e-06,2.935842997818526823e-06,2.926754015916778307e-06,2.914916374387165347e-06,2.906772084084454920e-06,2.893147250869895180e-06,2.876806801778146013e-06,2.871138840397231976e-06,2.852842054349274361e-06,2.831950744472030494e-06,2.808579649638398427e-06,2.805222740845227664e-06,2.779934519027292057e-06,2.752372136127772632e-06,2.750206585815034591e-06,2.720826209381776336e-06,2.689416357592365686e-06,2.688113694287980674e-06,2.655051006978752226e-06,2.620226483298116163e-06,2.583787647878068147e-06,2.583282255601566196e-06,2.545523362681156221e-06,2.506435557248026883e-06,2.506350130493091325e-06,2.466175933852559456e-06,2.424933159416686815e-06,2.382757005393620100e-06,2.383082443382201644e-06,2.340187468760438989e-06,2.296609305203825710e-06,2.297170887599457244e-06,2.253099578117098523e-06,2.208577375521016849e-06,2.209335733534039969e-06,2.164531873560153144e-06,2.119488863260932033e-06,2.102268120711013591e-06,2.103248571554340019e-06,2.084581212624791353e-06,2.064460307768626919e-06,2.065586416708670570e-06,2.044105953974751899e-06,2.021270828898355182e-06,1.997135739219737767e-06,1.998435300419377385e-06,1.973097724683320545e-06,1.946576101882714788e-06,1.947992362074980899e-06,1.920385166192434074e-06,1.891718626493301871e-06,1.862058334330190573e-06,1.863613427135895147e-06,1.833058133236240806e-06,1.801643104008120626e-06,1.803289793249004697e-06,1.771112268671109184e-06,1.738212713979929445e-06,1.739940110645318063e-06,1.706413216232469633e-06,1.672303724621352475e-06,1.637682022189060097e-06,1.639499874091556535e-06,1.604455616507564999e-06,1.569037658330496957e-06,1.570910455939525542e-06,1.535203586111973329e-06,1.499258711269053692e-06,1.463142710206539820e-06,1.465071811214084700e-06,1.428861362303379477e-06,1.392608270420630790e-06,1.394567237482143445e-06,1.358341608757885623e-06
3.499757453266230150e-06,3.498303891262606324e-06,3.596351233646333585e-06,3.694269605187604353e-06,3.692840050855654732e-06,3.790470077332647780e-06,3.887629926751950304e-06,3.984143180445402152e-06,3.982757695784885048e-06,4.078458219346092744e-06,4.173151920150539135e-06,4.171808769891532207e-06,4.265327926784598499e-06,4.357472623523248357e-06,4.448057244526078759e-06,4.446783077231787023e-06,4.535641395164323286e-06,4.622569624128441892e-06,4.621356596615614246e-06,4.706192855600179552e-06,4.788733615286995155e-06,4.787589746673112079e-06,4.867680017395997893e-06,4.945119116238901178e-06,5.019734030399469604e-06,5.018694896935378512e-06,5.090345453528098593e-06,5.158840493392495466e-06,5.157889648160095923e-06,5.223102607340402052e-06,5.284851408623098530e-06,5.342991234799076156e-06,5.342172713524862145e-06,5.396602309677807558e-06,5.447157604698200859e-06,5.446451842172129669e-06,5.493052976949660801e-06,5.535549439863351106e-06,5.573839419150138976e-06,5.650717949184844350e-06,5.765469929001284715e-06,5.796628285374699971e-06,5.878575182862981626e-06,5.990534804280688201e-06,6.013477588699100884e-06,6.100438411501717696e-06,6.208378271118445896e-06,6.221993959977119102e-06,6.322254391269919599e-06,6.416448266117782952e-06,6.515771315211318379e-06,6.513255503655690763e-06,6.612044230285362970e-06,6.703874842489663285e-06,6.689259385693811468e-06,6.770160369300344877e-06,6.875202966964168929e-06,6.952840945728137825e-06,6.918124678831832769e-06,7.026948900473154663e-06,7.093293916608025530e-06,7.044203740583176944e-06,7.156421491332319748e-06,7.210032375632969744e-06,7.145979776196526225e-06,7.184525304186405573e-06,7.300754696227339016e-06,7.332485886599644628e-06,7.245100889240165645e-06,7.363655908530247756e-06,7.379638344916421680e-06,7.277053816610428199e-06,7.276341650895325051e-06,7.397161961596349799e-06,7.387625702162836643e-06,7.262867784647201338e-06,7.385246368259146865e-06,7.358826291057845929e-06,7.221331753411439575e-06,7.178848258333469379e-06,7.302443447956511438e-06,7.154281136659841652e-06,7.096582221808424067e-06,7.221870013884545293e-06,7.155105178422592622e-06,6.994545110927170799e-06,7.122094206629446609e-06,7.042638681498439235e-06,6.879101470130385008e-06,6.790163795078970441e-06,6.920469280061409477e-06,6.825127499937834036e-06,6.662769575707996127e-06,6.797568641849525766e-06,6.697625873924575622e-06,6.543550683365565288e-06,6.443114882855054107e-06,6.584244956146317762e-06,6.482736530383703330e-06,6.347656542874457677e-06,6.496778241937219454e-06,6.402418393865820998e-06,6.288571881648220110e-06,6.447273889241872508e-06,6.365322331843058321e-06,6.277643953737611884e-06,6.211047895951956726e-06,6.382813721549007174e-06,6.325069637955893289e-06,6.280521210219853240e-06,6.464563946235081487e-06,6.430901426288155955e-06,6.421158010747255399e-06,6.411948282502753005e-06,6.611193026256891772e-06,6.616151097676965907e-06,6.657282009400621221e-06,6.867963721107358186e-06,6.902765149423862806e-06,6.978668949147869619e-06,7.198571454839536698e-06,7.262415508351118081e-06,7.369537861015831399e-06,7.458734412969282827e-06,7.685260834409902899e-06,7.786698717720491971e-06,7.930019855015875955e-06,8.156143770238481167e-06,8.276948572460561372e-06,8.435461517238960715e-06,8.571255332664016826e-06,8.787622509666750202e-06,8.925923421973450602e-06,9.092763773088584594e-06,9.293302297972618072e-06,9.430928566687318384e-06,9.589327997670884452e-06,9.724958254780362597e-06,9.893428442209610641e-06,1.001736766361894828e-05,1.015045221889625038e-05,1.028594002715689305e-05,1.038574855688043304e-05,1.048728824340629393e-05,1.058357206100688718e-05,1.065092569991825582e-05,1.071362531924896443e-05,1.075703902617452478e-05,1.079455895568538373e-05,1.081055516097366635e-05,1.081465000366127268e-05,1.081465000366127268e-05,1.080500399490699587e-05,1.077757386735430215e-05,1.073479674068748131e-05,1.067867816571267004e-05,1.060743819808113998e-05,1.052371428086751321e-05,1.042064486407257201e-05,1.030659405482670877e-05,1.018395022582294375e-05,1.003972121734329820e-05,9.888417392773903977e-06,9.732838117860438413e-06,9.553244888794131990e-06,9.379520225316900157e-06,9.191006294320202099e-06,9.004806821374627241e-06,8.789415052578487971e-06,8.582427861508436966e-06,8.382418431322767027e-06,8.149040502358712517e-06,7.943751760145613007e-06,7.727459490617078253e-06,7.523912714234298032e-06,7.278736732490948050e-06,7.064692253649362615e-06,6.866579223431291550e-06,6.620777940590226338e-06,6.428522423472270919e-06,6.230647037736704744e-06,6.051076390820713601e-06,5.813667154352127681e-06,5.634003741893546586e-06,5.472917257021779722e-06,5.247402959838129126e-06,5.090379906012482044e-06,4.950885743575416540e-06,4.740651117979861912e-06,4.614511104136081852e-06,4.492791762486615317e-06,4.384606738031407986e-06,4.197284471281462828e-06,4.102272091320897765e-06,4.016917088178413697e-06,3.848056277679598412e-06,3.775348558804287692e-06,3.715349433508667731e-06,3.657730661978766780e-06,3.512233423011869288e-06,3.475846012556819420e-06,3.436349474896177091e-06,3.307637222665858554e-06,3.292217442528549367e-06,3.267952603206897965e-06,3.154437006235173206e-06,3.137457440010745264e-06,3.144712325981154543e-06,3.134672973391880569e-06,3.037839414622855925e-06,3.058295883080662528e-06,3.056055017475777599e-06,2.970052681896887964e-06,2.970963652006962911e-06,3.003097211797889193e-06,3.005374977025452307e-06,2.930452002480506434e-06,2.968298555447592508e-06,2.972134755792051896e-06,2.904099073333568553e-06,2.908069697862494507e-06,2.948396979981845610e-06,2.885879158167781736e-06,2.888523092634658785e-06,2.928934207913573868e-06,2.927879934301806530e-06,2.870780152236399805e-06,2.909575349055333170e-06,2.905044789986787328e-06,2.851298717129404214e-06,2.844983570126752745e-06,2.878482433242215598e-06,2.867088843408177890e-06,2.816886051531242112e-06,2.846281941277899434e-06,2.830413213569492868e-06,2.782527068207723369e-06,2.764856161866928580e-06,2.786929176191345918e-06,2.764136432736875838e-06,2.719123045622070307e-06,2.736302832463917894e-06,2.709387414917080593e-06,2.666367164611323480e-06,2.678648586864056960e-06,2.647955602692847947e-06,2.606890299327198284e-06,2.575230438831143469e-06,2.580369125102512182e-06,2.544745842706138358e-06,2.506551286662870159e-06,2.507346631972197282e-06,2.469121547067150784e-06,2.432942150314266419e-06,2.394503319898798496e-06,2.389398550704542076e-06,2.348135262445325693e-06,2.314982986212364051e-06,2.306464025806993393e-06,2.263813395557530877e-06,2.232732843034019012e-06,2.221197340102572404e-06,2.177605148638804883e-06,2.148594866136538185e-06,2.134439396776975302e-06,2.118704963407265343e-06,2.101429323052543648e-06,2.102352100779667434e-06,2.083624425857181491e-06,2.063440685682548152e-06,2.064501556455079909e-06,2.042953563617882974e-06,2.020048723102673482e-06,1.995841835958516296e-06,1.997067618506125867e-06,1.971654381954223815e-06,1.945055313882455249e-06,1.946392441119988690e-06,1.918704520704918005e-06,1.889955760516525074e-06,1.860211847150551724e-06,1.861682012950628119e-06,1.831040580817118658e-06,1.799538296321598391e-06,1.801096707001924903e-06,1.768829973758549026e-06,1.735840372818131850e-06,1.737476977378045955e-06,1.703858635803652880e-06,1.669657131710678753e-06,1.634942940010280993e-06,1.636667913055819369e-06,1.601530472756129623e-06,1.566019112142797683e-06,1.567798370023792163e-06,1.531997903786538725e-06,1.495959454543138107e-06,1.459749977769727322e-06,1.461585776343948082e-06,1.425282270700796299e-06,1.388936437982275615e-06,1.390803048019499048e-06
3.495606670887814926e-06,3.593722766524757025e-06,3.691710083065936431e-06,3.690349613733453803e-06,3.788048811908686481e-06,3.885277864918453125e-06,3.981860297836470679e-06,3.980543910385264131e-06,4.076313390166243682e-06,4.171075845973573013e-06,4.169801188097005546e-06,4.263388512253438569e-06,4.355600987627040431e-06,4.446252934202689739e-06,4.445045574147668489e-06,4.533970114961810071e-06,4.620963915753953305e-06,4.619815741721663218e-06,4.704716068010534848e-06,4.787320040510142271e-06,4.786238461444135464e-06,4.866390029221175385e-06,4.943889362910452378e-06,5.018563379440014918e-06,5.017582144922499834e-06,5.089289325238950376e-06,5.157839640696443822e-06,5.156942648573730392e-06,5.222207962143935071e-06,5.284007540419778063e-06,5.342196484379836490e-06,5.341425335878746190e-06,5.395900468964592525e-06,5.446499367973035239e-06,5.445835171622671937e-06,5.492475720374156844e-06,5.535009319083122706e-06,5.573334016012158530e-06,5.572836328142163355e-06,5.606907644612899318e-06,5.715583484907281319e-06,5.795864788956524261e-06,5.822437168060833569e-06,5.927812401536772198e-06,6.012960145025307248e-06,6.030968925984403245e-06,6.131837820104702452e-06,6.229927484590745785e-06,6.230103534730720266e-06,6.325162814137368433e-06,6.416779732410047675e-06,6.513395733316528434e-06,6.505223830961246271e-06,6.588954079220840027e-06,6.668120201350559472e-06,6.669325072216498375e-06,6.743764667078390748e-06,6.812895980290497416e-06,6.919218226371555673e-06,6.878585328029553635e-06,6.936285106471017184e-06,7.045874488868736845e-06,6.990959980570203682e-06,7.035914642140675457e-06,7.073764094505907708e-06,7.078736481004735943e-06,7.109778290550550147e-06,7.133106857730367010e-06,7.248739393075381497e-06,7.156402135693642494e-06,7.164369515504089659e-06,7.163878155717397719e-06,7.175028020865312254e-06,7.167128736295556487e-06,7.150495279990241555e-06,7.269610675667626821e-06,7.141956296950778648e-06,7.109300138305649435e-06,7.067812149761501503e-06,7.090610042865067268e-06,7.042592671768732707e-06,6.986035555835842818e-06,7.016202642045676995e-06,6.954098428469855802e-06,6.884036965220426576e-06,7.007453178973350566e-06,6.849075195802930599e-06,6.767759108445780868e-06,6.679830946076126455e-06,6.734345349494684305e-06,6.644717354227386149e-06,6.549844187344536415e-06,6.679445222908924677e-06,6.523891034562385619e-06,6.425976838577642606e-06,6.325310596774209426e-06,6.415486163754233415e-06,6.318966756895779781e-06,6.221749465158734234e-06,6.364202078989313418e-06,6.240231206444678640e-06,6.151427794108957142e-06,6.302747208438536020e-06,6.201280103296832277e-06,6.125892329684459897e-06,6.055407216997700200e-06,6.212996238942290027e-06,6.155760539732563753e-06,6.105614244005992798e-06,6.280879315805730675e-06,6.249862994632284145e-06,6.223922004920632083e-06,6.207909810423380213e-06,6.414355164172210625e-06,6.415378444445762700e-06,6.427639516814021394e-06,6.629193494445107661e-06,6.681178674206328772e-06,6.722413873338112718e-06,6.933630731980084645e-06,7.018003874303069077e-06,7.087098351101216977e-06,7.168101282542260562e-06,7.417609079366942654e-06,7.511501488126352215e-06,7.616134046908507064e-06,7.836416645494127868e-06,7.980432975247556964e-06,8.102913746540425289e-06,8.233367745802153766e-06,8.474173027178097777e-06,8.607049259426774156e-06,8.744978915221476227e-06,8.945202574940034354e-06,9.103927894986880580e-06,9.240174962611991127e-06,9.376752817434556701e-06,9.567164280948682495e-06,9.692121724693717816e-06,9.813812568187595584e-06,9.956252233170809825e-06,1.007465849041898851e-05,1.017233278705214380e-05,1.027870068656142921e-05,1.036420676444646026e-05,1.043001825003741684e-05,1.048531400148711984e-05,1.054157084354374116e-05,1.056959510770101773e-05,1.058532324136025077e-05,1.059144555444362991e-05,1.059144555444362991e-05,1.058014290973130394e-05,1.055374980974298343e-05,1.051414916070048214e-05,1.045789231864386081e-05,1.038950622830650348e-05,1.030849589750643539e-05,1.021205730722770729e-05,1.009873189109821700e-05,9.979910085503124016e-06,9.845521231617859341e-06,9.694114443952509777e-06,9.543154359018046556e-06,9.384124694802843740e-06,9.193713231288716252e-06,9.017817436592004472e-06,8.836611752400748741e-06,8.641853854429936037e-06,8.426723309020944471e-06,8.231594605962579155e-06,8.035048431405162296e-06,7.794243150029219979e-06,7.593509483646228544e-06,7.394076853086287100e-06,7.185133522969199963e-06,6.946170288049818548e-06,6.751370649957467411e-06,6.560927479451417303e-06,6.311419682626734365e-06,6.127735480949925175e-06,5.950156361105745075e-06,5.768628937184342707e-06,5.540674675980354967e-06,5.380600365269947858e-06,5.219314444882615566e-06,5.003790694106486201e-06,4.864392522514587068e-06,4.732971008172369629e-06,4.526525654423540064e-06,4.409516077704610781e-06,4.300472886302021305e-06,4.197642576867338570e-06,4.019953636278121153e-06,3.933225821633662228e-06,3.853665133143669166e-06,3.696076111199297874e-06,3.630515008875669891e-06,3.571263372981732065e-06,3.526408749796340671e-06,3.388812992492863243e-06,3.347666524569172950e-06,3.324182758704130658e-06,3.202457423054516384e-06,3.176707584615876802e-06,3.154517835504160404e-06,3.064342269661528445e-06,3.051012491956028073e-06,3.040054469056895017e-06,3.054515054882265193e-06,2.962624132718173503e-06,2.959921068178477473e-06,2.958052201882219793e-06,2.903537840397669546e-06,2.906274653240468718e-06,2.908885935470507871e-06,2.943359916196365451e-06,2.871766919363110464e-06,2.876466470840977967e-06,2.879982775799794177e-06,2.849816201026067883e-06,2.854576572907342846e-06,2.857569575084203365e-06,2.834772862415679696e-06,2.837957385099232953e-06,2.838948328843642715e-06,2.877520039969686213e-06,2.822353082247033057e-06,2.820242324945122241e-06,2.815631639133352510e-06,2.804487363966764447e-06,2.798525885445575073e-06,2.789966091490944845e-06,2.820511973721371856e-06,2.771739257620402156e-06,2.758896059234001493e-06,2.743532208694816487e-06,2.738577338376903490e-06,2.721358857669423738e-06,2.701737396768809906e-06,2.720756600061218426e-06,2.676874393709286664e-06,2.653154476877551434e-06,2.667406135421018987e-06,2.625423217450774560e-06,2.597894236657578774e-06,2.568483245125992921e-06,2.567333477675796092e-06,2.536375476697377848e-06,2.503779756419573859e-06,2.506576214120836205e-06,2.469230864245367816e-06,2.433890801442289356e-06,2.397307193467223850e-06,2.397228132756644453e-06,2.359618358838431462e-06,2.321002132025664247e-06,2.314258472241885651e-06,2.281787356634712906e-06,2.241598263657893462e-06,2.231713519895433016e-06,2.201249106370962560e-06,2.159922858742639497e-06,2.147281976542238321e-06,2.147951991835035185e-06,2.133750774362675534e-06,2.117967694469107815e-06,2.100640654647470012e-06,2.101509412727991745e-06,2.082725220390610925e-06,2.062482579096077003e-06,2.063482272452544592e-06,2.041870928076649584e-06,2.018900660015670657e-06,1.994626364341786112e-06,1.995782850087306925e-06,1.970298519482032721e-06,1.943626649919427068e-06,1.944889357200652831e-06,1.917125486759325808e-06,1.888299334474820737e-06,1.858476674658214859e-06,1.859866827136262000e-06,1.829144202065392031e-06,1.797559632013290422e-06,1.799034751191107374e-06,1.766683806763913052e-06,1.733609160711432284e-06,1.735159971357704854e-06,1.701455171445854899e-06,1.667166628093872389e-06,1.632364898711979228e-06,1.634001917023033380e-06,1.598776185052750411e-06,1.563176274578811741e-06,1.564866801672449079e-06,1.528977499396520585e-06,1.492850182853459441e-06,1.456551879735560860e-06,1.458298963281855533e-06,1.421906922361973399e-06,1.385472800562439747e-06
3.591243347638533915e-06,3.689296256596973527e-06,3.688001473940466861e-06,3.785766402718800334e-06,3.883061178589165336e-06,3.979709273671126501e-06,3.978458433507582368e-06,4.074293290359133618e-06,4.169120896587125143e-06,4.167911105029934451e-06,4.261562953011529565e-06,4.353839550461139385e-06,4.444555157327548955e-06,4.443410935041351360e-06,4.532398029743487779e-06,4.619453738635541621e-06,4.618366764525949693e-06,4.703327519745084819e-06,4.785991086982285116e-06,4.784968204897653537e-06,4.865177507969831823e-06,4.942733550937135299e-06,5.017463185922912273e-06,5.016536413641226822e-06,5.088296833803871432e-06,5.156899099533343541e-06,5.156052699583463512e-06,5.221367176942468191e-06,5.283214418048129342e-06,5.341449448355550575e-06,5.340722730440638859e-06,5.395240554340419968e-06,5.445880314475399127e-06,5.445255052351622211e-06,5.491932502275695083e-06,5.534500852080897821e-06,5.572858019895132463e-06,5.572390376853906651e-06,5.606489147548407393e-06,5.636205860842502174e-06,5.635881481931148995e-06,5.740810075907824893e-06,5.843941803622993778e-06,5.843793750814602011e-06,5.944898436079336786e-06,6.043602184983087953e-06,6.051468158001100619e-06,6.139750156957240504e-06,6.232760557380166839e-06,6.230416727620624323e-06,6.322901990784884312e-06,6.408925441420334193e-06,6.490860462169915568e-06,6.471269559879589921e-06,6.569474467430216690e-06,6.642336923683093236e-06,6.610190907147355768e-06,6.711849982907134268e-06,6.774273043611124350e-06,6.830805921618743677e-06,6.833593075377108034e-06,6.884264334208942590e-06,6.928361484772837162e-06,6.861770604944793024e-06,6.970188787338485239e-06,7.000704417256451913e-06,6.919829570505482707e-06,7.030354386897876927e-06,7.046347144958298036e-06,7.054330982865735753e-06,6.951905690580402627e-06,7.064473749989621033e-06,7.056920563389410151e-06,6.941191110833031356e-06,7.055124036348792031e-06,7.031908386277526211e-06,7.000073189232619125e-06,6.865905603813493705e-06,6.980852316937843113e-06,6.933849900065238228e-06,6.790244907800820702e-06,6.906595593457577865e-06,6.845591548662438621e-06,6.695168258512814628e-06,6.813394045288674925e-06,6.740188837730803426e-06,6.659957763702347828e-06,6.503592003018916553e-06,6.624039021997711225e-06,6.535208836147443017e-06,6.380746954497841523e-06,6.504998722141904910e-06,6.410980000760715616e-06,6.313233696790586896e-06,6.167381096313204467e-06,6.296997992449940872e-06,6.199887999955948585e-06,6.067281758741918298e-06,6.203878580966847267e-06,6.112026738306798189e-06,6.021336227215378108e-06,6.142648515754046706e-06,6.060852798976474773e-06,5.982434975214374744e-06,5.900261230386846978e-06,6.057109558264927492e-06,5.995642342424494265e-06,5.942116287088952579e-06,6.110313922670883200e-06,6.069958989032391074e-06,6.038135949872091264e-06,6.029341841255236092e-06,6.211995552617619947e-06,6.206146455229817219e-06,6.231090771570791810e-06,6.425151425114912082e-06,6.446890239353880108e-06,6.480259667725750472e-06,6.708894529520406244e-06,6.758240986124114218e-06,6.819341272954578899e-06,6.920847407380845919e-06,7.133414396846775754e-06,7.219731907917032921e-06,7.345959282510144174e-06,7.560810786098024208e-06,7.667956445847605941e-06,7.784261275800504981e-06,7.935989729134307479e-06,8.146052062257870484e-06,8.274637137458934179e-06,8.433189470891633594e-06,8.632322417003966472e-06,8.765039922700839842e-06,8.900335108375001839e-06,9.055769711737872955e-06,9.230364417634529908e-06,9.357408382148846233e-06,9.497232483949569339e-06,9.645006509061256346e-06,9.754649196837723111e-06,9.858752727669252265e-06,9.984628903147263034e-06,1.006848349257637635e-05,1.014386570995595588e-05,1.021587723823135065e-05,1.027905320543859785e-05,1.031941815373507968e-05,1.035150324646049797e-05,1.037173058372003627e-05,1.037292223314595638e-05,1.037292223314595638e-05,1.036164685378484850e-05,1.033671251634754074e-05,1.029866780369012047e-05,1.024647316392014059e-05,1.017811309415163782e-05,1.009771834987933314e-05,1.000646556830653473e-05,9.903884344184673633e-06,9.778008168706662863e-06,9.651786398753888613e-06,9.516120793230220775e-06,9.358947258018058310e-06,9.198110255299159021e-06,9.035814150151371389e-06,8.849544208898583368e-06,8.665283972653056211e-06,8.483878201678009438e-06,8.299134025246763518e-06,8.085069311382530300e-06,7.883260413112867828e-06,7.690146009373990244e-06,7.463456196721578595e-06,7.257376283562337348e-06,7.063608301520516943e-06,6.872556644862471732e-06,6.639821660593583485e-06,6.441246792268020455e-06,6.258566772366769344e-06,6.028400145781422363e-06,5.842266282341629811e-06,5.673410011820981356e-06,5.511179887103438235e-06,5.282545025308782463e-06,5.131623967878388770e-06,4.988177325828757113e-06,4.781816805693955860e-06,4.643864726299273540e-06,4.521399565950931317e-06,4.330381400302752814e-06,4.216840909496490977e-06,4.116222393019614630e-06,4.023047917964306700e-06,3.854027097089714559e-06,3.774418211011724538e-06,3.702154701987041776e-06,3.550360027992114314e-06,3.494622874095318878e-06,3.441686504091804158e-06,3.394238302845410316e-06,3.272926014325210425e-06,3.237062593628735655e-06,3.205598217428501317e-06,3.090265940626806062e-06,3.082041112492892223e-06,3.063807454368171697e-06,2.962011542617349290e-06,2.969354388506192427e-06,2.961455915953776676e-06,2.955218992337016157e-06,2.868124805924501518e-06,2.890863253874116119e-06,2.891073514626599401e-06,2.813459568170129654e-06,2.844530516389888618e-06,2.848627040013352595e-06,2.852152264705649635e-06,2.784169220269189723e-06,2.821211794861813240e-06,2.825668270331583112e-06,2.763655980124474339e-06,2.802978958162894814e-06,2.806619219640162826e-06,2.749382188367822855e-06,2.789008560937383016e-06,2.790458222090827843e-06,2.789626933884588818e-06,2.737079888783938640e-06,2.773586165647178602e-06,2.769350909327053630e-06,2.719719541057747775e-06,2.753304829444753295e-06,2.745101036078567107e-06,2.734372892123852259e-06,2.687847146533314437e-06,2.715268378672063396e-06,2.700329587066519692e-06,2.655850164711035363e-06,2.678906370529694077e-06,2.659764547487680667e-06,2.638372220604482138e-06,2.635613033627193134e-06,2.612439049107307061e-06,2.587203553553667378e-06,2.547082603772913575e-06,2.558501991278176065e-06,2.529746866183267507e-06,2.491392728552421620e-06,2.498388468125422890e-06,2.466508283396223901e-06,2.433155727843091566e-06,2.397410484099668283e-06,2.398157919003968029e-06,2.362365098069939354e-06,2.328455211428878270e-06,2.325485088705294818e-06,2.287692535270613742e-06,2.249031033474199753e-06,2.249297492459117704e-06,2.209953042921565212e-06,2.169961932940436068e-06,2.170426328942240093e-06,2.159394352574802778e-06,2.146716586525391613e-06,2.147346670099528766e-06,2.133102639770682139e-06,2.117274015193558793e-06,2.099898833703624663e-06,2.100716976057985992e-06,2.081879807141748045e-06,2.061581933771467324e-06,2.062524238647888927e-06,2.040853443549475788e-06,2.017821752863280417e-06,1.993484150091528633e-06,1.994575529527729893e-06,1.969024377086044076e-06,1.942284052730970144e-06,1.943476754074672162e-06,1.915641407861141858e-06,1.886742390959561175e-06,1.856845558463805848e-06,1.858160310834826855e-06,1.827361138727844954e-06,1.795698955050588130e-06,1.797095474143160650e-06,1.764665023013667813e-06,1.731510043107214435e-06,1.732979771731701114e-06,1.699193220020633449e-06,1.664822332772255863e-06,1.629937744248415670e-06,1.631491464076949896e-06,1.596182069126281526e-06,1.560498204842834603e-06,1.562104559686064036e-06,1.526130937726048669e-06,1.489919223597724341e-06,1.453536512964714654e-06,1.455199245397326819e-06,1.418722974385296841e-06
3.687019294099507231e-06,3.685786965931602808e-06,3.783614355326722371e-06,3.880971549259410415e-06,3.977681970032889098e-06,3.976493312297464681e-06,4.072390156406975233e-06,4.167279501868137588e-06,4.166131147786798133e-06,4.259844076949343168e-06,4.352181344017162268e-06,4.442957153016436215e-06,4.441872608875088731e-06,4.530918800723393782e-06,4.618032968311458071e-06,4.617003756615070940e-06,4.702021519799729404e-06,4.784741282092134891e-06,4.783773723407609532e-06,4.864037419189508202e-06,4.941646864812076746e-06,5.016428852630763412e-06,5.015553323068225195e-06,5.087363814848018906e-06,5.156014919170412726e-06,5.155216061620381251e-06,5.220576720369567972e-06,5.282468714887072664e-06,5.340747000883332318e-06,5.340061967651789010e-06,5.394619827489343655e-06,5.445297891518376814e-06,5.444709111083566847e-06,5.491421121929905292e-06,5.534022003130943841e-06,5.572409551766517198e-06,5.571970003219210329e-06,5.606094428843456037e-06,5.635834183602495715e-06,5.635530034505126381e-06,5.660865936965828869e-06,5.681691133194623691e-06,5.761678536172258864e-06,5.860633930433454180e-06,5.872964952512003735e-06,5.964905515343834441e-06,6.051323264858162630e-06,6.054162853565298165e-06,6.140046169261887082e-06,6.230539440447497484e-06,6.222946010326788692e-06,6.301484623129853914e-06,6.375789242203286797e-06,6.471823905920382000e-06,6.446772023311306309e-06,6.511779342720901995e-06,6.611152512853459403e-06,6.573510619754180686e-06,6.627948986858836486e-06,6.730306204306469034e-06,6.779977922981133985e-06,6.722119555689081926e-06,6.758246128817675189e-06,6.864118221562154575e-06,6.792430102977163150e-06,6.815157912141355602e-06,6.923025758664863356e-06,6.837481396554330581e-06,6.846021773802572473e-06,6.846770470109163127e-06,6.956530940146983316e-06,6.850351209471688957e-06,6.836146642247358258e-06,6.947128257700911566e-06,6.828526672299477934e-06,6.799415545673953226e-06,6.762116903837581786e-06,6.873899016693971745e-06,6.738469206162286688e-06,6.687011863044329506e-06,6.799962889591502234e-06,6.656455792042739024e-06,6.592154883359329260e-06,6.706683636871210682e-06,6.557885236512532593e-06,6.482664440272227457e-06,6.401104709189120898e-06,6.517398373788544033e-06,6.365081183829021937e-06,6.276328318332512915e-06,6.395956894292831104e-06,6.247298387672095725e-06,6.154777991263947561e-06,6.059272073432811359e-06,6.183579403859199204e-06,6.046031208850982586e-06,5.952509053509876448e-06,6.083168402545633203e-06,5.960410291066431832e-06,5.873350979189437766e-06,6.011848183765545582e-06,5.927783217390299887e-06,5.832495589418827771e-06,5.760373876954036544e-06,5.909810404442615995e-06,5.840054088537940142e-06,5.785469826518163453e-06,5.945697857161140235e-06,5.904815266223791918e-06,5.871588067740832644e-06,5.847022315721961587e-06,6.021215879581830055e-06,6.024538297878186809e-06,6.025649448824668919e-06,6.211148959649804671e-06,6.246950812321977074e-06,6.274996917825377485e-06,6.470584955439785532e-06,6.512320401343910719e-06,6.592316620237982496e-06,6.658308737364201391e-06,6.863419704730970497e-06,6.970401765140256530e-06,7.060308228338555437e-06,7.268905809797740059e-06,7.397487417024414344e-06,7.506837703105458921e-06,7.624700807446260253e-06,7.830790334744890447e-06,7.980192926192275862e-06,8.109019904141700973e-06,8.306432250673794900e-06,8.459246795290643119e-06,8.591121445850191928e-06,8.725066561333083684e-06,8.901450562732624470e-06,9.046854802079615053e-06,9.171949641134421785e-06,9.324417568916951518e-06,9.451745164066749163e-06,9.559279737343199729e-06,9.681580146985545237e-06,9.772727058395568777e-06,9.864684190380897382e-06,9.938302326189423210e-06,1.001274362046875663e-05,1.006939209826358440e-05,1.010882840562934898e-05,1.014260160964412653e-05,1.015962784404117331e-05,1.016099075760814766e-05,1.016099075760814766e-05,1.015021070949791267e-05,1.012781087953116929e-05,1.008945846056048785e-05,1.003900017113616121e-05,9.974979476389043802e-06,9.895290306067987238e-06,9.806932331515141445e-06,9.704243198754812640e-06,9.593497046145818636e-06,9.463659142928578435e-06,9.332021391437203637e-06,9.186132342985442182e-06,9.024064040503467621e-06,8.866324930978082222e-06,8.695225059893334883e-06,8.507021980395349810e-06,8.330345713281872883e-06,8.150225588558846485e-06,7.958312091164691606e-06,7.745994941809683244e-06,7.557221108727094094e-06,7.358256802332161562e-06,7.135717761475663718e-06,6.945724714740390567e-06,6.758140588368221309e-06,6.562768187881177676e-06,6.336708594321749995e-06,6.156685067596956635e-06,5.970972443131546942e-06,5.748833567590859079e-06,5.581729704389375572e-06,5.411206072900980441e-06,5.257648026899385307e-06,5.047580793636468878e-06,4.904679333998394471e-06,4.761874993772967873e-06,4.564881306922802443e-06,4.442169744909224591e-06,4.322255438629347625e-06,4.140517058371717275e-06,4.038999757005102171e-06,3.944802592095173461e-06,3.857608667161896286e-06,3.697304363312139686e-06,3.623621159662075376e-06,3.559909202047641503e-06,3.416166812627237109e-06,3.361603837002406818e-06,3.319998311816298242e-06,3.278087379876883304e-06,3.154650070174808950e-06,3.121670038951611929e-06,3.106152584295795718e-06,2.996980920186016577e-06,2.977430976090969850e-06,2.978209849163939170e-06,2.881743335085188694e-06,2.872853695694559721e-06,2.865861021070668712e-06,2.883334736604701691e-06,2.800569274375020082e-06,2.800459768708882168e-06,2.827265902613875477e-06,2.753307398139757379e-06,2.757564477989449115e-06,2.761503403308903077e-06,2.795684426760622264e-06,2.730621572763476602e-06,2.735973866182182390e-06,2.773373499937894699e-06,2.713822842282222296e-06,2.718818768847963433e-06,2.757374504942401558e-06,2.702226529428126166e-06,2.705450202624174093e-06,2.706571374357044481e-06,2.743014081922446809e-06,2.692184345653313226e-06,2.690232753466403238e-06,2.724339176675101912e-06,2.676207985988990114e-06,2.670554054385184299e-06,2.662472780219191656e-06,2.691031516289264422e-06,2.645791275529751289e-06,2.633666300472261972e-06,2.658178546865026167e-06,2.614859117250397739e-06,2.598634225664997040e-06,2.618780798202088758e-06,2.597894104649374781e-06,2.557008014829124865e-06,2.534729439054266241e-06,2.547994725926756352e-06,2.508818107288124349e-06,2.482989124632903150e-06,2.491877739315610035e-06,2.454395559000930299e-06,2.425368825941103147e-06,2.394817304940943928e-06,2.397429955050539111e-06,2.362462722566356213e-06,2.329341275482687434e-06,2.328175775827954278e-06,2.294981566422991621e-06,2.259724980025641514e-06,2.255090373382929972e-06,2.217243929623926301e-06,2.186727203572006285e-06,2.178970830392562160e-06,2.169523290867394068e-06,2.169959472736998206e-06,2.158896041555583019e-06,2.146183777434416313e-06,2.146776494050318413e-06,2.132492382794837524e-06,2.116621101938949132e-06,2.099200813877187361e-06,2.099971513245464761e-06,2.081084669673572505e-06,2.060734987338473508e-06,2.061623440402686867e-06,2.039896837458983447e-06,2.016807466105274428e-06,1.992410390313121793e-06,1.993440582806490015e-06,1.967826606455182571e-06,1.941021897148711720e-06,1.942148727734717912e-06,1.914246099756177933e-06,1.885278464623145402e-06,1.855311751827850411e-06,1.856555436150379963e-06,1.825684082506088009e-06,1.793948677989028662e-06,1.795271011009017906e-06,1.762765482462523000e-06,1.729534607420231666e-06,1.730927696459204839e-06,1.697063833523640226e-06,1.662615035656777049e-06,1.627652008690041821e-06,1.629126833035469958e-06,1.593738155451925436e-06,1.557974690277216559e-06,1.559501193762092108e-06,1.523447536571991352e-06,1.487155668651328995e-06,1.450692749603782232e-06,1.452275281493497978e-06
3.683697986117429350e-06,3.781584729151007671e-06,3.879001203712584111e-06,3.975770785265673069e-06,3.974641120678830105e-06,4.070596741641791330e-06,4.165544598178167841e-06,4.164454439158108130e-06,4.258225196448440919e-06,4.350619873177270330e-06,4.441452621294076851e-06,4.440424493175760706e-06,4.529526524993288934e-06,4.616695903190112576e-06,4.615721219141294958e-06,4.700792773160135703e-06,4.783565535398097281e-06,4.782650131482364524e-06,4.862965082342298755e-06,4.940624828570722789e-06,5.015456107397657199e-06,5.014628803657453213e-06,5.086486399852962841e-06,5.155183430101745205e-06,5.154429261743636792e-06,5.219833313159470486e-06,5.281767342002233090e-06,5.340086239549881584e-06,5.339440327327738575e-06,5.394035745662877723e-06,5.444749728472852450e-06,5.444195143439504395e-06,5.490939534749801046e-06,5.533570880346069797e-06,5.571986864656087124e-06,5.571573596641371318e-06,5.605722004884447401e-06,5.635483282275225360e-06,5.635198011091243600e-06,5.660549935556569081e-06,5.681388055945253101e-06,5.681259850040245048e-06,5.697597738086436680e-06,5.790160494267503282e-06,5.880163717940887199e-06,5.880315607402496314e-06,5.967531840279139203e-06,6.051603118221578194e-06,6.052046597989990274e-06,6.132737525920587830e-06,6.209626325035871324e-06,6.191441756577676453e-06,6.283384130469914060e-06,6.351849523164404093e-06,6.415525073768140752e-06,6.417136521176850064e-06,6.475933872415870477e-06,6.529292297653559410e-06,6.531744034214701608e-06,6.579675927537454583e-06,6.621546204983885034e-06,6.657037941654633067e-06,6.661117193328506120e-06,6.690446727726180110e-06,6.712852597103645093e-06,6.718672394281828360e-06,6.734586282145876723e-06,6.743121200811096415e-06,6.648096764623309993e-06,6.753141201639905057e-06,6.747294558195014646e-06,6.733571963280640058e-06,6.746033344579574794e-06,6.725640780665589750e-06,6.697269224092652256e-06,6.572323997118985543e-06,6.679408706470483582e-06,6.636842510238399934e-06,6.586452798267840757e-06,6.610977605241040030e-06,6.555184151931367083e-06,6.492009282021798663e-06,6.523978006878108651e-06,6.456486889718461939e-06,6.382320600184210235e-06,6.234740746080844208e-06,6.346296923045726729e-06,6.263533577509729581e-06,6.175565786679199281e-06,6.231493755388563526e-06,6.143113921195071362e-06,6.050912126084007139e-06,5.910415031640688292e-06,6.029694821115818846e-06,5.937014677320915222e-06,5.842932829126215501e-06,5.932812285369316280e-06,5.843796713431610825e-06,5.755291083423378968e-06,5.862519562968995324e-06,5.781531133470967051e-06,5.703061297552387642e-06,5.628077457365311144e-06,5.760288494282843481e-06,5.696223160032751307e-06,5.637650048740617124e-06,5.789285904438195024e-06,5.743631802690839549e-06,5.705313887481679167e-06,5.684929813769905543e-06,5.852277092996520899e-06,5.837277389392596417e-06,5.831909957358752789e-06,6.026541266857989535e-06,6.036846654571145417e-06,6.057736079337925221e-06,6.267517311096928874e-06,6.303776279323862762e-06,6.350998412803070676e-06,6.409379438222758809e-06,6.633778679145242612e-06,6.705793295397411081e-06,6.788409491189734431e-06,7.018261948488094933e-06,7.111840320743389967e-06,7.214769679025324338e-06,7.352545968345243221e-06,7.554630882796169103e-06,7.672350112701294039e-06,7.796720963431417759e-06,8.015920587742564159e-06,8.141547269478539888e-06,8.271137995701946546e-06,8.423096994720076876e-06,8.600238685319598961e-06,8.726849026247267336e-06,8.853188412414074701e-06,9.025054332041298081e-06,9.140211312537997761e-06,9.251942078035649766e-06,9.392860356754514155e-06,9.488416658549404779e-06,9.577616450862610475e-06,9.659384078725694053e-06,9.751077879297300542e-06,9.810993096910034525e-06,9.861232547943401720e-06,9.911703966206234412e-06,9.937266694224357232e-06,9.951637795464796335e-06,9.958879363247046744e-06,9.954360256305640585e-06,9.947118688523390176e-06,9.923452409730383375e-06,9.887824575012847274e-06,9.837353156750012887e-06,9.775768685627964262e-06,9.702723829297377404e-06,9.611030028725770915e-06,9.513851451163083328e-06,9.406474006734873505e-06,9.289503168696948250e-06,9.148584889978083861e-06,9.011752269134569207e-06,8.867380536375795189e-06,8.695514616748573503e-06,8.535452429564422918e-06,8.370252372107579703e-06,8.181067685240375981e-06,7.997378408698329005e-06,7.818562219760488463e-06,7.638042650507439538e-06,7.418843026196292292e-06,7.233754773513211587e-06,7.049398588200284507e-06,6.831285307314249532e-06,6.636950772835879095e-06,6.455521722318236298e-06,6.277634356727028228e-06,6.047781899428666879e-06,5.875217682440235705e-06,5.707850867379848308e-06,5.483451626457364505e-06,5.324610601544157300e-06,5.172174495339495594e-06,5.026353891256850445e-06,4.816572659497846792e-06,4.682227020586760907e-06,4.555064413384127953e-06,4.360433103884891207e-06,4.246069670686877841e-06,4.139019054050205731e-06,3.965683639367085065e-06,3.868260038357638456e-06,3.781623376114316011e-06,3.701756763842405433e-06,3.550120908144858873e-06,3.483199136490802863e-06,3.422380525048871706e-06,3.290169488132326163e-06,3.241452815942568363e-06,3.197960219726417498e-06,3.159256409277072237e-06,3.052027929767312904e-06,3.023616984450106463e-06,2.998966969255934747e-06,2.909087513329804709e-06,2.893197025092126057e-06,2.880004958438013383e-06,2.788541842974253927e-06,2.799819913533989888e-06,2.795420585433109100e-06,2.792292827491904070e-06,2.736364873854256148e-06,2.738171608258458363e-06,2.740334310046312366e-06,2.670110880871301435e-06,2.701493179891040779e-06,2.706668103684574864e-06,2.711142677969223259e-06,2.679174174149882720e-06,2.685373801028458072e-06,2.690266396684829491e-06,2.665742133569517003e-06,2.671307290676466054e-06,2.675097434489379031e-06,2.622563766483879591e-06,2.660176911806906621e-06,2.661679607178479688e-06,2.661013478697403724e-06,2.648555011458872372e-06,2.646905700344362881e-06,2.642924000927534491e-06,2.596995416353105347e-06,2.628466210684026480e-06,2.620699200565969010e-06,2.610578063183826672e-06,2.604768322196225874e-06,2.592985135356245502e-06,2.578901604954224847e-06,2.574837809273794228e-06,2.559005516674457266e-06,2.540988825772610426e-06,2.520883624780471585e-06,2.518457307673635918e-06,2.496678369020186436e-06,2.472986173639998195e-06,2.471409883776602712e-06,2.446144748900719884e-06,2.419168775700229412e-06,2.383294046017300133e-06,2.389810157361688015e-06,2.359915080717287529e-06,2.328645980230500494e-06,2.328268071125295780e-06,2.295850179457559702e-06,2.262289690836754630e-06,2.262219447379585159e-06,2.227703244112215121e-06,2.192254901563090930e-06,2.186122112434825504e-06,2.186355709080535148e-06,2.178579718176813151e-06,2.169109066200002874e-06,2.169518879528911642e-06,2.158426032760345416e-06,2.145681489733725067e-06,2.146239226328782275e-06,2.131917577952784581e-06,2.116006331631537533e-06,2.098543765805704247e-06,2.099269980662402116e-06,2.080336542796697599e-06,2.059938246400603807e-06,2.060776150093198524e-06,2.038997142540225215e-06,2.015853588012067500e-06,1.991400624566436176e-06,1.992373297093306385e-06,1.966700239245519562e-06,1.939834956737974284e-06,1.940899791614953654e-06,1.912933814233674350e-06,1.883901544612146440e-06,1.853868980761140282e-06,1.855045665957186170e-06,1.824106233616291525e-06,1.792301739330164162e-06,1.793554039969076528e-06,1.760977604797242048e-06,1.727675017088455544e-06,1.728995655374101311e-06,1.695058671211153650e-06,1.660536148815741507e-06,1.625498860650934269e-06,1.626898953116926496e-06,1.591435138215903517e-06,1.555596194685133549e-06,1.557046942235417463e-06,1.520917313961697846e-06,1.484549321121303391e-06,1.448010183433825006e-06
3.779670099061421805e-06,3.877142875973365689e-06,3.973968616325760465e-06,3.972894922146772713e-06,4.068906279521467925e-06,4.163909592164799706e-06,4.162874561997155913e-06,4.256700073359170762e-06,4.349149081341917613e-06,4.440035689412337357e-06,4.439060901082984591e-06,4.528215703339081697e-06,4.615437233171976232e-06,4.614514032285609882e-06,4.699636351139932502e-06,4.782459109873762933e-06,4.781592883947553530e-06,4.861956143952876529e-06,4.939663279929382971e-06,5.014540978260917709e-06,5.013759072524968091e-06,5.085660993391372131e-06,5.154401222346496328e-06,5.153689073012382728e-06,5.219133908599468409e-06,5.281107429681789403e-06,5.339464467989974244e-06,5.338855282354547691e-06,5.393485946444918199e-06,5.444233622587627092e-06,5.443711100794078247e-06,5.490485840157192033e-06,5.533145724535057020e-06,5.571588333465678463e-06,5.571199658122920940e-06,5.605370494004167883e-06,5.635151882877757800e-06,5.634884234751055879e-06,5.660251096908455849e-06,5.681101244048283819e-06,5.680981895291411076e-06,5.697325174161413682e-06,5.709073060430010891e-06,5.716202347167637717e-06,5.797337023721875046e-06,5.882723898360354599e-06,5.880580257351147599e-06,5.965452428943974715e-06,6.044452667479986291e-06,6.032148399453153457e-06,6.101976881235752641e-06,6.191930031823621114e-06,6.168669718446843301e-06,6.229869108468457944e-06,6.322880004533824672e-06,6.380493132752929506e-06,6.339361285018686273e-06,6.435102813752263041e-06,6.482106985856847924e-06,6.428450339279547879e-06,6.462936842973405195e-06,6.561897955256735801e-06,6.590744628343191446e-06,6.517510610420147839e-06,6.618287033226301465e-06,6.634021678556149552e-06,6.547888829495560489e-06,6.549675975983253567e-06,6.652168633547874099e-06,6.553540653540826300e-06,6.541457662993912604e-06,6.645024612715349641e-06,6.625202607421087541e-06,6.508728247714582951e-06,6.475165867972714235e-06,6.579392448247573101e-06,6.453038144025566177e-06,6.406173360146925166e-06,6.511358013917876327e-06,6.456614513542235516e-06,6.317982715459982500e-06,6.424458246840231710e-06,6.358018630587052250e-06,6.215003511397175791e-06,6.139326059331444424e-06,6.247172829737481617e-06,6.102929055386555862e-06,6.019922688316528469e-06,6.130566075197868676e-06,6.042747968223896341e-06,5.901367176087629253e-06,5.810891528472700606e-06,5.925445740088859218e-06,5.792192190121362077e-06,5.702488014696129760e-06,5.822550018080282327e-06,5.732637183174264176e-06,5.616807988242166635e-06,5.743767968696904638e-06,5.660981224587108353e-06,5.563710558097550410e-06,5.490822585767683843e-06,5.627523258272070578e-06,5.560259293176533078e-06,5.494881072012070701e-06,5.641434830107537004e-06,5.591512294188766880e-06,5.553363221009047526e-06,5.521768508221996237e-06,5.681349875166589257e-06,5.672544963824534960e-06,5.664127046208774744e-06,5.834643170771750047e-06,5.838455828958423230e-06,5.872519726903374910e-06,6.053238024381768540e-06,6.082491648464025806e-06,6.146087625772844521e-06,6.198300967223388240e-06,6.389581719805957838e-06,6.454388415345355233e-06,6.555968295580578693e-06,6.752446207718084400e-06,6.839324680450957433e-06,6.961860470399027232e-06,7.066848080045687863e-06,7.264280303686868622e-06,7.401565387555681047e-06,7.520084134217725211e-06,7.712509525885547526e-06,7.834621115135440529e-06,7.982529240424370701e-06,8.111296731678779864e-06,8.288647275557136984e-06,8.432801249415250859e-06,8.557846193629629870e-06,8.716458686394194474e-06,8.833851648851367397e-06,8.961685317735651601e-06,9.095550480127078384e-06,9.196190411015452617e-06,9.301087520548738673e-06,9.388339005338284103e-06,9.481355037478267654e-06,9.550060984426349140e-06,9.615246732035974734e-06,9.672237311690102987e-06,9.708994205659753719e-06,9.738028217839457884e-06,9.752146981685641240e-06,9.757560584569924139e-06,9.757560584569924139e-06,9.747922620600790074e-06,9.725118700111247543e-06,9.690902428393743010e-06,9.643869612074120034e-06,9.582371514491802307e-06,9.509946360275815770e-06,9.427541082704181369e-06,9.328929324619599327e-06,9.224806634703369696e-06,9.107241648084723741e-06,8.984260730469060757e-06,8.842272888603648975e-06,8.696465984619042953e-06,8.548823467511027576e-06,8.380092082974970817e-06,8.219261940230165769e-06,8.046617966077437782e-06,7.857144522436215249e-06,7.682674469851558403e-06,7.497681635066738357e-06,7.319854134859899229e-06,7.112749272025122687e-06,6.932183890437715388e-06,6.743019642655874086e-06,6.529798891529399867e-06,6.351535543193524961e-06,6.166406094529282332e-06,5.995235419877577433e-06,5.782628006307824127e-06,5.607467641646767178e-06,5.447778400139139728e-06,5.241199602851199436e-06,5.089994100873272078e-06,4.936671890611629773e-06,4.799047034388306442e-06,4.606007862112649839e-06,4.472235820346741468e-06,4.353222452367665465e-06,4.173506404492666423e-06,4.065946235028522574e-06,3.962103700763767932e-06,3.797271739671574013e-06,3.709590688729259072e-06,3.628226779377128390e-06,3.555221290963235924e-06,3.410630105382377194e-06,3.351273911071567419e-06,3.296485183849218977e-06,3.167192392174012194e-06,3.122146468523001063e-06,3.090176146172355266e-06,3.056289447627096408e-06,2.945431570057387074e-06,2.931277953245134472e-06,2.910556282312854316e-06,2.812489809141994435e-06,2.798140748373451692e-06,2.803572549970844586e-06,2.716793958102791552e-06,2.711564149783705249e-06,2.728581138762740454e-06,2.727608917000812298e-06,2.652886608341042740e-06,2.654852928750622082e-06,2.682542921527291873e-06,2.615525911385385868e-06,2.620949711950116206e-06,2.654086021169224196e-06,2.659563160949007351e-06,2.600279899747833894e-06,2.636641563554676544e-06,2.642219986411724247e-06,2.587720104775295073e-06,2.592840601481488870e-06,2.629631104861866563e-06,2.578947161507884628e-06,2.582153762676530944e-06,2.618103458788876957e-06,2.617776125310431915e-06,2.570838156106327561e-06,2.569011658696299655e-06,2.601061903627955863e-06,2.556476915841378379e-06,2.551099500496115992e-06,2.579972679531919291e-06,2.570178416289463373e-06,2.528136645862130712e-06,2.553279775959109152e-06,2.539560812630656626e-06,2.499222405471671988e-06,2.483914637908975300e-06,2.502699263855074847e-06,2.483055966683078000e-06,2.444900298215803777e-06,2.459482623700993969e-06,2.436313165447796755e-06,2.399699633057826430e-06,2.375434296344415934e-06,2.383719800990784155e-06,2.348642647883971696e-06,2.321391120934627056e-06,2.325765576793687970e-06,2.295161937860121676e-06,2.262376972066481962e-06,2.263070897509266039e-06,2.230216304804724612e-06,2.199050539251374905e-06,2.196352734875952043e-06,2.191929224471045880e-06,2.185785490993792826e-06,2.186004314867914525e-06,2.178210014095734912e-06,2.168717769459102512e-06,2.169102929605687054e-06,2.157982563818420900e-06,2.145207807003610335e-06,2.145732786000190773e-06,2.131375970163941014e-06,2.115427266176875004e-06,2.097925060217702416e-06,2.098609550355910359e-06,2.079632392994796299e-06,2.059188465589812012e-06,2.059978904782638427e-06,2.038150673124169024e-06,2.014956205558169761e-06,1.990450708372947508e-06,1.991369292877725712e-06,1.965640657844560318e-06,1.938718373214481249e-06,1.939724844681616469e-06,1.911699205916124816e-06,1.882606040085415520e-06,1.852511408303584161e-06,1.853624916974961700e-06,1.822621262699391263e-06,1.790751564307963313e-06,1.791937741939439108e-06,1.759294328108514664e-06,1.725923969258264035e-06,1.727176106932811227e-06,1.693169955461239201e-06,1.658577661501168912e-06,1.623470059533115887e-06,1.624799357455818910e-06,1.589264328156529103e-06,1.553353810551182523e-06,1.554732683732725630e-06,1.518530939295285053e-06,1.482090646030363927e-06
3.875389772077085023e-06,3.972268823940256704e-06,3.971248235353511680e-06,4.067312449681572426e-06,4.162368327317617173e-06,4.161385526318167484e-06,4.255262886678630927e-06,4.347763318724663191e-06,4.438700880798183893e-06,4.437776530985710329e-06,4.526981210600462766e-06,4.614252010765395278e-06,4.613377427161498814e-06,4.698547664102656256e-06,4.781417595476445082e-06,4.780597750387721824e-06,4.861006552947631420e-06,4.938758346543978465e-06,5.013679770659114505e-06,5.012940611603242400e-06,5.084884252251896012e-06,5.153665125555693327e-06,5.152992495582748535e-06,5.218475674622093764e-06,5.280486310525556190e-06,5.338879179970594513e-06,5.338304483762513935e-06,5.392968233805724142e-06,5.443747526010443808e-06,5.443255078246203611e-06,5.490058270481060284e-06,5.532744899002261485e-06,5.571212445638432719e-06,5.570846791767472093e-06,5.605038608773086960e-06,5.634838797448649478e-06,5.634587607078302115e-06,5.659968401212125910e-06,5.680829744130575422e-06,5.680718613736159888e-06,5.697066856936593232e-06,5.708816136377138417e-06,5.715942881826018693e-06,5.716080624071025635e-06,5.718640849184110264e-06,5.797587364328845814e-06,5.880680966124828163e-06,5.873769130253732135e-06,5.946013416226773459e-06,6.014414085336819816e-06,6.015303406961054274e-06,6.079713913598540126e-06,6.139683885914194767e-06,6.141107770107748071e-06,6.196548922518012419e-06,6.246958473960986932e-06,6.340574703307662846e-06,6.294496009874296256e-06,6.334273714801082052e-06,6.368163044749984630e-06,6.371745687943517354e-06,6.399923301045243471e-06,6.421712256342945277e-06,6.520149316286193172e-06,6.442577342292615283e-06,6.451530875725721165e-06,6.453465116958672957e-06,6.461414764691712797e-06,6.457037245965378353e-06,6.445378595106234568e-06,6.456265379564006425e-06,6.438363720796918829e-06,6.413066558023437064e-06,6.380324089220114385e-06,6.396502221488880299e-06,6.357915456635311019e-06,6.312033164615877131e-06,6.333440060194639965e-06,6.282364496285363857e-06,6.224357550959832780e-06,6.327682679515483873e-06,6.190008213784614310e-06,6.121409590501495824e-06,6.046780252146935024e-06,6.085655926456552902e-06,6.008537483014307939e-06,5.926349569470199891e-06,5.975331436936529065e-06,5.892298536339745006e-06,5.805402141688601756e-06,5.715236166282770136e-06,5.780349919015396391e-06,5.692071002683807736e-06,5.602058826818321542e-06,5.681243517328706503e-06,5.595290964947039871e-06,5.509312443521808988e-06,5.630725244027332723e-06,5.524446479524352926e-06,5.446566898101570755e-06,5.371350670743042640e-06,5.488914396881515869e-06,5.423189467736749288e-06,5.361983822792160084e-06,5.501698822101120010e-06,5.447759232183690198e-06,5.404271564441925729e-06,5.367879569205043588e-06,5.527422363885077142e-06,5.504756353963775864e-06,5.490611232763136536e-06,5.667228100076920334e-06,5.667618525175157017e-06,5.677576804418240936e-06,5.850619860869525891e-06,5.894062407180970847e-06,5.928765816726016053e-06,5.973885064198339244e-06,6.181814894088514807e-06,6.240508322192685724e-06,6.309381519758144972e-06,6.499362938970225422e-06,6.605224402226064718e-06,6.694974245423975481e-06,6.793695338410099144e-06,7.011424568696586006e-06,7.117676060472596561e-06,7.231177016969867083e-06,7.443998638494661883e-06,7.561033609742650065e-06,7.683079867113242476e-06,7.809216054954201802e-06,8.005839892875261953e-06,8.129257763861956425e-06,8.254000768433640542e-06,8.431128386274740113e-06,8.548231224181589816e-06,8.663758698625619229e-06,8.802123985069762531e-06,8.918482201603082749e-06,9.017170541979071415e-06,9.110392516254295817e-06,9.219848530032454786e-06,9.294812097886646644e-06,9.361927232111428660e-06,9.429159013015451306e-06,9.480491934623701568e-06,9.516414071838010316e-06,9.542085559163455659e-06,9.562386812170983912e-06,9.563788120735056800e-06,9.563788120735056800e-06,9.554159886219146383e-06,9.533858633211616436e-06,9.499506658226034627e-06,9.453998267385967707e-06,9.396283795471278879e-06,9.324492226894226030e-06,9.244636093722962027e-06,9.154694343169361814e-06,9.045238329391204539e-06,8.934373377313092863e-06,8.814963008953136478e-06,8.682711555937761599e-06,8.536041550157822826e-06,8.392465225038497719e-06,8.243114516347770172e-06,8.065986898506672295e-06,7.904480892196307526e-06,7.739506018326322611e-06,7.542882180405263306e-06,7.370158432907119087e-06,7.196304530010663456e-06,7.022103475911139021e-06,6.809281854386344221e-06,6.633172618547633758e-06,6.458844020160596509e-06,6.241114789874109647e-06,6.068879816261286880e-06,5.900270572457420287e-06,5.726022649697471703e-06,5.520372686819921045e-06,5.362455897634765123e-06,5.209991864133168204e-06,5.002062034242992641e-06,4.858757885547834206e-06,4.721814951631700199e-06,4.584107996078800820e-06,4.399436993486161770e-06,4.280372090419813991e-06,4.168130379063054125e-06,3.991513511749271174e-06,3.891557362640740039e-06,3.798385782090852979e-06,3.638842987410818577e-06,3.558187638244668354e-06,3.483951705351314171e-06,3.417447855471387540e-06,3.280311105725232264e-06,3.224040334740642172e-06,3.173198571254064532e-06,3.055634845117934619e-06,3.015700939193064117e-06,2.980335427052535471e-06,2.959348825809336764e-06,2.854327702880717163e-06,2.832244933322886428e-06,2.813361456869553411e-06,2.734176766850873193e-06,2.722960663196013742e-06,2.713969396400531945e-06,2.648855646410693664e-06,2.646026454121094145e-06,2.644485338174866366e-06,2.643886325601061411e-06,2.594904476617332077e-06,2.598479278104005256e-06,2.602182158238406864e-06,2.563306545221027327e-06,2.569862827450315427e-06,2.575842887724660621e-06,2.609979667119051790e-06,2.553108602109871854e-06,2.559616225899808934e-06,2.564797744350776950e-06,2.543391408838210925e-06,2.548978587870660939e-06,2.552836963624593495e-06,2.536660020045713122e-06,2.540185307521958650e-06,2.541698548026389288e-06,2.541151862369929350e-06,2.530267892723434894e-06,2.528698607537694140e-06,2.524936114161085009e-06,2.516991380177860261e-06,2.511859636261189118e-06,2.504491428992569877e-06,2.530764622451964256e-06,2.489834152081228423e-06,2.478679411093635726e-06,2.465384077263821842e-06,2.461815645287806320e-06,2.446866199447371167e-06,2.429887181538063916e-06,2.446084013161616106e-06,2.408829946824107703e-06,2.388336442681517966e-06,2.366064462637501704e-06,2.364672340185881833e-06,2.340924863602478427e-06,2.315585138844447369e-06,2.314737979980258803e-06,2.288060254361001826e-06,2.259990196862352358e-06,2.262390035198696664e-06,2.230298866831047711e-06,2.199862975849032738e-06,2.198815151984720301e-06,2.198750306092984699e-06,2.196050485079739562e-06,2.191620697702246132e-06,2.185466783174342646e-06,2.185671832907739360e-06,2.177860436313790967e-06,2.168348011135259563e-06,2.168710113140723336e-06,2.157563993015677346e-06,2.144760945021774977e-06,2.145255236561874499e-06,2.130865461638854451e-06,2.114881638191273971e-06,2.097342252473164650e-06,2.097987593370268871e-06,2.078969400506116037e-06,2.058482628390595636e-06,2.059228485775938515e-06,2.037354003415995964e-06,2.014111681421539747e-06,1.989556788938138042e-06,1.990424498420887458e-06,1.964643568562817257e-06,1.937667628390148018e-06,1.938619142151220516e-06,1.910537301771669313e-06,1.881386748545819663e-06,1.851233601703603562e-06,1.852287525827193735e-06,1.821223275792316174e-06,1.789292028809432150e-06,1.790415763480674624e-06,1.757709070828635599e-06,1.724274655793623939e-06,1.725462018339145753e-06,1.691390431059790079e-06,1.656732098642676852e-06,1.621557913275861448e-06,1.622820140155845116e-06,1.587217608969784697e-06,1.551239214848667953e-06,1.552549892430816727e-06,1.516279688104283522e-06
3.970665200350807084e-06,3.969695002265446314e-06,4.065809346540675443e-06,4.160915053056500188e-06,4.159981738901995661e-06,4.253908202707707828e-06,4.346457313093982823e-06,4.437443086412969941e-06,4.436566438530764845e-06,4.525818268359504209e-06,4.613135624484884416e-06,4.612306959951198749e-06,4.697522436362752012e-06,4.780436884838085284e-06,4.779660791650471246e-06,4.860112537993424288e-06,4.937906424202665538e-06,5.012869046495570656e-06,5.012170147590148473e-06,5.084153066285678126e-06,5.152972190765604032e-06,5.152336739374647081e-06,5.217855977388993446e-06,5.279901503946460318e-06,5.338328044807402681e-06,5.337785747051695293e-06,5.392480565327148001e-06,5.443289533899909912e-06,5.442825303600945943e-06,5.489655180788650966e-06,5.532366880202937969e-06,5.570857792608796977e-06,5.570513696989866409e-06,5.604725148929661067e-06,5.634542917652283709e-06,5.634307102424252679e-06,5.659700895304511482e-06,5.680572664206979515e-06,5.680469161981678486e-06,5.696821977546031133e-06,5.708572477891041254e-06,5.715696754233130624e-06,5.715827950137202753e-06,5.718377109436044129e-06,5.716317492261779918e-06,5.716691671448636724e-06,5.790921097516344176e-06,5.861688239147084239e-06,5.845168199248031477e-06,5.929537874030395460e-06,5.992647118548584327e-06,5.965585193113164526e-06,6.052760459372589168e-06,6.107106458438873042e-06,6.068893116100164661e-06,6.158571684753079190e-06,6.203086979052423128e-06,6.242139484822237325e-06,6.186174978414003265e-06,6.278807929463753283e-06,6.306527469775324941e-06,6.238505141812067830e-06,6.332792749969544845e-06,6.348375865754050834e-06,6.357310932216304634e-06,6.270985073938014590e-06,6.366832463178743742e-06,6.362712619218875234e-06,6.264864121095530616e-06,6.361658723425023230e-06,6.344266935900412531e-06,6.235724535332204656e-06,6.205499430653334271e-06,6.302834900546581043e-06,6.265105398357252078e-06,6.142106750668140597e-06,6.240222197531685901e-06,6.190122517621111978e-06,6.060127950509010650e-06,6.159291070342127251e-06,6.098025071362188633e-06,6.030482613803539964e-06,5.893115827937354911e-06,5.993317237706332753e-06,5.917111499549097533e-06,5.779145038803562764e-06,5.881677938086893048e-06,5.799272642499623413e-06,5.664078549042206504e-06,5.578470357057343258e-06,5.684244501469059846e-06,5.596010444904940840e-06,5.469677090303674042e-06,5.580207446287950191e-06,5.493644981366535528e-06,5.379389490504850588e-06,5.495965436621565442e-06,5.414895020905091724e-06,5.335310073515997213e-06,5.243708377649776421e-06,5.368909612002406520e-06,5.300535859528192873e-06,5.230267719457405447e-06,5.364409091891915412e-06,5.311021788831120058e-06,5.263505310952287459e-06,5.227867533683075557e-06,5.374049966461474467e-06,5.346403196373610474e-06,5.338406730425310548e-06,5.495018504026250510e-06,5.489611400902488813e-06,5.510132987053641217e-06,5.676826794015995379e-06,5.695002178312649775e-06,5.723064669835319275e-06,5.783368829340763769e-06,5.961201799512880201e-06,6.013089782006974115e-06,6.098990076720363795e-06,6.283236212364357896e-06,6.357107163411050185e-06,6.440380950173839035e-06,6.557073042559630130e-06,6.744935920981660644e-06,6.845601843841214000e-06,6.976995787614979308e-06,7.162826455600881985e-06,7.275653556620069774e-06,7.415116757003087505e-06,7.536856286443152212e-06,7.712610912318130593e-06,7.834319600017733960e-06,7.975061432663085295e-06,8.136592851305673606e-06,8.254325471161463610e-06,8.385210589937505351e-06,8.526874884353767965e-06,8.633149293143826578e-06,8.735911118023626678e-06,8.843448033360880894e-06,8.950854875099916038e-06,9.032493996143574786e-06,9.113738527863718839e-06,9.189757602335994914e-06,9.244441590587716614e-06,9.290209721463051326e-06,9.329443485134207364e-06,9.359015005508989507e-06,9.372181022449443946e-06,9.375645978049681225e-06,9.375645978049681225e-06,9.368230071834455214e-06,9.346944429250246935e-06,9.313634291753015732e-06,9.269366931861960351e-06,9.213740976683537764e-06,9.147683867685030826e-06,9.066926031109376143e-06,8.977107377284703830e-06,8.879798731189208355e-06,8.766327480709432425e-06,8.646422448041937484e-06,8.522072754937647852e-06,8.390680856789810781e-06,8.240378836576940194e-06,8.089132618044435065e-06,7.938195518534928112e-06,7.766174423178288090e-06,7.598220214377456730e-06,7.434057362718855499e-06,7.246065294836288819e-06,7.076130058034898055e-06,6.897132271793759088e-06,6.726510053641307106e-06,6.526415789521089894e-06,6.346181876850165503e-06,6.177096921371792260e-06,5.974262703627937328e-06,5.798856984007289034e-06,5.636738562812569380e-06,5.479025490596902747e-06,5.280048354337280175e-06,5.120255769708774177e-06,4.975231106209136879e-06,4.783820920081389192e-06,4.639759664947253286e-06,4.510524794041864814e-06,4.387737572483802205e-06,4.210757972522550714e-06,4.092903334141598332e-06,3.988145342961653795e-06,3.824438533451371243e-06,3.727302029686556553e-06,3.641157988879651798e-06,3.491778656454406751e-06,3.415770810455543815e-06,3.347909481580710267e-06,3.285900021063210819e-06,3.155478420597280805e-06,3.107122148873285200e-06,3.061584426580183354e-06,2.945221141253642019e-06,2.915553188719054000e-06,2.884654437046208070e-06,2.857635500808743662e-06,2.757952426223986966e-06,2.750041491955530862e-06,2.734540218055817589e-06,2.646302786680510631e-06,2.651853810977424269e-06,2.645506207575202798e-06,2.567284406330804421e-06,2.565057398496539242e-06,2.584265866420811928e-06,2.585487259439636049e-06,2.517866621549919205e-06,2.544650197703736610e-06,2.549666952536224684e-06,2.488787003538617843e-06,2.520861110199986635e-06,2.527754463115799836e-06,2.533767626308601500e-06,2.479612551205191875e-06,2.514787807460802831e-06,2.520534549565614419e-06,2.470533251826582099e-06,2.506515337791223323e-06,2.510758493312355950e-06,2.464067878104896977e-06,2.467215048554468849e-06,2.501225203048207531e-06,2.500963986429506561e-06,2.457527332638473762e-06,2.489443330683725940e-06,2.485932471029306854e-06,2.444551227826983743e-06,2.473590204592282238e-06,2.466479753102319620e-06,2.457206755659398632e-06,2.418067805249553037e-06,2.441574127579843081e-06,2.428609918547707710e-06,2.390985082491932965e-06,2.410657610503053106e-06,2.394062333255824839e-06,2.375565064080619826e-06,2.339902767770186108e-06,2.353507352487906210e-06,2.331715173832379632e-06,2.297447137304271188e-06,2.307160664471807669e-06,2.282356415354999055e-06,2.249484324888300934e-06,2.255438083108575025e-06,2.227954090134409519e-06,2.199211917801411729e-06,2.198893270824635459e-06,2.199568319307504762e-06,2.198527862753524170e-06,2.198465575403069476e-06,2.195763938147904295e-06,2.191328339475804749e-06,2.185164950457120359e-06,2.185357152289439914e-06,2.177529787356452282e-06,2.167998494303243381e-06,2.168339021993910202e-06,2.157168790218813959e-06,2.144339241755823059e-06,2.144804774955402284e-06,2.130384099868770343e-06,2.114367337932226702e-06,2.096793068403649987e-06,2.097401664470688296e-06,2.078344942909698822e-06,2.057817929572150577e-06,2.058521899885807779e-06,2.036603947587392927e-06,2.013316632898634237e-06,1.988715282889890983e-06,1.989535126321758503e-06,1.963704977036166708e-06,1.936678518423456995e-06,1.937578268604300655e-06,1.909443473109837650e-06,1.880238826739724497e-06,1.850030502246021114e-06,1.851028217824824077e-06,1.819906782097396264e-06,1.787917426161996499e-06,1.788982182637555237e-06,1.756215696659903031e-06,1.722720727331172254e-06,1.723846828765598726e-06,1.689713327628889200e-06,1.654992482524874424e-06,1.619755239325019546e-06,1.620953916594785196e-06,1.585287396993971889e-06,1.549244628148607511e-06,1.550490596634785126e-06
3.968229558688023095e-06,4.064391450255657949e-06,4.159544396148878164e-06,4.158657975206456879e-06,4.252630947485223967e-06,4.345226142761289166e-06,4.436257538323739497e-06,4.435426010805979839e-06,4.524722419763170936e-06,4.612083774339440905e-06,4.611298488084999571e-06,4.696556683079632692e-06,4.779513150896279647e-06,4.778778338234986289e-06,4.859270586662327279e-06,4.937104156783546093e-06,5.012105604903693781e-06,5.011444633534352864e-06,5.083464540821925432e-06,5.152319673651181454e-06,5.151719208168171995e-06,5.217272366232673946e-06,5.279350701957311989e-06,5.337808893993260399e-06,5.337297039655941971e-06,5.392021040492785437e-06,5.442857873529149088e-06,5.442420127270599534e-06,5.489275039564329653e-06,5.532010249176353053e-06,5.570523061962255661e-06,5.570199161370373067e-06,5.604428994891889280e-06,5.634263208905139347e-06,5.634041762589751192e-06,5.659447687870581580e-06,5.680329169327429790e-06,5.680232749747365494e-06,5.696589777321332420e-06,5.708341343279379195e-06,5.715463223204928457e-06,5.715588199823562545e-06,5.718126905062252707e-06,5.716052129666883957e-06,5.716405912611492011e-06,5.709792644388823645e-06,5.698594950788561051e-06,5.762978203314699367e-06,5.845572913027314151e-06,5.824433319781668195e-06,5.880975080058999574e-06,5.966287019507296903e-06,5.934565587231030461e-06,5.982232995362306933e-06,6.069963586610538123e-06,6.027132616598301734e-06,6.064943737538629834e-06,6.097309136114144623e-06,6.187884023135783445e-06,6.127523891362069043e-06,6.148681457832276855e-06,6.240831423419741023e-06,6.168718446019410725e-06,6.177980215230221744e-06,6.180751799435304136e-06,6.274356682072572728e-06,6.184604123200940639e-06,6.174750132966760732e-06,6.269205131457136190e-06,6.168576920336254963e-06,6.146012853820207455e-06,6.116531027144195300e-06,6.130677001805349949e-06,6.095664968573416648e-06,6.053845037898186284e-06,6.149323915274239804e-06,6.025761069457330128e-06,5.972452781424570730e-06,6.068779597447220504e-06,5.939382619608077324e-06,5.875896043140051901e-06,5.806662865963843132e-06,5.903718923908929924e-06,5.768829230248984575e-06,5.692041722196227286e-06,5.791100270221787790e-06,5.657011676072292365e-06,5.575169826717386108e-06,5.489982264765377267e-06,5.547231301201196534e-06,5.463279785992127682e-06,5.377340376660967009e-06,5.483431060687474281e-06,5.364403078081583025e-06,5.281194815759517371e-06,5.392813039214358449e-06,5.287086048313829050e-06,5.210304905859691234e-06,5.135485895249307606e-06,5.255040345761835626e-06,5.173405567373079752e-06,5.110470340370986042e-06,5.238435311541549224e-06,5.178710889180454517e-06,5.131196508969998978e-06,5.089774809035767186e-06,5.229194208226835430e-06,5.204341724537115908e-06,5.182824371323633665e-06,5.332361499571722851e-06,5.334679139791124288e-06,5.335147569519902935e-06,5.494644697456278561e-06,5.524507611647875998e-06,5.548028845214684308e-06,5.581191489266936470e-06,5.752036631172338749e-06,5.819601707603639397e-06,5.875705223440412576e-06,6.053486456006842901e-06,6.144543496138226054e-06,6.221586246010931114e-06,6.307547263626724113e-06,6.490153825094078920e-06,6.608573423632806852e-06,6.710771238908813243e-06,6.892700093518722454e-06,7.023064443368179408e-06,7.136325786464606801e-06,7.254598753976371484e-06,7.448614959808849425e-06,7.566761045021531744e-06,7.687522797843005399e-06,7.849558511492692111e-06,7.982874703807394003e-06,8.099057078065975858e-06,8.243515593694995678e-06,8.364773294126679544e-06,8.469220428715067055e-06,8.570001031555360684e-06,8.683355738975570944e-06,8.779009737700969944e-06,8.858874734944528176e-06,8.943124825693647700e-06,9.011633180611812655e-06,9.065069398812799253e-06,9.109743135342984480e-06,9.150193520722311869e-06,9.176544813874942653e-06,9.189480156758375994e-06,9.194405873713331370e-06,9.194405873713331370e-06,9.185782996327374785e-06,9.165252677124115222e-06,9.134384327341120237e-06,9.090254496766672521e-06,9.036383263011403135e-06,8.972351668187359737e-06,8.896312328939305004e-06,8.807207211348689731e-06,8.712778944187470940e-06,8.606235186324122475e-06,8.486651741927705799e-06,8.365831176848067201e-06,8.238071692655326699e-06,8.098683840334430521e-06,7.945439179034855526e-06,7.798428741763060347e-06,7.640671502007893211e-06,7.468057512242578959e-06,7.307838611802305505e-06,7.145588382972943789e-06,6.951572177140465848e-06,6.784380421566977410e-06,6.617263157293728388e-06,6.442120095424833886e-06,6.246102564192262705e-06,6.080001948435109066e-06,5.907343486162384424e-06,5.710065415223865072e-06,5.550266578332899754e-06,5.394590579962151299e-06,5.234544733623759281e-06,5.042506258588103490e-06,4.898775025669781921e-06,4.752488721912963326e-06,4.568632187845615597e-06,4.439950884787622877e-06,4.317481808835274257e-06,4.195269682925188058e-06,4.026135030262966986e-06,3.921059788797520337e-06,3.818393302597783545e-06,3.662420345973000169e-06,3.575435509277520241e-06,3.493105330998166624e-06,3.351122087594496169e-06,3.282033804527090282e-06,3.218758145619228200e-06,3.163646012681306844e-06,3.039928669917252005e-06,2.992950450881859991e-06,2.956553109363390518e-06,2.846256170998862969e-06,2.813887921135389728e-06,2.785499375893516220e-06,2.771375974874914451e-06,2.676864955245543182e-06,2.660141570128132342e-06,2.660056756633911407e-06,2.576317760458104486e-06,2.568997818289920122e-06,2.563493851589744076e-06,2.506244818808680548e-06,2.506052840988855541e-06,2.506832552028942905e-06,2.529821837039625284e-06,2.465328509506423111e-06,2.470289826175810189e-06,2.499390046079127962e-06,2.441154763402874213e-06,2.448396396528591106e-06,2.454959517388760809e-06,2.488263986284478531e-06,2.436237608051646684e-06,2.442921206255227539e-06,2.477749902269378901e-06,2.429559757698742066e-06,2.435099866457454044e-06,2.438963125510217737e-06,2.424818330130734302e-06,2.428227035361719303e-06,2.429718641995729973e-06,2.461865563293913451e-06,2.419730599947061640e-06,2.418221745644318046e-06,2.447917810305153693e-06,2.407689803442840480e-06,2.402778779028590635e-06,2.395776108908388354e-06,2.420384043870446182e-06,2.382250438438094799e-06,2.371677351857776493e-06,2.392678271566417321e-06,2.355971179969406055e-06,2.341839176644186331e-06,2.325818747263684068e-06,2.340946085784502957e-06,2.306106252336272985e-06,2.286799071949909739e-06,2.298110149000246845e-06,2.264604878720683586e-06,2.242256592056609529e-06,2.249835430347840883e-06,2.217672558259624644e-06,2.192583781093898593e-06,2.196590052786410992e-06,2.198903013080322494e-06,2.198601796888519520e-06,2.199288784819446174e-06,2.198255301197042885e-06,2.198195481215984503e-06,2.195492209894713696e-06,2.191051229473433482e-06,2.184879020294634223e-06,2.185059233710127306e-06,2.177216947999936211e-06,2.167668007835432941e-06,2.167988342183142599e-06,2.156795528547066520e-06,2.143941148184035803e-06,2.144379721491456757e-06,2.129930066615250153e-06,2.113882401318605303e-06,2.096275391333780888e-06,2.096849488141402762e-06,2.077756580079787407e-06,2.057191759083016258e-06,2.057856362255617302e-06,2.035897541519602766e-06,2.012567912563359149e-06,1.987922855852758952e-06,1.988697652009712152e-06,1.962821165643151786e-06,1.935747130171205288e-06,1.936598113284482422e-06,1.908413409843837997e-06,1.879157763901248070e-06,1.848897397499724425e-06,1.849842078241293872e-06,1.818666664311106137e-06,1.786622436544444021e-06,1.787631477462689403e-06,1.754808482243242214e-06,1.721256260127760608e-06,1.722324415415197506e-06,1.688132324939607219e-06,1.653352297388854389e-06,1.618055328561859788e-06,1.619193786720117135e-06,1.583466603912099308e-06,1.547362776769328122e-06
4.063053599840617555e-06,4.158251334269836246e-06,4.157409353395836011e-06,4.251426381314527422e-06,4.344065211631788064e-06,4.435139785304727629e-06,4.434350942517966975e-06,4.523689506302010694e-06,4.611092449235746020e-06,4.610348148291333904e-06,4.695646688975712015e-06,4.778642826299873805e-06,4.777946970403235487e-06,4.858477426264775094e-06,4.936348417824312396e-06,5.011386464565744338e-06,5.010761231913788490e-06,5.082815980514528269e-06,5.151705019146995629e-06,5.151137485002703765e-06,5.216722559835231821e-06,5.278831756127997444e-06,5.337319708930179016e-06,5.336836469443122248e-06,5.391587889947174032e-06,5.442450894291713853e-06,5.442038013011972265e-06,5.488916420159603807e-06,5.531673683686455247e-06,5.570207030240789371e-06,5.569902054094996293e-06,5.604149101798045194e-06,5.633998704977456680e-06,5.633790691942696389e-06,5.659207945024985229e-06,5.680098477563596587e-06,5.680008636188642099e-06,5.696369544374554429e-06,5.708122036030731550e-06,5.715241592341750723e-06,5.715360659624981634e-06,5.717889485974452750e-06,5.715800424953015647e-06,5.716135018542114610e-06,5.709497093417021924e-06,5.698268637135205711e-06,5.682489142671363411e-06,5.683233473654652119e-06,5.742696996219949675e-06,5.798132592353953130e-06,5.799318544139372533e-06,5.850634852090697904e-06,5.897398727676652060e-06,5.899190607796149677e-06,5.941382015359363117e-06,5.978515388593009395e-06,5.926464087370189596e-06,6.013292113053729170e-06,6.039920824055343141e-06,6.060785399162235327e-06,6.064984381882222448e-06,6.080361740937615463e-06,6.089590194173130046e-06,6.009243120471246493e-06,6.099003246436705295e-06,6.096111607445097421e-06,6.086629246492431802e-06,6.095547745505915201e-06,6.080302938463400192e-06,6.058338250816830852e-06,5.951793704960269767e-06,6.042831879431018751e-06,6.008603711029420808e-06,5.893531259709840272e-06,5.985199213805775981e-06,5.939305999701325799e-06,5.886999094560790044e-06,5.909842645073241402e-06,5.853305149799501138e-06,5.790824677718399289e-06,5.661238340455690024e-06,5.754506003650913893e-06,5.683536040460753907e-06,5.607645275675746278e-06,5.647879079140340424e-06,5.570572783861263659e-06,5.489343610693904337e-06,5.360524471917213974e-06,5.458382368329055047e-06,5.374619827465679440e-06,5.252334964824768557e-06,5.354282763560519787e-06,5.271164534795887320e-06,5.187374807228542481e-06,5.266240990299332454e-06,5.187218672453944482e-06,5.109107801003352296e-06,5.016405959366018253e-06,5.131228411931869156e-06,5.062447338454613168e-06,4.997004497736875762e-06,5.111416479734403875e-06,5.055513982705249190e-06,5.004567139481662563e-06,4.961568188590198445e-06,5.095500021644726470e-06,5.062150405186658092e-06,5.035932283657962316e-06,5.188110147415826259e-06,5.174834662167519976e-06,5.169826558562286754e-06,5.337002605688267552e-06,5.345433363352213768e-06,5.362901737982091279e-06,5.409085656390548333e-06,5.574002090454545065e-06,5.614093609242004264e-06,5.663714379135311231e-06,5.857459729980286647e-06,5.919068574487795618e-06,5.989810616013142765e-06,6.092318960897696795e-06,6.270076113704384521e-06,6.358980487789640180e-06,6.455697033859438183e-06,6.656020299993207474e-06,6.758858744547056279e-06,6.867845117925135096e-06,7.002048210568211103e-06,7.174209873652382645e-06,7.289707744859237833e-06,7.425771099225865991e-06,7.587591463632689616e-06,7.703107925549875835e-06,7.819343763071084986e-06,7.980240380961277149e-06,8.088922826258273231e-06,8.195751755011174017e-06,8.310116459624950175e-06,8.428196263444071146e-06,8.518931699141317051e-06,8.604408934582456016e-06,8.703315350968992301e-06,8.771968457439615466e-06,8.833302058129239692e-06,8.890835801104151408e-06,8.940846647748986693e-06,8.973652369982536685e-06,8.997075300751542249e-06,9.015379866696264182e-06,9.016801090591709415e-06,9.016801090591709415e-06,9.008177431127833762e-06,8.989872865183111828e-06,8.958862219935299030e-06,8.917698999172956977e-06,8.864017150755088286e-06,8.800644317347060527e-06,8.728268122713335700e-06,8.646664518339617841e-06,8.547758101953081556e-06,8.447053653013613826e-06,8.338454676060689269e-06,8.213822003480351021e-06,8.085163019943503122e-06,7.954172008406936763e-06,7.817701181659704484e-06,7.656804563769512321e-06,7.508866941662922341e-06,7.357476872156444688e-06,7.184953554636696562e-06,7.019322379515992823e-06,6.858968488429539655e-06,6.674630944031356342e-06,6.503015465559791284e-06,6.339605945807243690e-06,6.177453850694402507e-06,5.977130584560631522e-06,5.816203150919692380e-06,5.658233877312954380e-06,5.466437384539764928e-06,5.304142864585036572e-06,5.154957621030149387e-06,5.010478884902494744e-06,4.816733534057519328e-06,4.680053015983416065e-06,4.548991631767968152e-06,4.372177818850110263e-06,4.243330405701111789e-06,4.128064583446406139e-06,4.018985114961648339e-06,3.851809067835669235e-06,3.753728639153536126e-06,3.661908404534313075e-06,3.509730540776449132e-06,3.429294549313201823e-06,3.354891583721504694e-06,3.219587774098265528e-06,3.155573759013900773e-06,3.097970808759537633e-06,3.045623015637067306e-06,2.931211033640010143e-06,2.889160012416317126e-06,2.851649200259785963e-06,2.746844845696441975e-06,2.724869264693589379e-06,2.700365792111400941e-06,2.679210199555310513e-06,2.600344016623968422e-06,2.586760359100783622e-06,2.575652469104574709e-06,2.496120639262616347e-06,2.505226481990840494e-06,2.501976690842540150e-06,2.431321932636538334e-06,2.449934996494034864e-06,2.452399810536129043e-06,2.455379873040128156e-06,2.415146093622048912e-06,2.421318784056695689e-06,2.427319711600287237e-06,2.371877423511233568e-06,2.403530874214156952e-06,2.410849909148814324e-06,2.417230182418697622e-06,2.394386888937533523e-06,2.401573458862889485e-06,2.407391567045920653e-06,2.361407554266966192e-06,2.395752546009169575e-06,2.399931810555636751e-06,2.356822916456941817e-06,2.390330448749941929e-06,2.392052294109525905e-06,2.391829974368370191e-06,2.382914130451595504e-06,2.381600195041563229e-06,2.378246974562445004e-06,2.339767119625511251e-06,2.367014904583809643e-06,2.360242139323678335e-06,2.351449245118431158e-06,2.347258628856417876e-06,2.336950442261369632e-06,2.324684474336661462e-06,2.289534959219796292e-06,2.307921506633797319e-06,2.292252928242065482e-06,2.274813672332625450e-06,2.273041835679907752e-06,2.254141774026973622e-06,2.233620087087761729e-06,2.232461438685197452e-06,2.210575346935143635e-06,2.187235865571356306e-06,2.186527531642669913e-06,2.192240377407118114e-06,2.196275063879527998e-06,2.198610114436718814e-06,2.198325292785448610e-06,2.199023534367753822e-06,2.197996652021684143e-06,2.197939210198241595e-06,2.195234470415467185e-06,2.190788504618424332e-06,2.184608081506640686e-06,2.184777104398796436e-06,2.176920871647039016e-06,2.167355420161099164e-06,2.167656846966718666e-06,2.156442876724291000e-06,2.143565219869886152e-06,2.143978510605069840e-06,2.129501667809510568e-06,2.113424998942177835e-06,2.095787250177418706e-06,2.096328945743150725e-06,2.077202040385221671e-06,2.056601687276816943e-06,2.057229280599591636e-06,2.035232026049738130e-06,2.011862590514626079e-06,1.987176403695240261e-06,1.987908793993223297e-06,1.961988672759934675e-06,1.934869819457558509e-06,1.935674847392376447e-06,1.907443096822787681e-06,1.878139357138958513e-06,1.847829895777436525e-06,1.848724525866333761e-06,1.817498151295004349e-06,1.785402098800167117e-06,1.786358496999088662e-06,1.753482087338825199e-06,1.719875725469399583e-06,1.720889062190420033e-06,1.686641520873766500e-06,1.651805456720733876e-06,1.616451911953224034e-06,1.617533301096374736e-06,1.581748602232640931e-06
4.157031171534679239e-06,4.156231310319817176e-06,4.250290075213828688e-06,4.342970226150620203e-06,4.434085670303103473e-06,4.433337214000393100e-06,4.522715646383015723e-06,4.610157906136632248e-06,4.609452336360750038e-06,4.694788988724546692e-06,4.777822584438575866e-06,4.777163499866890387e-06,4.857730006208075223e-06,4.935636293564931228e-06,5.010708847450495909e-06,5.010117299077261973e-06,5.082204874494592615e-06,5.151125847315641705e-06,5.150589318763983776e-06,5.216204433534635777e-06,5.278342665609283512e-06,5.336858609666493574e-06,5.336402274159080249e-06,5.391179465637383495e-06,5.442067058528959047e-06,5.441677529424896334e-06,5.488577992945166855e-06,5.531355951006665385e-06,5.569908556336252533e-06,5.569621319929583025e-06,5.603884494029526417e-06,5.633748503028341962e-06,5.633553052923691226e-06,5.658980886240666477e-06,5.679879856306076431e-06,5.679796126500411766e-06,5.696160610436416609e-06,5.707913901805133131e-06,5.715031207076057352e-06,5.715144658793650103e-06,5.717664147214087553e-06,5.715561618520301279e-06,5.715878151802124773e-06,5.709217048849002634e-06,5.697959703325155148e-06,5.682144937746363975e-06,5.682846860603621281e-06,5.662650106438753823e-06,5.638025081633187501e-06,5.718125507107645849e-06,5.768454796991884734e-06,5.733700383184486380e-06,5.816024014768470600e-06,5.857435312271793610e-06,5.812114418449166545e-06,5.843031884523517861e-06,5.927973057261026571e-06,5.871796723324142907e-06,5.892316380638898339e-06,5.978698659345373807e-06,5.993902162867910952e-06,5.921042085059309061e-06,5.924509579680128392e-06,6.012220828631443969e-06,5.928598166271811807e-06,5.920323678729015435e-06,6.008788053286704280e-06,5.993997809332373729e-06,5.894791174544284992e-06,5.868225562785325929e-06,5.957010169873842209e-06,5.848818189888680320e-06,5.810664229269800171e-06,5.899944475030780876e-06,5.784132628643676864e-06,5.735100137933994767e-06,5.825050477190537694e-06,5.769480000659696223e-06,5.644583909755378155e-06,5.580324028957604718e-06,5.670765745763013763e-06,5.543167068593853214e-06,5.471418825854683170e-06,5.563504690305278339e-06,5.486944628396221297e-06,5.358865141116076679e-06,5.278442717665109744e-06,5.372755337374201920e-06,5.249091375631563025e-06,5.167181017946172556e-06,5.265163349615304146e-06,5.149307382825036213e-06,5.069032556842158295e-06,5.171824507619092400e-06,5.091938506684417901e-06,4.991990196594638548e-06,4.918070359714742624e-06,5.027825196086592053e-06,4.944155999088898836e-06,4.880242432712274305e-06,4.997561156624217896e-06,4.938874537645433719e-06,4.882760825450743240e-06,4.837396784251012952e-06,4.965171240128434106e-06,4.932287848431010332e-06,4.904647545016160975e-06,5.041909303428266139e-06,5.023800623928961690e-06,5.026269033918563458e-06,5.173122266412935925e-06,5.176050834038028852e-06,5.204523924021184995e-06,5.227006324547809834e-06,5.385257406520936905e-06,5.438982817250427585e-06,5.483360557908911089e-06,5.649178032002713034e-06,5.704600851955370365e-06,5.791186106710407301e-06,5.864900758511165700e-06,6.037226726048141275e-06,6.142572734804131413e-06,6.233399960387100164e-06,6.407140554636757411e-06,6.505127968956439539e-06,6.630179111042973998e-06,6.739570924779137970e-06,6.909285625801656455e-06,7.040327803585710912e-06,7.155328986124563637e-06,7.316496382357276764e-06,7.446923692415945462e-06,7.561251367473179931e-06,7.708891527795326957e-06,7.818447241532496710e-06,7.938956176881324214e-06,8.043964134885376541e-06,8.166280823061215554e-06,8.270311592863068925e-06,8.359232008381820014e-06,8.456810573014628466e-06,8.531685585190581248e-06,8.605691332501678916e-06,8.665603462549791879e-06,8.724676016370159232e-06,8.770054895464039874e-06,8.802115417942103388e-06,8.828920106864630225e-06,8.841011811375186784e-06,8.844219082966546264e-06,8.844219082966546264e-06,8.837550383243078975e-06,8.818350753764607860e-06,8.788271476095624587e-06,8.748400765927649396e-06,8.697857366021096109e-06,8.635074963215760938e-06,8.564872751830372534e-06,8.483458803760872673e-06,8.395039773431987916e-06,8.292199341882416938e-06,8.186676998815825394e-06,8.069986366916616401e-06,7.940961081620037893e-06,7.813506788160288577e-06,7.675503745818416747e-06,7.537309740491180849e-06,7.380519969710675694e-06,7.232835475285577645e-06,7.075678837768107335e-06,6.903771918017505486e-06,6.747004158009904350e-06,6.581868359264800847e-06,6.400034034134287893e-06,6.239873313293254913e-06,6.072571584207314215e-06,5.914881942235249676e-06,5.727668260304897851e-06,5.572186131641248381e-06,5.411345149690208561e-06,5.225309515186047051e-06,5.077956746694677057e-06,4.926760095418184163e-06,4.788891101758004510e-06,4.610242690262293055e-06,4.480064273189853110e-06,4.348349568980498835e-06,4.178747654494415434e-06,4.063703084847650768e-06,3.948942718568083566e-06,3.846716435147708526e-06,3.692075314892583208e-06,3.595829093485923238e-06,3.510527011665627646e-06,3.368681133557256299e-06,3.293324149417536548e-06,3.223190825636499494e-06,3.094604307075584604e-06,3.035745612602471957e-06,2.984259033003850931e-06,2.936990175664975540e-06,2.825342872090348301e-06,2.786450889111711326e-06,2.758264082412205475e-06,2.658870626327268152e-06,2.633003631543344711e-06,2.620059601202418857e-06,2.602263398399676362e-06,2.517091643377800702e-06,2.504894271052849364e-06,2.508949023422254692e-06,2.433390396265514932e-06,2.429305148305861706e-06,2.443552794955716020e-06,2.376303704272503529e-06,2.378250090016297509e-06,2.400497317018981628e-06,2.404864879158317041e-06,2.346280959858909145e-06,2.352313540825892171e-06,2.381404768346371797e-06,2.328294522967626343e-06,2.336016906152100729e-06,2.368365679285000084e-06,2.375354114020262238e-06,2.327643659638620532e-06,2.334398815453049635e-06,2.367820240862748962e-06,2.323444155279720603e-06,2.328884669249304272e-06,2.362038258406031253e-06,2.320316268337274731e-06,2.323586871647151802e-06,2.355396109594209390e-06,2.355386266584145980e-06,2.316275725007952888e-06,2.314812184948279637e-06,2.342740040638175810e-06,2.305299988082112366e-06,2.300591409938042520e-06,2.325540916708120171e-06,2.316994950413256053e-06,2.281408058986119240e-06,2.271374372072768779e-06,2.291029266435200267e-06,2.256715139068607865e-06,2.243341172243319994e-06,2.259418608431473155e-06,2.242353601329602594e-06,2.209724453527337590e-06,2.222181745919084787e-06,2.202087462186906395e-06,2.170668889503207386e-06,2.179559247304908923e-06,2.186836821074557980e-06,2.186169060974479562e-06,2.191915157350351420e-06,2.195976516862330113e-06,2.198332324160397261e-06,2.198062928019837046e-06,2.198771780355368583e-06,2.197751148941855511e-06,2.197695998156501441e-06,2.194989940441004829e-06,2.190539355172676311e-06,2.184351280028481568e-06,2.184509853435727368e-06,2.176640579146781039e-06,2.167059673523615977e-06,2.167343390482556410e-06,2.156109592050898690e-06,2.143210109222977834e-06,2.143599682366899536e-06,2.129097324279950855e-06,2.112993425981572809e-06,2.095326808512220647e-06,2.095838063726241834e-06,2.076679208022536500e-06,2.056045451350358774e-06,2.056638240734204499e-06,2.034604831586998725e-06,2.011197938072054811e-06,1.986473035302652572e-06,1.987165495710553588e-06,1.961204273692282676e-06,1.934043191093572690e-06,1.934804903201517806e-06,1.906528792055482059e-06,1.877179688781296849e-06,1.846823902618909540e-06,1.847671288645199966e-06,1.816396792891313390e-06,1.784251784451273762e-06,1.785158434516740988e-06,1.752231527310640911e-06,1.718573961430812853e-06,1.719535430756038524e-06,1.685235401819544572e-06,1.650346273010513940e-06,1.614939129705031842e-06,1.615966429485423095e-06
4.155119579286489639e-06,4.249217889135863132e-06,4.341937173991212298e-06,4.433091309617329137e-06,4.432381070902926381e-06,4.521797215548871646e-06,4.609276650829381484e-06,4.608607688480931917e-06,4.693980348869077556e-06,4.777049321959665290e-06,4.776424952916396060e-06,4.857025481750255875e-06,4.934965067337168867e-06,5.010070163847702928e-06,5.009510370931361206e-06,5.081628882715523595e-06,5.150579940354843220e-06,5.150072611855141488e-06,5.215716007659570191e-06,5.277881566129215881e-06,5.336423844550443458e-06,5.335992811731760761e-06,5.390794231758697630e-06,5.441704933105889208e-06,5.441337342144282783e-06,5.488258518102502966e-06,5.531055901291539725e-06,5.569626575419501910e-06,5.569355973680451054e-06,5.603634260173354815e-06,5.633511759036296553e-06,5.633328061906111762e-06,5.658765780594608545e-06,5.679672618845788236e-06,5.679594568776873630e-06,5.695962347928882663e-06,5.707716325643995162e-06,5.714831451932656713e-06,5.714939566548998337e-06,5.717450225995382367e-06,5.715334996671817026e-06,5.715634526336085788e-06,5.708951627902864135e-06,5.697667142134904523e-06,5.681819267631546998e-06,5.682481410449551221e-06,5.662237416155491494e-06,5.637556807070056979e-06,5.638608511968740315e-06,5.609727839886970262e-06,5.654002943023489680e-06,5.734589686770705300e-06,5.695607720620678844e-06,5.730936381156346393e-06,5.761339148689692691e-06,5.763947402083203827e-06,5.789523528422214601e-06,5.809759998386726231e-06,5.813455569461118369e-06,5.828584850531098421e-06,5.838017643557888504e-06,5.841577819619219424e-06,5.847307374132925486e-06,5.845472705457322158e-06,5.837525273371806912e-06,5.845349508136057403e-06,5.832003954549733668e-06,5.812413320199741875e-06,5.786517725802770628e-06,5.798118770526516236e-06,5.767039255787397382e-06,5.729716815900267351e-06,5.745060217710915872e-06,5.702981566546032709e-06,5.654881491344602377e-06,5.674902885647903823e-06,5.622689825206387424e-06,5.564853121450254296e-06,5.501595283505640466e-06,5.529549811212149263e-06,5.463433976163516822e-06,5.392573433407560410e-06,5.427912581176368303e-06,5.355399958948475795e-06,5.279013833180882484e-06,5.199183511893458959e-06,5.246460895443962791e-06,5.167030842038507497e-06,5.085302134142131864e-06,5.143157487506070629e-06,5.063520654483150615e-06,4.982889032975355258e-06,5.052686266605425134e-06,4.975956408872979826e-06,4.899657057964924098e-06,4.824471674049818758e-06,4.912105064273306720e-06,4.843489783151580969e-06,4.777515177465201396e-06,4.879668524882255765e-06,4.822053235342361233e-06,4.768585348332120949e-06,4.719976427981807595e-06,4.842346228662421880e-06,4.804391093802664399e-06,4.772656418676718490e-06,4.910209808157958110e-06,4.890284288748219960e-06,4.877724274608401397e-06,5.018130405552932457e-06,5.029756378197786903e-06,5.037899791479056699e-06,5.054651833087387695e-06,5.223973038924312959e-06,5.253399911232718662e-06,5.291739022730680242e-06,5.471389141515050382e-06,5.521591641196561893e-06,5.580553785668273365e-06,5.648224189112850151e-06,5.836785075691591315e-06,5.914207422140663462e-06,5.999495168938184866e-06,6.190204162885454467e-06,6.282740744754239212e-06,6.381828169309521556e-06,6.486920511110260888e-06,6.673384173206255489e-06,6.781423422571439380e-06,6.893568894570123879e-06,7.071039036988940907e-06,7.182372653542438894e-06,7.295627185932955878e-06,7.458967686072808369e-06,7.567426178026371153e-06,7.675465080283397736e-06,7.782164035981235879e-06,7.918918354187317086e-06,8.015413309484541225e-06,8.108247789186333023e-06,8.219790027545523085e-06,8.298808715885719079e-06,8.372066306589735914e-06,8.438805450930539031e-06,8.511025764246225899e-06,8.559924684599932426e-06,8.600740519141312839e-06,8.640406227337916312e-06,8.661410941233589213e-06,8.673291274941770975e-06,8.678977479750387737e-06,8.675735150714169509e-06,8.670048945905551053e-06,8.651513131987669612e-06,8.623340689422618395e-06,8.583674981226014923e-06,8.534838463743119245e-06,8.476726618420619069e-06,8.404506305104930507e-06,8.327025130373837524e-06,8.241163370496941393e-06,8.147351036410165501e-06,8.035808798050975439e-06,7.925671904760561818e-06,7.809057347936467641e-06,7.672303029730386434e-06,7.542372985362103761e-06,7.407714921258631823e-06,7.268994145328301954e-06,7.105653645188448616e-06,6.958264118366178704e-06,6.808722548120420745e-06,6.631252405701602869e-06,6.476658798305657777e-06,6.321800389098059956e-06,6.135336727002065356e-06,5.978962630242482685e-06,5.824080881359062623e-06,5.671230702229463555e-06,5.480521708282195648e-06,5.330438627962239878e-06,5.183821226665516275e-06,4.995260340086774264e-06,4.854121159980105239e-06,4.717585299469868320e-06,4.585913844384042444e-06,4.406263725599672304e-06,4.282808568632960246e-06,4.164902161427249595e-06,3.995580955590324331e-06,3.887301495818462583e-06,3.784926585948174344e-06,3.683936686526952207e-06,3.536326831611731378e-06,3.450370820630470825e-06,3.370235211866180419e-06,3.232681822384940798e-06,3.163224644693941572e-06,3.099278355864518736e-06,2.976908555183921815e-06,2.923330196824619061e-06,2.874747190775995743e-06,2.830864926173516718e-06,2.728711578757564338e-06,2.694150088244327258e-06,2.663586766251420408e-06,2.575953376041646332e-06,2.553698672325847702e-06,2.534659868404178034e-06,2.518497069271720508e-06,2.448699835859344876e-06,2.439206111892501798e-06,2.431783416058715197e-06,2.373928063909234061e-06,2.371937036802867158e-06,2.371235697421132557e-06,2.323958319182880557e-06,2.327468121114963582e-06,2.331540800613928020e-06,2.335916883369391800e-06,2.300577763551067310e-06,2.307622353357675993e-06,2.314360735244798661e-06,2.286406287939115462e-06,2.294817994226122520e-06,2.302408312458544515e-06,2.309019767990840998e-06,2.288998641861241994e-06,2.296164652906897665e-06,2.301978195192870184e-06,2.286635375884559840e-06,2.292343336643843007e-06,2.296421733707708844e-06,2.284821843064905868e-06,2.288275488344202205e-06,2.289912704320046116e-06,2.289708382768547285e-06,2.281886691976773217e-06,2.280590100983288686e-06,2.277376143897400451e-06,2.271650848635269835e-06,2.267117647664858635e-06,2.260657053224614687e-06,2.252307516651281269e-06,2.248619706363577954e-06,2.238827242036333893e-06,2.227208362175631524e-06,2.224611613025535437e-06,2.211526336193022875e-06,2.196716111785413597e-06,2.210590020097491233e-06,2.178688535593321608e-06,2.160852955698430813e-06,2.171218720348214184e-06,2.170191717983082017e-06,2.179136247216645096e-06,2.186459492060823069e-06,2.185829777484308257e-06,2.191607073724628261e-06,2.195693481017918523e-06,2.198068799349502496e-06,2.197813922141528033e-06,2.198532782301699491e-06,2.197518071470961903e-06,2.197465126798647935e-06,2.194757887960207513e-06,2.190303021125536072e-06,2.184107814982762088e-06,2.184256627433423258e-06,2.176375154019568480e-06,2.166779778692215090e-06,2.167046901895363324e-06,2.155794513940944412e-06,2.142874558385616925e-06,2.143241874683404964e-06,2.128715563234231150e-06,2.112586092938397155e-06,2.094892354545549837e-06,2.095375002805420377e-06,2.076186111382180246e-06,2.055520942886735501e-06,2.056080993286719462e-06,2.034013563978126219e-06,2.010571412792647420e-06,1.985810056742101828e-06,1.986464908842772085e-06,1.960464963138979655e-06,1.933264080495860623e-06,1.933984954839556063e-06,1.905667006663704930e-06,1.876275105513814786e-06,1.845875599126010636e-06,1.846678381227526463e-06,1.815358436703327894e-06,1.783167173730099163e-06,1.784026802816406156e-06,1.751052147725251638e-06,1.717346146793214543e-06,1.718258533801212866e-06,1.683908815304299112e-06,1.648969429783040212e-06,1.613511502719633576e-06
4.248205951815659195e-06,4.340962304345804670e-06,4.432153073649624318e-06,4.431479005424070239e-06,4.520930828208762927e-06,4.608445420171187700e-06,4.607811064012523025e-06,4.693217751142423437e-06,4.776320142647173746e-06,4.775728554870683694e-06,4.856361199031124397e-06,4.934332205186357583e-06,5.009467998588445032e-06,5.008938149765694723e-06,5.081085823387793991e-06,5.150065230644677107e-06,5.149585408857504189e-06,5.215255436803111307e-06,5.277446719877072370e-06,5.336013780719799111e-06,5.335606551359870358e-06,5.390430756433564254e-06,5.441363181669423968e-06,5.441016206664435303e-06,5.487956838998563899e-06,5.530772461483502923e-06,5.569360093358059001e-06,5.569105095098834477e-06,5.603397548385835791e-06,5.633287683590810801e-06,5.633114985380063629e-06,5.658561943303709627e-06,5.679476121215672048e-06,5.679403351106461216e-06,5.695774167253130452e-06,5.707528729381941890e-06,5.714641747984761585e-06,5.714744789486006594e-06,5.717247098959484658e-06,5.715119888590189545e-06,5.715403404027349435e-06,5.708700002638966801e-06,5.697390010204962328e-06,5.681511044440892064e-06,5.682135857677007320e-06,5.661847561485653745e-06,5.637114856015568774e-06,5.638105751301106308e-06,5.609154532204050488e-06,5.575939851371172466e-06,5.577431144837804162e-06,5.616724169527276157e-06,5.651435596955888288e-06,5.604026792642461611e-06,5.683787664977085373e-06,5.708963553564401902e-06,5.651311889851348404e-06,5.732393849221218305e-06,5.747349870889432739e-06,5.679425012624445275e-06,5.683467865218823009e-06,5.765766331848252540e-06,5.764120619669402459e-06,5.680862760785368646e-06,5.763830050162011290e-06,5.750890670800849855e-06,5.658205533893484178e-06,5.634251830011950323e-06,5.717472472116027405e-06,5.687108310978488238e-06,5.581377553635314347e-06,5.664986362097027040e-06,5.623752899352211311e-06,5.511215682435277301e-06,5.595344814791182732e-06,5.544040889384405760e-06,5.426393724072887122e-06,5.366717679086384735e-06,5.451139828760723941e-06,5.385943035761177592e-06,5.263388444676284959e-06,5.349147263895530013e-06,5.277394969228169853e-06,5.155295290303437768e-06,5.079415942296537382e-06,5.166951757275037582e-06,5.087923662947518680e-06,4.970189345844969646e-06,5.060853479479951339e-06,4.981171218016549587e-06,4.871174420014299619e-06,4.966006188123631631e-06,4.888665130319012748e-06,4.789646302347937726e-06,4.717020666699590884e-06,4.817929825611939956e-06,4.747773787969625279e-06,4.668816206104689681e-06,4.776496072072292642e-06,4.716555197686354057e-06,4.656062188009256204e-06,4.607690440648266498e-06,4.724853865266065017e-06,4.683433427094617968e-06,4.652634339856754645e-06,4.778619996771540695e-06,4.754444378580899855e-06,4.747193031319639606e-06,4.882304277857146508e-06,4.877306663440540997e-06,4.880242630545904411e-06,4.907370950652071044e-06,5.053697176167351181e-06,5.077475116252312513e-06,5.128517722700319875e-06,5.282757719802067457e-06,5.327131738850138946e-06,5.400346654237933916e-06,5.462488397255806440e-06,5.624422946742717353e-06,5.696195286516676372e-06,5.796615141807069388e-06,5.961581937961361890e-06,6.049100437514059240e-06,6.163316015555402997e-06,6.263234564923352350e-06,6.427202594728314444e-06,6.531609786664290663e-06,6.657995768180664011e-06,6.816433684938631383e-06,6.925646042360498244e-06,7.052542833932633753e-06,7.200964933160965823e-06,7.309110423652282543e-06,7.430230461882858087e-06,7.536684708258788251e-06,7.664959261845976499e-06,7.763869970601720792e-06,7.868853198346232350e-06,7.976459909760053607e-06,8.060029758166150244e-06,8.145255233106856905e-06,8.216906698566703578e-06,8.291191325640139326e-06,8.347368766559809473e-06,8.399767273667465141e-06,8.445182141792840163e-06,8.475214586752880100e-06,8.498567114247033101e-06,8.513194002717100765e-06,8.514620401205164475e-06,8.514620401205164475e-06,8.506875747710022863e-06,8.489293637148060382e-06,8.462249796794614164e-06,8.424914620447306767e-06,8.376289287187657138e-06,8.318815254844202524e-06,8.253043091221331555e-06,8.174817057058837873e-06,8.091428735957784932e-06,7.997478830992015925e-06,7.898469866201795027e-06,7.785169042929740370e-06,7.667874176988312345e-06,7.548098567198698877e-06,7.412691212678661513e-06,7.281480808890526736e-06,7.140849406063858830e-06,7.001671283450399113e-06,6.843865626804102201e-06,6.691473684901042362e-06,6.543354067446988849e-06,6.374164955200279171e-06,6.215444733594170940e-06,6.063660239681845788e-06,5.887836656971777785e-06,5.735760309390752511e-06,5.577667815393133201e-06,5.429609121028578911e-06,5.251895316903414015e-06,5.099338049850573429e-06,4.958429770302126518e-06,4.783814282935101267e-06,4.648679747421683887e-06,4.510691587954047030e-06,4.385395952466765242e-06,4.219737066875971838e-06,4.095714584751774760e-06,3.984344186711800854e-06,3.828256882372109536e-06,3.720416752441913376e-06,3.624466825219574683e-06,3.534270913770335840e-06,3.393075169419441602e-06,3.309417470954582499e-06,3.235192938389133676e-06,3.106290644351810222e-06,3.040602701414257669e-06,2.982024609665612261e-06,2.865591763169146989e-06,2.815752577021073785e-06,2.773582954862011249e-06,2.734189505991290657e-06,2.633385176762677434e-06,2.607151380204339101e-06,2.580390830880758285e-06,2.490737660239104229e-06,2.470443355932318080e-06,2.462936656939720106e-06,2.449682287498448648e-06,2.372812460431871031e-06,2.377002228092766518e-06,2.371874887120303417e-06,2.303572158345986562e-06,2.317432345731334126e-06,2.318481403037795775e-06,2.257532964060853942e-06,2.261199325066357870e-06,2.284389121642234698e-06,2.289932305766519569e-06,2.236591566276809528e-06,2.264747621482453820e-06,2.272303681656684260e-06,2.223750561693175673e-06,2.231788084510715061e-06,2.263267469746996709e-06,2.270379692442902437e-06,2.226523542743654951e-06,2.259148002222380409e-06,2.265292544344708311e-06,2.224336402824526166e-06,2.256857862457273040e-06,2.261158950890736892e-06,2.222510805461635520e-06,2.225628798069899686e-06,2.255703793579608503e-06,2.255678997396973214e-06,2.219306781143453508e-06,2.247200112311596146e-06,2.244158485873112784e-06,2.209252182686626229e-06,2.204730271455894361e-06,2.228148850014804297e-06,2.220022435409017058e-06,2.186759367996387787e-06,2.206997726267227261e-06,2.195641957412698848e-06,2.163517033033911782e-06,2.180394614084624163e-06,2.165896017078363825e-06,2.149779412880109169e-06,2.148305514711409980e-06,2.160273393177778061e-06,2.170708632988693491e-06,2.169741239314123803e-06,2.178736526162800723e-06,2.186102587559597698e-06,2.185508562019239942e-06,2.191315145300763481e-06,2.195425083096727579e-06,2.197818748256303045e-06,2.197577541459836494e-06,2.198305843774885120e-06,2.197296741941436091e-06,2.197245920727929985e-06,2.194537625088965905e-06,2.190078788850582576e-06,2.183876935047445112e-06,2.184016626548517501e-06,2.176123738053175604e-06,2.166514810089017730e-06,2.166766380007544274e-06,2.155496557974894744e-06,2.142557392690021473e-06,2.142903816125221675e-06,2.128355010429307518e-06,2.112201517122922028e-06,2.094482291893057592e-06,2.094938048011676776e-06,2.075720912356846438e-06,2.055026196406286517e-06,2.055555441477625677e-06,2.033455991512807949e-06,2.009980644693240043e-06,1.985184956698565566e-06,1.985804377962481635e-06,1.959767939054586741e-06,1.932529536767051138e-06,1.933211900592304671e-06,1.904854486417876115e-06,1.875422199156472850e-06,1.844981421993658970e-06,1.845742084265733028e-06,1.814379206676870490e-06,1.782144233460911600e-06,1.782959411430293961e-06,1.749939600891577818e-06,1.716187776944622045e-06,1.717053710322937715e-06,1.682656944684814795e-06,1.647669955719658758e-06
4.340042109690049073e-06,4.431267569105850978e-06,4.430627738962849473e-06,4.520113320757583059e-06,4.607661165690770190e-06,4.607059529587036555e-06,4.692498377074986034e-06,4.775632342549980472e-06,4.775071715736890100e-06,4.855734681272980790e-06,4.933735342621175388e-06,5.008900098350627334e-06,5.008398492119324301e-06,5.080573661410011556e-06,5.149579789745402607e-06,5.149125886095694874e-06,5.214820999953923499e-06,5.277036506197714974e-06,5.335626895354664600e-06,5.335242065317554969e-06,5.390087704059650326e-06,5.441040557529341943e-06,5.440712961740281557e-06,5.487671876092451992e-06,5.530504629707790459e-06,5.569108181579620090e-06,5.568867824190433671e-06,5.603173562122612688e-06,5.633075538013900129e-06,5.632913136432522234e-06,5.658368732526213690e-06,5.679289759271000358e-06,5.679221898882649205e-06,5.695595514275559908e-06,5.707350569244583651e-06,5.714461550490609692e-06,5.714559769166559244e-06,5.717054179623307600e-06,5.714915663531347025e-06,5.715184091506215614e-06,5.708461396231049200e-06,5.697127423598246775e-06,5.681219250249400460e-06,5.681809019828293365e-06,5.661479160733356600e-06,5.636697608125599284e-06,5.637631517462222394e-06,5.608614221221088933e-06,5.575323313212968626e-06,5.576727055132418249e-06,5.539455431658346057e-06,5.498144887300987034e-06,5.527202752533238605e-06,5.605281830901728284e-06,5.554069002548317358e-06,5.573677381131749728e-06,5.653019445017215141e-06,5.591783549962138707e-06,5.601346574338733366e-06,5.605460564632274986e-06,5.610500742184796593e-06,5.609575188242487570e-06,5.602972160506846084e-06,5.684059006260511844e-06,5.598183768303937043e-06,5.580709425471728299e-06,5.557363088812291335e-06,5.567546925319259765e-06,5.539302756996663748e-06,5.505224558128581900e-06,5.586755596279276814e-06,5.480074166016822015e-06,5.435803590592474357e-06,5.517720866963968185e-06,5.405120777484881908e-06,5.351546147554415390e-06,5.292823549824899281e-06,5.317378602988804448e-06,5.255761583589865928e-06,5.189581443720010152e-06,5.272691684876123706e-06,5.152643696879874659e-06,5.080828286907699172e-06,5.005585568266009150e-06,5.047248256572592011e-06,4.971993239996077432e-06,4.894323336818698675e-06,4.981641811977127073e-06,4.869254612478788984e-06,4.791839237867438333e-06,4.882930370324741555e-06,4.779376982124814616e-06,4.705141910319169477e-06,4.631550465262574322e-06,4.709479834018249201e-06,4.641493558037598180e-06,4.575545969122780663e-06,4.678478538067205334e-06,4.608083924599498263e-06,4.552865859196740334e-06,4.501742947518042458e-06,4.611645698400790994e-06,4.570040396166535862e-06,4.533831525116732589e-06,4.654130097934061619e-06,4.632540240797668264e-06,4.613583551932501444e-06,4.742732304839365398e-06,4.744322931994253103e-06,4.744325418013137615e-06,4.752164123790016180e-06,4.892384212108451410e-06,4.927269769617752303e-06,4.955413392244625978e-06,5.103670297195647755e-06,5.161164306026049370e-06,5.209189155178649175e-06,5.265561917477154684e-06,5.442047997694565419e-06,5.508461161191847778e-06,5.582650161818288758e-06,5.742881411870700015e-06,5.845371615347172573e-06,5.934360097355254807e-06,6.029696878528503618e-06,6.209374914640612347e-06,6.309144969776674413e-06,6.413685751097699936e-06,6.570166058565254431e-06,6.693262051506988630e-06,6.801837462064366441e-06,6.949928956883796455e-06,7.071367968564644469e-06,7.178301322530765119e-06,7.285195058073537501e-06,7.427273695556347331e-06,7.526693995044774797e-06,7.623890850684430174e-06,7.735531528341749744e-06,7.831003514773648454e-06,7.912900951915390873e-06,7.989741335818584969e-06,8.076522901133859631e-06,8.138161657863081255e-06,8.193053314528120183e-06,8.246750889574199837e-06,8.288119506352482311e-06,8.317479159131927800e-06,8.341843351098227589e-06,8.354438778477086926e-06,8.355949459856461972e-06,8.355949459856461972e-06,8.348516745990089037e-06,8.332569873999254870e-06,8.305331735740183497e-06,8.269140183049247261e-06,8.223272903094390140e-06,8.166332964823911272e-06,8.102489622726046758e-06,8.030388945314358745e-06,7.943607379999084083e-06,7.854498481412148264e-06,7.758234487515253483e-06,7.651847372925257764e-06,7.534372823752022543e-06,7.417769730937366088e-06,7.296023698317641903e-06,7.153945060834832073e-06,7.021559595358527768e-06,6.885741182994672148e-06,6.741251749755264903e-06,6.583727611546218152e-06,6.438892536594236297e-06,6.286335245584869591e-06,6.119130717207485732e-06,5.970361598779124066e-06,5.822238264722186032e-06,5.642560228610076456e-06,5.494699996608565724e-06,5.349011046720628944e-06,5.198161586967046336e-06,5.025444532099816436e-06,4.886337824738972831e-06,4.751045405483284155e-06,4.574559325265873420e-06,4.445495019256846516e-06,4.321152205801515484e-06,4.194889641371299717e-06,4.035677299055164807e-06,3.924656026489714034e-06,3.813270143828489479e-06,3.663800485078715550e-06,3.567646825863623223e-06,3.477093780704330782e-06,3.388614442939167394e-06,3.253916265122048462e-06,3.178910057913042778e-06,3.107786402429117620e-06,2.985087461684617932e-06,2.925412405135242764e-06,2.870748116944983356e-06,2.760845366062285219e-06,2.715697275867516811e-06,2.675023645280780326e-06,2.643047508724117779e-06,2.547347296742706217e-06,2.519274130386510166e-06,2.494709286588704872e-06,2.416779917857506281e-06,2.399627147096592436e-06,2.385245346905042428e-06,2.384568410552501354e-06,2.311519883819801726e-06,2.305458364577503193e-06,2.315024623435433302e-06,2.250021342450625946e-06,2.250394680535255637e-06,2.251777403602977834e-06,2.210114721892296861e-06,2.215101156472719493e-06,2.220444499956614563e-06,2.245894782260218988e-06,2.194839166350677699e-06,2.202526674612233371e-06,2.209800255102009634e-06,2.185245289411826698e-06,2.193850192587737980e-06,2.201587899081711215e-06,2.233028483611658725e-06,2.190749267410286389e-06,2.197828164527299653e-06,2.229713901504409326e-06,2.190113568411001232e-06,2.195631039044467785e-06,2.199581402014028729e-06,2.189398696566040870e-06,2.192665396856830611e-06,2.194207043778291485e-06,2.222500468795246100e-06,2.187132295846144553e-06,2.185845923048978975e-06,2.182756027957585920e-06,2.177719860223760657e-06,2.173353981402939136e-06,2.167182872792369990e-06,2.188458450788653887e-06,2.155993449016895808e-06,2.146681162105923359e-06,2.164759042305510684e-06,2.133370131493476680e-06,2.120965783048890075e-06,2.135727588098786342e-06,2.149071011991423558e-06,2.147683865353270353e-06,2.159727066003149244e-06,2.170227364868958969e-06,2.169315817782522725e-06,2.178358682958109476e-06,2.185764900862821264e-06,2.185204366954939666e-06,2.191038452260452474e-06,2.195170503433766003e-06,2.197581426899167084e-06,2.197353095992822693e-06,2.198090309541580658e-06,2.197086522736012046e-06,2.197037744651899433e-06,2.194328505165980618e-06,2.189865988008619261e-06,2.183657935095899727e-06,2.183789100796925032e-06,2.175885527238082655e-06,2.166263901295741699e-06,2.166500888293788900e-06,2.155214710423291083e-06,2.142257514636424612e-06,2.142584319328816082e-06,2.128014382969184914e-06,2.111838314823640136e-06,2.094095131098721912e-06,2.094525599544236693e-06,2.075281896509538421e-06,2.054559378837442856e-06,2.055059629883430811e-06,2.032930032970009575e-06,2.009423423574296947e-06,1.984595393072348195e-06,1.985181426403354790e-06,1.959110587791632741e-06,1.931836807113304716e-06,1.932482846601262901e-06,1.904088194721216856e-06,1.874617788942955150e-06,1.844138045094587425e-06,1.844858925317231291e-06,1.813455483333543006e-06,1.781179196639335083e-06,1.781952345564196233e-06,1.748889824183596756e-06,1.715094641602192821e-06,1.715916602768200687e-06,1.681475285730473950e-06
4.430431622527007497e-06,4.429824206075125319e-06,4.519341735971111801e-06,4.606921038435609744e-06,4.606350344418519755e-06,4.691819593781908760e-06,4.774983396255432457e-06,4.774452016979389669e-06,4.855143616053178567e-06,4.933172272396613700e-06,5.008364359957993600e-06,5.007889397600087607e-06,5.080090497711464913e-06,5.149121818264681402e-06,5.148692342029500358e-06,5.214411091411193095e-06,5.276649413026452845e-06,5.335261767627472149e-06,5.334898021413053785e-06,5.389763828268931391e-06,5.440735897107749730e-06,5.440426523315268422e-06,5.487402621327789310e-06,5.530251470113192981e-06,5.568869972342724010e-06,5.568643356895077157e-06,5.602961556203549071e-06,5.632874630783361031e-06,5.632721871498559053e-06,5.658185546406466727e-06,5.679112965988552557e-06,5.679049672313058238e-06,5.695425867996006193e-06,5.707181333617678567e-06,5.714290346696703229e-06,5.714383979879767689e-06,5.716870916008074989e-06,5.714721728218464770e-06,5.714975937190199320e-06,5.708235079514872917e-06,5.696878553697167469e-06,5.680942932153325234e-06,5.681499791512359565e-06,5.661130923999628834e-06,5.636303552655613566e-06,5.637184037661079156e-06,5.608104825439647969e-06,5.574742524945962855e-06,5.576064305807816456e-06,5.538698944657654584e-06,5.497281552882207546e-06,5.451937355211740801e-06,5.454103146698472036e-06,5.478286357148975396e-06,5.497629059957852971e-06,5.500689146003652330e-06,5.515366216219792356e-06,5.524877481455506558e-06,5.456473660809491532e-06,5.533792605149628823e-06,5.533028208978896547e-06,5.455243891063170828e-06,5.533158285219651739e-06,5.521858038821868503e-06,5.504866872785065408e-06,5.413557020112175624e-06,5.491669034187480985e-06,5.464078275420253688e-06,5.364971181579920101e-06,5.443381356403080081e-06,5.405547396929388840e-06,5.362147334750765799e-06,5.378618906474215021e-06,5.331216632616064924e-06,5.278559479895161176e-06,5.164898355621326991e-06,5.243831617493494426e-06,5.183100791033779238e-06,5.066971794317066354e-06,5.146978549256204622e-06,5.079728440954798068e-06,5.008654700294106359e-06,4.891840654396957536e-06,4.973237770460329042e-06,4.898454302442112467e-06,4.785148245771786488e-06,4.869198083055606694e-06,4.793125323243801031e-06,4.715664125347125752e-06,4.773831100089094829e-06,4.699165124931234751e-06,4.624345156163980322e-06,4.530534627707968355e-06,4.623457083366881452e-06,4.554251398130447994e-06,4.474038290072593738e-06,4.572995278014685973e-06,4.512414447284506280e-06,4.454990350470943175e-06,4.397990004089271156e-06,4.505499646757746447e-06,4.460922490961027473e-06,4.423747855736918821e-06,4.539403260075926839e-06,4.510198510729685349e-06,4.487222446914955991e-06,4.618825081458102064e-06,4.607015131672462887e-06,4.602352137035021098e-06,4.618665969285149446e-06,4.753779521968471906e-06,4.768492486892021637e-06,4.791276323027786025e-06,4.950733297173036831e-06,4.985006479306323557e-06,5.027475639309715877e-06,5.097062685739897607e-06,5.248692768204130129e-06,5.309641039623103119e-06,5.397774810568525243e-06,5.553655469246965171e-06,5.630827936397164492e-06,5.714916387109181230e-06,5.824166061667532787e-06,5.981458707721776741e-06,6.077217391194002843e-06,6.195324470703012610e-06,6.349596093605677965e-06,6.452502946578360814e-06,6.558742802678284111e-06,6.721399382328881098e-06,6.826283560351086528e-06,6.932511359156919977e-06,7.051374601717046879e-06,7.183056223519489552e-06,7.283609805650386537e-06,7.392372559816068630e-06,7.507110625749767715e-06,7.596385034879722008e-06,7.682040649916167628e-06,7.769832747670450313e-06,7.856189512438079852e-06,7.923520788405293461e-06,7.989333588956199584e-06,8.050246502688530149e-06,8.095093324040382861e-06,8.132472727120465365e-06,8.168421548501860491e-06,8.187722836404380956e-06,8.198659268675084419e-06,8.201610355608854842e-06,8.201610355608854842e-06,8.195810327166697177e-06,8.179030157427005381e-06,8.153447631670052433e-06,8.117498810288659001e-06,8.073109268886298004e-06,8.020232604226530486e-06,7.955959303361066434e-06,7.884167747477584959e-06,7.805900605580983772e-06,7.715273001709385282e-06,7.618935258964262956e-06,7.518303963829022227e-06,7.411623629488546964e-06,7.290787284372319017e-06,7.168025722073838982e-06,7.044436039372475775e-06,6.905281004079952181e-06,6.767684454681636377e-06,6.631867273983855192e-06,6.493821920901990437e-06,6.331165341251392603e-06,6.188029545873962461e-06,6.044358215757756348e-06,5.879458859713007074e-06,5.727244635814499480e-06,5.582713018150954330e-06,5.413953031868257627e-06,5.263328055895018092e-06,5.122332857502798900e-06,4.984233049564014245e-06,4.816411431665149374e-06,4.675352168767014886e-06,4.545717251816136948e-06,4.382471978677720977e-06,4.252148524919831791e-06,4.133852742463610165e-06,4.020500406046751851e-06,3.861043431901501892e-06,3.756180422912947838e-06,3.656667899488407444e-06,3.513297691606744188e-06,3.418024133854567637e-06,3.333378012338057622e-06,3.254127164486819235e-06,3.122524529943673162e-06,3.053042497725086175e-06,2.988755907694212440e-06,2.871675488538377517e-06,2.816120664806010738e-06,2.766252848728803393e-06,2.660823460007832491e-06,2.621379857314115070e-06,2.584889237782436778e-06,2.552364959283926670e-06,2.461292335521108525e-06,2.441676367932841396e-06,2.420436185348965734e-06,2.339482188302001105e-06,2.332701099054406183e-06,2.321027944646586020e-06,2.311619947637359750e-06,2.253452973285688209e-06,2.249528859684654605e-06,2.247153754250426999e-06,2.185293521234641854e-06,2.201126768227379317e-06,2.203996724797741523e-06,2.148640656283184448e-06,2.171052359845457396e-06,2.177476854146827242e-06,2.183927033401107879e-06,2.135247334759867622e-06,2.163213647611499714e-06,2.171166113279816342e-06,2.126674064292302013e-06,2.157244768779383017e-06,2.165432793573015567e-06,2.172577463840134127e-06,2.156106173340756950e-06,2.163472733570526450e-06,2.169491862471027039e-06,2.131609890952072377e-06,2.162571181671180243e-06,2.166702403779721225e-06,2.130829242159906671e-06,2.160548267005361898e-06,2.162226701382144000e-06,2.162176436671117219e-06,2.128289294630516862e-06,2.154571627689815772e-06,2.151632703159647515e-06,2.119034182439209525e-06,2.142684478356228664e-06,2.136686120075093135e-06,2.128949263759451159e-06,2.125896101794365698e-06,2.116793590674970530e-06,2.106016625331975817e-06,2.103860961304531253e-06,2.120099542583521069e-06,2.134967608369325123e-06,2.148404099276224843e-06,2.147098151712547321e-06,2.159211884068219532e-06,2.169773131770423908e-06,2.168913927890185797e-06,2.178001409072952907e-06,2.185445303476499635e-06,2.184916211174309295e-06,2.190776131982918818e-06,2.194928972353030631e-06,2.197356135919585276e-06,2.197139936633455838e-06,2.197885562917499832e-06,2.196886813713949255e-06,2.196840000789414507e-06,2.194129920057443228e-06,2.189663988677041265e-06,2.183450153086625907e-06,2.183573346647013130e-06,2.175659768013594820e-06,2.166026240907813484e-06,2.166249550323050816e-06,2.154948023200733823e-06,2.141973898346986161e-06,2.142282274921672306e-06,2.127692482675825585e-06,2.111495194101222725e-06,2.093729481831850376e-06,2.094136164353154603e-06,2.074867464026717916e-06,2.054118779827710423e-06,2.054591734095029970e-06,2.032433746615434266e-06,2.008897687350304580e-06,1.984039180638322984e-06,1.984593743246162476e-06,1.958490470413323194e-06,1.931183322485509219e-06,1.931795091836956597e-06,1.903365296920679669e-06,1.873858905176347466e-06,1.843342362488574036e-06,1.844025661217584830e-06,1.812583885519687436e-06,1.780268543570378912e-06,1.781001946639181694e-06,1.747899020001524308e-06,1.714062804209859604e-06,1.714843135886082819e-06
4.429065539630012212e-06,4.518613308574316101e-06,4.606222374963910893e-06,4.605680946730062703e-06,4.691178940834179563e-06,4.774370944214106244e-06,4.773867199306304334e-06,4.854585843559366652e-06,4.932640933243839761e-06,5.007858819589282259e-06,5.007408998576554510e-06,5.079634559429049437e-06,5.148689636520370064e-06,5.148283188402050870e-06,5.214024212416327412e-06,5.276284029000930226e-06,5.334917071290253771e-06,5.334573176045012842e-06,5.389457965445101953e-06,5.440448113908013363e-06,5.440155878930493069e-06,5.487148132968880387e-06,5.530012108120138787e-06,5.568644654379546062e-06,5.568430941104709604e-06,5.602760833183871022e-06,5.632684314232153879e-06,5.632540587360845163e-06,5.658011820342729830e-06,5.678945208966714939e-06,5.678886164110854755e-06,5.695264738383741620e-06,5.707020540974291309e-06,5.714127653794854339e-06,5.714216926558392975e-06,5.716696788433782128e-06,5.714537524420539412e-06,5.714778328538046400e-06,5.708020367791831919e-06,5.696642623411153122e-06,5.680681197712971313e-06,5.681207138887833865e-06,5.660801646480415397e-06,5.635931280313869409e-06,5.636761660129207482e-06,5.607624407615040385e-06,5.574195215245113586e-06,5.575440236606743111e-06,5.537987124576482627e-06,5.496469750599581989e-06,5.451011974529962693e-06,5.453049092623709241e-06,5.404038732011930196e-06,5.351395261746757571e-06,5.425998364902814100e-06,5.440509390729485329e-06,5.378446040304144303e-06,5.383014216105813757e-06,5.458667887385588046e-06,5.387310353250661442e-06,5.381885639964080389e-06,5.458077118526100312e-06,5.377763861465608589e-06,5.362178526308206825e-06,5.341118366628968882e-06,5.417427342610329886e-06,5.324383804996044165e-06,5.293239839474538120e-06,5.369757483209704881e-06,5.269605492219111682e-06,5.228824333463438712e-06,5.305621171237000141e-06,5.259080205471846747e-06,5.149977025735178664e-06,5.095431016442929006e-06,5.172177364298283343e-06,5.059578778433555198e-06,4.997751206630678772e-06,5.075372333879216014e-06,4.961312855918014290e-06,4.893802942255649293e-06,4.822906316554295458e-06,4.901612447008284563e-06,4.788406151607242733e-06,4.714665136826503935e-06,4.795716319233491514e-06,4.687092130878031410e-06,4.612906402113957751e-06,4.697200148481081476e-06,4.622269730320347732e-06,4.523987292906318765e-06,4.452248157205290722e-06,4.541318807198270267e-06,4.454576412091363591e-06,4.389110163873154340e-06,4.483792548237244428e-06,4.411380938967364897e-06,4.355062330040383530e-06,4.302164302031305881e-06,4.404861159000711706e-06,4.356390392593801649e-06,4.316616654468830144e-06,4.427081115378347313e-06,4.398567168220154904e-06,4.374247473826533190e-06,4.493006458421908314e-06,4.477061999251700699e-06,4.478799891680169924e-06,4.478848536379971453e-06,4.608245422893060722e-06,4.632244874125634711e-06,4.651251912647728520e-06,4.788708920263672625e-06,4.817727705379475493e-06,4.872412167943982557e-06,4.918311699401367590e-06,5.064578230739709410e-06,5.138858601590407488e-06,5.202444547697570034e-06,5.353502370703012348e-06,5.444548565568007604e-06,5.523499763316212456e-06,5.608974904757249592e-06,5.762548356111238256e-06,5.871958049976121228e-06,5.968238247332510644e-06,6.119940185478515200e-06,6.236098267374021013e-06,6.338749453150060046e-06,6.484829386054819784e-06,6.588037651590694267e-06,6.706446595567435424e-06,6.811500525737060144e-06,6.944134550970331621e-06,7.056374010273445380e-06,7.155405558162726220e-06,7.272853152231060170e-06,7.373449110707020996e-06,7.461095919026505924e-06,7.545051363262790115e-06,7.636494090154935050e-06,7.714586981317849858e-06,7.780454545764969908e-06,7.848148768463788827e-06,7.903718184091597428e-06,7.947554628651157523e-06,7.988905057907787969e-06,8.016461546525110752e-06,8.037784221920540775e-06,8.048524427110849389e-06,8.052539827170149579e-06,8.052539827170149579e-06,8.045852048209692353e-06,8.029632167892825735e-06,8.005074516738176624e-06,7.971123274085909624e-06,7.926959220431103732e-06,7.875619855004528403e-06,7.814774482868655676e-06,7.743640572648808674e-06,7.667577432707648120e-06,7.581934344193871713e-06,7.486101778793553494e-06,7.388201542200563563e-06,7.284351075269263897e-06,7.171267876787311404e-06,7.047599401382759711e-06,6.927120833957517176e-06,6.798040953333236923e-06,6.657841051186606401e-06,6.525218266744196150e-06,6.384778363152407293e-06,6.247763146534194523e-06,6.092186689456278206e-06,5.951476375663479278e-06,5.804074574488509663e-06,5.641813058647953591e-06,5.499911380273580468e-06,5.352335326311961402e-06,5.187447349469882427e-06,5.048624824106522528e-06,4.912487584882424355e-06,4.772138991799636479e-06,4.609421908578043795e-06,4.481196649996969206e-06,4.349987523677532779e-06,4.192464862263279760e-06,4.074999770005564755e-06,3.955858292825490787e-06,3.848432445791056913e-06,3.701379095490201174e-06,3.601953293568142126e-06,3.502877145214655464e-06,3.365704393687533649e-06,3.280664767170616553e-06,3.197522143570422320e-06,3.123780538513188864e-06,3.000980155467878821e-06,2.935822970347696027e-06,2.875008748179803467e-06,2.763579143537452929e-06,2.712592155498941900e-06,2.667694614919217984e-06,2.567487877981518008e-06,2.529738106973007556e-06,2.495982187925526835e-06,2.471046593683537024e-06,2.384545411795091912e-06,2.362079374730364897e-06,2.350266367770365710e-06,2.273365469757070963e-06,2.260564286221199951e-06,2.260236335153239445e-06,2.253148593862409197e-06,2.187052466830292967e-06,2.183859828359816982e-06,2.195861593297719725e-06,2.136922146336304164e-06,2.139227265832459643e-06,2.158412443245117237e-06,2.105552756840487020e-06,2.111701371883798452e-06,2.118034362945077238e-06,2.143647846566423031e-06,2.096990412815678274e-06,2.105133103285088722e-06,2.133952995487298987e-06,2.091180640599636707e-06,2.099864961480624131e-06,2.130475668722613984e-06,2.137978439496091461e-06,2.098976255036838402e-06,2.105917141967905666e-06,2.136395642647986623e-06,2.099725195037601496e-06,2.105032397814964131e-06,2.134698468220159982e-06,2.099883439035481113e-06,2.102960098691627724e-06,2.104399264855967452e-06,2.131120060766225310e-06,2.098139653524273615e-06,2.096858454174574815e-06,2.121224207417647329e-06,2.089443327992736166e-06,2.085233734333773476e-06,2.106861056978094223e-06,2.099315283091979754e-06,2.068904640099907219e-06,2.087543806558963612e-06,2.104960661797564197e-06,2.102933249132776681e-06,2.119284920757713444e-06,2.134252408180343681e-06,2.147776010207860626e-06,2.146546096346255251e-06,2.158725901773548619e-06,2.169344270903497434e-06,2.168534146186886022e-06,2.177663481895248929e-06,2.185142739549013484e-06,2.184643175433041183e-06,2.190527375148457263e-06,2.194699766835884012e-06,2.197142217664917728e-06,2.196937452515901509e-06,2.197691023303346096e-06,2.196697049817285427e-06,2.196652126460400367e-06,2.193941297654208925e-06,2.189472198687507536e-06,2.183252967182367975e-06,2.183368703867874407e-06,2.175445753798795917e-06,2.165801068706572585e-06,2.166011545534981295e-06,2.154695609213390414e-06,2.141705584454672993e-06,2.141996645925934062e-06,2.127388189983773276e-06,2.111170948152952414e-06,2.093384045702594961e-06,2.093768348389467156e-06,2.074476121388860851e-06,2.053702802822502158e-06,2.054150051194709932e-06,2.031965320068602648e-06,2.008401511300748140e-06,1.983514279676516284e-06,1.984039171326505665e-06,1.957905310077758387e-06,1.930566684341062525e-06,1.931146114241057335e-06,1.902683145833808184e-06,1.873142774146726284e-06,1.842591472738261559e-06,1.843239261803509641e-06,1.811761253546892869e-06,1.779408984438084425e-06,1.780104794303239845e-06,1.746963637239468157e-06,1.713088582877071740e-06
4.517925451888803186e-06,4.605562684389000891e-06,4.605048941204840872e-06,4.690574118125133827e-06,4.773792781029726519e-06,4.773315151389811454e-06,4.854059345746224218e-06,4.932139399468319489e-06,5.007381642821662421e-06,5.006955550669511352e-06,5.079204190848439616e-06,5.148281675931775234e-06,5.147896942080309316e-06,5.213658963440558834e-06,5.275939036192414867e-06,5.334591567844827418e-06,5.334266367805368644e-06,5.389169028751537490e-06,5.440176192958630442e-06,5.439900082573767711e-06,5.486907530842602048e-06,5.529785726041237032e-06,5.568431468879026366e-06,5.568229872990913614e-06,5.602570740005594333e-06,5.632503981500654712e-06,5.632368718376700841e-06,5.657847024459665055e-06,5.678785988110132225e-06,5.678730897353855743e-06,5.695111664368057701e-06,5.706867737947786363e-06,5.713973017021338988e-06,5.714058142839529981e-06,5.716531307466989156e-06,5.714362526701373445e-06,5.714590689500629392e-06,5.707816617866965582e-06,5.696418903668955137e-06,5.680433210745686139e-06,5.680930094579200500e-06,5.660490202301081339e-06,5.635579475778246319e-06,5.636362845048409360e-06,5.607171163783622339e-06,5.573679271206710318e-06,5.574852375156144926e-06,5.537317082673572708e-06,5.495706111394606812e-06,5.450142051230418260e-06,5.452058803971298210e-06,5.402912469184107476e-06,5.350115746552055391e-06,5.352819053560357396e-06,5.296846146339943275e-06,5.306418296443208307e-06,5.311039405742976811e-06,5.315209596591311190e-06,5.315202265005966936e-06,5.310028132389734222e-06,5.315706770236102368e-06,5.305859765002184439e-06,5.290710049759961711e-06,5.205180853238093812e-06,5.278594260965385991e-06,5.253503779597502993e-06,5.223056798075907920e-06,5.234156769152737820e-06,5.199411198027407340e-06,5.159437477262279089e-06,5.173924150458214612e-06,5.130092628051049152e-06,5.081294885667538969e-06,5.027665624290506019e-06,5.047928029020434156e-06,4.991330330155725823e-06,4.930377198404664830e-06,4.956056606530944180e-06,4.893018240575147744e-06,4.826254378262208532e-06,4.714775881885835755e-06,4.790602609490495568e-06,4.719875440265456067e-06,4.646587367026783318e-06,4.689052028906923863e-06,4.616519716660892928e-06,4.542418388858595916e-06,4.593965911020204368e-06,4.522053254281166997e-06,4.449680546825243329e-06,4.377379175173189608e-06,4.442758231234082473e-06,4.374825298141058193e-06,4.308196196598934313e-06,4.385104556675195970e-06,4.324392902278492923e-06,4.266244270418168932e-06,4.205970491011732091e-06,4.304707628146005381e-06,4.257745037871669445e-06,4.215156239358207767e-06,4.321529066336027525e-06,4.288211521729277210e-06,4.260372977680050168e-06,4.379674724886543619e-06,4.362062101715038721e-06,4.350857182577906048e-06,4.346490253796289662e-06,4.482235369612908722e-06,4.488933491729519792e-06,4.503049907707141862e-06,4.649833048352588859e-06,4.674954555762037985e-06,4.707756109755296716e-06,4.748364007388637053e-06,4.907029614008597222e-06,4.957821873631184632e-06,5.016167517272256873e-06,5.180853657617216548e-06,5.247995818784302805e-06,5.322052596690269841e-06,5.420581228142109594e-06,5.570572944602252050e-06,5.657381896741991341e-06,5.749671350293076604e-06,5.915560454582069678e-06,6.011319853009600550e-06,6.111070264977174000e-06,6.271005581485564595e-06,6.371223347520645076e-06,6.473693897706216840e-06,6.577717028327447770e-06,6.723183459080511000e-06,6.823246421494660356e-06,6.922920338335625910e-06,7.052692750149185797e-06,7.145106976669593412e-06,7.235191828254695387e-06,7.329509386904757224e-06,7.425106924715749179e-06,7.500665597727068160e-06,7.571404685488607564e-06,7.650321183869903386e-06,7.707013043454177429e-06,7.757413039459058840e-06,7.809813622765356770e-06,7.844156168647065019e-06,7.871103710665187703e-06,7.890313132931385851e-06,7.904852574447255022e-06,7.906341783856425337e-06,7.906341783856425337e-06,7.899642765276391668e-06,7.885103323760520803e-06,7.860424499226195265e-06,7.827488341042548978e-06,7.786378388934615791e-06,7.733977805628317861e-06,7.675772347568393002e-06,7.609978554388821061e-06,7.531062056007524392e-06,7.449667873242637502e-06,7.361647231512476824e-06,7.261419619678429096e-06,7.157214200240796756e-06,7.050312996986266736e-06,6.938550557082313019e-06,6.808778145268753132e-06,6.687002361680033710e-06,6.561876592242505974e-06,6.416410161489442745e-06,6.284173464259240570e-06,6.150169208969645314e-06,6.014951539625181124e-06,5.855016223116791376e-06,5.716679653183140838e-06,5.578656185852672742e-06,5.412767081563679668e-06,5.274474421943271485e-06,5.137893928920797201e-06,4.976923222989353443e-06,4.835837656504428181e-06,4.704518283571615057e-06,4.576458426428064088e-06,4.411772286083104413e-06,4.288958852652806767e-06,4.170286241256297001e-06,4.011620634636335985e-06,3.899888504706636749e-06,3.792916873415399613e-06,3.690804666364119638e-06,3.544021525718672218e-06,3.450343713695593078e-06,3.361785385135773846e-06,3.226040269319154786e-06,3.146539083617936653e-06,3.072174813269489040e-06,3.002836764856910015e-06,2.883535017650416140e-06,2.823370558798162609e-06,2.767968294847681756e-06,2.661595467869870046e-06,2.615086434391792424e-06,2.572912195061356787e-06,2.477428529055315732e-06,2.445609407307030663e-06,2.415547075682770155e-06,2.388999463339987778e-06,2.312091103270073786e-06,2.292725735872231281e-06,2.276229905411222499e-06,2.210850849402661024e-06,2.200576049977131692e-06,2.192496460131351141e-06,2.186335026300276923e-06,2.134787504687312039e-06,2.133429230572946770e-06,2.133333790037468862e-06,2.090869130572945158e-06,2.094559096652423832e-06,2.098895602280150074e-06,2.048510822258145184e-06,2.071521736608217574e-06,2.078762277295248331e-06,2.085896807441547021e-06,2.060217437162975732e-06,2.068983543135186594e-06,2.077188896177168110e-06,2.056926588575141771e-06,2.066017216876402100e-06,2.074170791692747598e-06,2.081275915158313281e-06,2.066789529469379793e-06,2.073961353728637920e-06,2.079820362389868872e-06,2.068720973421969732e-06,2.074172941373090457e-06,2.078122068967243083e-06,2.044760064622737638e-06,2.072900863817657362e-06,2.074453114290306742e-06,2.074369997987011814e-06,2.068693620485877931e-06,2.067522298658012356e-06,2.064676595169033279e-06,2.060510056662477661e-06,2.056429195485629443e-06,2.050683461668728010e-06,2.070320802432260577e-06,2.067623907429639165e-06,2.086416029053840021e-06,2.103968510311853822e-06,2.102061058280138509e-06,2.118518546870537543e-06,2.133579096002205860e-06,2.147184268190740025e-06,2.146025580369156348e-06,2.158267307052684855e-06,2.168939231825640503e-06,2.168175143766284436e-06,2.177343758530086785e-06,2.184856220735066670e-06,2.184384398079458621e-06,2.190291422132809714e-06,2.194482207432243301e-06,2.196939053479203579e-06,2.196745068566551622e-06,2.197506143892027840e-06,2.196516698843422328e-06,2.196473591844339042e-06,2.193762099546463215e-06,2.189290061155395600e-06,2.183065793080133352e-06,2.183174552611815421e-06,2.175242821784732143e-06,2.165587672122957239e-06,2.165786105340927769e-06,2.154456638066647852e-06,2.141451675390038651e-06,2.141726462599606820e-06,2.127100458313648785e-06,2.110864449198746629e-06,2.093057609642943944e-06,2.093420849465702391e-06,2.074106473697005889e-06,2.053309956846169828e-06,2.053732990981965667e-06,2.031523060965547420e-06,2.007933098163538632e-06,1.983018785491828587e-06,1.983515696178073769e-06,1.957352980403602939e-06,1.929984652432419599e-06,1.930533557939819532e-06,1.902039268390579487e-06,1.872466804206365322e-06,1.841882664424085152e-06,1.842496894875213837e-06,1.810984633610710072e-06,1.778597443190795595e-06,1.779257689794426054e-06,1.746080354138837160e-06
4.604939636391883972e-06,4.604452087379150655e-06,4.690002974651736773e-06,4.773246844635620707e-06,4.772793899443865871e-06,4.853562236319587454e-06,4.931665871344562110e-06,5.006931115439270204e-06,5.006527423976493781e-06,5.078797845045686516e-06,5.147896471078316550e-06,5.147532217529673980e-06,5.213314037073174026e-06,5.275613203404140252e-06,5.334284100246500387e-06,5.333976511582414890e-06,5.388896002626366342e-06,5.439919185691637796e-06,5.439658249931212187e-06,5.486679991951507970e-06,5.529571559042644111e-06,5.568229705781455631e-06,5.568039493615814018e-06,5.602390664905683992e-06,5.632333063720662862e-06,5.632205733913879503e-06,5.657690661268728782e-06,5.678634833484038437e-06,5.678583423498011162e-06,5.694966211971368954e-06,5.706722497539430082e-06,5.713826007887376531e-06,5.713907189258707762e-06,5.716374012010353478e-06,5.714196240325930000e-06,5.714412478153390497e-06,5.707623225302622919e-06,5.696206710172356568e-06,5.680198187439612365e-06,5.680667752988958826e-06,5.660195538840562616e-06,5.635246910817730663e-06,5.635986156222969654e-06,5.606743413202936253e-06,5.573192726233064861e-06,5.574298422427638698e-06,5.536686135064883641e-06,5.494987507628444669e-06,5.449323947879660033e-06,5.451128059625285256e-06,5.401854520593257732e-06,5.348914476613301129e-06,5.351456651062522796e-06,5.295302957453450164e-06,5.235833377686195123e-06,5.173225726395988131e-06,5.244424929996317673e-06,5.244553717721012522e-06,5.173278240782751545e-06,5.244958785670501609e-06,5.235433734667494642e-06,5.155865067601758957e-06,5.136857877388131126e-06,5.208620798783866993e-06,5.121360699125998324e-06,5.092873849922511506e-06,5.164782852732509995e-06,5.130758947532579925e-06,5.033085273037095362e-06,5.105184257797619390e-06,5.062157633418371116e-06,4.959303416630620902e-06,4.908605116676150221e-06,4.980543180636953043e-06,4.924814651688834876e-06,4.816255114415702985e-06,4.888869434094761580e-06,4.826623109237953107e-06,4.717059417077334714e-06,4.650271122141340401e-06,4.723678100530738933e-06,4.615296736767696142e-06,4.545340452269296458e-06,4.620711781579855817e-06,4.548465431315728369e-06,4.444938790811652270e-06,4.523083370619510126e-06,4.451059944558989232e-06,4.354823856787422513e-06,4.285127889853066054e-06,4.367377402507795274e-06,4.298657396504910474e-06,4.216483800820669776e-06,4.303700224994632617e-06,4.241595920812007917e-06,4.173131034512297847e-06,4.119082694242623470e-06,4.213463563718813804e-06,4.161066543864764030e-06,4.118516804533098830e-06,4.220000675076467860e-06,4.183683956204079138e-06,4.156913579196323798e-06,4.266112853736822575e-06,4.244848373940274788e-06,4.238281117073281631e-06,4.231574394430727620e-06,4.350880638747667081e-06,4.353125514048104586e-06,4.376035567349585812e-06,4.503278173301641203e-06,4.523561710507109730e-06,4.567082304140701533e-06,4.603367438374689773e-06,4.739726080560144019e-06,4.785418731399096760e-06,4.856129088996460182e-06,4.998010673910739471e-06,5.060211921344658342e-06,5.147086564676321283e-06,5.222821967539333783e-06,5.368855833167981608e-06,5.468521631271411844e-06,5.556196011144534617e-06,5.702206174640298426e-06,5.794499635712586596e-06,5.906429835148526188e-06,6.049141093160254520e-06,6.147045159141150197e-06,6.261201904936409747e-06,6.362821392560211474e-06,6.495782904349073662e-06,6.595442987387798543e-06,6.705825017644554629e-06,6.826770888489864428e-06,6.920440927038518581e-06,7.020894219755097132e-06,7.109354665385421424e-06,7.208724603612428221e-06,7.294462264375945104e-06,7.368484820187605347e-06,7.447387124693539918e-06,7.509389475105100364e-06,7.569651729564047970e-06,7.625234707293764655e-06,7.666452155048217746e-06,7.703274298084412919e-06,7.729620914661373409e-06,7.751202872223149817e-06,7.761291998628378703e-06,7.764034465628507438e-06,7.764034465628507438e-06,7.758784117755647438e-06,7.743554344053501400e-06,7.719600968719392576e-06,7.687643307499758294e-06,7.647148339704064088e-06,7.598916488638730484e-06,7.540393485300263677e-06,7.474932876833901855e-06,7.403419640356967015e-06,7.320791175620190037e-06,7.235152044293030931e-06,7.140634836386100093e-06,7.036516505861938544e-06,6.932389032413750953e-06,6.819833602011146146e-06,6.706185533707132103e-06,6.578697850681284524e-06,6.452116694668747989e-06,6.326758159940736478e-06,6.186019309273127675e-06,6.054974012182137293e-06,5.917064313278389337e-06,5.783613542284533809e-06,5.631458567293386319e-06,5.489894962600439515e-06,5.354914956569754816e-06,5.198620897188172152e-06,5.064298229315276866e-06,4.925197828015226304e-06,4.768366028531054889e-06,4.638837581848515479e-06,4.505570503154286994e-06,4.382533637291357219e-06,4.229864349516055775e-06,4.105681230623943339e-06,3.992445564783971128e-06,3.845908289954776166e-06,3.739466939967998543e-06,3.632062578517443018e-06,3.535528109118445776e-06,3.399990428812286026e-06,3.306686693964144510e-06,3.223583887793524641e-06,3.097878867117860945e-06,3.022974633581932276e-06,2.950487704151575945e-06,2.886159362749094941e-06,2.774284246819354962e-06,2.717188691236124579e-06,2.666340963999378848e-06,2.565165346375243952e-06,2.521872314729973939e-06,2.484921601762260649e-06,2.394148890757555541e-06,2.362875357125865429e-06,2.339605063683611342e-06,2.316315630990177606e-06,2.238063673451779052e-06,2.227171551253299134e-06,2.213372164153638318e-06,2.143799348970542511e-06,2.134698779566966574e-06,2.137848485547581501e-06,2.133689127023464136e-06,2.073783647285941408e-06,2.085476081229848037e-06,2.086922860911607987e-06,2.033377579958431299e-06,2.037248736426565715e-06,2.057413034040237922e-06,2.009239138803296885e-06,2.016287569492122100e-06,2.041079015482542425e-06,2.048949068381668488e-06,2.006213933501531586e-06,2.034156024229015343e-06,2.042857600803134928e-06,2.003520309146842736e-06,2.012193571455982033e-06,2.041755861289504381e-06,2.049151836443852880e-06,2.013094473155707958e-06,2.042926555254922017e-06,2.048970389985644216e-06,2.014943720229237778e-06,2.020027832343671641e-06,2.048198932429895559e-06,2.015789046238215424e-06,2.018675819498035781e-06,2.045225063019875087e-06,2.045254892972110476e-06,2.014448874073272354e-06,2.038851318332564497e-06,2.036126409029331327e-06,2.006377685537210970e-06,2.028250323507149146e-06,2.049139524438168672e-06,2.068957447219253124e-06,2.066421441850813662e-06,2.085356598600164216e-06,2.103035949579760898e-06,2.101240750477564066e-06,2.117797291585065871e-06,2.132944985152960986e-06,2.146626570028771536e-06,2.145534631342362657e-06,2.157834411310309150e-06,2.168556568103537789e-06,2.167835679366938230e-06,2.177041170090215494e-06,2.184584821458027252e-06,2.184139071099020203e-06,2.190067559668648823e-06,2.194275655395253307e-06,2.196746061185858701e-06,2.196562243225715441e-06,2.197330409534238712e-06,2.196345259371494255e-06,2.196303897894640111e-06,2.193591818862159918e-06,2.189117052185961800e-06,2.182888081535240286e-06,2.182990310712062378e-06,2.175050349966356100e-06,2.165385382968463769e-06,2.165572509522330680e-06,2.154230332102580746e-06,2.141211331032251684e-06,2.141470817678209193e-06,2.126828308883811432e-06,2.110574642844380764e-06,2.092749039805074327e-06,2.093092450674809395e-06,2.073757217599535504e-06,2.052938848925639049e-06,2.053339067884681701e-06,2.031105388349864821e-06,2.007490768999853591e-06,1.982550918748149391e-06,1.983021435833035988e-06,1.956831494735252285e-06,1.929435133536983285e-06,1.929955221440060543e-06,1.901431353298215351e-06,1.871828572907448745e-06,1.841213402760239559e-06,1.841795912297206797e-06,1.810251263384069702e-06,1.777831042636063192e-06,1.778457640547200721e-06
4.603888288901943503e-06,4.689463498136981422e-06,4.772731206286026903e-06,4.772301597589645682e-06,4.853092751480419964e-06,4.931218666242124427e-06,5.006505634943864219e-06,5.006123094968709591e-06,5.078414076171107617e-06,5.147532652370024353e-06,5.147187719869698337e-06,5.212988211460009628e-06,5.275305379989042520e-06,5.333993587096388765e-06,5.333702593121851458e-06,5.388637937705246657e-06,5.439676205218808688e-06,5.439429554007311820e-06,5.486464746426796740e-06,5.529368891417480379e-06,5.568038700358334831e-06,5.567859185802578274e-06,5.602220034559519424e-06,5.632171027411966419e-06,5.632051135977903903e-06,5.657542263501195469e-06,5.678491303324646801e-06,5.678443320533098969e-06,5.694827972573799094e-06,5.706584417450385456e-06,5.713686222531092436e-06,5.713763651567444102e-06,5.716224467523271895e-06,5.714038199312098630e-06,5.714243184496208222e-06,5.707439621870633218e-06,5.696005400390028468e-06,5.679975392761512614e-06,5.680419265972069165e-06,5.659916671502676602e-06,5.634932437965293854e-06,5.635630253429757662e-06,5.606339589122062892e-06,5.572733748929349352e-06,5.573776239425956558e-06,5.536091786823052475e-06,5.494311034161179426e-06,5.448554288283494310e-06,5.450252944283740496e-06,5.400860355877374204e-06,5.347786221935473942e-06,5.350177688191835591e-06,5.293854952058861487e-06,5.234196133140363583e-06,5.171377029947616149e-06,5.175058968056062604e-06,5.109668149458873266e-06,5.105497033140240076e-06,5.175647405255856423e-06,5.101947884113355741e-06,5.088443811256094544e-06,5.069931127536738827e-06,5.077330970877816641e-06,5.054497440588829017e-06,5.026649911092024807e-06,5.036425524355989754e-06,5.004488819644948143e-06,4.967639019149874718e-06,5.037986539981882566e-06,4.939835810142971329e-06,4.894581679171910248e-06,4.844747896080870960e-06,4.862601254468119040e-06,4.809828962989708782e-06,4.752888743037555096e-06,4.823454463020377230e-06,4.716432082077885927e-06,4.653713443169977247e-06,4.587649630804968189e-06,4.618147264249761447e-06,4.551284647488284686e-06,4.481831526328424560e-06,4.519405894042136371e-06,4.450323430424768445e-06,4.379534191525491827e-06,4.454837968094717534e-06,4.356120360492904409e-06,4.286286692900038099e-06,4.216219055212537246e-06,4.274397800793122437e-06,4.207987899521988743e-06,4.142464883340923484e-06,4.226043068776940780e-06,4.150697292153877770e-06,4.092318627748378698e-06,4.036530319408837175e-06,4.120376690310182947e-06,4.071689474753680656e-06,4.026736630031973821e-06,4.122589638928886005e-06,4.085963584312562323e-06,4.054133761681810526e-06,4.158515341634927146e-06,4.139662666600383129e-06,4.122874385543119740e-06,4.112231625691764227e-06,4.236095175034983256e-06,4.235760432685516256e-06,4.242207979522289040e-06,4.364237123193699238e-06,4.393918958127774847e-06,4.417963583949483723e-06,4.449327806769108643e-06,4.596528646732552102e-06,4.637894295382768521e-06,4.686496819379229719e-06,4.823593668404427078e-06,4.898188482583124058e-06,4.962560114437544695e-06,5.033562559406137682e-06,5.192777893680069017e-06,5.270583561982706414e-06,5.354097695394966291e-06,5.513419264391987383e-06,5.601511372302920823e-06,5.694075814199876032e-06,5.834656108015327736e-06,5.944444705070978037e-06,6.041947531282146951e-06,6.141819319494681316e-06,6.287059986863331370e-06,6.384921903518729749e-06,6.483404320800066712e-06,6.605419699927686462e-06,6.709551401156265182e-06,6.801767131565885057e-06,6.892100287355407748e-06,7.002399181870106511e-06,7.083589890628407598e-06,7.161177899944493108e-06,7.250746060074283619e-06,7.316540943709253861e-06,7.377207466056387031e-06,7.439046215159408093e-06,7.489956105054173456e-06,7.530256735603952280e-06,7.563776591028588850e-06,7.595437390408909866e-06,7.612856995677126134e-06,7.622766034583681429e-06,7.626450017009853545e-06,7.626450017009853545e-06,7.620411497744353509e-06,7.605677708515000167e-06,7.583086241242978004e-06,7.551425441862656988e-06,7.512154977076616135e-06,7.465293165579788123e-06,7.409787970895622954e-06,7.344940982378918899e-06,7.275397288344906047e-06,7.199221684789549825e-06,7.109653524659759315e-06,7.019953834130311521e-06,6.924697094911281880e-06,6.814398200396582270e-06,6.707827155454206068e-06,6.596992197378689872e-06,6.478292532964416358e-06,6.349645492594349053e-06,6.227196978318716593e-06,6.102432045968473223e-06,5.957191378599824017e-06,5.827327484679822133e-06,5.696612119975943141e-06,5.559684840160187866e-06,5.409702120202341899e-06,5.277185188088944504e-06,5.145673524060520309e-06,4.986351955063500065e-06,4.855924065328646147e-06,4.727712865753977104e-06,4.568497531480044921e-06,4.443630335611613412e-06,4.321997540824647824e-06,4.197328928924023518e-06,4.049741040395412939e-06,3.937391922241068871e-06,3.829247866692692005e-06,3.682047026729249394e-06,3.581049034660716078e-06,3.484716386140906265e-06,3.388191984656399875e-06,3.258286769416252287e-06,3.174933773325117388e-06,3.096437679037620230e-06,2.972574129694401201e-06,2.902737027595607231e-06,2.837684954674720407e-06,2.775886009257957887e-06,2.669253101476252773e-06,2.617421840596174980e-06,2.569936937270655616e-06,2.474083928373769690e-06,2.434785322910611536e-06,2.399388530023234069e-06,2.315542159122364329e-06,2.287717954681646631e-06,2.263253504152526810e-06,2.247622941402280067e-06,2.173237035172020945e-06,2.158314555825037316e-06,2.145885188619650468e-06,2.087706443120646833e-06,2.080795360908905899e-06,2.075750553368415481e-06,2.083682824099659787e-06,2.026610149639227467e-06,2.027376814902185191e-06,2.029158541709477597e-06,1.991584177027787136e-06,1.996630844943069698e-06,2.002135702618017665e-06,1.971638079471067273e-06,1.979529074880914339e-06,1.987377932728367669e-06,2.013413248989082335e-06,1.972368005842846740e-06,1.981327192479916532e-06,1.989669190520470434e-06,1.971815934945903614e-06,1.980818591820582169e-06,1.988872976441830957e-06,2.017995474574593149e-06,1.983124871121765460e-06,1.990073307762618131e-06,1.995746912839333135e-06,1.985971876203838231e-06,1.991169682815921447e-06,1.994929490681046875e-06,1.987530704538303013e-06,1.990497259599722355e-06,1.991923522159541967e-06,2.016815726189414339e-06,1.986796666300090809e-06,1.985612322522259455e-06,2.008207062173421199e-06,2.004528550175549747e-06,2.026612503277973701e-06,2.047690778036559323e-06,2.067677545540565295e-06,2.065292013898017220e-06,2.084360985034662849e-06,2.102159064026479644e-06,2.100468948619846068e-06,2.117118248018252017e-06,2.132347577907145610e-06,2.146100772620663314e-06,2.145071412173097182e-06,2.157425640189893487e-06,2.168194929652930240e-06,2.167514593025061054e-06,2.176754716434938833e-06,2.184327674536882310e-06,2.183906436456561361e-06,2.189855117752541464e-06,2.194079510021807167e-06,2.196562692747471472e-06,2.196388466327039563e-06,2.197163334750512364e-06,2.196182258830972410e-06,2.196142574397089565e-06,2.193429978256652406e-06,2.188952678743407145e-06,2.182719316063998905e-06,2.182815431178332044e-06,2.174867754394673994e-06,2.165193574411356279e-06,2.165370082901816656e-06,2.154015962739675893e-06,2.140983764693803304e-06,2.141228861983144274e-06,2.126570825923215559e-06,2.110300542881606713e-06,2.092457275933329087e-06,2.092782014320332485e-06,2.073427134768514990e-06,2.052588177102472183e-06,2.052966893497997085e-06,2.030710824730952351e-06,2.007072954765773007e-06,1.982109016548832599e-06,1.982554631408192528e-06,1.956338996232847046e-06,1.928916171050502828e-06,1.929409046726760301e-06,1.900857239645054850e-06,1.871225815115516150e-06,1.840581317222173878e-06,1.841133837145452357e-06,1.809558558690796260e-06,1.777107090648263102e-06
4.688953805426053709e-06,4.772244061296660879e-06,4.771836518945018044e-06,4.852649241366924646e-06,4.930796210423276648e-06,5.006103702710105309e-06,5.005741139005147881e-06,5.078051532322494743e-06,5.147188939279247530e-06,5.146862238462715713e-06,5.212680344246453486e-06,5.275014490143585789e-06,5.333719017281481879e-06,5.333443664007485695e-06,5.388393946135962981e-06,5.439446421972305421e-06,5.439213221082556857e-06,5.486261073792627202e-06,5.529177053145178926e-06,5.567857830053639426e-06,5.567688371243917883e-06,5.602058311440164250e-06,5.632017372073956510e-06,5.631904457015381900e-06,5.657401392099924691e-06,5.678354982193210003e-06,5.678310191269511200e-06,5.694696561299141965e-06,5.706453118528666187e-06,5.713553280181874655e-06,5.713627139165076665e-06,5.716082264363861885e-06,5.713887964616876738e-06,5.714082328407826365e-06,5.707265273187357862e-06,5.695814370772122191e-06,5.679764137134334400e-06,5.680183838842135698e-06,5.659652678896192906e-06,5.634634984693947913e-06,5.635293885386179065e-06,5.605958230307651344e-06,5.572300632920655950e-06,5.573283834992759969e-06,5.535531717422266622e-06,5.493673991046171564e-06,5.447829936988723691e-06,5.449429824270344598e-06,5.399925773156929754e-06,5.346726134527024878e-06,5.348976584311897569e-06,5.292495720995953492e-06,5.232659928824916291e-06,5.169643127295350941e-06,5.173104612238329523e-06,5.107468398337199310e-06,5.039061066317877669e-06,5.043766678370361271e-06,5.035497277096186177e-06,5.022381543614585127e-06,4.943735309822626394e-06,5.011306300331739789e-06,4.989014147263659942e-06,4.903313658737786363e-06,4.970978945235359637e-06,4.939708402506409758e-06,4.847802047933690241e-06,4.915583284465261568e-06,4.875773855216320884e-06,4.831334675403675060e-06,4.731606042273900218e-06,4.799137258548245230e-06,4.747192338861121644e-06,4.644344966327156739e-06,4.712383936958437413e-06,4.654055167114909063e-06,4.592110847527511479e-06,4.486899355782431934e-06,4.555482601282377635e-06,4.489229194834479032e-06,4.385477402281497594e-06,4.455693111893754927e-06,4.386967412613374293e-06,4.286927514918083820e-06,4.359502244516099320e-06,4.290394147977135177e-06,4.220450883816662895e-06,4.128940638782155098e-06,4.205020593187190076e-06,4.138034595136790152e-06,4.056168896421834322e-06,4.136627838012879027e-06,4.075087353392748350e-06,4.015380715545324205e-06,3.950617708018419782e-06,4.037450349084362874e-06,3.986814808894197463e-06,3.937343044848708645e-06,4.030638060130067411e-06,3.991424476018861598e-06,3.959099938349298933e-06,4.059525280835691242e-06,4.033808003241920811e-06,4.013559667100172986e-06,4.007523352323587091e-06,4.117461821601765518e-06,4.113124634883092677e-06,4.126814434188428915e-06,4.244455988106658166e-06,4.256927806897513700e-06,4.276375830267631954e-06,4.317786313164515172e-06,4.444624983968497758e-06,4.481202087881592764e-06,4.540994178879969898e-06,4.673840433420114436e-06,4.726647397879711978e-06,4.786266556170462460e-06,4.869132001802063159e-06,5.007356942235124902e-06,5.080791385850571961e-06,5.176171153797990965e-06,5.315851053646412776e-06,5.400230008149299714e-06,5.504399609764987576e-06,5.642705996002639708e-06,5.734450927902618083e-06,5.829512543376141199e-06,5.940123313748917167e-06,6.071838794339670323e-06,6.168526635146485511e-06,6.277286263723005996e-06,6.399784727822360027e-06,6.493466955261770711e-06,6.586482542463305791e-06,6.686316722602545497e-06,6.791267993811944537e-06,6.874868396581810993e-06,6.961785143352556277e-06,7.049367031544568654e-06,7.119192466395381371e-06,7.189146364112468574e-06,7.256376339504836221e-06,7.308617776336152543e-06,7.354988025592139519e-06,7.397633724385864222e-06,7.434326423376992283e-06,7.459113183029976859e-06,7.478138971908953219e-06,7.490005230192400133e-06,7.491466259767080530e-06,7.491466259767080530e-06,7.485413824620681715e-06,7.471397219470439052e-06,7.449707632106117726e-06,7.419661061650441231e-06,7.380651360242427680e-06,7.334393975089325010e-06,7.281202723275000769e-06,7.221024608408019467e-06,7.150625667373423606e-06,7.074565680111433126e-06,6.993905682360654913e-06,6.902280275880394705e-06,6.806794670057326481e-06,6.708590182243535299e-06,6.598555922640366865e-06,6.487001359411651507e-06,6.374784018015367489e-06,6.259313413868333069e-06,6.130030797759818603e-06,6.003505445391836115e-06,5.879347274314138202e-06,5.739741090840651455e-06,5.606489728555561741e-06,5.477716195154055460e-06,5.348982124118692086e-06,5.201388212662017966e-06,5.066168180016329171e-06,4.938057473468805201e-06,4.788461349373363079e-06,4.655855138813892222e-06,4.531878691915978533e-06,4.383442678533012689e-06,4.256887656946737160e-06,4.140078994929046279e-06,4.026892130458766146e-06,3.884153056441623474e-06,3.770809781077586287e-06,3.667877487749716732e-06,3.531924403003098997e-06,3.430539955255959177e-06,3.339471590179308010e-06,3.253069819837123645e-06,3.128366290144471093e-06,3.045740071290504032e-06,2.972267921436603875e-06,2.857207341914426901e-06,2.789016735260126926e-06,2.728658670661429840e-06,2.672802892891417858e-06,2.570930786649923615e-06,2.522458801967101497e-06,2.479058372912540241e-06,2.387194829600999917e-06,2.352550417627876046e-06,2.320728695428123149e-06,2.238467374600431437e-06,2.216723169780401068e-06,2.195302866426084669e-06,2.176804621721490585e-06,2.105947876232334420e-06,2.099530015635776269e-06,2.089449469803914780e-06,2.026423571102434493e-06,2.029672391835089498e-06,2.026497523427357354e-06,2.024791490272462037e-06,1.970403030661963866e-06,1.983945199855581974e-06,1.987044059074352596e-06,1.938303249707659147e-06,1.957802719859000184e-06,1.964275483896739048e-06,1.920277770618567512e-06,1.944249723862908049e-06,1.952778991059111345e-06,1.961026696903248628e-06,1.921796419932840981e-06,1.949166081946792254e-06,1.957915315229657417e-06,1.921656787348106197e-06,1.950435824348495539e-06,1.958746376107519473e-06,1.965990427641403422e-06,1.932585504440628093e-06,1.961114497715490977e-06,1.966934993099288730e-06,1.935299493912196131e-06,1.963046878200184481e-06,1.966904164204915092e-06,1.936678614847864049e-06,1.962986878936492895e-06,1.964492174700988991e-06,1.964467089083846881e-06,1.959763568737154821e-06,1.983412330072723263e-06,2.006252376360902738e-06,2.002794208203137421e-06,2.025075726486875524e-06,2.046330814082554341e-06,2.066475517411757595e-06,2.064230776013983996e-06,2.083424986583227539e-06,2.101334219618839983e-06,2.099742516277397416e-06,2.116478714444910465e-06,2.131784550948953599e-06,2.145604880769596099e-06,2.144634210933828817e-06,2.157039525096441446e-06,2.167853055696087114e-06,2.167210800230899043e-06,2.176483461318961135e-06,2.184083967147136344e-06,2.183685782711779401e-06,2.189653466777677409e-06,2.193893206182782083e-06,2.196388432089122496e-06,2.196223257122795443e-06,2.197004461878853304e-06,2.196027251701925707e-06,2.195989178161555595e-06,2.193276128042001445e-06,2.188796476670230530e-06,2.182559010810952982e-06,2.182649399874463914e-06,2.174694486631271442e-06,2.165011658178079957e-06,2.165178192264517930e-06,2.153812847089751762e-06,2.140768239411087525e-06,2.140999800366145274e-06,2.126327152251855190e-06,2.110041226488510967e-06,2.092181326170082816e-06,2.092488476314929387e-06,2.073115085879517597e-06,2.052256723984080396e-06,2.052615169698381118e-06,2.030337988753780564e-06,2.006678188531895462e-06,1.981691524201597840e-06,1.982113638411868256e-06,1.955873748719110902e-06,1.928425935373021652e-06,1.928893109188467965e-06,1.900314906366924836e-06,1.870656412019420352e-06,1.839984190103847505e-06,1.840508351816684083e-06,1.808904101172741046e-06
4.771783720474601896e-06,4.771397047379865211e-06,4.852230162138438044e-06,4.930397031457856222e-06,5.005723916732991109e-06,5.005380223413407466e-06,5.077708948959343964e-06,5.146864134087407374e-06,5.146554640991411176e-06,5.212389366983211307e-06,5.274739527638196551e-06,5.333459445025299187e-06,5.333198837026660304e-06,5.388163197252219881e-06,5.439229059679375490e-06,5.439008526980505590e-06,5.486068299515855102e-06,5.528995416712989367e-06,5.567686511564836249e-06,5.567526507828929491e-06,5.601904991375726552e-06,5.631871627956392435e-06,5.631765257879012343e-06,5.657267634357156671e-06,5.678225479262417480e-06,5.678183661745946374e-06,5.694571615512937450e-06,5.706328243322444231e-06,5.713426821728815945e-06,5.713497283636463104e-06,5.715947016243324682e-06,5.713745122446940344e-06,5.713929457743009746e-06,5.707099676517285615e-06,5.695633054167915800e-06,5.679563773362420403e-06,5.679960726681532749e-06,5.659402698388776073e-06,5.634353548052402809e-06,5.634975883281578440e-06,5.605597973258319970e-06,5.571891787506423983e-06,5.572819354624391966e-06,5.535003767405092824e-06,5.493073867690145655e-06,5.447147980534839361e-06,5.448655325425811578e-06,5.399046873059332528e-06,5.345729717991158598e-06,5.347848166252645666e-06,5.291219325966627179e-06,5.231217963663547012e-06,5.168016246931570400e-06,5.171271578781141371e-06,5.105405933639314732e-06,5.036743698295447107e-06,5.041166581448040527e-06,4.970369956897911414e-06,4.897225530970748419e-06,4.880513088541236422e-06,4.946622383575394333e-06,4.866247738659850785e-06,4.840756635577257843e-06,4.906900490207181145e-06,4.819998120683644922e-06,4.785999390456295920e-06,4.852181868752985796e-06,4.759686009576821709e-06,4.717687718530300516e-06,4.671349625882610429e-06,4.737162630103922797e-06,4.637867987059141655e-06,4.584653190405501929e-06,4.650836853142975952e-06,4.549220281454863239e-06,4.490294719907936338e-06,4.428105184793166063e-06,4.494619952775831020e-06,4.391879492222817073e-06,4.326093200257545313e-06,4.394017921972344574e-06,4.293628089867327430e-06,4.226080405261172486e-06,4.296101881535951398e-06,4.200308085734964391e-06,4.133063835496870024e-06,4.065332958400311349e-06,4.138477079661596077e-06,4.052426674008376663e-06,3.988261372332881044e-06,4.065444710413665321e-06,3.989764733955419472e-06,3.931564634142779271e-06,3.875459347366177864e-06,3.958558666585014611e-06,3.900819563289049055e-06,3.854135714696635297e-06,3.943344660462702562e-06,3.901231494443498954e-06,3.866176395025464735e-06,3.962194127782526651e-06,3.937333911750876350e-06,3.915824983082337053e-06,3.899815329348419737e-06,4.005014451890855673e-06,4.006215371445149516e-06,4.005926869502662388e-06,4.118686245323813947e-06,4.139068745582484565e-06,4.155242153054084283e-06,4.178234394258063950e-06,4.300197054540967372e-06,4.347122734286580836e-06,4.386693198140403296e-06,4.514865603511327975e-06,4.578969373065220143e-06,4.634120007217384726e-06,4.695787355106059514e-06,4.829891456254859132e-06,4.915068388541924752e-06,4.989816908441489656e-06,5.126046560326663386e-06,5.222081057199719935e-06,5.307048198045957361e-06,5.442785857476708079e-06,5.545877013403709526e-06,5.637542225754869820e-06,5.732222636314603594e-06,5.862834027285786256e-06,5.969991217588849071e-06,6.065780406315236739e-06,6.188477503615821268e-06,6.292192349194413294e-06,6.384619970204789752e-06,6.476213078375190004e-06,6.583261890438905120e-06,6.676179133469596054e-06,6.758262785851727362e-06,6.849423689934988716e-06,6.928422443514500318e-06,6.996834506713372094e-06,7.069090808920894550e-06,7.130473131573252211e-06,7.181589054822127939e-06,7.226917131475619792e-06,7.270386751355864583e-06,7.304134188633152903e-06,7.328376094387584383e-06,7.348106653630982259e-06,7.358476575888985836e-06,7.359986361655126428e-06,7.359986361655126428e-06,7.354163511547447685e-06,7.341364901192467246e-06,7.319543441977714359e-06,7.290368657734872893e-06,7.253404387212427193e-06,7.207598257216697455e-06,7.155888776920361764e-06,7.097355575982859243e-06,7.030570112181849581e-06,6.955056236805860133e-06,6.876533482720675377e-06,6.789918822462825450e-06,6.694608730523781818e-06,6.598904672492195225e-06,6.495501090476726488e-06,6.383267215040896146e-06,6.273763203484665902e-06,6.161006018200946270e-06,6.041222037652634722e-06,5.911678336703968930e-06,5.790233735664564406e-06,5.662451804377520544e-06,5.523932939751645086e-06,5.397725023134602680e-06,5.271439271938632667e-06,5.139774460373737622e-06,4.994821773094004683e-06,4.868846920978569359e-06,4.738336755902035500e-06,4.592330650460556447e-06,4.470086627624240062e-06,4.344202132985808662e-06,4.200094682690501902e-06,4.084556073509647056e-06,3.972455730653828761e-06,3.858024481072982399e-06,3.720259530680217568e-06,3.617932119338927802e-06,3.514335144379551621e-06,3.383607277833998087e-06,3.292678747303244070e-06,3.206269598931918090e-06,3.120238101279856973e-06,3.000811399005994963e-06,2.926938188904594680e-06,2.854698441481695483e-06,2.744780234808819102e-06,2.683696540597785428e-06,2.627046562063613582e-06,2.574024976083149639e-06,2.476941097287753456e-06,2.432539923807977193e-06,2.393196445214966306e-06,2.305762074082342059e-06,2.272820095605375526e-06,2.246408333166571409e-06,2.168169658768236538e-06,2.145594959413215150e-06,2.125993291895680135e-06,2.115223690214074716e-06,2.047825972172787827e-06,2.036714743368235852e-06,2.035960011911234618e-06,1.975970169988418743e-06,1.971901512099492597e-06,1.969409565145655800e-06,1.979577396644555888e-06,1.927706543997589561e-06,1.930222076226233390e-06,1.946843766812941443e-06,1.900264856625716192e-06,1.906389203644051435e-06,1.927998358751250652e-06,1.885847651436306848e-06,1.894282592230545188e-06,1.902567923016744153e-06,1.928288270106740381e-06,1.890560637808905021e-06,1.899605048589930586e-06,1.927213282803641201e-06,1.892240709745406821e-06,1.901096599176083480e-06,1.909001735929514370e-06,1.936965053847256578e-06,1.904622756643528950e-06,1.911327783210185622e-06,1.938885773679880457e-06,1.908178065841943285e-06,1.913119791069503981e-06,1.939564645666517944e-06,1.910159640488121441e-06,1.912922084477149748e-06,1.937690159952632204e-06,1.961866872090718406e-06,1.957446025332168710e-06,1.981349620116959992e-06,2.004419010703475640e-06,2.001166888885307566e-06,2.023633192820889389e-06,2.045053694977722155e-06,2.065346190229207537e-06,2.063233232148300068e-06,2.082544703893774368e-06,2.100558041765792745e-06,2.099058538957168506e-06,2.115876178466498867e-06,2.131253742046401680e-06,2.145137036005914512e-06,2.144221431518001380e-06,2.156674695407096991e-06,2.167529768282651069e-06,2.166923286545130433e-06,2.176226527916298855e-06,2.183852937087799436e-06,2.183476441885660106e-06,2.189462014874376037e-06,2.193716212028235211e-06,2.196222793072805687e-06,2.196066162444137383e-06,2.196853359347900562e-06,2.195879817837182342e-06,2.195843291337012203e-06,2.193129844445390320e-06,2.188648008845301798e-06,2.182406708567817683e-06,2.182491733363661569e-06,2.174530031388962913e-06,2.164839081961590133e-06,2.164996243509138006e-06,2.153620344829242411e-06,2.140564064515561397e-06,2.140782887961899694e-06,2.126096485198213883e-06,2.109795829796787499e-06,2.091920262259330418e-06,2.092210841008215689e-06,2.072820005053007659e-06,2.051943350789247213e-06,2.052282682285164540e-06,2.029985588429518408e-06,2.006305098297352004e-06,1.981296987611413543e-06,1.981696918712293782e-06,1.955434128220993516e-06,1.927962715022650047e-06,1.928405608303159918e-06,1.899802462506101169e-06,1.870118380965434885e-06,1.839419945930027302e-06,1.839917287022897715e-06
4.770981669884052558e-06,4.851834068649615179e-06,4.930019751205615964e-06,5.005364964919580402e-06,5.005039101091285380e-06,5.077385142814035481e-06,5.146557116104738022e-06,5.146263867985267531e-06,5.212114279956818854e-06,5.274479550948364135e-06,5.333213985315225263e-06,5.332967281888631389e-06,5.387944913576916984e-06,5.439023391643464435e-06,5.438814793618675516e-06,5.485885791817599488e-06,5.528823394177977142e-06,5.567524198143901113e-06,5.567373087170347369e-06,5.601759601288616078e-06,5.631733353994786812e-06,5.631633125941350269e-06,5.657140602186748020e-06,5.678102426724751051e-06,5.678063379748702731e-06,5.694452793424169146e-06,5.706209454731763925e-06,5.713306508385551077e-06,5.713373737387785372e-06,5.715818358784395997e-06,5.713609282684272414e-06,5.713784146561620239e-06,5.706942358732110130e-06,5.695460917430363397e-06,5.679373693784206359e-06,5.679749230930236233e-06,5.659165922003181252e-06,5.634087189720760652e-06,5.634675154823000821e-06,5.605257545046622369e-06,5.571505729077401729e-06,5.572381070212048289e-06,5.534505926160003482e-06,5.492508328344505309e-06,5.446505710293993311e-06,5.447926312885770850e-06,5.398220034974191100e-06,5.344792799743978558e-06,5.346787635918485609e-06,5.290020261897514289e-06,5.229863935572462811e-06,5.166489190506454938e-06,5.169551663920615668e-06,5.103471426469593196e-06,5.034570817202914745e-06,5.038729347444249699e-06,4.967640038723353707e-06,4.894172085440647652e-06,4.818540517607774115e-06,4.824675457895113038e-06,4.804376498011144611e-06,4.779466419513225722e-06,4.787565928048327234e-06,4.758801676198419812e-06,4.725494030806292838e-06,4.736062886694848767e-06,4.699201161316921739e-06,4.657965645357114931e-06,4.563758801211766902e-06,4.627243811337372517e-06,4.578798334738167393e-06,4.526402461443173475e-06,4.545192711018235394e-06,4.490518600836408781e-06,4.432350053464789095e-06,4.332091825934754099e-06,4.396276246073045757e-06,4.333709303778095562e-06,4.268510209151612077e-06,4.299831377647427623e-06,4.234503001802642545e-06,4.167295896663147430e-06,4.205508691004262362e-06,4.139295397544090389e-06,4.072062192987224113e-06,3.982598060289081278e-06,4.053092908442377673e-06,3.987997510597916583e-06,3.923277648924940081e-06,3.981202295302488656e-06,3.920527705153927070e-06,3.861260913391886328e-06,3.795130093299827736e-06,3.875114203606746987e-06,3.823635667040184948e-06,3.775098970000983344e-06,3.857012947392444065e-06,3.815560235745187619e-06,3.778049651474036784e-06,3.871001548799803215e-06,3.841602466527188265e-06,3.817050174002287141e-06,3.804168139653660490e-06,3.905440562350768503e-06,3.895401667658497197e-06,3.891318474355508420e-06,4.009565136596073458e-06,4.015101752223991407e-06,4.027073300824945796e-06,4.058812063625667059e-06,4.176579103903881633e-06,4.204816820276324581e-06,4.239822353661221582e-06,4.378479170971243681e-06,4.422482454893053618e-06,4.473071577491168275e-06,4.545715402951759380e-06,4.676037124729428548e-06,4.740648244870705048e-06,4.811154239092839373e-06,4.959472323899379784e-06,5.035792287256537270e-06,5.117092844794433449e-06,5.264908770639744111e-06,5.349932652957551776e-06,5.438759001063021111e-06,5.543745033228417842e-06,5.672958471863355653e-06,5.765506840862192654e-06,5.859905081956623457e-06,5.993605055013994581e-06,6.085703239807809839e-06,6.178064794687241201e-06,6.278742985005296591e-06,6.387246431017614044e-06,6.473198865414187816e-06,6.557174152081896994e-06,6.658146715526284429e-06,6.733460746164549389e-06,6.805275865978337345e-06,6.887133000800131833e-06,6.947950612695150839e-06,7.003928819626507510e-06,7.057840253240716400e-06,7.107290677247396802e-06,7.144414802089999643e-06,7.175257351347944746e-06,7.204126372202804819e-06,7.220202292471076715e-06,7.229362867295407672e-06,7.231890882525119682e-06,7.231890882525119682e-06,7.227284826742112715e-06,7.213868733070219514e-06,7.193238842500774439e-06,7.164369821645915213e-06,7.128475460006633902e-06,7.085601785548464411e-06,7.033736244575762881e-06,6.975592291490969792e-06,6.911867841100389043e-06,6.842005247532604964e-06,6.760148112710810476e-06,6.677790391979988551e-06,6.590239680912154502e-06,6.489267117467766220e-06,6.391168501221143239e-06,6.289019150694343887e-06,6.175144080282539052e-06,6.061387676759687627e-06,5.948153773241228198e-06,5.832603134490453679e-06,5.698903161433082555e-06,5.578329047502966087e-06,5.456754601355978259e-06,5.319630045485852488e-06,5.190570729205233464e-06,5.066714161613895743e-06,4.943549097765639738e-06,4.795733171920329923e-06,4.673139115040050154e-06,4.552356880530926280e-06,4.404038795724385870e-06,4.285910968590070143e-06,4.170553723591190337e-06,4.030658143628869132e-06,3.913779114177962422e-06,3.806405091934908416e-06,3.702753226673494838e-06,3.564096409363472315e-06,3.466714808141861629e-06,3.373532456926957251e-06,3.247687634044776365e-06,3.156693515320546990e-06,3.075199722493968709e-06,2.998168490475220835e-06,2.879921828234655373e-06,2.810769952702381425e-06,2.746078172120752034e-06,2.640859059315441660e-06,2.581716942701145535e-06,2.529321897401496362e-06,2.481066676643374549e-06,2.388114779317613624e-06,2.347537156027636219e-06,2.310742073635345232e-06,2.228828096243989120e-06,2.199230803820285852e-06,2.172959544832242466e-06,2.098370447312232593e-06,2.082006094228487997e-06,2.065081051169356523e-06,2.050722424222666474e-06,1.992797777869379463e-06,1.983883450602122339e-06,1.976972902176546276e-06,1.919798215018987735e-06,1.925781359874246934e-06,1.924902425066207265e-06,1.925241726863397373e-06,1.887028933639349916e-06,1.890774912540799845e-06,1.895214526334705329e-06,1.863893361925178949e-06,1.870920019114215448e-06,1.878159085999984222e-06,1.837889536540035980e-06,1.861862072059333357e-06,1.870713611474053712e-06,1.879205835028824991e-06,1.860415632534820378e-06,1.869830853115388631e-06,1.878548183028074771e-06,1.845055087690377960e-06,1.872831457692231072e-06,1.880940884769409720e-06,1.887999016629782121e-06,1.877430456005845967e-06,1.884254421870519104e-06,1.889840307306832486e-06,1.881741362512204242e-06,1.886752801577463944e-06,1.890396600612473948e-06,1.884262665368879135e-06,1.909868589571682023e-06,1.934960159547678062e-06,1.959429513031198815e-06,1.955272964461341911e-06,1.979414864405512130e-06,2.002698762132391953e-06,1.999639394587944471e-06,2.022278600892897641e-06,2.043853916273914512e-06,2.064284766384169130e-06,2.062295209982543841e-06,2.081716516299377968e-06,2.099827395104663365e-06,2.098414306951038545e-06,2.115308302510290488e-06,2.130753137835344041e-06,2.144695506331439318e-06,2.143831585057636178e-06,2.156329871308886282e-06,2.167223966324766077e-06,2.166651102635793322e-06,2.175983094687609363e-06,2.183633869329123207e-06,2.183277786557520913e-06,2.189280205441927611e-06,2.193548026854047423e-06,2.196065317611532274e-06,2.195916754986313979e-06,2.196709620066402969e-06,2.195739560897444469e-06,2.195704519840736934e-06,2.192990727986944938e-06,2.188506863470073960e-06,2.182261978932346300e-06,2.182341976908147711e-06,2.174373904343722669e-06,2.164675327019945688e-06,2.164823679010112339e-06,2.153437855304071480e-06,2.140370592462442638e-06,2.140577426723464341e-06,2.125878072825901086e-06,2.109563543795571976e-06,2.091673215115091188e-06,2.091948176408394490e-06,2.072540894719108065e-06,2.051646991847123019e-06,2.051968295105995036e-06,2.029652414880822139e-06,2.005952400349393107e-06,1.980924046249903669e-06,1.981303033113423936e-06,1.955018615149517618e-06,1.927524908418079694e-06,1.927944859023047754e-06,1.899318138199002462e-06,1.869609866049380182e-06,1.838886641655305784e-06
4.851459607667802215e-06,4.929663079320576564e-06,5.005025618881220796e-06,5.004716604587075366e-06,5.077079006259732838e-06,5.146266836324582756e-06,5.145988927759348636e-06,5.211854147410232272e-06,5.274233678753616887e-06,5.332981809675678173e-06,5.332748221266904425e-06,5.387738367127845271e-06,5.438828737306552105e-06,5.438631385819929307e-06,5.485712958725119967e-06,5.528660434449818907e-06,5.567370377100336830e-06,5.567227632315897658e-06,5.601621697101991353e-06,5.631602135897182610e-06,5.631507673345450936e-06,5.657019930520261492e-06,5.677985478313354483e-06,5.677949013434019799e-06,5.694339772782785195e-06,5.706096434751396863e-06,5.713192020444467043e-06,5.713256172373328757e-06,5.715695948176316989e-06,5.713480077418410619e-06,5.713645993479621497e-06,5.706792874413279577e-06,5.695297459192803034e-06,5.679193327634042085e-06,5.679548696230407401e-06,5.658941592626966415e-06,5.633835031450437592e-06,5.634390678750744850e-06,5.604935756733550026e-06,5.571141073227581796e-06,5.571967370621809619e-06,5.534036320709302333e-06,5.491975198806699064e-06,5.445900606753607439e-06,5.447239872571008545e-06,5.397441895332400525e-06,5.343911505614460893e-06,5.345790540688208036e-06,5.288893422561844947e-06,5.228592001665306583e-06,5.165055286912404100e-06,5.167937267636217330e-06,5.101656237441799857e-06,5.032532623440370694e-06,5.036443884671408415e-06,4.965080844928526495e-06,4.891310350756963416e-06,4.815344930060476050e-06,4.821112045649511491e-06,4.743737817644083285e-06,4.664659092269481669e-06,4.727014505544471307e-06,4.698861239716686142e-06,4.613828892306819017e-06,4.676172623044759460e-06,4.640011864288949502e-06,4.549943590548686122e-06,4.506826855063730227e-06,4.568747063839929860e-06,4.474784312140152370e-06,4.425028136448217206e-06,4.487194697364961648e-06,4.433288487365164194e-06,4.335333945373549597e-06,4.276788254845472106e-06,4.339103539824858382e-06,4.240943992746928733e-06,4.178654047804698421e-06,4.242117384969153040e-06,4.177255703454432906e-06,4.081237075034945098e-06,4.146462079419843955e-06,4.080442841923709557e-06,3.989049734571015023e-06,3.923717820070914517e-06,3.991572061742140000e-06,3.906996735063119777e-06,3.844382646101170390e-06,3.915773246946537712e-06,3.854353763648416412e-06,3.782544928353998068e-06,3.726520241634915854e-06,3.803130810537966099e-06,3.743440355834894944e-06,3.695566515981848413e-06,3.777694433179777960e-06,3.734207141060377074e-06,3.694445632051512820e-06,3.782810058853706589e-06,3.750800484364810531e-06,3.727409348325437378e-06,3.706851550326187982e-06,3.803752051429412808e-06,3.797806238214273769e-06,3.791643892957589613e-06,3.895756409985833472e-06,3.897459593217941385e-06,3.916950577873836154e-06,3.932415866161936172e-06,4.045556602280050882e-06,4.082911883721011728e-06,4.114182519945220309e-06,4.233724738852029982e-06,4.273306066694808426e-06,4.334411602684648162e-06,4.387213714667918184e-06,4.513411683749935851e-06,4.588943464798782908e-06,4.655101744488046078e-06,4.784438079602319252e-06,4.856858624460321617e-06,4.948927806579808056e-06,5.079181565606481039e-06,5.160953947608843185e-06,5.260241721964376750e-06,5.348995055492212866e-06,5.476558888346949091e-06,5.579160624760854311e-06,5.671093870387565647e-06,5.793013126695567178e-06,5.884236438030199865e-06,5.985815838587485533e-06,6.076960767689286711e-06,6.186641608813618700e-06,6.281490768762284218e-06,6.366037999850063632e-06,6.462586787299649975e-06,6.540266819843181384e-06,6.620500788495759355e-06,6.700911019605531074e-06,6.765540449739597345e-06,6.829924482958901550e-06,6.884697369857608583e-06,6.939784345259090749e-06,6.985362836401140762e-06,7.021666029806650179e-06,7.055260407563085561e-06,7.078105977083837648e-06,7.095570301905423199e-06,7.104564801099089544e-06,7.107875881420297138e-06,7.107875881420297138e-06,7.102611381951683945e-06,7.089617764004239738e-06,7.069807820675851448e-06,7.042333865435533993e-06,7.006699098610524499e-06,6.965009696966564370e-06,6.915680336594137231e-06,6.858123680245445543e-06,6.796109059730408336e-06,6.726409573514699131e-06,6.652339948479398089e-06,6.568391834169412835e-06,6.480715255023338741e-06,6.390325710970361709e-06,6.289325264798891224e-06,6.189660337483735239e-06,6.083042704090862008e-06,5.967906507867536290e-06,5.857269931483936286e-06,5.740260740481432572e-06,5.625067244903579932e-06,5.496168937473622995e-06,5.377085752814542171e-06,5.252443900604383737e-06,5.116981425663231191e-06,4.995411876319182288e-06,4.869014463830358195e-06,4.748779146392125130e-06,4.609581307770222243e-06,4.484908558527836158e-06,4.367847577212122492e-06,4.229196548279596963e-06,4.115257836601698487e-06,3.998354424427045603e-06,3.862803102701650035e-06,3.756403778418869744e-06,3.647939283575506934e-06,3.549006244721919426e-06,3.420770166667202683e-06,3.327951439999510601e-06,3.234432172699160612e-06,3.113551117715452473e-06,3.032004958430606064e-06,2.950824271500442560e-06,2.878456108961661147e-06,2.768808727171190934e-06,2.703599136763648567e-06,2.640442971091193555e-06,2.539965279604918929e-06,2.486781395756780331e-06,2.436893046873832107e-06,2.392528446349767881e-06,2.304156690879181359e-06,2.267187780688383896e-06,2.233840050094281880e-06,2.154428317483832617e-06,2.127076312083889695e-06,2.106371164549450654e-06,2.035401714521269262e-06,2.017391237382773158e-06,2.007425769916962533e-06,1.995405902178906073e-06,1.934272494050388947e-06,1.926421044235076620e-06,1.928772216367512849e-06,1.874304960600521360e-06,1.872628483411692909e-06,1.882547774336469284e-06,1.884250731417820183e-06,1.837022999334035113e-06,1.853110328130648771e-06,1.858572930732713715e-06,1.816038520814823705e-06,1.823005839370907956e-06,1.844901240147265527e-06,1.806273755368223807e-06,1.815091644070988949e-06,1.840022565437109839e-06,1.848965829732593320e-06,1.814212308073214244e-06,1.823255209703859836e-06,1.850043252843975429e-06,1.817698778255791872e-06,1.826362812420438978e-06,1.853687810112207693e-06,1.860904120121982866e-06,1.830847374080139286e-06,1.857891698439164971e-06,1.863571652111283944e-06,1.834939909199070351e-06,1.861024579539833538e-06,1.886833177353513276e-06,1.881067048559206897e-06,1.907006800778802975e-06,1.932400878755247532e-06,1.957143920698738594e-06,1.953234587076036868e-06,1.977599424162131372e-06,2.001084031276662964e-06,1.998205054864348526e-06,2.021006108450065378e-06,2.042726372299728005e-06,2.063286793668348020e-06,2.061412835536865941e-06,2.080937060104674241e-06,2.099139364999139747e-06,2.097807299626120361e-06,2.114772910537796304e-06,2.130280862613073969e-06,2.144278676802903056e-06,2.143463282035299991e-06,2.156003857208651847e-06,2.166934620102016402e-06,2.166393359699930291e-06,2.175752391562180613e-06,2.183426092818036808e-06,2.183089227174147748e-06,2.189107514856755484e-06,2.193388179117647411e-06,2.195915573912653087e-06,2.195774631709623231e-06,2.196572859920510703e-06,2.195606106891099109e-06,2.195572491893281842e-06,2.192858401968048948e-06,2.188372652473210188e-06,2.182124416596337757e-06,2.182199702611170717e-06,2.174225650104345940e-06,2.164519905949942244e-06,2.164659975173847554e-06,2.153264814849156292e-06,2.140187215895950117e-06,2.140382762217334909e-06,2.125671210444107206e-06,2.109343610544199484e-06,2.091439370724635293e-06,2.091699609765316271e-06,2.072276820870967376e-06,2.051366649512466367e-06,2.051670944626575507e-06,2.029337336559698312e-06,2.005618893124002808e-06,1.980571426654339348e-06,1.980930634488869209e-06,1.954625787066173116e-06,1.927111016275876813e-06,1.927509283802128845e-06,1.898860276334243906e-06,1.869129129406287320e-06
4.929325807235828887e-06,5.004704728186267541e-06,5.004411640620205759e-06,5.076789502098236837e-06,5.145992312477172206e-06,5.145728891732013928e-06,5.211608093121842966e-06,5.274001085774471283e-06,5.332762142258931298e-06,5.332540927139139665e-06,5.387542876001097520e-06,5.438644459069758593e-06,5.438457708363094231e-06,5.485549245344421440e-06,5.528506020776427576e-06,5.567224567489821050e-06,5.567089695628877092e-06,5.601490861799933952e-06,5.631477584370224757e-06,5.631388535381561671e-06,5.656905275817215451e-06,5.677874307926703556e-06,5.677840250045674749e-06,5.694232249665899221e-06,5.705988883298120546e-06,5.713083056113770855e-06,5.713144278906651664e-06,5.715579459919286645e-06,5.713357159577440498e-06,5.713514620132948283e-06,5.706650804087049346e-06,5.695142207804311372e-06,5.679022138596397394e-06,5.679358507505786811e-06,5.658729000509627412e-06,5.633596250855775489e-06,5.634121499783388731e-06,5.604631497305808432e-06,5.570796527499955998e-06,5.571576753039928286e-06,5.533593205416883008e-06,5.491472454222310666e-06,5.445330325110364136e-06,5.446593294233307709e-06,5.396709327722651231e-06,5.343082236605840391e-06,5.344852746347124863e-06,5.287834069156331186e-06,5.227396741893265759e-06,5.163708350346827180e-06,5.166421345433370032e-06,5.099952361413223083e-06,5.030620039650440955e-06,5.034299921789378220e-06,4.962680777637367708e-06,4.888627258601040677e-06,4.812349552199967365e-06,4.817772632081346178e-06,4.740019977546832909e-06,4.660525640232596455e-06,4.667682088796326632e-06,4.587349300108809649e-06,4.556595030891143560e-06,4.617532102268018196e-06,4.531773291325632666e-06,4.493481951263225345e-06,4.451132067392354980e-06,4.464209681812208284e-06,4.419001908378364638e-06,4.370025016003660654e-06,4.386639666537532360e-06,4.335374012186338134e-06,4.280738139699755002e-06,4.222930004617952719e-06,4.245386024120082335e-06,4.186307393064260236e-06,4.124619503177185305e-06,4.152389340879892025e-06,4.090326993731452354e-06,4.026326813101798599e-06,4.089376071999624546e-06,3.996904736578952986e-06,3.932376090081360177e-06,3.867049801461481458e-06,3.910583215732307500e-06,3.847489452937365062e-06,3.784490131819930250e-06,3.836223835495266058e-06,3.776655878355202440e-06,3.718127095934935227e-06,3.661082077378409932e-06,3.724961560919412143e-06,3.673077111042156527e-06,3.623651122540091996e-06,3.697383968703258666e-06,3.654260903795644782e-06,3.614541266467754734e-06,3.699072730630116120e-06,3.666155628663359911e-06,3.638033025588985195e-06,3.614588954407374183e-06,3.712528699831108361e-06,3.697590210113951586e-06,3.688033350326555077e-06,3.796166698781185318e-06,3.795589475882706339e-06,3.800918931070793384e-06,3.812394362401047444e-06,3.933068010163019413e-06,3.953735172920793471e-06,3.980759701065586925e-06,4.109508414545423600e-06,4.145340250219124076e-06,4.187480416485221381e-06,4.235913354045398763e-06,4.372828067159037362e-06,4.428958460425901666e-06,4.490938218617997779e-06,4.631477194678298588e-06,4.699775387121976195e-06,4.773202533815104963e-06,4.900449465352784023e-06,4.992776403559038283e-06,5.074909163179735938e-06,5.160793032358496449e-06,5.299261135863560645e-06,5.386807260305067710e-06,5.476824851868548706e-06,5.609279909207009439e-06,5.698527790404176128e-06,5.788825544427168745e-06,5.879609135722103420e-06,5.999009581863412445e-06,6.085549945338958684e-06,6.171066605704592468e-06,6.276994843488972883e-06,6.355753714353419215e-06,6.432018753034449832e-06,6.515821625434144548e-06,6.588738404080486861e-06,6.652066486073103172e-06,6.711060374203308702e-06,6.774889884930109378e-06,6.822089528065814883e-06,6.863887114140633828e-06,6.906173046847581717e-06,6.934715533228031629e-06,6.957065964354455810e-06,6.972982366424293806e-06,6.984697436946409215e-06,6.986164767026880496e-06,6.986164767026880496e-06,6.980886763848040805e-06,6.969171693325924549e-06,6.949266740995009341e-06,6.922571681592921883e-06,6.889149706838298691e-06,6.846863774131350801e-06,6.799472347223135195e-06,6.745784362605287718e-06,6.681954851878487042e-06,6.615397600063200504e-06,6.543250779319045929e-06,6.463712671107798027e-06,6.376277648861874304e-06,6.288147108366511349e-06,6.195736876082878965e-06,6.089808638298499397e-06,5.988685960787798917e-06,5.884422960913321961e-06,5.765022514772012090e-06,5.654246472322450221e-06,5.541544045921653809e-06,5.427349697773135963e-06,5.294894640434675230e-06,5.177274050781391346e-06,5.059370399096660950e-06,4.920902295591597601e-06,4.801826853554260480e-06,4.683608974711910949e-06,4.561102966543199058e-06,4.425018237944978720e-06,4.309626574950062903e-06,4.196423310511248998e-06,4.055884334450947342e-06,3.946089413865957180e-06,3.839287659321299126e-06,3.702372946207660104e-06,3.600489503330491311e-06,3.502219337802197224e-06,3.407699399505048945e-06,3.278950686025212270e-06,3.190821965247323418e-06,3.106795803032383521e-06,2.986122155270412823e-06,2.909211913236555490e-06,2.836566814752515272e-06,2.768156655938676852e-06,2.660023307484047034e-06,2.599142284847142948e-06,2.542423729459796164e-06,2.444483984036061986e-06,2.395291203415546873e-06,2.350042430675754328e-06,2.308783789457779577e-06,2.224571306073523036e-06,2.190199759532146633e-06,2.159248052815648937e-06,2.085515206652716896e-06,2.061131666895813088e-06,2.039716894341221941e-06,1.975837410802816310e-06,1.960333159770170851e-06,1.947295340781860548e-06,1.936503771201726220e-06,1.884770067564351888e-06,1.878831802128985405e-06,1.874614159021176698e-06,1.831080744957215160e-06,1.830914489590382447e-06,1.831949789876686160e-06,1.845161995349692070e-06,1.800045070177629518e-06,1.805038869819253809e-06,1.810555273714799179e-06,1.782785440874496528e-06,1.790513770208388979e-06,1.798330974484566290e-06,1.775874969376200319e-06,1.785217381408641433e-06,1.794266712994633808e-06,1.802894610881047739e-06,1.786280010736678386e-06,1.795623957068052945e-06,1.804246363647265906e-06,1.791168863274406616e-06,1.800010976551962802e-06,1.807889793925315111e-06,1.834550306743018702e-06,1.805400463330593140e-06,1.811939315427940488e-06,1.837962360762137230e-06,1.830806464712051952e-06,1.857306737852896925e-06,1.883493748864275180e-06,1.878071637203859433e-06,1.904323650103218959e-06,1.930000720092554670e-06,1.954999824215041462e-06,1.951321816343144272e-06,1.975895294818676064e-06,1.999567774247236717e-06,1.996857684520500599e-06,2.019810296017382592e-06,2.041666324741818005e-06,2.062348138211410169e-06,2.060582509937571652e-06,2.080203208709206071e-06,2.098491240592245745e-06,2.097235171025776705e-06,2.114267975853202529e-06,2.129835168051056619e-06,2.143885040879975616e-06,2.143115225029389852e-06,2.155695535665464622e-06,2.166660766195887512e-06,2.166149225237434822e-06,2.175533696408447771e-06,2.183228977520279920e-06,2.182910209554098852e-06,2.188943450343162885e-06,2.193236224591465880e-06,2.195773154840766631e-06,2.195639412347633356e-06,2.196442716371058663e-06,2.195479102811134620e-06,2.195446856651479204e-06,2.192732511061973243e-06,2.188245010024720314e-06,2.181993639752922436e-06,2.182064507690309760e-06,2.174084840327451639e-06,2.164372360621900572e-06,2.164504640173507588e-06,2.153100694305263004e-06,2.140013364931950154e-06,2.140198280657078154e-06,2.125475237378772890e-06,2.109135319668685672e-06,2.091217966359209456e-06,2.091464323485446520e-06,2.072026908675008615e-06,2.051101389463196155e-06,2.051389634908490955e-06,2.029039293899515207e-06,2.005303451526913800e-06,1.980237936413350046e-06,1.980578461428900897e-06,1.954254311988654355e-06,1.926719634573258749e-06,1.927097405215120482e-06,1.898427324827671594e-06
5.004401215036736413e-06,5.004123185007066595e-06,5.076515658734232998e-06,5.145732624450850541e-06,5.145482890091131100e-06,5.211375296314022165e-06,5.273780998920053235e-06,5.332554256227879460e-06,5.332344717400478098e-06,5.387357801209699098e-06,5.438469959351259141e-06,5.438293203253423046e-06,5.485394131335702897e-06,5.528359668415972057e-06,5.567086317973494805e-06,5.566958856824348618e-06,5.601366703629090822e-06,5.631359333473499634e-06,5.631275368979980899e-06,5.656796314680640697e-06,5.677768608349156012e-06,5.677736794720606644e-06,5.694129937346075538e-06,5.705886517116263723e-06,5.712979330431447626e-06,5.713037764550094918e-06,5.715468587651981835e-06,5.713240201650526623e-06,5.713389669745787853e-06,5.706515752581950477e-06,5.694994719411401900e-06,5.678859622537130931e-06,5.679178087256887734e-06,5.658527480023377961e-06,5.633370077527813242e-06,5.633866723955702252e-06,5.604343728090730867e-06,5.570470884710810688e-06,5.571207815015913411e-06,5.533174952534030985e-06,5.490998207889220676e-06,5.444792682057197039e-06,5.445984055915515883e-06,5.396019424677460163e-06,5.342301647619822519e-06,5.343970412317751519e-06,5.286837801559284998e-06,5.226273125800977297e-06,5.162442641982326027e-06,5.164997364287434557e-06,5.098352377002102027e-06,5.028824653046336506e-06,5.032287942116554028e-06,4.960429093793179811e-06,4.886110706533494579e-06,4.809540778151443326e-06,4.814641952291842832e-06,4.736535234999203267e-06,4.656652059116482782e-06,4.663382127466466304e-06,4.582582503416588298e-06,4.500514718242392632e-06,4.509294526235813987e-06,4.475788595886723022e-06,4.438209640793893012e-06,4.350589720182635854e-06,4.408925124936315641e-06,4.364466984774703086e-06,4.273428319495763674e-06,4.331905797771554414e-06,4.281377957313263886e-06,4.188230747873150175e-06,4.133108944908579755e-06,4.191582646370801980e-06,4.133162818047008732e-06,4.038873355509994728e-06,4.098268488476058183e-06,4.036703231951552793e-06,3.944279736860536189e-06,4.005143015960891818e-06,3.942045355621847547e-06,3.877698894000478321e-06,3.790496335730316791e-06,3.853552996843713427e-06,3.790304557757408668e-06,3.709779401219114891e-06,3.775919399833601006e-06,3.715792114628051685e-06,3.644005219820501068e-06,3.588388557153071685e-06,3.659112488264268588e-06,3.606024830967055760e-06,3.549463989476213555e-06,3.625150155918853889e-06,3.580299966892092910e-06,3.537129413438313138e-06,3.618500786605967637e-06,3.583836957134047214e-06,3.553235308381871986e-06,3.531208499395565850e-06,3.620465624839336516e-06,3.602530237340232507e-06,3.597043685739355156e-06,3.693121553851521369e-06,3.689088830329558390e-06,3.700663166977886404e-06,3.709407567394204934e-06,3.814226428528589205e-06,3.830927193773294383e-06,3.866528957562293573e-06,3.977799337799285575e-06,4.009481770931190801e-06,4.061162327503719060e-06,4.105635322248274820e-06,4.224030072302851074e-06,4.275995089131310105e-06,4.348117036703902480e-06,4.470413101451371567e-06,4.534814246887712959e-06,4.618410427772548610e-06,4.742746036395279838e-06,4.817318746947758344e-06,4.896224113503246344e-06,4.991767238192645954e-06,5.115429500552968565e-06,5.200538326005401445e-06,5.299821280742229313e-06,5.419783567365697553e-06,5.507583939771152219e-06,5.606746004958421643e-06,5.696054742700492777e-06,5.806780259690287489e-06,5.893443163832775857e-06,5.987131768685855990e-06,6.087226383034358643e-06,6.167418622280446279e-06,6.251671378310355352e-06,6.338206764932856142e-06,6.408163068127812377e-06,6.474734529636587004e-06,6.541454743225994969e-06,6.606020002210305016e-06,6.657762279889836153e-06,6.707359319424425195e-06,6.752720845929028987e-06,6.786983809959525292e-06,6.817208119200037891e-06,6.839071096992057330e-06,6.856669861831961451e-06,6.865154504081005216e-06,6.867511846974774710e-06,6.867511846974774710e-06,6.863317502518441936e-06,6.851073167161795261e-06,6.831737851852020636e-06,6.805794829085809419e-06,6.772923959642151953e-06,6.733612744865308382e-06,6.686127823320451253e-06,6.632830372039470784e-06,6.574314559386297713e-06,6.507076806784347281e-06,6.435131369912130171e-06,6.359363900072946863e-06,6.278740427324081503e-06,6.188388662631942130e-06,6.095643483744298865e-06,6.001334146644343492e-06,5.896521165512631764e-06,5.791464289258787095e-06,5.686591172069292865e-06,5.570200096203794407e-06,5.459941636088951025e-06,5.344035091016750415e-06,5.230830519215831855e-06,5.103836284102016715e-06,4.983552066141565037e-06,4.867691878243861180e-06,4.736221252932739212e-06,4.614946180443698597e-06,4.499660498436833472e-06,4.385837301837272693e-06,4.252897160150547659e-06,4.135776451075791327e-06,4.026381599799603294e-06,3.895283499456562793e-06,3.784141770740254297e-06,3.681585923917346325e-06,3.554515465201049307e-06,3.456959821372135818e-06,3.357895811153014189e-06,3.267888944631944815e-06,3.148810170574705580e-06,3.060374419448880891e-06,2.980874734911046778e-06,2.869299219872172485e-06,2.796444921302979691e-06,2.724396994535847037e-06,2.660287773601282195e-06,2.559728438035124190e-06,2.500192799230285427e-06,2.447489551131950124e-06,2.355698154529044952e-06,2.308719626866376913e-06,2.267119965930298159e-06,2.229163337916598141e-06,2.148725554820743179e-06,2.118166817499554742e-06,2.090289453413650538e-06,2.018138686405281273e-06,1.998745823161491824e-06,1.979961558929116994e-06,1.915538863102714356e-06,1.901486814893947507e-06,1.895455996641459680e-06,1.886711085681754323e-06,1.831193784936292899e-06,1.833650117243971018e-06,1.831075074741870982e-06,1.781547893925768678e-06,1.791205410791087092e-06,1.793517474173538765e-06,1.796722516262569658e-06,1.753643667237935088e-06,1.770679427850579537e-06,1.777064805887449566e-06,1.738145706055218208e-06,1.759323184245649788e-06,1.767757752426844777e-06,1.732284183525457131e-06,1.741352179777904076e-06,1.765893368673233626e-06,1.774892341087264936e-06,1.742810344019086938e-06,1.768867085801535469e-06,1.777721347808989709e-06,1.747745699584285106e-06,1.774412680522173100e-06,1.782424971715261436e-06,1.789395626605541086e-06,1.780616113626972994e-06,1.807172533392817490e-06,1.833662410333662084e-06,1.826932888211548711e-06,1.853821990365119566e-06,1.880363050440423923e-06,1.875262825681327259e-06,1.901807035421720286e-06,1.927748940883307828e-06,1.952987707340883500e-06,1.949526239973372705e-06,1.974295055533424344e-06,1.998143458582607758e-06,1.995591545287707589e-06,2.018686133656922577e-06,2.040669373907264160e-06,2.061464959716764495e-06,2.059800888147167740e-06,2.079512054399800455e-06,2.097880499272986807e-06,2.096695736662993829e-06,2.113791609913203522e-06,2.129414423745036004e-06,2.143513192470512290e-06,2.142786202037492404e-06,2.155403861800446209e-06,2.166401502817188872e-06,2.165917919147575351e-06,2.175326331769249134e-06,2.183041931680100815e-06,2.182740212571741361e-06,2.188787547994084586e-06,2.193091744643714897e-06,2.195637676391377158e-06,2.195510738014870273e-06,2.196318847143629592e-06,2.195358215362161559e-06,2.195327282932371138e-06,2.192612719999285486e-06,2.188123591151416018e-06,2.181869288614064370e-06,2.181936012871974681e-06,2.173951071966486115e-06,2.164232260262913194e-06,2.164357211848160223e-06,2.152944996717425390e-06,2.139848504640523787e-06,2.140023406156285879e-06,2.125289533983381370e-06,2.108938005118951325e-06,2.091008287067318434e-06,2.091241551351830426e-06,2.071790338409133967e-06,2.050850336349286714e-06,2.051123432962120182e-06,2.028757294366099757e-06,2.005005021677892508e-06,1.979922458600224732e-06,1.980245332359372172e-06,1.953902942192816804e-06,1.926349448031253713e-06,1.926707839120775750e-06
5.003850277959958965e-06,5.076256565705175140e-06,5.145486910051455836e-06,5.145250107780900066e-06,5.211154987864800792e-06,5.273572693721451572e-06,5.332357470407302634e-06,5.332158952728332000e-06,5.387182543756883815e-06,5.438304677862392207e-06,5.438137347195176430e-06,5.485247128575328790e-06,5.528220922480375409e-06,5.566955204834245232e-06,5.566834721148576209e-06,5.601248854430564871e-06,5.631247039092044988e-06,5.631167851311014330e-06,5.656692742569824176e-06,5.677668090060074063e-06,5.677638369376028653e-06,5.694032565235681307e-06,5.705789068755852618e-06,5.712880574250593868e-06,5.712936353077017339e-06,5.715363042056159903e-06,5.713128894495372374e-06,5.713270805795598434e-06,5.706387347499464900e-06,5.694854576174739370e-06,5.678705305397873843e-06,5.679006893054558750e-06,5.658336406665978625e-06,5.633155789443359222e-06,5.633625514316212389e-06,5.604071477607952847e-06,5.570163016802446971e-06,5.570859247142397645e-06,5.532780043509305155e-06,5.490550700974678158e-06,5.444285643656368610e-06,5.445409809698317570e-06,5.395369480977277264e-06,5.341566627964685810e-06,5.343139968978504176e-06,5.285900532023392822e-06,5.225216482110673150e-06,5.161252834910327312e-06,5.163659262362854548e-06,5.096849400443503595e-06,5.027138662708397760e-06,5.030399123611556558e-06,4.958315837008733954e-06,4.883749480833435798e-06,4.806906003617810110e-06,4.811705867442034547e-06,4.733267761493801054e-06,4.653020664059399626e-06,4.659351683989865552e-06,4.578115150337833537e-06,4.495569719678770435e-06,4.503828132164062616e-06,4.420952007583536005e-06,4.337295719030867782e-06,4.297868152535987683e-06,4.354834016710680067e-06,4.267226629987867762e-06,4.221421709894552147e-06,4.278435607584958069e-06,4.188040767631052823e-06,4.136708706670997220e-06,4.082305348323830216e-06,4.102205906990906909e-06,4.046423389818919875e-06,3.988068068579088245e-06,4.045692875074879154e-06,3.953776905201685031e-06,3.892870375749223758e-06,3.951771137612212356e-06,3.862464704124313674e-06,3.800612100984813376e-06,3.737808558945585172e-06,3.798615655789688047e-06,3.715585966605277639e-06,3.654424965368452490e-06,3.718049979274124797e-06,3.642369934417891377e-06,3.584818584962216339e-06,3.528394711929833324e-06,3.585685112043145343e-06,3.533760826291281010e-06,3.483867972796519373e-06,3.556361773332241139e-06,3.505916316750819818e-06,3.464532348439087542e-06,3.542411872562333774e-06,3.505627238727601161e-06,3.474583881747836096e-06,3.447681868902655820e-06,3.533093379778864069e-06,3.517565334435393391e-06,3.503296402102622549e-06,3.595315576186007458e-06,3.596119917155702768e-06,3.595588463298583463e-06,3.600706639112101149e-06,3.711754803524591042e-06,3.725597790631394650e-06,3.745377448250967073e-06,3.852426492467489892e-06,3.892940985681053821e-06,3.927246894188987795e-06,3.967579121124289271e-06,4.095664031249727428e-06,4.143740719326567445e-06,4.197549232815595230e-06,4.316164058974294699e-06,4.390613579497368607e-06,4.456247227607709826e-06,4.577409762917193581e-06,4.661981090447015937e-06,4.737174756475302851e-06,4.816426785818633019e-06,4.937845490018418758e-06,5.032384074336507472e-06,5.117282657011880687e-06,5.235898645568106038e-06,5.332734371171799512e-06,5.419857780920271791e-06,5.508180611243958320e-06,5.628235249849682495e-06,5.713904519503844446e-06,5.799384801996796140e-06,5.900707854521368267e-06,5.988910058581836477e-06,6.067775119382951018e-06,6.156765025434782587e-06,6.234576654555728793e-06,6.303219625485141926e-06,6.368463218196831265e-06,6.437107327945397784e-06,6.496475977951775315e-06,6.547116115768307667e-06,6.597696575164489055e-06,6.639648809416375405e-06,6.673164314850836813e-06,6.700963119808363805e-06,6.726583540234092069e-06,6.741153006044003290e-06,6.749484913253080884e-06,6.752537408113111405e-06,6.752537408113111405e-06,6.747756719768137145e-06,6.735888808562131951e-06,6.717544303267846155e-06,6.691923882842118738e-06,6.659951060588253056e-06,6.621701840849662520e-06,6.576465079060514266e-06,6.523714125615280706e-06,6.466735226923328536e-06,6.402729391503750096e-06,6.331337000921459420e-06,6.257498265353861324e-06,6.178888278778216049e-06,6.093482309756369365e-06,6.000587462274332192e-06,5.908533524905713173e-06,5.810097251348144041e-06,5.703976994155672924e-06,5.601476394186953926e-06,5.496659023594499752e-06,5.376604384988775577e-06,5.266876652410507671e-06,5.155974073617345276e-06,5.039913648927892593e-06,4.914264799238935717e-06,4.800541176671541593e-06,4.682299504758512016e-06,4.553118868568419161e-06,4.439707296463029952e-06,4.327624125872683676e-06,4.211896495295193477e-06,4.082255364198099135e-06,3.974246631791017239e-06,3.863330521726955012e-06,3.736093223397268812e-06,3.634528955475183997e-06,3.536097982149658438e-06,3.408013072024219857e-06,3.314816601775293900e-06,3.225244757451990007e-06,3.134707705479901898e-06,3.020140600057493205e-06,2.940690230619958228e-06,2.865207274176822393e-06,2.754159109764332075e-06,2.685607286043499086e-06,2.621100112556073498e-06,2.558000328481776493e-06,2.461833087439843183e-06,2.408463329017253387e-06,2.357583034912343594e-06,2.269963465057008919e-06,2.227494765785318785e-06,2.188640570782540804e-06,2.154008013944749416e-06,2.077351032732927486e-06,2.048473514245903208e-06,2.025036470261086510e-06,1.956325926271260224e-06,1.936508083481525315e-06,1.919332245644323100e-06,1.862041845535585483e-06,1.850192518987946038e-06,1.840506994689339298e-06,1.839464362958560322e-06,1.786562778114120587e-06,1.783154332645347276e-06,1.789667213809147664e-06,1.742419433902338391e-06,1.744048809736401627e-06,1.746670520237695170e-06,1.761135066787288645e-06,1.719936591043698962e-06,1.725930503761759251e-06,1.744965221457420413e-06,1.707659141183513593e-06,1.715912359614581482e-06,1.724150723677796207e-06,1.704250181057948223e-06,1.713752081605911607e-06,1.722897456488160478e-06,1.747817587203834639e-06,1.716866164226676713e-06,1.726080659946341965e-06,1.751989892049592812e-06,1.722989338754597862e-06,1.731565613973286763e-06,1.757651517372356018e-06,1.783929248184105985e-06,1.775671129910555743e-06,1.802705192933724125e-06,1.829631975322577116e-06,1.823301494936076963e-06,1.850554508713457180e-06,1.877426943437614939e-06,1.872628009944381105e-06,1.899445743321626875e-06,1.925635585107294989e-06,1.951098748457679806e-06,1.947840057518155199e-06,1.972791823047909104e-06,1.996805022969617136e-06,1.994401310768667794e-06,2.017628950555242536e-06,2.039731432420416566e-06,2.060633688785092426e-06,2.059064859477932425e-06,2.078860891660587679e-06,2.097304792429168551e-06,2.096186961399274357e-06,2.113342052049146786e-06,2.129017108528636737e-06,2.143161818612040873e-06,2.142475080327779355e-06,2.155127858143161658e-06,2.166155985493257364e-06,2.165698710121347690e-06,2.175129661840168232e-06,2.182864399280059184e-06,2.182578746006900622e-06,2.188639370930330995e-06,2.192954344636936577e-06,2.195508776267161025e-06,2.195388269906775757e-06,2.196200929004757063e-06,2.195243129771086097e-06,2.195213458021490151e-06,2.192498712341113467e-06,2.188008070446172385e-06,2.181751024029966140e-06,2.181813860897825172e-06,2.173823965644362794e-06,2.164099199676928735e-06,2.164217255753325674e-06,2.152797255200517106e-06,2.139692132712511273e-06,2.139857598183276933e-06,2.125113518870133976e-06,2.108751042165800877e-06,2.090809662427813112e-06,2.091030575024480971e-06,2.071566341702454987e-06,2.050612669764717872e-06,2.050871464444467368e-06,2.028490407875889846e-06,2.004722616044401819e-06,1.979623946618014622e-06,1.979930140094936247e-06,1.953570508471390332e-06,1.925999224077014358e-06
5.076011369538723362e-06,5.145254361073030793e-06,5.145029780783815388e-06,5.210946446798538277e-06,5.273375491028003244e-06,5.332171146182145650e-06,5.331983033678466312e-06,5.387016541925247988e-06,5.438148089084511790e-06,5.437989649250178277e-06,5.485107778989423692e-06,5.528089355936584752e-06,5.566830830137503973e-06,5.566716917690343559e-06,5.601136968091803859e-06,5.631140377517782349e-06,5.631065678483752775e-06,5.656594272602806828e-06,5.677572480124857507e-06,5.677544711671946518e-06,5.693939877901716066e-06,5.705696285618103058e-06,5.712786533291033666e-06,5.712839783501633837e-06,5.715262549832871967e-06,5.713022946224455466e-06,5.713157710767770891e-06,5.706265237789379547e-06,5.694721384610534089e-06,5.678558741240732991e-06,5.678844415216109891e-06,5.658155194285890753e-06,5.632952709644940606e-06,5.633397086954249475e-06,5.603813836820717575e-06,5.569871869178918924e-06,5.570529826316495400e-06,5.532407060995582570e-06,5.490128293064695737e-06,5.443807314202075311e-06,5.444868368618533720e-06,5.394756978336020515e-06,5.340874283485842817e-06,5.342358096880574092e-06,5.285018461080872332e-06,5.224222470875438492e-06,5.160133982057304078e-06,5.162401412159575446e-06,5.095437043383008994e-06,5.025554831389558023e-06,5.028625284000367867e-06,4.956331775268600129e-06,4.881533185971871386e-06,4.804433546261502404e-06,4.808951275121628424e-06,4.730202890893946019e-06,4.649615070768528402e-06,4.655572490367303870e-06,4.573926912203047089e-06,4.490934292618217954e-06,4.498704538344821991e-06,4.415296304058837486e-06,4.331060868620281226e-06,4.246239083732088564e-06,4.257125642419742014e-06,4.215621905429494912e-06,4.170561555096924200e-06,4.184403017304172443e-06,4.137022354095564731e-06,4.086415363275560458e-06,3.996533959217499243e-06,4.051487238556327597e-06,3.996356108139730786e-06,3.906177678050826738e-06,3.961856828551047253e-06,3.903441805413100193e-06,3.843012328646587815e-06,3.871457013562360351e-06,3.811205356243163235e-06,3.749602912958972203e-06,3.664899101850048672e-06,3.723599593689324647e-06,3.662537154362018889e-06,3.601222466974328766e-06,3.644911767042171279e-06,3.586237547554696472e-06,3.528147203056826133e-06,3.459908217441602487e-06,3.525291016942089489e-06,3.472389061676089432e-06,3.414457338648315334e-06,3.484285946480099848e-06,3.438526174246828006e-06,3.395497149683858474e-06,3.467620182700839504e-06,3.430865856254544272e-06,3.397669937201917613e-06,3.370988818679559167e-06,3.453221465302409471e-06,3.431461751598554505e-06,3.414347812251061706e-06,3.508678305948192334e-06,3.499648847355515584e-06,3.495835968156422084e-06,3.506947523494491860e-06,3.603956468889133223e-06,3.614167356674082598e-06,3.641450808010097539e-06,3.744850474860034531e-06,3.769295996092717011e-06,3.799642783136315857e-06,3.848901767024933115e-06,3.959686844402765539e-06,4.003777191630157417e-06,4.066983418186171036e-06,4.182222629248563709e-06,4.238844164064073471e-06,4.300702697100376058e-06,4.432184394957243400e-06,4.499514730148071246e-06,4.571360962469793724e-06,4.659837593807121753e-06,4.778962852022417397e-06,4.858186352127191278e-06,4.940602537841705918e-06,5.069054684144813659e-06,5.152585664915659661e-06,5.238120047611550444e-06,5.334607974422383194e-06,5.445055724148988518e-06,5.530188592517300092e-06,5.623506868156848011e-06,5.725565491243283260e-06,5.806648449227653985e-06,5.886562701261396705e-06,5.983992150108431561e-06,6.057420160293155653e-06,6.128368249410468750e-06,6.200893648803786025e-06,6.272974949461419068e-06,6.331687054247953359e-06,6.386291480302198236e-06,6.444794534454366661e-06,6.488453644464805716e-06,6.527066607341787364e-06,6.562163088164030019e-06,6.592173444116661828e-06,6.612819460330285566e-06,6.628497698412236592e-06,6.638239030314237945e-06,6.639661647276704948e-06,6.639661647276704948e-06,6.634866902484851186e-06,6.623544337544056448e-06,6.605921635995114169e-06,6.581442415327973291e-06,6.549740393926976381e-06,6.512040241586981383e-06,6.468514293438289634e-06,6.419168092648007489e-06,6.360665038495839064e-06,6.299442161719902762e-06,6.233022561354778344e-06,6.158036066079277540e-06,6.079461811202320221e-06,5.998156631632270635e-06,5.912814111425935178e-06,5.815384662578901169e-06,5.721847504748597084e-06,5.625287150883670014e-06,5.518290365252486814e-06,5.412438775236891181e-06,5.307708978844792735e-06,5.191448821249821284e-06,5.078929537005318182e-06,4.969194905596522365e-06,4.859010984363650317e-06,4.730558838060542576e-06,4.618955840255699825e-06,4.507946944599330551e-06,4.381174749391609871e-06,4.265914082860862605e-06,4.156963058006567685e-06,4.049845403416742133e-06,3.918363705559875638e-06,3.814046686058698092e-06,3.712327186336033805e-06,3.588834573125784182e-06,3.486196317723495154e-06,3.391905142239536997e-06,3.273135539578729660e-06,3.179236462348695416e-06,3.093951657540381414e-06,3.012382925583972415e-06,2.902036654418128176e-06,2.822536262569292658e-06,2.751281677161140976e-06,2.648451670921418902e-06,2.580411358056159355e-06,2.519954594877075351e-06,2.463391475490739220e-06,2.369060981793608168e-06,2.319465154476234111e-06,2.273610750948440535e-06,2.189791245436209778e-06,2.149758907544984658e-06,2.114190016711931417e-06,2.081938564271583379e-06,2.009815531254655712e-06,1.983821480107078895e-06,1.960763093153802323e-06,1.895178095442371988e-06,1.880472199213182191e-06,1.865619124554251666e-06,1.807090445704073681e-06,1.801568366417333616e-06,1.793802031393776026e-06,1.787864002191666544e-06,1.744174702192557155e-06,1.742306761751478411e-06,1.741791568821573365e-06,1.696686344155700121e-06,1.707987096173425533e-06,1.711705307880289091e-06,1.716138417900354401e-06,1.687693734920620085e-06,1.694500517587258010e-06,1.701606663293808274e-06,1.665923972115681553e-06,1.687216507017533130e-06,1.695970851375332980e-06,1.663325519820540883e-06,1.687115741966470460e-06,1.696601664414724999e-06,1.705580077312413351e-06,1.691738669918405872e-06,1.701160496123760798e-06,1.709822903299540803e-06,1.698936463267711935e-06,1.725330777352655356e-06,1.751995828272279613e-06,1.778805668703038657e-06,1.771035716054415547e-06,1.798516965419469181e-06,1.825852787797731930e-06,1.819895900696977766e-06,1.847489626907571611e-06,1.874672325639461284e-06,1.870155507901073192e-06,1.897229378573541542e-06,1.923651421102341660e-06,1.949324765694601812e-06,1.946256032175566707e-06,1.971379209481633261e-06,1.995546840391564985e-06,1.993282034356093801e-06,2.016634407179791079e-06,2.038848701131946368e-06,2.059851006135790295e-06,2.058371529727589882e-06,2.078247201864002699e-06,2.096761932371260004e-06,2.095706948312500852e-06,2.112917660020940169e-06,2.128641802483587263e-06,2.142829692734282035e-06,2.142180800773081703e-06,2.154866609877511528e-06,2.165923423084788247e-06,2.165490912305239251e-06,2.174943089671238936e-06,2.182695857684999339e-06,2.182425348547205837e-06,2.188498507587764712e-06,2.192823652435552207e-06,2.195386112549352745e-06,2.195271688085315460e-06,2.196088656618128184e-06,2.195133548675478384e-06,2.195105086559452115e-06,2.192390189333883716e-06,2.187898140864073000e-06,2.181638526202763375e-06,2.181697715134623265e-06,2.173703164140225965e-06,2.163972797591056469e-06,2.164084363351059460e-06,2.152657030958790402e-06,2.139543777295448794e-06,2.139700349201499739e-06,2.124946646343917600e-06,2.108573844618504314e-06,2.090621463541990524e-06,2.090830720798736406e-06,2.071354198052435003e-06,2.050387620516653121e-06,2.050632909674368832e-06,2.028237762551863872e-06,2.004455308933634565e-06,1.979341419423734849e-06,1.979631846792144973e-06,1.953255914813362921e-06
5.145034219655363380e-06,5.144821192674482242e-06,5.210748997033501534e-06,5.273188753945680034e-06,5.331994684623222841e-06,5.331816397994043570e-06,5.386859268764599795e-06,5.437999699930592890e-06,5.437849648667539412e-06,5.484975652545471624e-06,5.527964567753124263e-06,5.566712820025144935e-06,5.566605097813788125e-06,5.601030719109109254e-06,5.631039044131458378e-06,5.630968564336062713e-06,5.656500634441817829e-06,5.677481521161719394e-06,5.677455574043510657e-06,5.693851634146015264e-06,5.705607929063459199e-06,5.712696967252531085e-06,5.712747809171657637e-06,5.715166852745228446e-06,5.712922081164431036e-06,5.713050084993368233e-06,5.706149092422070675e-06,5.694594774047120833e-06,5.678419510431634825e-06,5.678690174649484197e-06,5.657983292511820329e-06,5.632760203169398374e-06,5.633180707329040237e-06,5.603569954753121638e-06,5.569596455483600288e-06,5.570218409532565842e-06,5.532054681493674706e-06,5.489729453472843588e-06,5.443355925985220808e-06,5.444357694654889427e-06,5.394179571344569262e-06,5.340221920173090363e-06,5.341621707691668359e-06,5.284188055460521361e-06,5.223287057967888865e-06,5.159081486802348831e-06,5.161218586773196346e-06,5.094109374247125652e-06,5.024066441415536175e-06,5.026958830575643857e-06,4.954468343945025976e-06,4.879452180108351821e-06,4.802112572892033708e-06,4.806366027383070603e-06,4.727327027415623326e-06,4.646420092497811991e-06,4.652027615381625193e-06,4.569998949138818296e-06,4.486587513430706381e-06,4.493900551199506183e-06,4.409993927243700500e-06,4.325216006459196405e-06,4.239804605571164610e-06,4.250051265850376934e-06,4.165114187902162139e-06,4.080083342545982235e-06,4.133831859897964799e-06,4.087166339321870393e-06,3.999747071918238112e-06,3.948536495606209949e-06,4.002026792633356776e-06,3.913516929863826001e-06,3.858319524698665878e-06,3.912395833326820502e-06,3.824261855649494884e-06,3.766329591840901834e-06,3.821447681995507674e-06,3.761564983167077505e-06,3.676082344831014872e-06,3.615785979760999208e-06,3.672458009236301468e-06,3.591476434340701749e-06,3.532234810042020983e-06,3.591343920482160272e-06,3.532363162119482298e-06,3.460321103808410081e-06,3.404755415704754434e-06,3.467530036022205763e-06,3.404480010983020579e-06,3.354475463213756240e-06,3.421411519314482939e-06,3.369110457484397590e-06,3.326532031964202676e-06,3.398343321627577780e-06,3.359790687286500631e-06,3.324996306069874159e-06,3.295254745836736922e-06,3.373961616612948090e-06,3.353424293935185231e-06,3.335132800393260906e-06,3.420019145190998059e-06,3.408058778681142180e-06,3.408966124749747223e-06,3.408469242617619663e-06,3.501525473674375264e-06,3.518219586196290722e-06,3.531466996332626992e-06,3.630864909271531567e-06,3.663124351653301744e-06,3.690223225980978203e-06,3.723050394614626405e-06,3.829937231322853824e-06,3.883028728269319156e-06,3.929093510428783074e-06,4.040676524604009969e-06,4.106654614958276224e-06,4.164696402443815183e-06,4.279586744654956212e-06,4.343411371475551882e-06,4.424524231914121416e-06,4.496964426714766863e-06,4.613582884173571798e-06,4.701828971276416268e-06,4.781101273017791625e-06,4.896424118502135388e-06,4.977869005381198207e-06,5.071739380929202123e-06,5.156629097384036995e-06,5.266542433527747663e-06,5.359645673554552769e-06,5.443791697191858183e-06,5.546364097281068879e-06,5.635118977711989815e-06,5.715002504750148577e-06,5.807504884728546820e-06,5.882395162561124412e-06,5.960564113046789143e-06,6.030196094658108076e-06,6.105436792803317232e-06,6.171335423840690322e-06,6.228860565341375219e-06,6.288273368377823660e-06,6.336180000640619359e-06,6.381896704553413793e-06,6.419661150448047841e-06,6.455274978494637937e-06,6.483107617811603062e-06,6.503309867035878157e-06,6.519481475201640257e-06,6.528106637918592466e-06,6.529555892980005055e-06,6.529555892980005055e-06,6.524932666339183020e-06,6.514528114333460959e-06,6.496819111491582952e-06,6.473014068974227972e-06,6.442852284257582605e-06,6.405534884298761895e-06,6.363162931471163574e-06,6.314204486080476608e-06,6.260363076570626315e-06,6.198602833507273465e-06,6.133866870104629892e-06,6.062579210078808747e-06,5.984354002204580103e-06,5.905038720195116644e-06,5.819472204598257152e-06,5.732254600833566611e-06,5.635602063519770179e-06,5.541245390996773229e-06,5.441147594376707682e-06,5.333575232633088519e-06,5.231090642466463928e-06,5.123383280355184905e-06,5.007622631077730266e-06,4.900061847191453251e-06,4.787841548120309675e-06,4.679369244084486735e-06,4.557057243375507462e-06,4.447941986861660209e-06,4.334920039758058222e-06,4.210722410734604526e-06,4.103382103215418636e-06,3.992776095772706143e-06,3.889037137160654925e-06,3.766077266106426878e-06,3.665484556328144991e-06,3.562527679543623115e-06,3.442879828307849665e-06,3.349339002274595885e-06,3.254171003876650368e-06,3.139530952795906265e-06,3.054617010114489657e-06,2.973287975184073895e-06,2.891450755679562205e-06,2.785386809297040003e-06,2.714026583109541851e-06,2.643029621101302307e-06,2.544452672570783953e-06,2.483585687188656358e-06,2.424005936520465258e-06,2.371224538930520033e-06,2.283137401603556970e-06,2.236565811575524232e-06,2.192764043369598278e-06,2.112765644444646359e-06,2.076316888809695087e-06,2.043707724649521041e-06,2.014427082500930543e-06,1.944635706204995647e-06,1.920609998919689670e-06,1.902132276108093207e-06,1.839653119897300353e-06,1.823823754199639519e-06,1.814712264280637456e-06,1.758954344515924796e-06,1.750259669624174259e-06,1.749468851428225258e-06,1.745192293735793095e-06,1.697052200981772866e-06,1.695785724881249922e-06,1.704245251302457316e-06,1.661175454241124634e-06,1.664292875094944329e-06,1.678302925121817111e-06,1.683652591838796975e-06,1.645962071695304516e-06,1.652746155175090076e-06,1.672142122511403935e-06,1.637897870499041873e-06,1.646528347887283159e-06,1.668818339240767362e-06,1.637405254108519517e-06,1.646971100086475132e-06,1.671172495186440051e-06,1.680415122609006573e-06,1.651749778529016696e-06,1.676981571864966706e-06,1.702748537674099112e-06,1.692501997234107029e-06,1.719485928203857748e-06,1.746693464855282570e-06,1.774001694585971762e-06,1.766688948448618184e-06,1.794589011020055825e-06,1.822307916614431375e-06,1.816700918855460981e-06,1.844613749310939329e-06,1.872087049290790400e-06,1.867834486601570513e-06,1.895148299627462575e-06,1.921787884579901261e-06,1.947658166727971113e-06,1.944767446691063122e-06,1.970051283703564608e-06,1.994363684390047974e-06,1.992229119852651343e-06,2.015698469770635110e-06,2.038017647039600030e-06,2.059113823555015127e-06,2.057718204791356812e-06,2.077668639219361928e-06,2.096249880323247289e-06,2.095253928466480347e-06,2.112516901329831137e-06,2.128287179586019525e-06,2.142515668452651342e-06,2.141902372626493001e-06,2.154619260453457893e-06,2.165703074104882800e-06,2.165293882214159451e-06,2.174766054574009894e-06,2.182535815455638789e-06,2.182279585931316756e-06,2.188364570122730518e-06,2.192699317014337036e-06,2.195269362457356292e-06,2.195160690344121202e-06,2.195981741475129119e-06,2.195029191084145377e-06,2.195001889501277193e-06,2.192286868839662033e-06,2.187793512599085876e-06,2.181531493487487780e-06,2.181587258279705680e-06,2.173588330981633736e-06,2.163852695118351016e-06,2.163958150328725832e-06,2.152523911447334359e-06,2.139402994985562077e-06,2.139551182480964753e-06,2.124788404023003976e-06,2.108405862245454785e-06,2.090443100245715356e-06,2.090641356601087224e-06,2.071153231597367056e-06,2.050174467168225083e-06,2.050406999939878314e-06,2.027998540790465651e-06,2.004202232314560783e-06,1.979073957101724111e-06,1.979349479270922074e-06
5.144623671423920344e-06,5.210562004366174411e-06,5.273011884998486327e-06,5.331827523822392257e-06,5.331658518110780689e-06,5.386710229762829583e-06,5.437859047577018591e-06,5.437716912871051399e-06,5.484850345389455979e-06,5.527846181180513263e-06,5.566600823132048530e-06,5.566498933703282380e-06,5.600929801252185452e-06,5.630942752177323621e-06,5.630876239308845626e-06,5.656411573255383941e-06,5.677394970378601090e-06,5.677370722798109536e-06,5.693767606146117453e-06,5.705523773577731098e-06,5.712611648985263703e-06,5.712660196919358958e-06,5.715075706723016625e-06,5.712826038883471852e-06,5.712947645563972225e-06,5.706038599150522863e-06,5.694474395188033523e-06,5.678287217951594952e-06,5.678543720852252490e-06,5.657820184370237904e-06,5.632577674204863583e-06,5.632975686875889878e-06,5.603339034442657013e-06,5.569335852781163656e-06,5.569923928160940711e-06,5.531721668577568209e-06,5.489352753242360204e-06,5.442929829881324769e-06,5.443875887687091921e-06,5.393635074560648864e-06,5.339607029112876950e-06,5.340927926711873437e-06,5.283406027835621767e-06,5.222406491693378742e-06,5.158091076051368345e-06,5.160105928985955092e-06,5.092860882864758972e-06,5.022667254306256840e-06,5.025392714241404206e-06,4.952717593641490032e-06,4.877497516059893047e-06,4.799933032836683854e-06,4.803938855739906035e-06,4.724627561428870538e-06,4.643421645777891279e-06,4.648701359333177461e-06,4.566313792839348521e-06,4.482509982600345470e-06,4.489394666982242785e-06,4.405021085602775227e-06,4.319734859073546011e-06,4.233770943205293859e-06,4.243417905255983462e-06,4.157830863395531421e-06,4.072096603489519829e-06,4.084367186845721311e-06,3.999719547252004877e-06,3.952172190887030858e-06,3.901670584342798758e-06,3.918301205851213330e-06,3.866269115304152197e-06,3.811703402985602586e-06,3.832331131348713392e-06,3.776919942084018809e-06,3.719485475704257563e-06,3.744792446115406164e-06,3.687300707062912062e-06,3.628381250633905294e-06,3.568320249937027944e-06,3.600989618877348413e-06,3.542136346108288781e-06,3.482847634676949713e-06,3.521898105569571542e-06,3.464797621372844847e-06,3.408024590860101257e-06,3.351938399869844073e-06,3.400604140219752831e-06,3.348162155189700249e-06,3.297221255444689419e-06,3.353849046562883264e-06,3.307565971444750968e-06,3.263599077745932274e-06,3.328714317424511892e-06,3.290361000936561218e-06,3.255109570322315688e-06,3.223321018256657257e-06,3.300295405957615362e-06,3.275333401670630861e-06,3.254527068036702644e-06,3.340531165557910433e-06,3.327181289274280157e-06,3.318568275717349754e-06,3.314954910007598036e-06,3.412682012428641370e-06,3.417105660728779588e-06,3.426899287899314172e-06,3.532784058106629441e-06,3.550645913791359951e-06,3.574060788955387800e-06,3.614948258907496953e-06,3.718384000384913614e-06,3.755110024574839116e-06,3.797355516687367923e-06,3.918093179795669450e-06,3.967262655320175767e-06,4.021608631004799534e-06,4.146075554767258582e-06,4.206255558606538912e-06,4.271044621956944189e-06,4.340207423080218997e-06,4.466397668536214773e-06,4.539442578295340249e-06,4.615999296943595049e-06,4.740700861995836982e-06,4.819349215022736988e-06,4.900476533911553381e-06,4.983665408987174670e-06,5.102320039948449685e-06,5.184866884155377022e-06,5.268269978470926778e-06,5.379231871648637699e-06,5.459849958076805530e-06,5.540065834449500962e-06,5.640653006422302722e-06,5.715945392768036220e-06,5.789584529423706748e-06,5.861096772479822383e-06,5.943931221732988885e-06,6.007775622797661277e-06,6.068350222763282834e-06,6.135267917878477272e-06,6.186426553623020518e-06,6.233323923102981164e-06,6.275615280253029123e-06,6.318551542833601260e-06,6.349549162024429463e-06,6.375236170245597296e-06,6.398724021174666698e-06,6.412221946312496692e-06,6.419953794706792498e-06,6.423315471653592523e-06,6.421784210410918739e-06,6.418422533464119561e-06,6.407559313094519103e-06,6.390723269596776309e-06,6.367235418667706907e-06,6.337865079844069156e-06,6.302699584992532876e-06,6.259763322411961586e-06,6.212679164311399858e-06,6.160222616427472747e-06,6.102596062547020793e-06,6.035678367431826354e-06,5.967584206250171110e-06,5.895025743192815394e-06,5.812191293939649739e-06,5.730628480097689794e-06,5.645462115887981371e-06,5.557028753168269786e-06,5.456441581195468873e-06,5.361338295502589037e-06,5.263959562383582656e-06,5.152997669205871735e-06,5.050841316275158168e-06,4.947438241040967988e-06,4.828783610079692973e-06,4.722535758070131369e-06,4.616059047219929498e-06,4.509696742752029344e-06,4.384995177699787412e-06,4.278300614187371396e-06,4.172650561982308770e-06,4.046460316526312994e-06,3.942198527599146618e-06,3.839807653880256736e-06,3.739532098979388743e-06,3.615065175216929272e-06,3.518157304571213780e-06,3.424005323991227701e-06,3.303267660882925750e-06,3.213682917043580277e-06,3.127342459622289348e-06,3.016615186655068047e-06,2.931228265061983254e-06,2.853960728569357297e-06,2.780314646823337477e-06,2.674429876616022631e-06,2.607064664583396620e-06,2.543439093136419641e-06,2.445711990715376730e-06,2.388661546769524085e-06,2.335327281810201915e-06,2.285633269921927666e-06,2.199629172400719453e-06,2.156488748203333932e-06,2.116800170032681691e-06,2.039825782331725281e-06,2.006462706790317531e-06,1.976266431739346179e-06,1.949081613019084296e-06,1.883966373340622415e-06,1.862509581699002169e-06,1.843686149880330521e-06,1.787058358763396426e-06,1.773409205764673681e-06,1.761972202500352091e-06,1.713306462160142283e-06,1.706413557634353804e-06,1.701289417227438682e-06,1.697748981432032518e-06,1.658698510636982109e-06,1.658768372606165941e-06,1.659981486178777907e-06,1.627312117665889110e-06,1.631458484319354429e-06,1.636325401591096048e-06,1.641752624593688129e-06,1.616445656508658231e-06,1.623918639576643710e-06,1.631575282784791154e-06,1.610947561395678685e-06,1.620058374980311828e-06,1.629016710197103549e-06,1.612386107150500510e-06,1.622265463007307234e-06,1.631701417006144732e-06,1.656033573552392143e-06,1.643763047560344626e-06,1.669698256698824101e-06,1.696115187609419964e-06,1.686468346408873413e-06,1.714004793037476064e-06,1.741720635579784506e-06,1.769495822094053527e-06,1.762611427602212811e-06,1.790903861477610544e-06,1.818981662149201300e-06,1.813702466051801511e-06,1.841914266441493237e-06,1.869659846095287711e-06,1.865654895608236097e-06,1.893193559581266375e-06,1.920037026468457174e-06,1.946091902826142940e-06,1.943368062979509616e-06,1.968802535954731583e-06,1.993250698157646095e-06,1.991238294547455910e-06,2.014817386956592350e-06,2.037234983039641680e-06,2.058419266415623678e-06,2.057102375618685150e-06,2.077123017867439605e-06,2.095766735386383866e-06,2.094826251503160313e-06,2.112138345224058152e-06,2.127952000933963669e-06,2.142218673847358080e-06,2.141638868701146691e-06,2.154385007533987785e-06,2.165494243315366284e-06,2.165107015873279495e-06,2.174598029717551945e-06,2.182383810318461930e-06,2.182141049222208477e-06,2.188237192926849594e-06,2.192581007160410051e-06,2.195158221190227641e-06,2.195054991147524186e-06,2.195879910894505528e-06,2.194929791404827655e-06,2.194903603143294245e-06,2.192188484336671136e-06,2.187693912035412516e-06,2.181429641273859557e-06,2.181482191154937232e-06,2.173479149134167572e-06,2.163738554328155407e-06,2.163838255036518874e-06,2.152397508664409881e-06,2.139269368963626028e-06,2.139409650067275028e-06,2.124638310631776685e-06,2.108246578381897691e-06,2.090274018524180522e-06,2.090461889203694340e-06,2.070962808124029690e-06,2.049972532833313295e-06,2.050193014074774525e-06,2.027771975615033557e-06,2.003962571944032687e-06,1.978820696758758685e-06
5.210384873673728936e-06,5.272844323495414004e-06,5.331669136420792395e-06,5.331508898842845633e-06,5.386568960685400715e-06,5.437725697452169040e-06,5.437591035591883777e-06,5.484731478117133884e-06,5.527733842155063966e-06,5.566494509115772750e-06,5.566398117011648847e-06,5.600833926322848567e-06,5.630851231623453907e-06,5.630788449398172688e-06,5.656326848751382110e-06,5.677312598675007340e-06,5.677289937272473632e-06,5.693687578652417652e-06,5.705443605992200983e-06,5.712530363713551639e-06,5.712576726266982045e-06,5.714988881024853774e-06,5.712734573281756518e-06,5.712850125318053456e-06,5.705933463355513092e-06,5.694359918773552559e-06,5.678161491826124230e-06,5.678404630053334897e-06,5.657665384075927036e-06,5.632404563457636012e-06,5.632781379866692573e-06,5.603120329200208232e-06,5.569089197110012063e-06,5.569645382671378310e-06,5.531406866651505785e-06,5.488996857781748959e-06,5.442527486689987908e-06,5.443421175343019222e-06,5.393121450644130195e-06,5.339027272666525013e-06,5.340274076821822616e-06,5.282669318239158193e-06,5.221577281337218400e-06,5.157158775546899952e-06,5.159058922933199216e-06,5.091686448045775209e-06,5.021351473781355228e-06,5.023920387417966533e-06,4.951072142425538207e-06,4.875660887244889785e-06,4.797885596932424982e-06,4.801659302496727311e-06,4.722092792368801716e-06,4.640606664104621820e-06,4.645579157656712828e-06,4.562855239218762264e-06,4.478683705478767235e-06,4.485166939661963330e-06,4.400355710984423279e-06,4.314593055461525445e-06,4.228111232061184891e-06,4.237196001861997541e-06,4.150999571470447153e-06,4.064605714879172966e-06,4.076163387488036135e-06,3.990746330691826758e-06,3.905667509264540588e-06,3.821166453500069731e-06,3.871556817740834360e-06,3.820181332865093292e-06,3.734890951356729531e-06,3.785716306246039448e-06,3.730862921525475311e-06,3.646172271847036995e-06,3.697835794949266455e-06,3.640746834281121332e-06,3.558178737884573799e-06,3.500355634778980814e-06,3.553264682537773098e-06,3.494523556661252432e-06,3.417176888717819015e-06,3.472182983126147109e-06,3.414896841650235418e-06,3.343747017791670073e-06,3.289228689420004234e-06,3.347407258313436695e-06,3.294291128339443327e-06,3.234357665473498153e-06,3.296241129511791601e-06,3.248866764023110938e-06,3.199228588163779062e-06,3.265508029672340998e-06,3.225618286795726181e-06,3.187758950660842143e-06,3.155723556474358805e-06,3.228285213280859301e-06,3.201150785933726806e-06,3.181773691069519525e-06,3.260080584952675963e-06,3.244120409233309100e-06,3.239134012988162364e-06,3.233710062047364735e-06,3.319736557629506102e-06,3.321003548774032477e-06,3.336984815633610354e-06,3.429167947377096538e-06,3.443587877505978852e-06,3.474378668517686472e-06,3.500304662911193093e-06,3.599993066809940834e-06,3.644906515304325018e-06,3.683702052389727287e-06,3.788383324888354265e-06,3.833890348084918414e-06,3.896954123020716565e-06,4.005507871116768030e-06,4.062212409402634842e-06,4.135758088442556791e-06,4.201357775923458987e-06,4.312808218907098997e-06,4.382876600553401171e-06,4.467788202316321068e-06,4.579194985621590942e-06,4.655476280445887540e-06,4.744628699383543600e-06,4.825349681309340986e-06,4.933423632381212499e-06,5.014663247008606502e-06,5.105415212060994824e-06,5.208011651609257207e-06,5.288292162567748386e-06,5.375571498360882186e-06,5.470138188275718095e-06,5.546160884006021058e-06,5.626674693639967539e-06,5.699057622121057104e-06,5.779220805130960246e-06,5.845303503275677321e-06,5.912489362262956178e-06,5.978968426424511185e-06,6.033481540375693285e-06,6.087047544034100706e-06,6.132951179498521682e-06,6.178290117073028042e-06,6.214023625456194761e-06,6.246380396444582673e-06,6.273992446797621604e-06,6.293098702619836364e-06,6.307558064812831339e-06,6.315149569489167911e-06,6.317907652948989792e-06,6.317907652948989792e-06,6.313707400413163143e-06,6.303167479697569260e-06,6.286988694121314571e-06,6.264494832975412443e-06,6.235386737824773035e-06,6.200738230325085912e-06,6.160681753998819061e-06,6.113548543145472412e-06,6.062435142300928328e-06,6.005076099353597418e-06,5.943813634321227787e-06,5.874781533988002831e-06,5.802314364353802621e-06,5.727174133220929131e-06,5.643793560450438150e-06,5.560626825884608990e-06,5.471783412564584128e-06,5.382220970698664487e-06,5.283296857729276543e-06,5.185081624376810191e-06,5.087633573803840964e-06,4.979887407565562327e-06,4.875130460688094925e-06,4.772645243005783283e-06,4.658660058467317950e-06,4.554156541103318707e-06,4.445574170013822257e-06,4.341266575869093741e-06,4.222977717355155419e-06,4.114537151795927146e-06,4.011636025859693100e-06,3.892846036821975960e-06,3.791817898553376128e-06,3.688045013253260530e-06,3.591188992321540809e-06,3.475011987230261825e-06,3.377020814567026654e-06,3.286613644804968395e-06,3.174444194002857104e-06,3.088641697371786388e-06,3.001659994557511929e-06,2.894909751312134946e-06,2.817832330784996792e-06,2.740314979968807976e-06,2.670582148806572657e-06,2.572551307675572535e-06,2.505396515717564318e-06,2.445555586803246815e-06,2.354873191522975874e-06,2.301042907187015531e-06,2.248808081662075632e-06,2.202569882849653777e-06,2.121931361614613998e-06,2.080604114092460347e-06,2.044059489621433292e-06,1.971033440798580571e-06,1.939960040190453189e-06,1.912898184482769935e-06,1.888372147261149013e-06,1.824812536048830213e-06,1.807468292562009136e-06,1.790929858607551082e-06,1.734080198412322937e-06,1.725609875091710350e-06,1.716087146691369606e-06,1.665353749927353072e-06,1.659373873657677179e-06,1.661215769565574910e-06,1.659123806070993311e-06,1.615256505858520091e-06,1.623503782402806049e-06,1.625852679015372742e-06,1.586527433362261868e-06,1.590868727358142092e-06,1.605810754264584068e-06,1.612020180368970010e-06,1.577474033996414270e-06,1.596240166869254299e-06,1.604458432972214291e-06,1.572961848540712698e-06,1.594549167472300162e-06,1.603889119659141377e-06,1.574886223510316227e-06,1.598370250010093766e-06,1.622728206101129570e-06,1.647829780947074475e-06,1.636272166851608986e-06,1.662866973817724064e-06,1.689893294309896676e-06,1.680808646201019857e-06,1.708863000840148787e-06,1.737055272292129613e-06,1.765268105207666736e-06,1.758785158896140265e-06,1.787445312758123574e-06,1.815859459916045015e-06,1.810887475893170710e-06,1.839379477881951145e-06,1.867380258544813993e-06,1.863607405987031936e-06,1.891356852124293594e-06,1.918391465146272831e-06,1.944619426754691891e-06,1.942052085131358871e-06,1.967627845427933025e-06,1.992203366206071992e-06,1.990305584528137068e-06,2.013987668305271794e-06,2.036497649345424853e-06,2.057764657629156621e-06,2.056521704395642825e-06,2.076608300020112571e-06,2.095310724390647803e-06,2.094422376985962947e-06,2.111780655337541433e-06,2.127635108506273341e-06,2.141937706186890585e-06,2.141389420920218394e-06,2.154163099249485646e-06,2.165296278577657509e-06,2.164929746170306485e-06,2.174438519898416039e-06,2.182239407279747405e-06,2.182009353200587537e-06,2.188116031243015537e-06,2.192468410261908246e-06,2.195052400844164552e-06,2.194954320638276223e-06,2.195782907086304342e-06,2.194835098534331873e-06,2.194809978212870521e-06,2.192094783984999338e-06,2.187599080768108190e-06,2.181332700942990146e-06,2.181382231582547765e-06,2.173375319781134800e-06,2.163630056915827796e-06,2.163724337034619730e-06,2.152277457564559728e-06,2.139142507263510803e-06,2.139275330895977558e-06,2.124495913952035436e-06,2.108095507710064852e-06,2.090113698113416905e-06,2.090291761640441817e-06,2.070782332292048073e-06,2.049781182203552157e-06,2.049990275283099845e-06,2.027557347293289648e-06,2.003735563773178788e-06
5.272685543086946350e-06,5.331519027315065124e-06,5.331367075235371396e-06,5.386435025570336191e-06,5.437599241369600642e-06,5.437471635135243792e-06,5.484618694169022269e-06,5.527627217816514531e-06,5.566393567290593114e-06,5.566302357603771379e-06,5.600742823000706875e-06,5.630764228101241389e-06,5.630704955179430817e-06,5.656246234275748134e-06,5.677234189804040808e-06,5.677213009045453173e-06,5.693611348237644497e-06,5.705367224753949264e-06,5.712452908309141406e-06,5.712497188682741070e-06,5.714906157453892248e-06,5.712647451740668078e-06,5.712757271893771666e-06,5.705833406967871429e-06,5.694251034333428475e-06,5.678041981663764055e-06,5.678272503486349600e-06,5.657518434981897742e-06,5.632240345712129578e-06,5.632597180504096002e-06,5.602913139152129321e-06,5.568855679374234410e-06,5.569381837763754851e-06,5.531109195193673103e-06,5.488660520079550372e-06,5.442147459160998363e-06,5.442991903656843747e-06,5.392636799446366903e-06,5.338480471766611190e-06,5.339657663736640987e-06,5.281975076998453009e-06,5.220796177473728646e-06,5.156280887213847755e-06,5.158073368114608387e-06,5.090581307851103863e-06,5.020113711845299799e-06,5.022535765459244976e-06,4.949525132054917283e-06,4.873934578152962192e-06,4.795961601631531093e-06,4.799517657839172856e-06,4.719711858114874104e-06,4.637963018869041189e-06,4.642647492620734688e-06,4.559608250057134492e-06,4.475091983015865747e-06,4.481198859839342486e-06,4.395977324792494442e-06,4.309767979560492507e-06,4.222800540890426750e-06,4.231358122112093981e-06,4.144590179867350030e-06,4.057577640304997198e-06,4.068466518536696993e-06,3.982327529829475002e-06,3.896470534833446467e-06,3.811131890869368870e-06,3.825903464450748523e-06,3.742441960753841227e-06,3.690854514530006788e-06,3.740295341981772108e-06,3.656642987754504803e-06,3.602072579705348845e-06,3.652212158795353142e-06,3.569778368139526222e-06,3.513469495396947481e-06,3.455934041670601859e-06,3.485085513391846081e-06,3.428442321754015775e-06,3.371211865623911087e-06,3.424278547423974485e-06,3.350689507634476495e-06,3.295358108707372787e-06,3.240462779932367192e-06,3.284120385856162873e-06,3.232362767015520078e-06,3.181792313059883679e-06,3.241189987932180703e-06,3.186259379104045314e-06,3.141727366798124719e-06,3.205260743225138437e-06,3.160973835968849364e-06,3.124137575877304118e-06,3.090331889730638585e-06,3.160152678185128697e-06,3.132542546201493086e-06,3.108635687711764903e-06,3.183634598413238401e-06,3.169921177522369010e-06,3.157150962689731537e-06,3.148929066024524377e-06,3.238517850501999318e-06,3.237813428286207510e-06,3.242062580210159512e-06,3.330592548484090763e-06,3.351567534405378946e-06,3.368676178662384654e-06,3.391091315151733636e-06,3.498209451914552805e-06,3.528104042502284389e-06,3.563284618938302168e-06,3.676267015097957403e-06,3.718373130533436351e-06,3.765540106297803439e-06,3.870805512121090926e-06,3.936153347393678854e-06,3.994006032575282828e-06,4.056307201951912350e-06,4.176770913140154540e-06,4.243504286650195822e-06,4.313972386607959700e-06,4.423198448666476589e-06,4.507641036711424708e-06,4.583839516504829772e-06,4.662527145872936421e-06,4.778989547187130534e-06,4.858128203433366665e-06,4.938681629331890375e-06,5.040925393147767848e-06,5.128382856013668105e-06,5.207688731063649460e-06,5.302858730908614450e-06,5.385801187182659615e-06,5.460678117542208875e-06,5.534193836737975310e-06,5.621600243620993551e-06,5.688940941368035006e-06,5.753799380909732602e-06,5.823270123432709264e-06,5.884314805191891033e-06,5.937734501380004842e-06,5.987297219739887953e-06,6.039554911843013962e-06,6.079156969027495787e-06,6.114116193743873036e-06,6.146907286151558684e-06,6.172587527248546738e-06,6.191288954142432691e-06,6.204599039717634550e-06,6.214158993224511535e-06,6.215556466817082383e-06,6.215556466817082383e-06,6.211343992274450170e-06,6.201784038767573184e-06,6.185535241342054503e-06,6.163647282450084449e-06,6.135913627531749892e-06,6.101616734219006387e-06,6.062599725709804232e-06,6.018314256704495603e-06,5.966056564601370441e-06,5.911056578488546442e-06,5.851316541502271017e-06,5.785562295157755916e-06,5.713467867801038237e-06,5.640133383754724227e-06,5.563044670017832138e-06,5.475638263134813897e-06,5.390975032115723958e-06,5.303426324372596350e-06,5.210584090277008807e-06,5.110997045979285324e-06,5.015613850960043177e-06,4.915397588652335351e-06,4.807966080143971196e-06,4.707496310514027650e-06,4.606380496953649869e-06,4.489918095639455756e-06,4.387112400924462749e-06,4.284587043129370023e-06,4.178387963705311787e-06,4.062328138270073334e-06,3.960966187046990123e-06,3.861010325109610341e-06,3.740546613921368151e-06,3.642685106288426416e-06,3.546941299953872889e-06,3.448863376330636185e-06,3.336129749553788810e-06,3.246497442519539939e-06,3.159715553839157224e-06,3.046733157679501566e-06,2.964739008247232624e-06,2.885981214633803224e-06,2.778863077870984056e-06,2.705638101302470403e-06,2.635889938355781116e-06,2.566159040526053792e-06,2.472045717170161228e-06,2.411899341690189322e-06,2.355301029387149486e-06,2.265712244909674545e-06,2.215387710921624460e-06,2.168537641227036733e-06,2.123792268958332450e-06,2.046734503240011167e-06,2.009408089662497285e-06,1.975254915271101786e-06,1.905434126816619298e-06,1.877134527146736796e-06,1.851712687797501169e-06,1.830844691110079262e-06,1.770244271724667375e-06,1.752778001210604476e-06,1.740912520869880204e-06,1.686721184304599042e-06,1.676291529043912119e-06,1.667814998844420620e-06,1.624157392935744477e-06,1.619755114214599984e-06,1.616889436243053709e-06,1.622358164481952205e-06,1.580471883104593446e-06,1.582168207590032397e-06,1.584823067400775738e-06,1.555671596225232068e-06,1.560895465852883319e-06,1.566690989565657916e-06,1.583513918962678191e-06,1.550381818493008665e-06,1.558360561826857638e-06,1.578366233145321854e-06,1.548083801776916036e-06,1.557367814216434322e-06,1.579623218240291209e-06,1.564851664652937506e-06,1.589173280217183928e-06,1.614309410838086570e-06,1.640132918627786681e-06,1.629244099972778577e-06,1.656457590942008254e-06,1.684055424200774103e-06,1.675497965347574482e-06,1.704037935541284524e-06,1.732676896398084724e-06,1.761300034543000099e-06,1.755193443313512918e-06,1.784198326696948521e-06,1.812927792265191675e-06,1.808243819882981165e-06,1.836998521658474500e-06,1.865238577008841771e-06,1.861683354412689985e-06,1.889630462006933648e-06,1.916844342667527745e-06,1.943234654194033661e-06,1.940814125498492873e-06,1.966522450539010742e-06,1.991217488379054449e-06,1.989427292028753239e-06,2.013206064634825811e-06,2.035802796425218199e-06,2.057147502903381720e-06,2.055974011845193772e-06,2.076122585053698916e-06,2.094880192556751140e-06,2.094040866429385982e-06,2.111442582907363195e-06,2.127335419407801255e-06,2.141671827058462793e-06,2.141153216206297467e-06,2.153952830734187231e-06,2.165108567937495304e-06,2.164761540401324043e-06,2.174287059470831147e-06,2.182102196872583018e-06,2.181884134869344286e-06,2.188000759875093830e-06,2.192361231177057882e-06,2.194951629400604157e-06,2.194858423709143605e-06,2.195690486275634691e-06,2.194744875006765014e-06,2.194720779016578997e-06,2.192005529752883521e-06,2.187508774688018689e-06,2.181240418893527271e-06,2.181287113336818339e-06,2.173276561186633130e-06,2.163526902964339053e-06,2.163616075741645846e-06,2.152163414583223655e-06,2.139022041163185971e-06,2.139147829040975378e-06,2.124360788920559641e-06,2.107952194198292521e-06,2.089961650273984994e-06,2.090130450808796008e-06,2.070611245058050292e-06,2.049599818789447212e-06,2.049798148192394961e-06,2.027353980198345672e-06
5.331376731527816596e-06,5.331232610570710695e-06,5.386308014866617253e-06,5.437479295794586354e-06,5.437358352770642788e-06,5.484511658339519929e-06,5.527525995130678101e-06,5.566297705357862110e-06,5.566211382388297858e-06,5.600656235769191645e-06,5.630681501918037030e-06,5.630625530898110728e-06,5.656169515971989582e-06,5.677159539590206963e-06,5.677139741202475907e-06,5.693538722594914712e-06,5.705294439242854595e-06,5.712379090610625943e-06,5.712421386883922086e-06,5.714827329623362291e-06,5.712564454326595753e-06,5.712668846843498514e-06,5.705738167462258409e-06,5.694147449023989563e-06,5.677928357295499875e-06,5.678146965784469302e-06,5.657378907676131416e-06,5.632084527568475285e-06,5.632422520230405683e-06,5.602716808041311213e-06,5.568634541547001355e-06,5.569132417871949195e-06,5.530827643445425041e-06,5.488342574449011420e-06,5.441788404648252109e-06,5.442586528468097126e-06,5.392179347970734017e-06,5.337964594233950147e-06,5.339076362451171107e-06,5.281320649055417545e-06,5.220060153881353860e-06,5.155453968360520845e-06,5.157145355541565362e-06,5.089541032314341461e-06,5.018948957676910570e-06,5.021233191268020818e-06,4.948070187839156030e-06,4.872311418934810595e-06,4.794152997762135097e-06,4.797504902167298761e-06,4.717474670258583021e-06,4.635479446880298581e-06,4.639893812386534416e-06,4.556558862837588299e-06,4.471719311579568912e-06,4.477473243719000889e-06,4.391866915248841959e-06,4.305238634909742235e-06,4.217815722919269344e-06,4.225878794374223820e-06,4.138574708726034938e-06,4.050981699656647519e-06,4.061242999220068466e-06,3.974426454793305696e-06,3.887838981201042549e-06,3.801713920101147644e-06,3.815640061863962485e-06,3.731270985711685399e-06,3.647888714041769078e-06,3.665188082184257026e-06,3.613193606926992303e-06,3.559160835022111445e-06,3.580425944114889158e-06,3.526027732140251299e-06,3.470103847458667609e-06,3.390964099988140713e-06,3.440444092442826266e-06,3.383978514388751602e-06,3.308598574684136742e-06,3.359872866441882526e-06,3.304348862389006518e-06,3.248834191238286215e-06,3.180995791931934654e-06,3.234999242197676261e-06,3.182723153054532468e-06,3.122536533469815325e-06,3.179826353179425949e-06,3.132451402798145777e-06,3.086874946322988487e-06,3.142707023440114676e-06,3.101877264917131708e-06,3.063575485080646531e-06,3.027684642623041246e-06,3.094621134099234771e-06,3.065115288790676954e-06,3.041638205675151557e-06,3.113888587479508901e-06,3.094518098462751021e-06,3.079265993383312995e-06,3.074641424217894235e-06,3.154134924074966289e-06,3.150576803270337959e-06,3.160051414721603645e-06,3.245462772715306350e-06,3.254217113520609996e-06,3.268047734217858175e-06,3.297433305262446361e-06,3.390250609915592482e-06,3.416694403786471324e-06,3.459560829882285168e-06,3.557537578220398370e-06,3.596146616471776471e-06,3.651404828416368823e-06,3.753655528126100535e-06,3.803482315720468856e-06,3.857972755086770595e-06,3.928419109142109383e-06,4.034473375649569829e-06,4.098162488780409865e-06,4.176613459922796414e-06,4.283649431516913086e-06,4.354438881126064004e-06,4.428256409446763477e-06,4.514369414493938517e-06,4.619828848040034000e-06,4.697288094985980356e-06,4.784931757975522366e-06,4.886537992175225172e-06,4.964739813624895575e-06,5.043508634515037382e-06,5.146233959780557808e-06,5.222130666291539857e-06,5.297453543066180623e-06,5.377295945784688957e-06,5.460901778525838882e-06,5.529729896048032484e-06,5.600837924599463584e-06,5.672781100010797736e-06,5.732238575240333531e-06,5.788557507703772633e-06,5.844265306472729333e-06,5.897666069013069649e-06,5.941166675530353054e-06,5.982384043980788264e-06,6.019816086692100097e-06,6.048534182360889711e-06,6.072312285588863089e-06,6.091903831589600248e-06,6.106417497503730430e-06,6.113604549738063524e-06,6.115640689936202699e-06,6.115640689936202699e-06,6.112245806459063947e-06,6.102281598716839278e-06,6.086483687473398129e-06,6.065220022113627741e-06,6.038186218703625861e-06,6.005792052911241141e-06,5.966809033038105721e-06,5.922924036509758003e-06,5.874538903499766827e-06,5.819199393709884692e-06,5.759755355934024335e-06,5.696845532802140863e-06,5.629755345970552357e-06,5.555048023412097197e-06,5.477903844950657758e-06,5.398983038763346923e-06,5.311945185596627800e-06,5.224026848834814776e-06,5.135660927843989609e-06,5.045070548163259334e-06,4.942345222897738908e-06,4.847122163034241909e-06,4.750602567063100126e-06,4.643750134966652705e-06,4.541076731716061328e-06,4.441298443799963017e-06,4.329921801963154843e-06,4.225289895670664060e-06,4.124857386083085772e-06,4.025225507932843638e-06,3.911469406357419033e-06,3.808634258072683281e-06,3.711559420998817794e-06,3.598451692971736137e-06,3.499387581323274846e-06,3.406952184841284908e-06,3.316934474973973824e-06,3.207532728359624698e-06,3.117032449362955996e-06,3.033887673673644397e-06,2.929007901705666963e-06,2.846441112488904479e-06,2.771416102139820594e-06,2.672217865858911651e-06,2.598758126546748269e-06,2.532715734415329497e-06,2.470122441671444559e-06,2.379642911451658684e-06,2.319911016565320541e-06,2.266807858970008968e-06,2.183467555155286207e-06,2.134101261694731182e-06,2.090506199291662533e-06,2.050193027260435194e-06,1.976404577733690432e-06,1.941077354407944777e-06,1.909763321390581026e-06,1.843105436445956500e-06,1.817603600410364282e-06,1.794681231510002077e-06,1.774360436718261236e-06,1.718528359601470473e-06,1.703209889989127420e-06,1.690124801930520321e-06,1.638358842816908058e-06,1.633171881715504453e-06,1.626379190783226070e-06,1.580168618005351353e-06,1.582091217092001617e-06,1.580587227823099284e-06,1.580348008248659876e-06,1.540317026933054678e-06,1.550089185839892288e-06,1.553723967204906861e-06,1.517757785222691492e-06,1.532212677606214337e-06,1.538742141479200060e-06,1.545629949703278517e-06,1.524364843574570842e-06,1.532868946733175178e-06,1.541404409595459269e-06,1.524105049745670996e-06,1.546196841588432932e-06,1.569359818701294887e-06,1.555433697667708571e-06,1.580541731199234666e-06,1.606408341329223985e-06,1.632909405805129368e-06,1.622648166794976373e-06,1.650442128193414723e-06,1.678576105634119932e-06,1.670513157063251456e-06,1.699508600675644572e-06,1.728566496125082064e-06,1.757574426323891101e-06,1.751820777258950875e-06,1.781148940835376772e-06,1.810174107441578854e-06,1.805760234943236719e-06,1.834761309507808888e-06,1.863225782067352183e-06,1.859874691928914313e-06,1.888007219630318297e-06,1.915389284623974442e-06,1.941931928355091648e-06,1.939649173584496355e-06,1.965481921649627288e-06,1.990289156001343684e-06,1.988599974632948775e-06,2.012469549931644100e-06,2.035147769325459032e-06,2.056565477190896612e-06,2.055457265547797742e-06,2.075664099473191342e-06,2.094473594898757174e-06,2.093680375956035528e-06,2.111122960520783237e-06,2.127051920559789683e-06,2.141420157871385258e-06,2.140929492682032151e-06,2.153753540921634583e-06,2.164930536924633483e-06,2.164601897994810543e-06,2.174143210424610744e-06,2.181971793526660194e-06,2.181765052060689784e-06,2.187891071984427786e-06,2.192259191177850709e-06,2.194855649779933850e-06,2.194767059133926263e-06,2.195602417882111943e-06,2.194658896195858057e-06,2.194635782642739309e-06,2.191920496599304982e-06,2.187422763126432478e-06,2.181152555632233356e-06,2.181196585166051250e-06,2.173182607635781146e-06,2.163428809790853604e-06,2.163513169176716414e-06,2.152055056264365045e-06,2.138907623688801462e-06,2.139026772086689058e-06,2.124232535861643731e-06,2.107816209186831113e-06,2.089817415723517810e-06,2.089977465243066051e-06,2.070449021284139277e-06,2.049427882359009351e-06,2.049616036117919241e-06
5.331105094516555137e-06,5.386187543704965629e-06,5.437365500233763754e-06,5.437250851236240166e-06,5.484410055391392016e-06,5.527429879609095756e-06,5.566206648225373168e-06,5.566124934230732602e-06,5.600573923915854122e-06,5.630602827137498983e-06,5.630549963622275933e-06,5.656096491997059443e-06,5.677088455198978603e-06,5.677069947647995205e-06,5.693469519880983579e-06,5.705225069132068756e-06,5.712308728785819392e-06,5.712349134183871441e-06,5.714752202268527176e-06,5.712485373045561193e-06,5.712584624805671769e-06,5.705647496917295578e-06,5.694048886543457734e-06,5.677820307507512659e-06,5.678027663487462136e-06,5.657246398213752769e-06,5.631936645343737905e-06,5.632256865233985196e-06,5.602530720266195972e-06,5.568425073159772141e-06,5.568896303009909425e-06,5.530561265508709806e-06,5.488041930757865014e-06,5.441449068338021010e-06,5.442203607498207226e-06,5.391747441129291974e-06,5.337477744026737319e-06,5.338528004772743233e-06,5.280703559551189747e-06,5.219366390922826095e-06,5.154674812571552070e-06,5.156271245831920884e-06,5.088561498397692729e-06,5.017852549074340255e-06,5.020007402824870929e-06,4.946701381812962144e-06,4.870784743745052983e-06,4.792452303528844755e-06,4.795612653205022983e-06,4.715371854734992894e-06,4.633145483894710399e-06,4.637306456772754266e-06,4.553694108047660354e-06,4.468551291060081211e-06,4.473974131249309043e-06,4.388006824770717333e-06,4.300985520440142860e-06,4.213135279201873488e-06,4.220734358990531766e-06,4.132927166452797907e-06,4.044789389922535086e-06,4.054461627580200340e-06,3.967009009404858300e-06,3.879735655345911897e-06,3.792872041861663582e-06,3.806004032114179911e-06,3.720782225638859163e-06,3.636485623459253937e-06,3.652806009937371213e-06,3.570847345200000024e-06,3.490328687095014487e-06,3.537449956703071817e-06,3.483510899279011827e-06,3.404366237551646504e-06,3.349296422549938045e-06,3.397206090568593864e-06,3.320872917052997744e-06,3.265710826335403464e-06,3.315232342205554825e-06,3.243225216330903713e-06,3.189427058844637976e-06,3.135849522458882612e-06,3.187834027889231786e-06,3.124130256059108010e-06,3.074151011456750655e-06,3.129189521267119503e-06,3.073586606015709079e-06,3.028806348110024354e-06,3.087550958342457608e-06,3.045537073252968100e-06,3.003501596617241366e-06,2.968129036104568639e-06,3.032254412659260540e-06,3.001662008574644335e-06,2.975182627384434470e-06,3.044394202981432467e-06,3.026282114302747214e-06,3.009939427904429757e-06,2.997719751340058611e-06,3.073922658450826662e-06,3.074530125340956880e-06,3.073861850425638091e-06,3.155852547311020394e-06,3.170239413397230374e-06,3.181646875649089029e-06,3.198024551366535228e-06,3.287357166253235230e-06,3.320955700766795077e-06,3.349587030586202960e-06,3.444143049079914142e-06,3.490502823098175405e-06,3.530876904743463703e-06,3.629881339882792491e-06,3.687767971585403997e-06,3.738895399857582572e-06,3.794478911838832922e-06,3.897699458277279955e-06,3.969398048399338945e-06,4.033691117223844430e-06,4.138360916777123236e-06,4.216963354527710288e-06,4.287888027492026126e-06,4.361632844260205994e-06,4.465537869337632311e-06,4.550238225428413310e-06,4.627223556066696897e-06,4.728027838591723517e-06,4.813149479271719851e-06,4.890557531611968198e-06,4.985999803704895332e-06,5.061725447422495638e-06,5.143425250720415572e-06,5.217631778931358148e-06,5.302517933861633456e-06,5.377569901467644305e-06,5.445218637896769587e-06,5.519407664591097600e-06,5.585034017838063653e-06,5.643366782856474011e-06,5.698567340146954776e-06,5.755478083008965426e-06,5.805063904564737244e-06,5.847653693405708014e-06,5.889474968436670833e-06,5.924380415715521955e-06,5.952486231891724840e-06,5.975746614132339710e-06,5.995653962048140809e-06,6.009014901469511352e-06,6.016072584869088369e-06,6.018626151046652837e-06,6.018626151046652837e-06,6.014791996183455236e-06,6.005117542924249959e-06,5.990233817931937844e-06,5.969065506215753026e-06,5.942742421134607421e-06,5.911182059566374166e-06,5.873899957493988290e-06,5.830494908393885642e-06,5.783323499659237247e-06,5.730412170246120785e-06,5.671507581888091289e-06,5.610132356649091439e-06,5.544651360012711627e-06,5.473617763403731212e-06,5.396595815428718833e-06,5.319497210654068993e-06,5.237167173673571452e-06,5.148783221309979075e-06,5.062361024857645507e-06,4.971102534211623365e-06,4.880314987987908862e-06,4.780306671576375377e-06,4.685723056888410164e-06,4.586846215582853856e-06,4.480775124100407623e-06,4.382838116564702021e-06,4.281090256806849483e-06,4.171278035748537659e-06,4.072513143810582899e-06,3.974452701731402013e-06,3.873216863211745855e-06,3.761891619403799791e-06,3.666132937763848680e-06,3.567732042106906710e-06,3.457562009537268638e-06,3.366145814833754659e-06,3.277025039329589850e-06,3.186009239826048789e-06,3.080015186552627140e-06,2.997446989000668706e-06,2.913590120903295514e-06,2.812326455028758558e-06,2.737558609050583054e-06,2.662141726849700520e-06,2.566651566192854778e-06,2.500563826530856407e-06,2.437829286657759958e-06,2.375444044041075857e-06,2.288635773608389941e-06,2.235137296685374354e-06,2.182748789388218634e-06,2.102956242161845449e-06,2.058755802909835423e-06,2.017789831758419365e-06,1.979160575039970072e-06,1.908659197388159775e-06,1.876554903198491110e-06,1.847675206482168594e-06,1.784058359720496633e-06,1.760261538114968134e-06,1.740617456944075727e-06,1.722535156935820286e-06,1.667306630370880387e-06,1.653341615831046460e-06,1.645011830612267448e-06,1.595642838290435935e-06,1.588005597901591775e-06,1.587006853949694598e-06,1.542914870602760743e-06,1.540643080332113902e-06,1.539700415151825335e-06,1.546950794341153730e-06,1.508694565914096074e-06,1.511747886366664604e-06,1.523999775342083010e-06,1.489570630614116965e-06,1.495664613269730858e-06,1.511940721480177147e-06,1.519433459812538531e-06,1.488974083180726086e-06,1.508336541037603093e-06,1.529022338833701099e-06,1.512701961086468253e-06,1.535708083965614555e-06,1.559723792021025460e-06,1.546591823209378315e-06,1.572438409921228655e-06,1.598990901380682427e-06,1.626128040504522947e-06,1.616455864289651905e-06,1.644794593962217237e-06,1.673431678938688975e-06,1.665832722393575880e-06,1.695255495172773457e-06,1.724706413899336227e-06,1.754075320521276475e-06,1.748652760662392931e-06,1.778284185721534746e-06,1.807586745348899171e-06,1.803426256943072845e-06,1.832658467508321675e-06,1.861333491619856715e-06,1.858173936948705865e-06,1.886480459389038010e-06,1.914020363318469223e-06,1.940705987508649763e-06,1.938552567490421434e-06,1.964502136024389163e-06,1.989414729975085191e-06,1.987820426168902213e-06,2.011775304732983075e-06,2.034530093258260730e-06,2.056016412225058472e-06,2.054969569193905597e-06,2.075231187672320755e-06,2.094089488303843399e-06,2.093339649527692712e-06,2.110820696347054685e-06,2.126783663798174224e-06,2.141181875702412168e-06,2.140717536156482325e-06,2.153564609578104075e-06,2.164761646050282845e-06,2.164450348399760244e-06,2.174006560599296918e-06,2.181847834051485730e-06,2.181651782138299738e-06,2.187786677966798636e-06,2.192162026962990118e-06,2.194764218956208872e-06,2.194679998753791139e-06,2.195518483751165981e-06,2.194576949567663110e-06,2.194554778214575669e-06,2.191839471708972987e-06,2.187340828055231296e-06,2.181068884924352189e-06,2.181110409879700178e-06,2.173093208446432450e-06,2.163335510871957275e-06,2.163415332788107446e-06,2.151952077983313362e-06,2.138798928223233935e-06,2.138911809614504540e-06,2.124110778844252187e-06,2.107687149609067117e-06,2.089680562715885230e-06,2.089832343045870218e-06,2.070295167516465046e-06,2.049264846558687868e-06
5.386073250290859399e-06,5.437257515738456621e-06,5.437148813348548911e-06,5.484313588767595555e-06,5.527338594118288604e-06,5.566120136908935960e-06,5.566042770941786797e-06,5.600495660601386539e-06,5.630527990722579900e-06,5.630478052452181900e-06,5.656026971789461218e-06,5.677020754454371903e-06,5.677003452462529383e-06,5.693403568101519241e-06,5.705158943788939893e-06,5.712241650734178743e-06,5.712280253879884881e-06,5.714680590601903941e-06,5.712410011145144744e-06,5.712504392730003265e-06,5.705561161137301593e-06,5.693955086119753467e-06,5.677717538860257419e-06,5.677914263652416174e-06,5.657120526474142506e-06,5.631796263123882501e-06,5.632099714137438993e-06,5.602354298138511860e-06,5.568226608054000325e-06,5.568672724931717915e-06,5.530309175817738471e-06,5.487757569102561214e-06,5.441128277003073316e-06,5.441841793046871014e-06,5.391339533227435646e-06,5.337018151341614513e-06,5.338010567847434730e-06,5.280121500565404786e-06,5.218712260262635809e-06,5.153940432144632601e-06,5.155447649081280606e-06,5.087638866985673140e-06,5.016820146230198144e-06,5.018853503373377973e-06,4.945413198928525912e-06,4.869348352505775411e-06,4.790852561377897312e-06,4.793833117462609073e-06,4.713394697343212860e-06,4.630951403619638701e-06,4.634874589132998911e-06,4.551001933286576074e-06,4.465574540529381657e-06,4.470686692625003414e-06,4.384380646577855402e-06,4.296990516420396439e-06,4.208739233117367800e-06,4.215902830517977635e-06,4.127623398883644725e-06,4.038974220446838544e-06,4.048093400993806001e-06,3.960043496140644327e-06,3.872125974789505161e-06,3.784568591969631898e-06,3.796954426407300330e-06,3.710931238693947771e-06,3.625775146069295263e-06,3.641175015150397973e-06,3.558231866481488949e-06,3.476661809885417889e-06,3.495614336845581508e-06,3.416947497191536259e-06,3.363578008604415316e-06,3.308874606999811209e-06,3.333471760238787041e-06,3.279251845038171760e-06,3.224255314442491378e-06,3.253801310958425794e-06,3.200081584736568179e-06,3.146197567625617487e-06,3.079339082424249153e-06,3.129547247627904499e-06,3.078270670644463261e-06,3.027790546255850806e-06,3.071266683858905051e-06,3.024141765602081365e-06,2.978502529143418889e-06,3.028882646618196691e-06,2.987454459499281303e-06,2.948197297521685724e-06,2.911426125281100156e-06,2.971687976808576242e-06,2.940274836665517410e-06,2.911990014915758887e-06,2.980000816632345086e-06,2.957750707251872337e-06,2.939205564850521474e-06,2.929648242968427758e-06,3.003087491408607990e-06,2.995299073406645549e-06,2.991916480350441415e-06,3.078027125252557737e-06,3.081711752921892800e-06,3.090113098960708728e-06,3.112650313187334399e-06,3.198948355511256967e-06,3.219338712536507771e-06,3.244675579091030702e-06,3.346450545927316977e-06,3.378610039220014935e-06,3.415632342985370122e-06,3.522505628900447934e-06,3.565761580889729961e-06,3.613613121427843186e-06,3.676874441924421939e-06,3.777418697016869075e-06,3.834782129656757985e-06,3.896103875223602757e-06,4.009026723776310485e-06,4.074145752004515995e-06,4.142529683301208237e-06,4.223423105852276441e-06,4.325665837263531850e-06,4.398817206494115903e-06,4.474055506272958305e-06,4.582434032787302884e-06,4.657765152128070866e-06,4.734190340643641310e-06,4.836902460660051527e-06,4.911629897126155439e-06,4.986400633377168832e-06,5.060805686492565309e-06,5.152418788465819808e-06,5.222656521156823202e-06,5.291469835155752443e-06,5.372212201234174644e-06,5.435125101396923194e-06,5.495610583610916913e-06,5.556582387517051821e-06,5.616503903054115880e-06,5.666182183344910456e-06,5.712211677320659599e-06,5.760339642284731133e-06,5.797099334628610535e-06,5.829515642784152224e-06,5.858690318422067355e-06,5.883504811572222700e-06,5.900846678468546044e-06,5.913186721647297485e-06,5.921980121693299434e-06,5.923325976601814259e-06,5.923325976601814259e-06,5.919479961438344078e-06,5.910686561392341282e-06,5.895738966797591044e-06,5.875574367958431328e-06,5.849512055380706439e-06,5.818438737519899795e-06,5.782442638861270495e-06,5.741558990867945243e-06,5.693431025903872862e-06,5.642621280156768953e-06,5.587393119106224064e-06,5.525362001857693047e-06,5.460066012050923185e-06,5.392148039870438896e-06,5.320689230875726870e-06,5.239946864797304668e-06,5.161360342951709880e-06,5.080009962439538095e-06,4.988396860466283596e-06,4.901430344898278600e-06,4.812543848659051675e-06,4.722045957842194284e-06,4.619333837825783221e-06,4.525389421417403824e-06,4.430703775475047019e-06,4.322325248960702439e-06,4.225819361878460075e-06,4.129419497370126832e-06,4.021306330547440599e-06,3.920997073677640858e-06,3.825244168562741107e-06,3.730641294947585064e-06,3.617718446394877760e-06,3.524779256584845164e-06,3.433660012280393787e-06,3.326385075808719739e-06,3.233969798817830006e-06,3.148128824903334310e-06,3.064817172572260014e-06,2.957943886657181355e-06,2.878852482349260778e-06,2.802677372275837070e-06,2.700902405439550795e-06,2.629683833744813124e-06,2.561639040874572443e-06,2.469623518462932739e-06,2.403482163392693511e-06,2.344208889991701826e-06,2.288229287711240441e-06,2.202118642809124119e-06,2.151919819746170481e-06,2.104985233374268996e-06,2.028451870455806471e-06,1.985390667140389997e-06,1.947391406604817670e-06,1.912427942884675970e-06,1.844417141168090618e-06,1.814985332937911254e-06,1.788347229599026362e-06,1.728085378071575687e-06,1.706640299992106041e-06,1.687685842552477926e-06,1.671075622401786538e-06,1.620695504927631305e-06,1.608636036807542581e-06,1.598565379590044547e-06,1.555089241991685829e-06,1.549036375757629293e-06,1.544597197217618749e-06,1.502458468225220260e-06,1.506498082098517900e-06,1.506741822996973657e-06,1.508066421248797152e-06,1.478520424937976635e-06,1.482495592963478052e-06,1.487188711696841883e-06,1.462591559213076392e-06,1.469375349002691986e-06,1.476536555083325287e-06,1.494259730394970260e-06,1.475307206850881835e-06,1.495721063487221180e-06,1.517391345572465013e-06,1.501991485657071944e-06,1.525857099499196106e-06,1.550674189396070809e-06,1.538288377085383920e-06,1.564828733891507021e-06,1.592025393454386232e-06,1.619759820087232193e-06,1.610640701785603607e-06,1.639490834070405306e-06,1.668600158660454819e-06,1.661436684711792247e-06,1.691260499303056294e-06,1.721080242952648884e-06,1.750787887355459104e-06,1.745676012638196006e-06,1.775592009017202725e-06,1.805154869426733897e-06,1.801232159702154407e-06,1.830681281600049648e-06,1.859553912347536402e-06,1.856574132119299841e-06,1.885043981434668866e-06,1.912732063957471083e-06,1.939551935171041633e-06,1.937519967690717451e-06,1.963579254825716150e-06,1.988590820652663507e-06,1.987085659148034006e-06,2.011120700846787966e-06,2.033947460343355733e-06,2.055498285049203802e-06,2.054509152688153005e-06,2.074822303421325341e-06,2.093726524231603834e-06,2.093017512701902439e-06,2.110534768813371723e-06,2.126529761345864468e-06,2.140956209454864515e-06,2.140516676873869510e-06,2.153385454554815436e-06,2.164601388486561082e-06,2.164306449125044687e-06,2.173876722024037209e-06,2.181729976224430387e-06,2.181544020787431272e-06,2.187687304404005849e-06,2.192069489735169448e-06,2.194677107128620679e-06,2.194597026715114060e-06,2.195438477433670603e-06,2.194498833980193957e-06,2.194477566190524026e-06,2.191762253776055081e-06,2.187262763338623368e-06,2.180989192999510449e-06,2.181028363495947565e-06,2.173008127047129478e-06,2.163246754841713874e-06,2.163322298362024737e-06,2.151854192757659909e-06,2.138695647211208028e-06,2.138802611794835822e-06,2.123995164154300334e-06,2.107564636337815787e-06,2.089550685255762462e-06,2.089694649965681560e-06,2.070149219920873697e-06
5.437155023513015049e-06,5.437051940709507561e-06,5.484221979393026830e-06,5.527251877771818358e-06,5.566037927510000008e-06,5.565964664335327940e-06,5.600421231992224800e-06,5.630456791736543627e-06,5.630409607782844083e-06,5.655960775385807675e-06,5.676956265201146698e-06,5.676940089301147175e-06,5.693340704535492150e-06,5.705095901713638890e-06,5.712177693526531347e-06,5.712214578679224992e-06,5.714612319708792721e-06,5.712338182460487920e-06,5.712427949152281480e-06,5.705478938831263191e-06,5.693865801565525523e-06,5.677619774587532984e-06,5.677806452560298092e-06,5.657000934633382021e-06,5.631662970954722114e-06,5.631950595853169771e-06,5.602186999342232941e-06,5.568038521374048231e-06,5.568460963579905948e-06,5.530070544953978991e-06,5.487488534889889103e-06,5.440824933238472159e-06,5.441499825255911538e-06,5.390954180114656019e-06,5.336584163493888089e-06,5.337522163594508885e-06,5.279572318910430807e-06,5.218095310805996947e-06,5.153248041936931253e-06,5.154671406355917949e-06,5.086769561738472291e-06,5.015847707632727529e-06,5.017766934028563818e-06,4.944200506001482266e-06,4.867996475789997818e-06,4.789347298386789424e-06,4.792159045669087447e-06,4.711535093725652116e-06,4.628888161710763550e-06,4.632588133809579225e-06,4.548471133581574461e-06,4.462776620794783049e-06,4.467597142422508734e-06,4.380973129725846569e-06,4.293236779678919291e-06,4.204609015047882490e-06,4.211363771111140894e-06,4.122640950605839284e-06,4.033511561414302783e-06,4.042111351041400435e-06,3.953500436610017695e-06,3.864977772918151205e-06,3.776768530817309262e-06,3.788453141308906118e-06,3.701676661277372799e-06,3.615712456922328073e-06,3.630246606261551772e-06,3.546377314614744028e-06,3.463817862077638593e-06,3.481714909236674379e-06,3.401923688410525049e-06,3.323933094660080110e-06,3.247951582131513708e-06,3.292880140679726802e-06,3.238933406805369382e-06,3.165811577627764281e-06,3.212102178098107362e-06,3.158439832191826047e-06,3.089598192161884339e-06,3.037433693917875459e-06,3.085815707618686495e-06,3.022708981183024076e-06,2.973500695129678703e-06,3.024574077436455011e-06,2.976816728416995735e-06,2.923889988919349836e-06,2.978272638644939767e-06,2.935853435637871172e-06,2.892095050350331828e-06,2.855548066739537368e-06,2.914775998415008021e-06,2.881840649514293896e-06,2.852839471567272954e-06,2.916737355747645957e-06,2.892574657435768301e-06,2.875455067870497871e-06,2.859793454431211658e-06,2.930188711257685361e-06,2.925655024715164856e-06,2.920652190683455474e-06,2.996541259897740024e-06,2.997473464005106741e-06,3.011265901991570383e-06,3.022183572373071176e-06,3.105184535245816428e-06,3.131960585382150666e-06,3.154562150352566839e-06,3.242798889050814135e-06,3.271733178436157827e-06,3.316028890208710690e-06,3.408915828989034118e-06,3.448941233680457239e-06,3.504325209075478601e-06,3.553414359728799255e-06,3.651096182725214354e-06,3.716035012547185858e-06,3.774180790261750325e-06,3.874045275143277003e-06,3.936433774667244305e-06,4.012072403274808869e-06,4.080591511486139064e-06,4.181023172137424384e-06,4.261151326675009664e-06,4.334034295099120564e-06,4.432660776363504981e-06,4.506569241319663345e-06,4.589390329323074902e-06,4.684156685131129465e-06,4.758240684587947819e-06,4.839144082240384983e-06,4.912933936332572529e-06,4.999383488819394445e-06,5.070157597871208529e-06,5.144703981470071091e-06,5.222261761368735095e-06,5.286656457071101267e-06,5.352823872191094876e-06,5.412179216942770146e-06,5.474884319771107730e-06,5.530278116762339858e-06,5.578961575304663694e-06,5.628314395723407416e-06,5.668726026307903890e-06,5.706873323500728025e-06,5.738595091534491847e-06,5.768087260933131136e-06,5.791268741815472435e-06,5.808246970208405317e-06,5.821644727919414901e-06,5.828335985920652125e-06,5.830243136279278073e-06,5.830243136279278073e-06,5.827128645564875383e-06,5.817970885795386997e-06,5.803432023296464079e-06,5.783795592691819772e-06,5.758908997891769374e-06,5.728161795093549775e-06,5.693075601244457599e-06,5.652580454074916175e-06,5.607869465601627815e-06,5.556806499217075763e-06,5.502919009190534235e-06,5.443663934111749804e-06,5.378789860584424066e-06,5.312470103712015081e-06,5.241019686919686280e-06,5.167773320150262465e-06,5.087186953452455962e-06,5.005574738542990931e-06,4.923355415201234593e-06,4.833231275306062439e-06,4.746207618591600715e-06,4.654853883676090474e-06,4.564659962303353760e-06,4.465223788167372374e-06,4.369221348261112693e-06,4.275639140486104036e-06,4.171717046192944378e-06,4.076978808698478919e-06,3.978906396832588542e-06,3.872630602321864721e-06,3.778343454620106652e-06,3.681197032584526255e-06,3.589147947931358510e-06,3.482849814256913983e-06,3.392837999976869367e-06,3.300606816609512154e-06,3.196308491125112051e-06,3.111284907838989268e-06,3.024565750193314385e-06,2.944564655083335280e-06,2.845179866232677735e-06,2.765453786275794245e-06,2.692707575314819826e-06,2.598346317476531793e-06,2.530410971675234377e-06,2.462157740521415615e-06,2.373655600808482481e-06,2.314220708518018199e-06,2.255113569996192277e-06,2.202412615708144951e-06,2.122428777023620670e-06,2.075029168577552346e-06,2.028992338745064497e-06,1.955741371661203671e-06,1.917099751532858982e-06,1.880587285634347611e-06,1.848347629401524990e-06,1.783857861244230631e-06,1.756592694628017134e-06,1.732378265562327344e-06,1.674298328829536291e-06,1.654496261026722925e-06,1.638942195254369029e-06,1.624326513584798102e-06,1.573964842675570008e-06,1.566199835741237969e-06,1.557808999556313525e-06,1.512793509646567148e-06,1.507571221001430296e-06,1.508935093400404543e-06,1.468700415161926163e-06,1.468243884154594238e-06,1.475321149267219880e-06,1.477659151563370086e-06,1.442665604625697020e-06,1.454530353727773142e-06,1.459997837687901807e-06,1.428424065704954715e-06,1.444160808478334966e-06,1.461512746804455749e-06,1.480360303469645401e-06,1.462463259958303428e-06,1.483866512825877835e-06,1.506462938245755090e-06,1.491928798502184579e-06,1.516602524582166445e-06,1.542172907382792091e-06,1.530488319676993709e-06,1.557680536483835008e-06,1.585482339145957218e-06,1.613777776119531140e-06,1.605178049453787520e-06,1.634508393093189966e-06,1.664061106945333266e-06,1.657306474396763550e-06,1.687506769899392110e-06,1.717672732355519275e-06,1.747698341431106342e-06,1.742878094038310262e-06,1.773061205813717659e-06,1.802868404103866863e-06,1.799168898987535076e-06,1.828821647563568957e-06,1.857879795145366003e-06,1.855068804711623458e-06,1.883692016559235407e-06,1.911519253597240493e-06,1.938465212713088413e-06,1.936547332935220694e-06,1.962709701968368939e-06,1.987814269331143968e-06,1.986392888613308376e-06,2.010503287292894486e-06,2.033397717404885098e-06,2.055009207453859588e-06,2.054074363032456840e-06,2.074436002020577754e-06,2.093383441980545785e-06,2.092712866869980946e-06,2.110264221687959799e-06,2.126289381628109865e-06,2.140742436305863054e-06,2.140326286503472072e-06,2.153215529241416554e-06,2.164449287913568381e-06,2.164169783918235109e-06,2.173753329373565934e-06,2.181617897475729720e-06,2.181441480886515376e-06,2.187592693084673322e-06,2.191981344338148281e-06,2.194594096945776549e-06,2.194517938755302215e-06,2.195362203510613043e-06,2.194424359026822637e-06,2.194403957708460438e-06,2.191688652333285906e-06,2.187188374032858913e-06,2.180913277809198885e-06,2.180950234445380571e-06,2.172927140116479065e-06,2.163162304557189227e-06,2.163233813005555308e-06,2.151761130139629691e-06,2.138597490953725799e-06,2.138698868076823430e-06,2.123885358873347023e-06,2.107448312647196123e-06,2.089427401438313330e-06,2.089563977609350796e-06
5.436959952503529098e-06,5.484134964559443160e-06,5.527169484898976443e-06,5.565959790263606591e-06,5.565890399350757135e-06,5.600350436452014875e-06,5.630389040597731212e-06,5.630344450615704225e-06,5.655897732782363842e-06,5.676894824708409742e-06,5.676879700830505077e-06,5.693280775195967441e-06,5.705035790012903732e-06,5.712116702879601933e-06,5.712151950160707243e-06,5.714547223980400799e-06,5.712269710801354105e-06,5.712355103515371284e-06,5.705400620845002359e-06,5.693780800395568024e-06,5.677526753569614641e-06,5.677703934511177557e-06,5.656887285743259061e-06,5.631536383161102857e-06,5.631809067593164448e-06,5.602028314577699243e-06,5.567860226781914764e-06,5.568260343798614367e-06,5.529844595776280354e-06,5.487233934292320617e-06,5.440538010138953498e-06,5.441176525892980213e-06,5.390590031945185058e-06,5.336174236510732039e-06,5.337061028971569433e-06,5.279054004890244762e-06,5.217513255754259051e-06,5.152595044499497695e-06,5.153939572666950231e-06,5.085950249643528558e-06,5.014931467908027739e-06,5.016743448597292723e-06,4.943058523170142392e-06,4.866723742552358094e-06,4.787930489870152176e-06,4.790583691827368815e-06,4.709785503416113222e-06,4.626947344326373141e-06,4.630437718676548493e-06,4.546091287371948078e-06,4.460145963246622800e-06,4.464692660705346205e-06,4.377770091836340709e-06,4.289708647300966382e-06,4.200727356362446239e-06,4.207098174093600813e-06,4.117958937402265071e-06,4.028378504442414835e-06,4.036490391516655155e-06,3.947352406251700114e-06,3.858261119644113568e-06,3.769439249288409463e-06,3.780464709234710124e-06,3.692979982442550640e-06,3.606255811937742975e-06,3.619975612084516641e-06,3.535234893918577473e-06,3.451744223580620263e-06,3.468647540124044796e-06,3.387797359999397065e-06,3.308679882465252170e-06,3.231500901489362788e-06,3.253479781333362191e-06,3.179865070686626045e-06,3.126980336464776415e-06,3.171766116226864406e-06,3.101532934690296815e-06,3.049327845025645901e-06,2.997075246049503419e-06,3.030383948143462853e-06,2.980232338372478566e-06,2.930650723561446290e-06,2.969769793864116689e-06,2.923103107167919581e-06,2.877645416473561917e-06,2.929876234246066537e-06,2.881367536770669573e-06,2.841484255503138822e-06,2.803747068321959342e-06,2.858348833542157226e-06,2.825436732120797835e-06,2.795284224942585566e-06,2.856520609829320003e-06,2.832474052243130523e-06,2.811141305129843249e-06,2.793383622228932571e-06,2.865117484936860581e-06,2.853645228092651257e-06,2.846198189591705510e-06,2.925284518307963528e-06,2.924459476182212114e-06,2.927999364140677756e-06,2.936054633369515801e-06,3.024439926354662851e-06,3.039311825457421375e-06,3.058848492317665287e-06,3.153508873810105131e-06,3.179682214856506044e-06,3.210513512336886922e-06,3.300277226929429512e-06,3.347593373132501292e-06,3.389114880359254266e-06,3.435048876198053658e-06,3.540418661201352279e-06,3.591599180975020939e-06,3.646779607559508671e-06,3.754423794322579922e-06,3.813815675589363005e-06,3.876633712243765677e-06,3.942641508974225496e-06,4.050591792223402926e-06,4.119069792236863219e-06,4.189963395332734870e-06,4.295864056658308796e-06,4.367715887845665254e-06,4.441100667710766219e-06,4.535244307316920876e-06,4.615572575437266836e-06,4.688859300981104150e-06,4.762346941659276282e-06,4.855260023555244766e-06,4.925765224768343138e-06,4.995474178719510442e-06,5.074312738011516366e-06,5.144353688656148106e-06,5.207641968495270014e-06,5.268800461696881258e-06,5.337471930008430270e-06,5.391869140518672436e-06,5.443269855625026949e-06,5.498578636263587517e-06,5.541893151294132692e-06,5.581468753493432578e-06,5.617050853207606391e-06,5.652437386305325060e-06,5.678526796172268858e-06,5.700102640195562235e-06,5.719436131846717555e-06,5.730854118030329978e-06,5.737425928004823367e-06,5.740191623256154949e-06,5.739052962211257720e-06,5.736287266959926139e-06,5.727389805214111900e-06,5.713500980331982887e-06,5.694167488680827567e-06,5.669878184341268068e-06,5.640734348715900100e-06,5.605347815618180584e-06,5.566270817431405618e-06,5.522659022401454105e-06,5.474664858020909507e-06,5.419356077382348939e-06,5.362528868225895230e-06,5.301853969629507478e-06,5.233182501317960160e-06,5.164790234002695281e-06,5.093207228328317766e-06,5.016795709993901236e-06,4.934867911514535381e-06,4.854431512997573167e-06,4.771831188413689882e-06,4.678918106517720550e-06,4.591871164037457527e-06,4.503469083030121267e-06,4.411077766161218348e-06,4.312239627470410596e-06,4.220375818374693938e-06,4.128252123796463389e-06,4.022351462470890310e-06,3.929330779223957802e-06,3.836818027224815790e-06,3.728867743975638783e-06,3.636875855711485697e-06,3.546094252218211493e-06,3.456741340177555800e-06,3.349097153414484550e-06,3.261952865809946324e-06,3.176813239027930144e-06,3.071443454024631522e-06,2.989575817818877129e-06,2.910180004948165708e-06,2.829428202953396980e-06,2.733332075797537571e-06,2.660898620589950700e-06,2.591361077689353980e-06,2.496700696196914136e-06,2.432121676004860951e-06,2.370624373104833896e-06,2.282239080119686845e-06,2.226080924748953734e-06,2.173075873290052919e-06,2.123197410980344057e-06,2.044111082264086039e-06,1.999747976736039934e-06,1.958441902717981042e-06,1.886708040010053456e-06,1.850863362804540915e-06,1.817918516758188964e-06,1.787538999506275774e-06,1.725928225008164409e-06,1.700912256014273015e-06,1.678444175572422474e-06,1.623842410352279648e-06,1.606144437743248233e-06,1.590693741788239255e-06,1.579951088001734656e-06,1.531893474814079703e-06,1.522681090245073376e-06,1.515234768714657190e-06,1.476115698419319767e-06,1.472286345426306799e-06,1.469869266735267589e-06,1.436560564680160497e-06,1.437221614213004043e-06,1.438941198080910332e-06,1.448620143052041810e-06,1.415131581721984108e-06,1.420103331903611443e-06,1.433952264267940033e-06,1.411973385338972534e-06,1.428907596669088282e-06,1.447386418922536586e-06,1.467292935071342420e-06,1.450389622409864378e-06,1.472724093369262259e-06,1.496191945662865611e-06,1.482472155535351605e-06,1.507905848260511158e-06,1.534184478387828523e-06,1.523159041857287608e-06,1.550963887598523040e-06,1.579334313881285394e-06,1.608156822382075792e-06,1.600044998899467143e-06,1.629826386803313603e-06,1.659795517110452584e-06,1.653424822816700870e-06,1.683978644054107962e-06,1.714469699747070929e-06,1.744793862842335702e-06,1.740247436299606987e-06,1.770681354615632611e-06,1.800717977340915370e-06,1.797228061067554650e-06,1.827072025067769731e-06,1.856304394176984964e-06,1.853651930226073562e-06,1.882419193925966282e-06,1.910377152603341227e-06,1.937441574181041125e-06,1.935630898092208646e-06,1.961890144672169818e-06,1.987082131227917168e-06,1.985739517275449596e-06,2.009920777360552598e-06,2.032878854732657455e-06,2.054547416244480424e-06,2.053663655921909288e-06,2.074070933063859176e-06,2.093059062474198970e-06,2.092424683936327517e-06,2.110008159536631131e-06,2.126061745402814880e-06,2.140539878418249738e-06,2.140145775351272805e-06,2.153054320204730484e-06,2.164304896520942782e-06,2.164039961073111607e-06,2.173636038531463519e-06,2.181511293663199252e-06,2.181343891454275472e-06,2.187502600089327170e-06,2.191897368449416956e-06,2.194514982779149445e-06,2.194442541533342508e-06,2.195289476959773368e-06,2.194353344420479291e-06,2.194333773970880928e-06,2.191618487123356106e-06,2.187117475730589805e-06,2.180840948332212499e-06,2.180875822826762088e-06,2.172850036779509601e-06,2.163081936226518420e-06,2.163149638198325089e-06,2.151672635183885373e-06,2.138504186485146679e-06,2.138600285968352868e-06,2.123781049555687994e-06,2.107337842781367965e-06,2.089310351904532100e-06
5.484052296887324080e-06,5.527091184084318089e-06,5.565885508651446994e-06,5.565819773235026843e-06,5.600283083787647598e-06,5.630324558384158715e-06,5.630282411915861097e-06,5.655837683338340243e-06,5.676836279111740168e-06,5.676822138201749755e-06,5.693223634324831996e-06,5.704978463906531849e-06,5.712058532663006403e-06,5.712092218269489730e-06,5.714485146582044825e-06,5.712204429377458206e-06,5.712285675533193847e-06,5.705326009442783976e-06,5.693699863002144094e-06,5.677438229375064207e-06,5.677606430701516389e-06,5.656779262408735898e-06,5.631416136784412725e-06,5.631674713020973250e-06,5.601877765376327651e-06,5.567691173876027866e-06,5.568070232290215203e-06,5.529630599840496499e-06,5.486992930046356123e-06,5.440266546381315400e-06,5.440870792611832865e-06,5.390245826497422297e-06,5.335786927377331499e-06,5.336625517000066909e-06,5.278564681941842880e-06,5.216963960681343888e-06,5.151979016389232899e-06,5.153249401298329248e-06,5.085177823118874035e-06,5.014067917435549813e-06,5.015779090419091222e-06,4.941982797649976272e-06,4.865525150459806127e-06,4.786596525922435014e-06,4.789100775577138156e-06,4.708138907603102358e-06,4.625121120842743089e-06,4.628414622330288125e-06,4.543852697669543609e-06,4.457671804455462644e-06,4.461961320497826770e-06,4.374758338861287121e-06,4.286391548073498313e-06,4.197078191910789324e-06,4.203088356850074799e-06,4.113557928875679335e-06,4.023553734259924758e-06,4.031207178474378298e-06,3.941573882064723061e-06,3.851948156137334646e-06,3.762550389819560400e-06,3.772956105189204327e-06,3.684805335686013510e-06,3.597366324155447789e-06,3.610319941976882035e-06,3.524759123257608302e-06,3.440391833163012381e-06,3.456359396681814242e-06,3.374511715147622894e-06,3.294332384778069329e-06,3.216024622798879924e-06,3.236805258341082262e-06,3.161920362962346871e-06,3.089359623558421485e-06,3.114385288114856169e-06,3.062610625746412226e-06,3.010455118683421596e-06,2.944631152217793844e-06,2.989733831537214498e-06,2.939379615405429812e-06,2.879141820698548677e-06,2.926606872168886096e-06,2.879445159006450508e-06,2.826145943362662912e-06,2.876555412171291401e-06,2.834000079214610476e-06,2.793167262323517283e-06,2.751559595744317619e-06,2.806314311798508185e-06,2.772092441892110456e-06,2.740424195631217259e-06,2.799449401731629567e-06,2.773118466005098754e-06,2.749963342638728212e-06,2.733770991293394739e-06,2.798803565770752875e-06,2.785155334685045521e-06,2.780937992967606063e-06,2.851151268476971192e-06,2.847831598837003790e-06,2.855960151886481208e-06,2.861968259507345242e-06,2.939007145728302351e-06,2.951016291547315536e-06,2.976605507353659738e-06,3.058818087509086613e-06,3.081969769800409942e-06,3.119457757859160261e-06,3.206420752545127339e-06,3.240378185545797422e-06,3.278796870529416060e-06,3.331779708759197424e-06,3.423942558305886422e-06,3.472124422691685455e-06,3.534371369564063168e-06,3.629288619085566033e-06,3.685918100628836999e-06,3.755672300124215467e-06,3.818814416233534990e-06,3.915387422879923377e-06,3.981613330613552543e-06,4.058979005131686926e-06,4.154845556691826962e-06,4.224998452333211846e-06,4.304563159930415001e-06,4.397873959954917781e-06,4.469556971536337271e-06,4.542059764642503548e-06,4.621210654161447666e-06,4.708196202564601319e-06,4.778719269660041107e-06,4.853910813650815611e-06,4.933652738336726258e-06,4.999589350629913066e-06,5.064060175691069185e-06,5.130452224310375490e-06,5.197614290091105134e-06,5.254088181115070722e-06,5.310758147080797571e-06,5.366248646050891471e-06,5.412511229816322315e-06,5.457452883861572398e-06,5.496206780286932013e-06,5.533904813993899207e-06,5.564011042208160503e-06,5.591019938477268794e-06,5.613952401056170542e-06,5.630059877235524004e-06,5.642147588544786168e-06,5.649624213880027142e-06,5.650918996907689246e-06,5.650918996907689246e-06,5.647400673749402797e-06,5.638879776210671316e-06,5.625519384012746767e-06,5.606907740202182707e-06,5.582867581274850733e-06,5.554180451257984673e-06,5.520910938860672319e-06,5.481895569097411647e-06,5.439350968256958432e-06,5.391669988296570330e-06,5.340525597999086737e-06,5.283173848384829602e-06,5.222710721020281589e-06,5.159708290504582736e-06,5.090199351977186191e-06,5.018649610902554976e-06,4.945596526329029127e-06,4.869899257950823186e-06,4.786955002257539633e-06,4.703927851778201669e-06,4.620993443434746785e-06,4.530190115116288395e-06,4.440979916138748986e-06,4.353046779286185376e-06,4.264298579555000566e-06,4.166258345798810743e-06,4.072648434791471735e-06,3.981944868347863372e-06,3.880800317818360413e-06,3.786328348616028415e-06,3.695836825498880710e-06,3.593527523591331468e-06,3.504017490941407618e-06,3.412055619028888864e-06,3.325340489790623912e-06,3.224246719454227499e-06,3.136131533718536210e-06,3.053957005614221388e-06,2.955535638873465682e-06,2.872894692608905588e-06,2.796672082699927885e-06,2.723072650250506522e-06,2.630108801015502056e-06,2.557203091229593513e-06,2.490929608078935833e-06,2.403166154019494003e-06,2.338387457861350402e-06,2.280114752190088732e-06,2.198206783046607265e-06,2.144944958496981150e-06,2.092272738716546952e-06,2.045426550087222263e-06,1.971796732796321844e-06,1.928213818515309817e-06,1.889730547322463584e-06,1.822520506267193552e-06,1.787985643497316531e-06,1.757608695217773869e-06,1.729929183540038595e-06,1.670942761110038436e-06,1.648234617189050397e-06,1.627944131129917498e-06,1.574905808581665624e-06,1.560262597757666598e-06,1.546690690889422767e-06,1.535121312777091894e-06,1.489166995280899516e-06,1.484314125846923908e-06,1.478351161760881096e-06,1.437265741614740846e-06,1.438711939921574907e-06,1.437502659574692808e-06,1.400742328890125969e-06,1.407639365480891147e-06,1.410313798785200753e-06,1.413829155750951360e-06,1.388803491491187848e-06,1.402158624325623753e-06,1.417277741485266030e-06,1.396497106943533904e-06,1.414560099390142288e-06,1.434100774626261445e-06,1.455004792372757241e-06,1.439037232971948779e-06,1.462248323978687926e-06,1.486536277176853561e-06,1.473582669790569186e-06,1.499731204023371250e-06,1.526675877406801743e-06,1.516270186052660301e-06,1.544650928394201175e-06,1.573555794647495072e-06,1.602873614917891634e-06,1.595220234840718226e-06,1.625425384795241437e-06,1.655785706536195063e-06,1.649775664822826745e-06,1.680661550563620303e-06,1.711457951099041318e-06,1.742062524646108070e-06,1.737773276040740327e-06,1.768442758500844835e-06,1.798694867820555486e-06,1.795401815426892657e-06,1.825425395432875161e-06,1.854821429237412884e-06,1.852317898935123478e-06,1.881220511400091202e-06,1.909301308405440536e-06,1.936477063137948553e-06,1.934767153764721517e-06,1.961117475566461886e-06,1.986391659810131187e-06,1.985123121826641234e-06,2.009371036686888821e-06,2.032388995725804120e-06,2.054111264269362560e-06,2.053275587993376900e-06,2.073725833760176653e-06,2.092752282523538798e-06,2.092152001402518007e-06,2.109765743522127243e-06,2.125846122180139194e-06,2.140347899895834618e-06,2.139974589775646163e-06,2.152901344998151215e-06,2.164167793151853867e-06,2.163916611855973332e-06,2.173524525252589831e-06,2.181409877930017321e-06,2.181250996666872732e-06,2.187416794935166884e-06,2.191817351824578813e-06,2.194439570042330343e-06,2.194370652002046390e-06,2.195220122561580837e-06,2.194285619415922750e-06,2.194266845668259666e-06,2.191551587509680205e-06,2.187049893946789733e-06,2.180772023924678967e-06,2.180804939711194448e-06,2.172776617856914819e-06,2.163005438594977024e-06,2.163069548907841185e-06,2.151588467485190699e-06,2.138415476526784144e-06,2.138506589899666322e-06,2.123681940996496799e-06,2.107232910622117402e-06
5.527016757272831315e-06,5.565814878575219341e-06,5.565752594779925828e-06,5.600218994545832531e-06,5.630263176184336762e-06,5.630223332011574113e-06,5.655780475217989568e-06,5.676780482891123278e-06,5.676767260556816421e-06,5.693169143919114134e-06,5.704923786264422401e-06,5.712003044436545679e-06,5.712035240842826203e-06,5.714425938954080700e-06,5.712142180259502124e-06,5.712219494594763570e-06,5.705254917634941906e-06,5.693622781884116422e-06,5.677353969366234438e-06,5.677513678177439979e-06,5.656676565556482852e-06,5.631301890129430506e-06,5.631547140534862026e-06,5.601734902072472836e-06,5.567530845797921587e-06,5.567890034795850705e-06,5.529427874085157357e-06,5.486764737565902728e-06,5.440009641678531135e-06,5.440581593649706126e-06,5.389920383005582568e-06,5.335420886881248359e-06,5.336214088487165185e-06,5.278102597084580811e-06,5.216445432544599193e-06,5.151397695558111843e-06,5.152598329373009370e-06,5.084449383535256282e-06,5.013253783584565905e-06,5.014870171053497275e-06,4.940969179585541917e-06,4.864396038597947441e-06,4.785340180643734252e-06,4.787704447579808090e-06,4.706588770287361531e-06,4.623402200371296047e-06,4.626510725526624448e-06,4.541746337949580601e-06,4.455344126024117267e-06,4.459392021080258691e-06,4.371925591278804065e-06,4.283271921016215843e-06,4.193646570302966023e-06,4.199317862249340631e-06,4.109419840393918564e-06,4.019017410541030675e-06,4.026239981312158498e-06,3.936141102292472550e-06,3.846012942468635210e-06,3.756073681367197308e-06,3.765896568435246249e-06,3.677119306720483536e-06,3.589007757043104598e-06,3.601240364150731018e-06,3.514907598873332303e-06,3.429714935379744808e-06,3.444801189861027633e-06,3.362013747982562196e-06,3.280833695380430807e-06,3.201461756776676636e-06,3.221112300901040299e-06,3.145028986061159028e-06,3.071199149109005208e-06,3.094882768225863419e-06,3.024956175012994542e-06,2.957707815440253151e-06,2.907015352821647867e-06,2.950549838538874428e-06,2.887991355551282295e-06,2.839434505033647529e-06,2.885146225193167122e-06,2.828600826291408281e-06,2.783528580331333059e-06,2.831984621821537426e-06,2.782749558420943656e-06,2.742522757930347815e-06,2.704136543892636539e-06,2.756665355846936398e-06,2.719542277849261398e-06,2.687912793792523260e-06,2.744502096890909808e-06,2.717486466282759564e-06,2.693819448171472688e-06,2.673365202281616302e-06,2.735705530845057946e-06,2.724235883486461122e-06,2.713244140113721953e-06,2.780602072676817021e-06,2.780984766107079935e-06,2.780196557136180218e-06,2.783591816013064507e-06,2.865196378169914277e-06,2.875066730885904585e-06,2.889315171777404397e-06,2.968480437036758808e-06,2.997839526009457477e-06,3.022927793059489472e-06,3.106879006077867877e-06,3.147548728584403271e-06,3.183087397352301316e-06,3.222928602763996911e-06,3.312258994603557712e-06,3.367426002997468779e-06,3.416623115947021509e-06,3.508965010851717157e-06,3.572547298128153481e-06,3.629775881392726431e-06,3.690334634185464335e-06,3.794071212462162340e-06,3.857646646614835104e-06,3.923889451221365907e-06,4.018185713238242492e-06,4.094651206448837864e-06,4.164465302175114981e-06,4.256809418629692464e-06,4.334522848127533138e-06,4.405572703874343394e-06,4.477311474826722164e-06,4.564260904641421760e-06,4.640329267404394529e-06,4.709902911583782386e-06,4.790384269301130714e-06,4.861710567470752405e-06,4.926604741555478829e-06,4.989984763707074701e-06,5.058968958397136078e-06,5.120619587005669774e-06,5.176043259790369390e-06,5.234169196428740409e-06,5.285655374427506176e-06,5.331000380607915096e-06,5.372932067216904184e-06,5.416184733463181664e-06,5.449654678498141579e-06,5.479125023616761548e-06,5.506397614182986586e-06,5.527873759326666982e-06,5.543648298465578680e-06,5.556038772294118082e-06,5.562762373433822438e-06,5.564066583401405763e-06,5.564066583401405763e-06,5.560664417842833318e-06,5.552770959960003230e-06,5.539365201883682514e-06,5.521230769617628352e-06,5.498245256980568525e-06,5.469859087608723889e-06,5.437413410231378026e-06,5.400525165220472429e-06,5.357272498974195797e-06,5.311387598226308349e-06,5.261461155313988502e-06,5.206584897732773287e-06,5.146544843987285422e-06,5.084998718158314085e-06,5.018716086063946779e-06,4.947327137718402228e-06,4.875899996172139718e-06,4.801852936373517056e-06,4.723428457907855583e-06,4.639692652309996108e-06,4.558474954339286723e-06,4.473240365596262490e-06,4.382433227417811814e-06,4.296206397074970741e-06,4.209125327807642674e-06,4.118504604498088207e-06,4.021420603766335732e-06,3.932277751261481505e-06,3.840007025924915979e-06,3.740448172422582672e-06,3.651349976401287478e-06,3.563092843968748837e-06,3.459356265692050832e-06,3.372261203680761934e-06,3.286624390387049344e-06,3.198840360741881488e-06,3.100414177896582328e-06,3.019059092363157195e-06,2.936014924717825547e-06,2.840549547500370320e-06,2.764871749830327234e-06,2.691713631009061978e-06,2.617530049234210095e-06,2.527743627685114900e-06,2.461641229992004989e-06,2.395041083702593073e-06,2.310513104455864918e-06,2.252156990627865136e-06,2.196770476361569489e-06,2.115165914204719719e-06,2.064950368166489497e-06,2.017726684024003211e-06,1.971460812505532801e-06,1.900902384768495470e-06,1.861864911199947842e-06,1.824455045818856759e-06,1.760151188156317459e-06,1.729084818948463319e-06,1.700693473943260141e-06,1.675020662369727809e-06,1.618666130792337084e-06,1.597590744838671514e-06,1.580011568684234216e-06,1.529373789926600280e-06,1.514987121447529515e-06,1.502623044624092998e-06,1.495005673738820695e-06,1.451135017009131054e-06,1.444403245568820220e-06,1.443270146103100142e-06,1.404031803082451758e-06,1.402114285804814422e-06,1.406661015178438026e-06,1.371521911149926194e-06,1.373578077163886324e-06,1.382968358214845594e-06,1.394326635936539860e-06,1.370643017151523324e-06,1.385267247582986078e-06,1.401584784270219310e-06,1.381934241235153571e-06,1.401061410422950662e-06,1.421602808042046391e-06,1.443446586323329868e-06,1.428360336197040471e-06,1.452396800892190915e-06,1.477456700995166188e-06,1.465224104729560858e-06,1.492045177576173355e-06,1.519616343693947538e-06,1.509793481209760824e-06,1.538715718931057592e-06,1.568123019677010600e-06,1.597906423114012846e-06,1.590683916942580770e-06,1.621287302430301143e-06,1.652015218089008297e-06,1.646344049028830706e-06,1.677541928459262618e-06,1.708625206911400882e-06,1.739493226157137552e-06,1.735445594913854474e-06,1.766336391011085025e-06,1.796790956384316753e-06,1.793682871283428967e-06,1.823875222787743317e-06,1.853425051137838771e-06,1.851061485109143471e-06,1.880091308255324347e-06,1.908287571349581006e-06,1.935567991351578156e-06,1.933952827527852841e-06,1.960388796213342526e-06,1.985740292362233156e-06,1.984541440331410313e-06,2.008852072269659441e-06,2.031926387344236817e-06,2.053699212143758882e-06,2.052908809672158706e-06,2.073399522767610146e-06,2.092462069526306700e-06,2.091893917822906161e-06,2.109536187518292222e-06,2.125641826907989595e-06,2.140165903962477973e-06,2.139812209790904270e-06,2.152756150128309740e-06,2.164037581578419113e-06,2.163799389041695773e-06,2.173418483917258800e-06,2.181313379639448589e-06,2.181162554940021790e-06,2.187335059776297670e-06,2.191741095589852792e-06,2.194367674552954921e-06,2.194302096819187885e-06,2.195153974341542612e-06,2.194221022267539927e-06,2.194203012438040139e-06,2.191487791923895230e-06,2.186985463543383366e-06,2.180706333711579392e-06,2.180737406491266078e-06,2.172706695163408968e-06,2.162932612184867275e-06,2.162993332763876161e-06,2.151508400280828314e-06,2.138331118511380832e-06,2.138417520164369877e-06,2.123587755084246778e-06
5.565747707585826065e-06,5.565688683610585028e-06,5.600157999356566118e-06,5.630204734490971978e-06,5.630167060033029466e-06,5.655725964868742050e-06,5.676727298382200671e-06,5.676714934565818398e-06,5.693117173286782595e-06,5.704871627172113597e-06,5.711950107015787075e-06,5.711980883164784237e-06,5.714369460343402029e-06,5.712082813873515571e-06,5.712156399205555459e-06,5.705187168548325997e-06,5.693549360926056998e-06,5.677273753863845515e-06,5.677425428858431015e-06,5.656578913287684821e-06,5.631193321412152036e-06,5.631425981672038589e-06,5.601599301920205349e-06,5.567378757011978917e-06,5.567719193482084276e-06,5.529235777761791799e-06,5.486548621345148971e-06,5.439766452575255497e-06,5.440307962925891828e-06,5.389612596461240342e-06,5.335074853005297459e-06,5.335825304385778728e-06,5.277666112109634215e-06,5.215955809551271712e-06,5.150848969728532146e-06,5.151983964552169588e-06,5.083762226036308402e-06,5.012486013433282608e-06,5.014013250656078025e-06,4.940013799820242889e-06,4.863332062349324999e-06,4.784156583818536667e-06,4.786389257665993126e-06,4.705129002542194285e-06,4.621783791751190023e-06,4.624718466500210036e-06,4.539763802366470409e-06,4.453153599244917791e-06,4.456974426608543238e-06,4.369260416172785633e-06,4.280337140396830661e-06,4.190418571315586969e-06,4.195771367878442331e-06,4.105527833573295163e-06,4.014751059046484855e-06,4.021568563968528978e-06,3.931031937072248788e-06,3.840431317104681942e-06,3.749982787146980139e-06,3.759257437887907608e-06,3.669890755950672333e-06,3.581146333506107845e-06,3.592700300701619155e-06,3.505640774957894994e-06,3.419670846266431216e-06,3.433926924840163196e-06,3.350253978481246908e-06,3.268130673958017857e-06,3.187755327975927269e-06,3.206339924933320715e-06,3.129125776299696925e-06,3.054097924351700148e-06,3.076514120667759775e-06,3.005248554837817854e-06,2.936587632899802252e-06,2.870701672375802288e-06,2.899042452032327805e-06,2.849998430233237139e-06,2.801241735996094496e-06,2.834638913312247213e-06,2.788225624316590881e-06,2.742674965484100233e-06,2.781631369842690153e-06,2.739167917936210638e-06,2.698153052970240888e-06,2.655253869524367673e-06,2.705924771026565040e-06,2.670751388388974221e-06,2.637870351087508560e-06,2.691447547360276119e-06,2.663350023008413010e-06,2.638084010784593077e-06,2.618414573182757547e-06,2.678504459556824674e-06,2.661909417453797949e-06,2.648845269845175135e-06,2.718311149982005086e-06,2.711246602677497017e-06,2.708082315957763732e-06,2.715904582868978312e-06,2.787351669170979213e-06,2.794592381112314974e-06,2.814214788307799441e-06,2.890715524278257631e-06,2.908554643516649324e-06,2.930755467666447522e-06,3.020961254726006143e-06,3.049245253075118802e-06,3.081831337601228580e-06,3.128244489887872102e-06,3.214973137965091122e-06,3.257270711138482140e-06,3.303572775019460200e-06,3.403052499133138156e-06,3.454008061689833589e-06,3.508546565645096681e-06,3.575566590782853525e-06,3.668012555815807274e-06,3.729228820888059150e-06,3.801707077018702598e-06,3.894367267774125741e-06,3.960386336949716851e-06,4.028464489467838201e-06,4.127395751743045266e-06,4.196083541626195210e-06,4.266009209212899354e-06,4.343215500877953129e-06,4.429869360854167039e-06,4.499264038945605188e-06,4.568673757789524039e-06,4.654999908314593533e-06,4.721419661934187849e-06,4.786949909567719129e-06,4.855297406623938055e-06,4.925719174910491391e-06,4.984986968458933328e-06,5.042165675372070954e-06,5.105722697401649204e-06,5.156511694162947069e-06,5.204437207910415220e-06,5.251325118643383223e-06,5.295919550486221859e-06,5.332748219063719213e-06,5.367306396566797350e-06,5.398504180407374126e-06,5.422759577259127914e-06,5.442805198776577821e-06,5.460649465828826016e-06,5.471281250869908755e-06,5.477409845728039526e-06,5.479176524001743997e-06,5.479176524001743997e-06,5.476396060336191074e-06,5.468197796550996264e-06,5.455369857827722849e-06,5.437525590775474654e-06,5.415072386906055509e-06,5.388112151264823850e-06,5.355770080076325636e-06,5.319267121969703326e-06,5.278876865162088028e-06,5.232861514227212624e-06,5.183270737306110969e-06,5.130568231764512573e-06,5.074256876806901916e-06,5.010699854777323666e-06,4.947160428358404906e-06,4.880600171156687754e-06,4.807661920233008257e-06,4.733513499479177999e-06,4.658548574780373754e-06,4.581486200665918680e-06,4.495160050140849187e-06,4.413811614995234894e-06,4.331097416765187404e-06,4.240517806112852634e-06,4.152456637902845415e-06,4.066214311055535775e-06,3.979605246564486213e-06,3.880673984289279149e-06,3.793008631059175004e-06,3.705683274531535242e-06,3.607804531393323585e-06,3.517475249071350343e-06,3.431391583126411139e-06,3.333355709938054986e-06,3.245236128060096191e-06,3.162172646294668431e-06,3.080854320302940814e-06,2.981374596189263282e-06,2.902881145008727280e-06,2.826584287914256482e-06,2.733972446688517714e-06,2.657667603775715196e-06,2.587574781596385635e-06,2.520107146882102760e-06,2.429901359822543716e-06,2.366905811689972030e-06,2.306737089325962891e-06,2.225244368623463156e-06,2.166835515122762102e-06,2.114462797700889990e-06,2.038750906276282950e-06,1.988811604751773585e-06,1.944455665238478930e-06,1.902979923966845489e-06,1.833514043830015751e-06,1.797142169503362978e-06,1.763534889639180766e-06,1.701891530496678461e-06,1.672279438267504032e-06,1.646214647333670727e-06,1.622624786244725240e-06,1.569047589971971445e-06,1.550025305824053770e-06,1.533220615910938957e-06,1.484769004901432328e-06,1.473536936931988553e-06,1.462845667741055949e-06,1.453946595731567854e-06,1.414990191375287792e-06,1.409657050657430846e-06,1.405797022082670150e-06,1.372399844779837027e-06,1.371621471207120929e-06,1.371991875816972189e-06,1.343651096222661665e-06,1.352457894659988497e-06,1.363260738094973380e-06,1.375957988460504392e-06,1.353541792513753247e-06,1.369364037992528492e-06,1.386812408542925370e-06,1.368227812766794331e-06,1.388358389452608514e-06,1.409843039145825817e-06,1.432572322099772674e-06,1.418316248118158243e-06,1.443129978298331680e-06,1.468916639208650616e-06,1.457362683251800938e-06,1.484816629316466575e-06,1.512977216156008327e-06,1.503702590534946169e-06,1.533134097665836827e-06,1.563013859097125973e-06,1.593235010899634959e-06,1.586417570958120220e-06,1.617395301319999695e-06,1.648468729355486108e-06,1.643116055216946626e-06,1.674607152022360535e-06,1.705960034291720822e-06,1.737075631567226910e-06,1.733255064261557460e-06,1.764353846367438096e-06,1.794998681351666427e-06,1.792064437580565934e-06,1.822415418329990416e-06,1.852109809853004451e-06,1.849877818695155775e-06,1.879027240052321919e-06,1.907332072468291501e-06,1.934710919171010648e-06,1.933184866648684856e-06,1.959701401928891434e-06,1.985125636686520720e-06,1.983992360603548037e-06,2.008362022335522663e-06,2.031489391300079318e-06,2.053309820612004111e-06,2.052562058566963467e-06,2.073090894496852484e-06,2.092187456567318401e-06,2.091649588601411081e-06,2.109318754513558535e-06,2.125448216902037154e-06,2.139993330347177202e-06,2.139658146843900654e-06,2.152618309166755133e-06,2.163913888898437816e-06,2.163687965551224475e-06,2.173317626370312851e-06,2.181221543380887296e-06,2.181078338071421553e-06,2.187257188655539474e-06,2.191668411579390432e-06,2.194299121934423020e-06,2.194236711794937847e-06,2.195090875046821859e-06,2.194159399720317975e-06,2.194142122356864722e-06,2.191426947347598941e-06,2.186924028189942584e-06,2.180643716016887829e-06,2.180673054272026344e-06,2.172640090851713347e-06,2.162863268585366923e-06,2.162920789287629093e-06,2.151432219613043846e-06,2.138250883673264297e-06,2.138332831932147592e-06
5.565627869521469800e-06,5.600099938320102597e-06,5.630149082634490840e-06,5.630113453387596440e-06,5.655674016532894357e-06,5.676676595318519239e-06,5.676665033993414538e-06,5.693067598630015647e-06,5.704821863522932944e-06,5.711899596064070543e-06,5.711929017547967652e-06,5.714315577363475114e-06,5.712026188526268590e-06,5.712096236463671150e-06,5.705122594836603671e-06,5.693479414723836945e-06,5.677197375366445030e-06,5.677341448626275249e-06,5.656486039808831590e-06,5.631090127501036550e-06,5.631310889624691656e-06,5.601470567343809114e-06,5.567234451244678559e-06,5.567557184517341012e-06,5.529053709590417363e-06,5.486343891627639096e-06,5.439536188557015383e-06,5.440048995508750400e-06,5.389321432346151065e-06,5.334747644823601017e-06,5.335457818739791878e-06,5.277253695447821786e-06,5.215493351808932132e-06,5.150330865671871719e-06,5.151404072771930644e-06,5.083113825546939495e-06,5.011761757844914624e-06,5.013205119899630476e-06,4.939113049420668825e-06,4.862329170258559935e-06,4.783041194838137325e-06,4.785150125509802629e-06,4.703753929611722775e-06,4.620259566720726480e-06,4.623030799835072053e-06,4.537897259926169230e-06,4.451091534153415913e-06,4.454698909606044509e-06,4.366752164697732344e-06,4.277575446682659007e-06,4.187381229824368374e-06,4.192434602432554135e-06,4.101866224586528748e-06,4.010737471297319223e-06,4.017174075400376728e-06,3.926225769148021103e-06,3.835180767285716433e-06,3.744253164108788911e-06,3.753012000127007736e-06,3.663090654477454582e-06,3.573750559357820067e-06,3.584665638046593412e-06,3.496921760596594614e-06,3.410219736366156668e-06,3.423693669767783429e-06,3.339186206621480230e-06,3.256173685423015024e-06,3.174852099124525141e-06,3.192431124624796444e-06,3.114149794806508737e-06,3.037990915847956364e-06,3.059210060194482935e-06,2.986679310621880412e-06,2.916683054870237947e-06,2.849389697678599161e-06,2.876249228292335153e-06,2.813372486106513510e-06,2.753570680330239655e-06,2.796160822135327896e-06,2.749439074632791591e-06,2.695469815903383666e-06,2.740486358715904327e-06,2.697431324236009974e-06,2.650506207473445718e-06,2.611743788251283272e-06,2.660387432649699381e-06,2.621652303559379833e-06,2.588888796425122359e-06,2.641223125632841757e-06,2.611768352831346001e-06,2.586118665540174457e-06,2.563399869311427061e-06,2.621012039561648198e-06,2.605826609452890268e-06,2.591765071239296483e-06,2.654067470788499665e-06,2.644866252023775211e-06,2.645323019305705698e-06,2.644565893960193056e-06,2.713198488940416785e-06,2.725167789952138000e-06,2.734621758960321470e-06,2.808240082561226652e-06,2.831642482508701591e-06,2.851436656449047226e-06,2.929820701127446180e-06,2.955268761762690036e-06,2.994171891124322262e-06,3.028261693873172529e-06,3.112216948320378458e-06,3.161055280728021524e-06,3.204486567100490782e-06,3.291821553479142101e-06,3.340035085897027692e-06,3.401062570285359783e-06,3.456176837991786415e-06,3.546442209942778750e-06,3.613981745068430306e-06,3.675390211584619767e-06,3.766291664786554887e-06,3.838397960285493062e-06,3.904255163232543709e-06,3.994239311342067267e-06,4.061459136839736595e-06,4.136971715727039236e-06,4.206293968356446712e-06,4.292523399614414672e-06,4.367264305300194510e-06,4.435839553686609739e-06,4.517011520799446194e-06,4.583557147798476066e-06,4.654061349614504956e-06,4.718572638046565715e-06,4.790263619877233867e-06,4.854436858694279166e-06,4.912672137578581558e-06,4.975059568654714007e-06,5.027848362678578688e-06,5.080594785786818369e-06,5.127579492649482395e-06,5.175206217205482589e-06,5.216957387456538782e-06,5.253030986671674150e-06,5.287948146828419151e-06,5.317246745169848895e-06,5.340997921083389292e-06,5.362228898097503332e-06,5.377213211018181259e-06,5.388427483845994278e-06,5.394446432307092908e-06,5.396600987317723339e-06,5.396600987317723339e-06,5.393489398942850992e-06,5.385517065409989258e-06,5.373171613946736255e-06,5.355962600849220740e-06,5.333746943489827289e-06,5.307448993602911648e-06,5.276411830337947436e-06,5.240327359895788451e-06,5.200906115256738113e-06,5.156742612789312837e-06,5.107654744679139559e-06,5.056185308739502579e-06,5.000105767929572127e-06,4.941573042412992600e-06,4.877111949427834122e-06,4.812034980573267759e-06,4.742628133486304069e-06,4.668367308607059674e-06,4.595003230977374499e-06,4.517622151624374400e-06,4.440148569945721982e-06,4.355584836472047129e-06,4.274500364413499837e-06,4.189825704849313330e-06,4.099642381122080314e-06,4.014981411422249425e-06,3.927105305390902456e-06,3.841701481101813964e-06,3.746972762567110113e-06,3.661048625156170289e-06,3.572389119161175874e-06,3.476297374086362708e-06,3.391432736622750058e-06,3.304231329097980210e-06,3.208432344482633097e-06,3.126366596485205244e-06,3.042369782988769248e-06,2.963731739901399478e-06,2.870605037313404781e-06,2.794959173351234016e-06,2.717944905121024070e-06,2.628234234355674193e-06,2.558533158464131223e-06,2.487915879349008954e-06,2.423461336450508978e-06,2.339735953459055113e-06,2.279616770433185153e-06,2.219269662876890367e-06,2.140841637558311239e-06,2.088290143934648245e-06,2.036044812347720999e-06,1.963342208429146827e-06,1.918606999746043133e-06,1.874747656314809003e-06,1.835952786175814308e-06,1.771067945676220442e-06,1.736876309485276164e-06,1.704488996875569324e-06,1.645519625708468412e-06,1.618760096954280396e-06,1.594481365433155917e-06,1.573006696631724326e-06,1.521454587316843763e-06,1.503887608775126475e-06,1.489902568026665357e-06,1.443632229071599645e-06,1.432164890078723174e-06,1.425046139377824647e-06,1.417627189438000780e-06,1.377546711978974718e-06,1.376599137248834799e-06,1.373961113228569052e-06,1.338088705348455749e-06,1.342557814562160875e-06,1.349198652094179388e-06,1.322339121552247650e-06,1.332553316671303696e-06,1.344691493940206117e-06,1.358653928077055184e-06,1.337434784139552141e-06,1.354388056682921990e-06,1.372903608490202508e-06,1.355324584266018950e-06,1.376401401390581255e-06,1.398775267914157786e-06,1.422339067848733439e-06,1.408865139275656746e-06,1.434410965278727254e-06,1.460881978229611486e-06,1.449966911164782661e-06,1.478016530338141384e-06,1.506731781364803003e-06,1.497972970969311351e-06,1.527883551829588897e-06,1.558207695642768230e-06,1.588840527223506674e-06,1.582403988402111047e-06,1.613733697633877161e-06,1.645131969032129188e-06,1.640078718270346938e-06,1.671845461735623211e-06,1.703451784419766960e-06,1.734800113436868449e-06,1.731192994170339637e-06,1.762487293642413745e-06,1.793310997390294808e-06,1.790540186158423038e-06,1.821040307424093311e-06,1.850870625195420659e-06,1.848762359239303881e-06,1.878024255504027227e-06,1.906431203005315425e-06,1.933902637448428092e-06,1.932460422163165151e-06,1.959052767792616045e-06,1.984545458841142423e-06,1.983473909486173887e-06,2.007899146992171989e-06,2.031076475927350118e-06,2.052941743494674211e-06,2.052234153367902968e-06,2.072798913845841231e-06,2.091927537887021457e-06,2.091418222101816145e-06,2.109112753280473624e-06,2.125264689000744042e-06,2.139829652858881482e-06,2.139511941750154003e-06,2.152487420995451157e-06,2.163796364044191700e-06,2.163582033182873849e-06,2.173221680838821473e-06,2.181134128042030505e-06,2.180998130439193096e-06,2.187182986804191616e-06,2.191599121714324906e-06,2.194233747054727872e-06,2.194174341373183325e-06,2.195030675654696907e-06,2.194100606531807691e-06,2.194084031463854381e-06,2.191368908826042806e-06,2.186865439857999343e-06,2.180584017829676682e-06,2.180611723300875625e-06,2.172576636798952514e-06,2.162797229788782357e-06,2.162851729171730206e-06,2.151359723547176895e-06,2.138174556199412465e-06
5.600044660434294512e-06,5.630096078253547517e-06,5.630062377268979439e-06,5.655624501790473538e-06,5.676628250402680080e-06,5.676617439292186814e-06,5.693020302654126822e-06,5.704774378634984193e-06,5.711851393709211867e-06,5.711879522940525418e-06,5.714264163581044475e-06,5.711972169959721212e-06,5.712038861568466626e-06,5.705061038127705603e-06,5.693412767953459915e-06,5.677124637820804296e-06,5.677261516474565875e-06,5.656397694434773607e-06,5.630992022744637704e-06,5.631201537859355943e-06,5.601348324311658588e-06,5.567097499570963689e-06,5.567403515823231734e-06,5.528881105122293855e-06,5.486149901320255050e-06,5.439318108447838810e-06,5.439803843421266394e-06,5.389045921761157801e-06,5.334438156859551289e-06,5.335110372166195381e-06,5.276863914659603616e-06,5.215056432694648101e-06,5.149841539314830533e-06,5.150856566930649801e-06,5.082501823870127709e-06,5.011078356786375245e-06,5.012442783310127925e-06,4.938263560807157772e-06,4.861383582716094044e-06,4.781989778676527858e-06,4.783982313615583696e-06,4.702458260606314731e-06,4.618823625997946455e-06,4.621441158585212450e-06,4.536139412279886682e-06,4.449149832606550790e-06,4.452556498916200708e-06,4.364390914474924551e-06,4.274975882929500194e-06,4.184522465716035900e-06,4.189294268662920831e-06,4.098420399644308740e-06,4.006960612074555607e-06,4.013038948574951343e-06,3.921703383821745799e-06,3.830240309399712923e-06,3.738861933197981438e-06,3.747135349015173210e-06,3.656691932553121438e-06,3.566791060108850998e-06,3.577104551567145006e-06,3.488716131813768179e-06,3.401324429764581852e-06,3.414061341418045813e-06,3.328767284342171363e-06,3.244916357925702815e-06,3.162702315005520376e-06,3.179332602076670554e-06,3.100044042925323206e-06,3.022817268408538444e-06,3.042905722755293265e-06,2.969179421802525687e-06,2.897920762618032464e-06,2.829296251305295889e-06,2.854754087017880619e-06,2.790403444793039466e-06,2.729054013026238322e-06,2.759116448903902242e-06,2.702556121538090106e-06,2.657673097118250576e-06,2.701004789326318557e-06,2.650642919974275531e-06,2.609667711514922819e-06,2.570148358138667388e-06,2.612770649661692332e-06,2.576937018399175792e-06,2.543101846761942109e-06,2.591767447007088054e-06,2.562258932135250104e-06,2.535265842155747410e-06,2.511021557041313110e-06,2.568156606021391141e-06,2.549048817521945959e-06,2.533140334673083645e-06,2.596776909445223229e-06,2.586434827014359478e-06,2.579669962309344623e-06,2.576649325919832167e-06,2.648861030689596251e-06,2.651818434065426435e-06,2.658765309115395647e-06,2.737102086864980902e-06,2.750088597047456897e-06,2.767194741893195221e-06,2.851168307954829993e-06,2.874183122643079187e-06,2.901319957960363777e-06,2.932579820413887563e-06,3.022933066381287840e-06,3.059629716803830572e-06,3.100258292744052475e-06,3.194256715063876302e-06,3.239690954566974302e-06,3.288726749786649981e-06,3.341225879995637938e-06,3.438158438258698443e-06,3.494299753060727603e-06,3.553386889148307761e-06,3.650825890186506016e-06,3.712458886972786179e-06,3.776404412815763751e-06,3.872719993362227069e-06,3.937962890380956550e-06,4.004789819690469695e-06,4.072909479782176246e-06,4.164998489619411329e-06,4.232547117661632949e-06,4.300568118585163954e-06,4.387367116328789661e-06,4.453371498949105660e-06,4.519001930821965291e-06,4.583933371678602449e-06,4.660872928495809649e-06,4.721833418134826616e-06,4.781266166257761179e-06,4.848814356857792852e-06,4.902927640689038002e-06,4.954740066784683319e-06,5.003971233782973553e-06,5.056630922722229571e-06,5.098922643793577207e-06,5.137987285500588971e-06,5.177994926578176042e-06,5.209163232805529668e-06,5.236583465915118752e-06,5.262973941001516685e-06,5.281777298315986068e-06,5.296456241697319878e-06,5.306899437199972974e-06,5.314189805088869058e-06,5.315440940736466168e-06,5.315440940736466168e-06,5.312320372125887458e-06,5.305030004236991374e-06,5.292641320544836064e-06,5.275864415123136511e-06,5.254733500451640331e-06,5.228343025365241552e-06,5.198287522748392685e-06,5.164096898082931093e-06,5.124089257005344022e-06,5.081534552817973308e-06,5.035202934347835283e-06,4.982543245408578418e-06,4.928638933682098064e-06,4.871435573795668697e-06,4.811128208019641238e-06,4.743580017419610413e-06,4.677064291731325528e-06,4.608046332072273624e-06,4.531106775255066424e-06,4.457058563907381289e-06,4.381168765087889583e-06,4.303681426558659885e-06,4.216882428815034178e-06,4.136077034946273448e-06,4.054368743839926659e-06,3.962279734002692423e-06,3.878556202447310222e-06,3.794618018745412695e-06,3.710699912458760667e-06,3.614384331912297349e-06,3.530150463392736224e-06,3.446574932148912073e-06,3.349135931110714242e-06,3.266419779258359913e-06,3.184940005663408435e-06,3.088007447400347507e-06,3.008447241447632792e-06,2.930624721643447036e-06,2.854685462943411271e-06,2.760687040623587445e-06,2.687853023065269055e-06,2.617278918418711984e-06,2.526925672451311707e-06,2.460155200111780695e-06,2.395923706461795613e-06,2.334289244606641804e-06,2.250315678545007033e-06,2.193133517489053264e-06,2.138692323232846556e-06,2.060355545483261301e-06,2.010661544356837533e-06,1.963758698130992420e-06,1.891546993361228124e-06,1.849525210574570407e-06,1.810258502480026572e-06,1.773693391771029013e-06,1.710056816998889641e-06,1.678300929854427725e-06,1.649109705892120475e-06,1.591974656912043714e-06,1.567411083549500437e-06,1.545215698129322476e-06,1.525284960737715831e-06,1.476619360492597838e-06,1.460895147821558574e-06,1.447179928580481760e-06,1.404557637057731254e-06,1.394668605635470907e-06,1.386504372232111127e-06,1.383081685399926916e-06,1.344790391294960380e-06,1.341448107119860562e-06,1.343634473910867198e-06,1.313572038052211968e-06,1.319588773261142238e-06,1.327703510839295551e-06,1.302245675209063811e-06,1.313791024464545978e-06,1.327191605188138631e-06,1.342349590735682785e-06,1.322261136839854423e-06,1.340282304997944441e-06,1.359805086213104715e-06,1.343174800515436460e-06,1.365144074386300455e-06,1.388356346284573377e-06,1.412706740342328506e-06,1.399969833752359107e-06,1.426205337853963566e-06,1.453320893434791756e-06,1.443007413973335818e-06,1.471617810886712671e-06,1.500855133175321508e-06,1.492581743449967895e-06,1.522943097801833378e-06,1.553685314607802394e-06,1.584705405045911159e-06,1.578627134050686850e-06,1.610287877580983105e-06,1.641991639873153502e-06,1.637219958084890858e-06,1.669245900671843133e-06,1.701090534943465398e-06,1.732657700647622148e-06,1.729251286548498947e-06,1.760729434553399847e-06,1.791721337636487594e-06,1.789104217834233747e-06,1.819744599296682417e-06,1.849702759802076464e-06,1.847710871862829744e-06,1.877078575159636372e-06,1.905581595546565648e-06,1.933140150875643099e-06,1.931776834195592514e-06,1.958440535745244933e-06,1.983997671828613475e-06,1.982984242959511003e-06,2.007461819599104218e-06,2.030686208673690450e-06,2.052593721172518202e-06,2.051923988206228363e-06,2.072522611330317889e-06,2.091681464688435679e-06,2.091199076046336112e-06,2.108917535289990642e-06,2.125090676927568677e-06,2.139674377136131473e-06,2.139373162777096885e-06,2.152363108175799501e-06,2.163684676394805476e-06,2.163481301430422706e-06,2.173130390922619960e-06,2.181050905942410829e-06,2.180921728252359694e-06,2.187112269986435221e-06,2.191533057420717092e-06,2.194171393499901465e-06,2.194114838144482352e-06,2.194973234910824109e-06,2.194044505023035545e-06,2.194028603312882299e-06,2.191313539011652393e-06,2.186809558346718660e-06,2.180527094303724361e-06,2.180553262433679177e-06,2.172516174032494267e-06,2.162734327569920365e-06,2.162785973607455299e-06,2.151290721441475012e-06
5.630045586799890768e-06,5.630013704197911832e-06,5.655577299131139791e-06,5.676582146904371389e-06,5.676572037221202752e-06,5.692975174200419329e-06,5.704729061891359934e-06,5.711805388183276493e-06,5.711832284556774980e-06,5.714215099127780949e-06,5.711920630932577325e-06,5.711984137359465600e-06,5.705002348505876934e-06,5.693349254780103293e-06,5.677055355939671431e-06,5.677185423714366197e-06,5.656313640658726392e-06,5.630898737879197886e-06,5.631097618831810713e-06,5.601232220824120107e-06,5.566967498636332512e-06,5.567257724987121609e-06,5.528717434293653227e-06,5.485966043132673558e-06,5.439111517073222930e-06,5.439571711757895392e-06,5.388785156919083177e-06,5.334145353867999528e-06,5.334781785830129173e-06,5.276495429496006025e-06,5.214643530883456370e-06,5.149379266604886716e-06,5.150339496447627867e-06,5.081924017781208939e-06,5.010433325785571388e-06,5.011723443898700511e-06,4.937462190355564115e-06,4.860491772307453158e-06,4.780998383746756324e-06,4.782881402422144771e-06,4.701237060576100305e-06,4.617470468025026718e-06,4.619943419371298239e-06,4.534483454834101155e-06,4.447320945046727237e-06,4.450538831741217285e-06,4.362167416506595048e-06,4.272528236153143243e-06,4.181831019280994183e-06,4.186337972337807902e-06,4.095176737056556372e-06,4.003405534099714021e-06,4.009146807277885611e-06,3.917446867389277536e-06,3.825590378541969678e-06,3.733787759533559502e-06,3.741604255992760912e-06,3.650669339499211464e-06,3.560240430027119177e-06,3.569987343349637046e-06,3.480991757556741057e-06,3.392950217912229177e-06,3.404992506484933704e-06,3.318956903989488170e-06,3.234315358186886506e-06,3.151259464472928277e-06,3.166994515872183928e-06,3.086755197283576713e-06,3.008520026701328548e-06,3.027540373779122551e-06,2.952684231137704041e-06,2.880232037846780565e-06,2.810348421847508773e-06,2.834479799306130220e-06,2.768733673462769172e-06,2.705918188742585862e-06,2.734442603382942840e-06,2.676271050247441531e-06,2.621360612289483951e-06,2.654749550962400245e-06,2.612099752720661876e-06,2.570554155593464989e-06,2.525817353163031583e-06,2.570915415739314430e-06,2.534217417777890698e-06,2.497336294658800571e-06,2.545777324216035069e-06,2.515094685988647915e-06,2.487037390541298492e-06,2.462440357000168656e-06,2.515704874123538915e-06,2.494983647371506440e-06,2.480597498087521421e-06,2.538225412400569469e-06,2.525966771977262879e-06,2.522118978519082099e-06,2.517682473377802000e-06,2.581276190512739099e-06,2.581933976463856215e-06,2.593419871279822628e-06,2.661814864768829994e-06,2.672289496193994931e-06,2.694682951026664912e-06,2.767765276369440015e-06,2.788122796854788949e-06,2.821057280474477381e-06,2.849757031988110413e-06,2.928494186011712220e-06,2.962444630028741638e-06,3.009210816986391658e-06,3.091586913882474536e-06,3.134342282988527326e-06,3.189535373340060868e-06,3.239287033323068029e-06,3.325194161645111137e-06,3.378897157338485078e-06,3.443877989952529904e-06,3.531108058346022450e-06,3.590630686576948563e-06,3.660236958195992983e-06,3.747424212619932887e-06,3.810994480338994345e-06,3.883226882977952309e-06,3.949610459291114410e-06,4.034465133927687975e-06,4.101076456158020497e-06,4.174045318079588527e-06,4.255097663774793555e-06,4.320820092179516593e-06,4.391222795379647139e-06,4.455926575759985411e-06,4.529332473247352617e-06,4.590978408228237463e-06,4.654936220629248697e-06,4.720489856194535092e-06,4.776046729505144286e-06,4.832394531350910775e-06,4.883241505979885192e-06,4.935960978216176734e-06,4.980703082856134714e-06,5.024319446971462017e-06,5.065695362223066506e-06,5.100016014356185980e-06,5.132118637512759983e-06,5.161042791399892847e-06,5.183626711612127659e-06,5.203107062368908040e-06,5.217486186335098190e-06,5.228693513614671576e-06,5.234416958074225622e-06,5.236075880386410822e-06,5.236075880386410822e-06,5.233513222727428353e-06,5.225945568616118568e-06,5.213884111703625004e-06,5.197525888306640850e-06,5.176784965809035600e-06,5.151802230562950165e-06,5.121862246053261101e-06,5.088040875940402629e-06,5.050572450433448135e-06,5.007938384921951585e-06,4.961940380974486236e-06,4.912986268069314364e-06,4.858675640399051093e-06,4.802767082478626781e-06,4.742604464306082360e-06,4.680626378212352320e-06,4.612845212442683359e-06,4.543790974439298489e-06,4.473835284746103820e-06,4.397711704803753320e-06,4.323373027643986937e-06,4.245419454015080249e-06,4.167945139055857474e-06,4.083393450250372252e-06,4.000871475068942621e-06,3.919836790131730546e-06,3.830966844439850490e-06,3.748477528853154870e-06,3.663151311581169230e-06,3.580677334918227783e-06,3.488778014239246182e-06,3.403386242186939070e-06,3.321734874118527416e-06,3.229422009686937001e-06,3.145735424135130528e-06,3.066564624397319435e-06,2.975312174092755643e-06,2.898321168761186135e-06,2.819709915949467551e-06,2.746429780760606476e-06,2.658573273093521944e-06,2.585104294668188445e-06,2.517342815878992356e-06,2.433238442999310580e-06,2.369264128925586591e-06,2.304638484975313733e-06,2.245869729311932326e-06,2.167931547034338515e-06,2.110575511736324853e-06,2.058953183337669052e-06,1.986281561354301038e-06,1.936681399981046259e-06,1.892483083206212106e-06,1.825382928477543237e-06,1.785684531252030006e-06,1.747051371349213540e-06,1.712946615195078834e-06,1.653309636511924825e-06,1.622627020953896220e-06,1.595676222133753873e-06,1.541609309317885092e-06,1.518722368102697871e-06,1.498434487192385510e-06,1.480409836100261960e-06,1.433241008842776810e-06,1.420051343408545975e-06,1.407986774399543530e-06,1.365685930201008437e-06,1.359025434636470477e-06,1.352258370531350256e-06,1.347005669196028096e-06,1.313616730527562960e-06,1.315163035832560096e-06,1.318960628395457556e-06,1.290436213777551397e-06,1.297919001945124968e-06,1.307429223149667746e-06,1.283297845784937572e-06,1.296102299743538168e-06,1.310696414596944688e-06,1.326984241865511044e-06,1.307963895282655756e-06,1.326993459565007452e-06,1.347467000294631892e-06,1.331731950368512438e-06,1.354543075159607043e-06,1.378545966601741203e-06,1.403637906272386382e-06,1.391595622995862930e-06,1.418480964967576572e-06,1.446203686905834659e-06,1.436456785939719922e-06,1.465595220277185199e-06,1.495324043020671813e-06,1.487507573088233299e-06,1.518293170670166893e-06,1.549428802280942214e-06,1.580813268146652983e-06,1.575072060621797188e-06,1.607044219471051778e-06,1.639035347651327573e-06,1.634528514961643568e-06,1.666798255865212808e-06,1.698867036892857019e-06,1.730640030440574176e-06,1.727422391889979407e-06,1.759073464572460978e-06,1.790223578791609048e-06,1.787751031146585813e-06,1.818523359109969616e-06,1.848601794238659069e-06,1.846719405118530423e-06,1.876186671754108524e-06,1.904780106622298379e-06,1.932420662616666357e-06,1.931131618416695054e-06,1.957862502683999917e-06,1.983480325155700999e-06,1.982521637007685662e-06,2.007048518797609885e-06,2.030317249162917958e-06,2.052264574563177229e-06,2.051630527438153059e-06,2.072261078578205119e-06,2.091448441255208764e-06,2.090991454179379230e-06,2.108732491851095787e-06,2.124925648844029420e-06,2.139527038557883054e-06,2.139241403863083524e-06,2.152245015431765980e-06,2.163578514484375908e-06,2.163385496381567397e-06,2.173043514652371935e-06,2.180971662023884497e-06,2.180848938849709792e-06,2.187044863885285577e-06,2.191470059083763959e-06,2.194111913079786482e-06,2.194058062388590346e-06,2.194918418895352413e-06,2.193990964656482216e-06,2.193975708551941972e-06,2.191260707735394818e-06,2.186756250837816677e-06,2.180472808288361525e-06,2.180497528634608575e-06,2.172458552192483527e-06,2.162674402905543187e-06,2.162723353655801250e-06
5.629967313592195251e-06,5.655532293553129918e-06,5.676538174283483691e-06,5.676528720488083027e-06,5.692932107901401296e-06,5.704685808402040765e-06,5.711761473483945919e-06,5.711787193529920452e-06,5.714168270335224041e-06,5.711871450827171598e-06,5.711931933883556167e-06,5.704946384025997896e-06,5.693288718304644852e-06,5.676989354563544732e-06,5.677112973232030888e-06,5.656233655284359075e-06,5.630810019010313867e-06,5.630998842790331496e-06,5.601121925506754672e-06,5.566844069004269351e-06,5.567119377323414875e-06,5.528562199155435295e-06,5.485791746924490276e-06,5.438915762167368555e-06,5.439351855087762266e-06,5.388538286972272193e-06,5.333868266007318953e-06,5.334470955872725268e-06,5.276146985483814898e-06,5.214253222982001853e-06,5.148942435072230562e-06,5.149851037621156971e-06,5.081378348036900123e-06,5.009824343432582884e-06,5.011044488981599786e-06,4.936706002347338627e-06,4.859650445688709733e-06,4.780063321480236783e-06,4.781843267347003182e-06,4.700085724763209292e-06,4.616194960153141318e-06,4.618531870203973692e-06,4.532923040899148321e-06,4.445597830643402217e-06,4.448638109425459699e-06,4.360073046231339769e-06,4.270222983268966252e-06,4.179296391632070477e-06,4.183554156719201479e-06,4.092122535331218121e-06,4.000058299306858507e-06,4.005482380098777649e-06,3.913439513371394469e-06,3.821212726517942586e-06,3.729010741706946508e-06,3.736397050198218858e-06,3.644999314179772673e-06,3.554073092505628907e-06,3.563286292004615988e-06,3.473718638544639156e-06,3.385064687107727675e-06,3.396452197338289850e-06,3.309717402024345916e-06,3.224330182883075674e-06,3.140480059296055826e-06,3.155370247224738660e-06,3.074233363160407861e-06,2.995045875835136569e-06,3.013057136058608270e-06,2.937133160071745615e-06,2.863552465832007255e-06,2.792477828973508503e-06,2.815353896401851719e-06,2.748286500049145021e-06,2.684082226509676201e-06,2.711148905754764827e-06,2.651449388533918052e-06,2.594939638852485224e-06,2.626656979741659603e-06,2.575111623068190433e-06,2.527046342487462252e-06,2.487519436519061467e-06,2.530861367529956250e-06,2.489869060412876971e-06,2.455360009963424927e-06,2.501861631929309888e-06,2.468944921449217136e-06,2.440565109154128592e-06,2.414634290200115571e-06,2.466741899345475177e-06,2.445512587660494005e-06,2.427173326621906668e-06,2.482456039316411103e-06,2.472231710394322489e-06,2.462311264555995719e-06,2.455829997787712402e-06,2.522290361001812705e-06,2.521420936530447437e-06,2.524258279560254356e-06,2.590024199478180154e-06,2.605264100716711919e-06,2.617715999573152953e-06,2.688122678013033335e-06,2.713897356829632045e-06,2.735975472338504969e-06,2.762003938204050741e-06,2.846596580860080928e-06,2.878003773824449187e-06,2.913240042606695924e-06,2.993083161265239040e-06,3.041922608667091705e-06,3.085618072519803009e-06,3.132787250249591824e-06,3.225000344421187997e-06,3.276084905612152031e-06,3.330215532389937034e-06,3.415498678637451824e-06,3.480780661168607235e-06,3.540385534224296289e-06,3.626027459530938322e-06,3.695119842090530219e-06,3.758457801533407792e-06,3.823403068719205733e-06,3.913910463450666703e-06,3.979038840426824781e-06,4.045031418054627338e-06,4.125783196812149572e-06,4.196347095482388873e-06,4.261267169352821398e-06,4.325964908674087384e-06,4.404405804624057463e-06,4.466099985707084206e-06,4.526780443932472214e-06,4.593585860229204050e-06,4.653616594181725476e-06,4.708207140415547739e-06,4.760746894344079255e-06,4.818221219948700495e-06,4.864808030495237405e-06,4.908680336580985762e-06,4.952907159004431540e-06,4.991752378467834982e-06,5.025378220960443426e-06,5.057773761894071324e-06,5.085002464608729608e-06,5.107123448218953062e-06,5.125387691143020256e-06,5.141468812334863225e-06,5.151194037513136991e-06,5.156816017387983746e-06,5.158821603941166437e-06,5.158821603941166437e-06,5.155962355437817123e-06,5.148598707445086804e-06,5.137028606194739559e-06,5.120947485002896590e-06,5.100665779015906207e-06,5.076284542407987861e-06,5.047517370434573290e-06,5.014085971299698915e-06,4.977499171555474730e-06,4.936526096954921955e-06,4.891005610579434987e-06,4.843175903810995933e-06,4.792019195446628075e-06,4.734544869842006835e-06,4.676745008616403077e-06,4.616125642725742273e-06,4.551494852042638712e-06,4.482413077000184189e-06,4.413929849936784943e-06,4.343428507741152095e-06,4.264987611791181169e-06,4.190401664723924163e-06,4.114437790696676148e-06,4.035131328982933297e-06,3.950851049030010732e-06,3.871292135064108166e-06,3.791238601121486085e-06,3.700731206390025114e-06,3.619443657250221891e-06,3.538293987568029577e-06,3.454568515574191945e-06,3.364232952622264719e-06,3.283748118441956654e-06,3.201042698371859768e-06,3.110719536110556708e-06,3.032520172033534128e-06,2.955748686517599525e-06,2.863535592346003352e-06,2.789057615766711558e-06,2.716437237401294802e-06,2.642445617372369326e-06,2.557228977830076014e-06,2.489891183175564909e-06,2.424841123027544079e-06,2.340248480371513892e-06,2.279079681264965251e-06,2.220416775478490104e-06,2.161371274020706938e-06,2.086267978617908342e-06,2.034536184078258360e-06,1.982885889552658988e-06,1.913016106074252096e-06,1.868515594992807751e-06,1.826665144239345463e-06,1.760204781025244948e-06,1.723007776834432380e-06,1.688395291251132956e-06,1.655168177740814296e-06,1.598057762953117351e-06,1.570484094469626981e-06,1.545282357864226556e-06,1.493174748718869280e-06,1.472274558969422966e-06,1.453543310736356573e-06,1.437766346113259233e-06,1.392688214862495579e-06,1.379889190941911308e-06,1.370729944567691912e-06,1.330314452156064664e-06,1.322819005643483386e-06,1.319675384903585003e-06,1.318913097976667271e-06,1.287195757092929996e-06,1.290341374122994591e-06,1.295666930773750027e-06,1.268600251554988032e-06,1.277471828547699475e-06,1.288303320270242674e-06,1.265427252948338465e-06,1.279422727784011946e-06,1.295145343611148401e-06,1.312501004259322706e-06,1.294489744576817702e-06,1.314471625663146497e-06,1.335842731947853886e-06,1.320952545593900804e-06,1.344557900385935286e-06,1.369306465324969496e-06,1.395097598006501362e-06,1.383710093301808070e-06,1.411207847334884131e-06,1.439502637248622463e-06,1.430289450451431657e-06,1.459925197367345078e-06,1.490116840032465109e-06,1.482730558468419492e-06,1.513915522233090763e-06,1.545421452176752010e-06,1.577148845110604666e-06,1.571724830047186716e-06,1.603990021813203644e-06,1.636251535634552576e-06,1.631993890025465483e-06,1.664493004250754511e-06,1.696772665735324811e-06,1.728739304199529540e-06,1.725699269415741396e-06,1.757513037074709866e-06,1.788812008945235055e-06,1.786475493540147513e-06,1.817371982213918558e-06,1.847563604043813208e-06,1.845784270570207419e-06,1.875345252083889193e-06,1.904023800657609956e-06,1.931741560128253976e-06,1.930522453545563342e-06,1.957316609472561681e-06,1.982991595192589471e-06,1.982084479181960219e-06,2.006657821145826867e-06,2.029968342781719275e-06,2.051953199550563116e-06,2.051352800818414511e-06,2.072013464158499719e-06,2.091227721355897473e-06,2.090794703175426357e-06,2.108557051457987087e-06,2.124769105078705901e-06,2.139387200303035727e-06,2.139116282961758867e-06,2.152132808238466572e-06,2.163477584798702218e-06,2.163294359690802882e-06,2.172960823610251734e-06,2.180896193094012830e-06,2.180779580043653096e-06,2.186980603527246276e-06,2.191409975535819671e-06,2.194055165363979988e-06,2.194003881644606977e-06,2.194866100615078269e-06,2.193939861639373016e-06,2.193925224527845831e-06,2.191210291604164502e-06,2.186705391477782838e-06,2.180421029888432807e-06,2.180444386507403848e-06,2.172403629028534084e-06,2.162617305431110802e-06
5.655489376187379676e-06,5.676496227836607414e-06,5.676487387412996193e-06,5.692891003856887147e-06,5.704644518686073293e-06,5.711719549056070577e-06,5.711744146585441786e-06,5.714123569391537916e-06,5.711824515280037757e-06,5.711882127988575082e-06,5.704893010257990201e-06,5.693231010045052429e-06,5.676926468063385697e-06,5.677043978795475001e-06,5.656157527615474397e-06,5.630725626663212965e-06,5.630904936660738918e-06,5.601017126300932072e-06,5.566726853619423651e-06,5.566988064072121600e-06,5.528414931765357303e-06,5.485626477243739507e-06,5.438730231505369702e-06,5.439143574121457781e-06,5.388304514148026424e-06,5.333605984369976113e-06,5.334176848255097080e-06,5.275817407992376701e-06,5.213884176717931097e-06,5.148529536031156747e-06,5.149389484720175108e-06,5.080862889223630549e-06,5.009249239838408284e-06,5.010403477089711098e-06,4.935992254155999653e-06,4.858856526861234544e-06,4.779181147485611853e-06,4.780864057608991062e-06,4.698999954851124826e-06,4.614992312064342241e-06,4.617201180806553313e-06,4.531452248623258850e-06,4.443973920531151896e-06,4.446847056672432299e-06,4.358099758377327777e-06,4.268051241221597690e-06,4.176908789734425204e-06,4.180932042101339068e-06,4.089245946815448966e-06,3.996905906167725063e-06,4.002031421010616204e-06,3.909665735909094127e-06,3.817090327609762513e-06,3.724512309471753467e-06,3.731493507633117774e-06,3.639659865197391772e-06,3.548265170853083778e-06,3.556975513628025380e-06,3.466868757993642345e-06,3.377637558603401434e-06,3.388407741154719518e-06,3.301013576858523312e-06,3.214922964909274407e-06,3.130323428618943686e-06,3.144416182459793157e-06,3.062431844880182004e-06,2.982344899625205758e-06,2.999402735927051196e-06,2.922469442950417849e-06,2.847821657896187297e-06,2.775620334488310698e-06,2.797308369778771898e-06,2.728989931763840384e-06,2.663470043492320388e-06,2.689155086816788725e-06,2.628006595339417082e-06,2.569979362878964240e-06,2.600109705602956005e-06,2.546907008492416813e-06,2.497113415154637986e-06,2.450835826026760783e-06,2.487555951390196843e-06,2.450590884184922386e-06,2.415252337219781530e-06,2.457358635136437474e-06,2.425742865070347653e-06,2.396239799717389136e-06,2.369550780780072355e-06,2.418822168911283340e-06,2.396171260183025569e-06,2.378693595303539277e-06,2.432006923414930087e-06,2.417103006704182333e-06,2.405354795193095883e-06,2.401761257794457177e-06,2.460665894749693356e-06,2.457706754226743024e-06,2.464464973480386868e-06,2.527959275666743629e-06,2.534226335383986024e-06,2.544280443591681559e-06,2.619453103299250282e-06,2.635126989003392309e-06,2.654663566170519109e-06,2.686171950977449662e-06,2.759880353591750158e-06,2.788677270992200846e-06,2.829646836182710136e-06,2.907161703391175463e-06,2.944686262328641881e-06,2.985796453577844619e-06,3.038731614445975054e-06,3.120228323683031421e-06,3.168878652615217729e-06,3.228659718446827552e-06,3.312033188774413758e-06,3.366954192103602687e-06,3.424474939721294117e-06,3.516077749001869570e-06,3.575729870730169991e-06,3.637379300371000834e-06,3.707345580102337483e-06,3.790294152425085087e-06,3.854225369947471043e-06,3.925004830435474520e-06,4.005257329032742176e-06,4.069474352261319711e-06,4.133979705806250116e-06,4.203089250067972923e-06,4.277347966995088632e-06,4.339290397015359994e-06,4.404281732328572264e-06,4.472027705305918379e-06,4.529338800440475893e-06,4.585121302886876454e-06,4.641845087559358473e-06,4.698579485429088483e-06,4.747070469778023655e-06,4.795200456395536664e-06,4.841923210904001299e-06,4.881417852861814872e-06,4.917860857615580934e-06,4.954930951432988765e-06,4.983996352751711621e-06,5.009546153680474171e-06,5.032287763192915834e-06,5.051513197846509644e-06,5.065192896984005665e-06,5.075386362259126873e-06,5.081672641869575194e-06,5.082872264966616469e-06,5.082872264966616469e-06,5.080004806925954743e-06,5.072934441273125834e-06,5.061790760733138266e-06,5.046243485016055665e-06,5.026190705873982042e-06,5.002208115230803820e-06,4.974320818372198015e-06,4.942579156946458628e-06,4.905509063129050797e-06,4.865980115739161237e-06,4.822917539923826870e-06,4.774825218355568555e-06,4.723941204432855608e-06,4.670696066677606815e-06,4.612235105610884652e-06,4.551777279135553689e-06,4.489751171221148224e-06,4.425336700162378274e-06,4.355221509581806840e-06,4.284559778921930163e-06,4.213565938617429089e-06,4.136462694558301123e-06,4.060060483580641303e-06,3.984260458172800271e-06,3.907522633701306548e-06,3.823693288084391294e-06,3.742678903770478101e-06,3.663584684629969622e-06,3.576592681898868198e-06,3.494100669413462112e-06,3.414427033970803512e-06,3.335253505374556136e-06,3.243650696093980683e-06,3.165076518836335065e-06,3.087543122341577492e-06,2.999224511950575622e-06,2.920198635117206313e-06,2.845770928823566246e-06,2.759141886175617546e-06,2.683973401340966781e-06,2.613917628296458641e-06,2.545885227300745334e-06,2.463214087240198580e-06,2.395357669486046184e-06,2.333018544029139920e-06,2.254334304750904541e-06,2.192805711678268474e-06,2.136873279487150650e-06,2.083466192735374323e-06,2.008293533027805177e-06,1.959239362192250725e-06,1.912783400150699077e-06,1.845522884647289824e-06,1.801238154791030439e-06,1.761892172698050864e-06,1.700012578088423591e-06,1.663360746221871538e-06,1.631075725589259720e-06,1.601240216712539361e-06,1.546447555684658378e-06,1.520069349907742498e-06,1.496902678012601300e-06,1.447334626213128024e-06,1.428136017659024065e-06,1.411205298848225661e-06,1.396255857590843111e-06,1.354149559674264247e-06,1.342909697422303322e-06,1.333400888495769291e-06,1.296680763132946906e-06,1.292886078311201221e-06,1.291470770328773612e-06,1.292365823839630422e-06,1.262235481122222643e-06,1.266898580933135996e-06,1.273673111843262756e-06,1.247988068549456800e-06,1.258175260280688632e-06,1.270257793674918640e-06,1.248569758504468033e-06,1.263691919908627788e-06,1.280481626576678147e-06,1.298846604250519553e-06,1.281788768537577159e-06,1.302670107616550963e-06,1.324888667497809187e-06,1.310795915334892809e-06,1.335150682959111897e-06,1.360602640864334431e-06,1.387053142718953398e-06,1.376282965919487929e-06,1.404357968168269710e-06,1.433191860554514998e-06,1.424481530811843174e-06,1.454585750753807011e-06,1.485213300205867496e-06,1.478232129337610038e-06,1.509793126766528586e-06,1.541647678430927309e-06,1.573697889907091959e-06,1.568572440797462124e-06,1.601113436957041184e-06,1.633629424124274688e-06,1.629606290254796597e-06,1.662321262793813017e-06,1.694799376228607544e-06,1.726948246667790008e-06,1.724075350311642781e-06,1.756042230272177821e-06,1.787481297897701038e-06,1.785272814787440303e-06,1.816286170395544160e-06,1.846584338551801276e-06,1.844902023951671522e-06,1.874551240281939111e-06,1.903309935159319053e-06,1.931100402069989065e-06,1.929947169809135682e-06,1.956800930790306553e-06,1.982529776265612684e-06,1.981671260803339124e-06,2.006288394309476827e-06,2.029638314747873639e-06,2.051658561830281717e-06,2.051089899032208887e-06,2.071778969717916809e-06,2.091018604911696406e-06,2.090608209771748625e-06,2.108390677328546679e-06,2.124620576018492053e-06,2.139254451547200272e-06,2.138997440502224265e-06,2.152026171508264729e-06,2.163381610654030035e-06,2.163207647621281931e-06,2.172882102108740886e-06,2.180824307118592788e-06,2.180713479505943385e-06,2.186919332743028746e-06,2.191352663575980515e-06,2.194001017245971872e-06,2.193952170306963481e-06,2.194816159619965012e-06,2.193891078550640349e-06,2.193877034914605625e-06,2.191162173622479625e-06,2.186656860985598603e-06,2.180371636051427963e-06,2.180393707855926428e-06,2.172351269928228564e-06
5.676456208365343261e-06,5.676447941613132137e-06,5.692851767329601910e-06,5.704605098372739441e-06,5.711679519492120867e-06,5.711703045733838661e-06,5.714080894018678345e-06,5.711779715834628463e-06,5.711834602941574575e-06,5.704842099859311040e-06,5.693175989450294584e-06,5.676866539781442610e-06,5.676978264405466154e-06,5.656085058699133953e-06,5.630645334896630379e-06,5.630815643007176529e-06,5.600917529244534579e-06,5.566615516377789558e-06,5.566863400724194766e-06,5.528275192229782970e-06,5.485469731041897460e-06,5.438554350242706817e-06,5.438946212620596535e-06,5.388083090167436804e-06,5.333357656842930100e-06,5.333898493985049571e-06,5.275505596743159716e-06,5.213535144639993257e-06,5.148139157368841714e-06,5.148953241749614268e-06,5.080375840376394461e-06,5.008705985972599662e-06,5.009798125877860455e-06,4.935318382567943186e-06,4.858107141730100560e-06,4.778348644156430376e-06,4.779940176681963817e-06,4.697975737045617097e-06,4.613858051245033470e-06,4.615946375230001120e-06,4.530065550481396580e-06,4.442443083888018040e-06,4.445158883911570346e-06,4.356240045299951520e-06,4.266004720959645633e-06,4.174659075667982796e-06,4.178461569996544138e-06,4.086535916426830932e-06,3.993936222577764027e-06,3.998780636009175274e-06,3.906110989745872348e-06,3.813207291484132326e-06,3.720275129155841434e-06,3.726874748655669713e-06,3.634630460047510776e-06,3.542794368694118610e-06,3.551030833042316395e-06,3.460415943308304600e-06,3.370640540375356786e-06,3.380828601419527564e-06,3.292812519771726889e-06,3.206058293430637802e-06,3.120751527908658270e-06,3.134091510671042053e-06,3.051306932044000039e-06,2.970370355330833393e-06,2.986527266503621787e-06,2.908639878853353095e-06,2.832982991993720470e-06,2.759715771929710302e-06,2.780279390105753198e-06,2.710776363899955851e-06,2.644010154211541184e-06,2.668385683251740724e-06,2.605863142041608195e-06,2.546396113887682131e-06,2.575019851916183897e-06,2.520242841262115937e-06,2.468806504850073226e-06,2.420817217723271968e-06,2.455756376247215881e-06,2.412999258480905156e-06,2.373916370098230125e-06,2.417026777740091590e-06,2.384484175998182250e-06,2.353140531549184962e-06,2.325848739380469111e-06,2.373123275277393582e-06,2.350348473994032278e-06,2.329951578610810740e-06,2.381102957035495749e-06,2.367583293731185796e-06,2.354915354811994266e-06,2.345396991950720171e-06,2.401948233692210764e-06,2.402231810201720512e-06,2.401394571642834794e-06,2.462425919153322731e-06,2.472866064007427423e-06,2.481088299132298779e-06,2.546615908320097141e-06,2.559897303018482157e-06,2.584574172894444036e-06,2.605747891632099259e-06,2.676914788385180197e-06,2.711226804673229210e-06,2.741375984994020948e-06,2.816419513115945043e-06,2.859650887309845660e-06,2.898213330196080841e-06,2.940222280511413677e-06,3.019450950806361609e-06,3.073772296166469071e-06,3.122984582681018911e-06,3.204341161238688473e-06,3.264793978322423970e-06,3.319945517403899630e-06,3.402323171524545379e-06,3.460089350027276824e-06,3.526876988033214722e-06,3.588310476984489356e-06,3.670141335266743737e-06,3.738969572073454973e-06,3.802425343595167208e-06,3.882073902813769169e-06,3.950969020896791699e-06,4.014505303877032023e-06,4.078238813824050671e-06,4.152668290766225182e-06,4.218944865191473462e-06,4.280000153259544152e-06,4.348549845665358176e-06,4.410114825723058897e-06,4.466495822840450460e-06,4.521322629777523780e-06,4.579732562808119113e-06,4.632377541885165160e-06,4.679971257425326058e-06,4.729016879190292607e-06,4.772745773274134568e-06,4.811469684947624194e-06,4.849920501165653888e-06,4.881947207572277102e-06,4.911814393130417810e-06,4.936839045200318181e-06,4.959732159490681534e-06,4.977846179368897167e-06,4.991250436773881656e-06,5.001655890850154881e-06,5.007365975012496742e-06,5.008567870859955617e-06,5.008567870859955617e-06,5.005789937139921183e-06,4.999203969864154689e-06,4.988036184930106025e-06,4.972869029867147920e-06,4.953635102171748589e-06,4.929911162383298983e-06,4.902683868576465226e-06,4.871295373298724276e-06,4.836482404500340985e-06,4.796915983473353175e-06,4.754837125467079887e-06,4.708641641150323651e-06,4.658186867908734680e-06,4.606126097756100515e-06,4.550122580859645293e-06,4.489941244736668891e-06,4.429249279961704709e-06,4.366195210532128970e-06,4.299489622918591905e-06,4.228526961700448086e-06,4.158965661363965148e-06,4.086041735256553382e-06,4.008730500511670942e-06,3.934376055347199691e-06,3.859060912761257005e-06,3.780762360462686367e-06,3.697517699193114303e-06,3.619783029381631761e-06,3.539388437063274452e-06,3.453511764929348409e-06,3.375084386684166715e-06,3.294323823216729975e-06,3.216852636207622376e-06,3.129857302617727791e-06,3.053339983435399010e-06,2.974905954742436543e-06,2.888655971735008211e-06,2.815047597983065502e-06,2.739861222536004100e-06,2.655575773503328291e-06,2.586123644936040767e-06,2.518609739163520324e-06,2.449986764173433911e-06,2.369896948830081600e-06,2.307854044822946839e-06,2.245077142158635076e-06,2.169064762749436949e-06,2.113211611021038845e-06,2.057019066967306841e-06,2.006246207662923521e-06,1.936490174920141361e-06,1.889846010110185358e-06,1.843483830320225687e-06,1.778851025021131285e-06,1.739147144915090055e-06,1.700199553986176966e-06,1.640843270887452166e-06,1.608059475618928631e-06,1.577691501533012773e-06,1.548856917416614214e-06,1.496393325642581440e-06,1.472599613600140912e-06,1.450907120710447133e-06,1.403494048869928456e-06,1.385875565065200492e-06,1.370959710507451558e-06,1.357632935659754883e-06,1.316365923392839860e-06,1.307746269408320927e-06,1.301601313352990770e-06,1.266662154829831210e-06,1.264579168007305617e-06,1.264806603099643123e-06,1.267275970154852018e-06,1.238652232134260480e-06,1.244755127640729909e-06,1.252903708286819127e-06,1.228528179282102432e-06,1.239961692437338718e-06,1.253228814032720716e-06,1.232665195991292531e-06,1.248853254071947257e-06,1.266652062573292484e-06,1.285971134958325405e-06,1.269814224424163431e-06,1.291545195026073350e-06,1.314563996037689502e-06,1.301224015057713762e-06,1.326286012043027566e-06,1.352401584497760383e-06,1.379474003892664643e-06,1.369285948821954863e-06,1.397905154868521378e-06,1.427247181641487714e-06,1.419010730640457758e-06,1.449556347926358219e-06,1.480594543893128971e-06,1.473994952017725960e-06,1.505910093931711184e-06,1.538092935782540742e-06,1.570447108529242307e-06,1.565602760768062527e-06,1.598403409823773208e-06,1.631158954641208302e-06,1.627356577743926597e-06,1.660274742464630261e-06,1.692939660758283166e-06,1.725260068314770797e-06,1.722544503806601306e-06,1.754655516702480320e-06,1.786226469774938721e-06,1.784138522462236863e-06,1.815261909959846307e-06,1.845660401346266854e-06,1.844069447774590534e-06,1.873801762376418473e-06,1.902635947037200269e-06,1.930494906214164160e-06,1.929403738280560088e-06,1.956313665752040035e-06,1.982093272423617476e-06,1.981280569752488946e-06,2.005938990763208783e-06,2.029326064621118133e-06,2.051379692137649614e-06,2.050840969556835840e-06,2.071556846400808522e-06,2.090820434906813320e-06,2.090431398108321221e-06,2.108232865119205159e-06,2.124479620149591022e-06,2.139128405786223184e-06,2.138884537956245239e-06,2.151924808367086172e-06,2.163290331151755138e-06,2.163125130150630394e-06,2.172807146423363223e-06,2.180755822559879023e-06,2.180650474192377124e-06,2.186860903661882903e-06,2.191297987519119909e-06,2.193949342533625169e-06,2.193902809245564801e-06,2.194768481642459721e-06,2.193844503990041158e-06,2.193831029363971618e-06,2.191116242836912937e-06,2.186610546284262866e-06,2.180324510179968117e-06,2.180345371272015793e-06
5.676410291706321864e-06,5.692814308459057728e-06,5.704567457920451633e-06,5.711641294250320847e-06,5.711663797981474602e-06,5.714040147168639915e-06,5.711736949614742607e-06,5.711789248070136929e-06,5.704793532173652593e-06,5.693123523444559798e-06,5.676809421507531752e-06,5.676915663688749150e-06,5.656016060618426333e-06,5.630568930475695063e-06,5.630730719063053434e-06,5.600822857336037481e-06,5.566509740795824886e-06,5.566745025463991685e-06,5.528142566883883214e-06,5.485321035551719981e-06,5.438387578445896710e-06,5.438759154531066133e-06,5.387873312925227933e-06,5.333122484271645641e-06,5.333634984695912862e-06,5.275210520726510277e-06,5.213204958287651437e-06,5.147769976873955476e-06,5.148540814834728052e-06,5.079915516305384404e-06,5.008192683808021574e-06,5.009226300952114526e-06,4.934681991144573227e-06,4.857399603840659668e-06,4.777562804608474555e-06,4.779068264245275100e-06,4.697009321836416576e-06,4.612788000342002892e-06,4.614762806571271444e-06,4.528757785108432308e-06,4.440999596620367076e-06,4.443567252555949555e-06,4.354486898517967524e-06,4.264075684940568954e-06,4.172538719776442728e-06,4.176133351589668855e-06,4.083982125061146936e-06,3.991137923853002226e-06,3.995717615323901772e-06,3.902761696268420611e-06,3.809548782671472073e-06,3.716283016182637361e-06,3.722523143145642369e-06,3.629891922529048618e-06,3.537639859231692393e-06,3.545429664524345585e-06,3.454335737900354143e-06,3.364047189674694219e-06,3.373686230872706740e-06,3.285083457940699253e-06,3.197703046714519022e-06,3.111728761347332462e-06,3.124358035472890049e-06,3.040817700492740250e-06,2.959078463735427973e-06,2.974383966859988233e-06,2.895594599886822595e-06,2.818983370246445986e-06,2.744707693547163393e-06,2.764207043960670856e-06,2.693582306670336273e-06,2.625635388001179437e-06,2.648769746307105876e-06,2.584944213077374548e-06,2.524111130484704054e-06,2.551304643400108761e-06,2.495032276407966662e-06,2.442034654688102678e-06,2.392417533644188173e-06,2.425661883520600245e-06,2.381142765209563545e-06,2.340230691533544893e-06,2.378452565280304332e-06,2.342959682098619538e-06,2.312526517271085100e-06,2.284159711293530107e-06,2.329503027168837347e-06,2.305256180641192133e-06,2.283501339812782025e-06,2.334448187428080747e-06,2.317273711164773172e-06,2.302971441285193314e-06,2.295729107917617176e-06,2.350280357273455664e-06,2.344118560077509146e-06,2.341288042545133425e-06,2.405523861023914426e-06,2.408000235140137546e-06,2.414016579855547102e-06,2.483705056527711435e-06,2.495092783273207745e-06,2.510134184156775874e-06,2.528877387670737301e-06,2.605213614281170999e-06,2.629194410540812759e-06,2.656840312765966633e-06,2.737461485689695720e-06,2.770013687830875735e-06,2.806080116122056589e-06,2.853550249302104818e-06,2.930644501005904996e-06,2.974357233658939998e-06,3.021206294242121551e-06,3.108377587274674018e-06,3.158677764025453500e-06,3.211691961465882998e-06,3.299776093800463645e-06,3.355340134674352983e-06,3.413097375679235605e-06,3.472836019718795890e-06,3.560015231646150286e-06,3.620876578235624114e-06,3.683085167529905531e-06,3.767858879257149860e-06,3.830017333991025849e-06,3.892834233037846498e-06,3.960821600442508488e-06,4.035192651702258551e-06,4.096671175897143664e-06,4.157811795559376256e-06,4.230934129569670358e-06,4.289110609542804113e-06,4.346230306267152100e-06,4.405010978120813133e-06,4.464784773374849922e-06,4.516008533863096056e-06,4.565240072781443399e-06,4.618636892598525040e-06,4.662241064677531390e-06,4.703257586211905218e-06,4.746107476203559576e-06,4.780584442990593719e-06,4.811970924296610429e-06,4.840097492747337432e-06,4.867418592701791228e-06,4.888050542858996652e-06,4.905076079860087416e-06,4.919980349411136329e-06,4.929063780121452945e-06,4.934322109002780779e-06,4.936452900076829184e-06,4.935690546717969090e-06,4.933559755643919838e-06,4.926746667825908549e-06,4.916018157465602717e-06,4.901113887914553804e-06,4.882292198844229802e-06,4.859651496659970435e-06,4.832330396705516639e-06,4.801919923386976412e-06,4.767910614700410995e-06,4.730406790978895563e-06,4.687556900987241205e-06,4.643043009030186461e-06,4.595403141001619038e-06,4.542006321184536550e-06,4.488131761865855479e-06,4.431587705276385824e-06,4.369954709358347043e-06,4.306965088449319640e-06,4.242958595354420306e-06,4.177006153766015695e-06,4.103883819755722440e-06,4.034008386444377596e-06,3.962767954695087939e-06,3.885448524797487813e-06,3.809554393029390737e-06,3.734725757690271024e-06,3.659339095798236116e-06,3.574565384070991363e-06,3.497856414522909091e-06,3.421171667043970103e-06,3.333992455116615284e-06,3.257062046903766665e-06,3.180705449452039527e-06,3.105101900911995545e-06,3.017017768577414898e-06,2.942498517920049952e-06,2.869209937619210662e-06,2.782038644586658619e-06,2.710707964028255144e-06,2.641018736424908984e-06,2.559024536368514857e-06,2.488989716298153669e-06,2.423985741595763851e-06,2.361046822306942024e-06,2.280425649383213361e-06,2.220976045015076154e-06,2.163815046497988548e-06,2.087478819887555274e-06,2.034227475450773753e-06,1.983406338723645077e-06,1.935031046767293126e-06,1.865342570095128793e-06,1.821201597589609681e-06,1.779540827087275993e-06,1.715305008608494992e-06,1.677974661811439303e-06,1.643087874246826719e-06,1.586060506167869263e-06,1.553936255645834641e-06,1.525699546215762272e-06,1.499740212180409954e-06,1.448793364565111231e-06,1.426923969760833230e-06,1.407162872393004704e-06,1.361819556517704240e-06,1.345903092662189283e-06,1.331887071378282069e-06,1.320902118574845457e-06,1.282680244828225779e-06,1.275889776137117171e-06,1.271506820626630726e-06,1.238262470751211166e-06,1.237807317846153726e-06,1.239596038246902041e-06,1.243560761641143915e-06,1.216367248735168802e-06,1.223836198682738895e-06,1.233287771352006897e-06,1.210153413086887753e-06,1.222767635230635617e-06,1.237156467921677875e-06,1.217657117658422199e-06,1.234853632395945726e-06,1.253606783707351593e-06,1.273827835454413959e-06,1.258522333019857114e-06,1.281055963732270920e-06,1.304830521181317198e-06,1.292201248943575186e-06,1.317930765903688670e-06,1.344672523400140459e-06,1.372331634265201521e-06,1.362692599257252839e-06,1.391824950843657139e-06,1.421646014782049342e-06,1.413856223135323512e-06,1.444817812678588740e-06,1.476242940968509608e-06,1.470002841926840752e-06,1.502251588254314587e-06,1.534743645614722440e-06,1.567384091204824015e-06,1.562804465276056179e-06,1.595849621313903146e-06,1.628830738379660375e-06,1.625236222851893242e-06,1.658345705743065537e-06,1.691186510873753856e-06,1.723668430593544518e-06,1.721101005857300329e-06,1.753347735061860778e-06,1.785042877746721650e-06,1.783068439295515918e-06,1.814295451491470806e-06,1.844788432210798833e-06,1.843283535265994482e-06,1.873094132027562035e-06,1.901999439966536526e-06,1.929922938273622059e-06,1.928890261024646968e-06,1.955853129235459809e-06,1.981680589823262887e-06,1.980911083799449633e-06,2.005608441961389946e-06,2.029030561221129149e-06,2.051115681827751687e-06,2.050605212826856794e-06,2.071346391529981964e-06,2.090632594522427701e-06,2.090263727258776981e-06,2.108083140802551458e-06,2.124345822236744993e-06,2.139008699276830358e-06,2.138777256504445645e-06,2.151828439014251986e-06,2.163203500203510556e-06,2.163046590136096702e-06,2.172735764075532150e-06,2.180690567757293532e-06,2.180590409803789554e-06,2.186805176237287495e-06,2.191245818772429522e-06,2.193900021564289374e-06,2.193855685448541159e-06,2.194722958258144710e-06,2.193800032248019480e-06,2.193787103176705028e-06,2.191072394001772516e-06,2.186566340154573172e-06,2.180279541767963601e-06
5.692778541992478590e-06,5.704531512352289619e-06,5.711604787389359214e-06,5.711626315058416831e-06,5.714001236737615438e-06,5.711696119017344577e-06,5.711745958425244359e-06,5.704747192854119937e-06,5.693073485999739461e-06,5.676754972988369014e-06,5.676856019330138328e-06,5.655950355831332500e-06,5.630496212099555961e-06,5.630649935827029748e-06,5.600732849475825473e-06,5.566409228771097918e-06,5.566632597720006561e-06,5.528016666599546385e-06,5.485179946315389656e-06,5.438229408799462554e-06,5.438581821322549221e-06,5.387674523410120764e-06,5.332899716903782074e-06,5.333385468549579387e-06,5.274931213493149920e-06,5.212892522792628310e-06,5.147420756061740609e-06,5.148150805174454330e-06,5.079480339573098434e-06,5.007707557207222930e-06,5.008686005540329046e-06,4.934080838540858552e-06,4.856731401197097261e-06,4.776820817837998673e-06,4.778245179508518702e-06,4.696097205301898368e-06,4.611778256246700404e-06,4.613646133622707837e-06,4.527524131284674892e-06,4.439638112440943326e-06,4.442066242914560470e-06,4.352833773187030456e-06,4.262256907878027896e-06,4.170539757386940148e-06,4.173938620114981211e-06,4.081574937298655401e-06,3.988500435425981343e-06,3.992830770753192431e-06,3.899605175121735294e-06,3.806100946093872121e-06,3.712520854139514030e-06,3.718422222737634176e-06,3.625426337766522234e-06,3.532782182684487147e-06,3.540150901290200355e-06,3.448605282362483726e-06,3.357832785545127200e-06,3.366953935042911527e-06,3.277797608684373810e-06,3.189826236808877317e-06,3.103221816698462667e-06,3.115179999847351666e-06,3.030925826971226978e-06,2.948428213514624788e-06,2.962929016035306716e-06,2.883286854851185899e-06,2.805772992338317411e-06,2.730543133574169781e-06,2.749035087213235644e-06,2.677348129022249192e-06,2.608282623670811388e-06,2.630240567823654962e-06,2.565179423960986853e-06,2.503050271107225835e-06,2.528886110444553655e-06,2.471193456289374120e-06,2.416712071236267917e-06,2.365547010279789074e-06,2.397178720080634140e-06,2.350981929495798039e-06,2.308327025569195214e-06,2.344741006165577220e-06,2.307375497255512653e-06,2.273734779628672926e-06,2.243878009059072478e-06,2.287655654798793147e-06,2.262247275872442863e-06,2.240583718459125107e-06,2.287930440717929914e-06,2.269321969438160393e-06,2.256494681371157123e-06,2.244327848363221766e-06,2.296696511242849972e-06,2.293183265291979546e-06,2.289077659918901349e-06,2.345687888455637602e-06,2.346137601023080585e-06,2.356168325928380053e-06,2.417101065128025705e-06,2.426275173852531466e-06,2.445961471170272742e-06,2.462654946815086240e-06,2.529119029085050528e-06,2.550701897162140730e-06,2.583557452846088455e-06,2.653953967655691919e-06,2.684067944697760363e-06,2.725503177171523726e-06,2.762561173343334326e-06,2.837406108629814588e-06,2.886506403178066925e-06,2.930897916432440631e-06,3.008253884040188817e-06,3.056333763050841079e-06,3.114516418356866040e-06,3.193433789259612907e-06,3.247032839283321729e-06,3.309757870689721897e-06,3.367445005358710228e-06,3.446765358519983033e-06,3.506137612465523214e-06,3.572897304876342073e-06,3.650934656361793174e-06,3.712068374021057501e-06,3.779223918335588425e-06,3.841389174650362151e-06,3.915596737895774358e-06,3.981246168173648393e-06,4.041929912244245638e-06,4.111424189092201767e-06,4.169916908198837186e-06,4.230966694936379159e-06,4.287174303106042456e-06,4.348170353438230774e-06,4.403313731412802131e-06,4.453641052180658853e-06,4.506520558033701961e-06,4.551952616746561982e-06,4.596884339121865201e-06,4.640378248587094996e-06,4.677306455334087057e-06,4.712725062434313883e-06,4.743483096234509617e-06,4.772894035572962028e-06,4.796734162872278978e-06,4.817899244063375296e-06,4.835766147134868453e-06,4.848532707830726285e-06,4.858023838559905910e-06,4.863189070003474352e-06,4.865021055825954366e-06,4.865021055825954366e-06,4.862468332560332976e-06,4.855833496543756733e-06,4.845495078831940260e-06,4.831063914616745408e-06,4.812459166567181289e-06,4.790191500534641667e-06,4.764275093205994631e-06,4.733996022423343767e-06,4.700768130830989473e-06,4.663581579760611769e-06,4.623497542626698978e-06,4.578789290198164211e-06,4.531427787005165669e-06,4.481796905621015030e-06,4.427386896053026021e-06,4.372059017670193561e-06,4.313114084675764684e-06,4.250216255386095165e-06,4.187535427397886113e-06,4.121490384539817597e-06,4.055001638577841158e-06,3.982975094182611296e-06,3.913109367312687776e-06,3.840223662250753683e-06,3.763038370321292165e-06,3.689566030270975179e-06,3.613373149754993822e-06,3.538789859360460863e-06,3.457117720002705652e-06,3.379279107571414467e-06,3.303881146333045139e-06,3.220527489563973168e-06,3.145281593045212309e-06,3.067998015371792614e-06,2.994208256699949854e-06,2.910776970696170281e-06,2.835474891434551909e-06,2.764304019807340789e-06,2.682224952374954602e-06,2.613214258871843468e-06,2.542880395696224628e-06,2.463216437194733506e-06,2.398683522518632080e-06,2.333154183165422025e-06,2.272714847392288520e-06,2.197605400914803245e-06,2.137758674689151413e-06,2.083134616198359243e-06,2.012213702109416671e-06,1.961378181658475707e-06,1.910402288075207415e-06,1.864501792835464848e-06,1.799792421290625520e-06,1.755715862823652005e-06,1.716424508721351424e-06,1.656690210508448482e-06,1.621402264731913554e-06,1.587027909493102059e-06,1.532342141550942634e-06,1.503584169962039643e-06,1.476226275876365134e-06,1.452230671050135695e-06,1.404045587143722124e-06,1.383485392598257805e-06,1.365478154409241053e-06,1.322006432440183374e-06,1.307894181828168643e-06,1.296302886535199747e-06,1.287190559460166203e-06,1.250776578863969274e-06,1.245728940423526788e-06,1.243023657186985012e-06,1.211391947387383390e-06,1.212484734395311053e-06,1.215757218129992554e-06,1.221142228688375970e-06,1.195306389362206539e-06,1.204071409573516675e-06,1.214758592879695736e-06,1.192800648773508008e-06,1.206533457607981124e-06,1.221984511211641922e-06,1.203492557739491100e-06,1.221643254564683273e-06,1.241299038779265635e-06,1.262372884777896715e-06,1.247872083000107575e-06,1.271164090479580918e-06,1.295652485910049286e-06,1.283694304754974413e-06,1.310053956587640977e-06,1.337386674888505631e-06,1.365599339362769743e-06,1.356478196266057444e-06,1.386094496682732587e-06,1.416367253188085583e-06,1.408998548510448105e-06,1.440352230130033262e-06,1.472142023061558892e-06,1.466240682647557977e-06,1.498803754652387965e-06,1.531587127569724392e-06,1.564497249731474453e-06,1.560166979756010655e-06,1.593442436013406893e-06,1.626636008584313593e-06,1.623237260922007045e-06,1.656526927365803560e-06,1.689533381761621901e-06,1.722167413852966474e-06,1.719739510226101034e-06,1.752114064190590787e-06,1.783926180675964982e-06,1.782058662259716423e-06,1.813383291159415759e-06,1.843965290453764789e-06,1.842541475526703017e-06,1.872425837346525498e-06,1.901398172707081564e-06,1.929382501572863260e-06,1.928404961984907603e-06,1.955417743859072291e-06,1.981290329683308206e-06,1.980561564429727823e-06,2.005295652940751207e-06,2.028750837920152455e-06,2.050865678779588729e-06,2.050381878678799926e-06,2.071146945527930115e-06,2.090454504476803172e-06,2.090104688937602548e-06,2.107941058695180521e-06,2.124218791630178967e-06,2.138894989585539797e-06,2.138675295794090651e-06,2.151736799659647083e-06,2.163120885621509516e-06,2.162971822534762754e-06,2.172667773161957207e-06,2.180628380347676491e-06,2.180533140280869839e-06,2.186752017801884690e-06,2.191196035437658533e-06,2.193852940842943305e-06,2.193810691686160632e-06,2.194679486566376042e-06,2.193757562994985114e-06,2.193745156993262774e-06,2.191030527264680172e-06,2.186524140909713018e-06
5.704497181007074438e-06,5.711569917318598434e-06,5.711590513162141880e-06,5.713964075296884273e-06,5.711657131423536288e-06,5.711704634464302341e-06,5.704702973509286475e-06,5.693025757734266292e-06,5.676703061467673350e-06,5.676799182540812122e-06,5.655887776552456114e-06,5.630426989679822591e-06,5.630573077219306562e-06,5.600647259479035053e-06,5.566313699427679009e-06,5.566525796815752828e-06,5.527897125211366584e-06,5.485046045351476379e-06,5.438079364475671439e-06,5.438413669518273864e-06,5.387486102846958691e-06,5.332688651090558210e-06,5.333149146438155744e-06,5.274666768790707187e-06,5.212596811877989721e-06,5.147090334455846988e-06,5.147781902518184972e-06,5.079068833069599976e-06,5.007248943490560274e-06,5.008175370937804369e-06,4.933512827702770016e-06,4.856100184075104512e-06,4.776120055001607148e-06,4.777467985798671403e-06,4.695236111831127127e-06,4.610825170767012478e-06,4.612592299295126410e-06,4.526360083898402661e-06,4.438353636145302245e-06,4.440650324543275398e-06,4.351274555272038480e-06,4.260541640468833980e-06,4.168654748811466206e-06,4.171869186838987464e-06,4.079305353062977213e-06,3.986013879863945322e-06,3.990109277714672837e-06,3.896629580955134929e-06,3.802850838162885083e-06,3.708974519877531195e-06,3.714556599569125019e-06,3.621216964251311997e-06,3.528203151267449432e-06,3.535174813065213126e-06,3.443203204285391761e-06,3.351974210555559688e-06,3.360606745578905798e-06,3.270928044096560459e-06,3.182398865202139993e-06,3.095199511748213480e-06,3.106523923154514364e-06,3.021595416534342158e-06,2.938381178908854298e-06,2.952121340896157031e-06,2.871672807265151068e-06,2.793305143742982282e-06,2.717172386766347127e-06,2.734710714055006694e-06,2.662017818421132641e-06,2.591892540391301858e-06,2.612735422662918423e-06,2.546502555791150527e-06,2.483143741250480511e-06,2.507690809804822914e-06,2.448649225615621740e-06,2.392757834837458429e-06,2.340120923450123929e-06,2.370218330425933887e-06,2.322424352277942239e-06,2.278109133105476606e-06,2.312799631233948960e-06,2.273647650365241433e-06,2.238157879919277877e-06,2.206390128489030171e-06,2.247699164677408698e-06,2.221432489794852366e-06,2.198120821191248822e-06,2.243562586872977584e-06,2.225575814830523491e-06,2.209076834239075243e-06,2.195350008270187103e-06,2.249130391197408241e-06,2.240149073342654451e-06,2.234238169056936710e-06,2.293451887504778064e-06,2.292530473293147909e-06,2.294906852766588656e-06,2.353530568270535892e-06,2.366908495440143046e-06,2.377835548594038724e-06,2.392265704886544123e-06,2.463388377475201233e-06,2.482894677570832913e-06,2.505913933982465942e-06,2.573961314420760549e-06,2.609289468013461117e-06,2.640567321167936256e-06,2.675223101728545395e-06,2.755524408681518629e-06,2.794460252792801568e-06,2.836529312108924514e-06,2.919392354192768983e-06,2.965117102356514673e-06,3.013626410578405892e-06,3.090729016765811507e-06,3.149380219811103717e-06,3.203108417614005523e-06,3.258994015555773516e-06,3.343468087324380806e-06,3.400973998625703281e-06,3.460076196303710614e-06,3.537152671526236305e-06,3.602725534566190618e-06,3.663361563864114168e-06,3.724725635363960340e-06,3.803495186384903410e-06,3.863871855347663450e-06,3.924302290470151041e-06,3.998193696979112598e-06,4.056466832339717812e-06,4.114112132363031217e-06,4.170871126845791018e-06,4.236014444508526459e-06,4.289060916861703810e-06,4.340568883097635252e-06,4.397567814108759422e-06,4.444304700415528591e-06,4.488902333306220424e-06,4.534597114936178162e-06,4.575422570611267027e-06,4.611637912335693891e-06,4.645004248127506146e-06,4.678576414618217768e-06,4.705178186007131733e-06,4.728535233763196095e-06,4.749822085494737754e-06,4.766691191733318299e-06,4.779204294865070970e-06,4.788106528937222385e-06,4.794210029149190924e-06,4.795360394615342305e-06,4.795360394615342305e-06,4.792801501822691260e-06,4.786698001610722722e-06,4.776332762678332315e-06,4.762247390815280302e-06,4.744382007998543747e-06,4.722354512017539557e-06,4.697039639006661482e-06,4.668201804177565871e-06,4.634629637686854249e-06,4.598690425073065069e-06,4.559505484184333976e-06,4.516502066012477173e-06,4.469557666004528144e-06,4.421011925175881794e-06,4.369742720663989788e-06,4.312743789652865617e-06,4.256054705619443789e-06,4.197113132974218974e-06,4.131969815311484380e-06,4.068536349655382133e-06,4.003372069866039389e-06,3.936671073976639504e-06,3.862779667467677946e-06,3.792949447136171603e-06,3.722139951223655328e-06,3.643370400202711834e-06,3.570481891676913590e-06,3.497174427895913352e-06,3.421373086652600731e-06,3.340655081059140742e-06,3.266437149827282415e-06,3.192527643432649964e-06,3.108053571664042674e-06,3.034439946373848548e-06,2.961628789051501170e-06,2.886989569105115324e-06,2.805413109203733739e-06,2.735045949935151259e-06,2.666057532131681310e-06,2.583194490047836418e-06,2.516453586084705779e-06,2.451443024594076455e-06,2.371141717641102797e-06,2.309021409956316597e-06,2.248910070701774501e-06,2.188009262489474915e-06,2.115360683383458909e-06,2.060863420892308457e-06,2.008618611982728036e-06,1.937495939394070926e-06,1.889117605743913527e-06,1.843090413542339352e-06,1.797154663632781359e-06,1.734900883461860839e-06,1.695319172809968457e-06,1.658093749681907620e-06,1.598880031234066478e-06,1.565783667648171048e-06,1.534982975337419270e-06,1.481202592410198344e-06,1.454462417329281247e-06,1.429902653409740596e-06,1.407024455557573966e-06,1.360893336506003861e-06,1.342253600705832212e-06,1.325827588058513241e-06,1.284518551870148902e-06,1.272317282118789476e-06,1.262575039644960715e-06,1.255249184528600623e-06,1.220558686400370097e-06,1.217171363205891429e-06,1.216063267532682018e-06,1.185965860558414506e-06,1.188530497997693128e-06,1.193212987458232607e-06,1.199946928051902495e-06,1.175399859510671950e-06,1.185394541411848711e-06,1.197253447731516461e-06,1.176410565512944910e-06,1.191203147034937998e-06,1.207660138094300522e-06,1.190121810990230822e-06,1.209175406051885576e-06,1.229684991307756011e-06,1.251565209795263896e-06,1.237825048605100482e-06,1.261833680322431481e-06,1.286996409583249226e-06,1.275672000277011315e-06,1.302626585581839225e-06,1.330517111054725668e-06,1.359252150831671703e-06,1.350619622414267362e-06,1.380692419972901511e-06,1.411391166580893377e-06,1.404419518976358703e-06,1.436142858767440582e-06,1.468276402305168541e-06,1.462694351026742879e-06,1.495553649534131800e-06,1.528611536294910178e-06,1.561775759526924235e-06,1.557680426778109737e-06,1.591172853852541837e-06,1.624566576532944622e-06,1.621352252283149839e-06,1.654811658053180075e-06,1.687974159417905032e-06,1.720751487688499714e-06,1.718455021757346493e-06,1.750949999035403901e-06,1.782872321541739593e-06,1.781105543240471672e-06,1.812522153439116923e-06,1.843188039495566271e-06,1.841840639811406552e-06,1.871794528708359752e-06,1.900830048300923513e-06,1.928871727494220753e-06,1.927946178552340240e-06,1.955006032558218204e-06,1.980921181762256413e-06,1.980230851127099737e-06,2.004999597320490574e-06,2.028485988280578532e-06,2.050628883598749972e-06,2.050170263053475409e-06,2.070957889059717704e-06,2.090285620555559651e-06,2.089953805370006791e-06,2.107806199624294307e-06,2.124098160690573485e-06,2.138786954237727491e-06,2.138578372781662386e-06,2.151649641532562908e-06,2.163042268269408457e-06,2.162900633674893133e-06,2.172603001727337391e-06,2.180569106722341528e-06,2.180478527330499396e-06,2.186701302649722152e-06,2.191148521937365846e-06,2.193807992701889031e-06,2.193767726194551285e-06,2.194637968889636379e-06,2.193717000988789948e-06,2.193705096502658275e-06,2.190990547870755355e-06
5.711536606562846074e-06,5.711556312716168476e-06,5.713928579839423263e-06,5.711619898926520691e-06,5.711665181753031448e-06,5.704660771370597972e-06,5.692980225536601417e-06,5.676653561254982963e-06,5.676745012560349159e-06,5.655828164174599973e-06,5.630361083666226867e-06,5.630499939293899697e-06,5.600565855154722130e-06,5.566222888039989461e-06,5.566424320713320219e-06,5.527783598051787428e-06,5.484918939450186979e-06,5.437936997154565209e-06,5.438254188400396214e-06,5.387307470043376833e-06,5.332488626225744669e-06,5.332925268460814699e-06,5.274416336518082435e-06,5.212316863223310839e-06,5.146777624290662470e-06,5.147432879124209326e-06,5.078679613138093288e-06,5.006815285631443089e-06,5.007692647665687895e-06,4.932975995872837265e-06,4.855503753748434809e-06,4.775458056727130090e-06,4.776733936307484616e-06,4.694422978148481939e-06,4.609925332757859537e-06,4.611597510670872642e-06,4.525261431725266945e-06,4.437141498908627298e-06,4.439314328837228847e-06,4.349803531200295814e-06,4.258923575859212931e-06,4.166876742365883069e-06,4.169917400359633353e-06,4.077164962916117234e-06,3.983669027864267587e-06,3.987543021635467448e-06,3.893823844892784992e-06,3.799786363007972065e-06,3.705630814169318826e-06,3.710911891034975637e-06,3.617248152357702902e-06,3.523885761134373902e-06,3.530482951120810195e-06,3.438109516062275938e-06,3.346449841054457135e-06,3.354621302648419831e-06,3.264449565300079787e-06,3.175393788663649081e-06,3.087632651487866257e-06,3.098358449441945578e-06,3.012792841802485741e-06,2.928901349783223995e-06,2.941922436903784807e-06,2.860711346793315240e-06,2.781535997820218844e-06,2.704548801236652111e-06,2.721184340710322927e-06,2.647538755646857184e-06,2.576409383864386811e-06,2.596195326621858985e-06,2.528851305371609777e-06,2.464325836349180413e-06,2.487649560897532956e-06,2.427326861912450109e-06,2.370095625110092352e-06,2.316059309811110528e-06,2.344697075279598643e-06,2.295382698596116163e-06,2.249485978108957213e-06,2.282533713482777401e-06,2.241677750177606329e-06,2.204423032950528650e-06,2.170829852209174267e-06,2.210253697388117590e-06,2.182043041725807487e-06,2.157614051453774330e-06,2.202117271229392750e-06,2.181743066409754258e-06,2.163873858213149467e-06,2.151696638269358553e-06,2.200194009275800592e-06,2.189593986658631817e-06,2.186305087375568546e-06,2.238797325008344963e-06,2.236030114707433482e-06,2.241898904316440417e-06,2.298518941094892348e-06,2.303964492414341236e-06,2.312776188622548600e-06,2.331634914861499488e-06,2.393629806986882069e-06,2.410890113012413794e-06,2.438719217901468560e-06,2.504645617432451302e-06,2.530189050105866223e-06,2.559124721300881755e-06,2.598836792864061333e-06,2.669375667598352700e-06,2.705998139132297371e-06,2.753124710363386887e-06,2.826463541997938801e-06,2.869985315735088052e-06,2.923454228097288537e-06,2.998787151307068994e-06,3.048169111704603684e-06,3.099964259184492687e-06,3.160485184104346941e-06,3.237012198875603030e-06,3.292899127279407968e-06,3.356417620286819468e-06,3.432435075963385441e-06,3.490874007268929732e-06,3.550432073130433027e-06,3.615822933890938304e-06,3.689233108232114562e-06,3.749025818827852599e-06,3.813319637665769547e-06,3.883067213904106560e-06,3.941306468790507923e-06,4.002709120283693215e-06,4.059504005148147621e-06,4.122263212099244594e-06,4.176071069338315658e-06,4.231199091874576362e-06,4.287017269963014266e-06,4.335127665135708325e-06,4.383394427446879803e-06,4.430991768650376681e-06,4.471849810377573575e-06,4.510242052983902571e-06,4.547344574159592630e-06,4.582324733067097698e-06,4.611659017238148525e-06,4.638885997812320360e-06,4.663300056338078046e-06,4.682569420903180533e-06,4.698462540536986756e-06,4.711337147395216541e-06,4.720794270350417894e-06,4.725718845318619053e-06,4.727167677965368308e-06,4.727167677965368308e-06,4.725037262917783423e-06,4.718723182112174108e-06,4.708621869089219393e-06,4.694922770860655724e-06,4.677428509713711094e-06,4.656371534201450988e-06,4.631198735821256870e-06,4.602701442007626616e-06,4.571040537330168285e-06,4.535126527706045353e-06,4.496276262602324406e-06,4.454788703329884918e-06,4.410361549922603865e-06,4.361442329473844625e-06,4.310393237386564856e-06,4.257581181042197416e-06,4.200112506438445508e-06,4.141272716491023494e-06,4.081378378973188898e-06,4.016596734982386290e-06,3.952729268000877682e-06,3.885821736537412965e-06,3.818943448470445524e-06,3.746563624660703086e-06,3.675288652385745274e-06,3.604849381193384895e-06,3.528389279480013714e-06,3.454312513129189971e-06,3.381876520834660471e-06,3.309368646215752849e-06,3.229704972412571966e-06,3.154528299392768213e-06,3.082062124262303585e-06,3.001541586741658930e-06,2.927126259537316583e-06,2.856106715376332045e-06,2.786142547097065913e-06,2.706423216440165307e-06,2.635386163063321742e-06,2.568530071700987504e-06,2.490657615027288669e-06,2.423350475705480593e-06,2.360641301597080832e-06,2.285534248722558183e-06,2.222946059743924720e-06,2.165230973016981372e-06,2.109602970024249777e-06,2.039298913403333244e-06,1.984495065356785108e-06,1.934659016221674311e-06,1.868589673688383369e-06,1.820057702701668153e-06,1.776384339002694934e-06,1.735027350324918465e-06,1.675063956118029987e-06,1.635647330036093359e-06,1.600618962231410184e-06,1.545454028422076476e-06,1.512795907146526134e-06,1.484036679592210566e-06,1.433677610557760843e-06,1.407706174371093011e-06,1.385005627025336084e-06,1.364345089675255709e-06,1.319841869899638983e-06,1.302864152636789028e-06,1.288382120769227215e-06,1.248958275590303373e-06,1.238582435150061425e-06,1.230605139457367326e-06,1.224983266777509532e-06,1.191935531404002323e-06,1.190129709524341062e-06,1.190542012386834664e-06,1.161904246920243056e-06,1.165868288271748373e-06,1.171890623757403445e-06,1.179905679148390939e-06,1.156581954615344493e-06,1.167743291001562643e-06,1.180713351704529205e-06,1.160927409007041998e-06,1.176724084291495175e-06,1.194133764794102926e-06,1.177498225523689947e-06,1.197406260217379583e-06,1.218723530957393602e-06,1.241366305967620523e-06,1.228345219699644958e-06,1.253031105880709471e-06,1.278830936247696923e-06,1.268105140499844720e-06,1.295621509654106290e-06,1.324038633019652230e-06,1.353266708837184671e-06,1.345095254047393171e-06,1.375598733103925403e-06,1.406699306228043968e-06,1.400102130682692298e-06,1.432174048960820507e-06,1.464631696090075301e-06,1.459350647833396318e-06,1.492489177026319562e-06,1.525805802913242066e-06,1.559209506019223630e-06,1.555335577043508217e-06,1.589032465400773087e-06,1.622614790835519871e-06,1.619574245268684128e-06,1.653193590975310100e-06,1.686503130301067266e-06,1.719415483534485783e-06,1.717242871674069695e-06,1.749851328428807057e-06,1.781877507492279324e-06,1.780205671167208801e-06,1.811708975137119813e-06,1.842453932616160466e-06,1.841178568839744249e-06,1.871198007478873938e-06,1.900293104078435054e-06,1.928388866636781675e-06,1.927512353761291606e-06,1.954616611711380307e-06,1.980571918317626478e-06,1.979917856076850308e-06,2.004719312668406205e-06,2.028235162010295879e-06,2.050404546095209114e-06,2.049969704935808423e-06,2.070778640380342524e-06,2.090125431317463434e-06,2.089810627312016016e-06,2.107678169222531291e-06,2.123983583323187716e-06,2.138684289459373527e-06,2.138486220653965266e-06,2.151566729956974206e-06,2.162967441269341475e-06,2.162832840574785947e-06,2.172541287177319896e-06,2.180512601518407875e-06,2.180426439981490742e-06,2.186652911643986161e-06,2.191103168663624615e-06,2.193765074980614074e-06,2.193726692377979673e-06,2.194598312490430318e-06,2.193678255799255905e-06,2.193666832168356081e-06
5.711523638142642739e-06,5.713894671541204380e-06,5.711584338075486116e-06,5.711627510685010506e-06,5.704620488979783525e-06,5.692936782211669267e-06,5.676606353321206394e-06,5.676693376190184211e-06,5.655771368727417945e-06,5.630298324416133278e-06,5.630430329502842514e-06,5.600488417446520842e-06,5.566136545029380038e-06,5.566327884842717634e-06,5.527675760587282440e-06,5.484798258587204551e-06,5.437801885182867435e-06,5.438102897877509508e-06,5.387138078925295310e-06,5.332299021903850553e-06,5.332713130654408103e-06,5.274179118972811516e-06,5.212051774167143540e-06,5.146481605600929069e-06,5.147102584161672625e-06,5.078311383207061059e-06,5.006405125028663488e-06,5.007236197285186687e-06,4.932468505339054787e-06,4.854940052056021818e-06,4.774832521372618397e-06,4.776040460905800422e-06,4.693654938535964615e-06,4.609075551593124218e-06,4.610658220555521711e-06,4.524224236878166553e-06,4.435997335440238318e-06,4.438053423684295090e-06,4.348415359796091615e-06,4.257396818630522212e-06,4.165199240164879354e-06,4.168076108956859346e-06,4.075145906699796212e-06,3.981457252911094323e-06,3.985122548338848143e-06,3.891177620356101792e-06,3.796896213432703968e-06,3.702477397490750328e-06,3.707474650081494970e-06,3.613505268833332880e-06,3.519814110747944383e-06,3.526058060208875692e-06,3.433305520076409073e-06,3.341239445306576507e-06,3.348975745730203849e-06,3.258338585613959439e-06,3.168785594523199645e-06,3.080493895264231894e-06,3.090654206250073364e-06,3.004486593236050038e-06,2.919954973219921125e-06,2.932296200912837718e-06,2.850363913184298826e-06,2.770424430876319195e-06,2.692628584675965951e-06,2.708409402915450967e-06,2.633861503695589916e-06,2.561780746882410986e-06,2.580564808961932270e-06,2.512167050102242774e-06,2.446534699509414062e-06,2.468697196942647896e-06,2.407157820738269572e-06,2.348653461000874679e-06,2.293286702607720270e-06,2.320535964010737489e-06,2.269774427755892143e-06,2.222371456699032894e-06,2.253853586866895566e-06,2.211372584720672769e-06,2.172433513333783990e-06,2.137096991227753219e-06,2.174719057947683862e-06,2.144648970661543902e-06,2.118303924698158810e-06,2.160835749755560698e-06,2.139929982813201776e-06,2.122824224276744321e-06,2.106973084378995671e-06,2.153530841951195733e-06,2.144869808887482324e-06,2.136243581581846827e-06,2.186671138242394020e-06,2.186823603170648906e-06,2.185934779547103410e-06,2.240390382400166550e-06,2.249539655874470652e-06,2.256719373221276984e-06,2.267201077329489108e-06,2.326949856239619819e-06,2.348731596115938807e-06,2.367453613074604932e-06,2.431126495690274230e-06,2.461508709219408002e-06,2.488270800732475470e-06,2.518317403511755512e-06,2.586672996420038585e-06,2.628303136033796870e-06,2.665757159799461122e-06,2.737041163077341030e-06,2.785538560928674600e-06,2.829602518967417089e-06,2.903076385340246347e-06,2.957315194788968730e-06,3.006952165119463179e-06,3.058876857275631998e-06,3.133908816022639472e-06,3.194315569796629510e-06,3.250066150466853057e-06,3.324945037177449936e-06,3.387690256127425941e-06,3.445758622715031058e-06,3.504844102927006820e-06,3.577684528332640273e-06,3.641413812674940527e-06,3.700559508277099900e-06,3.770228665374630424e-06,3.832259667615658323e-06,3.889731325167505238e-06,3.946715708832057049e-06,4.013442220592124130e-06,4.067506671511672035e-06,4.120453665120120847e-06,4.177466963093566581e-06,4.229170345166480506e-06,4.276442550401588295e-06,4.325797332251045537e-06,4.370306711832928787e-06,4.410407916374206949e-06,4.448066628389444034e-06,4.485524615029878782e-06,4.518582464380927814e-06,4.547336980822968275e-06,4.574721989021853920e-06,4.597838701590714784e-06,4.616723541596854081e-06,4.632295416656460688e-06,4.645284116946452379e-06,4.654134457015687891e-06,4.658972689042950627e-06,4.660683594984439164e-06,4.660683594984439164e-06,4.658327959078731109e-06,4.652175591007709885e-06,4.642568838640456078e-06,4.628948239542904099e-06,4.611863946183842704e-06,4.591291949539085546e-06,4.567034727030790430e-06,4.538876771407937403e-06,4.507929816416040794e-06,4.473306568576331504e-06,4.434888630933223774e-06,4.394316412171579479e-06,4.350856983633037324e-06,4.303845234278010360e-06,4.253132084176184452e-06,4.201437745757054476e-06,4.146380377657435726e-06,4.087677798986702737e-06,4.029006108146759060e-06,3.968475038981073023e-06,3.901748527221005942e-06,3.837495344667689123e-06,3.771893154086062135e-06,3.703472652369563963e-06,3.631142396546445417e-06,3.561969475835752447e-06,3.490250873921715259e-06,3.414341687832367199e-06,3.343115959768798648e-06,3.271777340307548053e-06,3.198232389303202434e-06,3.119709179781739744e-06,3.048301517283472277e-06,2.974965218659951461e-06,2.895958543400993823e-06,2.825853789186918462e-06,2.756738276803976721e-06,2.686045373683122270e-06,2.608232197424898069e-06,2.542050187207512926e-06,2.474574067741243236e-06,2.398823126273594229e-06,2.336599872618942391e-06,2.273370452278535435e-06,2.200532476116329818e-06,2.143110044909717917e-06,2.087703333150502568e-06,2.031706191192138915e-06,1.963767205764558713e-06,1.913966979262257049e-06,1.863904615066503276e-06,1.800206942629893215e-06,1.756396650819245134e-06,1.714847564097074460e-06,1.673555434201756120e-06,1.615896510965676114e-06,1.580531607210372211e-06,1.545820079288901951e-06,1.492864409323992109e-06,1.463648491254993220e-06,1.435511814239598447e-06,1.387237020485613163e-06,1.363986562271890743e-06,1.342272437984726319e-06,1.323063568201424080e-06,1.280531743144024733e-06,1.265470081572529042e-06,1.252847481328800475e-06,1.215225414608895878e-06,1.206592915533344929e-06,1.200299974000488612e-06,1.196303140161732306e-06,1.164821009994268586e-06,1.164521438684457761e-06,1.166380901118566857e-06,1.139131639717863308e-06,1.144426124164210155e-06,1.151721582585955225e-06,1.160953315197860052e-06,1.138790817782380240e-06,1.151059035742618380e-06,1.165082834060284881e-06,1.146298772048250100e-06,1.163046832373924995e-06,1.181358827047414435e-06,1.165578009030818939e-06,1.186294693367475603e-06,1.208376097476734020e-06,1.231740070149428132e-06,1.219398843365574615e-06,1.244724857614237358e-06,1.271126693442976575e-06,1.260966384769113017e-06,1.289013316132683567e-06,1.317927654100332809e-06,1.347621152855624922e-06,1.339884859427303454e-06,1.370794738455761790e-06,1.402274416877757851e-06,1.396030482088249917e-06,1.428431167453904454e-06,1.461194457358917709e-06,1.456197233540314639e-06,1.489599029930472756e-06,1.523159580845644661e-06,1.556789035033327146e-06,1.553123804040913976e-06,1.587013410508028712e-06,1.620773499784654596e-06,1.617896742011290144e-06,1.651666830737702971e-06,1.685114953266487047e-06,1.718154569317496503e-06,1.716098694732401750e-06,1.748814114538879233e-06,1.780938191396630709e-06,1.779355855485075776e-06,1.810940890613453436e-06,1.841760399769495248e-06,1.840552961055518505e-06,1.870634215582052089e-06,1.899785502407585831e-06,1.927932280631100947e-06,1.927102029062396887e-06,1.954248184773021905e-06,1.980241388508697397e-06,1.979621559256243168e-06,2.004453896204253608e-06,2.027997561210938145e-06,2.050191962014804164e-06,2.049779583513781808e-06,2.070608652870805103e-06,2.089973455962288144e-06,2.089674732209376708e-06,2.107556596341338231e-06,2.123874733612963269e-06,2.138586709004621532e-06,2.138398587822004600e-06,2.151487843488441670e-06,2.162896209261098526e-06,2.162768270305775249e-06,2.172482475728922687e-06,2.180458727142068197e-06,2.180376754167749870e-06,2.186606731848551165e-06,2.191059871647720049e-06,2.193724090724536094e-06,2.193687498528518941e-06,2.194560429304618088e-06,2.193641241548680887e-06
5.713862275536325268e-06,5.711550369634421261e-06,5.711591536217744516e-06,5.704582033894933430e-06,5.692895326148793555e-06,5.676561324919172932e-06,5.676644147356330823e-06,5.655717248370569933e-06,5.630238551604845562e-06,5.630364066008647577e-06,5.600414739630377998e-06,5.566054435028091791e-06,5.566236221010710899e-06,5.527573307147995366e-06,5.484683654447236336e-06,5.437673631861270938e-06,5.437959346501982199e-06,5.386977416246718328e-06,5.332119255280602767e-06,5.332512071958205636e-06,5.273954367368566891e-06,5.211800697720418571e-06,5.146201321668262394e-06,5.146789938521105818e-06,5.077962927888947744e-06,5.006017094810112875e-06,5.006804484815471474e-06,4.931988634867972047e-06,4.854407151742592784e-06,4.774241294157731977e-06,4.775385153939394989e-06,4.692929311157294566e-06,4.608272841871418649e-06,4.609771110408088530e-06,4.523244815793734874e-06,4.434917062846976984e-06,4.436863090014653219e-06,4.347105046314307824e-06,4.255955856103323994e-06,4.163616166471601500e-06,4.166338625751865472e-06,4.073240835257684603e-06,3.979370489303675246e-06,3.982839018112226028e-06,3.888681232896286464e-06,3.794169816229008712e-06,3.699502730527587452e-06,3.704232300611086310e-06,3.609974626804043720e-06,3.515973325185381202e-06,3.521883996869353190e-06,3.428773720714737477e-06,3.336324088922104484e-06,3.343649612176568282e-06,3.252573021978707886e-06,3.162550484703184692e-06,3.073757633181221064e-06,3.083383673168010205e-06,2.996647139656680326e-06,2.911510405846713553e-06,2.923208775184042457e-06,2.840594331884283592e-06,2.759931849339739253e-06,2.681370623101550057e-06,2.696342166304974409e-06,2.620939609928634169e-06,2.547957363428578366e-06,2.565791698718975350e-06,2.496394626830915314e-06,2.429712093313502496e-06,2.450772330215420069e-06,2.388077494964354153e-06,2.328363454765193691e-06,2.271731881120488446e-06,2.297660400409651355e-06,2.245521536393448623e-06,2.196684138564494443e-06,2.226674387228857448e-06,2.182643863007578456e-06,2.142097625196344313e-06,2.105096482649248339e-06,2.140996871185897579e-06,2.109148661719937000e-06,2.080969891934311017e-06,2.121613473142300055e-06,2.098766273272794662e-06,2.079667482411611172e-06,2.064331747662381400e-06,2.111586410098975665e-06,2.098686221506128667e-06,2.088514034621193927e-06,2.140827937688082047e-06,2.135201346262085461e-06,2.132549797031019219e-06,2.189890241811132360e-06,2.191967394650152874e-06,2.197198066098042667e-06,2.211666420808296530e-06,2.269431920254790465e-06,2.282709514105421900e-06,2.299281722238007502e-06,2.367496648770749485e-06,2.388767208674895899e-06,2.413307387656084245e-06,2.448098677934098276e-06,2.514442641662343772e-06,2.546567912386142801e-06,2.581791329201517810e-06,2.658170861481932404e-06,2.697254819662399352e-06,2.739182163756240921e-06,2.817747978305935926e-06,2.862925068822260228e-06,2.910599048334496346e-06,2.967005228738114295e-06,3.040533092424433515e-06,3.092779132818180000e-06,3.146916178629040466e-06,3.226489136665941033e-06,3.281943148605768850e-06,3.338758763897928755e-06,3.401753836509511516e-06,3.473888773617805221e-06,3.531815691387112761e-06,3.590295854421560413e-06,3.664106700348591697e-06,3.721489135145753134e-06,3.778804490499408631e-06,3.839264966708716699e-06,3.903062478464802130e-06,3.957519777696650581e-06,4.013900085322027534e-06,4.071852035440836285e-06,4.121801517560143279e-06,4.170235217341395424e-06,4.223363502217482524e-06,4.267256013941180017e-06,4.309090811454909823e-06,4.350233776550810276e-06,4.389887321542997412e-06,4.423797073272978996e-06,4.455011938343542603e-06,4.486236395496340470e-06,4.511115000759473549e-06,4.532944577634075805e-06,4.552245361190762748e-06,4.568500564453142616e-06,4.580197534907010874e-06,4.588519073449150478e-06,4.594190617948903212e-06,4.595291477207632519e-06,4.595291477207632519e-06,4.592930406790998407e-06,4.587258862291245673e-06,4.577629302299676662e-06,4.564528403797129890e-06,4.547650391423916939e-06,4.527423927285238480e-06,4.503851838701381585e-06,4.476986225489473216e-06,4.445761768336675348e-06,4.412263751182257342e-06,4.375721779532977487e-06,4.335051908604699193e-06,4.291889744804347149e-06,4.246560600167103020e-06,4.198658224899125686e-06,4.145529940023039434e-06,4.092513167687303078e-06,4.037348961335315271e-06,3.977632855239605401e-06,3.917111450702384258e-06,3.855999435872073545e-06,3.790071708877993489e-06,3.724278709815522286e-06,3.658634885143161933e-06,3.592001904630516716e-06,3.518191058703485433e-06,3.449483829838946180e-06,3.380301336384043716e-06,3.305067651029470808e-06,3.232838261746618012e-06,3.162566672996138090e-06,3.092492452766997837e-06,3.012919494730097270e-06,2.942961279344752009e-06,2.873661453630059047e-06,2.796204128919775029e-06,2.725414855954880550e-06,2.658149285287268646e-06,2.592087507185656733e-06,2.513521692635961728e-06,2.449408985105628488e-06,2.386838095338660265e-06,2.310458563058245671e-06,2.250452585751589425e-06,2.192261976692660649e-06,2.121609637792413997e-06,2.063798385623704673e-06,2.010693531281614326e-06,1.959655391636675408e-06,1.891440465103933001e-06,1.843937814012980771e-06,1.798613341055210276e-06,1.737146655541412664e-06,1.693268712086867207e-06,1.653921704590752452e-06,1.616786421534060733e-06,1.559445976753948016e-06,1.526166402798767089e-06,1.495062283118338938e-06,1.442748380051449971e-06,1.415467820024017184e-06,1.390274447149371725e-06,1.343019784712777460e-06,1.320829820406758018e-06,1.301108728444319418e-06,1.283841291588164708e-06,1.243197710380179270e-06,1.229969772630926588e-06,1.219125294567023509e-06,1.183224906030410268e-06,1.176257027395942098e-06,1.171571252287465026e-06,1.169123940523825690e-06,1.139133691859966881e-06,1.140268547322430558e-06,1.143505337518196678e-06,1.117576818231831730e-06,1.124136117930498941e-06,1.132641256815204956e-06,1.143028448475615955e-06,1.121968211594166299e-06,1.135286612482962188e-06,1.150309723834710771e-06,1.132475388619869126e-06,1.150124938643623964e-06,1.169291590488893819e-06,1.154320047528922406e-06,1.175802111930613462e-06,1.198606516311855269e-06,1.222652644601183661e-06,1.210954276230257516e-06,1.236885404344038906e-06,1.263856160757309377e-06,1.254230123187512234e-06,1.282778206938382440e-06,1.312162091235294880e-06,1.342295020236904299e-06,1.334969504161373590e-06,1.366262940412180821e-06,1.398100355066519532e-06,1.392189698266646916e-06,1.424900527368985141e-06,1.457952110010882236e-06,1.453222568830716588e-06,1.486872635037083581e-06,1.520663195643502903e-06,1.554505506859037275e-06,1.551037042074844851e-06,1.585108340026849301e-06,1.619036016514791339e-06,1.616313666792506799e-06,1.650225864685219696e-06,1.683804633599952643e-06,1.716964226005809025e-06,1.715018408084879434e-06,1.747834673855706471e-06,1.780051054774850725e-06,1.778553110860731541e-06,1.810215218105797364e-06,1.841105035379504843e-06,1.839961661758292174e-06,1.870101225840966703e-06,1.899305522127420530e-06,1.927500434557587238e-06,1.926713837626868565e-06,1.953899536372934264e-06,1.979928513207779592e-06,1.979341003881835440e-06,2.004202500813982122e-06,2.027772436896227192e-06,2.049990470004749962e-06,2.049599315539610796e-06,2.070447412748443550e-06,2.089829242348423479e-06,2.089545722484771897e-06,2.107441131574009826e-06,2.123771304553106145e-06,2.138493943062829188e-06,2.138315236982336431e-06,2.151412773108196091e-06,2.162828387709745024e-06,2.162706759396295499e-06,2.172426421895840010e-06,2.180407353321627947e-06,2.180329352337035543e-06,2.186562656181783871e-06,2.191018532249501347e-06,2.193684947901430659e-06,2.193650057562010438e-06,2.194524235690167365e-06
