1.841799414251423605e-06,1.841051911924919091e-06,1.841063246050732104e-06,1.838802327724116766e-06,1.835034204919116713e-06,1.829768532982290160e-06,1.829794904452757299e-06,1.823049676026618379e-06,1.814837735559156260e-06,1.814879264389531963e-06,1.805227315301020237e-06,1.794154127166922715e-06,1.794215439590156978e-06,1.781756598610055928e-06,1.767936021285186629e-06,1.752788041528484927e-06,1.752885616452596068e-06,1.736458965685881677e-06,1.718783782483366337e-06,1.718918553618553256e-06,1.700052898914320037e-06,1.680029283996007232e-06,1.658896234707206028e-06,1.659098815123669738e-06,1.636928152350310381e-06,1.613753750851389508e-06,1.614025056468837997e-06,1.589929061512663811e-06,1.564943592509081402e-06,1.539127237756386050e-06,1.539521674196354408e-06,1.512971997744028148e-06,1.485715696324460202e-06,1.486232486023922917e-06,1.458379554588313123e-06,1.429949360116812591e-06,1.430620689888491286e-06,1.401737082504830479e-06,1.372409315645075089e-06,1.342702382962028719e-06,1.343641645764769019e-06,1.313700524763078019e-06,1.283516030453363367e-06,1.284712725718741184e-06,1.254448093576729147e-06,1.224076388664016193e-06,1.193661888413705214e-06,1.195293688822832358e-06,1.165027416021534113e-06,1.134852708292934596e-06,1.136892023118888953e-06,1.107024094380937501e-06,1.077379806614109753e-06,1.079907282242559717e-06,1.050728897993094523e-06,1.021902950829443269e-06,9.934867638428685576e-07,9.968079743718797037e-07,9.690836200906101273e-07,9.418905977540076801e-07,9.459268116220450880e-07,9.195805613427118099e-07,8.938816182999727485e-07,8.688789627811584295e-07,8.740444994361979051e-07,8.501005938045776997e-07,8.269584777167550669e-07,8.331117454779269624e-07,8.111712791656214749e-07,7.901301902434885107e-07,7.973964704396203564e-07,7.776923101856027456e-07,7.589761165201756683e-07,7.412815728101624130e-07,7.502275256652508197e-07,7.340399623117072726e-07,7.189472915488923142e-07,7.292946371764648886e-07,7.158153327379298306e-07,7.034922927859588121e-07,6.923458653112907072e-07,7.047323490819989658e-07,6.953167846640723904e-07,6.871198875903209662e-07,7.011428850991891200e-07,6.947379052529994867e-07,6.895785158027869350e-07,6.856697913500178972e-07,7.019737683603064698e-07,6.989262853362936225e-07,6.967964195162815889e-07,7.148459542910871730e-07,7.142578263050333924e-07,7.146667010417047560e-07,7.344505116806884510e-07,7.364587390227629484e-07,7.395203087198367090e-07,7.455956986767730428e-07,7.656625169299170366e-07,7.714242254087451010e-07,7.782815236875319026e-07,8.018172879190645444e-07,8.102527882633365558e-07,8.197720689503401282e-07,8.326239554362076218e-07,8.556729161235279249e-07,8.677171562161765166e-07,8.807830720349036894e-07,9.071358184972739643e-07,9.214859812592218943e-07,9.367692299273989559e-07,9.638762955197426782e-07,9.802328678559421001e-07,9.974032910976331976e-07,1.017394645833777671e-06,1.042908269582268693e-06,1.061562685711796497e-06,1.080824153119476264e-06,1.108278707052964748e-06,1.127950348636948372e-06,1.148048940511554040e-06,1.170124034134284548e-06,1.195126574167473708e-06,1.215527762182882421e-06,1.236082165158145399e-06,1.261548654030412299e-06,1.281688678901499237e-06,1.301772097391043215e-06,1.322829827039647655e-06,1.344921159090863789e-06,1.363958636843643830e-06,1.383565847303804742e-06,1.403628305254868265e-06,1.421061080394998457e-06,1.437950531579031143e-06,1.456281047353596975e-06,1.471586533588493697e-06,1.486168377713218274e-06,1.500449016005070547e-06,1.514183040908549919e-06,1.526014940979424479e-06,1.536915946329452074e-06,1.547689123098221364e-06,1.556408032828580500e-06,1.564084794919865380e-06,1.570819337377811221e-06,1.576513812526762574e-06,1.580734498608267017e-06,1.583822333724955379e-06,1.585779150817043630e-06,1.586416563473260403e-06,1.586416563473260403e-06,1.585910591813355253e-06,1.583953774721267002e-06,1.581002367251193119e-06,1.576928111948618353e-06,1.571298596270567189e-06,1.564660603011698319e-06,1.557165586236436319e-06,1.548653922968567590e-06,1.537880746199798301e-06,1.527217875374092638e-06,1.515660517872163121e-06,1.502032496548146902e-06,1.487962462239443907e-06,1.473745081216393117e-06,1.458857826843695032e-06,1.440527311069129200e-06,1.424115877889421595e-06,1.407227002511117216e-06,1.387348547389895687e-06,1.368173256533447011e-06,1.349829870753227770e-06,1.327960721795284696e-06,1.307459178395530630e-06,1.288244425683253950e-06,1.269069239869211618e-06,1.243602750996944718e-06,1.224115038880289769e-06,1.204887816095149067e-06,1.180208477895442454e-06,1.159096530627920938e-06,1.140401407169390750e-06,1.122254664592830007e-06,1.094800110659341522e-06,1.077188803447944876e-06,1.060313110288302436e-06,1.035209332357092390e-06,1.016718145274947115e-06,1.001591140110172428e-06,9.874128568064498081e-07,9.603057912141058740e-07,9.473364930734561217e-07,9.354360354015403435e-07,9.090832889391700686e-07,8.986022133051188902e-07,8.892766081162167952e-07,8.666770142842368842e-07,8.562261275887545668e-07,8.496861645860981896e-07,8.443554457813128972e-07,8.208196815497800437e-07,8.171884523414889793e-07,8.147692580850602044e-07,7.950884763950509108e-07,7.920805292403940874e-07,7.925773197217359522e-07,7.942256824167605840e-07,7.744418717777768890e-07,7.777806409185420752e-07,7.821998104191725200e-07,7.641502756443669359e-07,7.701864918707317311e-07,7.772071627537323586e-07,7.609031857434437860e-07,7.687258695673675220e-07,7.779342027545358654e-07,7.885231701688639927e-07,7.745001726599955213e-07,7.870158212844162436e-07,8.008842659589181862e-07,7.884977821882071747e-07,8.042302125043093055e-07,8.212709863106934566e-07,8.395979649107853058e-07,8.292506192831762031e-07,8.493187020283087288e-07,8.706067894205524248e-07,8.616608365652616831e-07,8.845779570902532112e-07,9.086352786824534257e-07,9.337951665307413138e-07,9.265288863331284310e-07,9.531358954721333147e-07,9.807476078319568119e-07,9.745943400653182717e-07,1.003507699101113587e-06,1.033317052979574907e-06,1.028151516306919899e-06,1.059107572466138635e-06,1.090841157727971780e-06,1.123296128484056502e-06,1.119259914546093454e-06,1.152628127289866586e-06,1.186586098302946383e-06,1.183264887599049614e-06,1.217964650459557847e-06,1.253115256060971109e-06,1.288650111382229567e-06,1.286122635234335167e-06,1.322145561686918106e-06,1.358404297541166608e-06,1.356364981638247340e-06,1.392932333547258576e-06,1.429582449636743052e-06,1.427950647136265303e-06,1.464729270745248823e-06,1.501434209195938878e-06,1.537989793514829656e-06,1.536793093616858820e-06,1.573214677241141190e-06,1.609327289738340182e-06,1.608388019008342830e-06,1.644188988313375234e-06,1.679521399424965098e-06,1.714308274682548878e-06,1.713636929770460125e-06,1.747857022964281133e-06,1.781374529305321324e-06,1.780857716117232854e-06,1.813641382303606536e-06,1.845569448635682224e-06,1.845174977018733933e-06,1.876209130430107248e-06,1.906240397322442533e-06,1.935199014567772260e-06,1.934927651566036892e-06,1.962770598020421479e-06,1.989405160492660663e-06,1.989202499939173414e-06,2.014584580775714171e-06,2.038632552454653171e-06,2.061288511101356388e-06,2.061153619693913375e-06,2.082376137185198571e-06,2.102098766895958980e-06,2.102001033164959446e-06,2.120185766135306607e-06,2.136776601103827345e-06,2.151732521963075824e-06,2.151670986688199102e-06,2.164962004504847567e-06,2.176547149137853844e-06,2.176505339122693390e-06,2.186361092656602406e-06,2.194456739078942412e-06,2.194430018743940093e-06,2.200749366131046254e-06,2.205271846556276632e-06,2.207985940326770597e-06,2.207974152072480309e-06,2.208871823819960611e-06
1.841050879373605107e-06,1.841812327798730493e-06,1.841065219380731545e-06,1.841077106575391814e-06,1.838816914264436089e-06,1.835049705850257813e-06,1.829785153910705124e-06,1.829812870192356874e-06,1.823069232760924159e-06,1.814859153202760138e-06,1.814902839162738330e-06,1.805253372532080208e-06,1.794183024336763730e-06,1.794247569634966376e-06,1.781792393497492593e-06,1.767975955880335501e-06,1.752832637765954626e-06,1.752935447831358100e-06,1.736514662103550466e-06,1.718846035426630358e-06,1.718988121726338775e-06,1.700130613930026312e-06,1.680116057124748607e-06,1.658993063393437329e-06,1.659206790263834664e-06,1.637048465954216392e-06,1.613887704164875589e-06,1.614174068568931802e-06,1.590094678384814263e-06,1.565127496614196993e-06,1.539331258093258027e-06,1.539747796862638053e-06,1.513222376996215391e-06,1.485992666134260350e-06,1.486538572125096420e-06,1.458717487004325921e-06,1.430322086155645648e-06,1.431031387586570077e-06,1.402189174497321425e-06,1.372906483434731538e-06,1.343248581553366679e-06,1.344241118624603423e-06,1.314357819062393772e-06,1.284236012539110745e-06,1.285500596757489344e-06,1.255309405305166484e-06,1.225017059174126117e-06,1.194688217893064003e-06,1.196412375162940119e-06,1.166245570199424247e-06,1.136177869423578200e-06,1.138332173068158304e-06,1.108587671821189679e-06,1.079075720396859060e-06,1.081744923955296637e-06,1.052718153560147536e-06,1.024054211009980050e-06,9.958109334727299523e-07,9.993164801900731020e-07,9.717884169860188446e-07,9.448041732633045723e-07,9.490621885060352693e-07,9.229512980654617100e-07,8.975018072332079434e-07,8.727632259556463280e-07,8.782079816622421835e-07,8.545589529854658783e-07,8.317278721820791622e-07,8.382088181682519644e-07,8.166131385060658222e-07,7.959343875514896917e-07,8.035809737215488631e-07,7.842754741880070348e-07,7.659766489143382357e-07,7.487184964033489308e-07,7.581201365485573620e-07,7.424077838727623605e-07,7.278100242978207924e-07,7.386721043554626093e-07,7.257274217084568112e-07,7.139588922128905341e-07,7.033867981902657079e-07,7.163673016845774328e-07,7.075652315050296181e-07,7.000010125523249193e-07,7.146754988820469256e-07,7.089403593474606170e-07,7.044686132223209021e-07,7.004401187664090115e-07,7.165669036435834211e-07,7.149342897487073552e-07,7.133521622244641805e-07,7.308439999004914192e-07,7.321697784518538679e-07,7.331987201577074133e-07,7.521052041033047695e-07,7.564460801935415708e-07,7.601894387421829268e-07,7.650337179199315664e-07,7.857939402071703847e-07,7.943510294893515698e-07,8.019555064999810686e-07,8.240813236110756008e-07,8.355075742033008604e-07,8.457964125308785592e-07,8.571717420747831738e-07,8.809211730334342396e-07,8.960802858834567826e-07,9.099153229452263622e-07,9.346745561031558554e-07,9.521064933989801567e-07,9.681244453150665510e-07,9.936345324886677198e-07,1.012954386422880990e-06,1.030797925547860628e-06,1.049382954514988898e-06,1.075417199159639381e-06,1.096735310849212568e-06,1.116547454412298586e-06,1.142516741237719081e-06,1.164563256549848419e-06,1.185087273198238308e-06,1.205920702299087645e-06,1.231165622793163961e-06,1.253448336558739503e-06,1.274225153325525656e-06,1.298361203243859631e-06,1.319999416974752877e-06,1.340129816903086879e-06,1.360061255988334206e-06,1.383083481894034219e-06,1.401979222381177633e-06,1.420463914483488060e-06,1.440201070377234020e-06,1.458167910359892364e-06,1.474652708777322575e-06,1.491739466674809402e-06,1.507196851439525034e-06,1.521179240384975220e-06,1.534310738368865123e-06,1.547291500320405745e-06,1.558775070268907546e-06,1.568832139210210632e-06,1.578347711362002986e-06,1.586399515904914314e-06,1.593071638516718761e-06,1.598621114834999119e-06,1.603211383371407491e-06,1.606361272987341944e-06,1.608273028397337981e-06,1.609025445763713754e-06,1.609025445763713754e-06,1.608340274230163100e-06,1.606565584223689001e-06,1.603494588994183575e-06,1.598970227991058572e-06,1.593578498068589562e-06,1.587082347196221573e-06,1.579149498720158246e-06,1.569714545581192201e-06,1.559886149672608674e-06,1.548565851994538851e-06,1.535685213673399460e-06,1.522857596691599206e-06,1.509225473100704235e-06,1.494029087434480430e-06,1.477084008394008409e-06,1.461060441880362681e-06,1.443443425228660035e-06,1.423882462615309032e-06,1.405994860852161897e-06,1.387773593638571259e-06,1.364751367732871247e-06,1.345578069981269292e-06,1.326295690922514112e-06,1.305323906917878279e-06,1.281465411650271775e-06,1.261734442200611842e-06,1.240285020423361134e-06,1.215360174036849739e-06,1.195792982155910185e-06,1.176653063123288383e-06,1.155732968198902348e-06,1.130143787055086688e-06,1.111964689209699128e-06,1.091995139026044284e-06,1.066375460380996471e-06,1.049686625916599509e-06,1.033874713759857616e-06,1.016271034493758454e-06,9.912135406899777095e-07,9.775025186852790756e-07,9.620500767003336433e-07,9.377567486428653531e-07,9.265051613736646924e-07,9.135988701722356319e-07,8.903169552461564166e-07,8.817969457339591347e-07,8.744957634039556621e-07,8.657411696146971838e-07,8.440603103191627708e-07,8.396973145479081116e-07,8.340899162072385081e-07,8.137415665622894241e-07,8.123734848025620234e-07,8.122148780036303881e-07,8.112265266436987077e-07,7.926541514861471124e-07,7.954065015239815822e-07,7.976852599130627642e-07,7.804571064057002201e-07,7.859861988964210940e-07,7.914568423504297067e-07,7.755091456721030241e-07,7.836159669869015949e-07,7.921366568489971016e-07,8.020557839517219042e-07,7.873812976219995802e-07,7.992642681253737890e-07,8.125192185614973943e-07,7.995387150671837636e-07,8.146968119312435686e-07,8.311830752812255194e-07,8.489754320897925556e-07,8.381133520321218337e-07,8.576865235893938864e-07,8.784994003039108478e-07,8.690977601585350217e-07,8.915784894845583977e-07,9.152184426850866256e-07,9.399796698130304448e-07,9.323330836416866420e-07,9.585777548134220481e-07,9.858446805235398696e-07,9.793637345324837107e-07,1.007966058284654143e-06,1.037480535209378741e-06,1.032035779486655061e-06,1.062727761406589174e-06,1.094211894460499405e-06,1.126431505381111002e-06,1.122173490072603221e-06,1.155332924207645867e-06,1.189094604149821799e-06,1.185589057265191336e-06,1.220115910685369175e-06,1.255104511683754232e-06,1.290487753162613715e-06,1.287818549098018683e-06,1.323709139222542805e-06,1.359844447601017592e-06,1.357690142894861260e-06,1.394150487865837072e-06,1.430701136130418733e-06,1.428976976778684711e-06,1.465669941422525146e-06,1.502295521087733930e-06,1.538777664702078150e-06,1.537513075821368900e-06,1.573871971609986701e-06,1.609926762593480964e-06,1.608934217489300327e-06,1.644686155847953640e-06,1.679973490969947574e-06,1.714718971682960936e-06,1.714009654792372954e-06,1.748194953962193065e-06,1.781680613490897630e-06,1.781134683401592199e-06,1.813891758290407863e-06,1.845795567146982965e-06,1.845378992139963692e-06,1.876393028064529996e-06,1.906406006249167076e-06,1.935348017000731766e-06,1.935061593214390206e-06,1.962890897653547111e-06,1.989513119015353760e-06,1.989299308984768323e-06,2.014671330826744319e-06,2.038710240502249820e-06,2.061358047855968973e-06,2.061215836361064430e-06,2.082431791820924406e-06,2.102148550357320738e-06,2.102045574671582240e-06,2.120225638458274980e-06,2.136812325398551181e-06,2.151764572262826814e-06,2.151699794075033538e-06,2.164987960974524929e-06,2.176570611175140851e-06,2.176526631003197526e-06,2.186380509490893141e-06,2.194474549614329088e-06,2.194446467938819775e-06,2.200764677516219405e-06,2.205286224397116028e-06,2.207999571599566029e-06,2.207987208267711589e-06,2.208884462584662695e-06,2.207971823215753095e-06
1.841061124295320417e-06,1.841064136851487458e-06,1.841825844169492386e-06,1.841079149619347423e-06,1.841091618680630278e-06,1.838832190843367583e-06,1.835065945861927851e-06,1.829802574581308183e-06,1.829831709114871194e-06,1.823089750192780723e-06,1.814881634575714590e-06,1.814927597819700708e-06,1.805280752706207107e-06,1.794213404388629552e-06,1.794281365564109304e-06,1.781830062745037714e-06,1.768018001439755392e-06,1.752879612619295995e-06,1.752987959728447101e-06,1.736573378701776554e-06,1.718911689808865130e-06,1.719061518314385321e-06,1.700212634810685839e-06,1.680207668805111903e-06,1.659095324001363199e-06,1.659320857208730832e-06,1.637175604062183006e-06,1.614029294300983722e-06,1.614331616757885763e-06,1.590269825439451664e-06,1.565322028279207829e-06,1.539547115709149068e-06,1.539987088552282249e-06,1.513487389373345323e-06,1.486285876529917866e-06,1.486862661324382999e-06,1.459075352481757493e-06,1.430716855793021431e-06,1.431466433852499139e-06,1.402668129062420653e-06,1.373433252191006963e-06,1.343827360000430599e-06,1.344876407579167353e-06,1.315054440640924234e-06,1.284999126356663536e-06,1.286335716278560589e-06,1.256222414274962489e-06,1.226014228050965697e-06,1.195776220194750216e-06,1.197598303631895541e-06,1.167536952683245196e-06,1.137582684359462778e-06,1.139858864451489471e-06,1.110245163530438934e-06,1.080873429739037055e-06,1.083692774288442607e-06,1.054826585841955861e-06,1.026334194114649059e-06,9.982739731116215426e-07,1.001974626265852901e-06,9.746542692047363172e-07,9.478908848244539376e-07,9.523834676871213181e-07,9.265214075150910942e-07,9.013355607853378042e-07,8.768759827774481690e-07,8.826156375491931876e-07,8.592779286198517793e-07,8.367750981751789718e-07,8.436017167121681906e-07,8.223696014685378694e-07,8.020727508561626436e-07,8.101199878671182789e-07,7.912342707724837277e-07,7.733747030454055283e-07,7.565755848924428445e-07,7.664562918049042163e-07,7.512432434341358916e-07,7.371651759572245187e-07,7.485674268672393605e-07,7.361834210834308796e-07,7.249960336399566351e-07,7.150254336512641193e-07,7.286275933601965628e-07,7.204670711017217829e-07,7.135639367136183519e-07,7.289186008820279501e-07,7.234007600427255428e-07,7.187300719706426065e-07,7.159340599596190704e-07,7.327353868008108097e-07,7.305281441363121203e-07,7.307177036873858716e-07,7.489272316788118177e-07,7.493648881348350235e-07,7.526256798695943903e-07,7.722841037897790639e-07,7.754859446301642118e-07,7.798105110420669849e-07,7.874103963222781314e-07,8.089502064156380155e-07,8.161055285009230534e-07,8.267009924859282530e-07,8.496084359934872564e-07,8.595298567075495718e-07,8.705735974505697709e-07,8.851179707112775694e-07,9.096238463380270697e-07,9.232205145356921069e-07,9.402237605980016794e-07,9.656944151034533101e-07,9.815701082471312216e-07,1.000665370562601361e-06,1.026818612050566623e-06,1.044614825684589195e-06,1.063193631445067449e-06,1.084586675183354901e-06,1.111137446291150564e-06,1.131030603696225508e-06,1.153375527334393886e-06,1.179737729130241343e-06,1.200419019335430381e-06,1.221442673284424948e-06,1.244324275407937801e-06,1.269765131825525444e-06,1.290787998235044307e-06,1.313228608603666823e-06,1.337390780785365677e-06,1.357804768430074077e-06,1.379194162186748173e-06,1.399053610725457822e-06,1.420783790294071077e-06,1.439578963773889509e-06,1.458739926591367587e-06,1.478064177815401190e-06,1.494848839409566998e-06,1.511611827781870575e-06,1.528092554519267110e-06,1.542344707099016147e-06,1.555737261962457012e-06,1.568620849435536966e-06,1.580749773955811658e-06,1.591014382731150123e-06,1.600485813091359133e-06,1.608982640257435858e-06,1.615795913555457261e-06,1.621465864549299071e-06,1.626001242284091919e-06,1.629387335397025652e-06,1.631342486813512585e-06,1.631964028002569432e-06,1.631964028002569432e-06,1.631413576383916913e-06,1.629603351498594311e-06,1.626284447906868003e-06,1.621835065258285453e-06,1.616332114559912191e-06,1.609705290463231671e-06,1.601287600449514393e-06,1.591948664740519489e-06,1.581926724279521302e-06,1.569895201109670072e-06,1.557193904677069232e-06,1.544124193730651205e-06,1.530244302253524119e-06,1.513901448541541603e-06,1.497428659312092401e-06,1.481134384606543244e-06,1.461982281442793602e-06,1.443208458830780485e-06,1.425048109941154231e-06,1.403528872116556293e-06,1.384407099350776519e-06,1.363591868823281187e-06,1.344078939006303320e-06,1.320191312277685471e-06,1.298478841600108810e-06,1.278566419677083595e-06,1.253443673038134974e-06,1.231468017570862839e-06,1.211787541287109653e-06,1.192573652726924261e-06,1.166591754295577152e-06,1.145462787829663782e-06,1.127298858652874443e-06,1.101164615049759805e-06,1.081220768192465867e-06,1.064647081841861328e-06,1.048997608373802245e-06,1.023301872567692095e-06,1.006038980917903274e-06,9.925970751103155709e-07,9.675992811951795732e-07,9.527008839586732939e-07,9.418250789714041147e-07,9.177956678500789618e-07,9.056372912899796336e-07,8.975952657968657997e-07,8.908116889842612343e-07,8.683608384895498361e-07,8.605788610330784811e-07,8.568212140937873809e-07,8.357063723223463607e-07,8.312014293690476764e-07,8.305129617802119319e-07,8.310567115702191511e-07,8.117470024099883285e-07,8.119852759092134966e-07,8.154897274175698467e-07,7.975589636999572166e-07,8.011187061345261241e-07,8.074311489666083832e-07,7.908239986664654619e-07,7.975989449523424123e-07,8.065010898363741578e-07,8.162988859517028227e-07,8.009442217832931186e-07,8.121661077220661655e-07,8.247795102371170537e-07,8.111773505281831279e-07,8.257339533583119989e-07,8.416390746562036112e-07,8.588707546015768242e-07,8.474685036915393243e-07,8.665219831507920873e-07,8.868355555603005832e-07,8.769548486477019920e-07,8.989765436157471337e-07,9.221772392697611006e-07,9.465186839589149567e-07,9.384714469468518259e-07,9.643342177766482722e-07,9.912375790685905905e-07,9.844109605272610691e-07,1.012685033921478123e-06,1.041888191099816027e-06,1.036148536313363869e-06,1.066561514965520392e-06,1.097782003919416506e-06,1.129752784574696822e-06,1.125260201650339185e-06,1.158198776448067500e-06,1.191752750253614460e-06,1.188052096939747884e-06,1.222395893834829074e-06,1.257212944021045756e-06,1.292435603563533120e-06,1.289616258521800044e-06,1.325366631028583997e-06,1.361371139097344437e-06,1.359094957960408159e-06,1.395441870495634408e-06,1.431887064760174254e-06,1.430064979252976757e-06,1.466667110478767363e-06,1.503208530236185065e-06,1.539612784390345652e-06,1.538276189780059191e-06,1.574568593284286943e-06,1.610562051573507763e-06,1.609512995859927359e-06,1.645212924386513858e-06,1.680452445127651059e-06,1.715154017293044458e-06,1.714404423454866330e-06,1.748552818061748095e-06,1.782004700810334767e-06,1.781427891299683708e-06,1.814156767417914104e-06,1.846034854680096305e-06,1.845594844515077447e-06,1.876587553202645024e-06,1.906581145262289881e-06,1.935505555376292131e-06,1.935203171477040359e-06,1.963018021506708376e-06,1.989627168967533396e-06,1.989401549468053857e-06,2.014762918816936722e-06,2.038792233651897263e-06,2.061431412153089231e-06,2.061281453327625166e-06,2.082490465266216104e-06,2.102201012702185902e-06,2.102092492860130233e-06,2.120267619474175620e-06,2.136849921403307701e-06,2.151798285373604539e-06,2.151730080799646467e-06,2.165015236321093061e-06,2.176595252453774797e-06,2.176548981336747637e-06,2.186400881051496701e-06,2.194493226602038098e-06,2.194463709318134437e-06,2.200780719525835729e-06,2.205301282847638231e-06,2.208013843973355842e-06,2.208000875634445647e-06,2.208897691345560989e-06,2.207984766688801137e-06,2.207981154836405972e-06
1.838799050130722829e-06,1.841074881929395339e-06,1.841078014542043397e-06,1.841839993206413467e-06,1.841093733567015362e-06,1.841106814903626167e-06,1.838848192189218251e-06,1.835082962513380994e-06,1.829820836091282648e-06,1.829851466637883110e-06,1.823111278927293979e-06,1.814905236432493879e-06,1.814953604331852931e-06,1.805309528197170575e-06,1.794245349414908481e-06,1.794316920650031811e-06,1.781869712427237352e-06,1.768062278639430700e-06,1.752929103360559892e-06,1.753043308221248991e-06,1.736635292807925581e-06,1.718980946909614383e-06,1.719138971597810655e-06,1.700299219996716028e-06,1.680304411325511206e-06,1.659203346651213113e-06,1.659441388284996670e-06,1.637309986003753829e-06,1.614178992843138887e-06,1.614498230612420805e-06,1.590455096509712890e-06,1.565527852416982786e-06,1.539775554017748417e-06,1.540240379237202397e-06,1.513767960138598565e-06,1.486596357514463570e-06,1.487205898569062287e-06,1.459454421912718770e-06,1.431135077702826460e-06,1.431927387854910707e-06,1.403175669491284941e-06,1.373991523907678338e-06,1.344440814567832917e-06,1.345549819753864253e-06,1.315792925127495427e-06,1.285808154761279303e-06,1.287221134190931542e-06,1.257190458399852825e-06,1.227071543302232871e-06,1.196929876656462060e-06,1.198855813282504528e-06,1.168906285770157904e-06,1.139072285302669620e-06,1.141477667146282361e-06,1.112002605910744997e-06,1.082779467454572285e-06,1.085757893340877910e-06,1.057061814017633724e-06,1.028751111044224441e-06,1.000884718780409638e-06,1.004791907792762351e-06,9.776913657025514572e-07,9.511616501500254218e-07,9.559023308868358839e-07,9.303033707689296881e-07,9.053961946520226748e-07,8.812314185437148617e-07,8.872825564882322218e-07,8.642735479675292058e-07,8.421171536378815819e-07,8.493084413271037779e-07,8.284597006461429028e-07,8.085653734449967437e-07,8.170346930943267884e-07,7.985909909276086479e-07,7.811937017920875621e-07,7.648774111113710510e-07,7.752617288922461796e-07,7.605732540026020179e-07,7.470408419118394690e-07,7.590098848547607675e-07,7.472137933430762693e-07,7.366353543135860945e-07,7.272945706432802344e-07,7.415471658710187026e-07,7.340573629936026908e-07,7.275597979537561236e-07,7.432636788245914454e-07,7.385633042992257028e-07,7.343833918004680600e-07,7.311381381119173414e-07,7.496936431486203132e-07,7.480604666467148823e-07,7.474581135752261442e-07,7.678882479680531200e-07,7.689756883428633426e-07,7.711662599991208080e-07,7.915265629541693442e-07,7.973417122406631117e-07,8.024049122884537508e-07,8.086343269452249022e-07,8.331733323894316086e-07,8.411095719684167635e-07,8.502114270367873583e-07,8.738588945596951014e-07,8.869900541752160320e-07,8.988438951595518521e-07,9.118127680376170963e-07,9.395186195864266956e-07,9.539130147286036307e-07,9.693367614682417452e-07,9.979264722708598582e-07,1.014559641828055196e-06,1.032101762437383114e-06,1.058868809902612257e-06,1.079693877931151297e-06,1.098934426637461877e-06,1.118869431575352172e-06,1.148014985750643032e-06,1.168460276427492252e-06,1.189408932245834159e-06,1.216136383140641183e-06,1.239137524838705007e-06,1.260525571642493072e-06,1.282122779375117558e-06,1.309300138872276411e-06,1.330516800802522389e-06,1.351714479669689256e-06,1.377208763849508872e-06,1.397627094045422773e-06,1.417796453861984086e-06,1.437630524173893731e-06,1.460106510643424764e-06,1.478633239690352071e-06,1.496606002662534092e-06,1.516271982967934196e-06,1.532579019917037432e-06,1.548132242900007142e-06,1.563958246632461211e-06,1.578138280219159958e-06,1.590781151191976630e-06,1.602439476455091903e-06,1.614022668513327152e-06,1.623351318077422416e-06,1.631571261674276990e-06,1.639005637654333494e-06,1.644915333205196007e-06,1.649438434225318085e-06,1.652751405210337009e-06,1.654857257247091037e-06,1.655541752523287759e-06,1.655541752523287759e-06,1.655004167734247134e-06,1.652898315697493105e-06,1.649737937248441257e-06,1.645378825070360175e-06,1.639573041935455435e-06,1.632215915722194735e-06,1.624200174810329151e-06,1.615104748388680836e-06,1.603521556330445586e-06,1.592131584105428052e-06,1.579798444617175699e-06,1.565845574199687853e-06,1.550149906628425996e-06,1.535008474350256331e-06,1.519174161687671504e-06,1.499508181382271400e-06,1.482075812994789476e-06,1.464163947457746002e-06,1.441687960988214969e-06,1.422550043170571776e-06,1.403164918746226470e-06,1.383625620907495379e-06,1.358131336727675763e-06,1.337914062711901452e-06,1.317785552683836600e-06,1.290608193186677747e-06,1.270212993129609112e-06,1.250146586721326810e-06,1.228212283193492535e-06,1.201864646726650675e-06,1.182492573583234024e-06,1.163758190533756685e-06,1.134612636358465826e-06,1.116526678354259486e-06,1.099276497052711687e-06,1.080118991525382567e-06,1.053818570455126046e-06,1.038556240578318491e-06,1.024349489717808473e-06,9.957597789151903595e-07,9.829093246122276730e-07,9.712345426153474737e-07,9.435286910665378744e-07,9.334243895627124577e-07,9.245779034302679628e-07,9.141139914267451474e-07,8.909464324757620960e-07,8.851277577339936494e-07,8.806061698895791162e-07,8.560671644453725156e-07,8.533785708858173516e-07,8.519763424285153461e-07,8.495569991796335179e-07,8.295753147707784781e-07,8.312652878688882582e-07,8.341565920676509054e-07,8.137264576748239297e-07,8.183972988883846872e-07,8.241797697515063398e-07,8.056242647148032621e-07,8.130902578424307156e-07,8.215526290799327015e-07,8.305152515020136437e-07,8.148832707196471381e-07,8.257563996139470735e-07,8.376990827479395112e-07,8.234464875202000901e-07,8.373732740319428347e-07,8.526694469158519656e-07,8.693132125891040545e-07,8.573441696461652860e-07,8.758519937192781189e-07,8.956409926476779101e-07,8.852566748666912908e-07,9.067955423625318703e-07,9.295339594250555333e-07,9.534333891863968461e-07,9.449640695361180187e-07,9.704243169549228851e-07,9.969443036845447350e-07,9.897530159914842092e-07,1.017680653271386422e-06,1.046555110042073892e-06,1.040503972084200199e-06,1.070622148838591044e-06,1.101563967182044549e-06,1.133271647786330518e-06,1.128530966991841877e-06,1.161235872966875929e-06,1.194570031807803876e-06,1.190662842643497476e-06,1.224812810808596706e-06,1.259448172251816547e-06,1.294500722683694214e-06,1.291522296319404297e-06,1.327124073506871232e-06,1.362989941907296961e-06,1.360584559036708441e-06,1.396811203733554880e-06,1.433144574578582586e-06,1.431218635896656265e-06,1.467724425921570286e-06,1.504176574555040652e-06,1.540498202488782215e-06,1.539085218348568633e-06,1.575307077893509354e-06,1.611235463804782441e-06,1.610126450386167263e-06,1.645771195924590877e-06,1.680959985191468923e-06,1.715614970684188769e-06,1.714822644435133380e-06,1.748931886158924494e-06,1.782347936215329433e-06,1.781738369819461791e-06,1.814437334954657010e-06,1.846288141212592648e-06,1.845823277563546501e-06,1.876793370762989341e-06,1.906766408200193498e-06,1.935672159275603204e-06,1.935352857940546777e-06,1.963152388910702912e-06,1.989747682674519172e-06,1.989509551504552319e-06,2.014859637025662965e-06,2.038878790329545800e-06,2.061508832186701665e-06,2.061350671843942724e-06,2.082552334809607504e-06,2.102256309957725738e-06,2.102141924939125539e-06,2.120311829780020653e-06,2.136889495095905663e-06,2.151833754450826223e-06,2.151761928814364420e-06,2.165043902752285360e-06,2.176621136750010044e-06,2.176572446650120491e-06,2.186422257679709312e-06,2.194512815155918776e-06,2.194481783631388526e-06,2.200797529323289179e-06,2.205317056187664720e-06,2.208028789479562533e-06,2.208015184531066677e-06,2.208911539310349665e-06,2.207998315536580338e-06,2.207994554045742125e-06,2.205264454143599930e-06
1.835029693923805935e-06,1.838813477384279525e-06,1.841089285841143346e-06,1.841092543230218464e-06,1.841854806329965346e-06,1.841109003791158402e-06,1.841122729520085441e-06,1.838864954903786498e-06,1.835100795414100471e-06,1.829839981811257151e-06,1.829872190727429529e-06,1.823133872450811274e-06,1.814930018806102011e-06,1.814980926418477939e-06,1.805339775676360966e-06,1.794278946445213843e-06,1.794354333842274493e-06,1.781911455147435597e-06,1.768108915660476591e-06,1.752981255882008490e-06,1.753101659276714207e-06,1.736700593079601153e-06,1.719054020969308773e-06,1.719220724593606822e-06,1.700390644803908384e-06,1.680406596179821532e-06,1.659317483281420701e-06,1.659568780561026342e-06,1.637452059114913194e-06,1.614337303019580277e-06,1.614674475400997705e-06,1.590651125613174692e-06,1.565745679102921171e-06,1.540017367100802929e-06,1.540508555634796475e-06,1.514065077996841405e-06,1.486925209896846504e-06,1.487569507696152011e-06,1.459856053936238354e-06,1.431578257992267111e-06,1.432415916769168140e-06,1.403713638601741658e-06,1.374583332632674142e-06,1.345091187171578753e-06,1.346263822655593317e-06,1.316575984459003069e-06,1.286666074103022995e-06,1.288160112408575181e-06,1.258217107494566855e-06,1.228192906179262924e-06,1.198153444707494557e-06,1.200189543668245930e-06,1.170358618280367980e-06,1.140652158661720594e-06,1.143194534623226293e-06,1.113866450083947418e-06,1.084800813972308336e-06,1.087947823510961762e-06,1.059431976051294117e-06,1.031313729772128463e-06,1.003652603652105821e-06,1.007778458964956351e-06,9.809105780166882886e-07,9.546281147957231391e-07,9.596312345449349414e-07,9.343104920264149784e-07,9.096978974809393198e-07,8.858446426375804406e-07,8.922248042524314760e-07,8.695628679648960828e-07,8.477721202972052674e-07,8.553481307307490736e-07,8.349036622234223977e-07,8.154335974104502114e-07,8.243475734846934055e-07,8.063692841080887995e-07,7.894584803214759712e-07,7.736500128768295940e-07,7.845637014478616936e-07,7.704262940713875668e-07,7.574667300384623524e-07,7.700304152259105067e-07,7.588506988239410687e-07,7.489102267822503586e-07,7.402287767398393514e-07,7.553218302953546555e-07,7.481547929541288332e-07,7.422358987150354129e-07,7.586025242387579155e-07,7.537517183734690767e-07,7.508064441918618059e-07,7.481162907281673249e-07,7.662700823362083126e-07,7.664537290151859889e-07,7.664884776826997782e-07,7.861354388481099418e-07,7.877215473766579912e-07,7.924366517791589218e-07,8.135990221939153609e-07,8.181173267577758025e-07,8.260622909108283143e-07,8.330797464975711061e-07,8.561756201119855123e-07,8.648394757579904171e-07,8.771697894472424368e-07,9.016318802410772216e-07,9.131391177920536360e-07,9.283228937648331671e-07,9.421209708336697251e-07,9.681217807330537730e-07,9.858448012821705410e-07,1.002067909958898958e-06,1.028931552671526140e-06,1.046370939141831416e-06,1.067076026475060527e-06,1.094470688052821650e-06,1.113707486461619904e-06,1.135885470194239287e-06,1.156435824786064564e-06,1.183951849794937610e-06,1.205027201311794730e-06,1.228469127685442034e-06,1.255527880435667591e-06,1.277116302825917338e-06,1.300619763215026404e-06,1.322485544589496512e-06,1.348199114339927905e-06,1.371116974617040678e-06,1.392394384825107669e-06,1.416466082717728397e-06,1.436945447421482073e-06,1.458195347233304032e-06,1.477832873762315450e-06,1.498952194349621720e-06,1.518122670600665356e-06,1.535683612656045465e-06,1.553993353104981893e-06,1.569844451050429780e-06,1.585448813251591266e-06,1.600516984476530313e-06,1.613414296070511958e-06,1.625721743314977405e-06,1.636485540693140381e-06,1.646707331442170957e-06,1.655102757004873390e-06,1.662493868677422813e-06,1.668758883952603792e-06,1.673380788204795116e-06,1.676762957651120335e-06,1.678815578891052079e-06,1.679628675235458984e-06,1.679628675235458984e-06,1.678890752362586054e-06,1.676991412013756421e-06,1.673697615253596677e-06,1.669249330433096257e-06,1.663061272958544754e-06,1.655785161735855163e-06,1.647606293782538344e-06,1.637475049813100393e-06,1.626968860508722016e-06,1.614845811184718016e-06,1.602277655135539713e-06,1.587336140818817908e-06,1.571985206632075742e-06,1.556572049131599051e-06,1.538421941401266434e-06,1.521382561364206705e-06,1.502608590235506765e-06,1.481687626661124614e-06,1.462725261954762870e-06,1.441996371211298920e-06,1.422350998279327797e-06,1.398543417846113581e-06,1.378223695530024169e-06,1.356060584297336075e-06,1.330657593946652316e-06,1.309971150131810092e-06,1.287410290882892304e-06,1.267224669308364393e-06,1.240545027738293386e-06,1.218258641272711838e-06,1.198854783394009291e-06,1.171759435064049105e-06,1.153040472883771174e-06,1.132380956762062738e-06,1.115250064847031946e-06,1.088326208097830625e-06,1.069406689894736042e-06,1.054375711774339840e-06,1.028004692018378518e-06,1.014349382840942948e-06,9.988410398862336052e-07,9.733428578271579479e-07,9.624104359615263275e-07,9.497396939304082840e-07,9.413954146980583671e-07,9.174248863142925888e-07,9.079097725424251840e-07,9.026921385554336150e-07,8.800611159392076303e-07,8.766047019741698473e-07,8.719232668587190147e-07,8.712355527512369320e-07,8.504670880046230956e-07,8.493029903167817545e-07,8.517680949755633457e-07,8.324469766883142279e-07,8.365210058068740780e-07,8.402890651709630774e-07,8.223769494091225049e-07,8.293355915751495401e-07,8.364722112673753187e-07,8.457666551493456446e-07,8.294874713924576112e-07,8.398103355461705484e-07,8.515056552576454998e-07,8.363806936167597365e-07,8.496481465006082635e-07,8.643063523967190943e-07,8.803337429602583466e-07,8.677700577727967456e-07,8.857050337880795497e-07,9.049429652033221173e-07,8.940292766322001264e-07,9.150603208920065708e-07,9.373122526056798922e-07,9.607462695769992561e-07,9.518322935019484161e-07,9.768682785327937149e-07,1.002983993089098368e-06,9.954079826521787117e-07,1.022969973270784802e-06,1.051497357809231832e-06,1.045117196182303166e-06,1.074923851673479800e-06,1.105571088447816362e-06,1.137000551455754618e-06,1.131997431652789469e-06,1.164455085301253459e-06,1.197556583006482903e-06,1.193430727549366568e-06,1.227375429579982529e-06,1.261818334340036451e-06,1.296690652921280450e-06,1.293543642919466233e-06,1.328987917779004137e-06,1.364706809501299153e-06,1.362164432532003606e-06,1.398263536399520974e-06,1.434478305138856821e-06,1.432442204138795066e-06,1.468845789002120122e-06,1.505203223858994691e-06,1.541437180911482789e-06,1.539943137877291672e-06,1.576090137375143634e-06,1.611949466795121527e-06,1.610776822985326840e-06,1.646363004511860605e-06,1.681497953981477618e-06,1.716103499034557099e-06,1.715265823843767127e-06,1.749333516896743356e-06,1.782711543547491543e-06,1.782067219775032016e-06,1.814734449611148767e-06,1.846556313467883482e-06,1.846065085373321802e-06,1.877011190827117005e-06,1.906962429086241395e-06,1.935848393972144221e-06,1.935511155836900163e-06,1.963294447203395253e-06,1.989875057203991200e-06,1.989623667028538617e-06,2.014961796938202586e-06,2.038970185836812260e-06,2.061590550952742775e-06,2.061423706121032209e-06,2.082617589069273676e-06,2.102314608039601989e-06,2.102194016735637384e-06,2.120358397475580437e-06,2.136931158979726988e-06,2.151871078322770803e-06,2.151795425003339546e-06,2.165074036766697457e-06,2.176648331579645537e-06,2.176597086738552868e-06,2.186444692586008160e-06,2.194533362923983367e-06,2.194500733884749130e-06,2.200815146102658545e-06,2.205333580547920340e-06,2.208044441862204611e-06,2.208030166927537314e-06,2.208926037230914779e-06,2.208012499798773241e-06,2.208008582395690040e-06,2.205278472722828828e-06,2.200739191855316005e-06
1.829762699056384380e-06,1.835044975084191892e-06,1.838828586445739245e-06,1.841104368275442414e-06,1.841107755333783189e-06,1.841870316628030246e-06,1.841124994594035927e-06,1.841139398644282927e-06,1.838882517571423340e-06,1.835119486344827297e-06,1.829860057521612521e-06,1.829893932053300454e-06,1.823157587309383611e-06,1.814956045214384351e-06,1.815009635786140064e-06,1.805371576391258202e-06,1.794314287770535461e-06,1.794393710144764681e-06,1.781955410476565805e-06,1.768158048698786444e-06,1.753036225287071745e-06,1.753163189435299957e-06,1.736769480294576115e-06,1.719131140099645878e-06,1.719307036167521626e-06,1.700487202624589407e-06,1.680514555442468211e-06,1.659438109219317170e-06,1.659703457637121572e-06,1.637602300773876913e-06,1.614504762013475951e-06,1.614860954699595867e-06,1.590858589907461240e-06,1.565976266907535033e-06,1.540273403457949710e-06,1.540792565418599403e-06,1.514379799813103717e-06,1.487273610568795034e-06,1.487954797321895406e-06,1.460281701498399083e-06,1.432048007494535513e-06,1.432933803868361646e-06,1.404284007697360057e-06,1.375210854368901660e-06,1.345780876299234690e-06,1.347021056193669339e-06,1.317406520087187660e-06,1.287576068708019988e-06,1.289156140698112073e-06,1.259306180583806161e-06,1.229382490044917145e-06,1.199451478395361388e-06,1.201604457130199798e-06,1.171899349707112024e-06,1.142328171167921392e-06,1.145015832132103986e-06,1.115843592249050264e-06,1.086944929965185524e-06,1.090270624494853081e-06,1.061945766152895955e-06,1.034031415356086192e-06,1.006587700696247408e-06,1.010945098328546970e-06,9.843235083892694316e-07,9.583027031105445325e-07,9.635834636387164356e-07,9.385569553263123758e-07,9.142557905002742919e-07,8.907317510642350430e-07,8.974594884179406539e-07,8.751640434882863414e-07,8.537592347056488717e-07,8.617411358692030556e-07,8.417229822777002416e-07,8.227000923826764537e-07,8.320824979768953557e-07,8.145942412887922528e-07,7.981953709716283972e-07,7.829209794351681826e-07,7.943910670019313022e-07,7.808324962687759812e-07,7.684742499233543278e-07,7.816617010386904027e-07,7.711280848361637495e-07,7.622654546673984706e-07,7.541096547652006539e-07,7.697541719722182859e-07,7.630097124392667489e-07,7.571109178361833278e-07,7.746887861233821550e-07,7.703522581736837861e-07,7.669847955137265739e-07,7.659363052915531129e-07,7.848489990426058222e-07,7.842352851952005782e-07,7.847382375796957784e-07,8.069011153511825868e-07,8.091990973569204403e-07,8.126794105597930890e-07,8.367235844668552007e-07,8.420152616066302069e-07,8.485230457190015467e-07,8.562611931195491769e-07,8.825989981007751032e-07,8.920953170058842920e-07,9.028054732510819649e-07,9.306216861307035689e-07,9.429724295761904063e-07,9.564822762023207513e-07,9.736918913803377082e-07,1.000471750128611372e-06,1.016510667431769088e-06,1.033576622046299082e-06,1.063652781398127298e-06,1.081854445659988584e-06,1.100937871010370188e-06,1.131328981527373370e-06,1.151238184793637798e-06,1.171851061312321997e-06,1.193095752552704144e-06,1.223174644110671126e-06,1.244756350934194945e-06,1.266754259299464345e-06,1.296003196352656990e-06,1.317937119203567838e-06,1.340053688006170023e-06,1.363802762344921593e-06,1.389571789264172900e-06,1.411144793757782242e-06,1.432564346539950787e-06,1.457793282504568448e-06,1.478156225366716152e-06,1.498123814301857861e-06,1.518563555224725668e-06,1.539260529841876099e-06,1.557142928362059746e-06,1.574318353202886506e-06,1.592741519888043912e-06,1.607960165005506902e-06,1.622275667214454181e-06,1.637059893474767319e-06,1.649114156346041456e-06,1.660103229975701232e-06,1.669975435935143895e-06,1.679401862082000566e-06,1.686703752632704747e-06,1.692785437194831684e-06,1.697927762958802537e-06,1.701302985190730270e-06,1.703403052682843578e-06,1.704138226037041898e-06,1.704217740080701386e-06,1.703482566726503066e-06,1.701544661791339520e-06,1.698341022636462305e-06,1.693198696872491451e-06,1.687304352357329358e-06,1.680211976193260152e-06,1.670785550046403481e-06,1.661151557127230919e-06,1.650436046417475862e-06,1.638697487060383039e-06,1.623913260800069901e-06,1.609962537025232678e-06,1.595164818109774681e-06,1.576741651424617275e-06,1.560050497194701534e-06,1.542723009663705367e-06,1.522219951110610713e-06,1.502219206822388093e-06,1.482969916063439549e-06,1.463418011998703986e-06,1.438189076034086326e-06,1.417680571056434132e-06,1.397125741054302462e-06,1.371664232302329763e-06,1.348739839588568563e-06,1.327876104151065314e-06,1.307321893515349106e-06,1.278072956462156461e-06,1.257587448947731222e-06,1.237656135048364988e-06,1.207577243490398006e-06,1.188125666520683051e-06,1.169452717233078151e-06,1.151633650081474619e-06,1.121242539564471437e-06,1.104402107860702030e-06,1.088598151829943220e-06,1.058521992478115004e-06,1.044009489720191129e-06,1.030679940887180624e-06,1.004411150533517540e-06,9.895550496119966717e-07,9.790634114085161742e-07,9.698820260118568109e-07,9.420658131322352069e-07,9.346728075644086080e-07,9.286372093608947684e-07,9.022994043796689479e-07,8.981604827083247825e-07,8.953845526567172533e-07,8.939507071128328931e-07,8.699065332057707814e-07,8.704026481033099970e-07,8.721916288804013929e-07,8.500287511089145845e-07,8.537146078673060676e-07,8.586097207836450517e-07,8.399552881263078777e-07,8.451097434285251342e-07,8.529140544590680023e-07,8.617494721105541457e-07,8.441716038233553186e-07,8.546204398690412620e-07,8.659549619125233559e-07,8.503104447055051945e-07,8.630850238260021049e-07,8.765837384089434691e-07,8.919650287730417366e-07,8.787775776576954973e-07,8.961112359854807755e-07,9.147703307574150193e-07,9.033002431905801137e-07,9.237972115422308888e-07,9.455372097865050007e-07,9.684811940694028001e-07,9.590987884745016131e-07,9.836875985875896254e-07,1.009376998228358407e-06,1.001395097061851361e-06,1.028571148796015240e-06,1.056732041977446857e-06,1.050004304612869472e-06,1.079481744698376602e-06,1.109817551755495769e-06,1.140952780560256796e-06,1.135672019982158442e-06,1.167868015693285655e-06,1.200723222395707279e-06,1.196365824626811585e-06,1.230093115206601284e-06,1.264332124495521443e-06,1.299013453972272660e-06,1.295687758994712292e-06,1.330965060043738174e-06,1.366528107128855056e-06,1.363840445177297801e-06,1.399804267986460759e-06,1.435893218781779278e-06,1.433740238026644257e-06,1.470035373083084400e-06,1.506292297172662152e-06,1.542433209425134435e-06,1.540853132692627909e-06,1.576920673181470265e-06,1.612706700454709084e-06,1.611466512146238984e-06,1.646990526152959336e-06,1.682068322803500987e-06,1.716621385620076580e-06,1.715735572517422584e-06,1.749759163225401979e-06,1.783096831427831859e-06,1.782415618063514112e-06,1.815049168258364574e-06,1.846840319125885486e-06,1.846321116450683735e-06,1.877241771972200288e-06,1.907169885084413666e-06,1.936034863047534342e-06,1.935678602353678650e-06,1.963444673765554170e-06,1.990009716156196362e-06,1.989744271363790867e-06,2.015069730620891751e-06,2.039066713552201473e-06,2.061676827296033780e-06,2.061500784241008364e-06,2.082686428783000522e-06,2.102376083435930736e-06,2.102248923286238352e-06,2.120407458672989498e-06,2.136975032522438586e-06,2.151910361867747869e-06,2.151830661506507949e-06,2.165105719431997733e-06,2.176676908437103663e-06,2.176622964871604020e-06,2.186468242027947368e-06,2.194554920243002821e-06,2.194520605476500936e-06,2.200833611208716771e-06,2.205350894017880917e-06,2.208060836676511982e-06,2.208045856497416477e-06,2.208941217491073757e-06,2.208027351107813403e-06,2.208023271258408684e-06,2.205293153347874657e-06,2.200754007560909334e-06,2.194416860678664261e-06
1.829787644975668988e-06,1.829779034977325256e-06,1.835060983935689809e-06,1.838844411588356424e-06,1.841120163198374925e-06,1.841123684996462246e-06,1.841886558951043345e-06,1.841141742112181732e-06,1.841156860335335734e-06,1.838900920874976602e-06,1.835139079386357563e-06,1.829881111557692665e-06,1.829916744154665898e-06,1.823182483299305926e-06,1.814983382880538874e-06,1.815039808384849814e-06,1.805405016463641792e-06,1.794351471290676256e-06,1.794435161020538103e-06,1.782001705424191122e-06,1.768209822512505879e-06,1.753094176525571494e-06,1.753228086546570272e-06,1.736842168200839251e-06,1.719212547263737554e-06,1.719398182161679929e-06,1.700589206221961690e-06,1.680628643250769275e-06,1.659565624874938856e-06,1.659845871576589549e-06,1.637761220597835379e-06,1.614681943456361457e-06,1.615058313215778976e-06,1.591078212881906197e-06,1.566220426495901489e-06,1.540544570057540017e-06,1.541093421767600646e-06,1.514713255711202100e-06,1.487642818207393533e-06,1.488363167206883478e-06,1.460732918942652619e-06,1.432546049651092112e-06,1.433482957268514978e-06,1.404888886250736163e-06,1.375876417774955667e-06,1.346512448811531458e-06,1.347824345669813902e-06,1.318287637248388903e-06,1.288541546523015918e-06,1.290212953796619904e-06,1.260461764594817709e-06,1.230644760745104042e-06,1.200828850542645144e-06,1.203105862847248784e-06,1.173534256269235385e-06,1.144106598039622070e-06,1.146948367086516146e-06,1.117941406394746135e-06,1.089219791495471491e-06,1.092734910965828195e-06,1.064612475088317565e-06,1.036914172969627763e-06,1.009700768515145615e-06,1.014303377497087894e-06,9.879425414261644544e-07,9.621986728911514262e-07,9.677731893714100942e-07,9.430578852922266112e-07,9.190859913272681421e-07,8.959098933094110398e-07,9.030048282384726136e-07,8.810964001878261537e-07,8.600989639532739367e-07,8.685090983998321585e-07,8.489405078972194540e-07,8.303889391177551843e-07,8.402648062286569128e-07,8.232924828711867926e-07,8.074322929395218783e-07,7.927195426337964263e-07,8.047743792984454172e-07,7.918237404580302275e-07,7.800966063337928418e-07,7.949028056685312505e-07,7.853646904201913984e-07,7.762546161365257184e-07,7.684928206876517672e-07,7.848087582511076741e-07,7.785891118815171841e-07,7.731797060408992352e-07,7.908764849467516507e-07,7.877722344562181624e-07,7.849869619662251249e-07,7.832613358376380938e-07,8.028761919869799428e-07,8.043984357643552431e-07,8.056031253486595871e-07,8.267930644392717144e-07,8.317185486864441422e-07,8.359708990543162187e-07,8.587352526033342699e-07,8.646988539354006410e-07,8.743740125778884488e-07,8.829570557553572189e-07,9.076898297913400665e-07,9.205769493535249224e-07,9.321541122629252004e-07,9.582318136838508692e-07,9.740831014674149326e-07,9.884546450482063939e-07,1.003959749882849776e-06,1.031481811675092009e-06,1.050992642185536815e-06,1.068870815958618692e-06,1.097121040404020244e-06,1.118641137291368546e-06,1.138456870117313659e-06,1.167049241935528631e-06,1.187705932409583416e-06,1.211264060035355174e-06,1.233086250581450625e-06,1.261468964956237497e-06,1.285642570529933321e-06,1.308062703016872406e-06,1.335676060916468428e-06,1.359793270537464672e-06,1.382149657395225677e-06,1.404531973075778216e-06,1.430319071685677754e-06,1.453432222434833812e-06,1.474814570750312971e-06,1.498557103926560308e-06,1.519990670294871746e-06,1.539696906319945999e-06,1.558840550348486438e-06,1.579066208131621799e-06,1.597361815585388517e-06,1.613969381991758820e-06,1.630958446793780583e-06,1.646152068414099576e-06,1.659677967225472739e-06,1.673014494800031480e-06,1.684233426921981203e-06,1.694629834287192299e-06,1.703443281892342701e-06,1.711441680476144997e-06,1.717791270653158732e-06,1.722645230714618608e-06,1.726380013757721077e-06,1.728474844418950186e-06,1.729210955701697268e-06,1.729210955701697268e-06,1.728639226385334820e-06,1.726635751008780873e-06,1.722980479662457564e-06,1.718310391187204685e-06,1.712077608259789208e-06,1.704165865416609848e-06,1.695582155044465711e-06,1.685344421457048469e-06,1.674416098652800419e-06,1.661195929520761390e-06,1.648019954201008861e-06,1.633083599845523311e-06,1.616241510629996951e-06,1.600099861467065786e-06,1.582154552099746770e-06,1.562113653026191019e-06,1.543581749486458328e-06,1.524571520053352283e-06,1.503674123020273249e-06,1.480183264353311516e-06,1.459688099681768881e-06,1.437268272843020853e-06,1.411781743795881186e-06,1.390507199854999113e-06,1.369379357144207089e-06,1.346242932968800721e-06,1.319004651288339361e-06,1.298073818912471545e-06,1.275106593144739260e-06,1.247145860276956068e-06,1.227096145498902156e-06,1.204995404782084745e-06,1.186393961902183044e-06,1.158283217616210529e-06,1.140695952143388990e-06,1.121051309503516228e-06,1.093311470918609428e-06,1.077977827871569825e-06,1.060643236101355737e-06,1.033648600233924082e-06,1.021005840069672119e-06,1.009653956410620498e-06,9.964510321855480104e-07,9.708996624161866046e-07,9.626490395006022047e-07,9.527308295546565744e-07,9.285034430991089744e-07,9.235374915457190560e-07,9.171494420415510601e-07,9.150962294011627588e-07,8.927729036921287418e-07,8.925279902417510648e-07,8.913492019604855041e-07,8.705348976965766319e-07,8.735586780758045954e-07,8.760691208405372301e-07,8.567468326694881064e-07,8.628846065368398344e-07,8.701585579653532436e-07,8.776803891478923661e-07,8.601204751070506488e-07,8.701389954053643877e-07,8.809966148739310213e-07,8.646951267163044848e-07,8.771410986077976406e-07,8.910760743376916626e-07,9.053984009630840451e-07,8.903999340681391993e-07,9.071024801747448685e-07,9.251536430539475573e-07,9.130988063892419211e-07,9.330341335101835562e-07,9.542354513690017138e-07,9.766635023213353520e-07,9.667876352098614528e-07,9.909051242075608357e-07,1.016144960759698277e-06,1.007734826310572698e-06,1.034503505497213119e-06,1.062277381800441883e-06,1.055182446861639959e-06,1.084311945530527613e-06,1.114318481728688558e-06,1.145142506303060428e-06,1.139567989776592725e-06,1.171487048748809474e-06,1.204081501588978389e-06,1.199478892478066661e-06,1.232975872861877015e-06,1.266998833484010089e-06,1.301477740509769507e-06,1.297962620607192642e-06,1.333062874289509505e-06,1.368460642203273361e-06,1.365618872190621754e-06,1.401439174712884160e-06,1.437394624685899726e-06,1.435117610382483195e-06,1.471297644010128743e-06,1.507447881423147913e-06,1.543490022766822884e-06,1.541818610741535588e-06,1.577801790549308584e-06,1.613509990086082599e-06,1.612198084730856696e-06,1.647656089508183530e-06,1.682673201132387104e-06,1.717170538559635419e-06,1.716233613901089994e-06,1.750210379492581262e-06,1.783505199621880435e-06,1.782784823367617598e-06,1.815382621026370438e-06,1.847141171372348505e-06,1.846592277771080636e-06,1.877485924870505921e-06,1.907389499690998749e-06,1.936232211215634942e-06,1.935855771127528152e-06,1.963603578217647011e-06,1.990152111595100412e-06,1.989871764917459776e-06,2.015183792203534673e-06,2.039168686225513218e-06,2.061767937037969045e-06,2.061582149137287764e-06,2.082759067658273826e-06,2.102440923942904250e-06,2.102306809472223623e-06,2.120459158044190701e-06,2.137021242626955801e-06,2.151951716418684654e-06,2.151867736066833816e-06,2.165139036682861836e-06,2.176706943051233359e-06,2.176650148013191962e-06,2.186492965500100476e-06,2.194577540303397009e-06,2.194541446341361173e-06,2.200852968264647434e-06,2.205369036760438656e-06,2.208078011393695456e-06,2.208062288715534975e-06,2.208957114199692267e-06,2.208042902779689867e-06,2.208038653679576865e-06,2.205308529272218816e-06,2.200769528202807813e-06,2.194432667056511209e-06,2.194440365769624196e-06
1.823040874059105951e-06,1.829805254987293173e-06,1.829796155821729283e-06,1.835077757405700732e-06,1.838860988931815678e-06,1.841136706396159847e-06,1.841140368186802257e-06,1.841903570013004420e-06,1.841159284422004256e-06,1.841175154710127989e-06,1.838920207719096682e-06,1.835159621056646154e-06,1.829903194964550073e-06,1.829940683616777975e-06,1.823208623670626067e-06,1.815012102968889277e-06,1.815071524682242300e-06,1.805440187209078320e-06,1.794390600886805507e-06,1.794478804826067308e-06,1.782050474944381357e-06,1.768264391010405561e-06,1.753155285076828329e-06,1.753296550560704883e-06,1.736918884431743645e-06,1.719298501331843962e-06,1.719494456609721015e-06,1.700696989125495831e-06,1.680749237403622896e-06,1.659700457568435800e-06,1.659996504989842926e-06,1.637929362814457772e-06,1.614869460120682879e-06,1.615267239839015225e-06,1.591310767805690013e-06,1.566479024517129379e-06,1.540831836714595538e-06,1.541412208283673239e-06,1.515066654585600528e-06,1.488034179440448857e-06,1.488796115138246609e-06,1.461211369676492322e-06,1.433074229034898282e-06,1.434065419384914623e-06,1.405530532373930249e-06,1.376582515735112446e-06,1.347288652701727962e-06,1.348676715820943723e-06,1.319222660387864054e-06,1.289566156023147033e-06,1.291334549908279670e-06,1.261688234551462723e-06,1.231984498611485058e-06,1.202290776671672680e-06,1.204699442797553275e-06,1.175269519025084951e-06,1.145994153364107684e-06,1.148999421828409495e-06,1.120167779559277850e-06,1.091633927879594369e-06,1.095349893149452141e-06,1.067442033564654024e-06,1.039972694190307173e-06,1.013003300619317230e-06,1.017865633488416968e-06,9.917808995576581529e-07,9.663301740152310757e-07,9.722155310117253659e-07,9.478294121945637019e-07,9.242056822496311399e-07,9.013973438161354700e-07,9.088802292701542300e-07,8.873805121880531730e-07,8.668130863447369454e-07,8.756750342164389430e-07,8.565805233954482925e-07,8.385257182096800514e-07,8.489213996009286363e-07,8.324922516787484894e-07,8.171988469899866264e-07,8.030766730081711848e-07,8.157459853861914668e-07,8.047042849671935458e-07,7.942276235844928540e-07,8.087552929788301277e-07,7.995625915231579054e-07,7.910939813515558502e-07,7.835761630922316546e-07,8.005868874507377645e-07,7.944597322270483616e-07,7.900451981220919725e-07,8.084940576160994810e-07,8.050000781881286517e-07,8.025688751985566077e-07,8.028116808767261965e-07,8.232447738854179473e-07,8.237823439269578755e-07,8.274965864444450913e-07,8.495423728765165206e-07,8.531852376777796302e-07,8.580909263483815810e-07,8.840272732076774073e-07,8.908252462669724006e-07,8.989066707647907442e-07,9.108837699932698254e-07,9.364982260232351446e-07,9.476695572571528991e-07,9.627955532191305807e-07,9.897299770785640314e-07,1.003800763911272922e-06,1.019051124817255356e-06,1.038134096984401867e-06,1.066441469682734861e-06,1.084176641803533361e-06,1.105511518236274022e-06,1.134459525313791752e-06,1.154241642444103363e-06,1.174863316208181731e-06,1.206468453555047591e-06,1.227769090468657847e-06,1.249703738756239149e-06,1.274305310011046594e-06,1.303073598730427013e-06,1.325690335404169452e-06,1.350488247077226600e-06,1.378309335344509563e-06,1.400927922690274324e-06,1.423601365914596098e-06,1.447715496057461249e-06,1.473442560391270524e-06,1.495151132679312451e-06,1.517785923942283676e-06,1.541250105678517566e-06,1.561293278255658637e-06,1.580780908716240852e-06,1.600496499310909449e-06,1.620144042030598482e-06,1.637072550384907990e-06,1.653793347427359521e-06,1.669982597671955022e-06,1.683784023095367270e-06,1.696530047780009583e-06,1.709320107558327141e-06,1.719525190769882978e-06,1.728529719434174021e-06,1.736475081070553337e-06,1.743219908882639776e-06,1.748181663878723545e-06,1.751818771518874293e-06,1.754152172102604077e-06,1.754906022018195279e-06,1.754906022018195279e-06,1.754326128574341274e-06,1.752074508769934089e-06,1.748536509315218283e-06,1.743769543997649686e-06,1.737111008854197548e-06,1.729295082507456228e-06,1.720534356472562421e-06,1.710608409255517324e-06,1.697818349477199766e-06,1.685394190991018687e-06,1.671964903822425683e-06,1.655918500479102249e-06,1.639484950609947549e-06,1.623052304124837157e-06,1.603584843279034420e-06,1.584258716126073417e-06,1.565422298534179074e-06,1.546120013547818742e-06,1.522902943035996617e-06,1.500859578383694078e-06,1.480095075173538681e-06,1.454664697214804348e-06,1.431311197838377777e-06,1.409815797605790189e-06,1.388503139492334278e-06,1.361055119129558893e-06,1.337324717910138038e-06,1.316289494006902690e-06,1.287942938199548357e-06,1.264647810537469016e-06,1.244593100824831021e-06,1.225328561712794844e-06,1.193723424365928984e-06,1.175297639560852709e-06,1.157874012488362483e-06,1.129441787335770006e-06,1.110114159542302658e-06,1.095067587773468725e-06,1.067295521410665382e-06,1.050531502091340929e-06,1.038300187704770604e-06,1.027411392342540898e-06,1.001014771720827722e-06,9.886930952306178472e-07,9.810202421825027348e-07,9.559247697565861216e-07,9.470788014177029417e-07,9.427934926866451428e-07,9.399311216164461373e-07,9.139947747571503111e-07,9.131568227161360408e-07,9.137056914422632518e-07,8.920527239656588809e-07,8.922525254643429984e-07,8.961274123597592452e-07,8.760046097302833779e-07,8.799594271250154312e-07,8.869833302089229279e-07,8.951436662524050362e-07,8.768491023232327937e-07,8.858378375825246602e-07,8.967438018240170427e-07,8.797640197150547900e-07,8.920679529345742283e-07,9.053796426287815642e-07,9.194291315612447116e-07,9.049014621669018264e-07,9.202362875768874765e-07,9.361252491417083240e-07,9.234559367636436787e-07,9.428006875606966911e-07,9.634352201766476904e-07,9.853200956937516005e-07,9.749244143020265595e-07,9.985451397061804740e-07,1.023310896576927630e-06,1.014448948703006936e-06,1.040787617498926046e-06,1.068152782834353525e-06,1.060669897371651407e-06,1.089431636457650512e-06,1.119090008637803713e-06,1.149584847952871363e-06,1.143699490913765810e-06,1.175325406898081547e-06,1.207643757604086219e-06,1.202781424613576802e-06,1.236034394123260594e-06,1.269828392012459616e-06,1.304092722759158573e-06,1.300376757073115609e-06,1.335289247554297946e-06,1.370511697066196495e-06,1.367506427658922127e-06,1.403174437636777227e-06,1.438988204829013903e-06,1.436579536728293567e-06,1.472637382114622367e-06,1.508674351634114993e-06,1.544611619140673652e-06,1.542843220499297068e-06,1.578736813924330468e-06,1.614362360426912013e-06,1.612974288733609479e-06,1.648362187463475799e-06,1.683314847082435374e-06,1.717753000271405095e-06,1.716761792571320881e-06,1.750688829110113068e-06,1.783938145921873568e-06,1.783176182321009318e-06,1.815736016816187851e-06,1.847459953816292628e-06,1.846879539157100524e-06,1.877744516178882719e-06,1.907622046182759100e-06,1.936441127372906261e-06,1.936043274936753041e-06,1.963771704791393472e-06,1.990302726132549820e-06,1.990006575007543920e-06,2.015304359478154582e-06,2.039276437373304440e-06,2.061864174191718247e-06,2.061668059650382772e-06,2.082835733287475479e-06,2.102509329456332700e-06,2.102367850702724825e-06,2.120513649409275443e-06,2.137069924137245172e-06,2.151995260197327824e-06,2.151906752402661703e-06,2.165174079640181286e-06,2.176738515659109696e-06,2.176678707056877205e-06,2.186518925936947704e-06,2.194601279325163883e-06,2.194563307104276225e-06,2.200873263308011320e-06,2.205388051133851165e-06,2.208096005512278214e-06,2.208079500961747304e-06,2.208973763289546518e-06,2.208059189910353487e-06,2.208054764474514526e-06,2.205324635539205063e-06,2.200785789519299991e-06,2.194449232196058461e-06,2.194457373982185707e-06,2.186341240353891451e-06
1.814827258509513782e-06,1.823059998057997100e-06,1.829823719619322540e-06,1.829814101861518533e-06,1.835095334434128555e-06,1.838878356549552360e-06,1.841154035580241780e-06,1.841157842803165757e-06,1.841921388498743982e-06,1.841177661651966354e-06,1.841194324063341971e-06,1.838940423361407227e-06,1.835181160456808123e-06,1.829926361661914595e-06,1.829965810259561509e-06,1.823236075344593612e-06,1.815042280837085436e-06,1.815104869957158428e-06,1.805477185479344042e-06,1.794431786821113132e-06,1.794524767277571094e-06,1.782101862479248523e-06,1.768321917884487540e-06,1.753219737684591428e-06,1.753368794380556553e-06,1.736999871491692155e-06,1.719389278219048300e-06,1.719596173046852576e-06,1.700810907135950855e-06,1.680876741086473472e-06,1.659843063502529202e-06,1.660155873284669690e-06,1.638107308823252786e-06,1.615067966828691563e-06,1.615488470936915138e-06,1.591557081454788286e-06,1.566752987809136911e-06,1.541136240824481662e-06,1.541750084309322865e-06,1.515441290062697369e-06,1.488449135515202764e-06,1.489255244374232644e-06,1.461718834464994242e-06,1.433634520570737568e-06,1.434683377161791923e-06,1.406211364144845084e-06,1.377331817874447419e-06,1.348112430896124694e-06,1.349581406006185521e-06,1.320215149838652911e-06,1.290653804491951774e-06,1.292525210698426611e-06,1.262990275398353243e-06,1.233406822234375384e-06,1.203842840846881531e-06,1.206391279792398501e-06,1.177111754220350532e-06,1.147998022881551109e-06,1.151176788968837513e-06,1.122531149846157823e-06,1.094196462493194166e-06,1.098125420527221056e-06,1.070445058935135729e-06,1.043218406800460411e-06,1.016507578408864594e-06,1.021645044959900102e-06,9.958527025874279580e-07,9.707123113487750874e-07,9.769266221867177480e-07,9.528887416369411853e-07,9.296331832920390128e-07,9.072135783943359680e-07,9.151063630616377756e-07,8.940382849682102213e-07,8.739247773496679033e-07,8.832634223178792442e-07,8.646688419124337416e-07,8.471376042035330618e-07,8.580808375249219183e-07,8.422235112814106143e-07,8.275264154014237546e-07,8.156210261376660513e-07,8.304672066172652817e-07,8.181715007279195894e-07,8.080079165347353452e-07,8.239996345922814513e-07,8.144364916568563776e-07,8.063803816034666156e-07,7.991589149574768803e-07,8.171372734465872997e-07,8.115232033307023905e-07,8.068871813171682436e-07,8.260283592142621410e-07,8.241014983395114603e-07,8.223193269596264539e-07,8.216922676078263026e-07,8.446226659657034092e-07,8.458965172165855726e-07,8.484103613280466465e-07,8.712523488617761549e-07,8.778518540526565885e-07,8.835951464519173483e-07,9.080601428746084013e-07,9.181787322034604768e-07,9.271440080671057183e-07,9.374190337556042361e-07,9.666054976935077178e-07,9.786811441511806045e-07,9.920211287123712000e-07,1.019766858065098945e-06,1.037544243462098504e-06,1.053685823614472954e-06,1.070966380329076758e-06,1.102782080408165755e-06,1.121353789618024619e-06,1.140916854979302540e-06,1.170527244708493928e-06,1.193692978341161201e-06,1.215027345315667156e-06,1.244748784512062818e-06,1.269126434880383828e-06,1.291635872132441382e-06,1.314645843193514462e-06,1.345873036593590653e-06,1.368894155437300673e-06,1.392163668595582440e-06,1.420155429506698042e-06,1.444824395760825955e-06,1.467632059288471547e-06,1.490321453741188501e-06,1.517385419459931071e-06,1.539000178254329703e-06,1.560230323655312012e-06,1.583368100429343279e-06,1.604254663666570893e-06,1.623325573666099192e-06,1.641666405682988597e-06,1.661496408375250195e-06,1.677765758904848173e-06,1.693086429901034625e-06,1.708419760215153910e-06,1.721925919160589275e-06,1.733706110955661695e-06,1.744970121078160974e-06,1.754464863828661240e-06,1.762301268454580975e-06,1.768833947595793143e-06,1.774382315030715761e-06,1.778006788688781377e-06,1.780265882722833813e-06,1.781171878888611085e-06,1.781171878888611085e-06,1.780354920323032410e-06,1.778277483617771980e-06,1.774845431957769042e-06,1.769297064522846424e-06,1.762974808336033204e-06,1.755374149842077054e-06,1.746039870622547499e-06,1.734883901309840467e-06,1.723412539641169792e-06,1.710128317628667917e-06,1.694929917463105378e-06,1.680022006412166658e-06,1.664229299751693849e-06,1.644399297059432251e-06,1.626607098293007900e-06,1.608164998836306328e-06,1.587758225066078355e-06,1.564857874265959361e-06,1.544441563676409261e-06,1.523745398582802347e-06,1.496681432864059777e-06,1.475023386110272238e-06,1.453367599461809373e-06,1.429610489280013503e-06,1.401986753766627071e-06,1.380132219957952560e-06,1.358667806504029614e-06,1.327440613103953423e-06,1.306135154662505673e-06,1.285483492534232423e-06,1.262632084686691212e-06,1.233400195518917675e-06,1.214243624603393465e-06,1.192895168952219923e-06,1.163810456782795878e-06,1.146757779296385321e-06,1.130865236116980059e-06,1.099049536037891273e-06,1.084617308118299013e-06,1.071492618871811561e-06,1.056338624490491454e-06,1.029153357512844067e-06,1.019161586873828105e-06,1.010594917426606021e-06,9.814084534887025390e-07,9.747985916760754847e-07,9.696491376719491692e-07,9.630007208206506223e-07,9.390255851717105031e-07,9.373792162056658548e-07,9.345773431336042984e-07,9.121633917363059440e-07,9.139950482053299863e-07,9.171769129085889289e-07,8.942465145507118223e-07,8.994292512713598530e-07,9.058562417659010174e-07,9.123151216191155875e-07,8.933645744608332737e-07,9.027893504558861263e-07,9.132462147406717936e-07,8.952678562515611625e-07,9.073738332461967294e-07,9.203436632696725206e-07,9.349855940967107163e-07,9.188454048590295309e-07,9.339432577180529836e-07,9.514698093399866153e-07,9.363183990560794823e-07,9.531282559721731004e-07,9.731664797793796955e-07,9.944795336178653729e-07,9.835363002960832814e-07,1.006633458223501983e-06,1.030899284678909927e-06,1.021560639708793503e-06,1.047445390280406689e-06,1.074378916627845386e-06,1.066486131952842037e-06,1.094859137504431405e-06,1.124149338086465969e-06,1.154295939136745732e-06,1.148081628259660621e-06,1.179397209944756223e-06,1.211423169098354328e-06,1.206285702433376795e-06,1.239280106772991446e-06,1.272831417433966373e-06,1.306868250201760661e-06,1.302939291767900127e-06,1.337652617941347400e-06,1.372689064328363477e-06,1.369510297322016467e-06,1.405016673003444584e-06,1.440680042022008511e-06,1.438131601128125392e-06,1.474059705986536780e-06,1.509976392749917510e-06,1.545802280211901065e-06,1.543930869249526812e-06,1.579729303639916435e-06,1.615267050837008448e-06,1.613798067081907227e-06,1.649111489645532150e-06,1.683995678733765885e-06,1.718370957702510417e-06,1.717322083456539337e-06,1.751196292847514651e-06,1.784397273591328072e-06,1.783591136177023100e-06,1.816110649261082712e-06,1.847797825807765096e-06,1.847183938012158144e-06,1.878018472743561249e-06,1.907868351343910250e-06,1.936662347894685243e-06,1.936241768610257262e-06,1.963949634891187719e-06,1.990462075178605798e-06,1.990149157835417296e-06,2.015431835624040699e-06,2.039390322783985059e-06,2.061965852272355525e-06,2.061758791665644245e-06,2.082916668133626544e-06,2.102581512823736845e-06,2.102432233649649191e-06,2.120571096369062679e-06,2.137121220381788818e-06,2.152041118780419495e-06,2.151947820607166693e-06,2.165210944953194055e-06,2.176771711299219936e-06,2.176708717077547579e-06,2.186546189929672335e-06,2.194626196745654827e-06,2.194586241244397893e-06,2.200894544935545854e-06,2.205407981821484033e-06,2.208114860676438598e-06,2.208097532631131475e-06,2.208991202622306638e-06,2.208076249478083827e-06,2.208071640330279023e-06,2.205341509085972145e-06,2.200802829194268865e-06,2.194466594985485209e-06,2.194475206780456126e-06,2.186359681179757020e-06,2.176481708774054250e-06
1.814866962564844122e-06,1.814848159241676149e-06,1.823080060085231892e-06,1.829843083251222289e-06,1.829832915592568481e-06,1.835113756091976282e-06,1.838896554582840276e-06,1.841172190498947476e-06,1.841176148785258546e-06,1.841940055177869536e-06,1.841196916101785917e-06,1.841214412995078661e-06,1.838961615552090655e-06,1.835203749426642412e-06,1.829950668620122177e-06,1.829992187338967745e-06,1.823264909146092698e-06,1.815073996305978267e-06,1.815139934614131933e-06,1.805516114029590801e-06,1.794475146165724094e-06,1.794573181951877368e-06,1.782156020543200727e-06,1.768382577290456373e-06,1.753287733148086645e-06,1.753445044779309212e-06,1.737085387818287502e-06,1.719485172111803277e-06,1.719703665922889916e-06,1.700931339949401284e-06,1.681011584733405348e-06,1.659993929892542428e-06,1.660324527097067373e-06,1.638295679963287314e-06,1.615278163596556307e-06,1.615722793918882555e-06,1.591818038142157486e-06,1.567043307946428730e-06,1.541458892483581000e-06,1.542108290681002658e-06,1.515838546951139033e-06,1.488889229514763570e-06,1.489742271700760340e-06,1.462257220406483905e-06,1.434229039514036509e-06,1.435339173143416182e-06,1.406933971864768459e-06,1.378127184101993906e-06,1.348986936186864323e-06,1.350541886638026649e-06,1.321268919864193591e-06,1.291808677792658822e-06,1.293789522914384037e-06,1.264372905595276532e-06,1.234917214157371312e-06,1.205491023598145744e-06,1.208187887757789059e-06,1.179068046057673403e-06,1.150125899371531986e-06,1.153488809518302645e-06,1.125040547422015154e-06,1.096917156755554247e-06,1.101072028920562286e-06,1.073632905487994119e-06,1.046663528376826022e-06,1.020226728148509824e-06,1.025655692640395214e-06,1.000173031637787935e-06,9.753612122437105656e-07,9.819236819514936092e-07,9.582542291960399350e-07,9.353880304003358959e-07,9.133793558974739510e-07,9.217052522428662577e-07,9.010930437522448829e-07,8.814587011502465512e-07,8.913002993347074711e-07,8.732329027052062635e-07,8.562534653957098944e-07,8.677734395179550111e-07,8.548230035978577332e-07,8.422686537749330478e-07,8.287269022741110536e-07,8.441837502523978490e-07,8.333185116502205525e-07,8.224382861238503261e-07,8.391047192511355363e-07,8.303128856761893248e-07,8.224135170624924661e-07,8.156762935752748754e-07,8.340833733902331824e-07,8.286903228752517914e-07,8.253871185005200625e-07,8.453441279487582822e-07,8.428226594191567253e-07,8.430601008640984629e-07,8.431553552186842921e-07,8.652258718830959341e-07,8.670568802727479917e-07,8.724239360054309736e-07,8.961793809022189927e-07,9.013092800454125573e-07,9.103235923392824566e-07,9.357176167606719544e-07,9.441565338293942027e-07,9.566872296818560491e-07,9.678888572467470533e-07,9.952527703023039523e-07,1.008212094075108925e-06,1.025331281014058442e-06,1.053954885776024187e-06,1.069831050217582107e-06,1.089736711841585463e-06,1.107905728494260494e-06,1.137742648599531660e-06,1.157209712507136398e-06,1.180318778821549628e-06,1.210602481855616674e-06,1.231954475563893071e-06,1.256551871255448801e-06,1.286807174724459960e-06,1.309436988354959570e-06,1.334841378106004138e-06,1.358338960264185194e-06,1.387763984947877811e-06,1.411278545200717518e-06,1.436807003659150922e-06,1.464901526998070117e-06,1.488012113602174340e-06,1.512582190144803153e-06,1.535265033332032724e-06,1.560694366015428536e-06,1.582276431273406593e-06,1.604535426867816407e-06,1.627240536753791286e-06,1.646659711796742391e-06,1.666250261978088348e-06,1.684003777053258819e-06,1.702268244199657092e-06,1.717899932946727523e-06,1.733058689819800141e-06,1.747412245931092331e-06,1.759442275800629284e-06,1.770620862833987699e-06,1.780695366544944234e-06,1.788702821852801968e-06,1.795535517022412690e-06,1.800752124735269653e-06,1.804780140959380032e-06,1.807092609142523886e-06,1.807826432792150119e-06,1.807826432792150119e-06,1.807186869436633992e-06,1.805066753743399396e-06,1.801127823899159804e-06,1.796117637784264176e-06,1.789416421220042145e-06,1.781659164171451451e-06,1.771690612378374224e-06,1.760691291978964255e-06,1.748989577301548064e-06,1.734767247233314148e-06,1.719856897232715807e-06,1.704664524198238551e-06,1.686566015791545027e-06,1.669340427759846422e-06,1.650147765865389880e-06,1.631398328271158573e-06,1.608925551504551483e-06,1.587198117033531781e-06,1.566482765604931032e-06,1.541336889298905911e-06,1.519658973281305753e-06,1.495876458351628246e-06,1.473991602584436872e-06,1.446262063432466383e-06,1.421730002059456915e-06,1.399719809667880276e-06,1.370713580853959757e-06,1.348895839731283733e-06,1.324857144951348214e-06,1.304199002752246491e-06,1.274435171430077195e-06,1.251484215615848457e-06,1.232440266550025081e-06,1.202686703065275624e-06,1.181528661218054159e-06,1.164717908926541810e-06,1.135438510029190558e-06,1.120110578117779212e-06,1.102647448910862171e-06,1.089955041128606082e-06,1.061903047439451163e-06,1.047568982257915037e-06,1.038136175504823271e-06,1.011332067517996776e-06,1.003809604050546830e-06,9.945843206775709336e-07,9.901517250810042683e-07,9.652641702853248894e-07,9.598964821156478001e-07,9.590583195216845779e-07,9.357489302772591171e-07,9.343572219604084540e-07,9.370675245371859965e-07,9.153627320198221289e-07,9.198707820423028060e-07,9.240641368167216604e-07,9.314213433893553302e-07,9.116738809053734032e-07,9.196777922340264929e-07,9.300430718060981261e-07,9.117196824810998101e-07,9.234095211801897864e-07,9.363513289973938851e-07,9.502233704372219864e-07,9.334242456282776853e-07,9.495268930418709681e-07,9.654781050105851541e-07,9.497295049968148113e-07,9.686320343433506073e-07,9.862254320171586745e-07,1.004172135610998416e-06,9.926521614884310029e-07,1.015197519016560802e-06,1.038936161696206139e-06,1.029094563510120822e-06,1.054500149065613327e-06,1.080977805810872013e-06,1.072651909458686396e-06,1.100613984616725754e-06,1.129514825651365200e-06,1.159292998909793929e-06,1.152730529166198756e-06,1.183717539011129359e-06,1.215433816800604845e-06,1.210004852202128194e-06,1.242725228387716215e-06,1.276019264036633054e-06,1.309814858658830955e-06,1.305659986110608482e-06,1.340162015617014435e-06,1.375001084999952760e-06,1.371638173959113203e-06,1.406972965015117964e-06,1.442476650190456160e-06,1.439779784111423058e-06,1.475570098169072708e-06,1.511359023230022549e-06,1.547066592727636792e-06,1.545085742855452441e-06,1.580783073959767396e-06,1.616227531729466155e-06,1.614672572568932342e-06,1.649906855964951218e-06,1.684718286389850504e-06,1.719026753400113518e-06,1.717916601815853531e-06,1.751734677807644858e-06,1.784884299421587524e-06,1.784031228025088880e-06,1.816507903176881094e-06,1.848156028191163363e-06,1.847506584441182670e-06,1.878308786147952707e-06,1.908129299496335127e-06,1.936896660198875071e-06,1.936451952171706488e-06,1.964137989861872139e-06,1.990630709372443308e-06,1.990300000615931682e-06,2.015566651069913745e-06,2.039510722141926566e-06,2.062073305709981494e-06,2.061854639339882978e-06,2.083002130592598757e-06,2.102657700762049792e-06,2.102500157038744796e-06,2.120631672985553944e-06,2.137175283757764852e-06,2.152089425600426691e-06,2.151991057577066988e-06,2.165249735166352329e-06,2.176806620125544619e-06,2.176740257600758198e-06,2.186574827957903430e-06,2.194652355420071162e-06,2.194610305269958854e-06,2.200916864457418276e-06,2.205428875969877201e-06,2.208134620801842354e-06,2.208116425251102339e-06,2.209009472100058728e-06,2.208094120452229128e-06,2.208089319914135307e-06,2.205359188853922993e-06,2.200820686971714963e-06,2.194484796458005353e-06,2.194493906936875230e-06,2.186379025602917183e-06,2.176501834792222210e-06,2.176519403120016537e-06
1.805213020335240288e-06,1.814889928114991788e-06,1.814870096510964713e-06,1.823101109472342059e-06,1.829863392748352998e-06,1.829852641867807160e-06,1.835133065707536570e-06,1.838915625362106072e-06,1.841191213056161717e-06,1.841195328232632771e-06,1.841959613025841106e-06,1.841217092369134846e-06,1.841235468546593074e-06,1.838983834682477850e-06,1.835227442710359564e-06,1.829976176047798100e-06,1.830019881762035801e-06,1.823295200052188168e-06,1.815107333948530807e-06,1.815176814520412559e-06,1.805557081912207238e-06,1.794520803263222800e-06,1.794624190824641861e-06,1.782213111351253636e-06,1.768446554580022305e-06,1.753359483173859762e-06,1.753525543389249370e-06,1.737175708927420864e-06,1.719586496790913152e-06,1.719817292127106691e-06,1.701058692910517412e-06,1.681154228038224347e-06,1.660153577267685763e-06,1.660503054918386037e-06,1.638495140505322717e-06,1.615500799034336671e-06,1.615971051090711496e-06,1.592094584077907778e-06,1.567351046161178192e-06,1.541800980031213968e-06,1.542488155956588580e-06,1.516259908224528354e-06,1.489356114170845198e-06,1.490259036154237714e-06,1.462828570650818484e-06,1.434860052255400711e-06,1.436035317461083225e-06,1.407701131329386614e-06,1.378971679272636951e-06,1.349915547396687923e-06,1.351561876966803713e-06,1.322388058184021211e-06,1.293035261760769475e-06,1.295132401774334232e-06,1.265841502634913670e-06,1.236521548658957713e-06,1.207241732102992257e-06,1.210096244454792739e-06,1.181145982092405096e-06,1.152386020860122226e-06,1.155944414038444904e-06,1.127705638742132506e-06,1.099806457552674875e-06,1.104200991227942544e-06,1.077017718605129998e-06,1.050321123967441217e-06,1.024174782246538972e-06,1.029912624280102074e-06,1.004757997822151452e-06,9.802940989652460711e-07,9.872250909819515411e-07,9.639454603660820757e-07,9.414910590975218401e-07,9.199168055208196468e-07,9.287003613650180858e-07,9.085696277560581271e-07,8.894411081253597627e-07,8.998133600416592187e-07,8.823018744397778397e-07,8.685928150869208451e-07,8.833575835262334698e-07,8.679629986781273984e-07,8.556359054911302689e-07,8.438210247696033399e-07,8.585267241710901470e-07,8.479886796486854498e-07,8.381405390695867835e-07,8.549313230192715625e-07,8.465715557024061138e-07,8.390704307558613186e-07,8.325036864162101796e-07,8.522166306426724266e-07,8.474033530488535959e-07,8.436705310575475283e-07,8.656266555667556134e-07,8.637864786665286015e-07,8.631482682246590916e-07,8.637654642201254084e-07,8.886802115430952501e-07,8.913195595516548288e-07,8.952912230780307476e-07,9.223192655532691597e-07,9.283271318927192811e-07,9.357055788347548927e-07,9.646784466946805265e-07,9.740418711756571266e-07,9.847713089595017468e-07,9.968649315770268894e-07,1.028038940004958060e-06,1.041948217016776573e-06,1.057152503997460480e-06,1.089584184544584299e-06,1.106383895690378259e-06,1.124362927926777997e-06,1.143473322942202328e-06,1.176917349837748035e-06,1.197220930505283378e-06,1.218477927275735416e-06,1.252096688915687401e-06,1.274169964025164193e-06,1.296980222856117239e-06,1.330211377836203489e-06,1.353409913884838459e-06,1.377097499215584122e-06,1.401175799172378628e-06,1.432948687219162977e-06,1.456777120532913513e-06,1.480718426646565655e-06,1.510666135311864054e-06,1.533864567166579136e-06,1.556890173784058489e-06,1.579634386274973251e-06,1.606180354457746624e-06,1.627518158078966016e-06,1.648296755019871754e-06,1.671602479573659634e-06,1.690518272362900207e-06,1.708617855305788116e-06,1.725810137327347622e-06,1.743978976412519148e-06,1.758766583600531124e-06,1.772437437463633147e-06,1.786241020575460083e-06,1.797192074251461391e-06,1.806863559294734710e-06,1.815968897835170883e-06,1.822691112693730448e-06,1.828025524767828545e-06,1.831946633763718421e-06,1.834461983240959509e-06,1.835274238130141705e-06,1.835274238130141705e-06,1.834656966541695090e-06,1.832141617064454002e-06,1.828423423988120353e-06,1.823307830973891592e-06,1.816828382143914872e-06,1.807723043603478699e-06,1.798326419203528058e-06,1.787690595673033881e-06,1.773887012561206945e-06,1.760580174908190846e-06,1.746213932136580926e-06,1.728045093051409400e-06,1.711340223631404337e-06,1.693802919243238310e-06,1.675533173980994852e-06,1.652227449427206973e-06,1.632187612512510598e-06,1.611690209232568690e-06,1.585144241049795317e-06,1.563350914756778371e-06,1.541395368029289874e-06,1.519394617337611101e-06,1.489446908672312702e-06,1.466839024608942763e-06,1.444487455080211074e-06,1.412714567033426725e-06,1.390263762912262846e-06,1.368360894619904364e-06,1.347110197310124832e-06,1.313879042330038582e-06,1.293184873297367471e-06,1.273400221465515558e-06,1.239781459825563574e-06,1.220988987634587986e-06,1.203328227773593063e-06,1.169884200878047356e-06,1.153596296946526248e-06,1.138619742299857953e-06,1.125001728197930368e-06,1.092570047650806761e-06,1.080724813084782275e-06,1.070348980692762153e-06,1.039174972264830771e-06,1.030785133663004777e-06,1.023924697370306041e-06,1.018589331892761952e-06,9.896164640328363187e-07,9.864179765093734053e-07,9.847338657106195569e-07,9.577058232353811448e-07,9.581927179480015395e-07,9.601369135426968602e-07,9.352221662197270185e-07,9.393029293049028344e-07,9.447422683136927720e-07,9.514749016580760167e-07,9.295187771488679316e-07,9.382230297144823189e-07,9.480739315818387479e-07,9.283609873553765010e-07,9.400184290006445274e-07,9.526499498915781164e-07,9.661662693732549087e-07,9.493754854235682238e-07,9.643927080324647064e-07,9.800987359007122957e-07,9.653930364992056892e-07,9.823612498851473597e-07,9.998136247808204028e-07,1.020817980346137720e-06,1.005527494494962585e-06,1.024266490751374630e-06,1.047449222403559487e-06,1.037076970485884661e-06,1.061976733070457833e-06,1.087972914934624839e-06,1.079189359084467417e-06,1.106717013317547269e-06,1.135206056826734754e-06,1.164594407947921533e-06,1.157663415898588565e-06,1.188302505210601614e-06,1.219690748461006839e-06,1.213952906328062843e-06,1.246382824015386983e-06,1.279404077202237005e-06,1.312943821028667400e-06,1.308549286987021770e-06,1.342827107036306852e-06,1.377456689642273169e-06,1.373898295595898422e-06,1.409050901226717335e-06,1.444385007094961736e-06,1.441530492855241070e-06,1.477174432940265673e-06,1.512827620566728116e-06,1.548409471905797995e-06,1.546312327152493093e-06,1.581902212603595494e-06,1.617247522355143726e-06,1.615601184018386433e-06,1.650751351278117086e-06,1.685485445848515289e-06,1.719722897498390345e-06,1.718547614043579071e-06,1.752306027144976558e-06,1.785401062454632574e-06,1.784498110603466874e-06,1.816929261544677837e-06,1.848535889532715562e-06,1.847848666792551415e-06,1.878616517633751733e-06,1.908405836859790332e-06,1.937144906600582890e-06,1.936674574239548024e-06,1.964337433980932053e-06,1.990809217209565205e-06,1.990459623878782290e-06,2.015709265505099374e-06,2.039638040780832931e-06,2.062186891374656136e-06,2.061955916424435588e-06,2.083092396138273850e-06,2.102738134846440714e-06,2.102571832501463293e-06,2.120695564514211553e-06,2.137232276359293408e-06,2.152140322483633423e-06,2.152036587472928299e-06,2.165290559112876456e-06,2.176843337744157022e-06,2.176773412891083920e-06,2.186604914637552161e-06,2.194679821835631349e-06,2.194635558904852419e-06,2.200940276061615673e-06,2.205450783335733129e-06,2.208155332209480197e-06,2.208136222605890269e-06,2.209028613783804770e-06,2.208112843908743725e-06,2.208107843988841775e-06,2.205377715906189558e-06,2.200839404777597806e-06,2.194503879920091345e-06,2.194513519616946964e-06,2.186399321092198599e-06,2.176522957933026687e-06,2.176541491091725293e-06,2.164929763078426236e-06
1.794137650317144060e-06,1.805238366836334219e-06,1.814914045358516647e-06,1.814893125536729972e-06,1.823123198354951105e-06,1.829884697613192260e-06,1.829873328038989630e-06,1.835153309000711247e-06,1.838935613535972375e-06,1.841211147437496474e-06,1.841215425530642206e-06,1.841980107352660948e-06,1.841238237484351385e-06,1.841257540344703639e-06,1.839007133943270108e-06,1.835252298133243574e-06,1.830002947592158455e-06,1.830048964316691014e-06,1.823327027458015356e-06,1.815142383399239135e-06,1.815215611367300364e-06,1.805600204899512376e-06,1.794568890221331991e-06,1.794677944848976445e-06,1.782273307495033281e-06,1.768514047089339438e-06,1.753435213293523978e-06,1.753610547767670476e-06,1.737271128648362170e-06,1.719693587059224918e-06,1.719937432634532799e-06,1.701193398906299095e-06,1.681305162127503855e-06,1.660322561958575122e-06,1.660692085936012510e-06,1.638706400888131202e-06,1.615736674024420694e-06,1.616234143825900912e-06,1.592387732088753554e-06,1.567677338670816423e-06,1.542163776050323630e-06,1.542891103159285497e-06,1.516706962584022730e-06,1.489851560326034163e-06,1.490807508470103822e-06,1.463435074926537582e-06,1.435529988024469935e-06,1.436774500817542422e-06,1.408515818203358356e-06,1.379868589066992257e-06,1.350901886884666110e-06,1.352645364337963178e-06,1.323576947112988729e-06,1.294338365359990888e-06,1.296559116278485302e-06,1.267401830650862447e-06,1.238226121801347221e-06,1.209101832821676879e-06,1.212123826846697138e-06,1.183353691476980360e-06,1.154787211884625143e-06,1.158553167066895759e-06,1.130536774270203942e-06,1.102875548380095325e-06,1.107524372110442175e-06,1.080612493099719895e-06,1.054205168178074181e-06,1.028366745172161499e-06,1.034431924463968408e-06,1.009624816000219868e-06,9.855293664127279615e-07,9.928504732607905076e-07,9.699833361825175334e-07,9.479644939880765516e-07,9.268495200972210888e-07,9.361166938638281436e-07,9.164944906572932839e-07,8.978999386262033053e-07,9.123470606621172536e-07,8.980453925507048613e-07,8.814478866890515644e-07,8.967978121407284237e-07,8.838022950175173559e-07,8.696030243252514031e-07,8.580795636430034306e-07,8.747753384517129083e-07,8.633530416200445071e-07,8.539030584504639452e-07,8.719308233240660912e-07,8.636444976734527391e-07,8.566341383662415258e-07,8.506184241470474376e-07,8.705459865193437669e-07,8.670592592390096642e-07,8.639853687346285801e-07,8.855763097324777473e-07,8.841698733080946007e-07,8.859264431741469634e-07,8.873411791609447754e-07,9.111709902198023668e-07,9.167844730855466823e-07,9.216340522396702581e-07,9.472113083620312548e-07,9.566467532358973595e-07,9.649618068740463297e-07,9.922029353543680489e-07,1.002420138517221528e-06,1.017011005403603118e-06,1.030084732954433743e-06,1.059263315664121878e-06,1.077151713322598957e-06,1.093323338632837305e-06,1.123669346806184055e-06,1.141425015445087008e-06,1.163327147971938387e-06,1.183335792609346174e-06,1.214683351208372277e-06,1.238710457149855821e-06,1.260762010446098908e-06,1.292316404939687445e-06,1.317804660616297015e-06,1.341266369416362913e-06,1.372487918528360724e-06,1.396350574496925376e-06,1.422859931790217139e-06,1.447343540474361180e-06,1.477240883304462802e-06,1.503394899318202645e-06,1.527517680253028393e-06,1.555650157333933552e-06,1.579016196915019761e-06,1.603597635381367462e-06,1.626188448823326626e-06,1.651022862033536446e-06,1.673362313202946258e-06,1.693721501053766204e-06,1.715333126185051929e-06,1.733783436973180798e-06,1.752120007746985195e-06,1.768537088637781456e-06,1.785051862594392392e-06,1.799573503210524760e-06,1.812219087251454099e-06,1.824362672454814940e-06,1.834583521596584808e-06,1.843005720569914018e-06,1.850461686918808232e-06,1.855916698398388075e-06,1.859928049374858847e-06,1.862361995564689595e-06,1.863345011412327937e-06,1.863345011412327937e-06,1.862461814883150993e-06,1.860231608263790291e-06,1.856338240091959753e-06,1.851115266557690782e-06,1.843762003128716345e-06,1.835605434646230940e-06,1.825565919167687828e-06,1.813544085327943861e-06,1.801247663288205507e-06,1.786977630783908409e-06,1.770615255227605801e-06,1.754665935040535926e-06,1.736677011015283195e-06,1.718825796714606482e-06,1.697430456120738392e-06,1.677784861813751418e-06,1.655991280025824372e-06,1.631424903428805325e-06,1.609757442732117491e-06,1.585893267899965691e-06,1.563667022425390291e-06,1.535888309193446898e-06,1.513070249941362492e-06,1.487952332123312190e-06,1.458467383329090769e-06,1.435583614672733818e-06,1.410363782801865331e-06,1.388397731940375812e-06,1.357671045185249533e-06,1.336302333136014129e-06,1.312540590088745755e-06,1.281527547042999850e-06,1.261922490478394249e-06,1.239946133001787382e-06,1.209175734474106220e-06,1.191978150030304850e-06,1.172471736255539001e-06,1.157889367558958558e-06,1.128147439855884946e-06,1.115335819849195165e-06,1.100386194041215121e-06,1.071807905695134354e-06,1.062448461415359457e-06,1.051165404823014970e-06,1.045016607862675260e-06,1.018332585090474124e-06,1.014223461019947672e-06,1.008641377661005483e-06,9.835657771395868402e-07,9.832113030624925980e-07,9.817986412679467072e-07,9.583933352823055682e-07,9.617234848424722015e-07,9.644938371638443606e-07,9.709063027008874533e-07,9.495847122871097618e-07,9.576914461202867774e-07,9.661400471794497063e-07,9.463540419101761778e-07,9.575303836089776577e-07,9.697483155295495804e-07,9.833466212431050194e-07,9.652372702310180483e-07,9.799367618981295500e-07,9.968578131297007571e-07,9.799145007317060329e-07,9.966769639595863642e-07,1.016513051735568855e-06,1.034773044386073460e-06,1.018908283508812667e-06,1.041233657481409579e-06,1.060683587855342481e-06,1.045535800987289575e-06,1.069901595972594445e-06,1.095389247434850818e-06,1.086122073663048487e-06,1.113190448211390692e-06,1.141243932648038746e-06,1.170219790233838306e-06,1.162898683356180217e-06,1.193169323402866938e-06,1.224210048664483679e-06,1.218144869280343402e-06,1.250266868261694223e-06,1.282998851743838925e-06,1.316267201972187708e-06,1.311618377892462848e-06,1.345658242662643215e-06,1.380065442792617994e-06,1.376299486769276908e-06,1.411258610790223863e-06,1.446412589698318169e-06,1.443390593819321090e-06,1.478879006361825382e-06,1.514387948893182020e-06,1.549836186746250580e-06,1.547615431104188844e-06,1.583091101886338605e-06,1.618331010059915376e-06,1.616587523790211079e-06,1.651648261267067200e-06,1.686300132776501686e-06,1.720462080702943501e-06,1.719217549373082876e-06,1.752912530592737044e-06,1.785949533431613607e-06,1.784993554761508215e-06,1.817376313073431938e-06,1.848938832864390806e-06,1.848211457658786329e-06,1.878942803428546227e-06,1.908698976271383562e-06,1.937407988483472473e-06,1.936910435705505905e-06,1.964548677694880701e-06,1.990998227882559734e-06,1.990628583956110965e-06,2.015860170052661502e-06,2.039772711577566932e-06,2.062306990222800035e-06,2.062062957692942735e-06,2.083187758557712408e-06,2.102823072576275748e-06,2.102647485492740010e-06,2.120762968192395923e-06,2.137292370653375716e-06,2.152193960228632849e-06,2.152084542213635417e-06,2.165333532337128776e-06,2.176881965574116790e-06,2.176808272260950946e-06,2.186636528985942012e-06,2.194708666340418116e-06,2.194662065287764051e-06,2.200964836989185513e-06,2.205473756442441712e-06,2.208177043768066750e-06,2.208156970868895571e-06,2.209048672019410499e-06,2.208132463152986222e-06,2.208127255535207888e-06,2.205397133552572707e-06,2.200859026849517920e-06,2.194523891088034536e-06,2.194534092524638567e-06,2.186420617811602910e-06,2.176545131260865565e-06,2.176564685701337938e-06,2.164954116539865365e-06,2.151633824155041075e-06
1.794196569892087960e-06,1.794165724894580379e-06,1.805264998552124641e-06,1.814939376440221536e-06,1.814917304723340371e-06,1.823146381846178679e-06,1.829907050146592602e-06,1.829895024107768422e-06,1.835174534226028172e-06,1.838956566208564586e-06,1.841232040244470880e-06,1.841236487484354354e-06,1.842001585939695211e-06,1.841260401053714472e-06,1.841280680755476798e-06,1.839031569493080270e-06,1.835278376790036251e-06,1.830031050552854626e-06,1.830079509917375386e-06,1.823360475461335720e-06,1.815179239685655354e-06,1.815256433057712214e-06,1.805645605937587192e-06,1.794619547444530947e-06,1.794734604577805751e-06,1.782336792670433692e-06,1.768585264988299629e-06,1.753515163852979831e-06,1.753700332546477044e-06,1.737371960456573220e-06,1.719806800283064149e-06,1.720064494284246689e-06,1.701335920412521334e-06,1.681464911909792580e-06,1.660501478787382651e-06,1.660892293106469022e-06,1.638930221220647351e-06,1.615986645703192154e-06,1.616513037081919805e-06,1.592698566728843159e-06,1.568023402448510338e-06,1.542548643868048900e-06,1.543318657084305961e-06,1.517181412652891273e-06,1.490377466103919668e-06,1.491389801322270184e-06,1.464079080949479692e-06,1.436241451573743085e-06,1.437559608558196218e-06,1.409381223597114580e-06,1.380821437197929495e-06,1.351949839512241459e-06,1.353796625052754270e-06,1.324840286456670007e-06,1.295723145756818576e-06,1.298075316611066022e-06,1.269060070298316585e-06,1.240037683943264352e-06,1.211078686796632701e-06,1.214278649339689555e-06,1.185699886296113129e-06,1.157338928073861791e-06,1.161325315088936589e-06,1.133545039981644733e-06,1.106136404510238045e-06,1.111055086945630083e-06,1.084431136067062373e-06,1.058330612016142725e-06,1.032818664371865282e-06,1.039230789660581433e-06,1.014791883997648850e-06,9.910866655237595821e-07,9.988207836524667012e-07,9.763901649241218222e-07,9.548320445106481430e-07,9.342026557882133748e-07,9.439808955386207640e-07,9.288527095207788210e-07,9.138553946250202379e-07,9.253782112701278206e-07,9.112166241748873281e-07,8.973751553907286290e-07,9.108160369517445031e-07,8.980573640935101639e-07,8.858111468034016882e-07,8.730041376673152345e-07,8.904050381539097415e-07,8.801842888865280037e-07,8.707516991466638680e-07,8.892370999783532286e-07,8.814469802278249680e-07,8.746206624966128216e-07,8.696497991392465195e-07,8.904394629802804201e-07,8.865632613173315131e-07,8.838770709206515022e-07,9.078444437543903914e-07,9.071952581664207200e-07,9.078541751478900705e-07,9.121046566756395064e-07,9.369127102533134881e-07,9.410736147072047246e-07,9.492727232597899884e-07,9.758511952785780591e-07,9.835655590949370369e-07,9.927282685819551378e-07,1.023851400196479188e-06,1.035053595467843996e-06,1.047678334544174319e-06,1.064793196860469266e-06,1.094933373446295021e-06,1.110779590271934309e-06,1.127940848489430016e-06,1.162263707892256281e-06,1.180963168327133030e-06,1.200831128422185840e-06,1.224731951942587653e-06,1.256833943410343809e-06,1.278871170608470537e-06,1.304535560406464636e-06,1.336697811570116541e-06,1.360261020855162319e-06,1.384471434306425785e-06,1.418605061393447333e-06,1.442964614368856756e-06,1.467692433413047696e-06,1.494730858070718126e-06,1.524773736998480546e-06,1.549209093139433884e-06,1.573599843299794628e-06,1.603384408482879670e-06,1.626697404429321542e-06,1.649661345106510077e-06,1.673461057744552152e-06,1.697856689864386738e-06,1.718589140337722984e-06,1.738573074468995278e-06,1.760501751399087640e-06,1.778259195632527446e-06,1.795013297251796452e-06,1.811314685247228945e-06,1.826787468874679138e-06,1.839704993725366137e-06,1.851743146943386982e-06,1.862612586330555545e-06,1.871221498309215972e-06,1.878409849431401005e-06,1.884566543920027917e-06,1.888552267488197787e-06,1.891044802138089955e-06,1.891835526047047123e-06,1.891835526047047123e-06,1.891150540736827969e-06,1.888873874153253588e-06,1.885117211108972724e-06,1.878960516620345812e-06,1.872023278195473588e-06,1.863696482989959794e-06,1.852946393656259870e-06,1.841111082556033515e-06,1.828565034106330753e-06,1.813240453436744963e-06,1.797220976470617000e-06,1.780965118782021757e-06,1.763783660770224606e-06,1.741854983840132243e-06,1.722534477662068104e-06,1.702562636775578518e-06,1.678429475736840079e-06,1.655234803917203259e-06,1.633254907338942460e-06,1.611051944923339473e-06,1.581267379740254431e-06,1.558121846903620894e-06,1.535075726992192755e-06,1.505442306889567514e-06,1.479536054232565077e-06,1.456510075341304056e-06,1.434019725137876245e-06,1.399886098050854698e-06,1.377718644749873433e-06,1.356377697678338643e-06,1.324759745555522946e-06,1.300957231565449428e-06,1.281513693469252806e-06,1.249994733736002758e-06,1.228294610266756182e-06,1.211401827370872865e-06,1.195869226594112958e-06,1.161546367191286693e-06,1.147742695512180932e-06,1.135442630237763438e-06,1.105916075237562509e-06,1.091918939321877882e-06,1.083206181927837495e-06,1.076090870168531474e-06,1.044967738554007424e-06,1.040059950260888041e-06,1.036760596717537881e-06,1.010702792558764217e-06,1.006549140288461068e-06,1.007095538835893589e-06,9.827323077237838468e-07,9.828746654091627003e-07,9.871721446965626395e-07,9.928841198430005876e-07,9.689167470092619102e-07,9.767591526450318554e-07,9.858714952317776452e-07,9.652438597993522472e-07,9.753548247501078518e-07,9.875349848641626300e-07,1.000716138804851868e-06,9.822307379731617661e-07,9.970768841955262844e-07,1.012718986542964960e-06,9.950866123452958834e-07,1.013539552778698165e-06,1.031178759764545171e-06,1.049294583505232915e-06,1.035853701944049752e-06,1.055002390289979028e-06,1.074407523205464264e-06,1.062884706559392652e-06,1.083048567256123854e-06,1.103253449110888154e-06,1.093475209355979102e-06,1.120057998736919911e-06,1.147650761394069205e-06,1.176190100632014207e-06,1.168455982476585105e-06,1.198336391413579301e-06,1.229008913879605857e-06,1.222596788505417305e-06,1.254392312133985651e-06,1.286817494756628532e-06,1.319797916866805141e-06,1.314879234099142619e-06,1.348666508471164781e-06,1.382837590935927685e-06,1.378851203107660176e-06,1.413604805789879047e-06,1.448567412406188022e-06,1.445367448045539706e-06,1.480690568791919003e-06,1.516046188864061290e-06,1.551352387432802345e-06,1.549000211876776229e-06,1.584354441613557036e-06,1.619482271145356227e-06,1.617635476746620287e-06,1.652601109646002344e-06,1.687165538286252931e-06,1.721247188361989060e-06,1.719929012560593125e-06,1.753556535871510099e-06,1.786531825032280955e-06,1.785519458629778058e-06,1.817850760394522847e-06,1.849366382990582216e-06,1.848596320377138205e-06,1.879288860516315904e-06,1.909009802296435316e-06,1.937686870816075280e-06,1.937160393716297713e-06,1.964772481121470702e-06,1.991198414354278366e-06,1.990807475672740430e-06,2.016019889618707054e-06,2.039915196998698229e-06,2.062434009075582401e-06,2.062176120482885557e-06,2.083288531284055497e-06,2.102912788524791998e-06,2.102727356280251360e-06,2.120834094088649086e-06,2.137355750207494972e-06,2.152250499228555988e-06,2.152135062007785537e-06,2.165378777548121838e-06,2.176922611234579669e-06,2.176844930401560314e-06,2.186669754705583461e-06,2.194738963388019356e-06,2.194689891184790609e-06,2.200990607721129224e-06,2.205497850746824217e-06,2.208199807045598882e-06,2.208178718743461543e-06,2.209069693571521312e-06,2.208153023850273104e-06,2.208147599882426704e-06,2.205417487482470074e-06,2.200879599874786167e-06,2.194544878233456967e-06,2.194555676057422339e-06,2.186442968786794031e-06,2.176568410897688076e-06,2.176589046605254504e-06,2.164979703784150263e-06,2.151660776234707424e-06,2.151689962506043622e-06
1.781735100883341099e-06,1.794227753857380403e-06,1.794195238476764349e-06,1.805292985704023891e-06,1.814965987140842687e-06,1.814942695860325813e-06,1.823170718221760052e-06,1.829930505619809431e-06,1.829917782886723394e-06,1.835196792324968881e-06,1.838978533085658582e-06,1.841253940637254913e-06,1.841258563460969504e-06,1.842024099185188262e-06,1.841283635411870920e-06,1.841304945047842216e-06,1.839057200638024668e-06,1.835305743245897480e-06,1.830060556110368733e-06,1.830111597867720341e-06,1.823395633167201680e-06,1.815218003583754335e-06,1.815299394122069658e-06,1.805693415633767698e-06,1.794672924205630147e-06,1.794794340833576095e-06,1.782403762461249211e-06,1.768660432195810024e-06,1.753599591079198353e-06,1.753795190672675625e-06,1.737478538912688332e-06,1.719926518057301664e-06,1.720198911701197199e-06,1.701486751706307149e-06,1.681634038616535100e-06,1.660690963978575022e-06,1.661104396481604223e-06,1.639167415073683581e-06,1.616251631773073284e-06,1.616808764292390003e-06,1.593028249817171561e-06,1.568390541476439073e-06,1.542957044601283190e-06,1.543772452219141783e-06,1.517685083860135155e-06,1.490935866851058969e-06,1.492008180424920953e-06,1.464763106792466806e-06,1.436997236930771573e-06,1.438393735926969035e-06,1.410300770953984525e-06,1.381834004062769322e-06,1.353063573200242094e-06,1.355020246975371050e-06,1.326183118319020205e-06,1.297195135483571192e-06,1.299687063817354395e-06,1.270822851106592703e-06,1.241963474931384076e-06,1.213180187847004471e-06,1.216569305144158510e-06,1.188193906256573726e-06,1.160051304324578241e-06,1.164271838353379954e-06,1.136742312964553285e-06,1.109601852514763817e-06,1.114806965396084322e-06,1.088488534610133876e-06,1.062713454867762279e-06,1.037547706573354550e-06,1.044327608906601267e-06,1.020278867699929894e-06,9.969869927789299928e-07,1.005158401789646153e-06,9.831897603185433440e-07,9.621190073635722562e-07,9.464206953150407297e-07,9.611318328869655275e-07,9.416848598764162516e-07,9.267911001142075393e-07,9.423242428050131439e-07,9.249396488353841957e-07,9.112971451386177697e-07,9.278466983063881487e-07,9.129539104682195653e-07,9.010121884905274624e-07,8.897122175739379705e-07,9.077662343174136647e-07,8.969731543247534615e-07,8.880019095591339134e-07,9.075179094295516376e-07,9.001379480988269139e-07,8.938901248847617988e-07,8.887309732027386863e-07,9.103121995614287762e-07,9.081556473919213896e-07,9.062063391326625324e-07,9.295643281309617196e-07,9.313867274798817680e-07,9.328835607974475024e-07,9.357798901344696605e-07,9.639353955753381948e-07,9.690177408549314618e-07,9.755587407017511968e-07,1.003070196259727054e-06,1.014571757525933272e-06,1.024738786227810987e-06,1.053918914018658000e-06,1.069185599635328951e-06,1.082833202619714064e-06,1.097899601482317752e-06,1.128946717624387435e-06,1.149007651799531597e-06,1.167166540306589489e-06,1.199250830294786354e-06,1.222079833900289004e-06,1.242871637544729132e-06,1.264743479180660695e-06,1.300535054025125091e-06,1.323379421981045100e-06,1.347076858412989019e-06,1.379805244183109331e-06,1.406770030060703403e-06,1.431569935346292350e-06,1.463605674241864639e-06,1.490894475343623014e-06,1.515999845324795779e-06,1.541286625217933152e-06,1.571429362031487919e-06,1.598013767617607992e-06,1.622450960782314245e-06,1.650341358413526775e-06,1.675215227432690408e-06,1.697950949353299277e-06,1.720127599872954389e-06,1.744026082380166501e-06,1.765477249885761865e-06,1.784851476589965441e-06,1.804995026940293855e-06,1.822902548662274815e-06,1.838767602406126123e-06,1.853450629910721429e-06,1.868373823512182392e-06,1.880142029897824538e-06,1.890545182419684858e-06,1.900084607399279672e-06,1.907626317480896838e-06,1.913370154726936079e-06,1.917835220611857583e-06,1.920320569653101821e-06,1.921197123064347151e-06,1.921197123064347151e-06,1.920539388040296131e-06,1.918176055960173439e-06,1.913816885005820331e-06,1.908319186434141168e-06,1.900934904546907010e-06,1.891511626696120313e-06,1.881418803624997045e-06,1.870007128564849121e-06,1.855083934963388158e-06,1.840813230744292451e-06,1.825426024387209344e-06,1.807872090581902383e-06,1.787928184123027115e-06,1.769192533996219436e-06,1.748224488028850519e-06,1.724576823183724905e-06,1.703239493427133792e-06,1.681458424550036803e-06,1.657324901213625955e-06,1.629773945007904384e-06,1.606551235639693711e-06,1.580922874497140942e-06,1.551182499643033118e-06,1.527406835525184883e-06,1.503973533485964128e-06,1.478030973089707873e-06,1.446489607782153752e-06,1.423705706745143959e-06,1.398389418775653663e-06,1.366209925358764029e-06,1.344896323889561977e-06,1.324626276111828692e-06,1.288834701267364296e-06,1.269730617161782542e-06,1.251901813832853132e-06,1.231597070633610029e-06,1.200147376573042850e-06,1.185342589423741910e-06,1.168189264472149410e-06,1.137782032039543707e-06,1.126453417405644329e-06,1.116729552093867858e-06,1.104958387862519186e-06,1.076386876824629153e-06,1.070497653600642518e-06,1.062880363352595085e-06,1.035928243002067361e-06,1.033987707481720505e-06,1.033652732977992505e-06,1.005497227537124076e-06,1.007484290283631170e-06,1.010995134469989854e-06,1.013958386005076034e-06,9.909342111233358543e-07,9.981016053185979131e-07,1.005356328388620746e-06,9.839798996302802384e-07,9.945126912269772455e-07,1.006190241889071258e-06,1.019065648400575243e-06,9.995251616793380263e-07,1.013993565060950801e-06,1.030492132377025763e-06,1.012240879411775091e-06,1.029045102701266981e-06,1.046472093768764081e-06,1.067294634377684313e-06,1.050266822040773049e-06,1.069312524731201173e-06,1.092713030592959884e-06,1.076504709671225350e-06,1.096662984947653684e-06,1.122160628630559000e-06,1.106573846271247389e-06,1.127344961592488884e-06,1.154450356792492322e-06,1.182527718775131995e-06,1.174356309740404569e-06,1.203823375128233591e-06,1.234105733143022265e-06,1.227325830730957226e-06,1.258775155018315500e-06,1.290874893343482745e-06,1.323549795374949948e-06,1.318344682178516245e-06,1.351863781549698483e-06,1.385784114320671328e-06,1.381563579507376286e-06,1.416098825931962566e-06,1.450858068428407125e-06,1.447468949352445145e-06,1.482616360076609738e-06,1.517808970008097456e-06,1.552964135010226674e-06,1.550472202002220689e-06,1.585697273889087576e-06,1.620705893475875064e-06,1.618749210809102871e-06,1.653613676813472856e-06,1.688085085823026110e-06,1.722081315722209809e-06,1.720684797637376739e-06,1.754240561058906629e-06,1.787150202976772776e-06,1.786077857562011203e-06,1.818354428945364256e-06,1.849820174408378909e-06,1.849004716075155282e-06,1.879655992890726511e-06,1.909339476765919935e-06,1.937982587044013480e-06,1.937425365985732766e-06,1.965009657841482781e-06,1.991410496684106651e-06,1.990996935257010628e-06,2.016188985433409422e-06,2.040065991313188042e-06,2.062568382540859157e-06,2.062295786360761388e-06,2.083395048835600614e-06,2.103007575579666654e-06,2.102811701011245207e-06,2.120909166017978165e-06,2.137422610473190432e-06,2.152310110140654224e-06,2.152188295925048400e-06,2.165426425106672031e-06,2.176965388960216762e-06,2.176883487737610046e-06,2.186704680488008076e-06,2.194770791799152467e-06,2.194719107216535388e-06,2.201017652177775967e-06,2.205523124816822586e-06,2.208223676470703624e-06,2.208201517612642186e-06,2.209091727765975608e-06,2.208174574164720143e-06,2.208168924846718930e-06,2.205438825906355965e-06,2.200901173137469518e-06,2.194566892338400560e-06,2.194578323471653733e-06,2.186466430082815825e-06,2.176592856214943472e-06,2.176614636946997435e-06,2.165006592164500794e-06,2.151689108689619457e-06,2.151719878980950108e-06,2.136728114287925065e-06
1.767911633978876591e-06,1.781769813192535998e-06,1.794260552991914722e-06,1.794226270639077374e-06,1.805322402678392976e-06,1.814993947109047815e-06,1.814969364336276555e-06,1.823196269117749318e-06,1.829955122458077638e-06,1.829941660171070771e-06,1.835220137088271963e-06,1.839001566630286804e-06,1.841276900486573324e-06,1.841281705541332270e-06,1.842047700259070879e-06,1.841307995784054719e-06,1.841330391567832121e-06,1.839084090023157234e-06,1.835334465750855329e-06,1.830091539570040437e-06,1.830145312141549689e-06,1.823432595014285588e-06,1.815258781999017646e-06,1.815344616164784613e-06,1.805743772780532913e-06,1.794729179260601985e-06,1.794857335429264532e-06,1.782474425183498634e-06,1.768739787366671791e-06,1.753688768231212208e-06,1.753895434747598488e-06,1.737591221216891805e-06,1.720053148004875241e-06,1.720341149374192419e-06,1.701646421259528865e-06,1.681813142551745151e-06,1.660891698309933177e-06,1.661329166810546798e-06,1.639418853587235045e-06,1.616532615174722932e-06,1.617122432669148192e-06,1.593378026440194953e-06,1.568780153525650034e-06,1.543390544796708304e-06,1.544254241333197886e-06,1.518219934075825566e-06,1.491528945920973948e-06,1.492665076575076572e-06,1.465489854303369749e-06,1.437800342315684091e-06,1.439280204614198102e-06,1.411278134366161996e-06,1.382910346971586572e-06,1.354247561220008483e-06,1.356321154043159414e-06,1.327610853993125681e-06,1.298760271875661544e-06,1.301400861957130283e-06,1.272697286521144865e-06,1.244011262204878905e-06,1.215414803910009061e-06,1.219005011026002816e-06,1.190845767018838433e-06,1.162935206879283022e-06,1.167404506855946776e-06,1.140141321459355462e-06,1.113285634500279023e-06,1.118794819967579009e-06,1.092800628830669640e-06,1.067370822013369540e-06,1.042572239895729474e-06,1.049742050556851265e-06,1.026106792460018383e-06,1.003252786253710966e-06,1.011887232722006922e-06,9.958016475418897536e-07,9.796296725634312479e-07,9.590897460319048980e-07,9.743439012837389290e-07,9.588701319282185222e-07,9.402525811391009791e-07,9.563941182789719014e-07,9.420793527631159186e-07,9.258322160429482408e-07,9.430605457419293343e-07,9.303719322131427711e-07,9.182879433160536703e-07,9.060046262338990812e-07,9.248330663972409904e-07,9.150339759129766080e-07,9.061109369751955563e-07,9.264746013349014994e-07,9.193795793306427778e-07,9.133626641376207216e-07,9.096447376275268099e-07,9.321627341214780458e-07,9.293743240519383450e-07,9.296802285821746689e-07,9.540313377536835171e-07,9.547341104627696810e-07,9.591796663952998966e-07,9.629934581793697282e-07,9.897530770021114117e-07,9.956008910841950725e-07,1.005873537831185185e-06,1.034443321069774677e-06,1.044019829894612604e-06,1.058258881109428946e-06,1.088484247362852997e-06,1.101660798353716157e-06,1.116308871511420179e-06,1.135681826043477694e-06,1.167710758293277021e-06,1.185586952683855887e-06,1.208016625393143751e-06,1.240992872427606200e-06,1.261639767625673448e-06,1.286524771969416771e-06,1.309281740664605920e-06,1.342813067078721283e-06,1.366556622294029016e-06,1.393879895421960396e-06,1.427150657393814964e-06,1.452112463354871903e-06,1.480081845272965180e-06,1.512450791778944658e-06,1.537812696186034498e-06,1.563397788407165938e-06,1.591078373558383288e-06,1.621232372287506217e-06,1.646025436995298167e-06,1.672259519822679978e-06,1.699893511861757650e-06,1.723011460851939938e-06,1.745584496350110211e-06,1.768689501056230528e-06,1.791959153253948430e-06,1.811711588071274492e-06,1.831420027697600099e-06,1.850656213364755896e-06,1.866851059337709384e-06,1.882488141967074718e-06,1.896082066025103620e-06,1.909195829650270033e-06,1.919831677743529599e-06,1.929281312204914074e-06,1.937339080723984001e-06,1.943214971079019784e-06,1.947544800326193952e-06,1.950341358505939220e-06,1.951239900978630900e-06,1.951239900978630900e-06,1.950573275457535167e-06,1.947885635674509808e-06,1.943688548026188230e-06,1.938073844287628365e-06,1.930131609352541623e-06,1.920857015966190718e-06,1.910551100854423348e-06,1.897574736396555513e-06,1.884376185734419726e-06,1.869024816912022228e-06,1.853339147127796441e-06,1.834297091339208627e-06,1.814984281374075407e-06,1.795912778264004087e-06,1.772887906704914546e-06,1.750320853302228704e-06,1.728642954094381938e-06,1.706543049066454264e-06,1.679243062622779159e-06,1.653826239599123922e-06,1.630327687361699204e-06,1.600571886024036311e-06,1.573940494612417119e-06,1.549964799152087818e-06,1.526382807038729210e-06,1.494507144120808414e-06,1.468002687757491264e-06,1.445184332620666852e-06,1.412464070014504728e-06,1.386924996623568767e-06,1.365712363819255733e-06,1.332779337427748122e-06,1.312772562776645301e-06,1.290203835804327651e-06,1.272694896878832492e-06,1.240362865731967426e-06,1.220631270299408300e-06,1.206300536967815009e-06,1.174924372891239669e-06,1.158644781915249099e-06,1.147939687301667314e-06,1.138897827446212582e-06,1.109298354953290132e-06,1.098753399447520127e-06,1.093674527730680302e-06,1.065683704924053217e-06,1.059498551221436980e-06,1.058476062134900897e-06,1.032224292418593802e-06,1.033339099777285264e-06,1.033539482660459332e-06,1.038069047683337386e-06,1.014074286456288877e-06,1.018753985515562846e-06,1.026979751504178361e-06,1.004688866454718780e-06,1.013697680544721151e-06,1.025298032122695698e-06,1.038026385472679272e-06,1.017658675946218950e-06,1.032253214343839639e-06,1.047737985624108043e-06,1.028730524293507685e-06,1.046880851299287635e-06,1.064639294870221708e-06,1.082973157533170162e-06,1.065280152114175372e-06,1.087592596185724474e-06,1.107448306536641830e-06,1.090641368926594874e-06,1.115390928591958996e-06,1.136242810424151210e-06,1.120118541773127525e-06,1.146804592568660340e-06,1.168137481730026566e-06,1.189256549712888999e-06,1.180622103223126900e-06,1.209651299899794295e-06,1.239520174809552024e-06,1.232350364076039409e-06,1.263432522195068586e-06,1.295186987606046590e-06,1.327537650002257541e-06,1.322028464236992963e-06,1.355262790138403367e-06,1.388916782942226161e-06,1.384447482210508980e-06,1.418750686876445447e-06,1.453293774530295767e-06,1.449703565676618792e-06,1.484664147654404754e-06,1.519683405770089616e-06,1.554677933537714529e-06,1.552037338815481868e-06,1.587125010005786190e-06,1.622006800988913920e-06,1.619933199249538644e-06,1.654690020080667628e-06,1.689062449480843347e-06,1.722967784476629341e-06,1.721487902827248909e-06,1.754967308007612629e-06,1.787807098068163257e-06,1.786670934919096178e-06,1.818889276604735491e-06,1.850301959897200701e-06,1.849438211310723705e-06,1.880045598335004730e-06,1.909689244779112823e-06,1.938296244392103058e-06,1.937706335466969156e-06,1.965261079006097797e-06,1.991635245630002322e-06,1.991197643491893753e-06,2.016368057800791237e-06,2.040225622985903099e-06,2.062710575091279335e-06,2.062422362921721725e-06,2.083507668370289676e-06,2.103107746282326848e-06,2.102900792863588767e-06,2.120988422528748706e-06,2.137493159630337497e-06,2.152372974607180677e-06,2.152244402510769167e-06,2.165476613548949805e-06,2.177010420047205753e-06,2.176924050807722639e-06,2.186741400339237968e-06,2.194804235041571897e-06,2.194749788100771200e-06,2.201046037931563239e-06,2.205549640520920568e-06,2.208248709504480825e-06,2.208225421698598557e-06,2.209114826641320775e-06,2.208197164906945887e-06,2.208191280878864882e-06,2.205461199706407543e-06,2.200923798675056993e-06,2.194589987260687008e-06,2.194602091059048135e-06,2.186491060993885505e-06,2.176618530038702344e-06,2.176641523579531902e-06,2.165034853025769846e-06,2.151718897795148708e-06,2.151751343882076483e-06,2.136761396893227754e-06,2.120130762048265874e-06
1.752760474396625671e-06,1.767950334971272451e-06,1.781806341534557894e-06,1.794295057642384370e-06,1.794258905738014115e-06,1.805353328296141570e-06,1.815023330109634140e-06,1.814997379367527922e-06,1.823223099741745490e-06,1.829980962436595749e-06,1.829966714921824063e-06,1.835244625328926197e-06,1.839025722228476778e-06,1.841300974535405281e-06,1.841305968681165368e-06,1.842072445267703074e-06,1.841333540458779052e-06,1.841357081924196290e-06,1.839112303836601258e-06,1.835364616468742958e-06,1.830124080622903962e-06,1.830180741683620581e-06,1.823471461124572409e-06,1.815301688375289585e-06,1.815392228343811932e-06,1.805796824918778177e-06,1.794788481510254754e-06,1.794923781944995417e-06,1.782549002795590271e-06,1.768823584956187446e-06,1.753782986842591269e-06,1.754001398473454623e-06,1.737710388888808710e-06,1.720187125722614872e-06,1.720491703903894434e-06,1.701815494329145821e-06,1.682002866069115315e-06,1.661104410525442252e-06,1.661567429442298595e-06,1.639685469921931692e-06,1.616830649152071032e-06,1.617455228951473149e-06,1.593749231462055259e-06,1.569193737510570273e-06,1.543850824719643078e-06,1.544765904798021503e-06,1.518788064066958882e-06,1.492159046377236892e-06,1.493363098721986255e-06,1.466262223667393478e-06,1.438653986330443052e-06,1.440222580714324223e-06,1.412317258449484323e-06,1.384054822094634575e-06,1.355506606375516615e-06,1.357704632851460609e-06,1.329129303122102344e-06,1.300424928986409760e-06,1.303223692954834875e-06,1.274691011872969893e-06,1.246189382069164527e-06,1.217791621803861800e-06,1.221595655741709371e-06,1.193666212483598365e-06,1.166002289637791328e-06,1.170735940841584411e-06,1.143755709707408372e-06,1.117202477445968839e-06,1.123034519962997316e-06,1.097384490508236635e-06,1.072321048119450491e-06,1.047911922216792155e-06,1.055495155562314465e-06,1.032298141290943938e-06,1.015816796290834080e-06,1.030852754604103984e-06,1.008851495329565810e-06,9.926994170052532368e-07,9.765716941062909019e-07,9.880639846939507150e-07,9.726971511457260462e-07,9.575580093797604293e-07,9.710550145393244925e-07,9.569474555184453441e-07,9.432775513851398694e-07,9.611446766559614363e-07,9.465908796512968881e-07,9.348687372182930205e-07,9.238907756614290252e-07,9.427296770304648813e-07,9.334144588491200001e-07,9.250435666464672933e-07,9.461853615506144932e-07,9.398938160127741101e-07,9.345331291759976830e-07,9.303810481603126190e-07,9.551309286619144608e-07,9.531171107230939741e-07,9.524564198597811904e-07,9.797430751596284356e-07,9.813263605815422666e-07,9.843700290475351370e-07,9.889214238938491638e-07,1.019416441963463303e-06,1.026265304214935195e-06,1.034665301328975779e-06,1.067325373458550352e-06,1.077953356270934591e-06,1.090123529716768452e-06,1.121327425450021854e-06,1.138884403636973516e-06,1.154605616988489957e-06,1.171777749148614487e-06,1.208132818970093663e-06,1.227042385262359327e-06,1.247258512447076657e-06,1.284398304708447480e-06,1.305993706725764200e-06,1.328697642488176642e-06,1.352429227234618382e-06,1.389674630028687407e-06,1.414186735127922093e-06,1.439462099988470288e-06,1.476000334706435512e-06,1.501538133030347379e-06,1.527539067144320791e-06,1.560194263630820325e-06,1.588354487952142830e-06,1.614198846057765302e-06,1.640056309499271488e-06,1.672113521911264378e-06,1.696889709835066965e-06,1.721343269797010020e-06,1.748663173609550967e-06,1.773069445284931116e-06,1.795226822831497597e-06,1.816617451959771751e-06,1.840310733910870702e-06,1.859343184426895799e-06,1.877323729182293566e-06,1.896406567605023736e-06,1.911587393954609466e-06,1.925477753794885479e-06,1.938000391094828467e-06,1.950209582576687781e-06,1.959479158683326079e-06,1.967227211040933411e-06,1.973897723264610722e-06,1.978192249850013775e-06,1.980883278496610831e-06,1.981837508819505571e-06,1.981956272045226924e-06,1.981002041722332184e-06,1.978553580350258032e-06,1.974516764147929370e-06,1.967846251924252059e-06,1.960381215571689266e-06,1.951430218428844941e-06,1.939221026946985627e-06,1.927062910254851958e-06,1.913593528441662471e-06,1.898900793130705186e-06,1.879817954707975016e-06,1.862403397469788496e-06,1.844025714665826282e-06,1.820332432714727330e-06,1.799696291809024350e-06,1.778404060568360696e-06,1.754662244019380700e-06,1.727664550238138378e-06,1.704329871023094113e-06,1.680815213801029196e-06,1.648758001389036306e-06,1.624314783589602274e-06,1.600046968723789915e-06,1.573144929696353677e-06,1.540979373087267026e-06,1.516905815982860459e-06,1.493482388655013368e-06,1.456944153937048143e-06,1.433976660612377703e-06,1.411971398693578952e-06,1.374725995899509927e-06,1.353704571952724676e-06,1.333917257791918285e-06,1.315446814406130620e-06,1.278307022144759797e-06,1.261424750331890909e-06,1.246057145107843277e-06,1.209702075286364101e-06,1.196277849547566455e-06,1.184506955503436973e-06,1.170437342018844138e-06,1.139893921802855051e-06,1.132062885513584528e-06,1.125957822420030502e-06,1.093297750290455717e-06,1.089595705389439597e-06,1.087609908736226340e-06,1.057114890666612201e-06,1.057580663967318079e-06,1.059696250228150808e-06,1.063401379448249921e-06,1.036114724148402676e-06,1.042179253017360333e-06,1.049697891595714839e-06,1.024948011094113104e-06,1.034690859635425272e-06,1.045712741326376778e-06,1.057680968472043252e-06,1.036578222693290264e-06,1.050703229535838884e-06,1.065794643424042029e-06,1.046955742055002149e-06,1.063715633558942364e-06,1.081209152519132808e-06,1.101942911186451755e-06,1.083640517456879411e-06,1.103012552630736170e-06,1.122764140170388525e-06,1.109267135010293584e-06,1.129977081937463624e-06,1.150826870261818642e-06,1.139334579671347527e-06,1.160843340994036630e-06,1.182261096537474809e-06,1.210578209422660699e-06,1.194363942516959893e-06,1.215842648741305008e-06,1.245273279830181560e-06,1.237690046418450497e-06,1.268382748330688117e-06,1.299770849323807627e-06,1.331777350051483616e-06,1.325945307253570332e-06,1.358877178478377987e-06,1.392248217045199035e-06,1.387514565116445064e-06,1.421571132523500633e-06,1.455884419467737973e-06,1.452080383835602796e-06,1.486842267830002089e-06,1.521677131480311012e-06,1.556500764939031591e-06,1.553701996369324031e-06,1.588643459606421080e-06,1.623390280279781643e-06,1.621192244872310807e-06,1.655834495618824667e-06,1.690101573877255309e-06,1.723910160722285675e-06,1.722341546735809421e-06,1.755739676907656908e-06,1.788505119261838155e-06,1.787301033772148947e-06,1.819457404148627992e-06,1.850813619839022861e-06,1.849898486360922302e-06,1.880459175776465643e-06,1.910060441213840777e-06,1.938629029613624668e-06,1.938004355417603057e-06,1.965527677788422492e-06,1.991873486551177998e-06,1.991410329127987729e-06,2.016557749075948614e-06,2.040394657268084208e-06,2.062861083312413010e-06,2.062556285735527927e-06,2.083626771365716286e-06,2.103213634274601039e-06,2.102994923288310882e-06,2.121072117967311073e-06,2.137567619497273179e-06,2.152439286031885205e-06,2.152303550447416021e-06,2.165529490149395323e-06,2.177057833332281828e-06,2.176966732672610330e-06,2.186780013928568119e-06,2.194839381529654106e-06,2.194782012911833624e-06,2.201075836434208143e-06,2.205577463230138206e-06,2.208274966823577469e-06,2.208250488232289112e-06,2.209139045110050568e-06,2.208220849691246243e-06,2.208214721221242701e-06,2.205484662596927355e-06,2.200947531445426796e-06,2.194614219910296290e-06,2.194627038335058871e-06,2.186516924246148337e-06,2.176645498868955986e-06,2.176669777303088936e-06,2.165064561962641841e-06,2.151750224406391320e-06,2.151784443765983209e-06,2.136796419654924872e-06,2.120167852055207386e-06,2.101938857174672564e-06
1.752854548049602947e-06,1.752803669829639808e-06,1.767991080120555332e-06,1.781844788599673999e-06,1.794331363649968477e-06,1.794293233224825239e-06,1.805385846101423104e-06,1.815054214289160032e-06,1.815026814242758641e-06,1.823251279098646891e-06,1.830008090889827983e-06,1.829993009461244804e-06,1.835270317066618963e-06,1.839051058365836303e-06,1.841326220571173677e-06,1.841331410882711316e-06,1.842098393429250150e-06,1.841360330971741554e-06,1.841385081186210926e-06,1.839141912027295945e-06,1.835396271721691510e-06,1.830158263624601007e-06,1.830217980731629014e-06,1.823512337678247612e-06,1.815346843133623043e-06,1.815442367885962018e-06,1.805852728943721318e-06,1.794851010712669930e-06,1.794993886564970575e-06,1.782627731879953726e-06,1.768912096369201712e-06,1.753882558063356470e-06,1.754113438216611636e-06,1.737836449583974251e-06,1.720328916886363160e-06,1.720651106435998544e-06,1.701994575762148052e-06,1.682203896797059816e-06,1.661329881033756545e-06,1.661820068556271176e-06,1.639968264085993368e-06,1.617146862746082605e-06,1.617808425643428418e-06,1.594143296588990128e-06,1.569632901470987160e-06,1.544339687351402047e-06,1.545309460705399786e-06,1.519391728849408527e-06,1.492828683700305977e-06,1.494105048157883248e-06,1.467083329218828299e-06,1.439561625536650191e-06,1.441224694222653481e-06,1.413422379919654866e-06,1.385272108285773180e-06,1.356845867248520016e-06,1.359176361501135774e-06,1.330744705335067054e-06,1.302195952202005427e-06,1.305163054387466999e-06,1.276812225535528091e-06,1.248506784418639716e-06,1.220320395712213216e-06,1.224351852477609185e-06,1.196666771374181855e-06,1.169265055064156124e-06,1.174279676207820268e-06,1.147600108010631746e-06,1.121368168064485585e-06,1.127543071271583823e-06,1.102258407923922168e-06,1.077583767178364755e-06,1.053587796282910009e-06,1.068597214496383203e-06,1.051770315957911921e-06,1.028798297928537704e-06,1.044353461091535422e-06,1.027729498092518852e-06,1.006252935756953594e-06,9.901935362918550654e-07,1.006586323919839735e-06,9.870876497033137188e-07,9.721148780646399966e-07,9.895132277857232508e-07,9.751043414676538390e-07,9.590792803301754195e-07,9.776944466361015697e-07,9.651600135293085484e-07,9.522474376141990357e-07,9.417137927209405235e-07,9.621065382600957259e-07,9.528484920241487453e-07,9.449152817214208213e-07,9.669833694867203110e-07,9.607245598611593493e-07,9.567937301422879937e-07,9.533906632594699737e-07,9.777838989564903727e-07,9.780827149227159554e-07,9.782871530478280359e-07,1.004621531662106756e-06,1.006850352855347157e-06,1.013278488451635637e-06,1.018832743799983836e-06,1.047672706866498856e-06,1.058439119677175552e-06,1.067907315536206305e-06,1.098576709470114993e-06,1.110173779095297604e-06,1.126762122107178024e-06,1.159049698955098584e-06,1.174332137565251268e-06,1.194595325703233274e-06,1.212856090826448379e-06,1.246802389012945156e-06,1.270213290894181832e-06,1.291448933547302061e-06,1.326141571507067403e-06,1.348759823436556501e-06,1.375649328293159808e-06,1.400239437213853339e-06,1.435106098747896341e-06,1.463413384585410403e-06,1.489365182647157730e-06,1.523588947379786854e-06,1.549814565724979492e-06,1.578875922804059516e-06,1.611745196789391515e-06,1.637901266531350500e-06,1.666201194559996690e-06,1.692151704985679756e-06,1.722116797711289822e-06,1.746964418668064897e-06,1.772949818691691001e-06,1.799826787602032884e-06,1.822386847921482008e-06,1.845421038014193966e-06,1.866184619662856246e-06,1.887918784717012030e-06,1.907193447119107209e-06,1.924237647055206238e-06,1.941367436796789271e-06,1.955560007835018044e-06,1.968858184525199225e-06,1.980065559451966198e-06,1.990385413459465777e-06,1.998531366094811013e-06,2.004725939808029427e-06,2.009560857620506256e-06,2.012318107978708373e-06,2.013191993178073133e-06,2.013191993178073133e-06,2.012444034509555812e-06,2.009944042189255015e-06,2.005228142486781470e-06,1.999310821315658092e-06,1.991342713377816648e-06,1.981153760322439777e-06,1.970297297604639060e-06,1.957244003478935018e-06,1.943499858786448300e-06,1.926548438588869429e-06,1.910047023152679311e-06,1.891175095034978404e-06,1.869667155298585508e-06,1.849629967208759117e-06,1.827146798267520300e-06,1.805509974071461719e-06,1.778948889101520735e-06,1.753700460736501303e-06,1.730046584462777887e-06,1.700464754039646126e-06,1.675894539440383343e-06,1.648684589653110141e-06,1.624208797199484823e-06,1.591826588869592867e-06,1.564140056966418873e-06,1.539966425180041452e-06,1.506294996973095102e-06,1.482622720341743533e-06,1.456187034391685934e-06,1.421929920529273198e-06,1.400027438013389838e-06,1.375381212609529171e-06,1.355856582598966704e-06,1.321834979173339715e-06,1.303922988725962589e-06,1.283358700381826115e-06,1.250102508510976963e-06,1.235589732443027767e-06,1.218594827996076066e-06,1.207481884747001971e-06,1.175872038676000307e-06,1.162979110408408956e-06,1.155951658014520689e-06,1.125921056153390922e-06,1.121181208620440807e-06,1.114740897799055426e-06,1.086474711722393058e-06,1.085980840061325414e-06,1.084279062701570289e-06,1.087449762103651048e-06,1.061542471105173042e-06,1.066803648171008324e-06,1.071779376089459801e-06,1.047683993176120809e-06,1.056750929227454781e-06,1.066275623720642338e-06,1.078417242452581766e-06,1.056410888642849580e-06,1.070212722105925837e-06,1.085431534287943614e-06,1.064919051990326286e-06,1.081329946432256925e-06,1.100428856766092749e-06,1.118912072360180383e-06,1.099877514860625716e-06,1.122232771988628485e-06,1.142497957354831386e-06,1.124467764781871283e-06,1.145117687367624316e-06,1.171056188909569173e-06,1.153813627906368725e-06,1.175361441333350237e-06,1.203280075641096599e-06,1.225257207291867047e-06,1.208523752734594541e-06,1.237884931501339437e-06,1.259768253236449591e-06,1.243365920504550917e-06,1.273645467417501740e-06,1.304644766777784978e-06,1.336285901411756497e-06,1.330110997940723004e-06,1.362721576871291351e-06,1.395791952526782145e-06,1.390777330688807847e-06,1.424571691595928756e-06,1.458640616426440909e-06,1.454609158012339142e-06,1.489159670497031200e-06,1.523798345511428705e-06,1.558440126790413087e-06,1.555473020049273959e-06,1.590258862319638366e-06,1.624862009449170601e-06,1.622531506259435890e-06,1.657051782282645985e-06,1.691206695729545709e-06,1.724912274456975171e-06,1.723249185928229615e-06,1.756560782098143251e-06,1.789247067856232055e-06,1.787970669609329966e-06,1.820061066602185113e-06,1.851357172336470115e-06,1.850387344219386551e-06,1.880898333268507170e-06,1.910454497790919733e-06,1.938982215227708241e-06,1.938320554893491811e-06,1.965810454210523585e-06,1.992126103638730483e-06,1.991635772582090227e-06,2.016758746890221005e-06,2.040573699002419959e-06,2.063020438336070705e-06,2.062698020451809682e-06,2.083752765435728497e-06,2.103325595862114406e-06,2.103094403351599517e-06,2.121160523627076452e-06,2.137646226512391672e-06,2.152509250416826636e-06,2.152365919266795965e-06,2.165585211526263155e-06,2.177107765707522369e-06,2.177011653353199925e-06,2.186820626962511951e-06,2.194876324945188426e-06,2.194815865358014983e-06,2.201107123259328547e-06,2.205606662033519135e-06,2.208302512515288154e-06,2.208276777634181648e-06,2.209164441130248713e-06,2.208245685102910594e-06,2.208239302075045361e-06,2.205509271295250443e-06,2.200972429504858759e-06,2.194639650437561303e-06,2.194653228240055157e-06,2.186544086214368993e-06,2.176673833114154739e-06,2.176699473119695440e-06,2.165095799096116573e-06,2.151783174258424711e-06,2.151819270450229888e-06,2.136833280917789888e-06,2.120206900075086595e-06,2.101980239251991825e-06,2.102028694001448913e-06
1.736424040671087023e-06,1.752902793445819328e-06,1.752849167620888622e-06,1.768033986203885162e-06,1.781885263394376898e-06,1.794369572715248678e-06,1.794329347981679384e-06,1.805420044670915293e-06,1.815086682460354748e-06,1.815057746584710474e-06,1.823280880232039668e-06,1.830036576935120524e-06,1.830020609681487303e-06,1.835297275724475530e-06,1.839077636815762690e-06,1.841352699609162277e-06,1.841358093377501604e-06,1.842125607260436523e-06,1.841388432301731165e-06,1.841414458094543906e-06,1.839172988537354059e-06,1.835429512251338123e-06,1.830194177893748737e-06,1.830257129161126095e-06,1.823555337315782437e-06,1.815394374143535811e-06,1.815495180640905478e-06,1.805911651756986525e-06,1.794916958250676924e-06,1.795067868979848231e-06,1.782710864702294198e-06,1.769005611200917112e-06,1.753987814110044307e-06,1.754231934697910130e-06,1.737969839059025798e-06,1.720479019529626090e-06,1.720819925296248363e-06,1.702184313034498740e-06,1.682416971134200324e-06,1.661568945918257625e-06,1.662088031750761122e-06,1.640268308172146754e-06,1.617482466756697837e-06,1.618183387784339810e-06,1.594561758039130729e-06,1.570099371239554846e-06,1.544859068160792673e-06,1.545887075857276658e-06,1.520033350019050951e-06,1.493540559591149622e-06,1.494893933933990608e-06,1.467956516617908191e-06,1.440526973550235065e-06,1.442290660213171662e-06,1.414598051026494130e-06,1.386567232954063950e-06,1.358270886695425098e-06,1.360742440914968329e-06,1.332463764582757401e-06,1.304080695800419978e-06,1.307227000474031676e-06,1.279069733553699683e-06,1.250973081214236063e-06,1.223011599717637039e-06,1.227284995642875960e-06,1.199859818486587474e-06,1.172736920082726640e-06,1.178050235224600099e-06,1.151690208438735510e-06,1.125799633642910634e-06,1.132338702469417550e-06,1.107441977322036732e-06,1.090730577942284187e-06,1.073621993516993367e-06,1.082108593228709190e-06,1.065226032871262294e-06,1.048130582516814555e-06,1.058324650544642129e-06,1.041720338260757394e-06,1.025105213686077521e-06,1.004351734941448011e-06,1.021377457913796446e-06,1.005738423703432383e-06,9.904042918747737817e-07,1.005404588381515349e-06,9.912524920689670893e-07,9.776315266897605051e-07,9.950138596642709610e-07,9.828583208094940831e-07,9.714582182435424990e-07,9.609160115826940154e-07,9.817077766962243425e-07,9.730081389871797606e-07,9.653755178258278180e-07,9.888408541643598944e-07,9.832718187188175899e-07,9.789564319836840280e-07,9.775974246043632407e-07,1.003049692396525788e-06,1.002378528873297070e-06,1.003185422510082223e-06,1.032895633152450716e-06,1.036093492013991949e-06,1.040866304525074257e-06,1.050248576963671443e-06,1.080234079208814273e-06,1.089024850168660153e-06,1.099456975671387442e-06,1.134571748139568070e-06,1.147289093735671769e-06,1.161612513551290964e-06,1.198486326773667394e-06,1.214886328540229741e-06,1.232795795922986359e-06,1.255696498581774736e-06,1.290634610691400547e-06,1.311669945058903734e-06,1.333992223329045949e-06,1.372953278848381584e-06,1.396507127648755885e-06,1.421109571742231391e-06,1.449735079442706376e-06,1.485227592343552877e-06,1.511323312091997631e-06,1.538066309407198184e-06,1.575459466263830986e-06,1.602164367242894857e-06,1.629179712194705871e-06,1.664617824691489515e-06,1.690983891180003499e-06,1.717305343696774660e-06,1.743445486973598034e-06,1.775054175543055540e-06,1.799706252070377979e-06,1.823822058751081673e-06,1.851680086137591148e-06,1.873721334415293313e-06,1.894893025185129702e-06,1.916106551799299576e-06,1.936882361845522587e-06,1.954284849924874072e-06,1.970422083077449275e-06,1.987027370129897758e-06,1.999970908270227485e-06,2.011432926860829558e-06,2.021645612775110657e-06,2.030369292980341178e-06,2.036708728599134167e-06,2.041387829344993400e-06,2.044421760491674691e-06,2.045393451861935220e-06,2.045393451861935220e-06,2.044682529135714720e-06,2.041648597989033429e-06,2.037241466868187192e-06,2.031196444369417692e-06,2.022602912693461527e-06,2.012588256628266543e-06,2.001499612949767129e-06,1.988986206566253039e-06,1.972380919513804556e-06,1.956742270310042924e-06,1.939918639076940882e-06,1.919362862117265738e-06,1.898600351429634404e-06,1.878203875099175539e-06,1.857053971707777953e-06,1.829195944321268478e-06,1.806099490761245459e-06,1.782606471977630137e-06,1.750997783408172631e-06,1.726167810359208675e-06,1.701318642502757664e-06,1.676597446573553343e-06,1.641159334076769699e-06,1.615971258114285068e-06,1.591285049196227878e-06,1.553891892339595077e-06,1.529367120792965429e-06,1.505696237043541780e-06,1.470816015086495968e-06,1.444215593889238269e-06,1.422467754886448842e-06,1.401989093913489261e-06,1.363028038394153626e-06,1.344003483958692853e-06,1.326488906798162234e-06,1.292252809950655695e-06,1.272392887453194620e-06,1.258445747289164475e-06,1.246223585980420234e-06,1.209349772758043593e-06,1.199414192594983607e-06,1.191287709797263326e-06,1.156172937329082698e-06,1.150526309080749210e-06,1.146705932555873726e-06,1.117316767896228224e-06,1.112482440998225341e-06,1.113015609770389545e-06,1.115272157118367610e-06,1.085561946475999541e-06,1.090343635890806298e-06,1.096722451001590556e-06,1.071592901737332669e-06,1.078440061902026426e-06,1.088653073500469603e-06,1.100189528773813502e-06,1.076724192435281214e-06,1.090376702645171603e-06,1.105131129849245572e-06,1.084339364735713127e-06,1.100953571232148178e-06,1.118425190626949289e-06,1.136634180149911653e-06,1.119251847175356093e-06,1.138890831969964215e-06,1.159008470944080962e-06,1.144008174436999523e-06,1.165238740816060981e-06,1.186688971325516158e-06,1.168821599929784503e-06,1.196127135434607246e-06,1.218336982216535873e-06,1.240406146786652703e-06,1.230212078743983630e-06,1.252629096599498332e-06,1.274677340065677044e-06,1.266190740299316584e-06,1.288297377253887673e-06,1.309828336212233021e-06,1.341081532659052077e-06,1.334542463585368878e-06,1.366811677386613885e-06,1.399562511656593018e-06,1.394249195851518806e-06,1.427764738889193274e-06,1.461573759814936653e-06,1.457300362288661889e-06,1.491625967615605022e-06,1.526055853907461482e-06,1.560504073310011500e-06,1.557357764132530592e-06,1.591977922095575517e-06,1.626428089419550390e-06,1.623956526267427878e-06,1.658346907481876911e-06,1.692382367288967594e-06,1.725978240757045777e-06,1.724214534023918452e-06,1.757433969244084593e-06,1.790035952908812129e-06,1.788682544139451392e-06,1.820702685570813905e-06,1.851934784202725454e-06,1.850906720367805166e-06,1.881364796658130505e-06,1.910872950743978808e-06,1.939357166289854529e-06,1.938656144710754146e-06,1.966110480380416911e-06,1.992394044504212211e-06,1.991874809947371976e-06,2.016971787646801729e-06,2.040763395662133170e-06,2.063189208475465242e-06,2.062848065078871203e-06,2.083886086295765056e-06,2.103444011704725627e-06,2.103199565184955623e-06,2.121253928989375220e-06,2.137729232793377684e-06,2.152583087264641572e-06,2.152431700117298536e-06,2.165643944293341719e-06,2.177160362673809718e-06,2.177058940301143090e-06,2.186863351585890058e-06,2.194915164581015788e-06,2.194851434078329534e-06,2.201139978361677935e-06,2.205637309968090289e-06,2.208331414285556323e-06,2.208304353706768641e-06,2.209191075888368453e-06,2.208271730876382046e-06,2.208265082778389676e-06,2.205535085703889461e-06,2.200998554197892543e-06,2.194666342434052309e-06,2.194680727354232142e-06,2.186572617153613278e-06,2.176703607342151241e-06,2.176730690505675704e-06,2.165128649369684865e-06,2.151817838288119104e-06,2.151855921362627696e-06,2.136872085072725497e-06,2.120248017911356686e-06,2.102023826016771021e-06,2.102074900375580936e-06,2.082297365937187774e-06
1.718744608723882387e-06,1.736477945993617669e-06,1.752953632570731994e-06,1.752897100566208539e-06,1.768079177257104377e-06,1.781927881665671611e-06,1.794409792789640826e-06,1.794367350682106807e-06,1.805456017945280642e-06,1.815120822406763149e-06,1.815090258630345633e-06,1.823311980482400532e-06,1.830066493711704782e-06,1.830049585267408760e-06,1.835325568338978377e-06,1.839105522840113129e-06,1.841380476087959469e-06,1.841386080821055262e-06,1.842154152775481574e-06,1.841417913079395926e-06,1.841445285286127423e-06,1.839205611550102401e-06,1.835464423498002489e-06,1.830231918031253207e-06,1.830298292855144581e-06,1.823600579569385798e-06,1.815444417229316480e-06,1.815550821677061217e-06,1.805973770968737058e-06,1.794986527959039194e-06,1.795145963360194565e-06,1.782798670355195586e-06,1.769104438577506148e-06,1.754099109833464235e-06,1.754357294821306835e-06,1.738111023298925123e-06,1.720637966511392080e-06,1.720998768845557518e-06,1.702385399545370711e-06,1.682642878040011185e-06,1.661822501287313901e-06,1.662372335022335705e-06,1.640586752042375601e-06,1.617838760216318015e-06,1.618581580301901964e-06,1.595006264873999975e-06,1.570594999858689404e-06,1.545411045721939308e-06,1.546501077708837749e-06,1.520715529153441509e-06,1.494297576973993156e-06,1.495732989616014720e-06,1.468885381519910775e-06,1.441554021794073551e-06,1.443424901853411351e-06,1.415849165018226248e-06,1.387945600172586045e-06,1.359787622803021623e-06,1.362409428849140972e-06,1.334293686419022377e-06,1.306087063721426912e-06,1.309424186555427640e-06,1.281472998056104520e-06,1.253598599050102689e-06,1.225876484741938837e-06,1.230407322397718594e-06,1.203258641012299537e-06,1.176432287392024839e-06,1.182063203022366233e-06,1.156042846658100787e-06,1.130515029359068074e-06,1.146159148211657831e-06,1.129260003261919316e-06,1.104269332513953215e-06,1.087073238571164533e-06,1.103106577966792719e-06,1.079130615314747871e-06,1.062018103502040746e-06,1.078689179253071176e-06,1.056230689960919902e-06,1.039685733719479944e-06,1.023257734876652847e-06,1.040902854885346405e-06,1.021307221415798212e-06,1.006185821487052753e-06,1.024966541989674353e-06,1.008137535371554845e-06,9.948514940497547263e-07,1.014990240583778901e-06,1.002708431712694723e-06,9.904775055527683160e-07,9.804529669319016588e-07,1.002559005113344221e-06,9.941948859213379823e-07,9.872171269067025262e-07,1.011144275659256685e-06,1.006985558174963946e-06,1.003458226443395156e-06,1.001320696334719845e-06,1.027744747213284939e-06,1.029861979158684546e-06,1.031626940883273144e-06,1.060093153956031120e-06,1.066825249389143349e-06,1.072652011127738712e-06,1.080134042500854257e-06,1.111182756366709329e-06,1.124315656547055399e-06,1.135893837253029055e-06,1.168765015086329782e-06,1.186141647750389186e-06,1.201626116061460856e-06,1.236042491205837456e-06,1.257235246565115356e-06,1.276275117795411596e-06,1.296772846903607533e-06,1.332642406036505260e-06,1.358363853228802918e-06,1.381705722466805835e-06,1.418064491173573428e-06,1.446018055840073472e-06,1.471488552158202664e-06,1.497854215370569423e-06,1.533921674658040730e-06,1.563773565787956099e-06,1.591107840862795130e-06,1.626082183909340946e-06,1.655958564076947377e-06,1.683300759559307865e-06,1.716400087508520030e-06,1.743085880329865874e-06,1.771629052299103895e-06,1.797689432552569093e-06,1.827111122198679572e-06,1.853280036961637889e-06,1.876985283328823977e-06,1.902698237106034835e-06,1.925552940591173733e-06,1.945977711099107746e-06,1.965300595445153285e-06,1.985044561524512679e-06,2.002309953169825741e-06,2.017268696283545647e-06,2.031823653022362843e-06,2.044016282163553825e-06,2.054013020468043676e-06,2.062378085393074067e-06,2.069454745210023830e-06,2.074253913875645074e-06,2.077164221661836722e-06,2.078364894212987919e-06,2.078364894212987919e-06,2.077297788050016471e-06,2.074660411379622676e-06,2.070020070424229509e-06,2.063074930104782740e-06,2.055029307449597809e-06,2.045392880895471736e-06,2.033448138683381744e-06,2.019058370802220926e-06,2.004577494179183185e-06,1.987658955569783731e-06,1.968122949114368904e-06,1.949444087400527861e-06,1.929764882966849587e-06,1.907474159137298872e-06,1.882056681235912265e-06,1.859337063429907561e-06,1.833927256919409487e-06,1.804870390244947979e-06,1.780084113616252236e-06,1.752537920114143057e-06,1.727423095347900568e-06,1.694800009344870512e-06,1.669249238270266969e-06,1.640807536143201344e-06,1.606382525335466780e-06,1.581233526330057675e-06,1.553159702988680940e-06,1.517708368800773684e-06,1.493952318737346890e-06,1.471312104079374260e-06,1.445719220579952693e-06,1.410054619845150288e-06,1.389994638306742669e-06,1.367058262188692691e-06,1.331913539822402069e-06,1.315153187175279533e-06,1.300076051381869664e-06,1.282338693790987587e-06,1.248651341212091963e-06,1.237567751752533536e-06,1.224102094938542610e-06,1.191930529903551928e-06,1.185164423437851987e-06,1.176393209193749795e-06,1.145986732103681343e-06,1.143689498762709730e-06,1.143216190830633740e-06,1.141490363111417105e-06,1.113526626677506962e-06,1.117411298971741391e-06,1.120694869501755682e-06,1.094645220857479613e-06,1.102667412586875667e-06,1.112172081527668668e-06,1.122248965125857540e-06,1.098456343722998392e-06,1.111544425290511096e-06,1.126111530492434894e-06,1.103952452261133941e-06,1.120148403099692825e-06,1.138812554738792107e-06,1.157362442093581947e-06,1.136856965319586940e-06,1.156270183892950172e-06,1.179767420508927776e-06,1.160395364957035693e-06,1.181526208734931553e-06,1.207870364533796536e-06,1.189402048381633249e-06,1.211655175096556574e-06,1.233909641389359536e-06,1.263122309339015999e-06,1.245276255419640145e-06,1.267823752193972594e-06,1.298483442291183891e-06,1.281044073934778777e-06,1.303348385020135825e-06,1.334896294465995625e-06,1.356639826411835156e-06,1.339257859365182326e-06,1.371164315690501192e-06,1.403575479564756555e-06,1.397944563302676813e-06,1.431163561594240847e-06,1.464696086792777227e-06,1.460165247585606441e-06,1.494251485779007642e-06,1.528459118796100426e-06,1.562701259837783452e-06,1.559364132557983340e-06,1.593807844487347782e-06,1.628095077946637202e-06,1.625473262983018089e-06,1.659725275290108426e-06,1.693633481805009082e-06,1.727112482792243801e-06,1.725241582449119398e-06,1.758362834005479920e-06,1.790875007991548150e-06,1.789439560294701721e-06,1.821384862641844486e-06,1.852548782904605119e-06,1.851458693393743643e-06,1.881860419002844789e-06,1.911317449150985213e-06,1.939755347745077242e-06,1.939012423919313920e-06,1.966428906176900676e-06,1.992678325159115178e-06,1.992128337343754492e-06,2.017197660311527196e-06,2.040964440645371124e-06,2.063368002080503479e-06,2.063006952451671640e-06,2.084027199890234551e-06,2.103569288645314639e-06,2.103310763553059595e-06,2.121352643064127150e-06,2.137816907280799169e-06,2.152661030551884355e-06,2.152501096590856610e-06,2.165705865761706518e-06,2.177215778936162778e-06,2.177108728904339156e-06,2.186908306812242798e-06,2.194956005709316530e-06,2.194888812960133459e-06,2.201174486354229367e-06,2.205669484264360847e-06,2.208361743680796941e-06,2.208333283839724138e-06,2.209219013993938317e-06,2.208299050085034739e-06,2.208292125996094880e-06,2.205562169104730533e-06,2.201025970359889214e-06,2.194694363147083372e-06,2.194709606127297448e-06,2.186602591447048459e-06,2.176734900548811517e-06,2.176763513703527940e-06,2.165163202866746966e-06,2.151854312979188682e-06,2.151894499915861305e-06,2.136912942962759638e-06,2.120291324314373024e-06,2.102069744581702524e-06,2.102123589884478238e-06,2.082348980866698261e-06,2.061065265660508399e-06
1.718874699079382218e-06,1.718804843396178754e-06,1.736534772971701531e-06,1.753007216377807940e-06,1.752947609796910612e-06,1.768126785067450215e-06,1.781972766356533468e-06,1.794452138495452816e-06,1.794407348177653832e-06,1.805493865584563054e-06,1.815156727209198763e-06,1.815124437530866483e-06,1.823344661763402301e-06,1.830097918636249355e-06,1.830080009934605638e-06,1.835355265784043416e-06,1.839134785403236571e-06,1.841409618077791943e-06,1.841415441500337346e-06,1.842184099698083622e-06,1.841448845809786269e-06,1.841477639534049781e-06,1.839239863754965525e-06,1.835501095899188888e-06,1.830271584262183080e-06,1.830341584100478588e-06,1.823648191326181168e-06,1.815497116714239084e-06,1.815609455922860314e-06,1.806039275654081603e-06,1.795059937016450880e-06,1.795228419407146342e-06,1.782891435993443720e-06,1.769208908605324956e-06,1.754216824414612795e-06,1.754489953653231357e-06,1.738260500820820894e-06,1.720806328190270052e-06,1.721188288575324689e-06,1.702598578190078365e-06,1.682882463147807070e-06,1.662091507996183104e-06,1.662674068172387442e-06,1.640924829502180423e-06,1.618217137422564235e-06,1.619004576002391764e-06,1.595478588053694322e-06,1.571121777817131827e-06,1.545997853257881769e-06,1.547153967354285901e-06,1.521441062384604030e-06,1.495102856310780489e-06,1.496625691504805499e-06,1.469873789876344098e-06,1.442647062063659821e-06,1.444632175427880640e-06,1.417180983824831692e-06,1.389413021232147060e-06,1.361402482530492399e-06,1.364184376848027863e-06,1.336242218498263590e-06,1.308223553840555708e-06,1.311763917381202687e-06,1.284032189791515963e-06,1.256394436175049828e-06,1.228927140284165136e-06,1.233731979333095709e-06,1.206877510375603828e-06,1.180366622663232730e-06,1.186335310339605103e-06,1.169997036697022634e-06,1.153031750451611700e-06,1.160368715056974882e-06,1.143350352445390078e-06,1.125875005120017111e-06,1.100952943685770160e-06,1.117526855891424252e-06,1.099991209892570957e-06,1.076400372495476849e-06,1.093677007068661899e-06,1.076574258704409962e-06,1.059520981397770231e-06,1.038543501631930441e-06,1.056888876357610834e-06,1.041028514032068834e-06,1.022671103731058112e-06,1.042233945514046455e-06,1.028115846779429597e-06,1.014634292507029560e-06,1.033897680600605243e-06,1.022063266916527842e-06,1.011103777009097965e-06,1.000982326289055791e-06,1.024066736151751143e-06,1.016127158307038797e-06,1.010193391356944912e-06,1.035178146417738207e-06,1.030693647529173955e-06,1.027599271702283612e-06,1.027992738415375919e-06,1.055561595731205664e-06,1.056421391929771069e-06,1.061541862595591369e-06,1.091197516905036195e-06,1.096201427753402955e-06,1.102896829111022191e-06,1.114659262816820473e-06,1.146918506790386543e-06,1.157831999882150600e-06,1.174084514386294516e-06,1.208143122775087941e-06,1.223104875857051007e-06,1.243468604188942420e-06,1.279010964737908970e-06,1.297683043633928018e-06,1.317881453434536236e-06,1.343241412687675758e-06,1.380092504653522390e-06,1.403296730500952195e-06,1.431262523957512368e-06,1.468440068418292048e-06,1.493926777651916200e-06,1.520376276244294893e-06,1.550769713529835599e-06,1.587373895172451355e-06,1.614922041376575605e-06,1.645715382954485508e-06,1.680965792832765821e-06,1.708623924260801659e-06,1.736410188528304735e-06,1.771852857148585793e-06,1.798585097769877208e-06,1.825061229830076588e-06,1.852911306231407931e-06,1.881890102236997090e-06,1.906026373093732984e-06,1.930793604180122712e-06,1.955731852438811875e-06,1.976563765765763112e-06,1.996289818288025049e-06,2.015678255122533934e-06,2.034216485939206988e-06,2.049505098451777826e-06,2.063879483148141040e-06,2.076931998765880201e-06,2.087157209127618851e-06,2.095720506656776811e-06,2.102663228338071833e-06,2.107908357631752644e-06,2.110891671793561820e-06,2.111837206365070690e-06,2.111837206365070690e-06,2.111033389766143507e-06,2.108339735067021095e-06,2.103228553552277512e-06,2.096460235210553358e-06,2.088236509722901492e-06,2.078394716311985289e-06,2.065503968809159941e-06,2.051407819780010671e-06,2.036628667150162453e-06,2.018292649167804986e-06,1.999293904945082495e-06,1.980255287405924475e-06,1.960219471789457047e-06,1.935569526211386325e-06,1.911431870218886248e-06,1.888348274578748579e-06,1.859727440952137846e-06,1.832719690703960509e-06,1.807603958221211996e-06,1.782404279051067653e-06,1.746961610430786595e-06,1.720891535986427686e-06,1.695143962577349829e-06,1.660440735188345906e-06,1.631215007118558630e-06,1.605994754111885624e-06,1.570007741860475809e-06,1.541545840266405660e-06,1.517872304759730762e-06,1.495393883081497754e-06,1.458917253363891632e-06,1.433494748401269708e-06,1.413772679325848086e-06,1.377657268839863189e-06,1.355282163788856350e-06,1.339041442298660424e-06,1.324561307612233217e-06,1.289764806774092551e-06,1.273076853233078620e-06,1.262760211935437972e-06,1.229421594238507344e-06,1.217309858245822885e-06,1.211463423524297671e-06,1.179869715643860939e-06,1.172704251701710549e-06,1.171454578398043977e-06,1.172066111785983432e-06,1.142939071750977354e-06,1.143060474532467455e-06,1.148110493398200899e-06,1.120942860703846451e-06,1.126180682628989649e-06,1.135412863438405338e-06,1.146122414233921400e-06,1.121298080823545768e-06,1.133365182316487226e-06,1.147648320407092694e-06,1.124534851668146252e-06,1.141059606133575800e-06,1.158404822002748111e-06,1.176617285589247584e-06,1.157353897495647336e-06,1.177186839553412513e-06,1.197610966956156359e-06,1.177471982250170504e-06,1.202647907467646431e-06,1.224669189140508621e-06,1.205511011279443330e-06,1.233363559878418238e-06,1.256363927471612129e-06,1.279282823097347407e-06,1.260833502573221969e-06,1.291267282146986827e-06,1.314313221024212707e-06,1.296329807976800304e-06,1.327998549745535700e-06,1.350625773324785080e-06,1.372599507778075155e-06,1.365262542958241538e-06,1.386976504624949081e-06,1.407847586989454472e-06,1.401878898713049252e-06,1.434782431134819817e-06,1.468020743950254216e-06,1.463215903401424382e-06,1.497047323235140640e-06,1.531018310925125750e-06,1.565040991122246745e-06,1.561500623200163451e-06,1.595756377148484747e-06,1.629870026574178394e-06,1.627088123365152159e-06,1.661192696998472539e-06,1.694965301208729555e-06,1.728319756849121011e-06,1.726334623002555937e-06,1.759351242338475842e-06,1.791767709411547062e-06,1.790244838545083538e-06,1.822110393957297577e-06,1.853201669548318431e-06,1.852045496534237746e-06,1.882387190807237309e-06,1.911789763989445320e-06,1.940178332418163474e-06,1.939390786835721083e-06,1.966766965423894969e-06,1.992980035421531363e-06,1.992397315639939613e-06,2.017437210526004954e-06,2.041177576848300968e-06,2.063557470633267366e-06,2.063175252906144000e-06,2.084176604696553873e-06,2.103701861689291006e-06,2.103428377549809481e-06,2.121456995839128327e-06,2.137909536973423573e-06,2.152743329779595676e-06,2.152574325614719209e-06,2.165771164695742789e-06,2.177274179044420452e-06,2.177161163030343187e-06,2.186955618985920651e-06,2.194998959976473436e-06,2.194928101479214946e-06,2.201210736804468455e-06,2.205703266608513234e-06,2.208393576324554113e-06,2.208363639228605962e-06,2.209248323687030559e-06,2.208327709343388563e-06,2.208320497921963831e-06,2.205590588366133228e-06,2.201054746533234282e-06,2.194723783708857217e-06,2.194739939124038725e-06,2.186634087871103972e-06,2.176767796445646614e-06,2.176798032034687817e-06,2.165199555150926673e-06,2.151892700732306445e-06,2.151935115909495803e-06,2.136955972318866392e-06,2.120336945452818654e-06,2.102118130035820255e-06,2.102174906998626214e-06,2.082403392388616368e-06,2.061122930240169426e-06,2.061189599853880703e-06
1.700003888324482809e-06,1.718941997365514784e-06,1.718868367911288540e-06,1.736594693082622285e-06,1.753063705382109423e-06,1.753000845351045164e-06,1.768176949702837015e-06,1.782020048095041260e-06,1.794496731576857001e-06,1.794449453912822690e-06,1.805533693349403894e-06,1.815194495595720645e-06,1.815160375673144858e-06,1.823379010857714319e-06,1.830130933676216829e-06,1.830111961683811962e-06,1.835386443010288367e-06,1.839165497400341011e-06,1.841440197502673268e-06,1.841446247554906537e-06,1.842215521687383747e-06,1.841481307109670781e-06,1.841511602003563274e-06,1.839275832630443351e-06,1.835539625208883513e-06,1.830313282801958278e-06,1.830387122012734885e-06,1.823698307325681526e-06,1.815552626005822847e-06,1.815671258857178247e-06,1.806108367168364656e-06,1.795137416907929497e-06,1.795315503487014091e-06,1.782989468169140656e-06,1.769319373938374882e-06,1.754341363200219629e-06,1.754630376566259071e-06,1.738418805170595061e-06,1.720984715323805502e-06,1.721389182465001482e-06,1.702824645237441929e-06,1.683136633229965883e-06,1.662376996775166803e-06,1.662994400680776067e-06,1.641283865010220599e-06,1.618619095582856471e-06,1.619454064257980544e-06,1.595980630283999437e-06,1.571681844183596847e-06,1.546621891197455919e-06,1.547848433653905266e-06,1.522212956253674932e-06,1.495959753351341392e-06,1.497575778460555614e-06,1.470925900022145577e-06,1.443810711076499616e-06,1.445917597558713717e-06,1.418599168168316468e-06,1.390975747868150653e-06,1.363122358287554262e-06,1.366074870414873813e-06,1.338317694585170576e-06,1.310499306068102520e-06,1.314256199549915700e-06,1.286758245162454939e-06,1.259372524368703308e-06,1.232176561383487422e-06,1.237273094756445329e-06,1.210731760067050620e-06,1.194491346879839920e-06,1.210843793606747332e-06,1.184326527242193844e-06,1.167214905265567897e-06,1.183887680954039463e-06,1.157863210822748636e-06,1.140296255476332559e-06,1.122372348789102146e-06,1.132430296269055937e-06,1.114876013618836373e-06,1.097176058973556405e-06,1.115073428183482251e-06,1.092193056706926825e-06,1.075246426158542071e-06,1.058490794283953785e-06,1.073553701651755490e-06,1.057915156675060262e-06,1.042714430070811134e-06,1.063016229468574316e-06,1.046524673265510194e-06,1.033444125210336495e-06,1.055256592126578870e-06,1.042376902741850122e-06,1.031961143136052762e-06,1.022585373535409471e-06,1.046675198139055808e-06,1.039424442659819494e-06,1.033431877438573162e-06,1.059384126108898353e-06,1.056806324826366883e-06,1.054596741927846207e-06,1.053916875094592719e-06,1.084827126214475847e-06,1.086695147560220797e-06,1.090220489448043005e-06,1.120971117733543754e-06,1.130004178458009451e-06,1.137846333974704080e-06,1.147451948583802841e-06,1.184410241144019771e-06,1.196524729346505216e-06,1.210387498457853552e-06,1.249369099311017883e-06,1.265542585985693930e-06,1.283380756297606228e-06,1.319974947259042718e-06,1.343727293752198242e-06,1.365083776912069280e-06,1.387889234412786680e-06,1.429452066025909476e-06,1.453700629780138314e-06,1.479152010033717992e-06,1.517089397028461602e-06,1.547025696756489791e-06,1.574286129626817176e-06,1.602324212116409058e-06,1.642506497116061626e-06,1.670621674270149721e-06,1.699149638239650213e-06,1.734618249758486775e-06,1.765264537252587408e-06,1.793223016555252432e-06,1.826224274983852005e-06,1.855209466693564417e-06,1.881519928370080533e-06,1.907309435087908003e-06,1.937466714283051559e-06,1.961081086877748854e-06,1.983801939934420816e-06,2.007889249758056098e-06,2.029147410692689578e-06,2.047874046830506904e-06,2.065261880380300160e-06,2.083292021042151100e-06,2.097247595663743462e-06,2.109619903488114150e-06,2.121103351423215659e-06,2.130139272462633191e-06,2.136990341133566554e-06,2.142055406176097319e-06,2.145353816410318855e-06,2.146406407491582298e-06,2.146406407491582298e-06,2.145647423181829620e-06,2.142349012947608083e-06,2.137590457818956011e-06,2.131071746894564219e-06,2.122249998501393617e-06,2.110923606762760644e-06,2.098974528919493302e-06,2.085507437765140490e-06,2.067477297103289550e-06,2.050656574776228120e-06,2.032589155061253158e-06,2.011822205347380417e-06,1.988008547876679572e-06,1.966171752803053659e-06,1.943574105798930258e-06,1.913416826603786278e-06,1.888790013971996256e-06,1.863801228455772820e-06,1.835848591212798859e-06,1.803308033929385280e-06,1.777026431506857893e-06,1.747710896640880949e-06,1.712783370897006790e-06,1.686332696948725048e-06,1.660509754262924366e-06,1.620327469263271798e-06,1.594804919601984744e-06,1.570290400424464234e-06,1.542623319537404978e-06,1.505398699336670886e-06,1.483169571611763291e-06,1.462386139039283037e-06,1.420823307426160241e-06,1.401726820648541521e-06,1.384322410666621922e-06,1.363983837647216721e-06,1.328168587894683762e-06,1.314759584405972755e-06,1.303245815358355856e-06,1.264264214505191738e-06,1.255284137184771370e-06,1.248266118767045820e-06,1.211307826206828889e-06,1.207001717129443816e-06,1.204649904035557014e-06,1.200702122549521379e-06,1.170533842507909543e-06,1.172838624174521342e-06,1.176947322261305893e-06,1.146037071141422765e-06,1.152823375873823735e-06,1.161251400459271106e-06,1.169926498982726775e-06,1.144188990479538246e-06,1.156568233232925308e-06,1.170260949231648211e-06,1.146171124628001662e-06,1.162024523467797842e-06,1.178933850891687279e-06,1.198609247039715713e-06,1.176490870440592236e-06,1.196037887239815958e-06,1.219496327091745578e-06,1.198651502590746081e-06,1.220214587661984685e-06,1.242135600868303114e-06,1.227072693499407254e-06,1.250013111598427841e-06,1.273029742181258515e-06,1.303015114725575452e-06,1.283951621127600706e-06,1.307443828567732650e-06,1.330629135903050131e-06,1.320571188383611263e-06,1.343951233689511064e-06,1.366786770362803754e-06,1.399654504017242040e-06,1.381207835271191309e-06,1.403179003960035962e-06,1.436334668649172923e-06,1.417983986676517753e-06,1.438636681000947037e-06,1.471561859594132041e-06,1.466465324774471718e-06,1.500025411762680743e-06,1.533744366696002556e-06,1.567533273760842391e-06,1.563776375968254714e-06,1.597831853842661628e-06,1.631760520804623412e-06,1.628807999823121927e-06,1.662755424342494667e-06,1.696383486223008310e-06,1.729605179551661517e-06,1.727498272404800495e-06,1.760403352582535895e-06,1.792717796035222357e-06,1.791101734648552410e-06,1.822882286068507028e-06,1.853896133006516647e-06,1.852669530232666896e-06,1.882947251156627817e-06,1.912291797983543834e-06,1.940627809701018946e-06,1.939792730687788355e-06,1.967125982600168367e-06,1.993300344789900594e-06,1.992682775581693823e-06,2.017691345072992660e-06,2.041403600542644443e-06,2.063758312105774950e-06,2.063353577178705386e-06,2.084334834221882017e-06,2.103842196148442785e-06,2.103552812434004432e-06,2.121567339847595741e-06,2.138007428263351390e-06,2.152830251107816387e-06,2.152651618413619518e-06,2.165840042128047099e-06,2.177335738083079253e-06,2.177216395610777203e-06,2.187005422278419687e-06,2.195044145826644118e-06,2.194969405064099674e-06,2.201248824551349697e-06,2.205738743422521577e-06,2.208426992170067252e-06,2.208395495108081581e-06,2.209279077059421883e-06,2.208357779022655325e-06,2.208350268494468524e-06,2.205620414163893509e-06,2.201084955198180022e-06,2.194754679381340759e-06,2.194771805286984333e-06,2.186667189879318507e-06,2.176802383767960224e-06,2.176834340234804850e-06,2.165237807631108225e-06,2.151933110262308454e-06,2.151977885961561577e-06,2.137001298228003781e-06,2.120385015420101679e-06,2.102169125991040922e-06,2.102229005337285173e-06,2.082460764596972244e-06,2.061183743420890946e-06,2.061254017163722176e-06,2.038522012048301907e-06
1.679974595279343069e-06,1.700079055085663804e-06,1.719012997984906410e-06,1.718935376885175232e-06,1.736657888757162278e-06,1.753123270321406990e-06,1.753056966787454299e-06,1.768229820080660440e-06,1.782069865719908240e-06,1.794543701384260685e-06,1.794493788370577391e-06,1.805575613510141971e-06,1.815234232316996451e-06,1.815198171024234285e-06,1.823415119733808870e-06,1.830165625642390205e-06,1.830145523072898328e-06,1.835419179300629615e-06,1.839197735901246915e-06,1.841472290377370470e-06,1.841478575212723181e-06,1.842248496578917446e-06,1.841515377960690846e-06,1.841547258525393125e-06,1.839313610746540048e-06,1.835580112839236339e-06,1.830357126248754509e-06,1.830435032992458025e-06,1.823751070694360525e-06,1.815611108225541461e-06,1.815736417253097579e-06,1.806181260026388209e-06,1.795219214463712857e-06,1.795407499857197119e-06,1.783093094275459417e-06,1.769436211474586751e-06,1.754473159690523531e-06,1.754779061562029524e-06,1.738586507629726685e-06,1.721173782213702926e-06,1.721602198626196307e-06,1.703064454539899504e-06,1.683406361048294793e-06,1.662680073802117129e-06,1.663334588090512590e-06,1.641665280973874794e-06,1.619046243128704551e-06,1.619931860457241406e-06,1.596514436730660088e-06,1.572277498722805266e-06,1.547285740841887155e-06,1.548587368611067362e-06,1.523034444969416794e-06,1.496871878455847158e-06,1.498587273482936082e-06,1.472046186718390544e-06,1.445049937193142698e-06,1.447286674831164675e-06,1.420109810328568290e-06,1.392640508411622859e-06,1.364954667723328066e-06,1.368089072697759946e-06,1.340529082402091575e-06,1.312924154625457930e-06,1.316911798483180696e-06,1.289662928164551717e-06,1.262545696109989284e-06,1.235638721273886871e-06,1.252236655665739241e-06,1.236059503144666308e-06,1.208979153677063996e-06,1.225803018641316935e-06,1.208595363332253938e-06,1.181803777905044220e-06,1.198998301731728212e-06,1.181175687869714390e-06,1.155179120746188840e-06,1.137199079972340288e-06,1.154953518943947604e-06,1.136763960223013599e-06,1.112623187878658921e-06,1.131191233146334821e-06,1.113613679855048402e-06,1.091618648055234538e-06,1.075037320892221244e-06,1.094836020021116416e-06,1.078817347339969464e-06,1.060658916506739057e-06,1.081824728265909139e-06,1.067834032913188724e-06,1.053175355855502426e-06,1.075943131925854247e-06,1.064553338606932431e-06,1.053882703313163773e-06,1.045154696152433690e-06,1.070207293663735255e-06,1.063191244640156207e-06,1.058742069029536837e-06,1.085845699274249483e-06,1.082630482594607231e-06,1.083018118576366237e-06,1.083329685147135627e-06,1.113182388141511306e-06,1.115777425572507166e-06,1.123176601198571874e-06,1.155197396303519485e-06,1.162210370653488454e-06,1.174555354046319982e-06,1.185384881961599886e-06,1.220039902840919990e-06,1.237085922930479826e-06,1.252203063608378923e-06,1.288596449121286404e-06,1.305951596195794455e-06,1.328996836930364114e-06,1.366731295906863433e-06,1.387774913258625443e-06,1.414263507471429980e-06,1.438202179610241304e-06,1.476925630400336154e-06,1.502310523414484298e-06,1.532473917431648498e-06,1.571165502499971251e-06,1.598517104912897408e-06,1.629992820211252199e-06,1.658720241386609918e-06,1.696226512948163376e-06,1.725040179412562598e-06,1.756868763691789114e-06,1.792457937645014933e-06,1.820792861963036058e-06,1.851311900791928513e-06,1.884103512603935257e-06,1.910841414705858890e-06,1.938933821166433877e-06,1.964322475485106232e-06,1.992111449612002776e-06,2.015277124445103135e-06,2.038671998882877607e-06,2.061729349857442288e-06,2.080851627626797844e-06,2.099510749181408942e-06,2.115645110088448522e-06,2.131428072608722996e-06,2.144085576212473262e-06,2.155423928901374473e-06,2.165141639118013064e-06,2.172155714767157535e-06,2.177357312681769884e-06,2.180510408301427030e-06,2.181821487308857150e-06,2.181821487308857150e-06,2.180660827649019119e-06,2.177815254097635997e-06,2.172792993368827441e-06,2.166132247569259166e-06,2.156570575979552432e-06,2.145471253177380398e-06,2.133264638466257990e-06,2.117668820033659863e-06,2.102077841676297512e-06,2.083814337046721999e-06,2.065396021803808033e-06,2.042604954472201926e-06,2.019760924810645515e-06,1.997539957658175445e-06,1.970086559766263319e-06,1.945822664744411218e-06,1.918599042376495829e-06,1.893273346245539843e-06,1.860936217020875367e-06,1.831557800746977165e-06,1.805013464059443932e-06,1.769961410574183287e-06,1.739593556707371148e-06,1.712995823037460391e-06,1.676106097688346746e-06,1.649859213312879606e-06,1.620410057018630421e-06,1.595981619253549543e-06,1.558007839940591874e-06,1.530298535005380424e-06,1.508338122558672263e-06,1.470380192086162385e-06,1.450136734705691681e-06,1.426800861433054585e-06,1.409945074707342253e-06,1.373005727318538117e-06,1.353603441121446458e-06,1.340931413984490798e-06,1.305319051247485441e-06,1.295104772726861044e-06,1.282446504028182185e-06,1.248528038442545757e-06,1.243033643748072778e-06,1.235562276603117136e-06,1.234318480517529186e-06,1.202907606014549287e-06,1.200845868548374162e-06,1.204360138030008568e-06,1.174993048967243182e-06,1.180861744864086183e-06,1.186442326472257074e-06,1.196144881615890295e-06,1.169284441903365259e-06,1.180065127272218770e-06,1.193722950543440383e-06,1.168718789477829497e-06,1.184029092638561711e-06,1.201471058343115998e-06,1.219579467237849278e-06,1.196528010768631223e-06,1.218173005856448198e-06,1.238829855514512045e-06,1.217139014129828792e-06,1.242432012651650009e-06,1.264983966601707882e-06,1.244408730274443343e-06,1.267300066870511589e-06,1.296523969043815549e-06,1.320294704509538536e-06,1.300564874414766563e-06,1.331912766614150392e-06,1.355984078376643225e-06,1.336812838377864828e-06,1.360371073139373474e-06,1.393421091536378565e-06,1.416550480173512009e-06,1.397570600824832260e-06,1.431238164348176394e-06,1.453309898686668046e-06,1.434470028283870707e-06,1.468194656669262194e-06,1.488756148142559034e-06,1.469927484937896567e-06,1.503198583839570913e-06,1.536649050103247050e-06,1.570188873173980986e-06,1.566201225082419726e-06,1.600043242291067289e-06,1.633774723785084800e-06,1.630640310005422713e-06,1.664420185653105131e-06,1.697894129128381463e-06,1.730974257486751856e-06,1.728737499019277663e-06,1.761523639503119656e-06,1.793729290868398745e-06,1.792013858973442698e-06,1.823703773194604370e-06,1.854635065295277414e-06,1.853333375805335580e-06,1.883542899833101080e-06,1.912825596318427447e-06,1.941105595003217035e-06,1.940219863928941693e-06,1.967507380134980092e-06,1.993640508827804287e-06,1.992985823364490291e-06,2.017961036726925050e-06,2.041643365585973727e-06,2.063971274604282874e-06,2.063542579551686745e-06,2.084502459710194177e-06,2.103990789964046776e-06,2.103684501617283595e-06,2.121684051864566326e-06,2.138110908379793570e-06,2.152922078581417820e-06,2.152733221548454116e-06,2.165912712238253680e-06,2.177400642414440200e-06,2.177274589270163631e-06,2.187057859221760333e-06,2.195091688956322941e-06,2.195012835486469047e-06,2.201288850044500567e-06,2.205776006163548629e-06,2.208462075769924441e-06,2.208428931000730483e-06,2.209311350290413348e-06,2.208389333480570555e-06,2.208381511626802959e-06,2.205651721217075489e-06,2.201116673019425649e-06,2.194787129818063086e-06,2.194805288217462002e-06,2.186701985906327861e-06,2.176838756605102169e-06,2.176872538813329909e-06,2.165278067953150505e-06,2.151975657024621976e-06,2.152022933972094366e-06,2.137049053635966731e-06,2.120435676778571389e-06,2.102222885169631765e-06,2.102286048300960942e-06,2.082521272065723455e-06,2.061247891423717681e-06,2.061321977499176484e-06,2.038593952662708342e-06,2.014461233699440659e-06
1.658835295166441685e-06,1.680058512122083361e-06,1.700158385378065073e-06,1.719087921578608523e-06,1.719006077463000169e-06,1.736724554143142380e-06,1.753186092867218539e-06,1.753116143846099519e-06,1.768285554579359928e-06,1.782122366845371154e-06,1.794593185394793895e-06,1.794540479550869907e-06,1.805619745286028699e-06,1.815276048549067241e-06,1.815237927500792181e-06,1.823453085885414929e-06,1.830202086502045970e-06,1.830180781507805061e-06,1.835453558543427464e-06,1.839231582410660956e-06,1.841505977060264960e-06,1.841512505041686950e-06,1.842283106641636399e-06,1.841551143979513122e-06,1.841584699887626739e-06,1.839353296088109116e-06,1.835622666226353360e-06,1.830403234004196159e-06,1.830485451214828881e-06,1.823806633520365201e-06,1.815672736886703554e-06,1.815805129979529141e-06,1.806258182851085681e-06,1.795305592981347330e-06,1.795504711991476252e-06,1.783202664108744904e-06,1.769559824192553162e-06,1.754612677693119897e-06,1.754936541789833887e-06,1.738764220151862415e-06,1.721374230119764801e-06,1.721828139260032847e-06,1.703318922107546386e-06,1.683692690625791357e-06,1.663001926761277003e-06,1.663695978951928525e-06,1.642070605686422276e-06,1.619500308763543208e-06,1.620439916291739041e-06,1.597082206683746343e-06,1.572911215087978911e-06,1.547992179247432032e-06,1.549373884118981729e-06,1.523909009205142377e-06,1.497843117640135517e-06,1.499664507215149241e-06,1.473239467337286456e-06,1.446370089516834787e-06,1.448745336052576309e-06,1.421719469816486909e-06,1.394414547140544664e-06,1.366907397027891984e-06,1.370235772019891704e-06,1.342886035671305950e-06,1.315508684885329315e-06,1.319742300350155760e-06,1.292758897679317895e-06,1.277757965001303747e-06,1.261830250599165667e-06,1.267568200209203793e-06,1.251202752148615965e-06,1.234050868790938443e-06,1.241167920125189949e-06,1.223809049503320043e-06,1.205833405780058590e-06,1.214564908498648251e-06,1.196646981983328773e-06,1.178309699248160683e-06,1.159647157454910845e-06,1.170918862794554287e-06,1.152736585170339210e-06,1.134462230746720422e-06,1.147935567444885640e-06,1.130468593101197053e-06,1.113160879001827959e-06,1.096129999486948712e-06,1.112920831771671406e-06,1.097180442109022084e-06,1.081984158398208717e-06,1.101522086655469064e-06,1.087951889139072931e-06,1.075192514057793742e-06,1.097658812958160045e-06,1.086840471277301512e-06,1.077089022168162739e-06,1.068521440445552325e-06,1.095079426107630377e-06,1.088848706172221204e-06,1.084025861693308981e-06,1.113699310967395970e-06,1.111415858555290017e-06,1.110726336208774395e-06,1.111714527020406881e-06,1.145432690456506366e-06,1.149139984641825796e-06,1.154639986099152747e-06,1.191172738005192230e-06,1.199390622011588868e-06,1.209453269309898882e-06,1.225199798088720396e-06,1.261156201129422752e-06,1.275655371550281008e-06,1.291975070603768753e-06,1.333632422113475001e-06,1.352254236642428290e-06,1.372572892251689405e-06,1.415516926954875943e-06,1.437757604550987066e-06,1.461496657757948746e-06,1.486652572209075260e-06,1.530191193685798643e-06,1.556594698276966737e-06,1.584119047970300974e-06,1.627144039472182577e-06,1.655300907083937220e-06,1.684226230197762894e-06,1.713778907843351785e-06,1.754717563959087127e-06,1.783968314208185695e-06,1.813438200042867226e-06,1.851722679544015583e-06,1.880160111967237988e-06,1.908392581767514655e-06,1.943097536893899741e-06,1.969571152164209325e-06,1.995421043509224967e-06,2.020491482140169750e-06,2.049071327739440559e-06,2.071459251530295648e-06,2.092691960942552796e-06,2.115780149630887101e-06,2.133748321064678856e-06,2.150243297983580176e-06,2.165160835470396735e-06,2.179974862318237015e-06,2.191024347581183379e-06,2.200289285083775282e-06,2.208393149587779805e-06,2.213522115007568167e-06,2.216755868779865457e-06,2.217915726893975994e-06,2.218075438623306600e-06,2.216915580509196062e-06,2.214008431250495684e-06,2.209227634151770553e-06,2.201123769647766031e-06,2.192243006369547234e-06,2.181628233754485522e-06,2.166814206906645242e-06,2.152396562257713109e-06,2.136481411936528133e-06,2.119187849355795599e-06,2.096099660667461294e-06,2.075651247293104057e-06,2.054172206892985264e-06,2.025592361293714455e-06,2.001570204952056080e-06,1.976922612336828947e-06,1.951819611043605450e-06,1.917114655917220364e-06,1.890434954398093301e-06,1.863745670359412503e-06,1.825461190858264145e-06,1.797947284369588398e-06,1.770871855112003941e-06,1.729933198996268599e-06,1.702785590440184236e-06,1.676504228470807006e-06,1.651237947382024855e-06,1.608212955880143252e-06,1.583832006664407812e-06,1.560829243592703723e-06,1.517290622115980340e-06,1.495795559179727075e-06,1.475978403812627994e-06,1.457919723135163505e-06,1.414975688431976967e-06,1.399096271313431414e-06,1.385166166776094544e-06,1.343508815266388296e-06,1.332126636701108418e-06,1.322802289955207742e-06,1.287606399275982592e-06,1.276501197644858018e-06,1.272055424482812744e-06,1.269655878304946398e-06,1.233123126398906915e-06,1.233627885672391449e-06,1.236095397759163062e-06,1.202377234323063576e-06,1.207716325674567431e-06,1.214866996976875403e-06,1.223725975578144797e-06,1.194052526304058020e-06,1.205545066974381109e-06,1.218518892552888884e-06,1.191960906890810619e-06,1.207323853652277085e-06,1.223901548970228964e-06,1.241555568731023604e-06,1.219089269830648830e-06,1.238672385782338248e-06,1.259033242216879636e-06,1.239495313959528233e-06,1.261428390017650019e-06,1.283831407456869876e-06,1.267040575171445203e-06,1.290640222952054213e-06,1.314403859747257747e-06,1.338195728846337871e-06,1.324722392141112845e-06,1.349173318269785628e-06,1.373367508989332717e-06,1.362095803618761773e-06,1.386590284915149539e-06,1.410565289231378982e-06,1.433913585000382424e-06,1.425182082113482446e-06,1.448368747211684544e-06,1.470708453997644953e-06,1.463591402158777592e-06,1.485484266845477478e-06,1.506342341260071986e-06,1.500604390314197680e-06,1.520769037608425175e-06,1.539745020027202140e-06,1.573019375529535030e-06,1.568785755914026068e-06,1.602400196214674967e-06,1.635921423837618997e-06,1.632593040101298152e-06,1.666194225207956905e-06,1.699503789436152165e-06,1.732432919463126073e-06,1.730057651951888185e-06,1.762716920476642852e-06,1.794806524560331465e-06,1.792985097543758166e-06,1.824578336019411715e-06,1.855421578320828109e-06,1.854039810324098254e-06,1.884176610507999076e-06,1.913393358304586710e-06,1.941613640038616340e-06,1.940673915286115699e-06,1.967912686345346662e-06,1.994001876108247334e-06,1.993307646692495211e-06,2.018247329525846586e-06,2.041897787995949392e-06,2.064197160326857245e-06,2.063742961267499910e-06,2.084680093079074996e-06,2.104148176225664988e-06,2.103823908818149961e-06,2.121807534743743811e-06,2.138220326951220074e-06,2.153019115455334377e-06,2.152819398038159486e-06,2.165989403301306017e-06,2.177469090479602135e-06,2.177335917002893093e-06,2.187113081281955782e-06,2.195141722802400135e-06,2.195058511279754563e-06,2.201330919707397055e-06,2.205815151644077210e-06,2.208498916564064222e-06,2.208464030982555967e-06,2.209345223898385593e-06,2.208422451306543046e-06,2.208414305452360076e-06,2.205684588539801718e-06,2.201149981109593699e-06,2.194821219344111089e-06,2.194840476476467903e-06,2.186738569693556721e-06,2.176877014754581541e-06,2.176912734439331102e-06,2.165320450420427458e-06,2.152020463673302792e-06,2.152070391621224937e-06,2.137099379887893621e-06,2.120489081144630405e-06,2.102279570035950173e-06,2.102346209751641355e-06,2.082585100579202746e-06,2.061315572456719122e-06,2.061393691971381573e-06,2.038669877354082173e-06,2.014541541571010073e-06,1.989065054509088203e-06
1.659030997366360825e-06,1.658928926997186492e-06,1.680147107190819272e-06,1.700242129050087471e-06,1.719167003096032614e-06,1.719080690199079663e-06,1.736794895927067659e-06,1.753252366389889490e-06,1.753178557158479904e-06,1.768344321696241199e-06,1.782177708468662574e-06,1.794645329771853840e-06,1.794589663484879590e-06,1.805666215316995810e-06,1.815320062325716718e-06,1.815279755365385183e-06,1.823493012695395679e-06,1.830240413714374272e-06,1.830217829553862615e-06,1.835489669524503286e-06,1.839267123146198281e-06,1.841541342523281399e-06,1.841548122218049084e-06,1.842319438852169694e-06,1.841588695706220753e-06,1.841624022147566031e-06,1.839394992400703929e-06,1.835667399222073894e-06,1.830451732724573072e-06,1.830538519155665127e-06,1.823865157471702002e-06,1.815737696624568199e-06,1.815877608865661885e-06,1.806339379397683647e-06,1.795396833438301695e-06,1.795607464013552721e-06,1.783318551559618146e-06,1.769690643141459601e-06,1.754760413658089954e-06,1.755103388278920903e-06,1.738952598550432494e-06,1.721586810967657607e-06,1.722067864957193071e-06,1.703589031080469826e-06,1.683996742979753195e-06,1.663343831434747592e-06,1.664080022379766623e-06,1.642501481967296931e-06,1.619983151314532265e-06,1.620980330959122756e-06,1.597686306263642660e-06,1.573585655193600827e-06,1.548744195441412593e-06,1.550211330209380208e-06,1.524840396582464742e-06,1.498877655509995893e-06,1.500812143557149681e-06,1.474510930395375788e-06,1.447776929599925685e-06,1.450299967396722594e-06,1.423435212231575038e-06,1.396305667135461102e-06,1.368989148078701178e-06,1.372524433615951981e-06,1.345398950744751674e-06,1.318264295200269204e-06,1.335884704617882781e-06,1.321162657119978944e-06,1.293329907757793508e-06,1.277195251096018656e-06,1.294837325796219074e-06,1.266738898621300730e-06,1.249410034258663778e-06,1.267337014243130364e-06,1.239461049402929976e-06,1.221357372454073209e-06,1.239732376162273183e-06,1.221080453459261663e-06,1.194220008305105806e-06,1.175522838133612729e-06,1.194574915926894943e-06,1.169306107166849813e-06,1.151095495629170509e-06,1.171085433214027957e-06,1.153066109226783974e-06,1.130893096436248641e-06,1.114089005324329428e-06,1.135489236104523965e-06,1.116393954312547008e-06,1.101566558696847856e-06,1.124496887760733235e-06,1.109059312162829907e-06,1.096822479788884708e-06,1.121524659723497810e-06,1.110722102909843336e-06,1.101200400851899266e-06,1.093377345598142128e-06,1.120580659521709352e-06,1.115865083951395086e-06,1.111943676762950247e-06,1.141349393816568462e-06,1.139607905830748999e-06,1.142082484768759299e-06,1.144171726688366651e-06,1.176481715162283186e-06,1.184242125414606164e-06,1.190953702993991353e-06,1.225493915881378239e-06,1.238450659146079233e-06,1.249798280648798004e-06,1.263043335857040629e-06,1.300207457151500426e-06,1.320075401567968935e-06,1.337717885934560985e-06,1.376513780670035973e-06,1.400640103837362879e-06,1.422233499632840958e-06,1.462170677485533040e-06,1.485662169727827999e-06,1.514734589888276128e-06,1.541013972780741411e-06,1.581529365986535807e-06,1.612889189274305381e-06,1.641339674962603169e-06,1.681386436497764667e-06,1.710483128663177000e-06,1.743547123481802357e-06,1.773672654370706688e-06,1.811811724753566173e-06,1.844473915949845607e-06,1.874185677749355455e-06,1.909762433452426033e-06,1.940806301157748030e-06,1.968910809326164478e-06,2.000985923306387759e-06,2.027297389232753014e-06,2.054551999692017695e-06,2.078966334629486911e-06,2.105059183506745328e-06,2.128018960542734196e-06,2.148200136685251027e-06,2.168833319134692792e-06,2.185695461061897822e-06,2.201652208048793638e-06,2.215029642438573465e-06,2.227506599982903984e-06,2.237306877030621103e-06,2.244723927124835243e-06,2.250585203340051860e-06,2.253810346007203136e-06,2.254952604857065234e-06,2.254952604857065234e-06,2.254141393692383218e-06,2.251101842701258199e-06,2.245400917937213124e-06,2.238359641963849440e-06,2.228802296578789488e-06,2.216503022899601115e-06,2.203606155038679282e-06,2.187987524189675782e-06,2.171744384109381558e-06,2.151356041466334361e-06,2.131926959612996407e-06,2.109529262459376395e-06,2.083747700250088889e-06,2.060343341017035085e-06,2.033860302307788386e-06,2.008834585989504450e-06,1.977192336622162682e-06,1.950597388697169378e-06,1.920736595904039074e-06,1.885681340060141535e-06,1.857882304902054306e-06,1.826743334909618182e-06,1.789214143799152834e-06,1.761453222739281596e-06,1.730303139105298299e-06,1.704025427407193647e-06,1.664707640155699582e-06,1.639369797680861970e-06,1.610594115711435065e-06,1.570869235948904714e-06,1.548229961746432543e-06,1.522233699579250857e-06,1.502905302945875558e-06,1.463809783179011397e-06,1.446654481416471915e-06,1.426385074211444068e-06,1.388430348205257779e-06,1.375739651853369562e-06,1.360260319009971773e-06,1.323904863957950113e-06,1.316092499479794177e-06,1.310401125578960717e-06,1.302615382728799143e-06,1.268770442273956462e-06,1.268120076256087031e-06,1.266023495112303257e-06,1.234289321731401193e-06,1.238600378549842526e-06,1.242245376690799419e-06,1.250739480635363233e-06,1.221667608712689193e-06,1.232354285574241672e-06,1.243780477976104537e-06,1.216711871435161382e-06,1.231438627714985398e-06,1.247990571573040183e-06,1.265868191473514653e-06,1.240955333015852778e-06,1.260139027841797672e-06,1.282958885299924282e-06,1.259563698138026988e-06,1.281257621734367215e-06,1.307879405225784409e-06,1.285747327163187965e-06,1.309253823727612735e-06,1.339023361745962804e-06,1.363640472616808140e-06,1.342506458024799415e-06,1.367028111134463102e-06,1.399861025525183405e-06,1.379390224405853068e-06,1.404051202604791949e-06,1.438366293906712647e-06,1.462706053988950805e-06,1.442513341347168696e-06,1.465951813077232497e-06,1.500997205589023144e-06,1.481001727003412806e-06,1.503187558165098618e-06,1.538192769443133622e-06,1.518248025069099851e-06,1.538726260009660994e-06,1.573152683268928322e-06,1.591777968768456524e-06,1.571541366814172126e-06,1.604913111963967644e-06,1.638210086195574823e-06,1.634674791987150118e-06,1.668085346087019674e-06,1.701219532745962255e-06,1.733987551655679828e-06,1.731464492757385320e-06,1.763988384023648494e-06,1.795954161016888452e-06,1.794019634973419120e-06,1.825509722175157775e-06,1.856259022128202592e-06,1.854791822832372494e-06,1.884851045114673358e-06,1.913997450083855918e-06,1.942154044028492033e-06,1.941156743611606959e-06,1.968343544076382308e-06,1.994385895770868266e-06,1.993649521370179045e-06,2.018551344504697525e-06,2.042167850922855272e-06,2.064436829863648095e-06,2.063955474236644178e-06,2.084868390107583815e-06,2.104314925903687328e-06,2.103971530397303296e-06,2.121938219407585695e-06,2.138336057696525105e-06,2.153121685628043984e-06,2.152910428572115160e-06,2.166070358711218991e-06,2.177541293662260844e-06,2.177400562902393991e-06,2.187171249475887880e-06,2.195194389066437920e-06,2.195106558188143198e-06,2.201375146326361004e-06,2.205856282374341916e-06,2.208537609187492077e-06,2.208500883966439218e-06,2.209380783009225284e-06,2.208457215583246161e-06,2.208448732586755458e-06,2.205719099710197999e-06,2.201184965310898128e-06,2.194857037255723746e-06,2.194877463906888139e-06,2.186777040638326260e-06,2.176917264101931749e-06,2.176955040355652657e-06,2.165365076445519424e-06,2.152067660553239260e-06,2.152120398904635626e-06,2.137152427309514268e-06,2.120545389818103882e-06,2.102339353476094455e-06,2.102409674744719122e-06,2.082652447918148524e-06,2.061386997556794167e-06,2.061469385380335464e-06,2.038750025169602413e-06,2.014626325777036095e-06,1.989154653241447680e-06,1.989252201663239389e-06
1.636852769945329674e-06,1.659135399366736154e-06,1.659027810443769028e-06,1.680240663045183741e-06,1.700330552262534179e-06,1.719250492806848623e-06,1.719159450004274406e-06,1.736869134218694692e-06,1.753322296782189396e-06,1.753244399012286018e-06,1.768406300755393792e-06,1.782236057623580885e-06,1.794700289966918854e-06,1.794641484787882802e-06,1.805715158170621510e-06,1.815366399002832474e-06,1.815323771651833304e-06,1.823535009825985908e-06,1.830280710589886433e-06,1.830256765269063877e-06,1.835527606239456026e-06,1.839304449335480162e-06,1.841578476640136184e-06,1.841585516812930185e-06,1.842357585187591026e-06,1.841628128912295400e-06,1.841665326965037857e-06,1.839438809560652147e-06,1.835714432513758201e-06,1.830502756805035285e-06,1.830594388156690367e-06,1.823926814461515945e-06,1.815806183983138148e-06,1.815954079633662627e-06,1.806425109659977900e-06,1.795493235803140046e-06,1.795716102248546767e-06,1.783441156444786263e-06,1.769829129598250348e-06,1.754916899211147653e-06,1.755280212904400113e-06,1.739152345960813443e-06,1.721812331378174928e-06,1.722322299373092928e-06,1.703875837137256204e-06,1.684319722360310539e-06,1.663707158877653798e-06,1.664488276282154659e-06,1.642959676573242496e-06,1.620496770466061372e-06,1.621555363371516523e-06,1.598329282269717243e-06,1.574303684883064384e-06,1.549545008101196878e-06,1.551103314949088152e-06,1.525832644005730080e-06,1.499980000267738130e-06,1.502035207592445230e-06,1.475866166662107452e-06,1.449276666008617178e-06,1.451957450711188610e-06,1.425264651609400953e-06,1.398322276974114718e-06,1.371209189797490709e-06,1.374965255972411005e-06,1.361855337754974990e-06,1.347621362733009617e-06,1.352396969748752221e-06,1.337464261675108088e-06,1.321518561313210402e-06,1.292942174656387464e-06,1.311080512785379182e-06,1.293767508613825385e-06,1.265191605726640251e-06,1.283665547591095324e-06,1.265401226957144678e-06,1.246527114962329741e-06,1.256341203629850320e-06,1.237609340647144624e-06,1.218487525648245137e-06,1.191966914076499808e-06,1.211719116020501450e-06,1.192919682307361445e-06,1.174092345980321612e-06,1.189166188553477099e-06,1.171302544187079326e-06,1.153686196022999454e-06,1.132859528295390170e-06,1.155165632158781644e-06,1.139409337345297997e-06,1.122097530832745787e-06,1.146033716417988345e-06,1.132780810056194955e-06,1.120477625510138880e-06,1.145361778979603898e-06,1.135222876575218090e-06,1.126302831517409566e-06,1.119554973871595503e-06,1.147985644057734480e-06,1.142968968389831229e-06,1.139521878072398883e-06,1.172068131104484567e-06,1.171369220164466550e-06,1.172421414924654788e-06,1.178352450684612163e-06,1.212037283974023340e-06,1.217809164729026232e-06,1.229146301503609521e-06,1.265077550592746936e-06,1.275616283991681399e-06,1.288110590169161672e-06,1.306750670839935149e-06,1.345268299112233082e-06,1.362329939044887810e-06,1.385590281613221276e-06,1.425654598028241151e-06,1.446851806687167921e-06,1.469758670965129556e-06,1.515122968763435028e-06,1.539819341916030582e-06,1.565975010602943782e-06,1.597488335611910883e-06,1.638871147044225855e-06,1.667376343882514060e-06,1.696887553939686136e-06,1.741206584745549197e-06,1.771009415431010409e-06,1.801413682816145147e-06,1.835295947404146145e-06,1.873618400186512404e-06,1.903717002619596693e-06,1.936378515295275572e-06,1.971776460288109431e-06,2.000331930858083477e-06,2.028421192890380001e-06,2.062036658798290126e-06,2.087832854920091767e-06,2.112727137896313520e-06,2.137994058193328863e-06,2.162999211472166316e-06,2.183610989667196938e-06,2.202794120164601540e-06,2.222979058554722501e-06,2.238389567032398572e-06,2.252080212105412623e-06,2.264385527751381318e-06,2.274952981418426480e-06,2.282549578250958729e-06,2.288198380650520895e-06,2.291882869114628582e-06,2.293055517027836055e-06,2.293055517027836055e-06,2.292234584649604322e-06,2.288715020011727234e-06,2.283269026652372386e-06,2.276072236002538753e-06,2.265681224347266822e-06,2.253647473649930133e-06,2.240469256732251352e-06,2.225651916211809260e-06,2.205466977821688300e-06,2.186974156842210196e-06,2.167166276384128846e-06,2.142464137145959931e-06,2.117828117143968606e-06,2.094014086694840020e-06,2.069460583163073007e-06,2.035845117255162883e-06,2.009176734810646801e-06,1.982235568575379010e-06,1.947352677746888613e-06,1.915998399432961070e-06,1.887943771716286871e-06,1.850227557560198154e-06,1.818017375924402025e-06,1.790137213156071130e-06,1.763114304729661615e-06,1.718795273923798555e-06,1.692328270891974330e-06,1.667138315339447673e-06,1.626553085336810142e-06,1.597833355868549016e-06,1.575547745677649303e-06,1.555001220643420540e-06,1.509636922845115068e-06,1.491158511471910184e-06,1.474665055356233488e-06,1.435461575154629372e-06,1.416314023625826101e-06,1.404488368821795608e-06,1.366803532698406496e-06,1.352819448213223415e-06,1.346055219685896356e-06,1.341474481249118594e-06,1.306267768351030425e-06,1.300376898769292394e-06,1.300971922785616619e-06,1.267894230634632234e-06,1.267900908218367294e-06,1.273552086757007124e-06,1.281092354199969134e-06,1.248546101167883662e-06,1.258951071630362556e-06,1.271019951905341467e-06,1.242754792325990476e-06,1.256460914960489248e-06,1.272553182757212831e-06,1.289889441153277655e-06,1.265005287683808401e-06,1.284507632293628516e-06,1.304938325767597770e-06,1.280559528371904647e-06,1.305447494629603979e-06,1.328270691352914729e-06,1.305249697416358388e-06,1.333769701137204659e-06,1.358254951799602427e-06,1.382857703568750558e-06,1.367783860990621929e-06,1.393201194163885574e-06,1.418423222449084805e-06,1.397253023657459247e-06,1.431429630956494891e-06,1.456588816006285449e-06,1.481142596589894319e-06,1.471328507782288466e-06,1.495795508246120826e-06,1.519411384527905677e-06,1.498851796719412619e-06,1.534612551913420204e-06,1.556762691050493691e-06,1.536297617290623725e-06,1.571767365961531071e-06,1.592002026482776492e-06,1.610940120226400852e-06,1.606164509244551411e-06,1.624115612123671818e-06,1.640650909343900385e-06,1.636894834583432748e-06,1.670101956867199750e-06,1.703048973093233684e-06,1.735645035912827234e-06,1.732964230004092036e-06,1.765343620917337853e-06,1.797177225327311737e-06,1.795121979472789838e-06,1.826501968576868343e-06,1.857151004797776201e-06,1.855592632024096632e-06,1.885569069516121871e-06,1.914640418478085015e-06,1.942729065909949631e-06,1.941670348616637432e-06,1.968801720112538908e-06,1.994794125751026546e-06,1.994012818477635954e-06,2.018874285934034300e-06,2.042454610058329464e-06,2.064691206872307962e-06,2.064180925067232200e-06,2.085068053898680146e-06,2.104491650815489781e-06,2.104127897891012357e-06,2.122076567004632206e-06,2.138458500256922203e-06,2.153230135193034711e-06,2.153006612821120329e-06,2.166155838086942220e-06,2.177617477220740485e-06,2.177468722946941911e-06,2.187232535035231451e-06,2.195249838278127412e-06,2.195157109648434127e-06,2.201421649467412555e-06,2.205899506928781825e-06,2.208578253799190948e-06,2.208539584004851939e-06,2.209418117642859407e-06,2.208493714165845634e-06,2.208484880407618414e-06,2.205755343157764142e-06,2.201221716496358545e-06,2.194894678140982187e-06,2.194916349978735408e-06,2.186817504168226185e-06,2.176959617028384941e-06,2.176999576823696577e-06,2.165412075035586735e-06,2.152117386229312436e-06,2.152173104709456762e-06,2.137208355832485977e-06,2.120604774459524086e-06,2.102402419529439604e-06,2.102476640316898059e-06,2.082723524705927187e-06,2.061462391495996794e-06,2.061549297182929972e-06,2.038834650762366902e-06,2.014715856654217630e-06,1.989249276742598837e-06,1.989352101186324121e-06,1.962600577587980560e-06
1.613670053704799602e-06,1.636969094981234381e-06,1.659245690699512704e-06,1.659132264629785793e-06,1.680339480809388358e-06,1.700423938649638556e-06,1.719338657390919616e-06,1.719242607166435901e-06,1.736947503503771039e-06,1.753396103346312983e-06,1.753313874174813775e-06,1.768471682669865279e-06,1.782297592083983547e-06,1.794758231367135791e-06,1.794696097253938016e-06,1.805766716887178393e-06,1.815415191757363246e-06,1.815370100621933705e-06,1.823579193637489078e-06,1.830323086675696147e-06,1.830297692560997296e-06,1.835567468227835973e-06,1.839343657533738524e-06,1.841617474494272251e-06,1.841624784098286724e-06,1.842397642938053470e-06,1.841669544929642734e-06,1.841708721958780798e-06,1.839484863971217258e-06,1.835763894074295972e-06,1.830556448899413552e-06,1.830653219033312034e-06,1.823991787364432948e-06,1.815878408263482172e-06,1.816034782905573325e-06,1.806515651065966614e-06,1.795595120454077943e-06,1.795830996903137889e-06,1.783570906492425443e-06,1.769975777407452605e-06,1.755082703903226147e-06,1.755467671608633729e-06,1.739364216602935442e-06,1.722051657048506897e-06,1.722592434313976171e-06,1.704180474381490116e-06,1.684662923043036699e-06,1.664093383233405339e-06,1.664922416326589155e-06,1.643447090455295821e-06,1.621043318460860285e-06,1.622167445467314293e-06,1.599013877283342160e-06,1.575068391017867917e-06,1.550398084839289634e-06,1.552053726145718672e-06,1.526890102028118988e-06,1.501155010993511183e-06,1.503339116054185422e-06,1.477311203094529202e-06,1.450875992023657735e-06,1.453725205294062316e-06,1.427215996595629835e-06,1.400473441633942627e-06,1.388006513354127855e-06,1.406630778360683841e-06,1.378677111385180725e-06,1.364221311309993849e-06,1.382932277379727846e-06,1.354156024769811310e-06,1.337999416454432477e-06,1.320883154827035994e-06,1.327749311256768565e-06,1.310254569951280919e-06,1.291966388009637456e-06,1.311099754935855564e-06,1.282071552817020992e-06,1.263080367904359144e-06,1.282750362351216029e-06,1.254694744053803769e-06,1.235536229743865277e-06,1.216121210368034924e-06,1.236601565344505037e-06,1.210773277802715824e-06,1.192050057999508809e-06,1.213607136794997556e-06,1.190322234872188805e-06,1.172942699857765930e-06,1.155990349702053159e-06,1.175756893744392929e-06,1.160387472030969448e-06,1.145741436356478960e-06,1.170614136181326348e-06,1.155931130885241622e-06,1.144241153415910205e-06,1.171066393426294803e-06,1.161005871967900309e-06,1.152870242604703654e-06,1.146144065924190019e-06,1.175694404864964902e-06,1.172783380773978767e-06,1.170352107280158967e-06,1.202253717365637911e-06,1.204826231801456072e-06,1.207038925794212296e-06,1.211141747436516804e-06,1.249455992555616224e-06,1.256503000519051029e-06,1.265525751829065601e-06,1.302737175277224672e-06,1.318558492499035766e-06,1.332430870033578193e-06,1.348293990752032570e-06,1.392486316384493799e-06,1.410928992137514785e-06,1.431253554060999961e-06,1.472496135626570751e-06,1.499526436640205260e-06,1.523732737519080612e-06,1.565849049002366663e-06,1.596175998989917696e-06,1.623478701519203379e-06,1.652081139669934567e-06,1.694259531651209595e-06,1.727751003171747188e-06,1.758105507795836494e-06,1.799290317512378911e-06,1.833409785897896341e-06,1.864347194516273967e-06,1.895612165129798572e-06,1.937033857019621667e-06,1.967302052473960276e-06,1.997429604699662720e-06,2.032570649245205841e-06,2.063386313024519296e-06,2.091101334778722863e-06,2.121962019531136823e-06,2.149103773911359934e-06,2.173196178536041529e-06,2.196083838308928223e-06,2.219911509327275159e-06,2.240609215315167257e-06,2.258434708676463765e-06,2.276051085972121523e-06,2.290726436029914359e-06,2.302687434587861979e-06,2.312729706056297068e-06,2.321569357512393575e-06,2.327126013098125323e-06,2.330637873987220530e-06,2.332120919239623767e-06,2.332120919239623767e-06,2.330818125901398258e-06,2.327675072958020905e-06,2.322512156903819567e-06,2.313672505447723060e-06,2.304065587204508790e-06,2.292598318701629486e-06,2.278265547400739677e-06,2.260875554309432437e-06,2.243711198599251640e-06,2.223497154628609856e-06,2.199956131422149688e-06,2.177964951682261073e-06,2.154912114481321400e-06,2.128562455613539112e-06,2.098109059265854644e-06,2.071769647515887871e-06,2.042021405083056377e-06,2.007380712686520159e-06,1.979028392708622785e-06,1.950757358959303913e-06,1.909335667069480817e-06,1.880303244279905357e-06,1.851846021343977295e-06,1.819731703909373130e-06,1.779280427036442000e-06,1.751932396318226362e-06,1.720913175126215055e-06,1.679544358641641377e-06,1.654504787162923081e-06,1.631049688428182319e-06,1.603972364892743856e-06,1.562740377493288610e-06,1.542953830608669729e-06,1.519727023026506325e-06,1.479383771962586106e-06,1.464040172080997646e-06,1.450849487139306417e-06,1.406657161506844977e-06,1.396307822162902304e-06,1.388199724384260686e-06,1.377595798644852064e-06,1.341168514782377117e-06,1.338369464764629930e-06,1.337751553172362781e-06,1.299437308053263149e-06,1.301950664841314371e-06,1.306521549872827042e-06,1.310446498228055244e-06,1.278977534727539028e-06,1.288463575865921500e-06,1.298301041010654605e-06,1.268981004325426843e-06,1.282942599815161086e-06,1.298368597792145680e-06,1.315877987352443903e-06,1.288925235172926026e-06,1.307943539938238779e-06,1.330332547060700713e-06,1.305065250658480608e-06,1.326982165753284988e-06,1.349558783683729708e-06,1.329792239641058748e-06,1.353865537201703211e-06,1.378257930037930628e-06,1.409545066338936437e-06,1.386869525618592927e-06,1.412327388546526459e-06,1.446136438220571668e-06,1.424241836032441987e-06,1.450037368168074750e-06,1.475373710313818104e-06,1.511235395213149273e-06,1.489719038718674136e-06,1.514437652018721817e-06,1.551067425109012037e-06,1.529814799538860924e-06,1.553328669729051994e-06,1.575782303262844364e-06,1.568916145671986959e-06,1.590715664704692171e-06,1.611272377892446614e-06,1.646877694490294685e-06,1.625448393901094223e-06,1.643720605716757296e-06,1.678109440744950459e-06,1.656568375978931751e-06,1.672253122524823789e-06,1.705000319123181010e-06,1.737412791533164469e-06,1.734563556974560558e-06,1.766788658118226645e-06,1.798481134230262710e-06,1.796296990129952163e-06,1.827559425788425646e-06,1.858101414150920403e-06,1.856445705528784260e-06,1.886333770594165602e-06,1.915325006092161395e-06,1.943341137647744867e-06,1.942216882572512377e-06,1.969289115434672685e-06,1.995228241745909738e-06,1.994399012186004764e-06,2.019217448112835223e-06,2.042759199522090425e-06,2.064961283164345122e-06,2.064420179446541920e-06,2.085279838642126456e-06,2.104679006847108563e-06,2.104293580760952716e-06,2.122223071249530536e-06,2.138588082181435640e-06,2.153344834118922575e-06,2.153108270855764493e-06,2.166246118467594280e-06,2.177697881294213256e-06,2.177540605846960235e-06,2.187297120121361544e-06,2.195308230401156889e-06,2.195210307307393739e-06,2.201470555923165149e-06,2.205944940338352702e-06,2.208620956433829643e-06,2.208580230613267929e-06,2.209457323019239152e-06,2.208532039980164479e-06,2.208522841353475175e-06,2.205793412470557662e-06,2.201260330892068721e-06,2.194934242223238773e-06,2.194957240159211333e-06,2.186860072142757430e-06,2.177004192848594491e-06,2.177046471601322863e-06,2.165461583314187749e-06,2.152169788055572567e-06,2.152228667433951739e-06,2.137267335667498432e-06,2.120667417819322844e-06,2.102468964176381753e-06,2.102547316334750698e-06,2.082798555319970655e-06,2.061541993757738574e-06,2.061633682535632595e-06,2.038924025502094753e-06,2.014810422299685414e-06,1.989349230325825009e-06,1.989457635474862260e-06,1.962711881248417900e-06,1.934738877739294778e-06
1.613932225908215856e-06,1.613799560181463683e-06,1.637092017482661728e-06,1.659362231282505867e-06,1.659242629768904621e-06,1.680443881501380058e-06,1.700522590570159537e-06,1.719431781112829011e-06,1.719330428450054487e-06,1.737030253670684925e-06,1.753474019749614958e-06,1.753387200780072836e-06,1.768540670762650071e-06,1.782362501121383104e-06,1.794819329992491032e-06,1.794753664495856691e-06,1.805821043565907931e-06,1.815466582123703794e-06,1.815418874256106848e-06,1.823625687637721051e-06,1.830367658168727771e-06,1.830340721569284582e-06,1.835609360930850158e-06,1.839384849963488236e-06,1.841658436707950858e-06,1.841666024873765178e-06,1.842439715040765258e-06,1.841713051002233092e-06,1.841754321087663134e-06,1.839533278986873363e-06,1.835815919644729401e-06,1.830612960478565247e-06,1.830715182728428340e-06,1.824060270788286676e-06,1.815954592438903767e-06,1.816119975290917279e-06,1.806611299770814384e-06,1.795702829714608462e-06,1.795952543886082594e-06,1.783708259495292947e-06,1.770131115520656439e-06,1.755258438196797472e-06,1.755666467902243818e-06,1.739589019872898279e-06,1.722305717519178359e-06,1.722879335273428961e-06,1.704504161752409523e-06,1.685027736729375188e-06,1.664504090251367743e-06,1.665384245714906284e-06,1.643965769944425299e-06,1.621625112863664121e-06,1.622819196734860074e-06,1.599743046148730927e-06,1.575883100128395500e-06,1.551307163252799225e-06,1.553066755040756900e-06,1.528017461449485811e-06,1.502407927425120399e-06,1.504729710579906452e-06,1.478852539875041398e-06,1.452582126783460832e-06,1.455611233477910463e-06,1.445028368907206723e-06,1.433151912754736154e-06,1.405166443174855384e-06,1.424248701151634790e-06,1.410221218979189525e-06,1.381204665000586876e-06,1.400408333494941487e-06,1.384504962161249705e-06,1.354894440935609185e-06,1.337572752483276299e-06,1.356900219798491958e-06,1.338585475706261492e-06,1.308746861177957293e-06,1.328485237541412647e-06,1.309276621866277437e-06,1.280165652327740511e-06,1.300509735517519272e-06,1.280946025212624195e-06,1.261030353396168499e-06,1.233800207828455986e-06,1.255057814937405567e-06,1.235660578972288177e-06,1.210753591624840974e-06,1.233182110667801000e-06,1.214974063007053086e-06,1.193072731740531401e-06,1.176450299657144574e-06,1.200619588941831711e-06,1.184950891042577523e-06,1.168234237487589953e-06,1.194217510300263574e-06,1.181422455856984379e-06,1.169243819998094487e-06,1.197284475755955801e-06,1.188000010999163804e-06,1.180101653107167773e-06,1.175044076519530604e-06,1.205933261340754602e-06,1.202347493621225956e-06,1.202849956064133417e-06,1.236164194308992371e-06,1.237283195273921053e-06,1.243504495086414021e-06,1.248883363471055265e-06,1.285297270298788382e-06,1.293372975712407952e-06,1.307602859525897218e-06,1.346281439835529857e-06,1.359361332933148860e-06,1.378937980408381440e-06,1.396237810470142048e-06,1.437406419910751092e-06,1.457199377090927043e-06,1.483520669237678481e-06,1.526039981554121287e-06,1.549917509394868193e-06,1.579995248821383553e-06,1.623210990457479139e-06,1.650386422582179285e-06,1.678951058739660360e-06,1.712863811044100830e-06,1.755818033350771240e-06,1.786316022850842947e-06,1.821345139631029364e-06,1.862994547252861369e-06,1.894225362287325539e-06,1.929056828606861809e-06,1.960646033600714846e-06,1.999060332805733469e-06,2.029639821148702504e-06,2.062388945197855850e-06,2.097104699627078400e-06,2.125312242122120920e-06,2.154706957609784129e-06,2.184720771775130950e-06,2.209293494938412636e-06,2.232663747559837237e-06,2.255913837395973905e-06,2.278340820687749369e-06,2.296568186100265157e-06,2.313887328347107932e-06,2.329718754302550811e-06,2.341961136489447645e-06,2.352611309797379431e-06,2.360655944512266436e-06,2.367043974733588145e-06,2.370647699555250565e-06,2.371789821974599627e-06,2.371789821974599627e-06,2.370839300235894515e-06,2.367627714306821537e-06,2.361420807639654871e-06,2.353801724764267374e-06,2.343427589727952294e-06,2.331711743989783816e-06,2.316101789775726086e-06,2.299168603329749160e-06,2.281647722842321321e-06,2.259499482697308601e-06,2.236794387682027950e-06,2.214383285826296481e-06,2.190923156679658172e-06,2.161307393692186419e-06,2.132798444462439339e-06,2.106063326168137094e-06,2.071839701035706386e-06,2.040276296466884309e-06,2.011596147398077996e-06,1.973772770356074613e-06,1.944368637573222366e-06,1.911283633427894836e-06,1.882702495995549840e-06,1.841786526028023583e-06,1.808947857209357339e-06,1.781657258544063648e-06,1.739517454519106290e-06,1.708288564228273935e-06,1.683518423048137385e-06,1.660436846908908973e-06,1.618118564711760534e-06,1.591537459447324416e-06,1.572352809848647597e-06,1.530751556637614055e-06,1.508500057776871656e-06,1.493983763207557251e-06,1.453720036875666679e-06,1.441956768078855172e-06,1.427322251386175461e-06,1.420325641701737075e-06,1.382461482893524609e-06,1.373742224732817263e-06,1.372216495065254974e-06,1.336507312454070102e-06,1.337815155922278853e-06,1.337901298228436083e-06,1.343889554657477319e-06,1.311042736926550962e-06,1.317322139122507669e-06,1.328275571048774335e-06,1.297650712665220096e-06,1.309905599118805296e-06,1.325334609331173061e-06,1.342193443847070719e-06,1.314055413924242316e-06,1.333924071710038517e-06,1.354304666068977793e-06,1.327952648366948013e-06,1.352591331941503565e-06,1.375756326722035017e-06,1.350929813734404774e-06,1.374818746127807507e-06,1.404836524921155969e-06,1.430227995793467744e-06,1.406691521166410704e-06,1.439741147131785441e-06,1.466003823029093275e-06,1.443335080691788324e-06,1.478653233934614881e-06,1.505039141381796279e-06,1.530849698023656879e-06,1.508650685102677542e-06,1.545624653602974204e-06,1.570588573302898977e-06,1.548714531049915838e-06,1.586178782211526211e-06,1.609707027858148767e-06,1.587980629453232733e-06,1.610105766160126076e-06,1.646871949194453623e-06,1.667106814757329446e-06,1.645150078862014951e-06,1.680944299799759343e-06,1.698685296800410304e-06,1.676645098029482968e-06,1.710988010991630714e-06,1.725948299014197163e-06,1.739298820849418164e-06,1.736269692808658930e-06,1.768329995811856239e-06,1.799871729368520909e-06,1.797549906690473018e-06,1.828686784620355793e-06,1.859114441443040046e-06,1.857354780960956834e-06,1.887148474900203724e-06,1.916054167794844742e-06,1.943992878757983252e-06,1.942798663074338761e-06,1.969807776405768182e-06,1.995690046989624915e-06,1.994809688275297076e-06,2.019582222769131112e-06,2.043082838272836697e-06,2.065248124241917498e-06,2.064674166908253944e-06,2.085504553706412434e-06,2.104877697454554986e-06,2.104469189380806816e-06,2.122378260962737348e-06,2.138725261080144989e-06,2.153466178069974800e-06,2.153215744681873302e-06,2.166341495605012954e-06,2.177782761989602747e-06,2.177616433959133858e-06,2.187365198595596487e-06,2.195369735485021431e-06,2.195266301577498188e-06,2.201522000192152162e-06,2.205992704510712941e-06,2.208665829377991577e-06,2.208622929115814786e-06,2.209498499885210774e-06,2.208572291341197029e-06,2.208562713243144268e-06,2.205833406723692635e-06,2.201300910422130003e-06,2.194975835729055933e-06,2.195000246309563007e-06,2.186904863284447785e-06,2.177051118280851781e-06,2.177095860456574155e-06,2.165513747082547444e-06,2.152225022787735391e-06,2.152287255654635084e-06,2.137329548029123841e-06,2.120733514523281815e-06,2.102539196187011826e-06,2.102621926409023438e-06,2.082877778873917839e-06,2.061626059588763777e-06,2.061722813418103670e-06,2.039018438671994067e-06,2.014910329842564912e-06,1.989454839480904168e-06,1.989569148866826705e-06,1.962829497057268145e-06,1.934862789817489187e-06,1.934989640880839100e-06
1.589826205069279977e-06,1.614076286082034173e-06,1.613936449246339940e-06,1.637221942799537847e-06,1.659485404949615357e-06,1.659359268683110680e-06,1.680554207465673156e-06,1.700626830456148409e-06,1.719530167088149517e-06,1.719423198281800748e-06,1.737117651117273229e-06,1.753556295054887305e-06,1.753464611284973730e-06,1.768613481651451538e-06,1.782430986321201495e-06,1.794883773246731450e-06,1.794814360634249115e-06,1.805878299995947790e-06,1.815520720570599733e-06,1.815470232780744822e-06,1.823674622964686520e-06,1.830414548359080266e-06,1.830385969075533431e-06,1.835653396074426443e-06,1.839428134877942352e-06,1.841701469794094674e-06,1.841709345816003164e-06,1.842483910436902361e-06,1.841758760662065090e-06,1.841802245058624506e-06,1.839584185367881708e-06,1.835870653252099267e-06,1.830672452430390908e-06,1.830780461016128848e-06,1.824132471905965033e-06,1.816034974142770243e-06,1.816209930562155749e-06,1.806712372055868796e-06,1.795816729516839853e-06,1.796081166782019484e-06,1.783853705647149340e-06,1.770295710754357715e-06,1.755444756711296866e-06,1.755877356671358752e-06,1.739827624795121149e-06,1.722575511363824399e-06,1.723184147462959685e-06,1.704848210010740737e-06,1.685415660614297562e-06,1.664940986575847258e-06,1.665875705846846464e-06,1.644517918957448433e-06,1.622244650492503369e-06,1.623513440068029923e-06,1.600519973968222500e-06,1.576751398781233915e-06,1.552276273912405210e-06,1.554146922187225868e-06,1.529219782367214916e-06,1.503744402483768069e-06,1.506213294030604806e-06,1.480497190858266113e-06,1.470778194899030241e-06,1.490631744004184476e-06,1.463220038413373970e-06,1.451128954966055862e-06,1.437751625353217171e-06,1.442263659722826931e-06,1.428013695637252900e-06,1.412575579559329383e-06,1.418308004208703477e-06,1.402190922247152138e-06,1.385019674236001252e-06,1.366859994343971533e-06,1.374607846002865956e-06,1.356112814323526274e-06,1.336816928591775812e-06,1.346398177659992393e-06,1.327068380646484593e-06,1.307160629534859979e-06,1.328253478713336488e-06,1.299268628057968512e-06,1.279343846612009675e-06,1.259217511372293261e-06,1.274237569592670677e-06,1.254948516553995614e-06,1.235751957524568764e-06,1.253601309759205940e-06,1.235641037582745296e-06,1.218083774568264072e-06,1.201074647234575892e-06,1.223114581017257495e-06,1.207913600692745582e-06,1.193579647674462969e-06,1.219019224781914494e-06,1.206869701296481788e-06,1.195895045517712024e-06,1.225048650003147787e-06,1.216424145143900241e-06,1.209424222555138408e-06,1.204011443944219323e-06,1.237802974249290288e-06,1.235288725954235263e-06,1.234586352751253685e-06,1.271894917374170384e-06,1.274237294207620677e-06,1.278556027041535501e-06,1.284925976230597063e-06,1.326561240930641174e-06,1.336026081031712547e-06,1.347601294417090093e-06,1.392022647918367164e-06,1.406547580955729100e-06,1.423154795865866101e-06,1.441834452863915099e-06,1.489073269519736219e-06,1.510306348280873495e-06,1.533452378222338585e-06,1.581941651377366145e-06,1.607160493860231191e-06,1.634040641225103964e-06,1.678269468703131031e-06,1.711236325886108456e-06,1.740903666390690230e-06,1.771758811800293569e-06,1.819533584908322735e-06,1.850858166884840907e-06,1.882934550118737053e-06,1.928634679976618571e-06,1.960348573642242416e-06,1.992332598628823126e-06,2.024397823483884392e-06,2.065593803489415889e-06,2.096115163514922534e-06,2.126211025529055235e-06,2.162758774778015457e-06,2.190459394120613588e-06,2.217245841645362323e-06,2.246319030326950683e-06,2.271748653181321783e-06,2.293999838340982029e-06,2.314741336495079815e-06,2.336764028475243262e-06,2.353439276777209007e-06,2.368273693071869918e-06,2.382863340720665462e-06,2.393170375902334053e-06,2.401413195587626252e-06,2.407538184247814577e-06,2.411580160861715361e-06,2.412855700170969405e-06,2.412855700170969405e-06,2.411977617006684745e-06,2.407935640392783962e-06,2.402226660602907668e-06,2.394436988999645651e-06,2.384638888221048958e-06,2.370049240572253414e-06,2.355798266193448582e-06,2.339799756915314380e-06,2.317777064935150933e-06,2.297824431450278954e-06,2.276493047548085811e-06,2.251754034477209997e-06,2.223059681827620762e-06,2.197510815299065821e-06,2.171234043487648299e-06,2.134686294238688077e-06,2.106218151856411441e-06,2.077545276484395625e-06,2.036349296478864128e-06,2.006369299707996390e-06,1.976722099340769268e-06,1.947610141430097962e-06,1.901910011572216657e-06,1.872712642341137431e-06,1.844554373883888903e-06,1.796779600775859738e-06,1.769386362030325079e-06,1.743482727308515695e-06,1.713663570412703662e-06,1.670356531988480566e-06,1.647853316059143004e-06,1.627318107239943051e-06,1.578828834084915492e-06,1.560669962481404855e-06,1.544721945806130248e-06,1.497483129150309128e-06,1.484378401106158670e-06,1.473625588436249951e-06,1.465221869793858751e-06,1.420800516292581468e-06,1.415598517354749327e-06,1.412742069793074273e-06,1.371106805093030374e-06,1.371561757158333965e-06,1.374264097869660385e-06,1.379117158188408547e-06,1.341808593565491637e-06,1.349857692264325350e-06,1.359845825663642042e-06,1.326054295358571078e-06,1.339043153668459510e-06,1.353695767377500194e-06,1.370056859494531202e-06,1.340869985067772602e-06,1.359572408502466658e-06,1.379447987833990107e-06,1.354008410726521429e-06,1.376040754503228482e-06,1.398886900294599097e-06,1.376846966511729876e-06,1.401423038652157315e-06,1.426444753423955703e-06,1.451743578536512479e-06,1.433894226299128588e-06,1.460281028809380024e-06,1.486590713433771678e-06,1.471570655198426343e-06,1.498527913329540986e-06,1.525075099803088883e-06,1.562326738907485967e-06,1.539363533527724600e-06,1.565425695782846283e-06,1.590653278420596962e-06,1.581072029000552964e-06,1.605995938766661210e-06,1.629837577144168277e-06,1.622089724443788189e-06,1.645304417293536281e-06,1.667230377583523193e-06,1.687794611648180950e-06,1.682062183352787416e-06,1.701634048425188931e-06,1.719699897312003922e-06,1.715187854690326656e-06,1.732060075321100470e-06,1.747323214326040045e-06,1.780898925558694657e-06,1.757729953484197324e-06,1.769974647855620414e-06,1.801355313608007684e-06,1.798886382083091167e-06,1.829889105180631701e-06,1.860194607241188416e-06,1.858323888909066360e-06,1.888016769022501345e-06,1.916831088714032385e-06,1.944687112163713295e-06,1.943418186972354865e-06,1.970359906976932913e-06,1.996181482916886908e-06,1.995246553423556462e-06,2.019970107127875948e-06,2.043426837094337066e-06,2.065552875328703857e-06,2.064943886022553180e-06,2.085743068091250594e-06,2.105088477471400086e-06,2.104655378282002325e-06,2.122542702828616023e-06,2.138870526960771251e-06,2.153594590379941794e-06,2.153329399903691633e-06,2.166442285362370958e-06,2.177872392556330976e-06,2.177696444273140322e-06,2.187436976849485419e-06,2.195434534366611419e-06,2.195325252234201738e-06,2.201576124993178338e-06,2.206042928680454184e-06,2.208712991572811040e-06,2.208667791014847930e-06,2.209541754863831127e-06,2.208614572293487007e-06,2.208604599617190740e-06,2.205875430830772399e-06,2.201343563078000456e-06,2.195019571282576229e-06,2.195045487110863582e-06,2.186952003641809191e-06,2.177100527952442160e-06,2.177147887720184729e-06,2.165568721423549509e-06,2.152283257242631591e-06,2.152349048844812623e-06,2.137395185916785123e-06,2.120803271918987753e-06,2.102613338035867495e-06,2.102700708880253820e-06,2.082961450276432515e-06,2.061714861133287948e-06,2.061816979844563180e-06,2.039118198759068826e-06,2.015015906814705166e-06,1.989566451326566708e-06,1.989687008580300654e-06,1.962953812815152581e-06,1.934993765099722714e-06,1.935127474545079082e-06,1.906008410866347477e-06
1.564829738387774561e-06,1.589986313825668902e-06,1.614228598037537237e-06,1.614081176758496024e-06,1.637359303353702594e-06,1.659615621181219924e-06,1.659482568439959321e-06,1.680670823918636237e-06,1.700737002267684274e-06,1.719634138649254965e-06,1.719521220029282260e-06,1.737209979944618084e-06,1.753643194831541791e-06,1.753546353500476757e-06,1.768690346202645461e-06,1.782503262462658985e-06,1.794951760726580939e-06,1.794878371039770906e-06,1.805938658335649285e-06,1.815577767121938819e-06,1.815524325235283796e-06,1.823726138905196111e-06,1.830463888105972890e-06,1.830433558942983413e-06,1.835699692079611569e-06,1.839473626949999719e-06,1.841746686532603763e-06,1.841754859852070181e-06,1.842530344453179673e-06,1.841806794131288377e-06,1.841852621763402920e-06,1.839637721767554012e-06,1.835928247765343975e-06,1.830735095704965658e-06,1.830849247259488472e-06,1.824208611352554215e-06,1.816119806735380158e-06,1.816304940925830733e-06,1.806819205843338722e-06,1.795937211204257357e-06,1.796217318992775116e-06,1.784007770079657952e-06,1.770470170786807243e-06,1.755642361752338480e-06,1.756101148320478877e-06,1.740080964869848684e-06,1.722862111842887506e-06,1.723508102384891192e-06,1.705214029356145972e-06,1.685828306186923229e-06,1.665405909882646360e-06,1.666398887960328612e-06,1.645105912324656703e-06,1.622904622633930672e-06,1.624253219086619157e-06,1.601348095763278013e-06,1.577677155834602930e-06,1.553309765484705047e-06,1.555299105730245308e-06,1.530502525925008631e-06,1.505170537819503702e-06,1.525441998363936310e-06,1.516556192899023114e-06,1.489354175689255256e-06,1.509674644222929810e-06,1.498264556830639558e-06,1.469500288770608826e-06,1.455893189698157454e-06,1.476167494154261195e-06,1.446222837245828188e-06,1.430555650595950322e-06,1.450994653863277493e-06,1.434052179530418407e-06,1.402945762577296290e-06,1.384578104690840104e-06,1.405205675896134655e-06,1.374147917150563674e-06,1.354694524473209318e-06,1.375819843048114125e-06,1.355629320603195923e-06,1.325445332552631143e-06,1.347286473114523679e-06,1.326877719736814179e-06,1.298346473704621132e-06,1.278274042071642227e-06,1.301192177625766159e-06,1.275040870321742388e-06,1.256033516094280644e-06,1.280287082597283577e-06,1.261801452465262607e-06,1.240038314114819608e-06,1.223435966563038291e-06,1.249660604262283860e-06,1.232027801976893016e-06,1.218281554863231870e-06,1.246517564473555394e-06,1.234344063119840387e-06,1.223452191474828162e-06,1.253940280209539196e-06,1.245709885226100578e-06,1.240339045443337764e-06,1.235962801930950997e-06,1.269527553972980160e-06,1.270021861899456995e-06,1.270525087580094962e-06,1.306650277598754319e-06,1.309841252124317196e-06,1.318838785108903406e-06,1.326609130598765274e-06,1.365930520021841681e-06,1.380888087877602652e-06,1.393944662528992746e-06,1.435509844056023167e-06,1.451352888626889908e-06,1.474180475158854900e-06,1.494373006298097105e-06,1.538258877044505613e-06,1.565843286711101106e-06,1.590429730187088304e-06,1.635396995847516866e-06,1.662028419777894303e-06,1.694995643859346313e-06,1.740265826987392452e-06,1.769896416654817357e-06,1.805151953613937294e-06,1.836983433530486664e-06,1.881287330064666819e-06,1.917499902754900035e-06,1.950220938861592084e-06,1.992544262483235925e-06,2.024905279220138429e-06,2.060523826619061904e-06,2.092696986073252856e-06,2.130746023939475123e-06,2.163911835466272571e-06,2.193659225762764245e-06,2.227148674101550769e-06,2.254455501850970821e-06,2.282435819232231840e-06,2.310341032857197248e-06,2.333067184867573200e-06,2.355524336223060533e-06,2.374820428849558479e-06,2.394011009608163186e-06,2.409963327672007843e-06,2.422934666748218815e-06,2.434777579975326305e-06,2.443223214773522235e-06,2.449535383785935756e-06,2.453356851487954881e-06,2.454984427186434647e-06,2.454984427186434647e-06,2.453560594612540445e-06,2.450156238082778971e-06,2.444088718890808006e-06,2.436125828295024908e-06,2.424495729222398562e-06,2.412086175822154415e-06,2.396525076313694164e-06,2.377592085183809422e-06,2.359051310962155080e-06,2.337148565456285554e-06,2.315407033059385363e-06,2.287870823382491153e-06,2.260666776019385180e-06,2.234685560128705911e-06,2.201660423230088594e-06,2.173489820316885559e-06,2.141551469652398319e-06,2.104071429533060190e-06,2.073931263932641474e-06,2.039922055584780332e-06,2.010061147562945951e-06,1.968465744359262371e-06,1.938576467846057411e-06,1.904662696242383080e-06,1.861182634173431657e-06,1.832773910891758261e-06,1.800345930111250052e-06,1.774727054292771874e-06,1.730389745568918944e-06,1.700823098699522815e-06,1.678847706742030050e-06,1.634851970835270046e-06,1.615249063289270649e-06,1.591979746676807883e-06,1.549069437829363108e-06,1.534467137295514329e-06,1.516579126720281347e-06,1.506926511411313327e-06,1.466268106102717963e-06,1.459631044783065578e-06,1.450531423995848675e-06,1.412017355803886519e-06,1.411139296155548451e-06,1.408576046725936757e-06,1.412755484076315269e-06,1.377207584723775154e-06,1.384148507012750070e-06,1.390861588812291142e-06,1.357669940487837351e-06,1.369737498325544472e-06,1.382751444937651881e-06,1.398947725315152871e-06,1.368460400966211153e-06,1.387355314548883648e-06,1.407542768067478878e-06,1.379023458308526477e-06,1.400615819136096891e-06,1.426633944778552369e-06,1.399820934027301193e-06,1.424145206304682970e-06,1.454437467540928438e-06,1.480582878661856296e-06,1.455259479043681422e-06,1.481616443347747646e-06,1.516343793429002209e-06,1.492029384919520481e-06,1.519090843527492435e-06,1.556119871504572864e-06,1.583236862589744605e-06,1.559518592678112296e-06,1.598039477027276304e-06,1.624425369338179470e-06,1.601117147642707696e-06,1.626340733156215589e-06,1.665352901520282055e-06,1.642254674906786932e-06,1.665808981508742674e-06,1.704531819291026821e-06,1.726163964713528299e-06,1.702865761854064621e-06,1.722779376487434624e-06,1.759730410083380283e-06,1.736371337309635550e-06,1.753571884347870400e-06,1.788880330445826416e-06,1.803309353692330322e-06,1.779621337179366297e-06,1.812871561709326253e-06,1.824101365517532059e-06,1.800312517965110323e-06,1.831171848623400882e-06,1.861346789704567803e-06,1.859357378057789153e-06,1.888942521841579126e-06,1.917659203897742058e-06,1.945426881515322602e-06,1.944078145587200902e-06,1.970947882015105029e-06,1.996704640803413056e-06,1.995711445343579138e-06,2.020382712711785219e-06,2.043792606213145984e-06,2.065876767943109028e-06,2.065230410050171591e-06,2.085996315275443141e-06,2.105312157252010870e-06,2.104852849683270049e-06,2.122717004392579736e-06,2.139024404765769228e-06,2.153730524193413619e-06,2.153449627526499295e-06,2.166548825228455699e-06,2.177967064656729318e-06,2.177780889477388357e-06,2.187512674700326672e-06,2.195502819425798110e-06,2.195387329058163495e-06,2.201633081817521745e-06,2.206095749891752554e-06,2.208762569045047318e-06,2.208714934386252411e-06,2.209587200827820264e-06,2.208658992975008643e-06,2.208648610103108746e-06,2.205919595920020038e-06,2.201388403314167668e-06,2.195065568328430664e-06,2.195093088521053035e-06,2.187001627086737929e-06,2.177152564943041558e-06,2.177202706880093023e-06,2.165626671352039537e-06,2.152344669008559120e-06,2.152414238148887755e-06,2.137464454956596540e-06,2.120876910988485105e-06,2.102691626888395802e-06,2.102783917881776129e-06,2.083049841373239629e-06,2.061808688656315925e-06,2.061916491170396672e-06,2.039223634845793175e-06,2.015127502629000748e-06,1.989684436176810145e-06,1.989811606368902281e-06,1.963085242221988631e-06,1.935132239707222602e-06,1.935273202914366044e-06,1.906161596572773297e-06,1.875952339379931680e-06
1.539001328983504517e-06,1.565007522492501610e-06,1.590155635242319756e-06,1.614389673691946797e-06,1.614234229166020268e-06,1.637504560606766139e-06,1.659753316970817106e-06,1.659612942118965672e-06,1.680794120615844960e-06,1.700853473062637225e-06,1.719744040819205278e-06,1.719624817381002983e-06,1.737307543245296312e-06,1.753735002354625756e-06,1.753632691704126982e-06,1.768771510560364282e-06,1.782579558467737790e-06,1.795023505094217802e-06,1.794945893133091210e-06,1.806002301844370227e-06,1.815637892025102722e-06,1.815581310082297082e-06,1.823780383452378595e-06,1.830515816348913913e-06,1.830483622588218192e-06,1.835748374502455062e-06,1.839521447688780199e-06,1.841794206373016410e-06,1.841802686558868836e-06,1.842579139209948100e-06,1.841857278752483665e-06,1.841905586746276297e-06,1.839694035254790055e-06,1.835988865492347036e-06,1.830801072008525579e-06,1.830921747227056205e-06,1.824288924193449302e-06,1.816209360456861769e-06,1.816405318397996966e-06,1.806932162337182007e-06,1.796064693486787063e-06,1.796361486061823787e-06,1.784171015618689591e-06,1.770655147416629963e-06,1.755852007151974933e-06,1.756338713283432212e-06,1.740350043354500904e-06,1.723166673066657674e-06,1.723852525000941658e-06,1.705603137738733509e-06,1.686267408836860074e-06,1.665900839947625502e-06,1.666956045846034923e-06,1.645732310351523830e-06,1.623607931671068076e-06,1.625041817068786776e-06,1.602231117968824635e-06,1.578664546771996789e-06,1.554412332202744267e-06,1.556528572332305144e-06,1.550138184971432877e-06,1.542276405525503369e-06,1.545070669951144568e-06,1.536000033221561588e-06,1.525483625023759955e-06,1.529129995472783685e-06,1.517509709854489634e-06,1.504502786600362236e-06,1.474446470043048998e-06,1.495245336554861870e-06,1.479994071592936619e-06,1.463499659035797283e-06,1.469982718361119048e-06,1.452820207348706542e-06,1.434567536343406608e-06,1.402786473344969514e-06,1.424050575369703641e-06,1.404501804464530698e-06,1.384149675079752495e-06,1.394956217682786781e-06,1.374659555497670055e-06,1.353809454922546625e-06,1.366993772917407685e-06,1.346575452604441068e-06,1.325887693507066340e-06,1.298095934766789047e-06,1.321927603935295758e-06,1.302120888845951029e-06,1.282503727979237078e-06,1.302489101985700056e-06,1.284319196508929473e-06,1.266677698901970735e-06,1.246900167446729993e-06,1.274297823459992743e-06,1.259400854352609534e-06,1.245533043423700793e-06,1.273795304444005244e-06,1.262375828768176257e-06,1.252310601091208168e-06,1.284381205745200576e-06,1.277098652971506134e-06,1.271462312399394140e-06,1.269671114258729738e-06,1.304757895298982757e-06,1.304047357451223003e-06,1.305336578599769990e-06,1.346134475850656903e-06,1.350678639565300639e-06,1.357370344214642081e-06,1.370503967929329756e-06,1.411433974139510293e-06,1.423569250158547270e-06,1.437944956027620105e-06,1.485784839865023700e-06,1.503164501073673804e-06,1.522710934233809159e-06,1.549404424765220468e-06,1.594721212190240455e-06,1.618883105073441663e-06,1.644963784273047260e-06,1.696137034069096958e-06,1.724107303325919917e-06,1.753679322320243669e-06,1.804679315389078537e-06,1.835419963552943033e-06,1.867358178128826745e-06,1.904468140276297683e-06,1.949341771611266120e-06,1.982344122501948997e-06,2.015880937126396196e-06,2.062010592373186838e-06,2.094655480796426864e-06,2.127299318057403646e-06,2.162523178671241905e-06,2.200164429401947363e-06,2.230436808737594565e-06,2.259961293399794522e-06,2.294799217705700047e-06,2.321281172434163262e-06,2.346515051033591174e-06,2.374757700022002514e-06,2.396171711396016287e-06,2.415908367584265107e-06,2.434743092124757573e-06,2.452006467224500411e-06,2.465287725629805181e-06,2.476465776794861511e-06,2.486426272290066896e-06,2.492604835716786314e-06,2.496528298517645229e-06,2.497772537876188506e-06,2.497772537876188506e-06,2.496745039751039302e-06,2.493265430850090819e-06,2.487561850040217557e-06,2.477601354545012172e-06,2.466950211309962147e-06,2.454268635366658319e-06,2.437257158830288551e-06,2.418863889336938716e-06,2.399935172319492561e-06,2.379464559514228323e-06,2.351221910525816560e-06,2.327087633338072506e-06,2.301881973821821514e-06,2.267044049515915989e-06,2.238992639028187302e-06,2.210409610544562531e-06,2.173328624384165101e-06,2.139468831500431434e-06,2.109001996310314001e-06,2.078803216933737489e-06,2.032673561686946847e-06,2.001866910799957271e-06,1.971892002156108722e-06,1.927843506454013944e-06,1.893244406417825973e-06,1.864959870768175500e-06,1.838197377272614957e-06,1.787197384203780089e-06,1.761932309058281809e-06,1.738599488995459179e-06,1.687426239199409481e-06,1.666312553923721345e-06,1.647443521025454082e-06,1.603125294397523161e-06,1.581045569779917239e-06,1.567421845475336426e-06,1.556263577332981932e-06,1.508423693495578337e-06,1.500553859639331677e-06,1.495192359154059641e-06,1.455104871903336538e-06,1.448151627540581860e-06,1.448711146616345835e-06,1.451623926565776476e-06,1.410826029314889563e-06,1.417175282363529680e-06,1.425680287314230510e-06,1.391005149098040509e-06,1.400308521767306029e-06,1.413970529057055360e-06,1.429352485564978955e-06,1.397281880910986336e-06,1.415491768899560252e-06,1.435072549879853231e-06,1.406810288859541157e-06,1.428827535187750380e-06,1.451833867973316186e-06,1.423873507962931797e-06,1.452255349644470708e-06,1.477843714422970379e-06,1.503839642348529411e-06,1.483854268340310535e-06,1.511151531940627623e-06,1.538468522797702724e-06,1.513247550562461516e-06,1.549746440767567778e-06,1.577538348578409279e-06,1.604827377080972080e-06,1.591643059005283748e-06,1.619112204077928618e-06,1.645759611220964962e-06,1.634953068322260062e-06,1.661372628018996736e-06,1.686692139310564684e-06,1.662933698225081691e-06,1.702671418348088502e-06,1.726067892146436406e-06,1.748047210680547963e-06,1.741564147948594997e-06,1.762541477772453036e-06,1.781936421772618265e-06,1.758009378919227548e-06,1.794994449762513300e-06,1.811456455522108621e-06,1.826185286419885848e-06,1.822538894606480432e-06,1.835817582814638067e-06,1.847305755682320081e-06,1.844511450466262319e-06,1.854448695354253653e-06,1.862576255509736924e-06,1.860459942658498633e-06,1.889929908863808614e-06,1.918542219808427173e-06,1.946215470122980394e-06,1.944781441337996124e-06,1.971574261864834208e-06,1.997261774480632284e-06,1.996206343851650840e-06,2.020821774947907572e-06,2.044181663610395581e-06,2.066221127067175954e-06,2.065534893105798447e-06,2.086265298498633416e-06,2.105549607182905391e-06,2.105062357331286131e-06,2.122901817320029546e-06,2.139187457128864118e-06,2.153874464790366387e-06,2.153576845911556723e-06,2.166661475958164150e-06,2.178067089740737826e-06,2.177870039110740441e-06,2.187592526357579426e-06,2.195574795399594082e-06,2.195452712526171334e-06,2.201693031522053775e-06,2.206151313515995574e-06,2.208814695368799814e-06,2.208764484302443966e-06,2.209634957298974310e-06,2.208705670006332576e-06,2.208694860806039637e-06,2.205966019737009096e-06,2.201435552472209866e-06,2.195113953585444675e-06,2.195143184265762844e-06,2.187053875849177913e-06,2.177207381369306022e-06,2.177260481221479634e-06,2.165687772515329740e-06,2.152409447210851059e-06,2.152483027217186537e-06,2.137537574309278837e-06,2.120954667332787478e-06,2.102774315665265299e-06,2.102871824486751806e-06,2.083143242179512922e-06,2.061907851863762594e-06,2.062021677502143240e-06,2.039335098111839003e-06,2.015245490174484388e-06,1.989809189230744240e-06,1.989943360307557613e-06,1.963224226759609092e-06,1.935278679025367553e-06,1.935427315739925010e-06,1.906323596213519120e-06,1.876122433725472793e-06,1.844890997434653860e-06
1.539382562436809902e-06,1.539198556812872183e-06,1.565195579993171346e-06,1.590334743349714043e-06,1.614560059463581372e-06,1.614396125739067563e-06,1.637658207183547086e-06,1.659898958839559588e-06,1.659750830718205710e-06,1.680924513651978788e-06,1.700976634691369091e-06,1.719860241903017508e-06,1.719734335836261821e-06,1.737410664494241625e-06,1.753832019899269516e-06,1.753723907841008896e-06,1.768857237257189598e-06,1.782660118425161260e-06,1.795099233018442710e-06,1.795017137247508089e-06,1.806069425671200240e-06,1.815701276470898447e-06,1.815641355864208674e-06,1.823837513905299533e-06,1.830570480656966967e-06,1.830536299487524160e-06,1.835799576505709598e-06,1.839571725885855179e-06,1.841844155865533277e-06,1.841852952590481815e-06,1.842630424057832425e-06,1.841910349449263155e-06,1.841961283705236409e-06,1.839753281874702744e-06,1.836052678821484905e-06,1.830870574550408256e-06,1.830998179973072068e-06,1.824373660969641191e-06,1.816303923673769203e-06,1.816511396293402617e-06,1.807051627801813244e-06,1.796199624562359325e-06,1.796514188199165910e-06,1.784344045780921190e-06,1.770851340108360867e-06,1.756074502450115055e-06,1.756590986938309600e-06,1.740635939021451891e-06,1.723490436717939332e-06,1.724218841555601727e-06,1.706017169933812505e-06,1.686734838346909587e-06,1.666427910740868447e-06,1.667549609744501287e-06,1.646399874739081978e-06,1.624357709267382330e-06,1.625882777658851938e-06,1.603173041946819035e-06,1.579718080324833148e-06,1.574465301985198782e-06,1.595921937694284212e-06,1.570177229314472525e-06,1.562138952756415133e-06,1.583654422376398595e-06,1.555857133415718939e-06,1.545132126080874814e-06,1.566719833202474140e-06,1.537183888445267088e-06,1.523949417782051055e-06,1.509342484494252035e-06,1.530913305214320207e-06,1.499295234820653226e-06,1.482562105563586363e-06,1.504348681125624119e-06,1.472084602701835726e-06,1.453619492660308477e-06,1.434142972219450127e-06,1.456194551351466114e-06,1.423735578347528846e-06,1.403235726449989606e-06,1.425884970363967605e-06,1.394334164707421784e-06,1.373424433687174390e-06,1.396914821150025838e-06,1.367018200765599997e-06,1.346386461839650474e-06,1.325662839671266678e-06,1.350414681947887063e-06,1.323923203369304814e-06,1.304557883580573720e-06,1.330827454534874507e-06,1.307900920525959557e-06,1.290686767672696359e-06,1.274227728954881642e-06,1.302719892181180122e-06,1.285898698252991359e-06,1.272725123996301414e-06,1.303438945482566755e-06,1.291909813204003851e-06,1.282742186185938925e-06,1.315909854024693904e-06,1.310201698719790584e-06,1.305660025581579166e-06,1.302976476679625422e-06,1.339446517520394502e-06,1.342477971970695403e-06,1.345110589491663687e-06,1.384260870957056771e-06,1.393711860496425180e-06,1.401879591517808237e-06,1.412315268566940669e-06,1.454718188065922811e-06,1.472996459488024691e-06,1.488961206374431067e-06,1.533537114811269065e-06,1.557508524970669179e-06,1.578634860222261918e-06,1.601896208817415037e-06,1.648533832301901054e-06,1.679421590719337155e-06,1.706961399171999754e-06,1.754324052577137846e-06,1.788728385319723672e-06,1.819554981248729929e-06,1.866727299593415067e-06,1.903349076267137665e-06,1.936251840587440425e-06,1.970081521494343021e-06,2.015437718328463317e-06,2.053170601930327696e-06,2.087169010617537553e-06,2.129757273740946135e-06,2.166136946389689662e-06,2.198785787360500850e-06,2.231063619632599324e-06,2.268200444599521944e-06,2.300659155426149066e-06,2.329519984785650546e-06,2.361152535852264885e-06,2.388719396580601855e-06,2.412778527773581784e-06,2.437887418144934410e-06,2.459324527256894967e-06,2.477400226617792759e-06,2.493503898630670119e-06,2.508751950456425392e-06,2.520661382872882438e-06,2.529622890711162209e-06,2.536806877069404467e-06,2.540722057278745784e-06,2.542112236998186932e-06,2.542112236998186932e-06,2.541171913218087678e-06,2.537510047051551247e-06,2.530544143173930904e-06,2.522097138368840450e-06,2.510523224142378515e-06,2.495518872124822513e-06,2.480080785436611443e-06,2.462778713862769679e-06,2.441905156542378421e-06,2.417136033566462032e-06,2.394131455235643662e-06,2.367358939451278197e-06,2.336159151880072652e-06,2.308718941341079429e-06,2.277353963763183432e-06,2.240757944907438799e-06,2.210348233680856715e-06,2.179819781952680766e-06,2.145116132482306574e-06,2.103241975403119017e-06,2.071919446019197620e-06,2.036337738818685066e-06,1.991806297589180879e-06,1.961264959894764753e-06,1.931973144493669732e-06,1.898331622154114720e-06,1.852120438325588074e-06,1.825570978328823175e-06,1.794762484385753227e-06,1.748419522631316256e-06,1.725833531788641712e-06,1.699191603539683127e-06,1.653597337091058277e-06,1.635954802622725530e-06,1.620768365938699196e-06,1.602046150785315572e-06,1.558470752197106453e-06,1.549051603365036057e-06,1.536684191768644471e-06,1.495195490047225945e-06,1.491845620403320404e-06,1.491003531360778008e-06,1.488399782912814019e-06,1.449944908741811485e-06,1.455047415019808067e-06,1.459425365138967992e-06,1.423447528414860893e-06,1.434171973002690435e-06,1.446865680479685648e-06,1.460696967838143078e-06,1.427640499853962895e-06,1.445095477454026330e-06,1.465120600628146649e-06,1.434221689638123467e-06,1.455700299107762091e-06,1.481298493273813401e-06,1.452299361041664875e-06,1.476964783032751215e-06,1.502293720260626832e-06,1.534237011985533173e-06,1.506946793309869366e-06,1.534163513321960353e-06,1.569708834693392021e-06,1.543584990934113127e-06,1.571797360018117279e-06,1.599702638140284271e-06,1.638530112700825562e-06,1.613146601217619514e-06,1.640839235968007409e-06,1.681127123509038544e-06,1.656251495098338667e-06,1.682974134074879621e-06,1.723895165110771007e-06,1.699302396029181965e-06,1.724385562684714640e-06,1.748132488638668080e-06,1.788312602917940053e-06,1.763558042868791095e-06,1.784898179416058891e-06,1.823993200183989457e-06,1.799205702137735606e-06,1.817722062642871712e-06,1.834512481416493969e-06,1.870779227455547530e-06,1.845661972740286127e-06,1.859233746245797039e-06,1.893220714449249233e-06,1.868009245535239402e-06,1.878190860315908093e-06,1.909560514507458305e-06,1.884275625716366992e-06,1.890983438844005056e-06,1.919484137836499198e-06,1.947056421664422127e-06,1.945531205926141015e-06,1.972241808268726263e-06,1.997855314232894534e-06,1.996733382961890244e-06,2.021289163660563088e-06,2.044595644096845676e-06,2.066587378970311813e-06,2.065858576881143037e-06,2.086551096519509141e-06,2.105801762598126872e-06,2.105284710682508022e-06,2.123097840942263431e-06,2.139360287371916758e-06,2.154026932111156888e-06,2.153711502897573103e-06,2.166780623350827349e-06,2.178172800534330586e-06,2.177964180807903649e-06,2.187676781466381617e-06,2.195650680259926276e-06,2.195521594554843606e-06,2.201756144966631861e-06,2.206209773807190560e-06,2.208869512160261263e-06,2.208816573285186476e-06,2.209685150875515189e-06,2.208754726907006923e-06,2.208743474726987699e-06,2.206014827076072273e-06,2.201485139235483627e-06,2.195164861533624909e-06,2.195195916365678706e-06,2.187108901092135359e-06,2.177265139014099032e-06,2.177321384516163623e-06,2.165752211948186946e-06,2.152477793337381220e-06,2.152555633106488811e-06,2.137614777649832460e-06,2.121036792234452528e-06,2.102861674191259943e-06,2.102964717946486305e-06,2.083241962210426895e-06,2.062012681327752686e-06,2.062132891219777212e-06,2.039452963455315642e-06,2.015370267538225529e-06,1.989941132396591328e-06,1.990082716719765607e-06,1.963371237723217349e-06,1.935433579840024676e-06,1.935590335779883068e-06,1.906494958963281873e-06,1.876302356779437186e-06,1.845079692468078820e-06,1.845255690517704767e-06
1.512818436779273390e-06,1.539601154189734321e-06,1.539407227384665711e-06,1.565394553630009040e-06,1.590524251022444725e-06,1.614740338800386817e-06,1.614567420980115531e-06,1.637820769164443474e-06,1.660053045011415278e-06,1.659896705213229737e-06,1.681062447404736617e-06,1.701106905627192388e-06,1.719983135206521208e-06,1.719850144314548892e-06,1.737519689051139873e-06,1.753934570138861407e-06,1.753820302820803514e-06,1.768947806413531547e-06,1.782745202695899146e-06,1.795179186190474916e-06,1.795092327559611149e-06,1.806140237705495341e-06,1.815768113369449405e-06,1.815704641910556858e-06,1.823897697514204934e-06,1.830628037819254979e-06,1.830591737720701038e-06,1.835853439364885964e-06,1.839624598093498681e-06,1.841896669122607790e-06,1.841905792135599959e-06,1.842684336045106291e-06,1.841966149219531911e-06,1.842019865029228208e-06,1.839815627250392454e-06,1.836119870911349176e-06,1.830943808847412000e-06,1.831078778786914595e-06,1.824463088826993840e-06,1.816403804227810273e-06,1.816623530838814310e-06,1.807178015491417612e-06,1.796342484420611800e-06,1.796675983025663092e-06,1.784527508033785039e-06,1.771059499852679071e-06,1.756310717450405788e-06,1.756858974966103023e-06,1.740939812439376454e-06,1.723834739390033933e-06,1.724608588119804971e-06,1.706457887456579670e-06,1.687232610361532131e-06,1.666989423650250198e-06,1.668182201545743212e-06,1.647111586001198941e-06,1.625157336264763600e-06,1.626779927531645483e-06,1.624231616353920612e-06,1.620133484600926547e-06,1.594926305715235460e-06,1.616863633282842549e-06,1.609851102195949114e-06,1.582417132845110371e-06,1.604435660621426164e-06,1.594583982391105043e-06,1.565208815436060145e-06,1.587328381054308328e-06,1.574792814873318628e-06,1.560791168724337145e-06,1.528996193125178288e-06,1.551143914101041199e-06,1.534813006345099926e-06,1.502108843269468054e-06,1.524522552422930580e-06,1.506242746401968725e-06,1.486838319847279733e-06,1.453530766700953585e-06,1.476287860745531255e-06,1.455631215328153831e-06,1.422938290107281751e-06,1.446373223521024146e-06,1.425078957911708070e-06,1.393749447809390805e-06,1.418119454922572060e-06,1.396884356456542206e-06,1.375445986192904285e-06,1.347124384158945868e-06,1.372892850660242829e-06,1.352620268911861690e-06,1.327627079163249377e-06,1.355033568297490416e-06,1.336749314508873680e-06,1.319137871576912498e-06,1.299980073521522710e-06,1.329770980022961935e-06,1.315338290238662242e-06,1.301368246043631252e-06,1.333504498313182208e-06,1.323018428505516899e-06,1.314842285433923190e-06,1.349544705115142503e-06,1.343676831052275132e-06,1.339660259156331583e-06,1.340312147552801252e-06,1.378432222892592099e-06,1.379802328794548968e-06,1.387065288501289238e-06,1.427914576061012268e-06,1.434941268086104503e-06,1.444289828561832119e-06,1.460786898610858526e-06,1.504885022170313410e-06,1.519949550116723056e-06,1.542552091750180044e-06,1.588751651217914038e-06,1.609195734571569965e-06,1.631872654085323647e-06,1.662072749299377098e-06,1.710139815027179649e-06,1.737338466796405429e-06,1.771618223722750176e-06,1.820176455286127930e-06,1.850900456115559537e-06,1.887985502467547042e-06,1.936046809605757353e-06,1.969064311906384280e-06,2.003105955796584127e-06,2.042104351516824468e-06,2.087841145381760090e-06,2.122216437310255039e-06,2.160398397990698316e-06,2.202916609062550541e-06,2.236052142468749200e-06,2.268868570144736452e-06,2.303756800898746707e-06,2.340169178606953164e-06,2.369590661064557086e-06,2.399919896762328652e-06,2.430320296836041618e-06,2.454897026994830460e-06,2.479309426278570733e-06,2.502694100939716956e-06,2.521185325505357347e-06,2.537676747152223152e-06,2.552655167957845007e-06,2.565597268931709442e-06,2.574783148103075190e-06,2.581671104607654650e-06,2.586199741591892353e-06,2.587628410390135269e-06,2.587628410390135269e-06,2.586678628736345777e-06,2.582374274589801430e-06,2.575764154322975527e-06,2.567126877477482146e-06,2.554426441643798130e-06,2.539824722512704719e-06,2.524044736696643057e-06,2.506381313775091606e-06,2.483327164676014744e-06,2.459551635244057429e-06,2.436104958357087751e-06,2.406126300361341964e-06,2.376690803275569712e-06,2.348792538158451594e-06,2.312910320062408195e-06,2.279244534309596580e-06,2.248430864414682854e-06,2.217567875513824365e-06,2.175757256732058754e-06,2.139428274753399463e-06,2.107918159471824123e-06,2.063004372007046217e-06,2.026367407495675022e-06,1.995841942661848159e-06,1.966682436118654891e-06,1.919589825028246907e-06,1.885743362595224203e-06,1.859580617253135632e-06,1.812056655531365556e-06,1.781659645298205218e-06,1.759732563476099778e-06,1.712730520537158958e-06,1.687087281811716370e-06,1.670375271671514913e-06,1.656228858485928602e-06,1.611061127724226550e-06,1.594044015947141658e-06,1.585900385464955602e-06,1.542752902313580186e-06,1.532511163082118666e-06,1.530632659517919354e-06,1.531316918493561460e-06,1.491204200457046486e-06,1.491131362509503079e-06,1.497876830459832487e-06,1.460290995171374742e-06,1.467381031963257550e-06,1.479804913662773990e-06,1.494180920352424209e-06,1.459629399247372364e-06,1.476232681953386843e-06,1.495335457089920044e-06,1.463049901189209240e-06,1.485793327457927045e-06,1.508826373344213137e-06,1.478558674614123167e-06,1.506739241677524135e-06,1.532812287184998517e-06,1.559444642210672550e-06,1.531036636613178112e-06,1.565237869729939223e-06,1.593548551481518018e-06,1.566418536899339406e-06,1.603945873607630596e-06,1.633010521535426698e-06,1.661631588394542150e-06,1.635364739314224169e-06,1.675716029296314910e-06,1.703855225039880219e-06,1.678180443065269582e-06,1.719660950695593236e-06,1.746552763493271327e-06,1.721231379819126111e-06,1.763012280036201097e-06,1.787987938500167605e-06,1.811491239154834471e-06,1.786072762410494419e-06,1.826649310831967990e-06,1.847485564553061306e-06,1.822076081410931727e-06,1.861271159057881532e-06,1.879041054728414435e-06,1.894973222304064204e-06,1.869268190050600750e-06,1.905253676517660676e-06,1.917759829095513927e-06,1.891983384998630165e-06,1.925461930342406078e-06,1.934397259733632567e-06,1.908564807065109046e-06,1.939230916542356806e-06,1.944540073640333370e-06,1.947953562849284917e-06,1.946330820233414218e-06,1.972953501784785120e-06,1.998487881997213993e-06,1.997294864109993503e-06,2.021786894540051647e-06,2.045036309227877914e-06,2.066977059753327568e-06,2.066202797983340130e-06,2.086854869897610511e-06,2.106069629138356786e-06,2.105520779459520552e-06,2.123305826117118636e-06,2.139543542765187320e-06,2.154188483501014798e-06,2.153854078104339957e-06,2.166906680179159373e-06,2.178284552652084757e-06,2.178063621646904489e-06,2.187765706234979589e-06,2.195730706160518886e-06,2.195594179301572053e-06,2.201822603699409687e-06,2.206271294498188573e-06,2.208927169608108162e-06,2.208871341790548820e-06,2.209737915689516788e-06,2.208806294541227471e-06,2.208794582210658754e-06,2.206066150242621329e-06,2.201537300116886105e-06,2.195218434937125406e-06,2.195251435703449942e-06,2.187166863530396116e-06,2.177326010004117435e-06,2.177385601765560099e-06,2.165820188886952387e-06,2.152549922129168048e-06,2.152632287251952343e-06,2.137696314225198381e-06,2.121123553804994810e-06,2.102953990436102313e-06,2.103062907027974583e-06,2.083346331918398500e-06,2.062123530026232331e-06,2.062250508621048551e-06,2.039577631243890629e-06,2.015502259865000055e-06,1.990080716261380967e-06,1.990230152258526020e-06,1.963526778414469598e-06,1.935597472643412456e-06,1.935762821218304405e-06,1.906676271158709725e-06,1.876492723451314316e-06,1.845279334902083455e-06,1.845464823511678133e-06,1.813295034881548961e-06
1.485546335184135491e-06,1.513060475171669703e-06,1.539832476000999208e-06,1.539628059323061413e-06,1.565605129799594404e-06,1.590724812836257713e-06,1.614931134909809795e-06,1.614748707226684808e-06,1.637992808561329145e-06,1.660216107762871634e-06,1.660051068781513415e-06,1.681208396635303995e-06,1.701244732944442337e-06,1.720113140893944461e-06,1.719972636894898033e-06,1.737634985784136787e-06,1.754042997656045091e-06,1.753922197919371891e-06,1.769043517033469359e-06,1.782835089107313378e-06,1.795263622420876437e-06,1.795171703093890145e-06,1.806214959494553859e-06,1.815838608186845005e-06,1.815771359100100044e-06,1.823961112175216381e-06,1.830688654480113976e-06,1.830650094555386713e-06,1.835910113011421412e-06,1.839680209137495083e-06,1.841951888313472566e-06,1.841961347407361835e-06,1.842741020418167344e-06,1.842024829663954261e-06,1.842081492374303754e-06,1.839881247229198227e-06,1.836190636432636488e-06,1.831020993590463646e-06,1.831163792217814825e-06,1.824557492736985191e-06,1.816509330895959962e-06,1.816742102921932844e-06,1.807311767743960743e-06,1.796493787345992512e-06,1.796847468557866407e-06,1.784722097344267270e-06,1.771280433372076108e-06,1.756561587187434773e-06,1.757143759197029287e-06,1.741262912830402823e-06,1.724201020601778622e-06,1.725023419927524303e-06,1.706927189401813762e-06,1.687762898930299513e-06,1.667587861949637266e-06,1.668856651424679242e-06,1.647870662532261334e-06,1.646627765937087651e-06,1.669351942819028986e-06,1.645721188040799635e-06,1.641506274586176415e-06,1.635691152442956463e-06,1.638243790221430580e-06,1.631068002196273533e-06,1.622294074456938288e-06,1.625666628793702504e-06,1.615615061650785301e-06,1.604002435331809548e-06,1.626966883574001285e-06,1.595645499976952134e-06,1.581402138047814943e-06,1.565712487100191694e-06,1.571872271311548921e-06,1.555301385304514491e-06,1.537423284909857447e-06,1.560682560697687902e-06,1.526740900728962967e-06,1.507122909208428897e-06,1.486472441986502596e-06,1.496994842664954058e-06,1.476186107357614609e-06,1.454595903238188712e-06,1.467559948060226283e-06,1.446204257671122736e-06,1.424359963655101001e-06,1.449669904975290206e-06,1.418954574454064776e-06,1.397618869591404456e-06,1.376279813706833532e-06,1.396352857926408478e-06,1.376344351338432764e-06,1.356701015378976353e-06,1.385198819030318003e-06,1.362554360204737308e-06,1.345464324309459087e-06,1.329296367600718918e-06,1.358225350119547504e-06,1.344524808651823824e-06,1.332118882155058077e-06,1.365190438967438163e-06,1.355652276333588352e-06,1.347752353639714533e-06,1.383849409461989313e-06,1.380316039600452120e-06,1.377538728108258252e-06,1.376831645629541157e-06,1.419567501876832717e-06,1.422356178434351923e-06,1.427413972983377039e-06,1.469807074588706458e-06,1.482510526438558569e-06,1.493469621305499579e-06,1.506856366374602896e-06,1.557644140255738252e-06,1.574376421216792399e-06,1.593493902780883674e-06,1.641182057326480465e-06,1.668763782261282483e-06,1.693083060574207341e-06,1.719565013690769186e-06,1.774498072479849361e-06,1.803199887286397788e-06,1.833742676992077520e-06,1.888712389275091062e-06,1.920706075625366332e-06,1.954115313897971413e-06,2.002965553008779083e-06,2.041845547021611440e-06,2.076711454137755720e-06,2.112277282238179788e-06,2.162388750178825061e-06,2.197149335489801487e-06,2.232019050962730706e-06,2.274367250057326958e-06,2.310839248349509547e-06,2.343362622880461125e-06,2.375160220359981219e-06,2.413215949629888191e-06,2.441795852677861253e-06,2.469084428564890137e-06,2.499987563796664645e-06,2.523176409208277477e-06,2.544585377904106407e-06,2.566139370419134950e-06,2.583977092308498366e-06,2.598413121243710891e-06,2.610581831548759922e-06,2.621505556713799799e-06,2.628227756397465111e-06,2.632508334326647825e-06,2.634362864121211367e-06,2.634362864121211367e-06,2.632753914336055581e-06,2.628976561588943007e-06,2.622793791103553732e-06,2.611870065938513854e-06,2.600301148627774491e-06,2.586549455928796685e-06,2.569191027875300196e-06,2.547950797052666101e-06,2.527467724214555314e-06,2.505361595901747356e-06,2.474458460669972848e-06,2.448433142480439500e-06,2.421320337264692698e-06,2.383264607994785725e-06,2.353160634885168389e-06,2.322579260168778672e-06,2.287626711679391930e-06,2.245970199970231951e-06,2.213600166909154174e-06,2.181645586897002789e-06,2.131534118956357516e-06,2.099096490627017961e-06,2.067694676906761770e-06,2.031645268449532718e-06,1.983775709641507435e-06,1.954533546930995953e-06,1.927068553791930809e-06,1.872098841508917055e-06,1.846449192792417905e-06,1.823004713796981984e-06,1.768071655007901809e-06,1.747207836979215216e-06,1.728860942150288487e-06,1.706501952961314396e-06,1.659908021932169036e-06,1.647439359333877774e-06,1.637672117747174092e-06,1.586884343866038736e-06,1.580760454668036126e-06,1.577341056355312938e-06,1.571609335781057126e-06,1.530037714518544650e-06,1.533001217676959793e-06,1.538434658216764732e-06,1.495698801969473172e-06,1.504799996158281619e-06,1.516113319729018928e-06,1.528058715844868867e-06,1.492196475252532397e-06,1.508822313520318582e-06,1.527133313978418336e-06,1.494061757166036345e-06,1.515255174936422181e-06,1.537725743374965824e-06,1.508796760856102722e-06,1.533685567174109823e-06,1.559416203889631784e-06,1.591549565121156037e-06,1.562092999655061566e-06,1.590126862880984844e-06,1.618358366015052407e-06,1.598285321789574488e-06,1.627653317571114144e-06,1.656798905184433071e-06,1.696983216417240713e-06,1.669771757101439418e-06,1.698919459625081217e-06,1.727294668863448548e-06,1.714330623822023938e-06,1.742638470867531622e-06,1.769846868022046312e-06,1.759324466598476484e-06,1.786042403999974810e-06,1.811383356711809970e-06,1.853772030986691860e-06,1.827433748014246343e-06,1.850316309033790546e-06,1.871521311395594996e-06,1.865361519745048301e-06,1.885309892999844326e-06,1.903433222833201197e-06,1.941954311564529847e-06,1.915289602786381026e-06,1.930020976236699559e-06,1.942811819749920248e-06,1.939439223690206592e-06,1.950575557726213190e-06,1.959740777524549780e-06,1.957188063250662545e-06,1.964624699334129217e-06,1.970099386494472518e-06,1.998820840138324746e-06,1.971911005021391525e-06,1.973712560854153191e-06,1.999162307998806872e-06,1.997893270621611972e-06,2.022317141686353680e-06,2.045505558143510024e-06,2.067391824685422328e-06,2.066568995950435463e-06,2.087177867850973739e-06,2.106354288597756711e-06,2.105771498618747797e-06,2.123526579435097573e-06,2.139737918076490608e-06,2.154359716695069365e-06,2.154005085435800319e-06,2.167040088282910602e-06,2.178402726345331640e-06,2.178168689607922307e-06,2.187859584653542436e-06,2.195815120458906368e-06,2.195670684027578506e-06,2.201892600694053596e-06,2.206336049441033707e-06,2.208987827042352006e-06,2.208928938728485055e-06,2.209793393896731828e-06,2.208860511595069175e-06,2.208848321425221320e-06,2.206120129548834153e-06,2.201592179982340028e-06,2.195274825406115475e-06,2.195309902633424047e-06,2.187227934096623485e-06,2.177390177540021989e-06,2.177453330001779844e-06,2.165891915647908510e-06,2.152626062541718474e-06,2.152713236516645943e-06,2.137782449996708181e-06,2.121215238224566350e-06,2.103051571855264423e-06,2.103166721459368330e-06,2.083456704246380395e-06,2.062240775006901334e-06,2.062374931698535529e-06,2.039709529207123991e-06,2.015641921366733657e-06,1.990228422219027468e-06,1.990386176154252610e-06,1.963691386510125832e-06,1.935770924124102760e-06,1.935945368276841919e-06,1.906868159031729345e-06,1.876694190416517927e-06,1.845490612244898388e-06,1.845686135468543012e-06,1.813526598566076997e-06,1.780475732359564211e-06
1.486045861764955101e-06,1.485814076623087657e-06,1.513316658893485771e-06,1.540077330167930648e-06,1.539861820230694780e-06,1.565828041776321446e-06,1.590937128153281082e-06,1.615133113707381514e-06,1.614940617463196416e-06,1.638174925992922338e-06,1.660388715962393810e-06,1.660214459206931039e-06,1.681362868759103400e-06,1.701390594457125154e-06,1.720250707996446686e-06,1.720102234696649349e-06,1.737756948825553897e-06,1.754157670576494486e-06,1.754029936294085416e-06,1.769144688405541412e-06,1.782930074243749555e-06,1.795352816824724366e-06,1.795255518807756020e-06,1.806293827234276101e-06,1.815912979847794661e-06,1.815841710682459682e-06,1.824027947178669185e-06,1.830752507822633204e-06,1.830711537075229367e-06,1.835969756615970681e-06,1.839738712667250808e-06,1.842009964194198016e-06,1.842019769168120088e-06,1.842800631157691512e-06,1.842086551552386748e-06,1.842146337281797659e-06,1.839950328577059811e-06,1.836265182366573635e-06,1.831102361578942275e-06,1.831253485181446189e-06,1.824657176817120146e-06,1.816620854972153423e-06,1.816867519988510468e-06,1.807453358255427080e-06,1.796654084639311646e-06,1.797029286456573254e-06,1.784928560044738481e-06,1.771515007705971062e-06,1.756828117346085051e-06,1.757446503993294915e-06,1.741606585560992292e-06,1.724590831558137600e-06,1.725465121585914754e-06,1.707427124303044758e-06,1.688328050236534690e-06,1.668225906639729179e-06,1.691262771902959315e-06,1.691401571867166602e-06,1.668535582143789665e-06,1.691760300811693706e-06,1.688822960198711489e-06,1.663322495634827681e-06,1.657357904297569218e-06,1.680667572447594822e-06,1.652737273012502493e-06,1.643770503629517089e-06,1.667184962336682233e-06,1.656476515454855189e-06,1.625275951860933217e-06,1.648823893442906279e-06,1.635291247077714583e-06,1.602504148835216118e-06,1.586560204667701288e-06,1.610179467324418709e-06,1.592684272795541103e-06,1.558198630168041460e-06,1.582151507141251244e-06,1.562678291014987410e-06,1.527999270847458075e-06,1.507156571285489126e-06,1.531554111890585856e-06,1.497409937787167831e-06,1.475707973876857324e-06,1.500908781903013444e-06,1.478590374754464039e-06,1.446254454723774811e-06,1.472544245794456523e-06,1.450501073845901205e-06,1.420726698234741288e-06,1.399582846907428451e-06,1.427493859127544265e-06,1.406823889511630313e-06,1.381900645329919508e-06,1.411662120198523973e-06,1.393380616687067240e-06,1.373138183977183953e-06,1.357633531222710702e-06,1.390064238584300389e-06,1.375277645275137157e-06,1.363759472134287671e-06,1.398762453287452824e-06,1.389443510959878124e-06,1.383296763508587767e-06,1.421071677302237979e-06,1.416888214216645786e-06,1.417534754069454850e-06,1.418227367712089262e-06,1.459626580235286731e-06,1.463379965187018625e-06,1.473877817079626903e-06,1.518085122860301239e-06,1.527892548845174435e-06,1.545261696305652070e-06,1.560365519592597260e-06,1.607787465155761566e-06,1.626040833538554954e-06,1.652407547510953150e-06,1.701757478976511115e-06,1.725459606859457908e-06,1.757142546935839740e-06,1.785254850409212832e-06,1.836037816102798076e-06,1.871877714891778385e-06,1.903846150320438495e-06,1.954602087222138989e-06,1.988018530890910893e-06,2.027729187680649606e-06,2.077316294219538260e-06,2.112406585633456926e-06,2.152669686026294964e-06,2.188818510970781632e-06,2.234982489063970994e-06,2.270322359504879492e-06,2.309009461161110065e-06,2.350986974519891451e-06,2.384062543635949307e-06,2.419181619588439702e-06,2.450320196027796720e-06,2.484808795870189713e-06,2.514745905441478453e-06,2.540802941201412433e-06,2.568227050943024552e-06,2.590127235471067840e-06,2.611201364188052703e-06,2.630617689306334509e-06,2.645402438699841346e-06,2.658407087404037059e-06,2.668169987190561874e-06,2.676040040689194140e-06,2.680437429737254013e-06,2.681832755378218649e-06,2.681832755378218649e-06,2.680699003647685754e-06,2.676837788079883892e-06,2.669215075284999426e-06,2.660037411784914324e-06,2.647415841537561863e-06,2.633362699822602360e-06,2.614253021644217949e-06,2.593721085261930519e-06,2.572812893490337454e-06,2.545777425136390515e-06,2.520932007167577882e-06,2.491910611138783672e-06,2.457917272277458962e-06,2.428412778930213161e-06,2.394555965277953594e-06,2.363564120083016415e-06,2.322268922783175037e-06,2.285271402444617102e-06,2.252611900347156674e-06,2.207259104701023008e-06,2.174179414392731428e-06,2.136393765339965706e-06,2.105011022691342497e-06,2.056408903121402817e-06,2.019789033368945577e-06,1.990824829281804714e-06,1.941141510657381372e-06,1.914038527666961693e-06,1.882311688424239000e-06,1.832654955564869772e-06,1.810153308075556691e-06,1.783309134809905409e-06,1.765952208877751414e-06,1.717727443145787081e-06,1.696937979442943202e-06,1.685729399649699296e-06,1.639369093326429068e-06,1.631582617484126889e-06,1.620876596307952201e-06,1.619022201395964442e-06,1.575680078271977148e-06,1.572524341689572777e-06,1.577204501328058438e-06,1.536472686117200398e-06,1.544292158185571273e-06,1.551891030972030220e-06,1.565001891363193568e-06,1.527506069891467322e-06,1.542400098833818789e-06,1.560810360157958139e-06,1.525775227987429603e-06,1.546246868388581327e-06,1.570352499183347258e-06,1.537545458108668651e-06,1.561949248156493948e-06,1.591759730908273834e-06,1.618947867076904841e-06,1.588251391420339956e-06,1.622881461799344718e-06,1.652158267799612396e-06,1.622925066252321834e-06,1.652287457133174935e-06,1.691770814209588829e-06,1.721759909394923944e-06,1.693567766131765014e-06,1.735482064811790973e-06,1.765184921865054094e-06,1.737707640238129631e-06,1.766302334136116636e-06,1.809647616522505339e-06,1.782618246175362926e-06,1.809691860126401375e-06,1.853212691631909743e-06,1.878357395796486064e-06,1.851288098060798740e-06,1.894182204328748561e-06,1.916582348662877735e-06,1.889562803491840630e-06,1.909889995757345227e-06,1.950321504102885982e-06,1.967570461892818374e-06,1.940263360638876662e-06,1.978539866451247245e-06,1.992166671109371513e-06,1.964801074348003588e-06,1.976208790192656099e-06,2.010302146029239998e-06,1.982887960229003035e-06,1.990533964966774822e-06,2.021564446124823261e-06,2.025492205023690154e-06,1.998004312148500277e-06,2.025759278266490148e-06,2.025891352863170538e-06,1.998531283553374339e-06,2.022882251338025258e-06,2.046005439427897236e-06,2.067833458414736929e-06,2.066958722012455458e-06,2.087521435747544122e-06,2.106656905307292054e-06,2.106037873770359834e-06,2.123760967804996681e-06,2.139944159437440672e-06,2.154541273067151059e-06,2.154165075801604559e-06,2.167181320842778914e-06,2.178527728398503356e-06,2.178279735153654145e-06,2.187958719812568365e-06,2.195904186820195298e-06,2.195751340028426315e-06,2.201966341143207468e-06,2.206404223295040981e-06,2.209051653544721395e-06,2.208989522019767469e-06,2.209851736201338517e-06,2.208917525087725169e-06,2.208904838876503461e-06,2.206176913845347509e-06,2.201649932612887725e-06,2.195334194000765002e-06,2.195371487637770696e-06,2.187292294658840441e-06,2.177457836683565597e-06,2.177524779151897258e-06,2.165967618575465026e-06,2.152706458783299303e-06,2.152798744325491949e-06,2.137873468874792122e-06,2.121312151082033925e-06,2.103154746839588792e-06,2.103276513492892788e-06,2.083573456307431990e-06,2.062364819186421268e-06,2.062506590061101280e-06,2.039849114482415764e-06,2.015789737494849961e-06,1.990384764770622353e-06,1.990551332644227115e-06,1.963865636621541574e-06,1.935954539857101756e-06,1.936138614035638990e-06,1.907071291661184033e-06,1.876907459198364565e-06,1.845714258862449386e-06,1.845920393947515140e-06,1.813771695198157669e-06,1.780731885614407094e-06,1.780953609632862928e-06
1.458174084716466715e-06,1.486341747996904619e-06,1.486097517251369142e-06,1.513587882357413052e-06,1.540336573841259462e-06,1.540109330313475296e-06,1.566064073191835321e-06,1.591161944455178909e-06,1.615346987003022529e-06,1.615143828360205166e-06,1.638367763577090016e-06,1.660571477816307473e-06,1.660387451480093959e-06,1.681526406301855420e-06,1.701545001032356881e-06,1.720396316584976256e-06,1.720239387914178205e-06,1.737885999471346569e-06,1.754278982336379940e-06,1.754143884623016678e-06,1.769251661617822689e-06,1.783030474842123039e-06,1.795447063102836298e-06,1.795344046764056853e-06,1.806377092839195873e-06,1.815991461710031406e-06,1.815915913164440086e-06,1.824098404015669014e-06,1.830819786304658160e-06,1.830776242855542782e-06,1.836032539215082056e-06,1.839800271746202543e-06,1.842071056676083007e-06,1.842081217291873428e-06,1.842863331553250408e-06,1.842151485431268944e-06,1.842214581841896511e-06,1.840023069724939392e-06,1.836343728864642883e-06,1.831188160728507386e-06,1.831348140155647042e-06,1.824762465760036930e-06,1.816738751981766001e-06,1.817000218101563990e-06,1.807603294551442746e-06,1.796823967578802080e-06,1.797222125564817267e-06,1.785147698047034980e-06,1.771764155212960404e-06,1.757111390178299696e-06,1.757768463222377468e-06,1.741972280330842426e-06,1.725005844732400191e-06,1.725935618248564672e-06,1.707959903116167096e-06,1.711119499193775431e-06,1.712692207309065942e-06,1.714129352109356178e-06,1.714230613881821667e-06,1.712678064048866786e-06,1.714636295148021033e-06,1.711603876579461941e-06,1.706877135468152442e-06,1.679481202525673909e-06,1.703334592702132055e-06,1.695456267123731159e-06,1.685871863660535697e-06,1.689701350283426459e-06,1.678777307188393760e-06,1.666193712626223196e-06,1.671191826323594304e-06,1.657421840345663378e-06,1.642082745477930402e-06,1.625220153771833220e-06,1.632211118590004301e-06,1.614466342804200234e-06,1.595358645784335801e-06,1.604218632090407918e-06,1.584528419983352627e-06,1.563686170663318461e-06,1.528482638889139775e-06,1.553707355890046493e-06,1.531750673923330493e-06,1.509028584261763256e-06,1.523679896601296661e-06,1.501330177107496122e-06,1.478543437208189929e-06,1.496328552180395354e-06,1.474393275028628527e-06,1.452386883969102273e-06,1.430483350141287701e-06,1.453040671913946160e-06,1.432712603322824944e-06,1.412892068914720282e-06,1.439427273480570787e-06,1.421694994235870013e-06,1.404882079453038102e-06,1.387478951147031195e-06,1.421425740832373608e-06,1.408506384567235111e-06,1.397094653289679884e-06,1.433795796333345725e-06,1.425568940507290301e-06,1.419206062048514523e-06,1.460367988585431428e-06,1.457494526412642123e-06,1.456780979249234260e-06,1.458364032085987879e-06,1.505199309991162102e-06,1.510526094873566446e-06,1.518327677318837874e-06,1.568971335048747618e-06,1.580475228720291489e-06,1.594525007138223831e-06,1.611155948732603032e-06,1.665899338469570226e-06,1.685924620858489255e-06,1.708430281873899634e-06,1.765250898245884383e-06,1.790660785858528254e-06,1.818321740551363926e-06,1.853884301656215336e-06,1.906039499725509841e-06,1.937824392683865888e-06,1.971361509502013042e-06,2.028597176907619381e-06,2.063194038450625523e-06,2.099032917855101799e-06,2.154214387556315408e-06,2.190083315385805867e-06,2.226603382917182289e-06,2.263539415285763029e-06,2.313728776937620328e-06,2.349186564541979812e-06,2.384407571233466452e-06,2.429182124889773303e-06,2.461806851207795663e-06,2.493549335481646499e-06,2.526482404958672301e-06,2.559672255526877017e-06,2.586293928149901659e-06,2.611227967015156385e-06,2.638456026829731625e-06,2.658542991514781553e-06,2.676486993239296394e-06,2.694566434748331165e-06,2.707030970568508171e-06,2.717042669516223042e-06,2.724526496515875146e-06,2.729542947972602106e-06,2.731104018886979823e-06,2.731104018886979823e-06,2.730086335089686816e-06,2.725069883632959857e-06,2.718156519510773580e-06,2.708769437850715209e-06,2.697010747722540589e-06,2.678931306213505818e-06,2.661801420205038025e-06,2.642663794218209107e-06,2.615435734403633867e-06,2.591613030170080758e-06,2.566291150501701190e-06,2.533584220227266260e-06,2.501682462261138381e-06,2.471693936444085408e-06,2.441087243713555597e-06,2.396312690057248746e-06,2.363396925124217239e-06,2.330553207634105759e-06,2.280363845982248460e-06,2.246370510384227871e-06,2.213139432630693885e-06,2.180921021726832694e-06,2.125739552025619085e-06,2.093925238675084247e-06,2.063736552135087212e-06,2.006500884729480872e-06,1.977761937806399329e-06,1.951168254972283167e-06,1.900158173977656260e-06,1.869034334039201585e-06,1.847345912198904699e-06,1.828289787288594121e-06,1.771469170916609372e-06,1.755687550127916295e-06,1.742742240814292979e-06,1.687998851077325785e-06,1.678786221800131055e-06,1.672472439683620969e-06,1.668998735400720693e-06,1.618355077670810948e-06,1.618851810232964099e-06,1.622063108056529396e-06,1.575227830151355173e-06,1.582392286378666560e-06,1.592030766041695377e-06,1.603973250363110709e-06,1.562811323826193592e-06,1.578352983402114720e-06,1.595833383728390849e-06,1.559132240684724373e-06,1.579836944598430970e-06,1.602053340980878362e-06,1.567767211746068112e-06,1.594775700713345641e-06,1.620789087062670611e-06,1.647622575168949989e-06,1.621087370602640392e-06,1.649877194486084614e-06,1.679011248272924893e-06,1.656453926496479561e-06,1.686970218697308513e-06,1.717367846458562568e-06,1.747446311519049249e-06,1.729661196507145931e-06,1.760318431150189055e-06,1.790243281356285151e-06,1.775591968841965862e-06,1.805573194912045565e-06,1.834454474513164742e-06,1.806576143024488946e-06,1.851006912290182289e-06,1.878057490592130688e-06,1.903578516775343751e-06,1.894718527730735342e-06,1.919269373491457154e-06,1.942061510588974552e-06,1.935070538742946543e-06,1.956578548390529770e-06,1.976156866760979319e-06,1.993757451609975317e-06,1.988759317109538340e-06,2.004764186520985988e-06,2.018701135210175799e-06,2.014871606467786748e-06,2.027063032237936830e-06,2.037146445793610337e-06,2.009115698125678453e-06,2.042497327399061862e-06,2.048642345400291614e-06,2.052710544086218614e-06,2.050752149435877520e-06,2.052966620301610341e-06,2.053163032302441409e-06,2.051725623230647992e-06,2.050096702165760293e-06,2.046538164093291115e-06,2.068303886142033528e-06,2.067373648674114150e-06,2.087887023294648025e-06,2.106978733108619847e-06,2.106320987095652953e-06,2.124009923456723140e-06,2.140163068557998339e-06,2.154733841168082395e-06,2.154334640078216444e-06,2.167330884851726565e-06,2.178659994187580456e-06,2.178397132942443953e-06,2.188063435329904814e-06,2.195998186409810006e-06,2.195836393637820884e-06,2.202044043312957119e-06,2.206476012266528428e-06,2.209118828603913588e-06,2.209053259193218924e-06,2.209913102418330193e-06,2.208977490919414267e-06,2.208964289959331618e-06,2.206236661091846799e-06,2.201710721308542188e-06,2.195396711880817080e-06,2.195436372032913151e-06,2.187360138793683045e-06,2.177529195206635841e-06,2.177600172970874994e-06,2.166047539066291197e-06,2.152791371436905199e-06,2.152889091891097813e-06,2.137969674054120755e-06,2.121414618824370592e-06,2.103263866283387839e-06,2.103392659595654957e-06,2.083696991201803741e-06,2.062496093296916244e-06,2.062645943012552033e-06,2.039996875828175608e-06,2.015946227289900118e-06,1.990550294012110402e-06,1.990726203599527938e-06,1.964050143061697090e-06,1.936148967211458646e-06,1.936343239481655369e-06,1.907286384161659507e-06,1.877133279496858632e-06,1.845951059446233274e-06,1.846168418986186272e-06,1.814031180464919806e-06,1.781003058396020780e-06,1.781236688633386552e-06,1.747393598157474497e-06
1.429723334647041471e-06,1.458500754940091242e-06,1.486655037167697008e-06,1.486397652730863254e-06,1.513875101302644678e-06,1.540611123095405265e-06,1.540371466296357710e-06,1.566314061794816346e-06,1.591400060945819570e-06,1.615573515945842516e-06,1.615359063560959503e-06,1.638572008059187876e-06,1.660765043839336574e-06,1.660570660611921282e-06,1.681699589557427111e-06,1.701708499094157629e-06,1.720550480122125666e-06,1.720384578019355378e-06,1.738022588237170826e-06,1.754407353595505009e-06,1.754264434879080681e-06,1.769364801197499345e-06,1.783136629301880973e-06,1.795546674927604111e-06,1.795437577398857267e-06,1.806465025098902592e-06,1.816074302616757535e-06,1.815994197266644994e-06,1.824172697247878684e-06,1.830890690451705115e-06,1.830844400690418701e-06,1.836098640384838647e-06,1.839865059485775453e-06,1.842135335435431761e-06,1.842145861367329531e-06,1.842929294819433576e-06,1.842219812275234880e-06,1.842286419406279030e-06,1.840099681571620370e-06,1.836426510174824351e-06,1.831278655158848657e-06,1.831448058473235403e-06,1.824873706381231323e-06,1.816863423541242943e-06,1.817140664178022878e-06,1.807762120675225757e-06,1.797004070643966597e-06,1.797426725763750974e-06,1.785380373439360589e-06,1.772028879031986693e-06,1.757412570967476549e-06,1.758110987880865023e-06,1.742361560131218890e-06,1.725447864354516127e-06,1.749556825708090243e-06,1.754304421512445962e-06,1.734378653027951486e-06,1.735939729985146528e-06,1.760424155587840834e-06,1.737533964649149376e-06,1.735908207115659588e-06,1.760603177428861158e-06,1.734866760270869936e-06,1.730009921330010226e-06,1.723405624993795335e-06,1.748204904429968375e-06,1.718437163442520458e-06,1.708643292459203199e-06,1.733575453034558110e-06,1.701587259658147553e-06,1.688763335033698693e-06,1.713867566703750646e-06,1.699247927857425694e-06,1.664496383178273983e-06,1.647366235219539837e-06,1.672593881957862993e-06,1.636831127983089400e-06,1.617476911241288102e-06,1.643117303080954932e-06,1.607022471077342489e-06,1.585983736468495635e-06,1.563908069203638277e-06,1.590111346784322123e-06,1.554516281940518685e-06,1.531705622000114293e-06,1.558855589157538980e-06,1.524937294852152811e-06,1.502192123027874907e-06,1.530605050353214760e-06,1.507773875733302451e-06,1.477496968479422820e-06,1.455859779649238056e-06,1.486142921856405579e-06,1.459845576663460716e-06,1.440497644377541582e-06,1.472863908099652430e-06,1.451466512536199027e-06,1.435353653702436762e-06,1.420442095862024910e-06,1.455783204879651715e-06,1.442499382063524971e-06,1.432120175168862200e-06,1.470268585180058874e-06,1.463721496509246909e-06,1.458627002879529588e-06,1.499750550770223155e-06,1.497553418003811301e-06,1.501152026280716204e-06,1.504299923520429301e-06,1.549231379127579397e-06,1.560277623914737084e-06,1.569798172781674324e-06,1.617577628348057837e-06,1.630478354721330013e-06,1.651720420100436890e-06,1.670193359726600384e-06,1.721073457695191160e-06,1.748799231806631970e-06,1.773119242462018080e-06,1.825667305622517792e-06,1.858896736822250161e-06,1.888243574199630492e-06,1.919699958546577732e-06,1.973103334726535129e-06,2.012258464580181869e-06,2.047158527059400805e-06,2.099888594877241875e-06,2.141117405307335801e-06,2.177938076523037751e-06,2.228690021805525849e-06,2.265548308540733192e-06,2.307216619090187781e-06,2.344486399105215109e-06,2.390532738275652670e-06,2.429886025996207985e-06,2.464865909375201507e-06,2.505632608858665153e-06,2.540819195890344444e-06,2.571708393067867388e-06,2.601266795520987010e-06,2.633034026188114589e-06,2.660315063716718490e-06,2.683581349851961007e-06,2.707182030558282305e-06,2.726663781361031584e-06,2.742386743561751905e-06,2.756988835528559017e-06,2.767254932446861288e-06,2.775001222003523756e-06,2.779681782811777344e-06,2.781728373829187964e-06,2.781728373829187964e-06,2.779960513993521235e-06,2.775851487529795668e-06,2.768442608441346534e-06,2.758843489303909760e-06,2.744534860533189850e-06,2.729594458769124654e-06,2.710662994301778737e-06,2.687421075658408657e-06,2.665218195915422337e-06,2.638724649797223793e-06,2.607415282674266571e-06,2.579311332825560285e-06,2.550112189746092463e-06,2.516228031483810692e-06,2.476110174724552570e-06,2.443367232034459324e-06,2.405770413253953227e-06,2.360513200884389767e-06,2.326118873645714618e-06,2.286748409186052704e-06,2.253416213538558098e-06,2.203654763056078328e-06,2.170803688263879847e-06,2.132833621866336432e-06,2.081204926151175426e-06,2.051063219349579207e-06,2.015888870308131222e-06,1.963665607868335620e-06,1.937773396834241007e-06,1.914391107714956659e-06,1.886303954697459415e-06,1.834971961375300016e-06,1.817393880895012695e-06,1.795605819912566242e-06,1.745899744997581838e-06,1.734891148592153297e-06,1.720371999580834888e-06,1.715649190274725674e-06,1.668870640656160035e-06,1.667737830873377730e-06,1.664522143534839761e-06,1.620401716649518478e-06,1.626118444403385438e-06,1.631010412410131027e-06,1.642561870888854477e-06,1.601859843975355671e-06,1.616286845190317841e-06,1.632150930859031909e-06,1.594103186083999652e-06,1.613948806760252231e-06,1.636971016050170879e-06,1.601370185591542169e-06,1.625736378825088218e-06,1.651244080439792832e-06,1.682794864455317278e-06,1.649575295001468872e-06,1.678094632502663743e-06,1.714671382189966856e-06,1.683118925460875673e-06,1.713573734832262178e-06,1.754135781710068730e-06,1.785521513665096728e-06,1.755210560614322634e-06,1.786026355881649833e-06,1.830022443557927731e-06,1.800566205397476438e-06,1.830827684453462006e-06,1.876229224630331695e-06,1.847330143244491456e-06,1.876159078370700294e-06,1.903578613778863419e-06,1.948898432056170478e-06,1.920028504235525870e-06,1.944982097133569234e-06,1.989483035721267768e-06,1.960711878302067853e-06,1.982625439788150960e-06,2.025563815272255721e-06,2.044255174994972208e-06,2.015208940908365779e-06,2.031562443664717982e-06,2.070817650668760896e-06,2.041729415434966613e-06,2.054218103968488877e-06,2.090596192452024740e-06,2.061469097607639099e-06,2.069949129784765537e-06,2.076281476893282708e-06,2.107607691254799368e-06,2.078405846874349872e-06,2.080731123857522784e-06,2.108522696806303338e-06,2.079462425557150025e-06,2.077864088151741511e-06,2.102007527315838512e-06,2.096533636394579077e-06,2.067815580203680193e-06,2.088276193497929923e-06,2.107321122978583828e-06,2.106622003812105716e-06,2.124274449403091222e-06,2.140395507323906864e-06,2.154938160581917400e-06,2.154514412332853089e-06,2.167489323802653418e-06,2.178799989915972603e-06,2.178521283686510248e-06,2.188174076896296438e-06,2.196097419183188331e-06,2.195926107311108806e-06,2.202125939463490737e-06,2.206551624904500781e-06,2.209189542819353106e-06,2.209120328026445001e-06,2.209977662076526128e-06,2.209040574458852522e-06,2.209026839548971367e-06,2.206299538969689004e-06,2.201774719537326911e-06,2.195462561004571879e-06,2.195504748730523410e-06,2.187431672620209936e-06,2.177604474507593858e-06,2.177679750049172746e-06,2.166131934676096520e-06,2.152881078673363596e-06,2.152984579539649813e-06,2.138071389458153970e-06,2.121522990325150221e-06,2.103379305281634483e-06,2.103515562279795920e-06,2.083827739983825588e-06,2.062635057992925017e-06,2.062793481801531964e-06,2.040153336019095609e-06,2.016111945924235004e-06,1.990725598325962159e-06,1.990911411366895141e-06,1.964245562838042617e-06,1.936354898494500248e-06,1.936559972804295770e-06,1.907514201130160276e-06,1.877372452785688951e-06,1.846201852759556622e-06,1.846431086994589388e-06,1.814305968724803747e-06,1.781290203257989434e-06,1.781536417145017205e-06,1.747706127965008229e-06,1.713127143061971737e-06
1.430372263041957108e-06,1.430083638077603061e-06,1.458846693726742184e-06,1.486986836052784566e-06,1.486715547168809492e-06,1.514179337356062953e-06,1.540901957326135153e-06,1.540649165655343949e-06,1.566578903515564160e-06,1.591652332447076302e-06,1.615813514750187597e-06,1.615587097237145436e-06,1.638788394197370876e-06,1.660970110069794938e-06,1.660764744679468291e-06,1.681883039465519920e-06,1.701881673334690111e-06,1.720713748009072356e-06,1.720538320146844140e-06,1.738167197085178324e-06,1.754543234309250265e-06,1.754392006251302075e-06,1.769484496886181159e-06,1.783248899319635890e-06,1.795651987442834989e-06,1.795536420893003100e-06,1.806557910928538256e-06,1.816161768034037052e-06,1.816076808956558551e-06,1.824251055446016695e-06,1.830965433711666276e-06,1.830916211375629419e-06,1.836168250965340277e-06,1.839933259726441927e-06,1.842202980568034617e-06,1.842213881344830686e-06,1.842998704756755047e-06,1.842291724186478931e-06,1.842362055353822634e-06,1.840180388347588423e-06,1.836513775640050925e-06,1.831374126368386598e-06,1.831553561720672320e-06,1.824991269296321648e-06,1.816995299376496323e-06,1.817289358419739649e-06,1.807930420112809865e-06,1.797195075027984646e-06,1.797643882177939701e-06,1.785627513504358847e-06,1.772310259048794821e-06,1.757732915096263591e-06,1.758475534435564200e-06,1.766321653739357501e-06,1.772614770729266973e-06,1.773667407351855465e-06,1.778473123242200829e-06,1.781623112971050007e-06,1.759669016334663258e-06,1.784696723248799316e-06,1.784568025654963548e-06,1.759626772143190474e-06,1.784886096661115585e-06,1.781404567514918476e-06,1.776105647482937184e-06,1.746870052821672729e-06,1.772263974458155388e-06,1.763608389766404285e-06,1.731924317099493869e-06,1.757484356635264662e-06,1.745602626180297802e-06,1.731955918760699612e-06,1.737638872302962799e-06,1.722766987013704400e-06,1.706237220862404674e-06,1.670082487100144711e-06,1.696047459656279689e-06,1.677038242515631323e-06,1.640218930788876131e-06,1.666669034996764415e-06,1.645706048150924431e-06,1.623565631683454321e-06,1.586739849627791824e-06,1.613864411940343036e-06,1.590711676030312000e-06,1.555209354317143323e-06,1.583391059762074718e-06,1.560034218300239009e-06,1.536306550137454656e-06,1.556375532997967240e-06,1.533711334743207945e-06,1.511083127919749789e-06,1.482422124691751252e-06,1.514041646782210693e-06,1.493496121951957232e-06,1.469498458160522049e-06,1.503350496976229054e-06,1.485878718987590570e-06,1.469525915280571996e-06,1.453412493802001109e-06,1.490429227487424674e-06,1.478528457405456996e-06,1.469118531708911130e-06,1.509074881966682621e-06,1.502442823623191596e-06,1.497921743972018037e-06,1.543327767789537558e-06,1.542607784541694857e-06,1.544289137090419350e-06,1.552826714276555311e-06,1.599748267591281277e-06,1.607948650279061961e-06,1.618833454143769529e-06,1.673849884407824420e-06,1.688588262456288182e-06,1.706034622356876443e-06,1.732281363544174165e-06,1.785025241980520296e-06,1.808584297302370469e-06,1.840942345259616871e-06,1.895164781328327668e-06,1.924035741485079329e-06,1.955144805074841220e-06,1.994362901571702255e-06,2.049055144840058815e-06,2.083891349503985375e-06,2.125897957548838755e-06,2.179517244184055527e-06,2.216525742346695954e-06,2.254542879950197304e-06,2.310663249844995144e-06,2.348077095395072303e-06,2.385826308916223493e-06,2.427533094045893972e-06,2.473249118487676650e-06,2.508813011579099373e-06,2.546869633377969798e-06,2.586701126709606302e-06,2.618197714927188679e-06,2.648383481025192060e-06,2.679039019020995275e-06,2.709060438950824434e-06,2.732866620655541410e-06,2.755894135328867484e-06,2.777178280093868031e-06,2.793286811434834653e-06,2.806905415257075793e-06,2.819308609505594014e-06,2.826821799887166392e-06,2.831632759492972812e-06,2.833161234487908364e-06,2.833161234487908364e-06,2.831929906290910294e-06,2.827728453012904365e-06,2.820870400586965617e-06,2.808467206338447397e-06,2.795579765353151479e-06,2.780308752866068178e-06,2.759375099072363917e-06,2.736971173194207022e-06,2.714305610745456989e-06,2.684729642630104479e-06,2.654965422001772549e-06,2.626341630895249220e-06,2.596660494109791674e-06,2.557465056003115337e-06,2.520868520695790157e-06,2.487707310671507778e-06,2.442770769024194529e-06,2.403017882254794261e-06,2.368354864099974680e-06,2.334399754700080142e-06,2.278279384805282302e-06,2.244110522142112736e-06,2.211353790404694550e-06,2.158842984537933312e-06,2.120393777974396884e-06,2.090644627986141315e-06,2.037148437153298348e-06,2.002245816524554205e-06,1.977072170634457898e-06,1.954555979141387136e-06,1.901578994334558495e-06,1.874741116032147960e-06,1.858346130846792077e-06,1.806813725761549459e-06,1.786901838730614294e-06,1.777364254069503554e-06,1.770873892840539604e-06,1.715857462576484713e-06,1.713533579783248962e-06,1.714177856489449696e-06,1.668117478683815887e-06,1.667815461803099480e-06,1.675449118991719477e-06,1.685666813707400002e-06,1.640260789889880269e-06,1.654425320309977573e-06,1.670808597500534119e-06,1.631000877387883953e-06,1.650082557215657157e-06,1.671834010750055666e-06,1.634600304972516461e-06,1.660772904768306543e-06,1.686921085866917931e-06,1.714103798600122250e-06,1.679429414516026172e-06,1.713839327938639183e-06,1.743818426582803205e-06,1.710950585023725190e-06,1.750103371609743477e-06,1.781752877933471902e-06,1.813186056374624553e-06,1.793117073485871468e-06,1.825333292466917149e-06,1.856872306850878984e-06,1.826376208616331966e-06,1.872045019697777875e-06,1.902698390500844329e-06,1.872857727065029648e-06,1.919529746630431497e-06,1.948413129904948755e-06,1.975717597028302525e-06,1.946000057755787782e-06,1.992014806973878115e-06,2.016528849995028263e-06,1.986971635257208237e-06,2.031792767846378075e-06,2.052960703587820898e-06,2.072031494892564276e-06,2.066348521001847120e-06,2.083753562065018419e-06,2.098953618681447568e-06,2.069166474942280703e-06,2.107958230850288805e-06,2.119060692341108949e-06,2.089261261509069796e-06,2.124920870638868543e-06,2.131816973209998227e-06,2.136482432930205665e-06,2.106631107875542545e-06,2.136944148110636355e-06,2.137459210939776196e-06,2.107767253539264024e-06,2.134389322002155559e-06,2.130873100903890501e-06,2.125343708342878886e-06,2.124290570716461153e-06,2.116929646074256180e-06,2.107685531371029532e-06,2.106942179241905313e-06,2.124555625406978816e-06,2.140642402815361711e-06,2.155155026131659247e-06,2.154705073336044622e-06,2.167657220613387640e-06,2.178948215044774688e-06,2.178652616168927226e-06,2.188291013950394033e-06,2.196202205281166330e-06,2.196020760795483102e-06,2.202212276841632181e-06,2.206631282956941771e-06,2.209263998657412997e-06,2.209190917233562072e-06,2.210045595065417972e-06,2.209106951173419902e-06,2.209092662635882045e-06,2.206365725539973585e-06,2.201842111633230194e-06,2.195531934881433067e-06,2.195576823057752493e-06,2.187507115699533060e-06,2.177683910600803644e-06,2.177763764901637756e-06,2.166221080316411200e-06,2.152975877563714851e-06,2.153085528145863093e-06,2.138178961302939999e-06,2.121637638582866340e-06,2.103501464967894887e-06,2.103645652084556411e-06,2.083966163792124086e-06,2.062782206133272171e-06,2.062949732058049458e-06,2.040319054439873585e-06,2.016287487454999101e-06,1.990911307295043924e-06,1.991107621844646319e-06,1.964452598891189403e-06,1.936573074353581374e-06,1.936789592960114145e-06,1.907755560373223382e-06,1.877625836200831030e-06,1.846467535686313628e-06,1.846709334962468943e-06,1.814597037371284301e-06,1.781594338235943165e-06,1.781853854025213777e-06,1.748037092138451043e-06,1.713471849646015552e-06,1.713747963030401520e-06
1.401464264042138208e-06,1.430769271909673518e-06,1.430465250254235932e-06,1.459213129599401194e-06,1.487338327687422025e-06,1.487052338218767040e-06,1.514501682960900462e-06,1.541210124004063476e-06,1.540943431193344625e-06,1.566859556862148058e-06,1.591919673613612751e-06,1.616067854727847513e-06,1.615828757937745174e-06,1.639017708427810473e-06,1.661187421551342510e-06,1.660970408124895300e-06,1.682077420729021561e-06,1.702065149651676312e-06,1.720886708345280033e-06,1.720701165678821720e-06,1.738320341837047207e-06,1.754687105973761178e-06,1.754527047226586670e-06,1.769611165563271953e-06,1.783367671659784756e-06,1.795763358887914873e-06,1.795640908656833355e-06,1.806656056721816536e-06,1.816254141280705939e-06,1.816164010564847064e-06,1.824333722203075918e-06,1.831044243376631508e-06,1.830991888552061697e-06,1.836241573840285084e-06,1.840005067769738460e-06,1.842274183291966512e-06,1.842285468230647852e-06,1.843071756460933535e-06,1.842367425145735436e-06,1.842441707913740945e-06,1.840265428545138056e-06,1.836605790775124675e-06,1.831474874503639093e-06,1.831664993252193616e-06,1.825115550739890458e-06,1.817134839515106779e-06,1.817446836957585804e-06,1.808108818978723181e-06,1.797397712467230679e-06,1.797874449765028865e-06,1.785890116200904631e-06,1.772609458419181129e-06,1.782016581698615785e-06,1.807231178965960663e-06,1.790778324616904902e-06,1.797160912080924475e-06,1.822805802074742419e-06,1.803147494577301934e-06,1.806319721888909447e-06,1.807746458631259391e-06,1.809483606007935460e-06,1.809310763723847842e-06,1.807321997533610115e-06,1.833613556187236793e-06,1.806105058261042515e-06,1.800662257949526859e-06,1.793346381584354321e-06,1.796859529132357312e-06,1.788009234488543307e-06,1.777303332901206557e-06,1.803888475180837950e-06,1.769836176753200884e-06,1.755931790841577111e-06,1.782734785963174898e-06,1.746874960975070624e-06,1.730079035489324619e-06,1.711664662298721825e-06,1.720136696842840745e-06,1.700879381705461501e-06,1.680200548105916705e-06,1.707694625317850870e-06,1.669760249312967233e-06,1.647431093573118503e-06,1.624058849937665214e-06,1.638433460501317395e-06,1.615190191975660092e-06,1.591239883090631942e-06,1.620544719268695894e-06,1.585556453915589480e-06,1.561921650938060828e-06,1.592685548195758737e-06,1.560797079628985324e-06,1.538448916164607036e-06,1.516401191677160257e-06,1.543288668395354199e-06,1.523241427241153365e-06,1.503951723546114984e-06,1.539199452203915495e-06,1.518683038099113919e-06,1.503164200441075477e-06,1.489072261579641085e-06,1.526991311920186612e-06,1.516183121590706226e-06,1.507222619721149813e-06,1.548816905538278550e-06,1.544783509686178654e-06,1.541704647173241760e-06,1.586468467555818403e-06,1.590218298591592932e-06,1.593555087824829569e-06,1.599513197435663995e-06,1.648233205949454281e-06,1.663087862311400465e-06,1.675851335748996600e-06,1.727407081376952671e-06,1.749777346267172558e-06,1.769158652135592268e-06,1.791286588495031418e-06,1.852178463415553453e-06,1.877630134588805922e-06,1.905618721206943972e-06,1.961362295526235837e-06,1.998505457938182379e-06,2.031297582973355895e-06,2.066126270777939843e-06,2.128119446032473578e-06,2.164324348180719128e-06,2.202023791511554810e-06,2.256409016588830409e-06,2.299966586152589304e-06,2.338766958983538395e-06,2.390212024167970866e-06,2.432964158987000527e-06,2.470933262085743543e-06,2.508770544030551948e-06,2.557791036818560340e-06,2.592943753402902218e-06,2.627237670680187022e-06,2.666002502531224277e-06,2.699380531621110350e-06,2.728266700038000550e-06,2.755377326983599681e-06,2.785319021048509264e-06,2.807181896243586734e-06,2.826746716295645021e-06,2.845606194899117572e-06,2.860240629596071537e-06,2.871176204601150512e-06,2.880089842901461974e-06,2.884896450461026208e-06,2.886605892306028569e-06,2.886605892306028569e-06,2.885514123019628118e-06,2.881057073719500982e-06,2.872443190235435338e-06,2.862220187663504154e-06,2.848054967007618751e-06,2.829533669390678516e-06,2.810902517037544499e-06,2.790130828243422231e-06,2.760189134178512647e-06,2.734358122782403008e-06,2.706970397322172538e-06,2.674730824522703179e-06,2.636574469972946846e-06,2.604304638209382187e-06,2.571480512820063312e-06,2.522460020032054919e-06,2.487281545192035672e-06,2.452325175975630929e-06,2.411977217913851345e-06,2.361515984714405934e-06,2.326497522862469479e-06,2.286012789423320305e-06,2.232746108863138639e-06,2.199659715224914316e-06,2.168498097383772259e-06,2.106504922129238524e-06,2.077154470779943283e-06,2.050276248302067098e-06,2.018176993640091662e-06,1.963735698398650596e-06,1.942518078691825352e-06,1.924250567050334385e-06,1.863358692129812138e-06,1.848812539877595214e-06,1.837391256582781346e-06,1.822193605112350967e-06,1.771780520056211417e-06,1.767661249466342849e-06,1.760785636055306730e-06,1.713030364875672380e-06,1.716283573063706199e-06,1.722391277029359677e-06,1.727704005564825301e-06,1.683518994483043547e-06,1.696398259570463674e-06,1.710101746338623577e-06,1.668757820748733823e-06,1.687719090263348217e-06,1.708568273168197279e-06,1.670649222827648153e-06,1.694782301479670015e-06,1.720302717031883883e-06,1.751496479366795249e-06,1.715494410296403696e-06,1.744590551324978928e-06,1.774290945696883839e-06,1.747403468976918962e-06,1.778915885205699780e-06,1.810506856810696247e-06,1.853266628671629757e-06,1.820620873723212397e-06,1.852962381169534596e-06,1.898674950012698192e-06,1.867042621913269018e-06,1.899055022274579343e-06,1.930003228157978428e-06,1.915628617117068709e-06,1.946328645720326076e-06,1.975590889774122117e-06,2.023391880192826791e-06,1.992554481849915123e-06,2.019334143515380331e-06,2.044259523296075582e-06,2.035787482422644207e-06,2.059429173632411716e-06,2.081005930706783115e-06,2.125330761456265197e-06,2.094393494929128781e-06,2.112177013070518691e-06,2.154030574748765045e-06,2.123072046254328500e-06,2.136756877323345700e-06,2.148141063870405348e-06,2.144627834482674669e-06,2.154038076668922769e-06,2.161142723232009966e-06,2.194657113536566251e-06,2.163597139679577309e-06,2.166408868779052311e-06,2.167000634596320657e-06,2.165263197082280838e-06,2.163862881993934371e-06,2.160337048709468463e-06,2.184163448289552024e-06,2.153629474334891833e-06,2.146173259034240430e-06,2.166082412396974318e-06,2.135998332189169403e-06,2.124854614505340366e-06,2.140904752789479169e-06,2.155385292469424972e-06,2.154907354391361092e-06,2.167835200812162738e-06,2.179105204936113128e-06,2.178791589434365362e-06,2.188414641495249305e-06,2.196312886540675098e-06,2.196120652394606376e-06,2.202303318751466071e-06,2.206715222292843359e-06,2.209342411264415701e-06,2.209265227203703304e-06,2.210117092329354765e-06,2.209176807305442408e-06,2.209161945007272921e-06,2.206435409950791279e-06,2.201913093547168459e-06,2.195605039382564080e-06,2.195652813641802195e-06,2.187586702006004898e-06,2.177767755185818866e-06,2.177852489144922109e-06,2.166315269549449232e-06,2.153076085499830059e-06,2.153192280686850479e-06,2.138292759791000892e-06,2.121758962560895221e-06,2.103630774505788889e-06,2.103783389724074542e-06,2.084112756157994287e-06,2.062938065253699593e-06,2.063115256433537784e-06,2.040494629895323658e-06,2.016473487806396700e-06,1.991108094858665477e-06,1.991315547813616293e-06,1.964672003601383853e-06,1.936804287458275972e-06,1.937032933530417299e-06,1.908011336939213239e-06,1.877894346746360201e-06,1.846749067608739756e-06,1.847004165006987416e-06,1.814905431548161064e-06,1.781916551727695792e-06,1.782190131089691417e-06,1.748387666012786602e-06,1.713836942455557583e-06,1.714127785705983667e-06,1.678906073965176506e-06
1.372109961837126037e-06,1.401901287002575175e-06,1.431189817660797895e-06,1.430869532889851254e-06,1.459601375902874844e-06,1.487710777059843710e-06,1.487409242593104334e-06,1.514843306704867208e-06,1.541536743815130685e-06,1.541255335990140901e-06,1.567157047677420258e-06,1.592203063494970873e-06,1.616337468653713407e-06,1.616084932757261060e-06,1.639260792834978600e-06,1.661417776105352254e-06,1.661188405330476944e-06,1.682283445192768555e-06,1.702259598332589361e-06,1.721069990920358798e-06,1.720873705047346941e-06,1.738482574790292599e-06,1.754839484060250926e-06,1.754670037846697896e-06,1.769745253330962997e-06,1.783493360073542368e-06,1.795881172357638408e-06,1.795751394938325203e-06,1.806759789815835178e-06,1.816351724859114697e-06,1.816256081992299850e-06,1.824420957228853219e-06,1.831127361577668180e-06,1.831071659614867285e-06,1.836318824776277946e-06,1.840080691165458902e-06,1.842349146702630032e-06,1.842360824832460076e-06,1.843148657084435403e-06,1.842447131819057467e-06,1.842525609050904115e-06,1.840355055920319620e-06,1.836702838428926950e-06,1.831581219731729021e-06,1.831782719830000251e-06,1.825246974539175485e-06,1.817282536668938254e-06,1.817613674729321012e-06,1.808297989487790310e-06,1.797612769419553419e-06,1.798119348328584489e-06,1.810815975428174224e-06,1.822041717714961145e-06,1.806804117542801594e-06,1.832563937671765294e-06,1.840736983898977896e-06,1.822220528454129969e-06,1.848430908846314717e-06,1.853336752522336441e-06,1.831538341594228994e-06,1.832948838244398207e-06,1.859596066823493980e-06,1.859199464759358989e-06,1.832511945210365560e-06,1.859419990528886128e-06,1.855432334816806399e-06,1.825759640364398738e-06,1.818262053900022812e-06,1.845332589835555958e-06,1.835816025579784805e-06,1.802033171860757857e-06,1.829308596914811944e-06,1.816374578533942030e-06,1.780490454724413953e-06,1.808033203453920876e-06,1.791960093973020555e-06,1.754543439596395495e-06,1.735856134304477731e-06,1.763662304399743645e-06,1.743291357977980417e-06,1.704484798321760779e-06,1.732879308631644189e-06,1.710562239418395426e-06,1.672078847870681341e-06,1.648559038407513312e-06,1.677781470673907425e-06,1.653387695865114838e-06,1.616593347861606589e-06,1.647050813068358582e-06,1.622682978065236173e-06,1.588629467174079012e-06,1.620686944023301103e-06,1.597340032896935356e-06,1.567100651477203674e-06,1.545466308952129866e-06,1.579867680499920089e-06,1.559232646386224878e-06,1.535865718979796606e-06,1.572764522924311629e-06,1.555743032630418691e-06,1.538653659278108566e-06,1.525582405352571398e-06,1.565979645091962242e-06,1.555372613384327898e-06,1.548300833598539545e-06,1.591876317672714114e-06,1.587160271874295559e-06,1.588007523772359110e-06,1.634848257958407650e-06,1.636630943594689806e-06,1.641070606261578324e-06,1.653403985467818916e-06,1.704249600091152242e-06,1.715680505762415679e-06,1.735980031289284057e-06,1.789617159171337478e-06,1.807908443033306934e-06,1.835555604378135779e-06,1.859685075472460923e-06,1.916023504387723488e-06,1.943333684897739616e-06,1.979901704176866119e-06,2.037288784344912594e-06,2.069715177385161295e-06,2.110738813013727064e-06,2.147134945579440179e-06,2.204144816864200335e-06,2.241914131800427705e-06,2.286712345245793559e-06,2.341774243551175797e-06,2.380891844097032282e-06,2.425616240515630622e-06,2.477174369244685226e-06,2.515640806187486618e-06,2.558156669100646327e-06,2.595820106584005157e-06,2.640356491925211114e-06,2.675296562374638494e-06,2.712001634270722142e-06,2.749377646354496315e-06,2.778884158667466735e-06,2.808674733308582182e-06,2.834008931051602297e-06,2.859913471659315394e-06,2.879961229631185897e-06,2.898400469153040610e-06,2.914446207875313266e-06,2.925664536475813450e-06,2.934163250679427250e-06,2.939798742989003388e-06,2.941557383966902105e-06,2.941557383966902105e-06,2.940457741862226143e-06,2.935130481497466258e-06,2.927016774073772505e-06,2.916560125992697880e-06,2.900849241261541789e-06,2.882939382938713558e-06,2.863892361949318044e-06,2.838398913142693691e-06,2.814288878500730716e-06,2.785408268644129986e-06,2.757512068084846878e-06,2.720729956262201044e-06,2.685308997731311164e-06,2.652545152561777564e-06,2.608752723862461694e-06,2.573671372702254625e-06,2.533190560173964269e-06,2.497960850710303322e-06,2.447381434261511102e-06,2.405316201697789426e-06,2.370256658399174120e-06,2.316316118080283032e-06,2.274890390829566383e-06,2.242062565051938089e-06,2.186289237084461000e-06,2.155333203124088410e-06,2.118885963690875816e-06,2.092773959690163484e-06,2.036716402290721944e-06,2.005586355294402038e-06,1.985487106657114936e-06,1.930471309349003394e-06,1.913955042842660969e-06,1.893063780842788504e-06,1.883212684025034358e-06,1.830766555024682353e-06,1.818078886851569941e-06,1.815783942142705600e-06,1.765956415573671788e-06,1.762041340419768629e-06,1.767303105574705439e-06,1.775449178149891231e-06,1.729243061781366008e-06,1.737877693509736583e-06,1.752856950970323345e-06,1.709585674398884360e-06,1.726721125893864549e-06,1.747758081443989156e-06,1.707284641842735551e-06,1.730599371925553689e-06,1.758396537006173607e-06,1.785778673874993449e-06,1.748162746142598434e-06,1.782501215497995386e-06,1.813244724425906046e-06,1.777669344615493009e-06,1.808995308588169606e-06,1.850345384681524383e-06,1.883141468789420616e-06,1.849210547636216239e-06,1.894299813461704820e-06,1.927513355475638673e-06,1.894723578530161546e-06,1.942352078500565389e-06,1.974879127169735366e-06,1.942883611257778821e-06,1.973935291286669060e-06,2.022735060337391692e-06,2.051957791532006882e-06,2.020182051444515218e-06,2.068834452613039282e-06,2.095217373883271230e-06,2.063670038991051611e-06,2.087743285670012522e-06,2.134147310969638338e-06,2.154829655766330400e-06,2.123086412587014051e-06,2.167305510027606777e-06,2.183899344542878785e-06,2.152175232069223617e-06,2.193593895593128930e-06,2.205828887905725540e-06,2.174109442685172381e-06,2.183780254792846879e-06,2.219983290019729595e-06,2.225323185424230347e-06,2.193555317483965048e-06,2.226017494746312351e-06,2.226903102055383929e-06,2.195312966295806134e-06,2.193952590255009275e-06,2.220393220046441043e-06,2.214775250660956073e-06,2.183577561635701578e-06,2.205996526791172426e-06,2.196382342281381331e-06,2.165654408238890471e-06,2.184076835821548175e-06,2.170743325840491059e-06,2.155629879089860267e-06,2.155122041513976770e-06,2.168023936009282043e-06,2.179271533730297839e-06,2.178938695170227238e-06,2.188545382069568480e-06,2.196429828131326575e-06,2.196226100336107392e-06,2.202399345709880454e-06,2.206803693895544156e-06,2.209425009341119603e-06,2.209343470794437810e-06,2.210192356612881532e-06,2.209250340598299634e-06,2.209234883979279323e-06,2.206508793197704258e-06,2.201987873655402966e-06,2.195682093614622512e-06,2.195732953364430844e-06,2.187670680976272579e-06,2.177856276803325768e-06,2.177946212771382173e-06,2.166414815989925477e-06,2.153182041733105276e-06,2.153305203925767749e-06,2.138413180947174360e-06,2.121887389182044594e-06,2.103767693248051157e-06,2.103929268416082660e-06,2.084268045508234291e-06,2.063103200247727020e-06,2.063290657463017110e-06,2.040680703656559579e-06,2.016670628002053916e-06,1.991316682732707270e-06,1.991535952546123524e-06,1.964904582586841284e-06,1.937049386488089230e-06,1.937290886897889483e-06,1.908282467482878701e-06,1.878178965845509034e-06,1.847047475143070017e-06,1.847316649290660012e-06,1.815232269247021338e-06,1.782258007767091985e-06,1.782546458559138360e-06,1.748759106072670963e-06,1.714223724250165162e-06,1.714530126286314786e-06,1.679324178224307659e-06,1.643513813995267146e-06
1.342374187201923248e-06,1.372590557766711506e-06,1.402364277053696617e-06,1.431635407487356065e-06,1.431297941882775416e-06,1.460012837145265810e-06,1.488105537264217805e-06,1.487787562022856079e-06,1.515205459082722844e-06,1.541883016222131236e-06,1.541586028759555110e-06,1.567472474288986381e-06,1.592503550475993724e-06,1.616623355494822487e-06,1.616356571852084233e-06,1.639518549454603837e-06,1.661662028420283153e-06,1.661419544494815099e-06,1.682501875507622726e-06,1.702465737508232810e-06,1.721264270459423815e-06,1.721056570774415680e-06,1.738654487556596512e-06,1.755000920655864051e-06,1.754821492156610832e-06,1.769887237775757624e-06,1.783626407380075258e-06,1.796005837710177979e-06,1.795868258565983902e-06,1.806869460077881694e-06,1.816454841895842878e-06,1.816353322015551699e-06,1.824513037533014357e-06,1.831215046358962701e-06,1.831155766694006904e-06,1.836400233326941593e-06,1.840160350558620909e-06,1.842428086584333467e-06,1.842440166560173533e-06,1.843229626654517488e-06,1.842531074424969983e-06,1.842614005418528961e-06,1.840449540572878576e-06,1.836805220039426439e-06,1.831693503725343338e-06,1.831907133402175611e-06,1.825385994257252948e-06,1.817438918825518621e-06,1.817790488614166223e-06,1.808498653741519759e-06,1.822792053290005673e-06,1.848795131191466720e-06,1.836263550216988685e-06,1.847690723773885113e-06,1.857536951315229135e-06,1.858431601058533613e-06,1.866737515650355163e-06,1.873331075902442337e-06,1.874602587383057076e-06,1.879569946240051259e-06,1.882712541027158267e-06,1.883974634430623692e-06,1.885949519142155606e-06,1.885500991271749012e-06,1.883098215494209848e-06,1.885796598647834045e-06,1.881690363539452841e-06,1.875591812833548855e-06,1.867483395063284291e-06,1.871485502464963623e-06,1.861756680144000568e-06,1.850043939018442564e-06,1.855337509502323631e-06,1.842155213951140045e-06,1.827067434940377749e-06,1.833975167259626775e-06,1.817640328269523489e-06,1.799536337132337337e-06,1.779731400293314445e-06,1.789376337250253555e-06,1.768752282557122606e-06,1.746654715293987233e-06,1.758847544937645661e-06,1.736339152890751431e-06,1.712648192600283177e-06,1.687916527913942718e-06,1.704228341817705621e-06,1.679775175746539309e-06,1.654661116477171345e-06,1.674622582209720691e-06,1.650353309652650576e-06,1.625853757991576407e-06,1.649935455523758634e-06,1.626884054080691120e-06,1.604071281170959973e-06,1.581720289592264119e-06,1.611955883406064562e-06,1.591935780657511169e-06,1.572876784216019521e-06,1.608122106939943613e-06,1.591982693056218391e-06,1.577294616514610076e-06,1.564288022998527078e-06,1.606508500601704587e-06,1.597167184190808256e-06,1.589945932645932271e-06,1.637405107765394199e-06,1.634216637946931651e-06,1.633512519350193596e-06,1.682221346877520307e-06,1.689524797935488321e-06,1.695806007493369385e-06,1.704957777902792727e-06,1.763377601576778070e-06,1.776790203018364745e-06,1.793153825492927374e-06,1.855137368608616316e-06,1.875459781021927552e-06,1.898660978209800992e-06,1.924715509643124383e-06,1.989773478556657056e-06,2.019035231771589911e-06,2.050848684654370977e-06,2.116647801453555923e-06,2.150797247863126661e-06,2.187040569812227173e-06,2.225189824402694107e-06,2.289524201230514374e-06,2.328526445749113320e-06,2.368785567785575132e-06,2.430016967457331147e-06,2.469841805654806842e-06,2.510182792989904918e-06,2.566539131641196400e-06,2.605088315442237932e-06,2.643367414344615912e-06,2.681073075419985931e-06,2.728256552036316259e-06,2.762347470492003154e-06,2.795101585857128164e-06,2.833586298182065836e-06,2.861523863627515360e-06,2.887452447022226853e-06,2.911144360171949747e-06,2.936062077647018092e-06,2.953650461766419935e-06,2.968547674467189038e-06,2.982233282641873770e-06,2.990445902129419068e-06,2.995721760023510795e-06,2.997683635269152068e-06,2.998021812689830260e-06,2.996059937444188986e-06,2.991478251272200449e-06,2.984013231416419996e-06,2.970327623241735265e-06,2.956266973961564421e-06,2.939639505026294267e-06,2.914721787551225921e-06,2.892150276461153604e-06,2.867536317638182992e-06,2.841141740860795963e-06,2.802657028535858291e-06,2.771707568260811186e-06,2.739715139771268994e-06,2.692531663154938665e-06,2.657249022556013497e-06,2.621746322777015013e-06,2.586353518549050646e-06,2.529997179897759164e-06,2.493216498824877566e-06,2.457376779683713257e-06,2.396145380011957242e-06,2.360313631255911609e-06,2.326194661240607193e-06,2.261860284412786926e-06,2.229059756440174745e-06,2.198635825576629797e-06,2.170777133907148983e-06,2.104978017107964460e-06,2.079922767516049196e-06,2.057878111921596971e-06,1.992820143008064299e-06,1.974428461678626182e-06,1.959318262939502257e-06,1.947493125446864445e-06,1.885509582331175714e-06,1.878023629085574164e-06,1.873839511416051178e-06,1.815419687742065623e-06,1.815814297681515008e-06,1.819361505939102372e-06,1.821378781408695773e-06,1.773421307850839233e-06,1.784400723895436850e-06,1.798025646602583311e-06,1.750566471483121595e-06,1.768342111369551633e-06,1.788311824911573261e-06,1.746091347308394482e-06,1.769756152854838519e-06,1.795088216298184611e-06,1.821813903407638420e-06,1.786568580683634707e-06,1.816113569545511721e-06,1.846478077138181792e-06,1.816242483323389050e-06,1.848756551240313440e-06,1.881513167275942071e-06,1.914253344521712777e-06,1.890171646973778914e-06,1.924071341732961793e-06,1.957420990358727564e-06,1.937459524538304056e-06,1.971305616842490435e-06,2.004116549127434628e-06,1.987804734839294738e-06,2.020496688858104326e-06,2.051729997805765137e-06,2.081345084109536548e-06,2.069152252443472609e-06,2.097905874138513801e-06,2.124723044854685375e-06,2.115078102080205399e-06,2.140603536319475846e-06,2.163948269060200132e-06,2.185039397098582690e-06,2.178131645375161766e-06,2.197488890085694604e-06,2.214453679005534869e-06,2.209160066373690334e-06,2.224170245664493303e-06,2.236715335025728572e-06,2.232713144118527923e-06,2.243162319970487336e-06,2.251133481682296199e-06,2.256653046707191261e-06,2.253954479480040760e-06,2.257321511153813740e-06,2.258296729940054038e-06,2.256321537043011473e-06,2.255161090358790996e-06,2.251708678753903269e-06,2.246034402519952269e-06,2.244762329494201078e-06,2.237079735476503476e-06,2.227318393195796281e-06,2.226422911043072657e-06,2.214770870890301036e-06,2.201204075253694682e-06,2.216354968473430205e-06,2.185274562969966132e-06,2.168224147683414853e-06,2.179447817479686583e-06,2.179094460296521504e-06,2.188683687888375900e-06,2.196553420329550321e-06,2.196337444251247685e-06,2.202500656694484358e-06,2.206896964933490017e-06,2.209512036083822609e-06,2.209425874184599840e-06,2.210271603261376841e-06,2.209327761076397265e-06,2.209311689183887161e-06,2.206586088941888896e-06,2.202066673630285447e-06,2.195763330862022862e-06,2.195817490392523040e-06,2.187759318643120841e-06,2.177949762085631882e-06,2.178045245528199007e-06,2.166520054823564243e-06,2.153294109042044502e-06,2.153424690237154814e-06,2.138540648609516020e-06,2.122023375491976171e-06,2.103912713078662830e-06,2.104083816408205986e-06,2.084432597880365264e-06,2.063278216274876138e-06,2.063476580669762061e-06,2.040877962764897129e-06,2.016879637670328162e-06,1.991537844117912881e-06,1.991769653718215395e-06,1.965151198820345953e-06,1.937309280453256499e-06,1.937564408770864299e-06,1.908569954991869535e-06,1.878480744267667198e-06,1.847363857264778431e-06,1.847647935342110497e-06,1.815578746820342105e-06,1.782619951725856352e-06,1.782924130945803321e-06,1.749152756019379963e-06,1.714633587897355211e-06,1.714956426712707926e-06,1.679767125391110541e-06,1.643973604706748006e-06,1.607647793420255728e-06
1.343282128826390634e-06,1.342902179346463214e-06,1.373099767905499114e-06,1.402854900040116783e-06,1.432107652987813247e-06,1.431752034366338003e-06,1.460449015851950879e-06,1.488524056153437305e-06,1.488188689704144997e-06,1.515589478731578644e-06,1.542250225484594542e-06,1.541936739650092895e-06,1.567807013087302811e-06,1.592822257629607610e-06,1.616926585535617804e-06,1.616644693336604679e-06,1.639791944939610425e-06,1.661921094487057914e-06,1.661664691837899855e-06,1.682733529106129599e-06,1.702684336900587403e-06,1.721470270145415118e-06,1.721250440771747963e-06,1.738836714142785789e-06,1.755172007330313773e-06,1.754981960862050761e-06,1.770037630422948874e-06,1.783767287724786608e-06,1.796137793636930054e-06,1.795991904838928432e-06,1.806985441625450017e-06,1.816563837702436910e-06,1.816456049700540732e-06,1.824610258704635500e-06,1.831307572838342904e-06,1.831244467712404031e-06,1.836486043807370413e-06,1.840244280601221955e-06,1.842511232283070597e-06,1.842523722286606528e-06,1.843314898952384615e-06,1.842619497666972212e-06,1.842707159383905380e-06,1.840549170110907801e-06,1.836913256989710732e-06,1.831812091270389968e-06,1.832038653031187670e-06,1.825533095521896829e-06,1.817604552068505661e-06,1.843436713624724157e-06,1.859677742922194312e-06,1.848499152292420612e-06,1.875063946495414037e-06,1.888447694642741940e-06,1.873881835464456786e-06,1.883897075699394634e-06,1.911333618082301107e-06,1.893292482858268613e-06,1.899982053369378184e-06,1.927911267275045680e-06,1.932908633448287137e-06,1.909532704429243411e-06,1.910772628172090209e-06,1.939181223102702924e-06,1.912379692499113446e-06,1.909882242505633651e-06,1.938585230927318494e-06,1.934026585126704920e-06,1.902280161249048558e-06,1.893971991515880051e-06,1.922870480986497670e-06,1.888305750325643604e-06,1.876346601358060621e-06,1.905495862025226793e-06,1.868573152091850567e-06,1.853213156598881063e-06,1.882691902024975240e-06,1.865308478112767193e-06,1.825625802399421710e-06,1.805537449699694230e-06,1.835366638850628744e-06,1.794971119882582624e-06,1.772637262460075094e-06,1.803174824601339283e-06,1.779419394468491918e-06,1.739127852611450453e-06,1.714271309472406204e-06,1.745814358547084889e-06,1.707178319651521393e-06,1.682085431324925801e-06,1.715065553075298244e-06,1.679211319203549673e-06,1.654921329799088555e-06,1.689737848197633927e-06,1.665773952150491876e-06,1.635448434258748006e-06,1.613620541681852599e-06,1.651106839166094361e-06,1.626359821413462244e-06,1.608095540196638091e-06,1.648364338572720253e-06,1.632019522935566193e-06,1.616623016927393466e-06,1.604810970854914437e-06,1.648926099251441221e-06,1.641375742226310855e-06,1.635633659022041148e-06,1.683161095965087576e-06,1.680722881212561806e-06,1.685029366296695496e-06,1.735984117364867346e-06,1.740652723989159613e-06,1.753655483829742061e-06,1.764822484507652529e-06,1.819841024286354606e-06,1.841250730476540155e-06,1.859723045384793317e-06,1.917406697953226418e-06,1.939566247638967868e-06,1.971820533149093216e-06,1.999966717251093372e-06,2.059928339110650832e-06,2.098319698348803484e-06,2.132039257794099400e-06,2.192480302698573151e-06,2.228488040055263556e-06,2.273190469028529918e-06,2.312804497133296958e-06,2.371807246642532641e-06,2.418277027839197034e-06,2.459497168372364807e-06,2.515501783785811631e-06,2.561490583169140826e-06,2.602175625432217868e-06,2.653459544813345473e-06,2.692336621957362593e-06,2.734575739107656003e-06,2.771678848775916912e-06,2.814161090373709009e-06,2.850558963472463728e-06,2.881958296825122342e-06,2.915896603234913117e-06,2.942426495246852144e-06,2.968349727901954236e-06,2.989728133573233175e-06,3.010483150575468136e-06,3.026549622787990474e-06,3.038521844987032504e-06,3.048343326708514618e-06,3.053769400025947003e-06,3.055496106149877259e-06,3.055496106149877259e-06,3.054130429651412660e-06,3.049445718393529400e-06,3.039965778805399862e-06,3.028808165209768969e-06,3.013280356503621135e-06,2.992912279613518602e-06,2.972607137366878429e-06,2.947456585768004883e-06,2.922339345301736278e-06,2.888949855672102110e-06,2.859282116174882039e-06,2.824204676462870914e-06,2.782422146721995114e-06,2.747660207164264396e-06,2.707245738874065789e-06,2.671355657643908870e-06,2.621026049694614371e-06,2.583820149434049192e-06,2.540619239532485873e-06,2.485734764709962775e-06,2.448870910439289183e-06,2.405957120219917507e-06,2.348218456858219133e-06,2.313899664944357495e-06,2.273604004801157057e-06,2.243823255862585517e-06,2.184787464400788121e-06,2.157811461242909015e-06,2.125208270536113127e-06,2.066676577521388270e-06,2.046210905818932263e-06,2.020695638828521083e-06,2.007135288686625996e-06,1.950789912791225611e-06,1.941266674647868367e-06,1.927991311954277839e-06,1.874156672766450620e-06,1.872643977760734947e-06,1.868641047428312078e-06,1.874329269192453057e-06,1.824186800827870961e-06,1.829661413845647973e-06,1.842885450808951741e-06,1.795836141087927257e-06,1.812320920870192384e-06,1.830616000820773350e-06,1.786585571188828036e-06,1.809268129023754500e-06,1.835887428504300545e-06,1.863283482090371663e-06,1.822423150196327865e-06,1.851410129549048845e-06,1.887823814810026228e-06,1.849256817365995920e-06,1.881492553494573742e-06,1.923592829617048070e-06,1.957745054901151228e-06,1.921090736492926564e-06,1.955025647554865333e-06,2.002540834389861305e-06,1.967221902986822209e-06,2.001284199403767658e-06,2.051332444496555394e-06,2.016966648609603741e-06,2.050008303282234352e-06,2.101338231928852926e-06,2.132623396059412034e-06,2.098591556014510501e-06,2.127779608885643587e-06,2.178449532609913563e-06,2.144726644629830053e-06,2.170711905367022462e-06,2.220047342407878469e-06,2.242497917069193365e-06,2.208613527449222188e-06,2.228383092655764218e-06,2.273899201472652339e-06,2.240066420771976197e-06,2.255437631070355683e-06,2.297828953565340431e-06,2.264021833997202729e-06,2.274759737111984712e-06,2.313535817977752759e-06,2.319638193029951661e-06,2.285787644790727556e-06,2.289300878145291827e-06,2.321911538589756309e-06,2.288259759216351276e-06,2.287149446065247469e-06,2.315522676811892294e-06,2.309831147429885641e-06,2.276604192858958645e-06,2.268821223030257075e-06,2.290671910009892819e-06,2.257955311130532874e-06,2.246110703977368815e-06,2.263727166476954193e-06,2.247804628569859789e-06,2.216057272041554017e-06,2.229562148546357133e-06,2.210168336616027101e-06,2.179259449784805467e-06,2.188830043169256602e-06,2.196684080443136646e-06,2.196455046776987390e-06,2.202607570492116852e-06,2.206995319915104607e-06,2.209603750197702821e-06,2.209512677791429800e-06,2.210355061081501065e-06,2.209409291883408676e-06,2.209392583415138324e-06,2.206667524390783220e-06,2.202149729378653723e-06,2.195848999603679727e-06,2.195906689291447554e-06,2.187852898861697917e-06,2.178048517110262374e-06,2.178149918411333572e-06,2.166631344453056666e-06,2.153412675540647922e-06,2.153551159587120444e-06,2.138675616589650991e-06,2.122167411007192827e-06,2.104066360955079039e-06,2.104247599720233476e-06,2.084607019869975751e-06,2.063463761917376453e-06,2.063673717934932613e-06,2.041087143617276406e-06,2.017101298847707582e-06,1.991772407722784752e-06,1.992017527652932272e-06,1.965412777093121039e-06,1.937584943378831674e-06,1.937854523086665447e-06,1.908874873907759983e-06,1.878800807464977867e-06,1.847699390858093522e-06,1.847999251815338947e-06,1.815946144946858262e-06,1.783003716480945782e-06,1.783324533418286776e-06,1.749570053328078144e-06,1.715068023117004730e-06,1.715408228813009868e-06,1.680236509191794311e-06,1.644460770850835579e-06,1.608152928367108358e-06,1.608516421136464096e-06
1.313307024714384044e-06,1.343861619264916927e-06,1.343461665298364489e-06,1.373639430844719019e-06,1.403374937348879121e-06,1.432608277988379570e-06,1.432233476328419996e-06,1.460911519976710543e-06,1.488967883535554919e-06,1.488614117274073702e-06,1.515996799180848633e-06,1.542639747177888920e-06,1.542308786528814463e-06,1.568161924570482009e-06,1.593160388519307573e-06,1.617248305935466309e-06,1.616950388593759470e-06,1.640082015622348415e-06,1.662195956412310111e-06,1.661924776165421308e-06,1.682979282518660550e-06,1.702916221892298078e-06,1.721688765444206709e-06,1.721456041924580133e-06,1.739029934297170446e-06,1.755353378249453139e-06,1.755152034215829510e-06,1.770196979402134777e-06,1.783916509031348522e-06,1.796277509909361554e-06,1.796122767577884997e-06,1.807108134691821036e-06,1.816679081467225637e-06,1.816564605933550094e-06,1.824712936296946665e-06,1.831405234461890331e-06,1.831338037528525013e-06,1.836576516344995527e-06,1.840332730934278524e-06,1.842598827645603035e-06,1.842611735272970821e-06,1.843404722458491926e-06,1.842712661736820864e-06,1.842805350133349550e-06,1.840654250907585923e-06,1.837027292074076899e-06,1.831937372007628618e-06,1.832177726987169779e-06,1.851349374821456281e-06,1.869227358216683272e-06,1.869624057324578348e-06,1.886184515139160194e-06,1.901283265546402400e-06,1.901892343297942167e-06,1.915529955269578873e-06,1.927544354695845539e-06,1.910819691111424588e-06,1.938868287709161848e-06,1.947522067079608913e-06,1.954327892641932847e-06,1.955772816159871586e-06,1.960832752257371960e-06,1.963923702843019025e-06,1.938156031855511523e-06,1.967234308567736886e-06,1.966465087065616914e-06,1.963589847654726660e-06,1.966665727071623444e-06,1.961974803987759204e-06,1.955141469922955162e-06,1.921071190510262400e-06,1.950715282176508086e-06,1.940012378942736092e-06,1.903283392663307004e-06,1.933227743122783698e-06,1.918869699259507439e-06,1.902484693337115358e-06,1.910366141440075389e-06,1.892707106002795470e-06,1.873181982200297443e-06,1.832079486161795065e-06,1.862865499612011039e-06,1.840772655333455094e-06,1.817156981841607127e-06,1.831038585336603289e-06,1.807104295523831900e-06,1.781980025298360696e-06,1.741594421906830684e-06,1.774355532311870073e-06,1.748661053369695310e-06,1.710639456976207545e-06,1.744988043775589270e-06,1.719781628419545889e-06,1.694459477167777430e-06,1.721670176945563619e-06,1.698096215196391815e-06,1.674926483572297259e-06,1.647166932218009115e-06,1.686414323940407566e-06,1.666599076075533413e-06,1.647979878982259638e-06,1.687454720786113287e-06,1.672155035299784337e-06,1.658576201535967776e-06,1.647682961190195996e-06,1.693943157981548083e-06,1.686406414260778614e-06,1.681289736892681602e-06,1.733794701783968984e-06,1.733086128227838575e-06,1.735156051146927238e-06,1.792835744291917913e-06,1.799452508102055587e-06,1.809082421636958445e-06,1.828062334481741805e-06,1.885400713591210919e-06,1.902584616050753258e-06,1.922912286087022615e-06,1.989759017883387051e-06,2.014068504239713297e-06,2.041366086957784687e-06,2.078936464110756590e-06,2.140784124754963338e-06,2.174002711563313808e-06,2.209737966305643018e-06,2.278854234569187619e-06,2.316521496309994386e-06,2.356130212937135750e-06,2.403812533982764266e-06,2.463661861353339212e-06,2.505167099935384350e-06,2.553204147526571029e-06,2.609433509741800390e-06,2.650621392121418118e-06,2.691911102510223685e-06,2.747424243941182042e-06,2.785975252295940711e-06,2.823770914958879962e-06,2.863787789431012791e-06,2.904811309234775470e-06,2.936887354866228268e-06,2.967106786010743963e-06,3.001231840678097354e-06,3.025638542376563887e-06,3.047552484351704445e-06,3.067812209141328942e-06,3.085490646825132583e-06,3.097777949812036260e-06,3.107027701689190973e-06,3.113343210190527093e-06,3.115274409808204403e-06,3.115274409808204403e-06,3.114094429778646875e-06,3.107778921277310755e-06,3.099320573875959231e-06,3.087904964435337576e-06,3.070609415069481941e-06,3.050958711918230229e-06,3.030196521013355799e-06,3.007140566240464986e-06,2.973015511573111595e-06,2.944384290547762764e-06,2.914171426055100644e-06,2.873831375520174696e-06,2.835305405371036645e-06,2.800029866589028409e-06,2.764377207864644630e-06,2.708864066433686273e-06,2.670880876642341294e-06,2.633434639219011416e-06,2.578321603273245272e-06,2.533368502205070116e-06,2.496541781113185613e-06,2.437962407560149556e-06,2.394182227228677185e-06,2.360249886768345478e-06,2.328769084554940120e-06,2.259652816291395942e-06,2.230614806676178782e-06,2.204599742187344787e-06,2.144216395536218460e-06,2.112881762581825916e-06,2.093765866372374980e-06,2.078099773665177492e-06,2.011253041868813056e-06,2.000005770754383936e-06,1.992310095463117227e-06,1.936212622149664826e-06,1.925854575600185235e-06,1.926425011325735500e-06,1.930305985727796092e-06,1.872626292582805416e-06,1.881308583137759107e-06,1.892978721381549505e-06,1.840473756490262123e-06,1.856714540151552788e-06,1.875489961335968616e-06,1.829372862759527914e-06,1.851427638041651426e-06,1.876328299036307211e-06,1.902918573325407355e-06,1.863443731521519824e-06,1.893274621371517643e-06,1.924176194936686276e-06,1.883883907861593063e-06,1.923604402897726360e-06,1.957476889796063818e-06,1.991499484912623519e-06,1.964288785124747474e-06,1.999767055595861345e-06,2.034801327871354048e-06,1.998114738245121036e-06,2.047940993807295941e-06,2.082710926209444160e-06,2.047112507629259936e-06,2.098992689897458715e-06,2.132332143898386571e-06,2.164018717660936397e-06,2.150137112426013012e-06,2.181024436007747469e-06,2.209893602480323255e-06,2.175162375545510331e-06,2.226479350492519629e-06,2.251757859259432114e-06,2.274648337779313198e-06,2.266766871078410098e-06,2.287857973660572255e-06,2.306395896232461411e-06,2.271686693853909693e-06,2.316835640036084555e-06,2.330672696985898530e-06,2.296029581835068358e-06,2.337717724661270576e-06,2.346662460114744695e-06,2.352966686461886459e-06,2.349890614930877123e-06,2.353892018359936147e-06,2.355312705241792706e-06,2.320886000960230134e-06,2.352192138618717090e-06,2.348845256640865249e-06,2.343098786924219355e-06,2.341653258036751509e-06,2.333746700311899756e-06,2.323595227241316112e-06,2.290156922095788328e-06,2.310393298454979913e-06,2.296140614958731681e-06,2.279921907459789315e-06,2.279311379428562903e-06,2.261307124243465076e-06,2.241535553499803816e-06,2.241136878808443999e-06,2.219760615872781770e-06,2.196822254900370107e-06,2.196579295291717118e-06,2.202720427156948621e-06,2.207099061935088261e-06,2.209700426988506353e-06,2.209604137257377802e-06,2.210442973266385057e-06,2.209495170183583202e-06,2.209477803539543715e-06,2.206753341246515208e-06,2.202237292053707423e-06,2.195939364610775213e-06,2.196000832228586106e-06,2.187951724636469723e-06,2.178152868866088099e-06,2.178260585284893632e-06,2.166749068283256768e-06,2.153538156640714495e-06,2.153685061682837028e-06,2.138818571018457577e-06,2.122320020264897889e-06,2.104229201669321679e-06,2.104421225122607533e-06,2.084791961831921339e-06,2.063660532608560365e-06,2.063882811156866116e-06,2.041309035859383217e-06,2.017336450107942938e-06,1.992021262130172015e-06,1.992280513925081003e-06,1.965690308857828038e-06,1.937877419385280182e-06,1.938162327328491404e-06,1.909198375677308725e-06,1.879140361355436746e-06,1.848055336727822286e-06,1.848371914726603849e-06,1.816335835089301151e-06,1.783410729088450572e-06,1.783749148686438837e-06,1.750012536338118320e-06,1.715528623771049742e-06,1.715887181784323431e-06,1.680734033893035685e-06,1.644977071422474484e-06,1.608688193687558452e-06,1.609070824854941925e-06,1.572327161799553915e-06
1.283085692234967601e-06,1.313942409094802497e-06,1.344475731881107129e-06,1.344054671444668552e-06,1.374211512827965336e-06,1.403926294569901239e-06,1.433139126996723296e-06,1.432744050850593851e-06,1.461402070918828930e-06,1.489438678961794686e-06,1.489065442363043895e-06,1.516428956162761621e-06,1.543053055256338383e-06,1.542703581792026452e-06,1.568538559898123965e-06,1.593519233492326957e-06,1.617589746758028472e-06,1.617274828038147524e-06,1.640389873009729023e-06,1.662487667644559476e-06,1.662200793825778521e-06,1.683240076061847528e-06,1.703162277947943278e-06,1.721920588260958693e-06,1.721674153986210321e-06,1.739234877146276872e-06,1.755545713559097947e-06,1.755332345154600949e-06,1.770365872343720780e-06,1.784074615665769510e-06,1.796425489819539417e-06,1.796261311352206897e-06,1.807237967650821801e-06,1.816800968090403860e-06,1.816679355080665994e-06,1.824821407326867182e-06,1.831508344361112534e-06,1.831436769170867535e-06,1.836671928013511605e-06,1.840425967246138938e-06,1.842691132030406758e-06,1.842704464164530270e-06,1.843499361369473993e-06,1.842810843394522757e-06,1.842908874863154917e-06,1.840765109458077513e-06,1.837147691084116987e-06,1.857896426545839452e-06,1.884519673962159357e-06,1.877711017342492565e-06,1.895946267598994957e-06,1.923460252159380374e-06,1.913256617007631374e-06,1.928648354178423586e-06,1.956960126880848675e-06,1.943195148663760916e-06,1.955431071450424700e-06,1.965919945264732024e-06,1.995180416027567617e-06,1.975799939295861502e-06,1.982705657840339871e-06,2.012505934980572701e-06,1.989372211461079479e-06,1.992481810852699028e-06,1.993514585416678718e-06,2.023842099025083544e-06,1.995086211699095069e-06,1.992103591761648169e-06,2.022764164672485668e-06,1.990567000778829205e-06,1.983557420026965790e-06,1.974345421465893327e-06,1.979225578410820160e-06,1.968292742399091854e-06,1.955200135465552705e-06,1.986400225146447783e-06,1.947036947859579662e-06,1.930361865025539973e-06,1.961964739067600970e-06,1.920859740895185254e-06,1.901052403206171765e-06,1.879449079356275192e-06,1.911505509196823997e-06,1.868862693286447374e-06,1.845015287350262513e-06,1.877919420338180218e-06,1.835748634026806983e-06,1.810497627880154093e-06,1.784251328559364947e-06,1.804003599485175006e-06,1.778333927028109974e-06,1.752118521040672276e-06,1.787898869531976173e-06,1.751219577822412487e-06,1.726192293631342341e-06,1.764072983939996416e-06,1.732010022763527605e-06,1.709393219360632708e-06,1.687527726362004022e-06,1.728435789772059899e-06,1.704618226049355336e-06,1.686953353825480394e-06,1.730947812755355212e-06,1.714572114133045926e-06,1.702260093210783266e-06,1.692039873772791110e-06,1.740237319813951268e-06,1.735611291853211139e-06,1.732184574967914990e-06,1.784015522997713298e-06,1.788512069404272262e-06,1.792527460184320374e-06,1.847912796076154363e-06,1.861618403140911177e-06,1.873379077469171282e-06,1.888339933852277883e-06,1.947764898489412830e-06,1.973976582264454314e-06,1.996561878353781590e-06,2.058425858249882395e-06,2.092384282850812006e-06,2.121862767331366596e-06,2.154241630241156298e-06,2.217785762340128185e-06,2.260641598396731940e-06,2.298256751131636127e-06,2.361545751811271017e-06,2.408174587308665913e-06,2.449237696910430545e-06,2.491849171922307256e-06,2.558789355100221356e-06,2.601181692091337944e-06,2.644308775117663037e-06,2.700610295592491710e-06,2.747515896801466403e-06,2.788760227675978583e-06,2.838942062884298954e-06,2.881467776764458100e-06,2.918423102738007981e-06,2.954025640468449297e-06,2.993431775513382187e-06,3.026909067003224384e-06,3.055207170721800347e-06,3.084603074240451908e-06,3.108666351268576361e-06,3.127913878783110647e-06,3.144248534279469611e-06,3.158763736189813621e-06,3.168390272255736497e-06,3.174190382819850898e-06,3.176800751894485946e-06,3.176800751894485946e-06,3.174575999506012328e-06,3.169568050833323765e-06,3.160412647259894360e-06,3.146281214322938183e-06,3.130905864885136778e-06,3.112763443329152058e-06,3.089485653778518748e-06,3.060596133306202647e-06,3.033816989878945523e-06,3.001475508671140274e-06,2.962719035699726020e-06,2.929206681496280667e-06,2.894682851577294613e-06,2.854048126530755075e-06,2.804782693096402118e-06,2.766753752985095798e-06,2.722397371886041638e-06,2.667199173773641273e-06,2.628187501694205299e-06,2.590395260918780416e-06,2.523455077740866315e-06,2.485945870075904260e-06,2.450499974615089695e-06,2.408541593338378970e-06,2.346722052503136159e-06,2.315772011174097173e-06,2.278573330462685088e-06,2.216559448123993712e-06,2.191881926747434164e-06,2.170604950768830185e-06,2.143842111895994092e-06,2.083465173392169711e-06,2.070019515819349201e-06,2.052018516805859355e-06,1.993950650412491717e-06,1.988952463878258784e-06,1.987512125871787770e-06,1.983438612857888759e-06,1.929058478232523489e-06,1.935953658644780964e-06,1.941923574316144627e-06,1.890763888152754392e-06,1.905507467179905448e-06,1.921312729500051026e-06,1.873382694388859527e-06,1.895129190337746212e-06,1.918996697840001675e-06,1.947349937802768872e-06,1.902912447952084482e-06,1.932041377421152775e-06,1.968169782339126082e-06,1.926296153267899586e-06,1.959341360253904192e-06,1.992927443246872975e-06,2.037490892794330103e-06,1.997825907928041715e-06,2.033276140074067029e-06,2.082378988352533178e-06,2.044267341592189602e-06,2.080209769952965614e-06,2.115209718278700504e-06,2.095457447088444641e-06,2.130608898486921831e-06,2.164314748518419210e-06,2.218073278977562248e-06,2.181563967524647812e-06,2.212902901705260236e-06,2.266579642907148235e-06,2.230474178454220785e-06,2.258543271305443052e-06,2.284287773674812405e-06,2.335415300618479458e-06,2.299191864736573573e-06,2.320729949376065876e-06,2.369348281015633722e-06,2.333215958282525755e-06,2.350092602142036213e-06,2.364274309244694949e-06,2.359394066970804457e-06,2.371325559218773923e-06,2.380533071901328307e-06,2.419872958381030849e-06,2.383755451979263917e-06,2.387923329745835238e-06,2.422943280692939446e-06,2.387048666210047133e-06,2.386239212139581354e-06,2.382894192448958999e-06,2.410982968015263454e-06,2.375549020230882870e-06,2.367539651812473726e-06,2.391025690834251934e-06,2.356147184693391587e-06,2.343757026890158865e-06,2.329248852270114407e-06,2.345903940747777793e-06,2.312076292526854318e-06,2.293727309588302093e-06,2.306060590334569346e-06,2.273144047345043213e-06,2.251343401353734661e-06,2.259567563383968615e-06,2.227685448255529104e-06,2.202839589588077441e-06,2.207208514020186051e-06,2.209802359539305648e-06,2.209700524512404100e-06,2.210535598390922235e-06,2.209585648131351534e-06,2.209567601476083006e-06,2.206843796727894626e-06,2.202329629146749178e-06,2.196034708132709664e-06,2.196100220275141271e-06,2.188056119558088010e-06,2.178263166842353906e-06,2.178377624637570076e-06,2.166873636658650736e-06,2.153670997182521999e-06,2.153826878307292027e-06,2.138970032894562830e-06,2.122481765593804647e-06,2.104401840848623703e-06,2.104605343373439613e-06,2.084988121359315132e-06,2.063869274358538437e-06,2.064104656227259591e-06,2.041544486615317843e-06,2.017585991047347943e-06,1.992285360539550046e-06,1.992559620361059911e-06,1.965984857485728419e-06,1.938187828202035810e-06,1.938488998293719535e-06,1.909541694773160599e-06,1.879500698592984638e-06,1.848433046115190525e-06,1.848767334211764452e-06,1.816749286488433254e-06,1.783842518008970972e-06,1.784199564452227617e-06,1.750481851923081398e-06,1.716017095745951033e-06,1.716395050280757575e-06,1.681261522587512081e-06,1.645524387542785078e-06,1.609255528042934011e-06,1.609658351890935329e-06,1.572935039678084978e-06,1.535822491922656400e-06
1.284242490401130978e-06,1.283781674731812865e-06,1.314615809804023942e-06,1.345126696894683746e-06,1.344683364968807295e-06,1.374818117322006057e-06,1.404511010856498943e-06,1.433702174343102956e-06,1.433285667021113458e-06,1.461922512199585378e-06,1.489938220158620751e-06,1.489544376774958836e-06,1.516887595533774366e-06,1.543491729709483781e-06,1.543122639750636952e-06,1.568938368000652826e-06,1.593900176508524596e-06,1.617952227515982863e-06,1.617619267373639246e-06,1.640716709751547099e-06,1.662797358651898511e-06,1.662493814096622502e-06,1.683516918934351053e-06,1.703423455420297459e-06,1.722166631459070235e-06,1.721905613812785194e-06,1.739452325149584104e-06,1.755749743064836034e-06,1.755523572709896751e-06,1.770544939528405722e-06,1.784242191332685797e-06,1.796582272832746195e-06,1.796408033899593765e-06,1.807375399215775993e-06,1.816929920175809344e-06,1.816800686787601162e-06,1.824936031899900757e-06,1.831617236821987260e-06,1.831540975172567549e-06,1.836772574057149494e-06,1.840524272413646162e-06,1.842788421396566204e-06,1.842802184062306095e-06,1.843599096692686730e-06,1.842914337131511804e-06,1.843018050063944015e-06,1.866931582965385126e-06,1.889733416500977820e-06,1.884404546324796570e-06,1.911600073129142235e-06,1.931947718941387513e-06,1.923235850415453027e-06,1.951351557546415022e-06,1.968891440297949536e-06,1.956603202565025191e-06,1.985545179711100223e-06,1.999937221096659513e-06,2.012576571719604293e-06,1.994598003897177710e-06,2.024526308829386695e-06,2.033541595078813344e-06,2.011707904132487414e-06,2.042203866348681488e-06,2.047344678671756780e-06,2.050357474062539824e-06,2.022681112002976700e-06,2.053742158464052253e-06,2.052600147826510875e-06,2.021267684152866269e-06,2.052697216065682234e-06,2.047346031669579626e-06,2.012641368343567721e-06,2.003209933673030011e-06,2.034926692817665933e-06,2.023142383033219638e-06,1.983910367595223382e-06,2.015989729671220418e-06,2.000337958374687970e-06,1.958979812954120188e-06,1.991535213163679009e-06,1.972432462297113507e-06,1.951363006872261317e-06,1.907847214549323028e-06,1.940970421326386664e-06,1.917300259615064540e-06,1.873794589812822897e-06,1.907884671825636854e-06,1.882443747655523616e-06,1.840071555045343594e-06,1.813770596542504869e-06,1.849250135393974167e-06,1.822291736106305380e-06,1.783153424403880512e-06,1.820467729725744304e-06,1.794361713598389445e-06,1.759441541940290708e-06,1.799040660039346328e-06,1.775051517839713471e-06,1.751663106422192449e-06,1.724525992558328561e-06,1.767397786979467845e-06,1.748003784280446253e-06,1.728129800167805399e-06,1.774274710239122329e-06,1.760106106144103822e-06,1.747962377313669677e-06,1.739779585695321097e-06,1.790333760502267561e-06,1.784987085371133533e-06,1.786101270726649753e-06,1.840397424414437725e-06,1.842590387422021578e-06,1.853256622579262422e-06,1.911148865629387325e-06,1.921273760035736140e-06,1.934683229120686443e-06,1.958575248458693937e-06,2.020432024636021665e-06,2.041765814598864954e-06,2.074125684420339007e-06,2.138237663589907263e-06,2.166813696999641893e-06,2.198449848909023874e-06,2.240874476275368464e-06,2.306243226063494794e-06,2.343496196561719910e-06,2.390629761467583674e-06,2.455271508077228235e-06,2.496329853694160768e-06,2.545905457557649060e-06,2.589687156439756164e-06,2.650779782561114250e-06,2.694343894125520504e-06,2.743911773922417963e-06,2.800037855825199905e-06,2.841904800312918851e-06,2.887830190364007479e-06,2.937047342426079170e-06,2.974701156174354148e-06,3.011047341392691405e-06,3.048667406297639604e-06,3.086032442427965432e-06,3.114992788323142564e-06,3.143468839741442873e-06,3.170055578766480060e-06,3.189785511798784256e-06,3.206556647804048462e-06,3.220609216575752964e-06,3.231460686182940700e-06,3.237429489227960123e-06,3.239332877658944825e-06,3.239332877658944825e-06,3.237841576426168733e-06,3.232719656601948756e-06,3.222258127645833702e-06,3.208730566844439334e-06,3.192987609521562246e-06,3.174443901760121390e-06,3.148351419279509713e-06,3.120769655413615484e-06,3.093443653073980448e-06,3.056711139455397691e-06,3.020381078732835638e-06,2.986286524830309055e-06,2.951252484605959771e-06,2.902936254010463600e-06,2.859134542377237153e-06,2.820730850742280640e-06,2.765698850215967892e-06,2.718969242252682373e-06,2.679833132752334308e-06,2.620016881276363603e-06,2.581262031866096035e-06,2.535809915817618884e-06,2.500779645519888084e-06,2.437625602994691203e-06,2.395586084536050209e-06,2.365469271940959658e-06,2.301662044397925366e-06,2.265361293663219210e-06,2.241948697971825060e-06,2.222117462503460185e-06,2.159541938066450703e-06,2.134889091107989090e-06,2.123269528850356773e-06,2.062828866775140462e-06,2.047672777149034315e-06,2.044815665311419988e-06,2.045601866263485844e-06,1.988782439360996818e-06,1.988268116666119465e-06,1.997565458012075303e-06,1.944009322045080871e-06,1.953860586564865529e-06,1.971075731088059045e-06,1.920854995381420642e-06,1.940682511666860662e-06,1.964860234782169687e-06,1.991064810373502481e-06,1.944531925215210588e-06,1.976778527024031596e-06,2.008053584450184104e-06,1.964259985125227455e-06,2.004045616904936630e-06,2.038957563398760443e-06,2.074220508424244754e-06,2.032859450790385630e-06,2.080521674874400882e-06,2.117273017736770319e-06,2.077633543193295504e-06,2.129369545192242021e-06,2.166192884665886616e-06,2.127839615260659573e-06,2.163301853056960372e-06,2.217771436188623974e-06,2.251679904470641918e-06,2.213948447299669431e-06,2.269050578742711613e-06,2.300145807791502787e-06,2.262921344393550455e-06,2.317419247380967550e-06,2.344814455379654148e-06,2.369680125390899092e-06,2.332430359175579779e-06,2.383678242346180879e-06,2.403956073123313157e-06,2.366858386261234465e-06,2.415166319636531795e-06,2.430443311133744534e-06,2.393444292408327878e-06,2.405700023928898979e-06,2.448178516878999242e-06,2.455370995599797323e-06,2.418376276730966482e-06,2.456585657802344626e-06,2.458523684862489384e-06,2.421781930030777085e-06,2.455433538715070860e-06,2.452230646928045292e-06,2.446431932393807842e-06,2.410184210489508730e-06,2.436661287397538151e-06,2.426107389978115070e-06,2.390442131441092894e-06,2.412206474948118223e-06,2.397225376774857099e-06,2.380120263840134084e-06,2.345545051766164889e-06,2.360400786968669399e-06,2.339466387537019676e-06,2.305833380086059369e-06,2.316355762996977052e-06,2.292014043965502836e-06,2.259448556823960910e-06,2.265880891587180194e-06,2.238566106927745575e-06,2.209909859979650446e-06,2.209802128918161789e-06,2.210633211483014970e-06,2.209680993914932141e-06,2.209662245251676298e-06,2.206939164672296587e-06,2.202427025665790307e-06,2.196135331179116949e-06,2.196205174815139788e-06,2.188166429360280543e-06,2.178379784752019686e-06,2.178501441488982398e-06,2.167005488967456221e-06,2.153811673749827362e-06,2.153977125856907626e-06,2.139130560854974183e-06,2.122653250126941495e-06,2.104584928218435926e-06,2.104800652738668194e-06,2.085196247066738152e-06,2.064090787805364854e-06,2.064340107354243352e-06,2.041794405085575751e-06,2.017850887159791093e-06,1.992565725920232117e-06,1.992855928470637570e-06,1.966297563976552622e-06,1.938517371154157630e-06,1.938835798355265543e-06,1.909906155227076943e-06,1.879883205369055804e-06,1.848833967763470033e-06,1.849187021851093673e-06,1.817188073741537303e-06,1.784300720933696145e-06,1.784677481476782337e-06,1.750979763791664111e-06,1.716535265479841961e-06,1.716933723158841192e-06,1.681820926149209120e-06,1.646104731615551031e-06,1.609857004795766201e-06,1.610281135914716734e-06,1.573579288093100247e-06,1.536488344513172890e-06,1.536929206338427690e-06
1.253934687312374860e-06,1.285004098839292993e-06,1.284519351201019916e-06,1.315329677948907406e-06,1.345816899560880115e-06,1.345350064406778024e-06,1.375461495360817381e-06,1.405131269046822427e-06,1.434299534069075301e-06,1.433860369581124812e-06,1.462474818856610878e-06,1.490468412161344042e-06,1.490052755351692917e-06,1.517374481862076190e-06,1.543957464865395379e-06,1.543567584642696911e-06,1.569362903295207884e-06,1.594304702554481147e-06,1.618337164278966655e-06,1.617985054391617639e-06,1.641063806126340517e-06,1.663126243093680594e-06,1.662804985041513473e-06,1.683810894758587463e-06,1.703700774778216541e-06,1.722427853776328082e-06,1.722151319970864630e-06,1.739683118402737702e-06,1.755966250236221788e-06,1.755726445719778192e-06,1.770734857313958232e-06,1.784419862226156383e-06,1.796748437472500323e-06,1.796563468756920628e-06,1.807520920829217439e-06,1.817066390194213205e-06,1.816929017933044100e-06,1.825057194972026897e-06,1.831732268876127179e-06,1.831650989015149774e-06,1.836878769213293169e-06,1.840627947733330900e-06,1.842890989477260497e-06,1.842905187677240786e-06,1.843704227424891003e-06,1.869128898231520609e-06,1.895894535505828493e-06,1.893653198398008103e-06,1.916930745227669171e-06,1.938974157921190413e-06,1.939261719318866351e-06,1.960029296362479540e-06,1.979371173837522450e-06,1.979847927023158709e-06,1.997742409862402728e-06,2.014021930136692739e-06,2.044235618697895095e-06,2.029429579871001693e-06,2.042306223190779493e-06,2.053294293914617541e-06,2.054523893650346540e-06,2.063692341766094178e-06,2.070813732849652804e-06,2.102654344643923956e-06,2.077776673654148950e-06,2.080804563706088974e-06,2.081587270306658846e-06,2.084327840508264955e-06,2.083115646796382723e-06,2.079579024820735642e-06,2.083333936286272458e-06,2.077836120403822518e-06,2.069983429818299057e-06,2.059762251228890460e-06,2.065343546346373519e-06,2.053309218680641454e-06,2.038962929730047929e-06,2.046348559337805492e-06,2.030416863319031090e-06,2.012300222672043932e-06,2.046238345320750694e-06,2.002551707632660284e-06,1.981190408340059712e-06,1.957949331344558009e-06,1.971362331107872323e-06,1.947459294186328961e-06,1.921998656391129931e-06,1.938898551568140271e-06,1.913331275401841761e-06,1.886608045001439671e-06,1.858924639616084774e-06,1.881390424231031933e-06,1.854515594026394623e-06,1.827188566958605693e-06,1.854509159180756693e-06,1.828715710003979555e-06,1.803032121345260248e-06,1.844318532956261402e-06,1.812338368476875576e-06,1.789640079948790402e-06,1.767930894307024763e-06,1.808493162437217760e-06,1.790110886141923247e-06,1.773321384560318109e-06,1.821431382127260939e-06,1.807258148271741990e-06,1.796590874609740707e-06,1.788346862264518697e-06,1.843392902644357958e-06,1.839840112125137655e-06,1.839163262923803395e-06,1.900100262488171053e-06,1.904355630178336557e-06,1.911811019181739292e-06,1.971943349245953526e-06,1.990404807775494453e-06,2.006144865088839947e-06,2.025329259303954230e-06,2.097069972103064562e-06,2.120775157229256743e-06,2.147818464495900162e-06,2.213943796319400180e-06,2.252987919555279835e-06,2.286859029458087703e-06,2.323628592551466343e-06,2.398750330429116885e-06,2.437917962841300361e-06,2.479385761406383800e-06,2.552814258103156531e-06,2.595301670501514949e-06,2.639322160940603617e-06,2.684564105480547428e-06,2.752403983449014123e-06,2.796527274695932725e-06,2.840938743007149190e-06,2.902051963592384823e-06,2.943673266464055560e-06,2.984615383150208781e-06,3.032696093786780007e-06,3.073470391345479481e-06,3.108403983921211762e-06,3.141399037695267413e-06,3.179163953160940059e-06,3.205846531820941996e-06,3.229855444054451018e-06,3.253498012449557071e-06,3.271705484327489131e-06,3.285196620579038423e-06,3.295380799836039464e-06,3.302385212633590454e-06,3.304511014031066429e-06,3.304511014031066429e-06,3.303243287359329154e-06,3.296238874561778164e-06,3.286960076866718897e-06,3.274468794266331548e-06,3.256926923010192391e-06,3.233759943988306527e-06,3.211079927777521802e-06,3.185959585132173885e-06,3.148194669666501240e-06,3.117039792092894849e-06,3.084267523027691926e-06,3.045150902299352101e-06,2.997936380298501995e-06,2.959919780383910054e-06,2.921661955321633732e-06,2.860548734736398098e-06,2.819971675877621802e-06,2.780182812102199171e-06,2.712342934133732476e-06,2.671960108019031269e-06,2.633343194989782602e-06,2.596818249149596907e-06,2.523389752452824177e-06,2.488452045739714275e-06,2.456384908084178339e-06,2.381263170206527796e-06,2.352161161595350808e-06,2.326515148033876215e-06,2.294603785300129275e-06,2.230112694672816621e-06,2.212356702729681661e-06,2.198431864111991690e-06,2.126691151312880934e-06,2.117747518067501608e-06,2.112671122047326879e-06,2.104041514148302471e-06,2.045121987840262130e-06,2.049046503902434846e-06,2.056457311687980031e-06,1.995520312123612373e-06,2.008098011873519641e-06,2.023732752474180486e-06,1.968686712094340802e-06,1.989138852789697764e-06,2.012084788848727919e-06,2.038820366424878336e-06,1.990441455438826765e-06,2.019483837861881459e-06,2.050024110156618790e-06,2.009461842026256599e-06,2.043181275434430627e-06,2.077691114616192100e-06,2.122945154958321362e-06,2.079949078728173609e-06,2.116903543434743311e-06,2.153631471332371425e-06,2.126310879074642289e-06,2.164196093846002193e-06,2.201216279268005951e-06,2.178750494454599185e-06,2.216133367744275851e-06,2.252080698988688273e-06,2.286370848619768459e-06,2.269470952105417609e-06,2.303130999054357838e-06,2.334691337224597228e-06,2.321278333026377221e-06,2.351619485122373730e-06,2.379511952834185566e-06,2.433997656633093896e-06,2.395214346869571760e-06,2.418702416707218409e-06,2.439420910687159007e-06,2.432035240554843112e-06,2.450584364137425926e-06,2.466240919460939328e-06,2.460659538333744935e-06,2.473928139255930843e-06,2.484261570810783130e-06,2.491683636732883971e-06,2.487928521596811314e-06,2.492844936626412667e-06,2.494906271250138587e-06,2.492165345505670632e-06,2.491716327106171601e-06,2.488523305688208893e-06,2.518751735847892969e-06,2.480913441049611342e-06,2.472683238540210539e-06,2.461962954231776140e-06,2.460732326218837480e-06,2.447769327343488696e-06,2.432515347826261035e-06,2.450438746256789918e-06,2.414347178823847270e-06,2.394948215903615832e-06,2.373595079070622711e-06,2.373116027709243978e-06,2.349997235120022214e-06,2.325155775283272775e-06,2.324865163126208666e-06,2.298471485119704285e-06,2.270588131104574848e-06,2.273301806883791101e-06,2.241218450909928998e-06,2.210736105177184325e-06,2.209781492880187714e-06,2.209762020138553710e-06,2.207039736724350327e-06,2.202529785408689192e-06,2.196241554906591649e-06,2.196316039071442458e-06,2.188283023607890783e-06,2.178503122402027752e-06,2.178632469460109704e-06,2.167145095928196671e-06,2.153960697186806432e-06,2.154136358101465033e-06,2.139300754189151332e-06,2.122835121079700353e-06,2.104779161153007878e-06,2.105007902822523454e-06,2.085417142706809294e-06,2.064325932622829173e-06,2.064590081765432774e-06,2.042059767548387511e-06,2.018132175138331632e-06,1.992863456614341994e-06,1.993170599351351810e-06,1.966629653163488622e-06,1.938867337666200067e-06,1.939204082261765988e-06,1.910293177723039472e-06,1.880289368794424996e-06,1.849259655583644766e-06,1.849632598613133614e-06,1.817653885018165559e-06,1.784787093265131185e-06,1.785184722318607980e-06,1.751508161475352287e-06,1.717085089191156124e-06,1.717505222938148451e-06,1.682414332916697469e-06,1.646720257223459729e-06,1.610494842108983711e-06,1.610941458920468526e-06,1.574262252039909207e-06,1.537194086078835489e-06,1.537657843826382049e-06,1.500276252573229224e-06
1.223516311353744251e-06,1.254767288393961761e-06,1.285811380781079389e-06,1.285301411735406430e-06,1.316086635067522182e-06,1.346548891790669838e-06,1.346057251055372825e-06,1.376144056729922578e-06,1.405789406612704518e-06,1.434933470629569189e-06,1.434470349369066551e-06,1.463061107620149950e-06,1.491031297212265528e-06,1.490592545583675504e-06,1.517891507741760419e-06,1.544452078400232818e-06,1.544040159330843494e-06,1.569813834064213764e-06,1.594734405697243990e-06,1.618746077397387012e-06,1.618373636360642396e-06,1.641432537093632127e-06,1.663475624533039659e-06,1.663135539881439921e-06,1.684123167611018832e-06,1.703995332296557371e-06,1.722705285176439552e-06,1.722412237753701607e-06,1.739928159322894712e-06,1.756196076566732774e-06,1.755941746870217318e-06,1.770936351866135339e-06,1.784608300459605018e-06,1.796924604460443720e-06,1.796728188122525077e-06,1.807675059261670204e-06,1.817210862834485168e-06,1.817064794750067917e-06,1.825185308261412341e-06,1.831853822025352519e-06,1.831767166691353679e-06,1.836990849142218840e-06,1.840737314250522119e-06,1.842999149045118225e-06,1.869119228381261920e-06,1.896614170454834802e-06,1.895899857684126635e-06,1.923237775385212357e-06,1.948687668477379960e-06,1.944712328510109951e-06,1.967215839705596606e-06,1.996211455405830627e-06,1.988720722867390228e-06,2.008459784789145588e-06,2.038458991119990313e-06,2.057055288712781380e-06,2.043830540189609230e-06,2.074731952195217467e-06,2.089932440713277588e-06,2.072696287035615038e-06,2.083881294658248128e-06,2.115859298758298507e-06,2.125249331542312326e-06,2.101748833783902032e-06,2.134351192321736816e-06,2.139557673445304178e-06,2.111946298072169827e-06,2.112692649406085411e-06,2.145919570351024975e-06,2.114341571664927164e-06,2.110683620583889298e-06,2.144329222957218667e-06,2.138231493770337839e-06,2.101010863540970719e-06,2.090548738856087429e-06,2.124536335771306015e-06,2.084240296988977824e-06,2.069608415912867507e-06,2.104032124470036109e-06,2.086955413607323925e-06,2.042891718051794989e-06,2.077889611527941394e-06,2.057212192114199675e-06,2.011916535854917669e-06,1.988394171181144794e-06,2.024099645067124935e-06,1.978626016743823178e-06,1.952972403678198243e-06,1.989823632012365575e-06,1.962795385727789516e-06,1.918597292993091561e-06,1.890906892100500020e-06,1.929407536673118791e-06,1.888140929628550434e-06,1.861024242998298956e-06,1.901638148533460959e-06,1.874691927196803304e-06,1.839516750318314465e-06,1.882727738402676735e-06,1.858462664828280229e-06,1.829663290406342944e-06,1.808859963178656279e-06,1.855752020427544009e-06,1.837040847492830020e-06,1.819079096977366182e-06,1.869571310067036694e-06,1.856875588356580461e-06,1.848116177972911847e-06,1.841609437791011572e-06,1.896862221238845996e-06,1.897974311148165507e-06,1.899342625684827520e-06,1.958513654746364510e-06,1.964073168434960353e-06,1.979499321375124035e-06,2.042305319138847165e-06,2.056390966814244689e-06,2.081638647523950665e-06,2.103300412588257241e-06,2.169860389343119876e-06,2.195715765670982563e-06,2.233473984141029239e-06,2.301857745742461931e-06,2.334938303820906647e-06,2.379522102526352378e-06,2.418445057995571473e-06,2.487145678988919620e-06,2.536423868589441069e-06,2.579602531113676282e-06,2.646535434295672931e-06,2.690722338908092436e-06,2.743122887215883028e-06,2.789242009665851054e-06,2.850884303389901985e-06,2.901678401874731345e-06,2.946163504101228925e-06,3.001278258796286859e-06,3.042946069608809009e-06,3.087748530210514117e-06,3.134279849998539891e-06,3.169950710230058663e-06,3.206689062053870940e-06,3.237639832041609433e-06,3.270101921750450353e-06,3.294715372412444746e-06,3.317702680018150219e-06,3.337872307803931962e-06,3.351722764294330416e-06,3.362349083112977510e-06,3.368742364531775729e-06,3.371649084006830690e-06,3.371649084006830690e-06,3.369182968652989892e-06,3.363695555774686328e-06,3.353609750625135267e-06,3.340831080766072200e-06,3.321131590578785539e-06,3.298899358668987343e-06,3.275714758763208234e-06,3.243836307588777114e-06,3.214645217315759606e-06,3.179228134848125383e-06,3.145887456773463104e-06,3.100203338723086212e-06,3.057275500412821834e-06,3.018762741494858728e-06,2.964703395020615827e-06,2.923950716617338606e-06,2.876128147149813461e-06,2.815750281226629341e-06,2.774397971193425069e-06,2.725865386705423472e-06,2.687489694603430706e-06,2.622087871592729095e-06,2.585380720974433265e-06,2.541513568206726250e-06,2.474459702814568207e-06,2.443179463439688769e-06,2.405124231643718757e-06,2.380835415276194542e-06,2.314133973121758335e-06,2.284050255961563177e-06,2.268091202401854448e-06,2.203126823515715717e-06,2.191790017189594372e-06,2.175900851821256476e-06,2.173118407291458067e-06,2.111597486277473404e-06,2.106570969685560003e-06,2.113026978932107413e-06,2.054815508971867958e-06,2.065543798421360581e-06,2.076180924022197309e-06,2.021475781595997543e-06,2.040423075983505983e-06,2.061647782676951050e-06,2.087164992192498573e-06,2.036468081274979979e-06,2.067439727585760240e-06,2.098881090520921181e-06,2.051216385584718261e-06,2.084320309176414068e-06,2.126599618473785962e-06,2.163033822158159641e-06,2.118143372317970970e-06,2.166875856776232892e-06,2.205361342458300564e-06,2.162453286159980595e-06,2.200422805649907380e-06,2.255021319736113929e-06,2.213623656663438681e-06,2.251296210596073561e-06,2.308465544186021094e-06,2.344754690619625931e-06,2.304156866640391551e-06,2.338263019936806073e-06,2.395893298866653878e-06,2.355929251307972798e-06,2.386779128707062713e-06,2.443535233428467164e-06,2.470571091489637944e-06,2.430651015132706928e-06,2.485381574567323005e-06,2.507586254296047584e-06,2.467876102539350812e-06,2.486861968046338593e-06,2.536499610161532409e-06,2.496927512936230208e-06,2.510555816825739775e-06,2.556175291754878331e-06,2.564374687057319290e-06,2.524822729843698733e-06,2.529931562695362432e-06,2.568453805111417535e-06,2.529187230784977105e-06,2.528815539076987645e-06,2.562399368765822875e-06,2.556573566973072132e-06,2.517845448652543133e-06,2.546362222020148220e-06,2.535394770799154608e-06,2.497302846764660001e-06,2.484118021547677640e-06,2.504991965263481583e-06,2.486938405974164273e-06,2.450031518511762937e-06,2.466026268018920362e-06,2.443838432097359530e-06,2.407958004590983552e-06,2.384367870797953858e-06,2.393421783496045109e-06,2.358703979221640675e-06,2.331761209868634466e-06,2.336565323633183696e-06,2.306069459556557926e-06,2.273300787310191833e-06,2.274168443137425754e-06,2.241196641150435827e-06,2.209867229880555793e-06,2.207145823619029786e-06,2.202638232339264728e-06,2.196353722119636097e-06,2.196433179759567927e-06,2.188406297528355813e-06,2.178633607724374347e-06,2.178771173023454912e-06,2.167292962076261842e-06,2.154118615336377245e-06,2.154305169187801893e-06,2.139481256120088302e-06,2.123028073318813378e-06,2.104985288541374502e-06,2.105227898738324696e-06,2.085651671652317349e-06,2.064575632319235084e-06,2.064855564827502568e-06,2.042341622803076930e-06,2.018430968644258468e-06,1.993179732432347631e-06,1.993504880110318389e-06,1.966982440460040334e-06,1.939239112331912402e-06,1.939595304526980637e-06,1.910704287302317246e-06,1.880720784915048694e-06,1.849711776975327305e-06,1.850105803474223317e-06,1.818148530971097519e-06,1.785303517311637005e-06,1.785723240803238305e-06,1.752069070064157405e-06,1.717668662870891025e-06,1.718111716040080383e-06,1.683043979168005805e-06,1.647373269828267581e-06,1.611171413860275551e-06,1.611641762343467873e-06,1.574986439566943077e-06,1.537942290255239629e-06,1.538430177546633400e-06,1.501072809346181577e-06,1.463466050415293405e-06
1.193051402109974691e-06,1.224425625918315188e-06,1.255649863451564941e-06,1.286667284471563161e-06,1.286130733472851962e-06,1.316889485895704856e-06,1.347325404707774417e-06,1.346807581306241626e-06,1.376868382064356055e-06,1.406487927508634749e-06,1.435606410480325520e-06,1.435117954634419993e-06,1.463683647941413947e-06,1.491629065492436706e-06,1.491165858034436589e-06,1.518440703900166787e-06,1.544977521119079401e-06,1.544542234748079266e-06,1.570292951558362397e-06,1.595190997837631777e-06,1.619180599900093553e-06,1.618786568063506768e-06,1.641824379966406065e-06,1.663846903741896096e-06,1.663486803930574032e-06,1.684454988588034532e-06,1.704308306252765208e-06,1.723000032678130521e-06,1.722689404645937728e-06,1.740188417753408803e-06,1.756440126324193077e-06,1.756170317098390944e-06,1.771150203223440485e-06,1.784808227802146481e-06,1.797111440135930695e-06,1.796902805972444236e-06,1.807838379439740612e-06,1.817363857560714878e-06,1.817208495131643476e-06,1.825320812324111886e-06,1.831982304112113880e-06,1.831889888397954440e-06,1.837109171973604949e-06,1.866902203314949633e-06,1.895874555876691225e-06,1.895889635110148711e-06,1.923972603521300877e-06,1.951046509554996825e-06,1.951169543533721605e-06,1.977163627848673417e-06,2.001937347720678399e-06,1.996071571375397949e-06,2.025708591772066160e-06,2.047784305625330368e-06,2.068322487889374963e-06,2.068862402359163558e-06,2.087842267251613100e-06,2.105076825662835969e-06,2.105911111756620011e-06,2.121414094173984184e-06,2.134973136728623094e-06,2.146486948120351727e-06,2.147887320459943937e-06,2.157439370715820098e-06,2.164773673677577770e-06,2.166777044049036750e-06,2.172050685623625964e-06,2.174964067362336685e-06,2.144517139531908302e-06,2.178579917827468267e-06,2.176922955962698486e-06,2.172753148769710759e-06,2.177051288040679382e-06,2.170790190699330120e-06,2.161990396809229979e-06,2.122098061546769122e-06,2.157034630326678902e-06,2.143776425725026373e-06,2.128041842772130830e-06,2.136503233018729568e-06,2.119128214433188985e-06,2.099430260530704089e-06,2.110460126221441035e-06,2.089495590001865967e-06,2.066448096554912255e-06,2.019810301609514862e-06,2.056777079872370578e-06,2.031191122932464597e-06,2.004014362962178610e-06,2.023310829034526300e-06,1.996188879513941099e-06,1.967935912993751837e-06,1.924221587160581983e-06,1.964351155633360990e-06,1.936274701314471166e-06,1.907865676870343699e-06,1.938876216484361702e-06,1.912351238799740595e-06,1.886121971345825772e-06,1.923118334761415780e-06,1.899584936417383087e-06,1.877004147580741347e-06,1.855690141597791806e-06,1.901306078634287213e-06,1.883802813952841769e-06,1.868217003445652108e-06,1.920534962727348098e-06,1.909407467923615280e-06,1.900790274338809953e-06,1.898097384790485368e-06,1.956056763206980300e-06,1.955377910141434669e-06,1.957936968783377767e-06,2.025089377285200441e-06,2.032950063059682014e-06,2.044337197340945793e-06,2.116716687605595593e-06,2.133263200093708413e-06,2.153432094802210670e-06,2.177275935358136909e-06,2.254698984777554971e-06,2.283058570957449262e-06,2.314876881571949629e-06,2.394181419713115266e-06,2.429574247887299481e-06,2.467979488977794555e-06,2.517599422454316351e-06,2.587914241636724535e-06,2.630986096952364303e-06,2.676135876571646657e-06,2.751764935190531618e-06,2.797135367839302866e-06,2.843668176931241733e-06,2.897272638788838227e-06,2.958841780229882084e-06,3.003970419799806105e-06,3.048842273607998836e-06,3.108140083770416456e-06,3.149012542932046483e-06,3.188588893974951970e-06,3.237209035524891026e-06,3.271124033978659905e-06,3.302805292950842434e-06,3.331929941706679485e-06,3.363566473202622252e-06,3.385216625464404726e-06,3.403661205290638924e-06,3.421075039198309825e-06,3.431217248525364733e-06,3.437800563221351696e-06,3.440299075506751485e-06,3.440770421848268673e-06,3.438271909562868884e-06,3.432658089058978147e-06,3.423565678128212772e-06,3.406151844220541872e-06,3.388890558744844900e-06,3.368609837933865078e-06,3.336973306437922311e-06,3.309456031628839899e-06,3.279670715800484131e-06,3.247989270003094960e-06,3.199369128453155905e-06,3.162410920294668583e-06,3.124585582339861081e-06,3.065287772177443462e-06,3.023933232540242932e-06,2.982829530185137922e-06,2.922516482548749703e-06,2.872221513124091818e-06,2.830822957782014506e-06,2.791177895663739277e-06,2.715548837044854316e-06,2.676731929306680372e-06,2.640610359865784732e-06,2.571967311672122981e-06,2.528246446813298930e-06,2.498028784203522818e-06,2.471429449098019244e-06,2.392124910956853607e-06,2.369688248368655933e-06,2.351273970110572169e-06,2.273850920691154107e-06,2.260485135610355605e-06,2.251290139453853659e-06,2.246170990137447395e-06,2.173791499872797595e-06,2.174237936284302211e-06,2.178565548684746255e-06,2.111413140182924005e-06,2.121342103184513707e-06,2.134750898840997258e-06,2.077416087573837105e-06,2.092396408511253168e-06,2.114046460955496341e-06,2.138265863099487696e-06,2.085947903817789589e-06,2.114622927464384856e-06,2.145151684058155041e-06,2.099535747021588060e-06,2.133751811908871021e-06,2.169053376539394367e-06,2.205070767880487163e-06,2.168074404462302482e-06,2.206498160953112879e-06,2.244878547099791591e-06,2.213868007462838477e-06,2.253747231485097922e-06,2.292866239094154203e-06,2.249835370118545458e-06,2.307027339974724714e-06,2.345355878380367618e-06,2.382022140681522787e-06,2.362725673518634577e-06,2.398889098917410446e-06,2.432881766345582413e-06,2.391603952297657586e-06,2.450361244410965873e-06,2.480604594140975882e-06,2.508141809492422719e-06,2.497111927808173564e-06,2.522752453196549773e-06,2.545436483565908332e-06,2.536975053967531906e-06,2.557384895419016839e-06,2.574687501860186068e-06,2.534061255422002582e-06,2.583062442507182802e-06,2.594664740055351390e-06,2.603122350785163630e-06,2.598824000662316904e-06,2.604597223244581400e-06,2.607279426634102543e-06,2.567050984893732862e-06,2.604126804110312502e-06,2.601133562765046037e-06,2.595256007829668912e-06,2.593251909825156363e-06,2.584810025791135186e-06,2.573668235871929462e-06,2.572266745187213646e-06,2.558703001996568080e-06,2.542656651488429909e-06,2.524252045934088580e-06,2.523415920571746812e-06,2.502888505955558531e-06,2.480248158504736749e-06,2.479705700149981669e-06,2.455162522872291482e-06,2.428760796562816574e-06,2.393277375703222219e-06,2.400361818271434367e-06,2.370688399898181426e-06,2.339541516408395285e-06,2.339413737950984813e-06,2.306954603731112957e-06,2.273277730915946922e-06,2.273256744044700585e-06,2.238499842911981630e-06,2.202752712075636540e-06,2.196472198896308037e-06,2.196556988881240058e-06,2.188536674000150918e-06,2.178771698983350446e-06,2.178918049950235173e-06,2.167449628469818494e-06,2.154286016021437931e-06,2.154484196911057766e-06,2.139672757378468499e-06,2.123232853250671686e-06,2.105204114999552743e-06,2.105461505652797296e-06,2.085900761779511628e-06,2.064840879465170025e-06,2.065137615622630738e-06,2.042641098098138446e-06,2.018748464588525567e-06,1.993515821288405144e-06,1.993860110852877915e-06,1.967357339200268597e-06,1.939634182603302752e-06,1.940011027463878373e-06,1.911141121737806979e-06,1.881179167420958021e-06,1.850192121863619537e-06,1.850608502775917376e-06,1.818673954406135373e-06,1.785852012260701613e-06,1.786295132290421840e-06,1.752664660757552270e-06,1.718288233106586085e-06,1.718755523873685347e-06,1.683712260456651422e-06,1.648066238345041914e-06,1.611889261442210579e-06,1.612384659073494881e-06,1.575754533989639564e-06,1.538735709625726133e-06,1.539249028111576041e-06,1.501917176655556297e-06,1.464335999663324988e-06,1.426573732385590395e-06
1.194628805895995002e-06,1.194043520351250826e-06,1.225389555551555738e-06,1.256585639135108810e-06,1.287574963094060135e-06,1.287010394594848933e-06,1.317741232161165133e-06,1.348149362223365527e-06,1.347603899986403410e-06,1.377637235940397599e-06,1.407229515000424863e-06,1.436320954629532786e-06,1.435805703298758599e-06,1.464344873949962211e-06,1.492264066762827472e-06,1.491774957653613350e-06,1.519024250171450974e-06,1.545535887579541547e-06,1.545075820161667878e-06,1.570802179891946261e-06,1.595676318229083121e-06,1.619642486629812282e-06,1.619225520543386382e-06,1.642240922763219808e-06,1.664241586655446762e-06,1.663860202150776222e-06,1.684807702959380154e-06,1.704640963679446627e-06,1.723313286708453274e-06,1.722983936280628181e-06,1.740464936529014818e-06,1.756699371730039905e-06,1.756413060393514115e-06,1.771377249728601909e-06,1.785020419751462766e-06,1.797309660182817268e-06,1.797087981455507256e-06,1.808011487525909359e-06,1.817525931395293237e-06,1.817360631138001760e-06,1.825464178809390172e-06,1.832118151349494145e-06,1.857846224595761673e-06,1.889692691955684772e-06,1.893622135605447399e-06,1.923216649876722940e-06,1.951035699722140528e-06,1.951919892823302528e-06,1.979576433569141792e-06,2.008723998436370146e-06,2.006260660004790162e-06,2.031565685633483756e-06,2.055511733759455829e-06,2.086468064191224080e-06,2.078401086762491222e-06,2.099369599736874737e-06,2.131422470791476080e-06,2.119319170929148617e-06,2.136904356750468600e-06,2.169944183100597915e-06,2.186011689297117410e-06,2.167429703381164463e-06,2.179153294740532543e-06,2.213370424593205683e-06,2.190368417917649151e-06,2.197814338405668296e-06,2.232719681883913984e-06,2.205300490930397253e-06,2.208227034742227769e-06,2.208663389942545009e-06,2.244260658254738024e-06,2.210279502887565813e-06,2.205972266754928398e-06,2.242046278695936921e-06,2.204151696195558849e-06,2.195138028464674911e-06,2.183523816556963053e-06,2.220004359001095382e-06,2.176846374499576581e-06,2.160803739995183493e-06,2.197806994650318557e-06,2.152202538048577350e-06,2.132188778159019263e-06,2.169881469096247276e-06,2.122765001379312597e-06,2.099438064178569556e-06,2.074145867124913872e-06,2.112710262977495788e-06,2.064781108533132053e-06,2.037432998042240497e-06,2.077349625553249647e-06,2.030891837214522360e-06,2.002636223755103934e-06,1.973530409042495132e-06,2.015393708857945961e-06,1.972974981243905024e-06,1.944873261073973182e-06,1.989162211044016682e-06,1.951901903497454955e-06,1.926286694491030397e-06,1.973516693486999185e-06,1.949153310471224913e-06,1.921320041142262457e-06,1.901103475612234252e-06,1.952452839484484706e-06,1.933302302705186130e-06,1.919194883053698024e-06,1.974480156005707221e-06,1.965093102488552727e-06,1.958323314914106555e-06,1.954492516792716584e-06,2.014871374419001891e-06,2.020312995483664470e-06,2.025176193677828839e-06,2.089601367157965563e-06,2.105895883181825812e-06,2.119803786853925240e-06,2.187819710746712237e-06,2.206339033457370245e-06,2.237274702802390584e-06,2.263768563226815759e-06,2.335164024545490534e-06,2.374975857658584324e-06,2.409315727383680873e-06,2.481930180049212305e-06,2.528754573036182813e-06,2.569365482545087149e-06,2.612689006186489681e-06,2.684401276869888066e-06,2.737775478055836044e-06,2.784435104982862984e-06,2.853098215812655514e-06,2.907266592043838652e-06,2.954553843110879168e-06,3.002360119677012372e-06,3.063665210030097409e-06,3.114797373812919878e-06,3.159211677674825722e-06,3.212207476705801577e-06,3.256867542868448373e-06,3.294986495563632701e-06,3.337554348036608362e-06,3.369970326824008962e-06,3.402242901273647432e-06,3.428610975454194933e-06,3.454797854772205623e-06,3.474908465479883203e-06,3.489759872953669467e-06,3.502195471034518170e-06,3.508796689290824878e-06,3.511142647547737614e-06,3.511142647547737614e-06,3.509778903691167943e-06,3.503738155599743409e-06,3.491780173172711437e-06,3.478078366933622877e-06,3.458736684143426926e-06,3.433097162346508770e-06,3.408266464722164141e-06,3.377113246235560087e-06,3.346741483430526832e-06,3.304959797354319679e-06,3.269354824748087653e-06,3.226630732489258344e-06,3.174636259948327486e-06,3.133626778689052298e-06,3.085174689126557416e-06,3.025102337740272025e-06,2.981752953266103758e-06,2.939497742386772230e-06,2.889407417104081222e-06,2.822298888711196235e-06,2.781891765037319935e-06,2.733686888968642794e-06,2.663690315243906660e-06,2.627890000259057412e-06,2.595438940667886722e-06,2.555580878962403943e-06,2.484787727634879111e-06,2.459847137181600407e-06,2.428246962658265507e-06,2.358627525303071313e-06,2.342679698025221968e-06,2.321186107676472283e-06,2.314329968452789391e-06,2.247824235840165023e-06,2.245895834241587233e-06,2.240761760246517068e-06,2.177535438196186301e-06,2.185355256718954550e-06,2.192074259548382741e-06,2.132482332094941577e-06,2.149463689986461155e-06,2.169523936999935680e-06,2.192269469962834060e-06,2.136992152365154578e-06,2.164477967673807087e-06,2.197549348382570899e-06,2.145606081515495125e-06,2.179035957779646931e-06,2.221147288627585573e-06,2.258650055057261392e-06,2.209849297404594177e-06,2.247984702536127916e-06,2.299667258345837416e-06,2.253137126263303866e-06,2.293032353681082516e-06,2.349716227151212134e-06,2.304949108758411698e-06,2.344943460748203138e-06,2.383578364473696195e-06,2.443718828028109322e-06,2.399957349737234684e-06,2.436573874797811000e-06,2.497593930297739097e-06,2.454613946155575549e-06,2.487968871731013141e-06,2.518730566477348214e-06,2.577801719903749112e-06,2.534949704263476755e-06,2.561111859586125474e-06,2.617783419280690884e-06,2.575210482001946102e-06,2.596099100669008781e-06,2.649361155351230056e-06,2.606973666679167284e-06,2.622141972591321383e-06,2.634075075401159265e-06,2.680538968701144977e-06,2.638191163919022937e-06,2.644183615908499999e-06,2.685682213816677542e-06,2.643657134024777755e-06,2.643732601888441194e-06,2.640758414552976891e-06,2.674121534701109842e-06,2.632684416621363060e-06,2.624132999748801219e-06,2.652055934197959236e-06,2.611315028123918567e-06,2.597516264449765424e-06,2.620032288638966640e-06,2.600963238779937785e-06,2.561512778068250035e-06,2.540574255358557697e-06,2.555221118263749820e-06,2.516890882286049541e-06,2.491837345692253619e-06,2.501591604474953758e-06,2.464529785315713129e-06,2.435862947098479225e-06,2.405554714306287687e-06,2.408539597780953221e-06,2.373602839269896726e-06,2.340445585802685421e-06,2.339389357030034342e-06,2.306021812256238856e-06,2.270518070864053458e-06,2.265789039850645248e-06,2.227572220808570545e-06,2.196687885670798070e-06,2.188674605713185223e-06,2.178917887175913275e-06,2.179073633973730852e-06,2.167615675636471156e-06,2.154463530292825567e-06,2.154674126279757455e-06,2.139876000098734200e-06,2.123450263060429210e-06,2.105436505463013156e-06,2.105709653740632254e-06,2.086165410791917914e-06,2.065122741392258995e-06,2.065437373026448284e-06,2.042959405591225381e-06,2.019085949975292402e-06,1.993873086427656424e-06,1.994237732292603694e-06,1.967755868629241750e-06,1.940054147158094537e-06,1.940452929924554804e-06,1.911605440640779450e-06,1.881666357113206543e-06,1.850702612518676675e-06,1.851142700388686312e-06,1.819232240780628679e-06,1.786434745002207047e-06,1.786902644811346234e-06,1.753297262304221654e-06,1.718946208812596061e-06,1.719439134843934585e-06,1.684421743884952403e-06,1.648801807667150556e-06,1.612651106525231915e-06,1.613172946441881397e-06,1.576569407087395332e-06,1.539577289113926287e-06,1.540117412199917072e-06,1.502812441466338392e-06,1.465258199626021998e-06,1.427522900659987689e-06,1.428082846609058367e-06
1.164303887118748125e-06,1.195710202450865470e-06,1.195095255639157556e-06,1.226411626661070308e-06,1.257578066265553816e-06,1.288537790089533182e-06,1.287943689449585149e-06,1.318645087493670215e-06,1.349023895716861016e-06,1.348449254793300593e-06,1.378453581048754454e-06,1.408017045560649419e-06,1.437079892240005389e-06,1.436536296249560770e-06,1.465047397424526177e-06,1.492938822998098244e-06,1.492422276060248623e-06,1.519644487416696527e-06,1.546129427636746669e-06,1.545643074331956073e-06,1.571343586805377374e-06,1.596192343834757035e-06,1.620133624186795494e-06,1.619692290627157080e-06,1.642683873305520559e-06,1.664661293039093757e-06,1.664257267385088058e-06,1.685182757966561791e-06,1.704994667727480823e-06,1.723646328031895899e-06,1.723297032937200147e-06,1.740758837547076341e-06,1.756974858609965084e-06,1.756670949034677338e-06,1.771618392863191075e-06,1.785245709976643573e-06,1.797520033693918698e-06,1.797284422594870138e-06,1.808195034274835394e-06,1.817697681950094764e-06,1.817521751725468245e-06,1.851276489175419372e-06,1.884456669466459735e-06,1.884351455814629801e-06,1.916887677140563316e-06,1.948654817081467178e-06,1.951147200262512404e-06,1.979564999568500828e-06,2.009512017154007382e-06,2.008728858849354031e-06,2.038517299954727907e-06,2.066228541235623703e-06,2.092627827378222152e-06,2.086308499798826880e-06,2.117964637796735952e-06,2.141458992696308579e-06,2.131113316532183007e-06,2.163904638408466641e-06,2.184057338787976555e-06,2.202320374230037284e-06,2.203269222630660173e-06,2.219662924693253140e-06,2.233948909874678173e-06,2.212569234742889604e-06,2.247613472683946960e-06,2.257562094872584251e-06,2.231622324355572606e-06,2.267393700557877609e-06,2.272713759920506601e-06,2.275473201944470268e-06,2.242667404216885814e-06,2.279185134572117174e-06,2.277011503091570487e-06,2.239999172861178511e-06,2.277045976698293418e-06,2.269920913316554016e-06,2.260055625972953753e-06,2.217246943561206609e-06,2.254779725860002325e-06,2.240159880399068461e-06,2.194454272120651001e-06,2.232595936773356005e-06,2.213631177355667213e-06,2.165908469578016556e-06,2.204848108892856655e-06,2.182157567204375460e-06,2.157280743517079945e-06,2.107946754886417177e-06,2.147925814559101937e-06,2.120542091236620106e-06,2.072101840487238269e-06,2.113602730847276393e-06,2.084857515678042550e-06,2.055024736051960987e-06,2.009804909814058091e-06,2.053500866210717527e-06,2.024244942365990449e-06,1.983680942972671930e-06,2.030026682330180704e-06,2.002878658627111643e-06,1.976250600916502338e-06,2.018106211792039310e-06,1.994646169210558001e-06,1.972429323370516477e-06,1.949158148416144875e-06,2.003088354635866188e-06,1.986807422422622225e-06,1.973244429558695023e-06,2.031306921491642007e-06,2.022302809747871669e-06,2.016202326446455855e-06,2.017675023529551338e-06,2.081003028189973435e-06,2.083712117699825680e-06,2.096481764273055559e-06,2.163890416707273473e-06,2.175874604384033290e-06,2.191718512979172989e-06,2.270602951852316449e-06,2.291787344360078851e-06,2.316838183550032821e-06,2.354977941214847185e-06,2.428966972377957958e-06,2.462298647094004545e-06,2.508515451912102900e-06,2.583303201996039564e-06,2.623362399845821082e-06,2.666344709250638817e-06,2.720697557896605957e-06,2.793787300627467533e-06,2.840532164104430639e-06,2.896832457001928958e-06,2.966090977951811402e-06,3.013808180672519042e-06,3.062204704086014292e-06,3.116908969013770633e-06,3.177595567282422793e-06,3.222779333698987443e-06,3.271832712744834432e-06,3.323212365529025935e-06,3.362133819441980873e-06,3.399071815727789477e-06,3.442502075628391805e-06,3.472430470015705880e-06,3.499471481166824311e-06,3.524883760865851349e-06,3.547252756338193199e-06,3.562506660547174605e-06,3.574271480224845013e-06,3.582167334799973138e-06,3.584584638827951330e-06,3.584584638827951330e-06,3.583219075614126528e-06,3.575814164790070252e-06,3.564670938070523299e-06,3.550650879811550267e-06,3.528822590237072652e-06,3.504284686436098924e-06,3.478898987378117289e-06,3.450923795441154971e-06,3.407493535540552644e-06,3.372862488664389576e-06,3.336655245155122998e-06,3.286255968528291199e-06,3.239394251264487163e-06,3.197887310321112983e-06,3.138418448110230641e-06,3.086720718937729005e-06,3.043133565156018626e-06,3.000842784343427295e-06,2.933141658293354666e-06,2.881353058490722428e-06,2.841338653779445371e-06,2.769983169995360685e-06,2.721299220553816212e-06,2.686396377692479617e-06,2.655088640072991030e-06,2.582166150825294115e-06,2.543495245436192204e-06,2.520214254757017339e-06,2.448060879327622581e-06,2.418747859108640756e-06,2.404936052176054064e-06,2.395525513368230938e-06,2.316641074495087054e-06,2.313057891528821476e-06,2.313767924218245542e-06,2.247642157361606641e-06,2.246659307686312578e-06,2.257333494282249298e-06,2.194877908658932187e-06,2.206164804704897814e-06,2.226079044468338028e-06,2.249010376587466828e-06,2.191033743515821014e-06,2.218482813513353460e-06,2.248711963533989949e-06,2.194254657314213281e-06,2.231910045435487256e-06,2.267827235055295079e-06,2.304767518028274867e-06,2.262911907151401277e-06,2.302739637614256109e-06,2.342749638114189671e-06,2.294185990264744585e-06,2.349438778886941501e-06,2.390725134529148416e-06,2.344127428035011367e-06,2.403793928647963861e-06,2.444645540132550371e-06,2.483847496678235976e-06,2.438471042302581998e-06,2.500650149453725850e-06,2.537277000310512792e-06,2.492830419578238053e-06,2.555232756025724321e-06,2.588050475275721367e-06,2.618008697555417146e-06,2.573828707949786813e-06,2.633377120910298336e-06,2.658239847839366068e-06,2.614430663323859939e-06,2.671012988406428881e-06,2.690155569349358067e-06,2.646603660586232704e-06,2.699273113033329389e-06,2.712307696808602030e-06,2.721940951685126559e-06,2.678491649144191634e-06,2.723767135874095201e-06,2.727170455134410567e-06,2.684088553571824466e-06,2.724074625862906406e-06,2.721338374201291629e-06,2.715469505594385790e-06,2.673023322031757988e-06,2.704538748149013485e-06,2.692965915815769819e-06,2.651253352604796040e-06,2.677174342374163951e-06,2.660286197038595879e-06,2.640839472423814436e-06,2.639888600438401874e-06,2.618147208754846658e-06,2.594116935546041050e-06,2.554908383536492362e-06,2.567417240160947738e-06,2.539323974948376965e-06,2.501427023208688351e-06,2.509061861070490793e-06,2.477443807132139231e-06,2.444241113811813942e-06,2.408536987949529356e-06,2.409489181696056106e-06,2.373577050576446997e-06,2.339491122518281660e-06,2.336491229306519457e-06,2.298374347667058880e-06,2.259328814405297465e-06,2.259425460573541201e-06,2.219596226728377996e-06,2.179072698643965146e-06,2.179238497689971041e-06,2.167791726784422891e-06,2.154651835970386964e-06,2.154875693403873068e-06,2.140091782069042609e-06,2.123681165336739072e-06,2.105683390197192772e-06,2.105973343589973067e-06,2.086446692028283717e-06,2.065422366409411451e-06,2.065756062336831385e-06,2.043297849393222041e-06,2.019444809362505442e-06,1.994252994303118431e-06,1.994639294042906407e-06,1.968179662606433004e-06,1.940500725010712718e-06,1.940922816813369836e-06,1.912099135369596700e-06,1.882184332200463133e-06,1.851245314231455993e-06,1.851710548757131760e-06,1.819825629607566817e-06,1.787054041879989992e-06,1.787548191155499412e-06,1.753969373411382545e-06,1.719645173948414833e-06,1.720165217365064203e-06,1.685175181397932950e-06,1.649582812225884802e-06,1.613459864867813610e-06,1.614009620266767398e-06,1.577434133368279094e-06,1.540470180452155446e-06,1.541038557212892355e-06,1.503761905210009208e-06,1.466236024049358154e-06,1.428529105089129442e-06,1.429117428258728876e-06,1.391300458085519297e-06
1.134066010123143789e-06,1.165481435936984665e-06,1.196856599718959802e-06,1.196210456600423860e-06,1.227495610456715146e-06,1.258630836566915502e-06,1.289559375703810923e-06,1.288934144896129345e-06,1.319604493547956973e-06,1.349952359919380012e-06,1.349346911920744468e-06,1.379320593545128937e-06,1.408853603926238694e-06,1.437886215376549451e-06,1.437312631760510609e-06,1.465794021869913663e-06,1.493656042104360797e-06,1.493110424886325387e-06,1.520303930478895637e-06,1.546760558996281027e-06,1.546246317650702250e-06,1.571919395377352211e-06,1.596741200603065490e-06,1.620656041758428953e-06,1.620188811301030566e-06,1.643155069132598095e-06,1.665107765937391939e-06,1.664679649336825297e-06,1.685581711329763316e-06,1.705370885700039019e-06,1.724000535312434946e-06,1.723629986634176147e-06,1.741071328395392345e-06,1.757267712563040876e-06,1.756945029309429434e-06,1.771874602525766176e-06,1.785484995168048569e-06,1.797743387606908325e-06,1.797492890326576715e-06,1.808389718693664389e-06,1.843338523505552968e-06,1.869139760285469846e-06,1.877633912439425885e-06,1.911533423691639294e-06,1.938917996896147554e-06,1.944666769254002564e-06,1.977128875114700879e-06,2.008700360555279188e-06,2.008716761218114432e-06,2.039322226310493957e-06,2.068823717931933127e-06,2.099942340706588387e-06,2.097290776881671318e-06,2.124268192290075282e-06,2.149780999779015296e-06,2.150171517034903779e-06,2.174174990952305579e-06,2.196475185481461722e-06,2.230771351810861928e-06,2.217708457314981522e-06,2.236350560617369814e-06,2.271728472227456024e-06,2.254093143545785205e-06,2.268660645742122250e-06,2.280951101947603522e-06,2.282658685082410086e-06,2.292784878102722525e-06,2.300442002183616554e-06,2.337870107272885826e-06,2.308283996437695763e-06,2.311051380716871526e-06,2.311116748743093502e-06,2.314961160544942879e-06,2.312694657933542431e-06,2.307644686628081536e-06,2.346385141770239549e-06,2.305622186551736308e-06,2.295520787855736634e-06,2.282616930775218286e-06,2.290482203837573552e-06,2.275573415966891591e-06,2.257967804437387819e-06,2.268375929389932454e-06,2.249106757728810484e-06,2.227341748054141578e-06,2.268013985832909038e-06,2.217934465997831446e-06,2.192777979230258971e-06,2.165579150707369530e-06,2.184387891016066958e-06,2.156834893632724809e-06,2.127696159361212665e-06,2.171022318777771393e-06,2.122550403835934265e-06,2.092778598476676446e-06,2.062246036428157844e-06,2.093358740879980816e-06,2.064430570154281354e-06,2.035418478820444936e-06,2.083804398117039549e-06,2.046463821299981549e-06,2.020611965906272599e-06,2.072315158485219200e-06,2.042697177070984085e-06,2.021646799373130172e-06,2.002339783210558708e-06,2.056711725752762213e-06,2.042003707607088943e-06,2.029744564807262317e-06,2.090304459558753647e-06,2.084534076777499226e-06,2.080556711453743503e-06,2.079932719244972920e-06,2.151161252639282754e-06,2.156318249922981762e-06,2.165232409539406857e-06,2.235287956434244090e-06,2.257250772363984577e-06,2.275855989909275900e-06,2.349347421071443066e-06,2.382037370424984437e-06,2.409873241605630486e-06,2.441604027975761993e-06,2.527690123475347922e-06,2.563642274187027564e-06,2.603064950853957256e-06,2.679755993401954064e-06,2.731837240150284638e-06,2.776931814947165835e-06,2.824532499585786877e-06,2.907616021275892929e-06,2.955810790148605263e-06,3.005514153605648305e-06,3.075150514999056796e-06,3.131249881387770600e-06,3.179938159841672364e-06,3.228549661937785039e-06,3.294246123695294478e-06,3.338681793607000567e-06,3.381854432890484945e-06,3.431408655241699618e-06,3.472940637417164735e-06,3.507676708595593013e-06,3.544819832956597797e-06,3.574917759603244592e-06,3.598735156834167788e-06,3.619074697455187260e-06,3.638484639506795324e-06,3.649658141771326477e-06,3.656939751255105120e-06,3.660322491031326540e-06,3.660322491031326540e-06,3.657480063841819375e-06,3.651310818576634778e-06,3.641344742189471176e-06,3.621934800137863111e-06,3.602960591965027962e-06,3.580728446018813803e-06,3.551770788851772884e-06,3.515353338843576392e-06,3.482822969170036489e-06,3.442957984158062231e-06,3.394339039622788704e-06,3.354219204809496893e-06,3.313337293787369398e-06,3.247640832029859959e-06,3.203130221405438379e-06,3.159131161355280580e-06,3.106790020651442301e-06,3.038708458939630796e-06,2.994971000254385129e-06,2.953417055500452155e-06,2.870333533810346103e-06,2.830063072689371421e-06,2.792994636200071942e-06,2.747685325695758360e-06,2.672942687933772732e-06,2.642924507223498744e-06,2.617042675473072986e-06,2.530956579973487056e-06,2.509935529331120342e-06,2.493414690140984244e-06,2.470858007334991533e-06,2.399112300176791207e-06,2.392902093680808517e-06,2.382339429348986710e-06,2.313740940574064549e-06,2.318087278522126037e-06,2.326530917683963759e-06,2.255302384289653925e-06,2.269800649893108556e-06,2.287856969478365897e-06,2.307587659125453160e-06,2.247280575759276110e-06,2.273815793900602435e-06,2.302791780853177365e-06,2.248419838310958190e-06,2.281916579690024187e-06,2.317009951704662168e-06,2.361889402304383497e-06,2.308754821707073183e-06,2.348160549898981224e-06,2.400880759299475212e-06,2.350332968897479605e-06,2.392170626815726299e-06,2.433480254139634041e-06,2.402367549605513348e-06,2.444789984529423079e-06,2.485917246455946272e-06,2.549105333229011502e-06,2.501845980219955241e-06,2.541161991278651176e-06,2.578258182800339491e-06,2.559449439457434097e-06,2.595533793506367780e-06,2.628899255188025525e-06,2.691902062457181453e-06,2.645824629377242237e-06,2.674406945607928529e-06,2.699786893376489803e-06,2.689378731418101036e-06,2.712386805205233497e-06,2.731991698409050858e-06,2.724126339934277165e-06,2.741025326658238899e-06,2.754429493615969548e-06,2.804483917837696101e-06,2.759073688597322374e-06,2.766078816085509561e-06,2.769650265433261836e-06,2.765805449158650565e-06,2.766413332012476343e-06,2.763707993491417164e-06,2.799739296365011368e-06,2.755338018072931401e-06,2.746587679700950658e-06,2.734826748436167858e-06,2.733117897887811389e-06,2.718676257182833826e-06,2.701467214558410032e-06,2.722847281598418497e-06,2.680616997967793525e-06,2.658431821402004752e-06,2.674247476155281479e-06,2.633241977649184856e-06,2.606604078715392093e-06,2.577905687997073722e-06,2.577511183638284119e-06,2.546972159598775047e-06,2.514663476947271570e-06,2.517877991195086891e-06,2.480579872928707524e-06,2.445211340295930819e-06,2.408509702477602217e-06,2.408486283976942184e-06,2.370610017219093998e-06,2.331658453735728168e-06,2.324738495347878063e-06,2.291863720210388721e-06,2.251169495931560193e-06,2.240939306999086450e-06,2.209946874770559215e-06,2.167978451304411472e-06,2.154851661506418334e-06,2.155089689738177878e-06,2.140320961370552545e-06,2.123926488120750535e-06,2.105945770267883318e-06,2.106253652103892472e-06,2.086745760802946834e-06,2.065740990588056659e-06,2.066095002508229384e-06,2.043657833254171980e-06,2.019826533000317345e-06,1.994657123165889432e-06,1.995066463656803076e-06,1.968630479091356537e-06,1.940975765438693395e-06,1.941422629447703907e-06,1.912624239817095899e-06,1.882735219504144856e-06,1.851822446926574529e-06,1.852314360909508014e-06,1.820456526849743699e-06,1.787712401457739185e-06,1.788234361994594461e-06,1.754683676212304765e-06,1.720387901314725598e-06,1.720936633969526953e-06,1.685975524189072341e-06,1.650412290676496007e-06,1.614318661265953078e-06,1.614897890048954862e-06,1.578352005493973378e-06,1.541417757818048655e-06,1.542015917105143734e-06,1.504769099792222088e-06,1.467273080883868807e-06,1.429596027689007229e-06,1.430214196667780150e-06,1.392427029483528021e-06,1.354590631734417714e-06
1.136037346101149877e-06,1.135346999018765041e-06,1.166729772109337116e-06,1.198072192118354793e-06,1.197393238750384156e-06,1.228645541189560791e-06,1.259747900735752611e-06,1.290643584867688374e-06,1.289985537975117123e-06,1.320623137444937805e-06,1.350938350105431510e-06,1.350300372981139955e-06,1.380241679683208549e-06,1.409742499422724850e-06,1.438743135002282934e-06,1.438137821141139111e-06,1.466587757801732588e-06,1.494418632821349080e-06,1.493842210279452697e-06,1.521005282270010410e-06,1.547431880870380375e-06,1.546888045352137118e-06,1.572531996777599540e-06,1.597325175750112993e-06,1.621211922920631515e-06,1.620717163021546509e-06,1.643656488314236261e-06,1.665582881981970204e-06,1.665129124367978145e-06,1.686006240533622935e-06,1.705771197824386100e-06,1.724377393371836246e-06,1.723984188876341089e-06,1.741403709592550551e-06,1.757579145701610904e-06,1.757236427761651378e-06,1.772146922798355765e-06,1.785739240335313395e-06,1.797980611549160950e-06,1.822665164572650370e-06,1.859562447098395151e-06,1.869520141305014827e-06,1.895853567310365731e-06,1.931866127053770637e-06,1.939191193847963971e-06,1.967156413581581880e-06,2.001889139423022165e-06,2.006223885370297485e-06,2.038492285274076901e-06,2.068810914458094464e-06,2.100788621997589646e-06,2.099946671034907500e-06,2.131764271919770797e-06,2.161345459814726481e-06,2.156622649619152416e-06,2.182694536668228060e-06,2.216555309617441776e-06,2.241590545758877320e-06,2.230419002951731688e-06,2.265523541776876921e-06,2.286945253000482610e-06,2.271169028490378550e-06,2.307398027224484343e-06,2.324748248492429015e-06,2.304185062235097511e-06,2.316706331429783223e-06,2.354282746421649551e-06,2.364639737949554244e-06,2.336620489299548009e-06,2.375001771650171787e-06,2.380342903518308977e-06,2.347490488999216586e-06,2.347500760592368443e-06,2.386713170222452954e-06,2.383939187875179548e-06,2.344060057788109506e-06,2.383877362356994313e-06,2.375772944980104242e-06,2.331909863150642646e-06,2.318719124127772642e-06,2.359111773840738466e-06,2.311964594649912022e-06,2.294036200049979179e-06,2.335154045590776845e-06,2.314436768917031955e-06,2.263560467391594847e-06,2.305629071799613182e-06,2.281058251279236614e-06,2.229474987233142857e-06,2.202032311015222715e-06,2.245358619505737595e-06,2.216058435816267804e-06,2.165268828971354351e-06,2.210379023673200479e-06,2.179948201616600090e-06,2.132197552064976435e-06,2.101870468464940373e-06,2.149546351548144269e-06,2.119157096862123454e-06,2.078095796576461881e-06,2.128794417222558993e-06,2.101169377747709524e-06,2.067424335229704928e-06,2.121693813353766966e-06,2.098560432625120636e-06,2.073749835890983139e-06,2.055904646049645658e-06,2.115060899077564521e-06,2.100409671122611695e-06,2.090180904655632820e-06,2.153800824367952437e-06,2.147412198361818557e-06,2.148893648348342848e-06,2.150702431710076229e-06,2.219851457410678108e-06,2.226518491680933214e-06,2.244979158920397110e-06,2.318215776621588503e-06,2.334875503380801925e-06,2.364886672002993779e-06,2.441403199870802275e-06,2.467694346454970333e-06,2.507997493856142439e-06,2.542569200368841019e-06,2.621436303398350790e-06,2.659996482825433282e-06,2.712051316179457745e-06,2.790771493583933355e-06,2.835501064420328077e-06,2.892321197317322208e-06,2.941736054512362457e-06,3.017016451679091026e-06,3.067013848351758246e-06,3.126062620983365815e-06,3.195807512414534221e-06,3.245104792669214983e-06,3.300883820898338356e-06,3.349135609349312726e-06,3.407710176048020060e-06,3.451749055947870620e-06,3.498412246832568158e-06,3.545581419384608466e-06,3.581127392083770872e-06,3.616787477122802025e-06,3.650492211107247335e-06,3.674915668825712959e-06,3.697194175571342026e-06,3.713588133109000805e-06,3.727423157425978082e-06,3.734925779253508109e-06,3.737333309033073892e-06,3.737333309033073892e-06,3.735504770158260698e-06,3.729194715246804868e-06,3.715908020650329606e-06,3.700839190654929968e-06,3.679451448827915990e-06,3.656735423769803798e-06,3.623738433017977112e-06,3.589383267733845486e-06,3.556219034372286386e-06,3.509961575748930770e-06,3.465198668711747934e-06,3.424459870809943391e-06,3.367045445937961205e-06,3.322766933469723801e-06,3.270128870832221039e-06,3.225897813264199220e-06,3.157702126635751321e-06,3.102840700393945714e-06,3.059279549758344270e-06,2.985773387148881696e-06,2.943606904449125375e-06,2.892813199713584797e-06,2.856713680636580594e-06,2.779980648473262041e-06,2.735302314221801948e-06,2.706825427224240201e-06,2.629968707113778024e-06,2.606146130201389036e-06,2.575308594186307628e-06,2.561087820603855928e-06,2.486397258266541823e-06,2.467208297326929086e-06,2.463720199424343517e-06,2.392030631835139730e-06,2.385657604454308483e-06,2.393022788302607469e-06,2.325020015759282079e-06,2.337328314950756848e-06,2.349558531992886457e-06,2.370741966348109786e-06,2.307464104222332333e-06,2.332249170635271477e-06,2.361825743770547867e-06,2.302366495425999849e-06,2.334741176677934398e-06,2.374954650983940313e-06,2.412645324730510515e-06,2.356998579048445708e-06,2.406413135641859389e-06,2.447999499451097652e-06,2.395172157753355831e-06,2.451930699957183501e-06,2.495438203269623772e-06,2.444882109024860298e-06,2.487455706043381588e-06,2.550519826768690554e-06,2.592421869045318777e-06,2.543351842920328910e-06,2.608941881597894202e-06,2.648420011324522656e-06,2.600472851383113224e-06,2.637096782729159097e-06,2.702385551843080217e-06,2.735006076390881655e-06,2.687448532849030002e-06,2.751123957007705235e-06,2.778404750521977724e-06,2.731315481688299550e-06,2.754847799904133700e-06,2.813242284405896584e-06,2.766479255551866878e-06,2.783825340024218734e-06,2.837814359871088956e-06,2.848784451922606255e-06,2.802158616547532952e-06,2.851003847000311263e-06,2.855245159568143342e-06,2.809037038026054748e-06,2.809759941297318761e-06,2.849818308283997165e-06,2.843998870153716290e-06,2.798488768024994134e-06,2.832556759013567929e-06,2.820545804897164235e-06,2.775841719751631198e-06,2.761143881551174460e-06,2.786086336528193102e-06,2.765522629235811708e-06,2.722285146636288478e-06,2.741390754961516062e-06,2.715857743562021858e-06,2.673891178302505861e-06,2.687404221848872123e-06,2.657474275598576937e-06,2.616942479724767896e-06,2.585736742079296847e-06,2.591450210513724743e-06,2.556008974382672029e-06,2.517873978633199808e-06,2.518898211724050227e-06,2.480550995471703142e-06,2.444184694720081337e-06,2.405471771353473914e-06,2.400253087386331612e-06,2.358569947211043866e-06,2.324996709370424449e-06,2.316171737453884108e-06,2.272934967478672907e-06,2.241301177234039829e-06,2.229302105823841500e-06,2.184988373180690240e-06,2.155316966716753627e-06,2.140564461445375887e-06,2.124187230422233617e-06,2.106224723517937198e-06,2.106551738947879768e-06,2.087063861332200372e-06,2.066079945173464719e-06,2.066455614052070253e-06,2.044040868955037963e-06,2.020232725714635097e-06,1.995087172439189778e-06,1.995521036488468089e-06,1.969110210488042916e-06,1.941481258803953224e-06,1.941954456848432841e-06,1.913182942161303781e-06,1.883321306659089073e-06,1.852436397801460076e-06,1.852956623522740847e-06,1.821127518396997459e-06,1.788412508393869000e-06,1.788963940139632533e-06,1.755443050889364108e-06,1.721177367525572603e-06,1.721756456611833062e-06,1.686825938317871725e-06,1.651293501811140567e-06,1.615230845742824800e-06,1.615841195419356790e-06,1.579326550965940518e-06,1.542423634740269544e-06,1.543053189490774930e-06,1.505837804880048139e-06,1.468373229734032584e-06,1.430727605810380556e-06,1.431377164673945291e-06,1.393621323774306529e-06,1.355816165199873609e-06,1.356476625477769642e-06
1.106096330197356890e-06,1.137429490878882383e-06,1.136704986587002027e-06,1.168053460523463223e-06,1.199361464551162517e-06,1.198648004335379429e-06,1.229865735844365827e-06,1.260933487962109678e-06,1.291794556524513094e-06,1.291101915021004378e-06,1.321704970646552331e-06,1.351985720708277103e-06,1.351313393339339049e-06,1.381220493845144399e-06,1.410687283669697526e-06,1.439654098337762322e-06,1.439015205728737280e-06,1.467431839350722785e-06,1.495229720919433425e-06,1.494620648673553182e-06,1.521751449097165207e-06,1.548146188842399987e-06,1.547570941899540684e-06,1.573183964160561331e-06,1.597946731146736373e-06,1.621803618505888177e-06,1.621279586053706022e-06,1.644190261249639881e-06,1.666088662643603985e-06,1.665607606198551135e-06,1.686458152969808780e-06,1.706197306835595713e-06,1.724778502214423355e-06,1.724361139122565157e-06,1.741757382502976191e-06,1.757910464019973658e-06,1.757546358022615709e-06,1.772436478251061774e-06,1.810656203870474934e-06,1.848648226327448535e-06,1.848364803935795510e-06,1.886062450809618849e-06,1.923350243751109545e-06,1.923137721635019111e-06,1.959942931019698655e-06,1.996136806648881594e-06,1.996008671969398544e-06,2.031514659390046679e-06,2.066189615709398915e-06,2.099915861283497527e-06,2.099933116545490341e-06,2.132629002365158960e-06,2.164141220660461851e-06,2.164305840510216840e-06,2.194551670811125464e-06,2.223350231767580573e-06,2.250567509665816897e-06,2.251010070655827145e-06,2.276599481272412639e-06,2.300344201199198389e-06,2.301086271109704894e-06,2.322972577855944137e-06,2.342754715410026615e-06,2.343909307367905905e-06,2.361622956055435576e-06,2.376985997761547619e-06,2.389872275292422553e-06,2.391825722254154820e-06,2.402370726005825864e-06,2.410229420185403036e-06,2.413038047243565247e-06,2.418451185461972687e-06,2.421010748295203911e-06,2.420633268937178574e-06,2.425049447090256422e-06,2.422167793349553799e-06,2.416267149907376638e-06,2.422340639456574700e-06,2.414037256633000567e-06,2.402710724377981497e-06,2.355790788094477208e-06,2.397411367051251801e-06,2.380962387742670637e-06,2.361623198540927999e-06,2.373597691448784963e-06,2.352560614747642731e-06,2.328874825714193936e-06,2.344460196126435960e-06,2.319616382897080861e-06,2.292480512173121361e-06,2.263230237260991693e-06,2.284814019679172461e-06,2.255376275288968735e-06,2.224352512925089087e-06,2.251371155543135132e-06,2.221012040020597349e-06,2.189701657882994104e-06,2.157750627475473534e-06,2.193242085735258172e-06,2.163305779871219127e-06,2.133492244839768597e-06,2.176159048176168573e-06,2.149359579579551515e-06,2.123492356651151378e-06,2.173871541308287013e-06,2.151979694550289492e-06,2.131833858523544147e-06,2.113825498000517905e-06,2.174912576029480570e-06,2.162108432412222671e-06,2.152188172989040340e-06,2.221210183402555582e-06,2.217081406396663427e-06,2.216458338420133996e-06,2.219639061385793885e-06,2.298356361146240956e-06,2.307763952516556110e-06,2.321333486093993381e-06,2.406070293533908003e-06,2.425649811691469491e-06,2.449497643712431402e-06,2.538653643439927331e-06,2.567867417342629358e-06,2.601171606931680649e-06,2.638501051754677474e-06,2.730277879852386880e-06,2.771481678577686090e-06,2.816108028664685735e-06,2.906896774710340478e-06,2.953745056536393092e-06,3.003137490435046217e-06,3.054711837527459071e-06,3.139742315268207963e-06,3.190826648387846760e-06,3.242906730188149274e-06,3.320158429151894043e-06,3.369515436241103879e-06,3.418579383447150852e-06,3.466849770407716249e-06,3.529297500758188577e-06,3.571849350504002732e-06,3.612360861610044281e-06,3.660770073132688906e-06,3.693647266815147477e-06,3.723431739931524740e-06,3.755817564446586980e-06,3.776495898098705084e-06,3.793342088825409846e-06,3.806172746894184416e-06,3.815203812243079161e-06,3.817880093270378851e-06,3.817880093270378851e-06,3.816411823449983509e-06,3.807380758101088341e-06,3.795830288472603630e-06,3.780408215822295871e-06,3.761368808584315972e-06,3.728982984069253733e-06,3.701121756266549153e-06,3.670519712529033680e-06,3.622110501006389055e-06,3.584291076578427744e-06,3.544910026224944725e-06,3.482462295874472398e-06,3.437899172161580966e-06,3.393131859886011091e-06,3.348708080297813287e-06,3.271456381334068518e-06,3.224986815809083504e-06,3.180223662497569309e-06,3.095193184756820418e-06,3.050676014908612551e-06,3.009093441388746137e-06,2.970815275606452332e-06,2.880026529560797589e-06,2.844728711689129614e-06,2.813600492703675301e-06,2.721823664605965895e-06,2.695296020684567174e-06,2.673489827284877033e-06,2.656431454810929073e-06,2.567275455083433143e-06,2.556193471801619183e-06,2.549935859970153939e-06,2.465199052530239317e-06,2.465446512686847044e-06,2.470284392022916489e-06,2.391567092262469418e-06,2.402989068432783286e-06,2.418497215104946078e-06,2.437716049719530833e-06,2.368694039306015167e-06,2.393830419398958633e-06,2.421897320096161607e-06,2.360810242067193859e-06,2.394049013534780280e-06,2.429315266982050718e-06,2.466142041257624143e-06,2.415762856600069227e-06,2.456306904003192622e-06,2.497456007075551096e-06,2.454789203733207913e-06,2.498560172995492455e-06,2.542001236605392032e-06,2.506509778292132086e-06,2.551457312841588003e-06,2.595205543545360934e-06,2.637398816028883280e-06,2.610380172831425195e-06,2.652594841310151327e-06,2.692546197185696120e-06,2.670962412258029897e-06,2.710020444477176791e-06,2.746235058157450692e-06,2.779410695161896330e-06,2.763825312048606596e-06,2.795083165738429299e-06,2.822924563492937981e-06,2.810950035530370503e-06,2.836322392711185139e-06,2.858034311143765682e-06,2.809921222184677843e-06,2.867831197958538349e-06,2.882898670190221583e-06,2.894198335996860963e-06,2.888124620592587089e-06,2.896291914786565182e-06,2.900728455373000715e-06,2.896311853397824083e-06,2.897552614766208913e-06,2.895187171095770609e-06,2.889323173076485073e-06,2.886513677679891087e-06,2.877584709578100514e-06,2.865377125486772100e-06,2.863422301772354588e-06,2.848308903918294369e-06,2.830183122665213511e-06,2.809200381007241431e-06,2.808043452794414962e-06,2.784515164732438848e-06,2.758435645333594345e-06,2.757690287400063721e-06,2.729334611570030879e-06,2.698746324248477117e-06,2.698299318744773971e-06,2.665723954596541184e-06,2.631237180795724863e-06,2.595001108056077319e-06,2.594830196018193393e-06,2.557051750981900643e-06,2.517843407306206086e-06,2.517818268465813110e-06,2.477356012973763352e-06,2.435747860507951897e-06,2.393135509916226184e-06,2.393253417762145767e-06,2.349802443338953792e-06,2.305612056586384926e-06,2.305812473056391903e-06,2.261031815567660660e-06,2.215754257489325860e-06,2.216023633482003791e-06,2.170382970803547398e-06,2.124464468250457492e-06,2.106521411101852670e-06,2.106868853598850693e-06,2.087402334306100674e-06,2.066440664685492693e-06,2.066839427670436567e-06,2.044448585476205968e-06,2.020665116610370320e-06,1.995544972954336640e-06,1.996004946458068193e-06,1.969620894933096939e-06,1.942019348356747923e-06,1.942520548050862246e-06,1.913777597672931406e-06,1.883945055405770432e-06,1.853089735090137246e-06,1.853640011143422273e-06,1.821841384728940307e-06,1.789157248529502197e-06,1.789739916036755880e-06,1.756250591559577963e-06,1.722016769264696039e-06,1.722627983276201353e-06,1.687729821648839756e-06,1.652229941808812614e-06,1.616200011088955632e-06,1.616843223948493210e-06,1.580361550183168131e-06,1.543491682383378996e-06,1.544154334134231553e-06,1.506972066577839131e-06,1.469540600698239720e-06,1.431928051122182394e-06,1.432610623023680022e-06,1.394887708227191881e-06,1.357115363984014513e-06,1.357808502791133086e-06,1.320053045963446932e-06
1.076373535712756845e-06,1.107607788240197447e-06,1.138905292372425928e-06,1.138144933956941825e-06,1.169457381706004787e-06,1.200729213947561554e-06,1.199979463751048749e-06,1.231160815408860275e-06,1.262192127026182518e-06,1.293016724530330976e-06,1.292287612341569695e-06,1.322854229390358474e-06,1.353098605485279504e-06,1.352390001984440755e-06,1.382260958095596481e-06,1.411691769793116198e-06,1.440622807707883496e-06,1.439948375346584714e-06,1.468329742309588303e-06,1.496092666812968705e-06,1.495448983947399182e-06,1.522545557345920859e-06,1.548906491055381602e-06,1.548297896660775330e-06,1.573878067810807080e-06,1.598608517918089813e-06,1.622433660642776079e-06,1.621878493937815928e-06,1.644758683550684342e-06,1.666627286522789308e-06,1.666117157597310803e-06,1.686939397022824123e-06,1.706651048454420248e-06,1.725205586896241701e-06,1.724762454047803100e-06,1.742133857995700053e-06,1.758263075456345519e-06,1.781818934204032344e-06,1.821858467848790839e-06,1.836094306519439118e-06,1.874908345026550172e-06,1.901140975613813416e-06,1.913127347566622416e-06,1.951235064347964294e-06,1.979267267406663271e-06,1.988629277402521609e-06,2.025629555063979669e-06,2.055445138237492677e-06,2.092573802399952154e-06,2.097249562391683720e-06,2.131736233612535154e-06,2.164126866791650972e-06,2.165189415241502510e-06,2.197414116263605848e-06,2.231447198576046607e-06,2.263068331806571013e-06,2.257967105929898414e-06,2.285793684170933107e-06,2.322066205728197492e-06,2.312425601947965915e-06,2.336693248873879310e-06,2.374331202765411766e-06,2.359850411850876207e-06,2.380055664747662840e-06,2.418929923218623923e-06,2.437308090479127851e-06,2.415053954340756285e-06,2.428186479143895307e-06,2.468542070976233099e-06,2.441017821684769135e-06,2.449001389552368431e-06,2.490249982962839863e-06,2.495580238983998572e-06,2.460066415400576913e-06,2.459621025938442688e-06,2.501797397947059600e-06,2.461372104494628998e-06,2.455297625325604742e-06,2.498166985580118523e-06,2.453318403132710400e-06,2.441736342196838351e-06,2.427072679543635610e-06,2.470622533084235740e-06,2.420037043073070916e-06,2.400352825084852162e-06,2.444764624267655503e-06,2.391867734632052996e-06,2.367858307366825275e-06,2.413399683304396390e-06,2.386780719876705150e-06,2.332119307063510453e-06,2.302643368195180921e-06,2.349696824092042885e-06,2.296254625923239635e-06,2.265191243716468356e-06,2.314329121360393129e-06,2.282160005909612179e-06,2.232815329459066925e-06,2.201179775226740343e-06,2.253302571077936980e-06,2.209718534555924974e-06,2.180587080156133228e-06,2.236145081139947226e-06,2.200233900300561874e-06,2.175470929618712324e-06,2.235026344630690617e-06,2.212532245079704071e-06,2.189969508750607276e-06,2.173698801594889696e-06,2.238633334889485868e-06,2.227638824284502991e-06,2.219911212795515695e-06,2.289622394798163580e-06,2.286412938690336472e-06,2.293065616305240509e-06,2.298998944117169975e-06,2.374426684564003561e-06,2.393972722704690135e-06,2.410548978132404002e-06,2.489956985931782417e-06,2.521732047873392854e-06,2.548671029964711756e-06,2.630962035845745794e-06,2.662809474021328293e-06,2.709804527959465866e-06,2.750057949185486631e-06,2.833687867475064573e-06,2.888399821959551364e-06,2.935495943093076105e-06,3.017753877200571488e-06,3.066999202233406590e-06,3.128227629374975691e-06,3.181308427331948091e-06,3.257972326731959038e-06,3.318838038341225543e-06,3.371412063108142236e-06,3.440520501581359016e-06,3.490359062288344005e-06,3.545525797800533444e-06,3.592711386773588772e-06,3.647690205532819058e-06,3.693516079004664471e-06,3.731692234598146487e-06,3.772993693722436533e-06,3.806329825760422523e-06,3.832601821653353877e-06,3.858354199279799297e-06,3.875660617196382662e-06,3.889148517963991556e-06,3.897226672711229759e-06,3.901020916792252430e-06,3.901020916792252430e-06,3.897847480527563933e-06,3.891048662555576760e-06,3.878331012180788217e-06,3.862556157159521048e-06,3.837473931257783979e-06,3.813042337687199852e-06,3.781036818861880832e-06,3.740577334810470736e-06,3.704975002019511247e-06,3.661103235144497854e-06,3.607211269593689274e-06,3.563595749271869411e-06,3.511215466536882445e-06,3.466026544166931220e-06,3.398432622673097597e-06,3.351335698640841943e-06,3.294880471783831996e-06,3.220003682783949848e-06,3.173870426300669897e-06,3.118351864229565364e-06,3.077525410919042000e-06,2.997356660980844037e-06,2.959543560861428100e-06,2.912715164857150788e-06,2.831259380067818470e-06,2.801819866577373095e-06,2.764228793253361411e-06,2.744682232792237202e-06,2.664460770908164862e-06,2.650398519037831341e-06,2.630262747996393345e-06,2.552682180824593647e-06,2.550101245595414307e-06,2.543565644173265651e-06,2.469583784116906300e-06,2.478495040179762281e-06,2.486064546491407582e-06,2.504961735172053514e-06,2.435884525676111785e-06,2.459150128600482020e-06,2.485790650348823575e-06,2.420815901732098783e-06,2.452678078983154668e-06,2.491529395942544170e-06,2.529742309934481639e-06,2.468997773893611568e-06,2.508832665026962149e-06,2.561499385522230276e-06,2.503935159584557371e-06,2.547425019958674614e-06,2.607744547686389291e-06,2.552790109145107705e-06,2.597816362056373209e-06,2.663624669170172116e-06,2.708393910737416630e-06,2.655226883854357039e-06,2.697844581399717035e-06,2.766917107666371028e-06,2.715095480478193054e-06,2.754710976564262084e-06,2.824203674331879775e-06,2.859753890167662069e-06,2.808467625398695088e-06,2.840321915202046710e-06,2.906565076915874483e-06,2.855862338838675288e-06,2.881808374878735881e-06,2.944607142192685606e-06,2.894312698600245743e-06,2.913656772216967962e-06,2.929139514319559716e-06,2.984367412008062606e-06,2.934251630390664820e-06,2.942707009359070522e-06,2.992242375157845858e-06,2.942602501505717281e-06,2.943981737615373489e-06,2.987329856213239337e-06,2.981610374137220723e-06,2.932738418546389740e-06,2.923695002359120724e-06,2.957176355428534430e-06,2.909191794055289773e-06,2.893806989393548428e-06,2.920817706145885452e-06,2.899056107968402638e-06,2.852676297912622638e-06,2.828654019391558643e-06,2.846202363632864218e-06,2.801216189372141099e-06,2.772241516003215914e-06,2.783912609228182669e-06,2.740498949602353248e-06,2.707197204276256531e-06,2.713371022938465341e-06,2.675487952727924412e-06,2.634699011673570195e-06,2.596066951435456762e-06,2.594797821739566653e-06,2.555945735684963729e-06,2.514570520170258523e-06,2.508940011015821099e-06,2.464379583163822331e-06,2.428582534071841827e-06,2.384161621110303158e-06,2.372881673070219121e-06,2.339203644208758118e-06,2.293435750221532378e-06,2.278990453134464048e-06,2.247453678914812920e-06,2.200822356381066947e-06,2.183663526886937503e-06,2.135552550278809756e-06,2.107206343057365468e-06,2.087762625171760912e-06,2.066824695779101076e-06,2.067248093697561017e-06,2.044882739021428942e-06,2.021125569677078235e-06,1.996032498135206757e-06,1.996520277810137925e-06,1.970164728621131543e-06,1.942592343119471147e-06,1.943123325536454648e-06,1.914410742682926712e-06,1.884609116080067863e-06,1.853785223060171117e-06,1.854367401675583523e-06,1.822601116876026197e-06,1.789949725304224872e-06,1.790565504618123850e-06,1.757109623540198384e-06,1.722909540944709967e-06,1.723554756007577020e-06,1.688690822232099289e-06,1.653225362942889335e-06,1.617230011873763266e-06,1.617907930438868915e-06,1.581461055992134657e-06,1.544626049332108433e-06,1.545323592945662817e-06,1.508176217610600467e-06,1.470779614717308284e-06,1.433201870102593163e-06,1.433919160983532083e-06,1.396230852086203572e-06,1.358492974443920781e-06,1.359220415234301265e-06,1.321499071366200599e-06,1.283853052380828612e-06
1.078816761339873953e-06,1.078012918909296592e-06,1.109210030074179407e-06,1.140470134796992998e-06,1.139672144657262662e-06,1.170946755167574849e-06,1.202180572514324486e-06,1.201392658669514634e-06,1.232535727854219977e-06,1.263528669106265552e-06,1.294314840263133414e-06,1.293547278601993686e-06,1.324075456821766023e-06,1.354281439371490022e-06,1.353534523077895923e-06,1.383367283397600835e-06,1.412760053282350267e-06,1.441653241013798801e-06,1.440941188364855160e-06,1.469285203757522383e-06,1.497011084723728029e-06,1.496330706103035390e-06,1.523390971650682517e-06,1.549716025852495426e-06,1.549072020998008797e-06,1.574617291662617219e-06,1.599313392375131796e-06,1.623104778083008531e-06,1.622516488197479397e-06,1.645364230118115783e-06,1.667201102783408783e-06,1.666660003164291285e-06,1.687452074194955160e-06,1.707134402850631985e-06,1.725660508325194529e-06,1.725189877680976408e-06,1.766080308610836170e-06,1.807006003729708388e-06,1.806594654497451730e-06,1.847496533539207320e-06,1.888268361054148372e-06,1.901727478886091628e-06,1.928497606300800711e-06,1.968754497996334896e-06,1.979724528688456848e-06,2.008349726723073983e-06,2.047687451597010215e-06,2.086384356095672845e-06,2.086237969533722253e-06,2.124210974976873490e-06,2.161301808500179471e-06,2.164276142494455730e-06,2.197398911211137669e-06,2.232377589733089147e-06,2.266085174953490591e-06,2.266270578635221780e-06,2.298617882772982540e-06,2.329403073015526660e-06,2.321842972537338192e-06,2.358980158344813569e-06,2.386296010489709616e-06,2.373901198223042145e-06,2.412455287932745794e-06,2.435757084363112230e-06,2.456770241013059841e-06,2.458089221493434375e-06,2.476860584180539262e-06,2.493071610002954914e-06,2.467429398711801172e-06,2.508822054300491901e-06,2.519796425552393013e-06,2.527842229668164942e-06,2.531068150393462135e-06,2.536469940529901689e-06,2.538763165030247385e-06,2.499592703159532795e-06,2.542941093246050921e-06,2.539344466800445421e-06,2.495346446601047154e-06,2.539466057822264438e-06,2.530028603512898797e-06,2.517319975064386952e-06,2.466859767829060500e-06,2.511780387040812943e-06,2.493614555277427966e-06,2.440239511773933811e-06,2.486151433834614089e-06,2.463166559671097333e-06,2.437373281182558587e-06,2.455320659273631135e-06,2.428433593784746914e-06,2.399158214522976436e-06,2.343547380073361964e-06,2.392506624202663495e-06,2.361074594351908408e-06,2.328075862907260904e-06,2.359050448263648139e-06,2.327037800399851880e-06,2.294185447285501593e-06,2.246761108234380560e-06,2.301366436375274039e-06,2.270525758186195796e-06,2.230245127610376343e-06,2.288573776090462004e-06,2.261694588981841779e-06,2.236091813880610517e-06,2.293095489234044687e-06,2.272097496011717052e-06,2.253262716449890909e-06,2.237303475045931376e-06,2.305600742396062379e-06,2.295217244051486834e-06,2.288206153586720818e-06,2.365155399155595635e-06,2.364529985295326305e-06,2.367894585881355535e-06,2.383329409308783711e-06,2.462335801880212366e-06,2.476631701024626469e-06,2.505154928287605529e-06,2.588008438614795091e-06,2.613082410074791266e-06,2.642718916589089102e-06,2.738931071931280005e-06,2.773841264667959800e-06,2.812971840214584282e-06,2.867347947486651372e-06,2.953391394859674364e-06,2.999931276565742431e-06,3.049739742924908899e-06,3.144240366015587948e-06,3.195368238919249407e-06,3.248664685479817935e-06,3.312609361524510991e-06,3.389564222262493116e-06,3.442739710644761409e-06,3.496251566200588572e-06,3.571910683190669608e-06,3.621119564358669930e-06,3.669240316964401731e-06,3.720722913722557869e-06,3.773153174286445268e-06,3.812223210780650364e-06,3.851740628874109521e-06,3.889278916546535662e-06,3.916227775549793354e-06,3.939351479197118747e-06,3.961904271582921360e-06,3.974578523446140877e-06,3.982907397196039908e-06,3.985589965066608476e-06,3.985589965066608476e-06,3.983573450127851474e-06,3.976617862873351918e-06,3.965440157318752108e-06,3.942887364932949495e-06,3.921464687409116886e-06,3.896501080720875421e-06,3.859783754013554243e-06,3.821792454267260421e-06,3.785506036490504380e-06,3.734135943334236665e-06,3.684884342994877281e-06,3.640628710021622305e-06,3.595919777657756461e-06,3.520260660667675001e-06,3.471937948636963026e-06,3.424687691703673824e-06,3.349517506576383949e-06,3.290487976380577080e-06,3.244695221507201594e-06,3.201894267272201085e-06,3.107393644181522037e-06,3.066744220903591143e-06,3.030193603736124992e-06,2.946375244868737163e-06,2.900580704934494297e-06,2.873050515419746148e-06,2.850500264222182849e-06,2.754288108879991947e-06,2.737726938093623982e-06,2.726390265235867764e-06,2.645460690352216457e-06,2.629350968135818544e-06,2.629923454536399036e-06,2.552468368918045378e-06,2.550806111406445408e-06,2.563140335591403868e-06,2.579755132527602142e-06,2.502805886958726902e-06,2.526009892906115961e-06,2.552701386016442901e-06,2.484460790505268660e-06,2.516697714217903827e-06,2.551805316262136878e-06,2.588928552509090224e-06,2.531924877155486225e-06,2.573422031788631064e-06,2.615885032205804586e-06,2.555599431990585009e-06,2.613034848848597420e-06,2.658616858109647784e-06,2.601203084819783410e-06,2.665655546038752232e-06,2.712146523490547415e-06,2.757163369211328413e-06,2.726188783430863122e-06,2.771510111723384347e-06,2.814542246057970138e-06,2.760767662090448832e-06,2.832036836229401884e-06,2.871369713735609872e-06,2.907506438344980813e-06,2.889559048989960793e-06,2.923777675050814648e-06,2.954352743026572514e-06,2.902039936298825539e-06,2.968565349071657110e-06,2.992639538321065305e-06,2.940844303104254675e-06,3.003250398804868458e-06,3.020201899260650367e-06,3.033066190481146674e-06,2.981546652383391244e-06,3.035571133098027967e-06,3.041013718444716205e-06,2.990037235176350388e-06,3.037922453201644861e-06,3.035982079927311901e-06,3.030225521045724058e-06,3.026998670736311374e-06,3.017918728075134899e-06,3.005260875768363389e-06,2.956062002408582831e-06,2.987206922058958871e-06,2.968107477088181133e-06,2.945893826930268631e-06,2.944572274721694252e-06,2.919595539359288488e-06,2.891842239525361606e-06,2.845767780920591768e-06,2.860772484200260530e-06,2.828127634131594351e-06,2.783682855832662910e-06,2.792826313867163341e-06,2.755963869511578329e-06,2.717212501345833742e-06,2.717020039051022666e-06,2.676610451056322852e-06,2.634664717601942449e-06,2.594934125986673043e-06,2.591351757627035721e-06,2.546843109426707573e-06,2.501267946482809697e-06,2.501402805953494192e-06,2.454944074498525470e-06,2.407709775312654084e-06,2.373316761627263819e-06,2.360091921931187245e-06,2.311736289851833571e-06,2.279550065799868642e-06,2.263322690468373999e-06,2.214332886619513747e-06,2.165181977071964542e-06,2.165574543338507980e-06,2.116385306806636285e-06,2.067233706942800570e-06,2.067683392431968188e-06,2.045345223984563533e-06,2.021616095388746502e-06,1.996551876227186515e-06,1.997069277965563932e-06,1.970744079271523985e-06,1.943202731957887686e-06,1.943765399896332257e-06,1.915085109824278013e-06,1.885316343417717123e-06,1.854525838362586337e-06,1.855141893257496175e-06,1.823409933803374238e-06,1.790793277625932505e-06,1.791444163635772468e-06,1.758023722123696897e-06,1.723859373899572318e-06,1.724540580497320567e-06,1.689712858257522526e-06,1.654283793878555446e-06,1.618324985060835103e-06,1.619039557832506232e-06,1.582629414860922246e-06,1.545831183006412273e-06,1.546565511611393973e-06,1.509454899144561727e-06,1.472095005560112017e-06,1.434553886165027435e-06,1.435307688582215068e-06,1.397655748904401183e-06,1.359954070513461571e-06,1.360717513934643950e-06,1.323031950436847014e-06,1.285421464943433498e-06,1.286190507771711857e-06
1.049548047629544302e-06,1.080593148222882322e-06,1.079750704478902823e-06,1.110908890888319540e-06,1.142129773174664911e-06,1.141292289862031005e-06,1.172527164586915549e-06,1.203721032830912500e-06,1.202892987020340890e-06,1.233995772973209173e-06,1.264948312445885422e-06,1.295693997090323647e-06,1.294885899063626438e-06,1.325373526974784304e-06,1.355538982172859665e-06,1.354751599329576716e-06,1.384543992641903124e-06,1.413896534643316708e-06,1.442749673980654780e-06,1.441997793514131909e-06,1.470302243411206664e-06,1.497988863541753208e-06,1.497269571609646344e-06,1.524291314695714324e-06,1.550578281010446368e-06,1.549896666910015516e-06,1.575404851329106717e-06,1.600064433410082090e-06,1.623819912944464013e-06,1.623196374413324290e-06,1.646009570531137709e-06,1.667812645845519686e-06,1.667238543316440340e-06,1.687998452376890775e-06,1.707649507193311851e-06,1.749265112945069596e-06,1.772341225339306467e-06,1.790522437098790321e-06,1.832325208512513357e-06,1.857314895147334944e-06,1.873675985730491140e-06,1.915339869452924397e-06,1.956785392367905797e-06,1.956443443211309055e-06,1.997597293342596420e-06,2.038328237150225395e-06,2.068205877418733267e-06,2.078298472239985224e-06,2.117875954629759146e-06,2.149706279109420086e-06,2.156562032553628088e-06,2.194505424253344694e-06,2.231415732819001062e-06,2.266069063201397652e-06,2.267221570111192741e-06,2.301708115221799203e-06,2.338164682624131474e-06,2.335000881652392191e-06,2.366495471067607527e-06,2.396235409415777178e-06,2.396770982536165982e-06,2.424709966747977308e-06,2.450593615189980715e-06,2.491011735753210347e-06,2.475319409522769928e-06,2.496791590684813171e-06,2.538571853824988913e-06,2.517380093069051741e-06,2.533927723476157326e-06,2.547701885613725066e-06,2.591114108062721088e-06,2.561282460001313165e-06,2.569457085509252084e-06,2.613862469666599038e-06,2.578396740832557352e-06,2.580687962621821579e-06,2.579699821747336889e-06,2.585157407122843507e-06,2.581440669010674737e-06,2.574367785268078518e-06,2.620606810458660593e-06,2.572233411619982679e-06,2.559243755709483269e-06,2.542927214471522992e-06,2.554137680190230605e-06,2.535648710537144041e-06,2.514016928212753906e-06,2.562082703463042884e-06,2.505548616901475720e-06,2.479424958381808189e-06,2.528829334230005589e-06,2.471580269475324480e-06,2.442084539481919199e-06,2.410432663692225649e-06,2.461644708080320578e-06,2.405572203028414102e-06,2.372601728195022002e-06,2.426241823450779018e-06,2.374012535932091041e-06,2.341499572922363060e-06,2.308615576962366199e-06,2.351916148947815477e-06,2.321803661459181210e-06,2.292215035525829858e-06,2.353199812236820600e-06,2.318246739358874227e-06,2.293996342626895059e-06,2.359432591953704016e-06,2.335292767589479054e-06,2.318311923587510151e-06,2.304122284978299802e-06,2.375432978633296186e-06,2.368719245483801620e-06,2.364242839841766760e-06,2.440606664147426095e-06,2.447575527886424986e-06,2.453871410338519863e-06,2.464618076401165827e-06,2.555653993291422344e-06,2.573139161326986109e-06,2.595309104216454978e-06,2.681185818861571275e-06,2.720153541281230340e-06,2.753081256055190691e-06,2.841232263684987751e-06,2.890832583328030508e-06,2.932994991189382015e-06,2.979148849014226394e-06,3.067266582896201891e-06,3.127940117638683056e-06,3.180049822667252891e-06,3.265239660151443951e-06,3.328907843977062860e-06,3.383594830225810702e-06,3.439665265855006034e-06,3.516638027289389983e-06,3.578896966535188402e-06,3.632248564386105267e-06,3.699310376779830456e-06,3.754630166854177212e-06,3.801246711838615830e-06,3.845781111808041768e-06,3.899922600549585846e-06,3.936129955869757807e-06,3.969025842637659919e-06,4.002603849166648121e-06,4.028150033990421373e-06,4.046809712181002919e-06,4.062816097260520796e-06,4.071200546966031920e-06,4.074172006229632522e-06,4.074172006229632522e-06,4.072591432158935596e-06,4.065006237314899437e-06,4.049677491876685176e-06,4.032666103383332294e-06,4.008236795844603417e-06,3.975445710079456867e-06,3.944791272095011272e-06,3.911242424058190820e-06,3.857100935316646742e-06,3.815717935799566172e-06,3.772817034031379042e-06,3.720389880878741750e-06,3.654781208612739136e-06,3.606464942072128028e-06,3.548213789504698772e-06,3.473010058346172089e-06,3.423501382625813836e-06,3.376195174613882503e-06,3.318586068134943939e-06,3.235560856813456857e-06,3.192530894793244212e-06,3.139475205150023427e-06,3.053677302101642384e-06,3.018309518398393455e-06,2.987760646730788027e-06,2.948256374289005670e-06,2.862418243020134937e-06,2.842652115646618549e-06,2.815425506739844484e-06,2.731669255701203096e-06,2.723999135733778315e-06,2.721582254936654664e-06,2.630546338046398146e-06,2.635359754011632002e-06,2.645033422456383457e-06,2.653393102397626536e-06,2.577993051025772269e-06,2.598994752556786984e-06,2.622109900062148263e-06,2.551064476281768804e-06,2.581970029246511606e-06,2.615624465266885380e-06,2.657263439337526106e-06,2.590869453621304688e-06,2.631441917898137227e-06,2.684258386024255951e-06,2.621429343587875423e-06,2.666654914642186027e-06,2.711947915446079408e-06,2.668647343435441911e-06,2.716186707191064472e-06,2.762767131018192499e-06,2.832498182736196947e-06,2.774779374114745040e-06,2.820478447195156172e-06,2.893447461703102369e-06,2.837329570433621403e-06,2.880197268977127267e-06,2.920103580117260348e-06,2.992940537884485939e-06,2.937529563643031861e-06,2.972387376766475522e-06,3.043422321525933689e-06,2.988730704925782727e-06,3.017372071795193811e-06,3.042004107451723966e-06,3.030793560856662646e-06,3.052390483480311816e-06,3.069806264069512696e-06,3.129482737226642952e-06,3.075524840145214410e-06,3.085356738762785899e-06,3.091026823826960094e-06,3.085568786678454125e-06,3.087727188014972623e-06,3.085848507822201804e-06,3.129158471036755998e-06,3.076590226821561206e-06,3.067396944964762887e-06,3.103715454763492604e-06,3.052126249830389385e-06,3.036025521480063507e-06,3.016546619245683243e-06,3.042283214430545114e-06,2.992453163611208570e-06,2.966941505834789533e-06,2.985968564568698955e-06,2.937669768032659763e-06,2.906775173144942054e-06,2.873390777213154772e-06,2.872849964156204550e-06,2.837263180556541917e-06,2.799553790051977894e-06,2.803394974102446837e-06,2.759703068961090308e-06,2.718360256579785079e-06,2.716983699973502846e-06,2.675416983625501352e-06,2.631132874495669836e-06,2.585600023972513304e-06,2.577342655709783664e-06,2.539123955455718696e-06,2.491605904873993397e-06,2.479442692321422531e-06,2.443543524466216993e-06,2.394620914413857510e-06,2.345184724254562700e-06,2.345509837674780997e-06,2.295711887953316442e-06,2.245646422414640613e-06,2.225922076853700132e-06,2.195843903173440926e-06,2.145596120290827654e-06,2.123673605716405179e-06,2.095875695988858607e-06,2.045838084956187587e-06,2.022138863399653152e-06,1.997105403677185180e-06,1.997654371578185667e-06,1.971361500851696691e-06,1.943853198958975114e-06,1.944449585849481456e-06,1.915803644674418246e-06,1.886069813802961939e-06,1.855314787867156977e-06,1.855966822662479954e-06,1.824271301354616508e-06,1.791691499334026711e-06,1.792379613619408975e-06,1.758996733004487920e-06,1.724870237253799154e-06,1.725589547367839019e-06,1.690800139727211403e-06,1.655409561705188936e-06,1.619489372372034344e-06,1.620242659878462335e-06,1.583871289821819872e-06,1.547111852850922082e-06,1.547884963002175622e-06,1.510813084386447378e-06,1.473491843586456717e-06,1.435989263557639703e-06,1.436781460620269979e-06,1.399167740637795860e-06,1.361504077856175690e-06,1.362305304773813341e-06,1.324657265753429543e-06,1.287084019940545043e-06,1.287889993006915602e-06,1.250451919841998716e-06
1.020625343036457300e-06,1.051470994590393436e-06,1.082476070105422171e-06,1.081593207475357404e-06,1.112710606767438840e-06,1.143890360580668339e-06,1.143011435616153345e-06,1.174204584987660134e-06,1.205356474948859234e-06,1.204486229983078284e-06,1.235546629235732575e-06,1.266456629041557528e-06,1.297159656857317012e-06,1.296308821841596587e-06,1.326753670766423380e-06,1.356876344264935637e-06,1.356046217368099619e-06,1.385795945656190855e-06,1.415105944013984701e-06,1.443916704346942032e-06,1.443122653616534857e-06,1.471385186866146725e-06,1.499030189545992668e-06,1.498269625573424733e-06,1.525250488805153520e-06,1.551497014721708769e-06,1.550775447380055870e-06,1.576244213790685795e-06,1.600864961502086032e-06,1.624582239012554009e-06,1.623921179800610977e-06,1.646697585884015540e-06,1.668464651466084733e-06,1.667855369600154121e-06,1.710769881942570962e-06,1.753975177469135883e-06,1.773357989243542940e-06,1.796870775052257778e-06,1.840465589015497741e-06,1.858178419249161110e-06,1.883661592189232744e-06,1.927326073986439095e-06,1.942993600124486254e-06,1.985359923852463352e-06,2.013852565644016604e-06,2.056901460327082147e-06,2.068723809700906275e-06,2.099246007177811567e-06,2.141350240394647332e-06,2.150077533259633483e-06,2.182615351549452025e-06,2.223285992621133884e-06,2.263019320192875297e-06,2.266237229324191540e-06,2.301691037247436868e-06,2.339167313431410710e-06,2.338166531107363274e-06,2.375485506365039120e-06,2.410131066175912489e-06,2.404469542366782911e-06,2.434895402134587416e-06,2.474761056971104830e-06,2.503959497107914127e-06,2.490519637303717742e-06,2.531945568277984753e-06,2.556784090705760890e-06,2.537791449034836219e-06,2.580637611962095248e-06,2.600547191675018877e-06,2.617661923853216701e-06,2.589841585978534112e-06,2.634399268634664023e-06,2.645811036846581001e-06,2.612121523335758129e-06,2.657736237214068978e-06,2.663085745136733382e-06,2.623694056131952916e-06,2.622626679443196434e-06,2.669371909451962669e-06,2.664943634883736354e-06,2.617393937763118718e-06,2.665026131697976671e-06,2.654299554213426483e-06,2.602354793978375651e-06,2.585704229251969922e-06,2.634281776085525219e-06,2.614199634803794925e-06,2.556979480341601966e-06,2.606730812251503064e-06,2.581598616073967196e-06,2.522917199791090490e-06,2.574194132756061772e-06,2.545087995231333341e-06,2.513502940815256320e-06,2.454860287640012625e-06,2.508227007020793180e-06,2.474693573694570065e-06,2.419120644856110367e-06,2.475187203306566095e-06,2.441504189146430497e-06,2.391178638247704076e-06,2.358863124166698669e-06,2.418763652143773150e-06,2.387166340252932156e-06,2.347326940525932769e-06,2.411429028373055924e-06,2.384756087498762719e-06,2.355403857901231459e-06,2.424253513425013238e-06,2.404572716198298827e-06,2.387537755372597365e-06,2.375506710778786177e-06,2.450534293898389265e-06,2.443173427032171605e-06,2.445159880826803737e-06,2.525372827847249998e-06,2.528920208651178683e-06,2.545276707433965370e-06,2.559285693612483049e-06,2.645255549304972848e-06,2.665120249403546595e-06,2.701108360202017892e-06,2.790560199455375662e-06,2.821692363342946229e-06,2.869643363752828361e-06,2.960916063103333181e-06,3.001871105185020488e-06,3.047094485402743223e-06,3.108212742731066942e-06,3.198510507230603931e-06,3.250303755744204203e-06,3.316018644443503455e-06,3.402403740771618045e-06,3.457309261919078552e-06,3.513849214773212480e-06,3.580229757843883563e-06,3.656808598360438707e-06,3.710962174743031201e-06,3.771632173645222000e-06,3.836949724716935478e-06,3.884496454239715284e-06,3.935196751575944076e-06,3.977259309593967993e-06,4.023337750413754436e-06,4.057081393812361593e-06,4.089436283653981201e-06,4.118212927844256167e-06,4.137390951312204778e-06,4.152434932164736391e-06,4.162630761715654597e-06,4.165695563898601886e-06,4.165695563898601886e-06,4.164124647804045830e-06,4.154625072219115033e-06,4.140472751228610319e-06,4.123069946642751043e-06,4.095069230331936496e-06,4.063992686631099168e-06,4.032671768944189770e-06,3.987573112084812169e-06,3.948523544102519191e-06,3.900121668166020550e-06,3.856602032864117830e-06,3.792711677744133295e-06,3.735325146095022272e-06,3.686628676156951221e-06,3.611805520059192351e-06,3.549927132537259284e-06,3.500490395817708009e-06,3.453567499292066497e-06,3.369365052427003443e-06,3.310352156192452429e-06,3.268356132529779745e-06,3.180421364984888477e-06,3.127648050226244563e-06,3.094028884707253983e-06,3.065547448971219285e-06,2.976667474356846280e-06,2.939627809614625065e-06,2.922579807207409461e-06,2.835348048080291101e-06,2.811943214399150702e-06,2.807530665019527892e-06,2.723443922007426705e-06,2.725228055049987216e-06,2.723724289931693236e-06,2.737076864080163570e-06,2.657946319077004178e-06,2.672075329073406819e-06,2.696833951417444281e-06,2.622183632207637830e-06,2.651335753359037701e-06,2.685870394469497183e-06,2.722954284818313650e-06,2.653234705285013315e-06,2.700667911694015593e-06,2.744267924241507975e-06,2.678385514312400385e-06,2.736560810025482683e-06,2.784259885219785811e-06,2.721644972934251924e-06,2.769066300233219118e-06,2.837543025800572394e-06,2.885533425405753095e-06,2.825377003924389706e-06,2.898627107369797059e-06,2.944978592471466187e-06,2.886663040059998313e-06,2.962261330237360772e-06,3.005007110238359080e-06,3.044400075529618340e-06,2.987028395529685841e-06,3.061196465981555123e-06,3.094811203849908286e-06,3.038319072752407436e-06,3.109844903637567421e-06,3.136571940095984534e-06,3.080713327168588522e-06,3.102862965695024614e-06,3.167136706814468433e-06,3.181786365835157288e-06,3.126269643260389922e-06,3.184747546467369141e-06,3.191361300852193352e-06,3.136466274518380998e-06,3.138791762220036180e-06,3.186969016047588839e-06,3.181384720077034463e-06,3.127416468555022926e-06,3.168476827031403043e-06,3.155369774820975823e-06,3.102441123127451277e-06,3.136256199162586680e-06,3.116123308050245110e-06,3.092588278999174339e-06,3.041499439188516706e-06,3.064535502652016614e-06,3.034966791754067353e-06,2.985471410779271891e-06,3.001749054167351957e-06,2.966862530423760576e-06,2.919158549148098866e-06,2.882754517200076623e-06,2.889611927221028166e-06,2.848110000112278615e-06,2.803385772178620376e-06,2.804605260376913809e-06,2.759664550627971980e-06,2.717137284001887121e-06,2.713260480222863400e-06,2.665579067106398694e-06,2.616763882502504136e-06,2.577693713304598413e-06,2.567171955954877793e-06,2.516612126781449214e-06,2.479935571188160466e-06,2.465679317445177433e-06,2.413965187505154482e-06,2.379702430511446098e-06,2.328794271790571549e-06,2.309900979582741683e-06,2.257424192386834296e-06,2.226747357013989966e-06,2.205384412127767597e-06,2.152975087902228068e-06,2.124645834607043088e-06,2.101264937388701169e-06,2.049308161706569339e-06,1.997695559783086657e-06,1.998278175919259150e-06,1.972019749684783245e-06,1.944546640247552122e-06,1.945178919751831421e-06,1.916569523938132696e-06,1.886872844104711961e-06,1.856155528129444577e-06,1.856845785372838827e-06,1.825188952907298134e-06,1.792648260409565989e-06,1.793375859613488013e-06,1.760032794514154546e-06,1.725946400626272269e-06,1.726706055314777102e-06,1.691957192005388608e-06,1.656607315862932930e-06,1.620727944559528936e-06,1.621522125719011497e-06,1.585191685340408665e-06,1.548473175455839963e-06,1.549287172515068860e-06,1.512256104115894561e-06,1.474975561440028780e-06,1.437513533187338770e-06,1.438346102596287697e-06,1.400772543645600918e-06,1.363148799912104782e-06,1.363989674454499042e-06,1.326380983434622626e-06,1.288846759041114714e-06,1.289691401234059717e-06,1.252291620433946572e-06,1.215083083739731408e-06
9.921056099833325271e-07,1.022704894473385893e-06,1.053509145709225965e-06,1.084472351750015621e-06,1.083547175646870811e-06,1.114621844037630633e-06,1.145758477515275703e-06,1.144836072204534334e-06,1.175985412074579839e-06,1.207093195663977309e-06,1.206178581163410132e-06,1.237194382836050891e-06,1.268059593527445557e-06,1.298717678575338573e-06,1.297821786360846124e-06,1.328221504185573610e-06,1.358299014478814811e-06,1.357423735287822362e-06,1.387128366376972234e-06,1.416393367924979120e-06,1.445159278177824647e-06,1.444320571416090812e-06,1.472538690908882699e-06,1.500139571163805283e-06,1.499335225910652077e-06,1.526272699496977594e-06,1.552476278497911259e-06,1.551712258598613326e-06,1.577139118908697928e-06,1.601718559495122031e-06,1.625395181757771476e-06,1.624694172444013948e-06,1.647431387218081263e-06,1.690846830193320466e-06,1.712299034973482251e-06,1.734007678781613147e-06,1.778123771325621605e-06,1.822477495173973702e-06,1.821912691000934762e-06,1.866449577546544609e-06,1.911065018897773774e-06,1.910569884811352522e-06,1.955199531713491034e-06,1.999723447293366181e-06,2.044039142605677410e-06,2.043650933529870151e-06,2.087679150142830405e-06,2.131275521222227420e-06,2.130982280968248127e-06,2.174059696202954159e-06,2.216455676097486313e-06,2.250483566202017554e-06,2.257899006272676009e-06,2.298565923987069995e-06,2.338129325544629559e-06,2.338148423060429560e-06,2.376510698942723617e-06,2.413473066527308691e-06,2.413695288263340559e-06,2.449160869873036460e-06,2.482893834951603669e-06,2.514723894352350776e-06,2.515333423956619199e-06,2.545213017094830312e-06,2.572856093974867411e-06,2.573887213056581089e-06,2.599293870993506795e-06,2.622136411504350420e-06,2.667115965868930917e-06,2.644102974436821040e-06,2.661580491553850408e-06,2.676026633549096549e-06,2.678784646100494187e-06,2.690416119323171687e-06,2.698760743945637643e-06,2.702747151964981458e-06,2.708174178920191922e-06,2.710119504523969206e-06,2.708485613488717467e-06,2.714787097412723080e-06,2.710220203841359971e-06,2.702000860179129546e-06,2.710689005918871055e-06,2.699725538316480158e-06,2.685146216097120657e-06,2.666971994615379063e-06,2.679933740263175629e-06,2.659506541770248586e-06,2.635712387376072634e-06,2.652847371714215885e-06,2.627399165812379424e-06,2.598960093727065123e-06,2.652671211077547026e-06,2.591892903766697271e-06,2.560116418938877902e-06,2.526142317416992971e-06,2.556773318031687300e-06,2.523281880810986154e-06,2.488342263465243497e-06,2.526441487241220906e-06,2.493126993139428276e-06,2.459238311917260295e-06,2.425205019747720220e-06,2.474683848759365948e-06,2.444020314760610193e-06,2.414217759715346269e-06,2.473057026560753443e-06,2.447828032771172389e-06,2.424483471114280527e-06,2.496456260064536593e-06,2.475360036551550510e-06,2.460518388417915668e-06,2.449009202017891772e-06,2.530434221594087621e-06,2.525778469889896369e-06,2.525248499796777468e-06,2.615532216811435290e-06,2.622200861839084087e-06,2.633553735366516308e-06,2.649865432801450502e-06,2.749788760614983411e-06,2.773146278103687551e-06,2.801577622821124671e-06,2.906290738753724741e-06,2.940876390933689700e-06,2.980272824127029708e-06,3.074240364471322618e-06,3.131112291423185479e-06,3.179353998029907670e-06,3.231481038954202873e-06,3.335837991446525445e-06,3.389905501168972363e-06,3.446679169935241370e-06,3.533932115439977166e-06,3.601125160187513956e-06,3.658519476490009114e-06,3.716584319378737755e-06,3.800999687342007273e-06,3.854640494135992884e-06,3.907321899576657255e-06,3.977193114071050838e-06,4.022742466896148292e-06,4.065792764265720702e-06,4.105800021839851493e-06,4.151671466012726706e-06,4.181491816884411314e-06,4.207154822920834026e-06,4.232503538150379316e-06,4.246552885803953072e-06,4.255828873703858122e-06,4.259471596462607392e-06,4.260239738041082196e-06,4.256597015282332927e-06,4.248906536849817233e-06,4.236589968138997521e-06,4.211241252909452232e-06,4.187555096635536546e-06,4.160050354855847488e-06,4.114178910682972276e-06,4.076917667368071088e-06,4.037131391773857675e-06,3.995446553589414331e-06,3.925575339095020748e-06,3.877435173611723737e-06,3.829081136157955205e-06,3.744665768194685687e-06,3.692693419085396778e-06,3.642247765195795040e-06,3.580692712026613042e-06,3.495646246181697334e-06,3.447640780902092151e-06,3.403280689887200338e-06,3.298923737394877766e-06,3.257445879650633557e-06,3.220784503712864565e-06,3.173851656314952876e-06,3.082432776619527321e-06,3.056394960122369586e-06,3.035990068756167274e-06,2.931276952823567205e-06,2.917788424326840134e-06,2.910065391717346083e-06,2.810142063903812327e-06,2.810077070375812888e-06,2.815495977182810989e-06,2.826030814780597502e-06,2.735747097765940104e-06,2.753814157776598563e-06,2.776239311042230706e-06,2.694814291466034857e-06,2.724222188576302709e-06,2.756988583199859344e-06,2.796610205120317750e-06,2.723960607492636082e-06,2.764977736557796944e-06,2.807606861261541990e-06,2.748767594415185716e-06,2.795605872475858119e-06,2.842854044537311195e-06,2.793375215511641990e-06,2.843461387165290619e-06,2.892797086632083388e-06,2.940885635851081513e-06,2.902786411829691131e-06,2.951767318448597628e-06,2.998514951783292753e-06,2.967883949786474011e-06,3.014284363798958971e-06,3.057619986954517227e-06,3.135332139305563412e-06,3.075349209538366209e-06,3.113530459580901103e-06,3.147785103999079195e-06,3.130650090710356506e-06,3.162305605806402144e-06,3.189645945135719280e-06,3.176684121660717364e-06,3.200825851677931065e-06,3.220435013951656305e-06,3.235503473640654197e-06,3.226815093552083554e-06,3.238231754577653563e-06,3.245109534667293538e-06,3.238807581546892846e-06,3.241890507284324622e-06,3.240560193581327883e-06,3.234944507450005654e-06,3.230957073236822886e-06,3.221652474349431770e-06,3.208324234017650769e-06,3.205564533526036946e-06,3.188720336438811066e-06,3.168180581288587276e-06,3.196148611015478290e-06,3.142522238577788249e-06,3.115401986608937560e-06,3.085167329850291149e-06,3.084131944504688998e-06,3.051148266349415343e-06,3.015453827163873008e-06,3.014838442746337487e-06,2.976756105360572966e-06,2.936370736570343386e-06,2.893888555212324512e-06,2.893657927390663331e-06,2.849347996066663628e-06,2.803344930579429032e-06,2.803315228358750732e-06,2.755846679628181201e-06,2.707043609638714288e-06,2.698109989364537329e-06,2.657249558250372920e-06,2.606344038416228828e-06,2.554612840786816166e-06,2.554889682442392961e-06,2.502520605231499043e-06,2.449626426607811101e-06,2.449995606373263905e-06,2.396743222955412660e-06,2.343234803087260492e-06,2.289593499170034549e-06,2.290066100875544664e-06,2.236430308585194021e-06,2.182883252971405032e-06,2.183422972030454256e-06,2.130085158890818088e-06,2.077027378288175196e-06,2.050838846926061977e-06,2.024953221619401864e-06,1.972721802083635898e-06,1.945286182388352210e-06,1.945956678747236646e-06,1.917386175326000522e-06,1.887729012258875020e-06,1.857051786651536674e-06,1.857782657491781089e-06,1.826166911907216668e-06,1.793667730101913645e-06,1.794437214864888638e-06,1.761136361837901973e-06,1.727092458842416523e-06,1.727894836281241742e-06,1.693188881420527877e-06,1.657882054138291634e-06,1.622045827760262256e-06,1.622883206568397244e-06,1.586595974284121095e-06,1.549920641781088673e-06,1.550777745519321293e-06,1.513789674319670062e-06,1.476551981838127835e-06,1.439132620532866387e-06,1.440007638711892384e-06,1.402476276756483259e-06,1.364894445995531712e-06,1.365776918600788434e-06,1.328209481214803985e-06,1.290716137876751703e-06,1.291601261765001055e-06,1.254241537880069353e-06,1.217072609253030784e-06,1.180149779019993983e-06
9.953161132207483566e-07,9.943523072353644736e-07,1.024908878071067272e-06,1.055669866192743690e-06,1.086589284142020308e-06,1.085619820977619737e-06,1.116649730888366683e-06,1.147741163576177608e-06,1.146773145843231534e-06,1.177876493910868891e-06,1.208937940146025479e-06,1.207976678140389584e-06,1.238945559121804076e-06,1.269763614449472571e-06,1.300374349503097856e-06,1.299430954207122058e-06,1.329783058874452160e-06,1.359812890373678802e-06,1.358889912572733675e-06,1.388546872384853560e-06,1.417764278406204197e-06,1.446482718503157508e-06,1.445596717708445681e-06,1.473767771099140186e-06,1.501321865966932302e-06,1.500471069719712515e-06,1.527362481194328138e-06,1.553520442184997997e-06,1.552711304248410521e-06,1.578093602948016065e-06,1.602629095327837006e-06,1.626262440244595073e-06,1.646136183824889672e-06,1.690935326085361663e-06,1.713687860961337722e-06,1.735522401022671254e-06,1.781229345390029902e-06,1.802776681942639387e-06,1.848082442183746626e-06,1.873004347200051496e-06,1.892986889025554881e-06,1.938583235047360809e-06,1.965654854508473039e-06,2.012330883717049065e-06,2.029202761977315239e-06,2.074523505462634817e-06,2.104886292919699685e-06,2.119146145850138341e-06,2.163748775688771762e-06,2.196336212238900252e-06,2.241468274299851733e-06,2.250904412753508475e-06,2.285704667017093629e-06,2.329330857020883914e-06,2.334945780284090958e-06,2.375448008223755432e-06,2.413453859880308926e-06,2.414743516509631168e-06,2.452586085428352456e-06,2.492645603056206149e-06,2.529809541414222506e-06,2.523668418940971519e-06,2.556249264500091389e-06,2.599113980846345709e-06,2.587482725967147848e-06,2.615767428978431068e-06,2.660354040518356754e-06,2.686863298118680445e-06,2.666221702978189793e-06,2.712378521535326915e-06,2.733513750693507241e-06,2.706613006795957721e-06,2.721350076157950956e-06,2.769399612121580123e-06,2.736171080208240796e-06,2.744655766298014998e-06,2.793886398955927128e-06,2.799132470143830282e-06,2.756391796619738728e-06,2.754661663645981229e-06,2.805164185501310356e-06,2.756740181838187987e-06,2.748304694418497691e-06,2.799829250043833827e-06,2.787634741747177848e-06,2.731586876270747796e-06,2.713049566109739179e-06,2.765689190410327335e-06,2.706246587126682814e-06,2.682086103488905090e-06,2.736113714856101633e-06,2.708612962862670873e-06,2.646059782390210260e-06,2.701887293306096409e-06,2.670373235688230666e-06,2.608604642740425807e-06,2.574541960837588781e-06,2.632844177417671597e-06,2.574066712411860034e-06,2.539340262450484438e-06,2.600770201514639380e-06,2.565424551142741831e-06,2.514076474645403734e-06,2.480800255410915804e-06,2.546633640086202070e-06,2.504129539871340238e-06,2.475600892037525167e-06,2.546152517440412972e-06,2.520045967187577139e-06,2.493242504407070199e-06,2.569026609815478591e-06,2.551173814069467619e-06,2.538199252297653668e-06,2.529316123046052557e-06,2.611738289830875158e-06,2.613733664596283451e-06,2.616322344732731778e-06,2.704095382009048063e-06,2.712562625033717766e-06,2.736243316321894709e-06,2.756174159244662861e-06,2.849504895057355633e-06,2.887696081772251772e-06,2.919815178506053251e-06,3.016032810097186672e-06,3.053753869414931944e-06,3.109640008475065331e-06,3.206631604850326009e-06,3.253869283861589155e-06,3.318144623565091916e-06,3.373012675809698344e-06,3.466949528820308516e-06,3.523683833475456897e-06,3.594015677944201000e-06,3.681877439290679538e-06,3.739751902188669790e-06,3.807879069244744862e-06,3.865974476518708655e-06,3.940608932975660635e-06,4.001628272621460455e-06,4.052807676952613777e-06,4.113320370387936916e-06,4.157350984835831218e-06,4.202635511939708482e-06,4.239073395889237152e-06,4.276672153198172842e-06,4.305179531678573613e-06,4.325913136707659350e-06,4.343862230583287670e-06,4.353431700720115131e-06,4.356532304765822818e-06,4.356532304765822818e-06,4.354257431685717455e-06,4.346393327374308567e-06,4.329227195502051315e-06,4.310406965838788793e-06,4.283203474277284310e-06,4.246519272960949082e-06,4.212702266804113666e-06,4.169360366581719210e-06,4.128868802898764308e-06,4.069692621599133079e-06,4.022881516810709132e-06,3.965278870514680696e-06,3.892338021885291466e-06,3.840161362015465460e-06,3.776767932964210770e-06,3.726426224112829299e-06,3.640776274530836876e-06,3.576728973193240780e-06,3.529481213959309471e-06,3.438016089566340811e-06,3.393724561638408579e-06,3.338380969380267799e-06,3.303618856602479518e-06,3.209251300318695165e-06,3.164171117525116242e-06,3.140790070332777902e-06,3.047093726770428048e-06,3.030047490348094018e-06,3.005430151703584375e-06,2.914334811809370851e-06,2.910869587288387034e-06,2.902457006262170094e-06,2.911796320127185391e-06,2.825488048197289370e-06,2.840776902538775042e-06,2.856180467513193807e-06,2.774503903796740517e-06,2.801691810081200328e-06,2.833130143943976081e-06,2.869751554985793306e-06,2.793396449462839498e-06,2.839400908920794892e-06,2.883892843172216212e-06,2.811786549269273186e-06,2.857845366329201905e-06,2.920010069841526378e-06,2.851598965388572443e-06,2.901425658355348937e-06,2.972315544340205660e-06,3.023420707983471718e-06,2.957887050204275036e-06,3.007126063471027578e-06,3.084681396018787342e-06,3.021312875352473273e-06,3.068238334452065768e-06,3.147933672205301441e-06,3.190908703602376093e-06,3.128720703963099790e-06,3.208123347205792929e-06,3.245122033851502158e-06,3.183999280969340123e-06,3.216330959321273443e-06,3.290679921656505175e-06,3.230327605514480072e-06,3.255083271323664374e-06,3.324588743645319925e-06,3.341279591792312784e-06,3.281347469319646056e-06,3.293141537427364627e-06,3.352724660963830517e-06,3.293505544341659307e-06,3.296788379444291881e-06,3.349126737397361098e-06,3.343794748437588309e-06,3.285603277324705702e-06,3.276182731562860811e-06,3.316702467804500137e-06,3.259663139032141206e-06,3.242505071482246088e-06,3.275220258249407162e-06,3.250266175617509301e-06,3.195250660571102528e-06,3.220302034852255194e-06,3.188761635139922778e-06,3.135502645742949166e-06,3.101761198353051969e-06,3.115861909773440918e-06,3.064576234899536530e-06,3.025599687088026751e-06,3.033041512845894362e-06,2.988525892400002589e-06,2.940519251176258774e-06,2.895154886526089487e-06,2.893614607965799107e-06,2.848025425333874865e-06,2.799429512265018978e-06,2.792663435080775590e-06,2.740298176822626958e-06,2.698508019272037391e-06,2.687128446005106473e-06,2.632928531947843497e-06,2.593765396655623717e-06,2.540184007809890079e-06,2.522986185550817049e-06,2.486468267038910169e-06,2.432003773853797982e-06,2.411652340592089203e-06,2.355549288605747358e-06,2.322952308289072691e-06,2.268131974715581992e-06,2.244025412765616872e-06,2.213989305284497570e-06,2.159500703351213678e-06,2.133501203157669052e-06,2.078521165448930953e-06,2.052167275853387389e-06,2.024707689245599014e-06,1.970802271447325853e-06,1.946786401727942072e-06,1.918257299300270766e-06,1.888642179772685920e-06,1.858007585115792713e-06,1.858781619675702768e-06,1.827209516466727071e-06,1.794754402159126290e-06,1.795568326650245270e-06,1.762312233402684820e-06,1.728313358846178927e-06,1.729160982856073564e-06,1.694500443111943085e-06,1.659239150920811913e-06,1.623448532124419046e-06,1.624331544674847378e-06,1.588089927179793624e-06,1.551460146671735612e-06,1.552362697092487794e-06,1.515419926111892202e-06,1.478227347640097167e-06,1.440852875826323933e-06,1.441772522132128208e-06,1.404285491574505641e-06,1.366747661614190120e-06,1.367673772059411091e-06,1.330149578697207047e-06,1.292699056217792385e-06,1.293626549951176971e-06,1.256308718539998763e-06,1.219181180133982859e-06,1.182299214446970816e-06,1.183221296156855592e-06
9.674735062263933577e-07,9.977410021334047985e-07,9.967332454970900972e-07,1.027245231033761624e-06,1.057961022739813962e-06,1.088834658321333594e-06,1.087818853661470559e-06,1.118801891457026755e-06,1.149845951621218324e-06,1.148830092886420417e-06,1.179885165134043596e-06,1.210897936126956952e-06,1.209887636589239625e-06,1.240807156612403297e-06,1.271575568139269076e-06,1.302136418835279692e-06,1.301142942588112387e-06,1.331444815319711646e-06,1.361424311114568821e-06,1.360450942617080719e-06,1.390057507023867434e-06,1.419224564660536473e-06,1.447892756501194605e-06,1.446956661990438264e-06,1.475077831841507557e-06,1.502582310122116754e-06,1.501682222068325963e-06,1.528524725308089036e-06,1.554634221301190785e-06,1.553777122059347863e-06,1.579112024312358480e-06,1.623654173543326644e-06,1.668802552730652480e-06,1.668013666179035424e-06,1.713735576985708213e-06,1.759955388168081661e-06,1.759225896466175541e-06,1.805901617836254222e-06,1.852943025616671308e-06,1.874232595294736296e-06,1.899635153822446892e-06,1.947197622060109503e-06,1.994877796543885023e-06,1.994316595357615051e-06,2.042045431471223322e-06,2.089691698996207134e-06,2.105689888231866979e-06,2.136702163278075120e-06,2.183873740634199397e-06,2.230605978579859442e-06,2.230271560847722663e-06,2.276469766840025815e-06,2.321954121232367266e-06,2.321748543158229305e-06,2.366418864100717027e-06,2.410072612442367383e-06,2.413655505950495615e-06,2.452565706595698722e-06,2.493752642041170567e-06,2.533430468054348756e-06,2.533681705952404274e-06,2.571745730233422751e-06,2.607931304374971426e-06,2.598798413775574354e-06,2.642743808972079371e-06,2.674744704343269788e-06,2.704306479427332344e-06,2.705486549447993175e-06,2.732616074687747098e-06,2.756942457083392069e-06,2.758798104212935254e-06,2.780411803267103610e-06,2.798880534159593618e-06,2.767838138919886737e-06,2.817206067289186775e-06,2.829292387943424637e-06,2.837778018790749567e-06,2.842381143960986813e-06,2.847703346610118180e-06,2.849215843809385457e-06,2.802086497135710631e-06,2.854106056726088360e-06,2.848549560488198999e-06,2.839011587333969046e-06,2.849074755914389826e-06,2.836618372243774199e-06,2.820240717808068916e-06,2.760533396153843306e-06,2.814992541562310964e-06,2.792401642955413742e-06,2.766204345702656889e-06,2.786045027391757029e-06,2.758226384391286137e-06,2.727252055551589506e-06,2.752979358954727707e-06,2.721287352101802310e-06,2.687063332498530180e-06,2.625030292310310992e-06,2.685939251060843817e-06,2.650337665159624631e-06,2.613384614868012816e-06,2.657180151448460158e-06,2.622356338383458474e-06,2.587181103105256695e-06,2.539499520286519854e-06,2.608716033559433642e-06,2.577745606417997584e-06,2.548044896493584115e-06,2.614969979805240764e-06,2.590619685575464405e-06,2.568664613151543437e-06,2.646188821585580735e-06,2.630679968127509625e-06,2.618609203861863900e-06,2.614897445658021878e-06,2.701623753161067315e-06,2.701092056026093110e-06,2.705298549871311759e-06,2.805452825076990579e-06,2.817425086056362061e-06,2.834629197331243104e-06,2.869133551074503357e-06,2.966579932920233267e-06,2.996504879211410148e-06,3.031860381293485797e-06,3.144884624763985469e-06,3.186204332620324289e-06,3.232466539653752554e-06,3.345914968348792601e-06,3.396233176102584423e-06,3.450567553712525364e-06,3.508531456619615744e-06,3.616562324328478470e-06,3.675195565834990137e-06,3.735985464380036255e-06,3.835151636374344132e-06,3.893619775607871214e-06,3.952535705585307481e-06,4.019407918380155304e-06,4.092263719933711499e-06,4.144446848179656726e-06,4.194634303925738467e-06,4.257841433971880494e-06,4.298758446846227910e-06,4.336145508226701795e-06,4.372286792092204613e-06,4.404560510817316747e-06,4.425879888412116410e-06,4.442293169036148730e-06,4.454168702038921830e-06,4.457583667269048624e-06,4.457583667269048624e-06,4.455895507602746830e-06,4.444019974599973730e-06,4.429446224254694617e-06,4.410190748755662273e-06,4.378818113171316081e-06,4.344173486051096006e-06,4.309624135616452141e-06,4.272086390822208220e-06,4.208879260776066193e-06,4.162708387267976669e-06,4.115267742484837733e-06,4.044077855919175366e-06,3.981088152293125170e-06,3.928596700758877418e-06,3.877487951058029122e-06,3.778321779063720398e-06,3.725872553990796508e-06,3.676594095279064693e-06,3.568563227570201967e-06,3.520986652619649186e-06,3.478075623829527295e-06,3.440205039703397622e-06,3.326756611008357575e-06,3.293939403541742181e-06,3.267020423222736089e-06,3.153996179752236417e-06,3.133941461835367738e-06,3.120148681670155398e-06,3.025058807720732100e-06,3.005081091064198692e-06,3.005420454189920385e-06,3.011552738454799065e-06,2.911398463249119822e-06,2.925751456762304762e-06,2.945186373401950799e-06,2.859339623340340527e-06,2.881304275104064981e-06,2.912620679426897848e-06,2.947372447607281585e-06,2.869848239173234123e-06,2.910929274468275012e-06,2.954177466473450568e-06,2.887252383161414448e-06,2.935516198770500758e-06,2.984613707393878410e-06,2.912875950036916549e-06,2.980675034883723839e-06,3.032828103807601003e-06,3.083931520375946907e-06,3.040135983635296837e-06,3.092598829656027156e-06,3.142877334049102665e-06,3.076867510146120188e-06,3.157791030628132038e-06,3.204871593032388196e-06,3.248449843073133845e-06,3.222722532035134577e-06,3.264583910581374109e-06,3.302269563710876576e-06,3.282428855911037583e-06,3.317459937053657676e-06,3.347845473647124325e-06,3.285524062777157354e-06,3.359849889264928216e-06,3.381952672169868464e-06,3.399115862724277899e-06,3.389052458937153440e-06,3.402296917828000281e-06,3.410582361837920010e-06,3.349646496629535403e-06,3.407469805612602218e-06,3.406815185639823343e-06,3.401464118120103795e-06,3.396859899667426330e-06,3.387494557716034452e-06,3.373716096913916294e-06,3.315138977528423271e-06,3.352923766212011644e-06,3.331258685887573778e-06,3.305759314243924077e-06,3.303900395632887866e-06,3.275041155134011078e-06,3.242774800725848963e-06,3.241589990834565808e-06,3.206329571648174093e-06,3.168111127764074987e-06,3.115537824531502645e-06,3.126596759475197396e-06,3.083279786234772046e-06,3.037688374252934748e-06,3.037427676723423678e-06,2.989863528127549397e-06,2.940473287957901332e-06,2.893798828623803895e-06,2.889480088378029334e-06,2.837090398199145933e-06,2.783469876107815121e-06,2.783659809460705801e-06,2.729042048552258390e-06,2.673558631598934962e-06,2.673874486884691100e-06,2.617733114278708563e-06,2.561056742981258789e-06,2.523753089720709695e-06,2.504448986953711384e-06,2.447181127471818831e-06,2.389807431585056597e-06,2.390343150983024345e-06,2.333014934291266793e-06,2.275821782016564482e-06,2.245199907854095396e-06,2.219505192942745000e-06,2.162919873716926632e-06,2.106767823610189991e-06,2.107465420384280710e-06,2.051850094672416487e-06,1.996827162413786338e-06,1.997581724187749437e-06,1.943237686479934373e-06,1.889616516345969830e-06,1.859027264790254760e-06,1.859847183288724011e-06,1.828321446231654413e-06,1.795913122369009892e-06,1.796774204451665408e-06,1.763565579647089244e-06,1.729614429022782076e-06,1.730509978107607041e-06,1.695897511332313375e-06,1.660684387931948686e-06,1.624941982928215266e-06,1.625873204775044426e-06,1.589679743967903595e-06,1.553098020870567144e-06,1.554048484250514629e-06,1.517153438141545062e-06,1.480008354393024387e-06,1.442681106698760082e-06,1.443647667693661797e-06,1.406207205213783667e-06,1.368715561195375066e-06,1.369687441583531439e-06,1.332208569962895606e-06,1.294802890476267967e-06,1.295774719550702740e-06,1.258500688555430904e-06,1.221416389977396948e-06,1.184577079455724295e-06,1.185541209155805786e-06,1.148996613337204691e-06
9.401542903360072852e-07,9.700881431902445663e-07,1.000310543296108742e-06,9.992569662554842693e-07,1.029722429069287515e-06,1.060391019753619796e-06,1.091216801805735528e-06,1.090152518704648065e-06,1.121086482577427058e-06,1.152080904627724815e-06,1.151014876759907602e-06,1.182019283925500847e-06,1.212980930866907237e-06,1.211919087202734251e-06,1.242786683833423521e-06,1.273502835417932596e-06,1.304011134230846203e-06,1.302964860640399964e-06,1.333213738891223151e-06,1.363140093195362414e-06,1.362113488084256974e-06,1.391666774347489037e-06,1.420780567547879055e-06,1.449395565471490885e-06,1.448406405872742323e-06,1.476474699189032539e-06,1.503926550537431049e-06,1.502974147435181784e-06,1.529764710927476984e-06,1.555822706931524471e-06,1.573790870925895518e-06,1.619489948701345055e-06,1.645107985248746672e-06,1.691176847461797259e-06,1.712123756343101787e-06,1.737008180385390333e-06,1.784198823825235898e-06,1.807275791357989369e-06,1.831094242347267417e-06,1.879151742497414812e-06,1.927518281579529251e-06,1.953959446540736420e-06,1.975455357813402061e-06,2.024204925536497969e-06,2.052995456664904460e-06,2.072419364448100964e-06,2.121158482950315561e-06,2.169709316275064710e-06,2.202105730461478676e-06,2.217513571341331559e-06,2.265348016165626118e-06,2.300187719540384193e-06,2.312287943650430106e-06,2.358861215211275429e-06,2.396135204187696182e-06,2.404388249445881796e-06,2.449098838442555869e-06,2.492603382841270005e-06,2.533408837976972819e-06,2.534814023149207401e-06,2.575458687060273498e-06,2.618530311767786185e-06,2.614719445891654910e-06,2.651784791102353510e-06,2.686725718327044453e-06,2.732894122525022129e-06,2.720239925916230567e-06,2.750503608260957435e-06,2.798576562089177832e-06,2.779537930627413373e-06,2.804425436207353388e-06,2.854238436236385519e-06,2.828524940185946548e-06,2.847399687570000521e-06,2.862858305462795502e-06,2.914769174457776642e-06,2.878602609567759722e-06,2.887232032583627101e-06,2.940466015661604851e-06,2.897590735008719742e-06,2.899088364316277069e-06,2.896570375044055600e-06,2.951238793158917163e-06,2.898713852472260405e-06,2.888932160608569213e-06,2.944780427479956816e-06,2.887067545920763955e-06,2.870365463151701747e-06,2.849706142759586166e-06,2.906868898682327081e-06,2.842951946866547416e-06,2.816372891197110355e-06,2.875174863383325602e-06,2.809646025996426421e-06,2.778392274269400605e-06,2.839313591182213656e-06,2.774274109657370256e-06,2.739976045572169751e-06,2.703514498292399060e-06,2.767353954227571082e-06,2.706099292281077499e-06,2.669491208983134094e-06,2.736942574826403952e-06,2.682301421754490889e-06,2.647938638439329588e-06,2.613892130672343532e-06,2.686376024809891904e-06,2.644780956020957312e-06,2.616657511095112063e-06,2.694410371452403282e-06,2.665645816061138957e-06,2.645893886559272560e-06,2.729368367971674474e-06,2.715356472929965464e-06,2.706095367705179963e-06,2.701026752741026890e-06,2.791541516673588672e-06,2.800183621598101483e-06,2.807935146365262686e-06,2.903850649019724722e-06,2.928978864464992099e-06,2.950029098917876682e-06,2.976687388557971317e-06,3.077706542835889804e-06,3.124574938105232460e-06,3.163845106652490688e-06,3.266861555102570602e-06,3.325930680465169857e-06,3.375703704129792574e-06,3.478076311130412937e-06,3.531664983158336005e-06,3.602655095779675712e-06,3.663072210228438765e-06,3.759734310414839390e-06,3.832710688288407493e-06,3.894690674253458522e-06,3.982646781564561827e-06,4.052256354910627340e-06,4.110820189914748107e-06,4.168608687643459648e-06,4.239351183991264093e-06,4.297217824420021175e-06,4.344778684774904349e-06,4.398244000117739307e-06,4.440823175708046494e-06,4.473921547413413888e-06,4.502495841489928236e-06,4.529306990280209653e-06,4.546723670389908447e-06,4.557090119362437993e-06,4.562137015638355401e-06,4.562137015638355401e-06,4.557978368335886373e-06,4.549447506630062252e-06,4.533147599262929439e-06,4.507231945614322466e-06,4.480962416399234574e-06,4.450574123556671372e-06,4.409981709207632080e-06,4.357753563809010719e-06,4.314033403280887826e-06,4.259118639907738923e-06,4.189977625200367499e-06,4.137542561491126117e-06,4.085209719055736962e-06,4.020575735257355563e-06,3.934818713643038206e-06,3.881010514307620774e-06,3.814700438363470500e-06,3.720580482809710699e-06,3.670433172408352986e-06,3.608008378354308500e-06,3.566763660104397856e-06,3.467226109725936219e-06,3.430898054452647186e-06,3.383457107097863465e-06,3.283259969099934138e-06,3.259386385386073946e-06,3.226193504188665013e-06,3.127777084367195377e-06,3.118198538052454686e-06,3.114938145765988636e-06,3.106322453394771818e-06,3.012293436400284748e-06,3.023441433482246757e-06,3.032920069299856931e-06,2.943570108116149877e-06,2.968191856784734429e-06,2.997153179445325837e-06,3.031105049428970177e-06,2.947417102578933819e-06,2.986802436652087765e-06,3.036262599067176075e-06,2.957237970897728846e-06,3.004463548930226939e-06,3.067122257429424515e-06,2.992248539609952995e-06,3.044440494175247048e-06,3.096327707130563068e-06,3.171869728870008669e-06,3.100336327020764957e-06,3.152981623446404222e-06,3.234586255791645174e-06,3.165585279367431762e-06,3.216328420667067868e-06,3.263952206332990313e-06,3.347946872837525367e-06,3.280400178309645576e-06,3.322956573141311890e-06,3.406200577002357686e-06,3.339936101935956980e-06,3.375703188027800312e-06,3.455906442541026722e-06,3.390573651411274745e-06,3.418277709501852921e-06,3.440959691491586331e-06,3.512572344215837222e-06,3.447751946931777122e-06,3.461427739652237336e-06,3.526168737005602911e-06,3.462167397305529727e-06,3.466586022590402177e-06,3.466037542581010349e-06,3.518569748780102124e-06,3.455710034478573175e-06,3.446233274970709003e-06,3.490379873652882633e-06,3.428799904879849301e-06,3.410855377709858128e-06,3.388739010298046440e-06,3.420031714703671274e-06,3.360682419588447481e-06,3.331172984568845955e-06,3.354297136118532096e-06,3.296888361221153275e-06,3.260799775545356982e-06,3.276149040513312848e-06,3.220918720780745506e-06,3.179125557396146764e-06,3.134758952923433840e-06,3.139393585398072753e-06,3.087779484421677578e-06,3.039057166329311263e-06,3.037378891398650662e-06,2.988430667271499064e-06,2.936230828449371269e-06,2.882571165958237415e-06,2.872623957355075164e-06,2.827859365123658702e-06,2.771931036080453749e-06,2.757337352530084464e-06,2.715461856214876801e-06,2.657992267934255541e-06,2.639404484465180592e-06,2.600433510930934869e-06,2.542080135910345930e-06,2.483493439483815949e-06,2.460058316966432352e-06,2.425382529495750748e-06,2.366762469223596854e-06,2.340822250250883246e-06,2.308944792080627260e-06,2.250765445632201699e-06,2.192950951397317389e-06,2.164201635656143979e-06,2.136336229053913021e-06,2.079545249409530988e-06,2.049501942098191532e-06,2.024176261457234950e-06,1.968716344869503767e-06,1.937779460437104925e-06,1.882754487456272686e-06,1.860984219003125006e-06,1.829507751743319768e-06,1.797149118639669963e-06,1.798060250711457703e-06,1.764901974404870097e-06,1.731001411164933579e-06,1.731947728085879199e-06,1.697386152438911508e-06,1.662223987658248389e-06,1.626532554402073352e-06,1.627514708270626893e-06,1.591372088481201633e-06,1.554841065753279864e-06,1.555842040894695944e-06,1.518997271707293617e-06,1.481902185571536262e-06,1.444624613503188531e-06,1.445640487270474971e-06,1.408248935667593757e-06,1.370805763420566377e-06,1.371825641096399430e-06,1.334394258728410020e-06,1.297035528724004750e-06,1.298053737574907847e-06,1.260825488494614923e-06,1.223786347569277674e-06,1.186991545763744154e-06,1.187999512263857990e-06,1.151498060009576619e-06,1.115343778703337117e-06
9.440559636322369505e-07,9.429707466346965961e-07,9.728584669676711234e-07,1.003033915396053829e-06,1.001932588244591289e-06,1.032349525066950570e-06,1.062968838308064045e-06,1.093744617813549488e-06,1.092629635370617741e-06,1.123512233411069252e-06,1.154454655472468482e-06,1.153336027850377633e-06,1.184287271967871223e-06,1.215195231136784374e-06,1.214079215654513410e-06,1.244892199214558007e-06,1.275553341381050642e-06,1.306006281436170817e-06,1.304904348840483782e-06,1.335097318989606535e-06,1.364967569270440304e-06,1.363884719369391412e-06,1.393381677158280384e-06,1.422439117147533919e-06,1.450997797865415162e-06,1.449952419523920553e-06,1.477964656646447058e-06,1.505360679970788487e-06,1.504352744070630102e-06,1.549354734321424288e-06,1.595172325121041722e-06,1.594209999089158982e-06,1.640822715548032381e-06,1.688171565231905836e-06,1.714016456866597079e-06,1.735319295791936565e-06,1.784009391013673930e-06,1.808954579317046175e-06,1.832448734736587462e-06,1.882240662690179668e-06,1.932464272227247630e-06,1.955355257619852101e-06,1.982314185343805334e-06,2.033175494538991746e-06,2.054182458929217018e-06,2.083563833686046962e-06,2.134678978430868560e-06,2.185740191425131224e-06,2.203019780602442958e-06,2.236122617487507118e-06,2.286738310690471518e-06,2.300899903043789521e-06,2.336527114180008780e-06,2.386149869940643498e-06,2.396644716421908018e-06,2.434789030274108949e-06,2.482807539069142984e-06,2.529743690123032791e-06,2.533636882606510676e-06,2.575435720752290960e-06,2.619727837379269334e-06,2.618527043452431164e-06,2.662674681299829221e-06,2.703593893155500444e-06,2.742472247444263928e-06,2.732530541791584716e-06,2.779892013258621595e-06,2.814216029555874800e-06,2.797881653194673342e-06,2.847226998779682739e-06,2.876233693972816304e-06,2.853137658227268540e-06,2.904303507774597650e-06,2.927279497342071258e-06,2.946804105284657557e-06,2.912975379562478206e-06,2.966351336914921538e-06,2.978892663053322140e-06,2.938015379323092737e-06,2.992807783216282161e-06,2.997960155983230253e-06,2.998934940175009184e-06,2.947712787944105962e-06,3.004077851575574112e-06,2.997367981667689060e-06,2.940308574712831600e-06,2.997992694858261956e-06,2.983834268746633208e-06,2.965418630077594194e-06,2.901015865368973589e-06,2.960230754014698153e-06,2.935221523527640659e-06,2.868287381660858063e-06,2.929369442719616924e-06,2.898941211884990600e-06,2.831516669666482924e-06,2.894994753062173219e-06,2.860737167907762059e-06,2.823894325709201028e-06,2.758814498445688438e-06,2.825616968599190927e-06,2.787840638672563688e-06,2.728460730178939379e-06,2.799248690938161452e-06,2.762992164819613652e-06,2.726670457691108965e-06,2.679240844237718572e-06,2.755549606649157026e-06,2.724592278704461922e-06,2.689562638910663589e-06,2.771509611527768321e-06,2.748540512336899756e-06,2.728163963757976983e-06,2.816135397256808103e-06,2.803482197396233155e-06,2.794926748731975972e-06,2.797612720096095136e-06,2.892833915018857876e-06,2.897262542239218675e-06,2.917304942199715054e-06,3.017884207674137359e-06,3.035996400934487715e-06,3.059900712147981486e-06,3.103478809006020407e-06,3.208745625871114195e-06,3.245919957114525625e-06,3.303450345695601229e-06,3.410061450460737956e-06,3.458491159886392256e-06,3.511876926708576245e-06,3.631425150802431199e-06,3.687912619806031065e-06,3.748106635534395825e-06,3.824285253851190754e-06,3.921874192265982816e-06,3.984262486850293801e-06,4.058931369706106973e-06,4.146230729522786387e-06,4.205621189248842729e-06,4.264444511981093263e-06,4.329408520558960422e-06,4.397198890766743552e-06,4.445839265918234840e-06,4.496373930792889685e-06,4.545168613237425538e-06,4.579120846366730898e-06,4.608515384039851961e-06,4.634163875563996002e-06,4.654368654370542048e-06,4.665070627669029703e-06,4.668556560417854527e-06,4.668556560417854527e-06,4.666026805785851358e-06,4.657302034064878317e-06,4.638004484546715788e-06,4.613619800035414452e-06,4.586717006859484039e-06,4.555700535453290733e-06,4.508111639882782458e-06,4.459869213232273675e-06,4.415400755208190101e-06,4.349175976475435252e-06,4.287595592533455775e-06,4.234592337964351798e-06,4.181974874785695120e-06,4.096860323398900710e-06,4.027801594909926269e-06,3.974284791080561090e-06,3.879251381799821864e-06,3.810504093755843609e-06,3.761434441788215822e-06,3.717213608808069415e-06,3.597665384714214884e-06,3.557675630837987219e-06,3.523740851910865658e-06,3.420045897690893668e-06,3.375145683188285155e-06,3.354505368845918482e-06,3.251965770358796040e-06,3.223103521388321477e-06,3.217459281980592360e-06,3.218320505079180125e-06,3.119776746574762150e-06,3.117272285007563095e-06,3.132896237485742806e-06,3.038991272722363394e-06,3.055394435932193890e-06,3.084578345017977621e-06,3.117952123972951716e-06,3.029900645215271415e-06,3.071039617753965139e-06,3.114525036724131189e-06,3.031414866525347867e-06,3.087834198419180159e-06,3.138609962356666343e-06,3.059987076854963770e-06,3.129029728496199816e-06,3.184027167671126972e-06,3.238241202054477702e-06,3.163387884152749005e-06,3.243986633494744627e-06,3.298036288190544659e-06,3.226046799471509937e-06,3.311640586890520712e-06,3.362807759202273266e-06,3.410340758143827068e-06,3.340149946427935151e-06,3.426477129389862666e-06,3.467982630626540921e-06,3.399313076317217867e-06,3.483781160650501243e-06,3.517596470332768440e-06,3.450053349265702674e-06,3.530448329601279028e-06,3.555391818886349304e-06,3.574954492909808844e-06,3.508100275384485796e-06,3.578628880510522928e-06,3.588557509390092299e-06,3.522642247123933621e-06,3.585581316271950104e-06,3.585755730063002910e-06,3.580771598796626203e-06,3.516117904492087849e-06,3.566082490273470781e-06,3.551870107802134185e-06,3.488583913955987141e-06,3.529795881999389455e-06,3.506938715089765355e-06,3.479869775058864207e-06,3.418926717894157869e-06,3.446990284037824364e-06,3.412512885359275787e-06,3.353595736907426982e-06,3.373408606108224819e-06,3.332427350809650377e-06,3.275775965810023109e-06,3.287819916771391557e-06,3.241284831307834562e-06,3.192277360910156755e-06,3.139375570179526160e-06,3.140841498825241370e-06,3.087727685309992508e-06,3.037587277920783947e-06,3.032892989261276721e-06,2.976561470243033875e-06,2.918918633882424795e-06,2.873105991667319971e-06,2.860442873074751666e-06,2.800841482668335526e-06,2.758015303488994481e-06,2.740924009159928760e-06,2.680102886093529865e-06,2.640276871091087813e-06,2.619419941691245043e-06,2.558039545835903456e-06,2.496586832838195469e-06,2.461192868971807047e-06,2.435835569882780067e-06,2.374666077809950670e-06,2.342157009017803368e-06,2.314520447087591448e-06,2.254096797452071512e-06,2.194185013231895014e-06,2.165807447051021975e-06,2.135684181632880409e-06,2.077077593179683129e-06,2.051312536518300206e-06,2.020095264371147513e-06,1.963082973472588333e-06,1.906949221009493803e-06,1.907869808912457073e-06,1.852681670033897054e-06,1.798468033872752039e-06,1.799432294420812662e-06,1.766327429158259430e-06,1.732480495339213834e-06,1.733480597250079096e-06,1.698972900829881705e-06,1.663864649744234753e-06,1.628227106528140077e-06,1.629263070378802754e-06,1.593174125897511769e-06,1.556696591033362806e-06,1.557750815719482412e-06,1.520959008820173622e-06,1.483916550748528304e-06,1.446691227547847672e-06,1.447758928025566013e-06,1.410418740035929743e-06,1.373026429387827240e-06,1.374096629749196886e-06,1.336714996261337856e-06,1.299405408429895828e-06,1.300472121813008126e-06,1.263291710631861843e-06,1.226299713890345481e-06,1.189551337345978430e-06,1.190604986813656635e-06,1.154148453657203541e-06,1.118038307753550233e-06,1.119076544559411524e-06
9.175664093750125350e-07,9.470868279329623984e-07,9.459545677844911779e-07,9.757943268826729179e-07,1.005920914821018478e-06,1.004769848668424187e-06,1.035136190694664042e-06,1.065704078086886724e-06,1.096427627510497175e-06,1.095259639698365261e-06,1.126088488198489957e-06,1.156976449875688188e-06,1.155802686599665461e-06,1.186698157645134588e-06,1.217549746477864039e-06,1.216376805869905319e-06,1.247132354321597380e-06,1.277735598540024186e-06,1.308130227282264496e-06,1.306969621802939547e-06,1.337103611588985364e-06,1.366914630384466894e-06,1.365772356457533108e-06,1.395209758435002697e-06,1.424207573694112481e-06,1.452706625670322686e-06,1.451601681442162062e-06,1.479554484268877530e-06,1.524536603580283721e-06,1.541407864415449878e-06,1.569345052926984286e-06,1.616067302367369252e-06,1.634930118137743433e-06,1.662596180342661341e-06,1.710911675051528085e-06,1.759944458079856354e-06,1.759000878623641583e-06,1.808717016778783732e-06,1.859033766470239652e-06,1.883443062492587748e-06,1.909031127467209610e-06,1.960360424945016781e-06,2.012062103976810714e-06,2.011291812509796164e-06,2.063303234061308548e-06,2.115496426720489047e-06,2.146149577239427241e-06,2.167117120290746839e-06,2.219374445552264030e-06,2.271463452196742633e-06,2.270926872433582827e-06,2.322752752407737250e-06,2.374133249925144709e-06,2.373724750647741793e-06,2.424554764935433817e-06,2.474626968541413703e-06,2.514610935654582396e-06,2.523576779230489959e-06,2.571675798684508885e-06,2.618482707605421515e-06,2.618502649506007082e-06,2.663900002617453804e-06,2.707626619680943574e-06,2.754016062733484629e-06,2.749871915887777354e-06,2.789718104574102176e-06,2.827248821262441909e-06,2.828098020990245562e-06,2.863268424665444320e-06,2.895695363286122101e-06,2.897145769188161676e-06,2.926854584566126208e-06,2.953401354502340093e-06,3.007261736211676598e-06,2.979209193308092979e-06,2.999172675435441107e-06,3.015382242447055651e-06,3.019329118158144441e-06,3.032129491709367740e-06,3.040863770737257951e-06,3.098540911765734222e-06,3.051837482248923886e-06,3.052784933907620894e-06,3.049330465194862942e-06,3.058446969318648538e-06,3.051564015419315345e-06,3.040231843862604082e-06,3.100895050020276987e-06,3.038399851139658354e-06,3.019630875782629795e-06,2.996581312333183167e-06,3.015383275993276535e-06,2.990019650952861757e-06,2.960755257841921418e-06,2.985566848356112417e-06,2.954879999622407694e-06,2.920874865133816006e-06,2.987510904977522547e-06,2.918663644582376597e-06,2.881821544342686550e-06,2.842839183747199591e-06,2.886681530331920822e-06,2.849285905789398695e-06,2.810811253142123553e-06,2.885030917406979569e-06,2.829506103685113687e-06,2.794242709683902123e-06,2.759688123157646627e-06,2.828888994076223885e-06,2.799621770089424484e-06,2.772364516816436795e-06,2.853522302752720154e-06,2.832913724459464376e-06,2.815566877588759267e-06,2.907549589434687042e-06,2.898956120131649004e-06,2.893671376916960452e-06,2.893288493775934671e-06,3.000827179313207527e-06,3.009040149890704445e-06,3.022870615192263902e-06,3.127484012359618153e-06,3.161446079598235965e-06,3.189566591901454352e-06,3.223778178434451021e-06,3.347637834383843736e-06,3.388917610538257674e-06,3.435895653599514471e-06,3.545555583086598859e-06,3.613161359036868905e-06,3.669978535585703137e-06,3.777123524538745573e-06,3.851425504421940424e-06,3.913986403447570560e-06,3.979338847675252286e-06,4.090274759948011196e-06,4.153582254873999648e-06,4.217758234307396293e-06,4.304008159171880194e-06,4.373187376067206833e-06,4.430582806728619515e-06,4.486027039924084413e-06,4.557335677985190062e-06,4.602645444100980602e-06,4.644197222971140026e-06,4.688056300717999691e-06,4.721053146258437027e-06,4.744833386262309651e-06,4.763218037198848268e-06,4.776662928327065393e-06,4.780480351481794662e-06,4.780480351481794662e-06,4.778664604518803037e-06,4.765219713390585912e-06,4.748972465961721356e-06,4.727599549446708461e-06,4.696258229801779604e-06,4.653551970923234416e-06,4.615335971225972962e-06,4.574009496839791125e-06,4.502700858778685476e-06,4.451999477826170960e-06,4.400208750260551998e-06,4.335445952410925184e-06,4.251336967765809489e-06,4.194748644774340264e-06,4.140122010533068727e-06,4.029186098260309818e-06,3.973654502409942012e-06,3.922083962168948508e-06,3.856939354474931061e-06,3.752808307380612189e-06,3.709336325013334579e-06,3.653120683355100326e-06,3.546564068266133677e-06,3.515183947938950136e-06,3.490545446572841794e-06,3.366685790623449079e-06,3.350081568453025793e-06,3.340442648169844443e-06,3.323386318251126151e-06,3.221118362577844892e-06,3.227193274772116006e-06,3.239415916933620454e-06,3.131877231396347598e-06,3.153095666275786820e-06,3.179481519203506221e-06,3.209095667296892633e-06,3.117322673731225093e-06,3.155893137007030078e-06,3.197584633531905927e-06,3.116426847595548877e-06,3.164496325428361559e-06,3.214180578600457135e-06,3.144979707679662345e-06,3.199438477241620326e-06,3.253983543412413790e-06,3.332082273942175714e-06,3.253847087854622684e-06,3.310065685307085665e-06,3.364309711160858219e-06,3.320467363969970988e-06,3.375331860287353870e-06,3.427029594120489549e-06,3.516540991873057039e-06,3.443020140962262576e-06,3.489688750601695229e-06,3.531893604179279712e-06,3.507081992072308828e-06,3.546698815020352830e-06,3.581238230277205604e-06,3.562436199536471386e-06,3.593482272504646610e-06,3.619073724363307019e-06,3.696810979152393964e-06,3.626566349310119030e-06,3.642416649028631191e-06,3.652699843538595373e-06,3.643582833949424857e-06,3.649349486890893676e-06,3.649660741231699265e-06,3.706961357927242886e-06,3.638929392476212411e-06,3.629464852241490491e-06,3.615004841126423687e-06,3.611055908471678101e-06,3.592303290684197398e-06,3.568961577786509803e-06,3.603129147527298154e-06,3.538985559903648780e-06,3.507537354121397673e-06,3.472240502393578666e-06,3.470784539358055870e-06,3.432132118631936523e-06,3.390148851645590110e-06,3.389291891365811733e-06,3.344408826458234817e-06,3.296719359613990202e-06,3.301762595028424980e-06,3.246175143274187614e-06,3.193759607827432959e-06,3.139320551116111557e-06,3.139286217103398196e-06,3.083122059876869518e-06,3.025392999291201868e-06,3.014583671269526798e-06,2.966560102120933444e-06,2.906425124890433123e-06,2.845369814139571847e-06,2.845755893033873606e-06,2.784019361795730467e-06,2.721738978369236766e-06,2.722249545027944469e-06,2.659635549870817221e-06,2.596811252289168591e-06,2.571505825671814148e-06,2.534576334974445514e-06,2.471805629763327222e-06,2.409245741125962230e-06,2.409981934163803161e-06,2.347779951097474015e-06,2.286018169714896609e-06,2.255122608847483222e-06,2.225634867787105662e-06,2.165069708634376058e-06,2.105219443086091679e-06,2.106121989802273692e-06,2.047081126928349162e-06,1.988895804973154619e-06,1.955471596633452364e-06,1.932601183757425845e-06,1.876313937056378710e-06,1.842552508785356280e-06,1.822059302615911598e-06,1.767848430444098911e-06,1.734058357936090494e-06,1.735115447104479122e-06,1.700664798108014777e-06,1.665613590626113993e-06,1.630033025086397473e-06,1.631125840533964983e-06,1.595093563440770567e-06,1.558672455707482713e-06,1.559782813348315295e-06,1.523046793477282614e-06,1.486059726955587491e-06,1.448889352493784981e-06,1.450011513797791356e-06,1.412725255855440032e-06,1.375386303840480690e-06,1.376509253005967849e-06,1.339179722280913132e-06,1.301921557137522083e-06,1.303038981250050382e-06,1.265908539071073455e-06,1.228965741912376174e-06,1.192265769873152928e-06,1.193367005097546577e-06,1.156957217216972805e-06,1.120892956262497419e-06,1.121976199677534847e-06,1.086298360391686100e-06
8.917149729832992326e-07,9.208247881916866930e-07,9.502973977884308803e-07,9.491163075742539429e-07,9.789062320879641718e-07,1.008981999499000263e-06,1.007779147509338029e-06,1.038092761144223198e-06,1.068607002531753747e-06,1.099276015524228192e-06,1.098052630344702202e-06,1.128825252388358478e-06,1.159656192773691329e-06,1.158424650075281164e-06,1.189261622763208983e-06,1.220054036022360928e-06,1.218821286894215234e-06,1.249516440718057343e-06,1.280058753620639482e-06,1.310391966361970909e-06,1.309169514776129778e-06,1.339241285489443982e-06,1.368989771918340199e-06,1.367784714498540177e-06,1.397159146470784060e-06,1.426093872212464871e-06,1.454529784474109592e-06,1.469737056572789770e-06,1.515554966516740764e-06,1.544108922794695981e-06,1.561216218301728533e-06,1.608966880437506386e-06,1.637397548158916282e-06,1.656549076602697483e-06,1.706105125351770368e-06,1.734130940572785331e-06,1.784185811187783699e-06,1.806656562671859733e-06,1.858568171397814670e-06,1.885351634935945231e-06,1.910207400190896340e-06,1.963390360647571395e-06,1.988869970658866952e-06,2.041731932686057803e-06,2.070371306904662107e-06,2.124835614090536584e-06,2.147501518594571370e-06,2.178794628837660313e-06,2.233616621505708458e-06,2.253786504450663123e-06,2.307116349472496385e-06,2.342497362888981809e-06,2.359616813240681165e-06,2.412244951335706334e-06,2.450406144607523924e-06,2.503794610971782473e-06,2.515190975941834200e-06,2.556129266866960712e-06,2.607833954107941613e-06,2.614645153923651865e-06,2.662624105131552916e-06,2.707600699725078646e-06,2.755313869092080872e-06,2.754009607991815051e-06,2.801586318817443671e-06,2.845649621067775999e-06,2.838178967250074863e-06,2.876645081237716055e-06,2.927781344992896078e-06,2.913599745404911149e-06,2.946822393041375142e-06,3.000160746634426194e-06,3.031215816643179722e-06,3.005994319437341676e-06,3.061357859343575781e-06,3.085803421585113610e-06,3.052952856116286521e-06,3.069508684506245499e-06,3.127332242166788800e-06,3.140322121745024256e-06,3.095722413636784706e-06,3.155140786722688524e-06,3.160042381094330804e-06,3.108169205511248910e-06,3.104583585441844101e-06,3.165785450590360987e-06,3.157729341991603987e-06,3.095780859460547262e-06,3.158511091225968503e-06,3.142408484016989832e-06,3.075596604366796396e-06,3.052146616630666087e-06,3.116679843423386023e-06,3.046755839169330985e-06,3.017142752738750327e-06,3.083876311600430279e-06,3.050575281205655442e-06,2.978830058385260811e-06,3.048375293040680831e-06,3.011355264891109166e-06,2.942412346281187074e-06,2.903622741104386904e-06,2.977059511989928283e-06,2.937067067984364811e-06,2.876091862775157753e-06,2.954104256067182838e-06,2.916542775243365056e-06,2.865799151295535450e-06,2.832721498778054241e-06,2.916984678095161492e-06,2.879393656391010504e-06,2.854317280413070372e-06,2.944806938302702603e-06,2.923835306310941799e-06,2.908395611776864563e-06,3.005366221607205125e-06,2.996352628859080208e-06,2.999073508197029016e-06,3.002484894907457414e-06,3.106925305472279794e-06,3.117254403342808291e-06,3.146265774050432333e-06,3.255828443780082373e-06,3.280971151458980125e-06,3.327334749116589902e-06,3.365981101988055879e-06,3.479202188173465117e-06,3.524252027840976255e-06,3.591242434189593082e-06,3.704305793224094419e-06,3.760052883284558686e-06,3.835971946146884700e-06,3.945283409084658832e-06,4.007587036981286349e-06,4.086893562772180580e-06,4.153851822544868436e-06,4.252023948075192976e-06,4.316919635894815226e-06,4.392612440122300024e-06,4.477075430337002968e-06,4.535497955267867732e-06,4.599920254306913694e-06,4.652610842102744547e-06,4.712765086163023973e-06,4.755382514246207196e-06,4.797279072304218768e-06,4.835009751156283281e-06,4.859461886240652898e-06,4.879054748291869100e-06,4.890682664265139350e-06,4.896412345228695963e-06,4.896412345228695963e-06,4.891712719085265913e-06,4.882216156250201017e-06,4.863926088037050818e-06,4.842077198461800945e-06,4.805481001387998681e-06,4.765493444999931590e-06,4.726497874655154675e-06,4.667795016529847208e-06,4.619640450292105854e-06,4.558722842471685259e-06,4.506401691964315729e-06,4.424050233361345014e-06,4.353384024026386951e-06,4.296744638087090461e-06,4.201133745565941899e-06,4.143813736923617318e-06,4.072414847212661527e-06,4.022035095924719980e-06,3.915787776083070611e-06,3.849990809862542540e-06,3.808678299976935408e-06,3.698807534458094549e-06,3.644272993961996665e-06,3.616031212444294526e-06,3.505911658587872958e-06,3.485023657645238186e-06,3.454585791344470245e-06,3.449224781404287923e-06,3.342168079941940331e-06,3.331204338045145834e-06,3.342071062705411159e-06,3.239436752571155771e-06,3.257292767709448378e-06,3.275258713809839576e-06,3.306545731440188621e-06,3.209941689639070154e-06,3.247353224613321066e-06,3.290581481953427003e-06,3.199302137489079402e-06,3.245792376481886565e-06,3.306459131838617357e-06,3.220153801616239038e-06,3.273760573874295465e-06,3.347748665638637827e-06,3.405137123810859455e-06,3.323143219270651770e-06,3.407093654458060189e-06,3.465154512084242123e-06,3.386477613666377440e-06,3.441727507532306373e-06,3.532499931275759962e-06,3.584374448277247856e-06,3.507860141437228297e-06,3.600249918157823290e-06,3.646012267310790828e-06,3.571310130972383358e-06,3.611700687043723555e-06,3.700007826535134615e-06,3.626654658208700443e-06,3.658449933186796773e-06,3.741904667067755229e-06,3.764221833409397915e-06,3.691696577691540913e-06,3.768431148677017035e-06,3.780281143718995377e-06,3.708839092738442369e-06,3.714890295780136666e-06,3.778664304325551215e-06,3.774173362310517983e-06,3.704141591567032682e-06,3.758720372890545774e-06,3.744101519698944033e-06,3.675596229091989251e-06,3.656480525264569928e-06,3.696525914423510837e-06,3.667769800803554735e-06,3.601857117273721196e-06,3.632525264257304584e-06,3.595638271613526666e-06,3.531971842142204497e-06,3.492382278474139921e-06,3.509602770309600624e-06,3.448446153983718138e-06,3.402450246937549187e-06,3.411516432964231568e-06,3.358747697724293466e-06,3.301739551276765140e-06,3.303332863524098337e-06,3.246116682389235238e-06,3.192163289436797352e-06,3.134591391905315831e-06,3.126377191865184647e-06,3.064305587531865620e-06,3.015132544324990068e-06,3.001377163509635192e-06,2.937246939529014143e-06,2.891367838115697052e-06,2.828127151925164532e-06,2.807463009825941593e-06,2.764887322187514411e-06,2.700775608717906663e-06,2.676424886155545924e-06,2.610506078980897248e-06,2.572798083214902943e-06,2.545429107454791934e-06,2.479915576222806015e-06,2.445367514703458766e-06,2.381761418847435099e-06,2.350989217715198386e-06,2.286984921861207321e-06,2.256948238454338531e-06,2.224593650941460494e-06,2.162096291796245920e-06,2.134902981610787623e-06,2.074621880289822668e-06,2.040756105506906361e-06,1.981063698526459141e-06,1.957832129989957577e-06,1.923467621912179155e-06,1.865928074059564609e-06,1.845136593429143095e-06,1.810613356461959947e-06,1.755381729273214565e-06,1.736859678355415554e-06,1.702469435783406783e-06,1.667478586715880648e-06,1.631958265256578472e-06,1.633111146344602720e-06,1.597138694631173053e-06,1.560777112538350355e-06,1.561946638990118849e-06,1.525269376434392918e-06,1.488340603515931172e-06,1.451228009194167940e-06,1.452407389895525026e-06,1.415177745797433526e-06,1.377894759721545986e-06,1.379072987008701367e-06,1.341798009090137105e-06,1.304593636322894007e-06,1.305764059611070976e-06,1.268685792939324329e-06,1.231794319406405605e-06,1.195144793101988236e-06,1.196295572309345237e-06,1.159934404889832859e-06,1.123917821134918272e-06,1.125047780716471632e-06,1.089415680696547614e-06,1.054220835650295236e-06
8.665501999261164640e-07,8.952144889407905560e-07,9.242758939784460787e-07,9.536989655294830757e-07,9.524672233745386892e-07,9.822053980843221174e-07,1.012228335989849903e-06,1.010971595160945705e-06,1.041230283272039171e-06,1.071688587454825186e-06,1.102300678990190556e-06,1.101019418022321278e-06,1.131733242424006050e-06,1.162504498407534548e-06,1.161212422312314340e-06,1.191988053093574853e-06,1.222718359184705867e-06,1.221422783675091001e-06,1.252054440779637663e-06,1.282532638348267997e-06,1.312801171722314826e-06,1.311513534175987007e-06,1.341519672624566718e-06,1.371202143601009622e-06,1.369930753452095647e-06,1.399238604078886871e-06,1.443836839299824423e-06,1.489483195180846845e-06,1.488248243907634536e-06,1.534936318014499023e-06,1.582632486530392546e-06,1.581436502517784539e-06,1.630128167188710120e-06,1.679767986649146264e-06,1.678621284550842074e-06,1.729189055369222616e-06,1.780622104423593211e-06,1.832868814840446220e-06,1.831804214153717440e-06,1.884829530702893469e-06,1.938545267222146396e-06,1.937554791630286848e-06,1.991914477241924298e-06,2.046810426369314788e-06,2.102152336400460095e-06,2.101278225378131389e-06,2.156999316653863602e-06,2.212960084624362674e-06,2.212187781290988649e-06,2.268307272363448779e-06,2.324422179484215087e-06,2.343609808665563230e-06,2.379782056264357063e-06,2.435508753941906678e-06,2.490788154919849358e-06,2.490320379027113974e-06,2.545037775782398516e-06,2.598962594822347509e-06,2.598670890512459871e-06,2.651681335497475272e-06,2.703514939168239923e-06,2.753962308720502616e-06,2.753982056100293295e-06,2.802914755001953827e-06,2.850038642181288787e-06,2.850382643531583150e-06,2.895574724922627744e-06,2.938482844822458754e-06,2.927330058032940576e-06,2.979834330942803210e-06,3.017638830235411372e-06,3.052434595166445802e-06,3.054103371655490168e-06,3.085928437882765979e-06,3.114276920213716268e-06,3.116923057594998571e-06,3.141957090794158329e-06,3.163080047382710645e-06,3.180067241294513691e-06,3.184641476143464586e-06,3.197905861987768207e-06,3.206692078892420358e-06,3.213355675949039699e-06,3.218339738052816429e-06,3.218607401742523946e-06,3.214039432115744462e-06,3.224651691514069808e-06,3.216397098425371989e-06,3.203275779412159683e-06,3.217951913962053977e-06,3.201552851497382555e-06,3.180439523115101593e-06,3.109596699958970299e-06,3.176594848609943504e-06,3.148514038057792956e-06,3.116266423814874904e-06,3.145138234547822540e-06,3.111604142271313104e-06,3.074601197319015230e-06,3.111880447633049260e-06,3.074889192050394815e-06,3.035354745385531108e-06,2.993743165840065690e-06,3.044464024783394275e-06,3.005028903794183968e-06,2.964745792330168206e-06,3.027050924832105746e-06,2.990629001526187735e-06,2.954723699432417468e-06,2.910305863571392856e-06,2.999186158410649610e-06,2.970732333815468760e-06,2.944919345673779705e-06,3.037158675703518068e-06,3.019004795319100126e-06,3.004843236841272003e-06,3.109747737031307509e-06,3.104236030952583742e-06,3.103850436752838473e-06,3.109152562554717954e-06,3.228860822952801197e-06,3.243455832180384800e-06,3.264367986972479957e-06,3.392406525155689918e-06,3.422013970717871940e-06,3.458063233597153898e-06,3.500638110281984003e-06,3.634313022388766623e-06,3.683607408438896430e-06,3.738720102233906199e-06,3.871463588826635294e-06,3.930680071295614216e-06,3.994420292733945317e-06,4.121156452456373337e-06,4.185687905306182153e-06,4.252946516213184790e-06,4.322188474188967336e-06,4.432612310475634940e-06,4.497484116135381393e-06,4.562097841155814270e-06,4.654273251263337580e-06,4.710628601669023193e-06,4.764508118597711222e-06,4.815109876758548182e-06,4.876109967326774344e-06,4.913925457755428022e-06,4.946785244459271488e-06,4.980613177806459280e-06,4.998523921084768024e-06,5.010537090922180233e-06,5.015405175310779892e-06,5.016515651564718855e-06,5.011647567176119196e-06,5.001933715313935748e-06,4.986556390520073385e-06,4.952728457172885593e-06,4.922788928833367103e-06,4.888428258620922882e-06,4.827428168052696720e-06,4.780956445012201429e-06,4.732013683247649933e-06,4.681522075017038615e-06,4.589346664909515305e-06,4.531630629198638530e-06,4.474782116716415223e-06,4.364358280429747619e-06,4.304339715188292658e-06,4.247560291138834473e-06,4.194799373832301566e-06,4.068063214109872699e-06,4.017399333534666549e-06,3.972557845677238585e-06,3.839814359084508643e-06,3.800346536837588206e-06,3.767916992491475384e-06,3.634242080384692763e-06,3.609681976916317048e-06,3.592708712694106417e-06,3.583132989344004400e-06,3.455094451160794015e-06,3.455049647631692768e-06,3.462025381124884538e-06,3.342317120726801295e-06,3.359147355804586955e-06,3.382078298947453819e-06,3.410395525495993442e-06,3.305491025305957512e-06,3.342563863590859557e-06,3.383581226262750435e-06,3.291341896232992167e-06,3.339820130145336189e-06,3.390595679956391554e-06,3.299780317314262574e-06,3.367973082515566256e-06,3.425106499800491453e-06,3.482024616909821180e-06,3.419719484366113904e-06,3.479657377759035733e-06,3.537807778662202185e-06,3.487086919318132148e-06,3.546388055247876165e-06,3.602512223005934101e-06,3.654931394890248250e-06,3.617652140186681541e-06,3.668871216160969632e-06,3.715371359827760416e-06,3.686499530582105154e-06,3.730436047117948383e-06,3.768912236845025852e-06,3.692924630966271916e-06,3.781852333386119061e-06,3.810764244141397223e-06,3.833676525372119046e-06,3.819000161655762995e-06,3.837368571634319589e-06,3.849630466877033727e-06,3.839017691727253929e-06,3.846385480127580085e-06,3.847748088565131462e-06,3.843267179267596939e-06,3.836602315649265859e-06,3.827238151347283906e-06,3.812364410551970697e-06,3.807787954564361452e-06,3.788211546344746388e-06,3.763573716506173553e-06,3.734154303007241398e-06,3.731504003002658828e-06,3.697954957444064201e-06,3.660170966119588818e-06,3.658496006033455592e-06,3.617038316693159593e-06,3.571925281462872342e-06,3.509140292894472340e-06,3.522663833988820493e-06,3.471316349577545632e-06,3.417199157870429148e-06,3.416842371763513501e-06,3.360355888776144881e-06,3.301677409660133625e-06,3.301641356119491744e-06,3.241106755388654104e-06,3.178892219567719182e-06,3.115250203562837242e-06,3.115520467798058655e-06,3.050753020220975564e-06,2.985021995847973645e-06,2.985464291589040477e-06,2.919035445188609315e-06,2.852059190609359906e-06,2.808524879888634992e-06,2.785350907699725816e-06,2.717879245006445758e-06,2.650393007530043367e-06,2.651130437340062652e-06,2.583817510602343689e-06,2.516784019998472627e-06,2.517619486768491820e-06,2.451025673333520254e-06,2.384959625664903082e-06,2.319529940177617475e-06,2.320477178756676202e-06,2.255807072654367568e-06,2.191959073103944092e-06,2.192977394696737496e-06,2.130052175268225259e-06,2.068097716505173331e-06,2.007176205402122118e-06,2.008273184940658495e-06,1.948455816992953730e-06,1.889771632901321729e-06,1.890915800265244455e-06,1.833418437821259174e-06,1.777126975268134861e-06,1.778308443500276727e-06,1.723260876409881614e-06,1.669468021476931643e-06,1.634011399114010315e-06,1.635227741440060268e-06,1.599318447414847920e-06,1.563019656400844630e-06,1.564251546937122304e-06,1.527636163792607683e-06,1.490768730659052672e-06,1.453716884278225967e-06,1.454956371593456553e-06,1.417786146023415737e-06,1.380561846336290974e-06,1.381797986497620791e-06,1.344580109206996176e-06,1.307431988692284223e-06,1.308657782283720060e-06,1.271633972894941363e-06,1.234796014999402275e-06,1.198199036446038993e-06,1.199401371597331979e-06,1.163090746646270919e-06,1.127123672398480592e-06,1.128302091150701058e-06,1.092717384627299995e-06,1.057568854028860251e-06,1.022899133237329856e-06
8.715435519983930213e-07,8.703049876532349217e-07,8.989204506971953035e-07,9.279317917767213347e-07,9.573035723812380579e-07,9.560193253894104209e-07,9.857037966574717890e-07,1.015671850077551401e-06,1.014359063643450088e-06,1.044560567402435858e-06,1.074960573392130196e-06,1.105513280414350033e-06,1.104171578828229637e-06,1.134823939491019323e-06,1.165532744440285697e-06,1.164177268747924298e-06,1.194888593069609597e-06,1.225553730561438892e-06,1.224192172104816353e-06,1.254757082814945430e-06,1.285167824580333143e-06,1.315368249939407455e-06,1.314011912531564472e-06,1.343948822803504800e-06,1.373561603971781012e-06,1.386649131425908723e-06,1.431840557004821150e-06,1.461954426374199462e-06,1.508454454398620264e-06,1.524308496539658315e-06,1.554726665785127728e-06,1.603349413643690997e-06,1.621251568262462171e-06,1.651737988271937969e-06,1.702377971018893308e-06,1.722491069501171740e-06,1.775232523669534323e-06,1.805272695051068517e-06,1.858627681646966749e-06,1.882345221148034670e-06,1.911665241417323670e-06,1.966557600435134673e-06,1.992874793754133285e-06,2.049753749604945519e-06,2.077208148286554749e-06,2.133816983641362859e-06,2.164272890257949370e-06,2.189900165360612900e-06,2.247176860555907909e-06,2.280545251708091964e-06,2.303809116278704654e-06,2.361276088002402426e-06,2.418611349604887403e-06,2.456479234547454293e-06,2.475055314097278059e-06,2.531707815936482080e-06,2.572644224066598028e-06,2.587296406733130388e-06,2.642582861835655063e-06,2.686590145183608759e-06,2.742362261269664370e-06,2.749787975009568952e-06,2.801529165217811143e-06,2.850009344224475845e-06,2.851742326236997448e-06,2.900080461104352914e-06,2.951445949409728840e-06,2.946807114118787975e-06,2.990819203160543776e-06,3.032228592757589142e-06,3.087546175443172275e-06,3.072039878588092017e-06,3.107710176615050081e-06,3.165478170997148175e-06,3.142124981164887501e-06,3.171166601427052510e-06,3.231193240369298018e-06,3.257224652574943499e-06,3.221276103284274212e-06,3.238633664383149782e-06,3.301405307492582842e-06,3.257118006517481655e-06,3.266065499721930681e-06,3.330637711912272305e-06,3.335187802902642212e-06,3.278574159067709492e-06,3.273849103318684108e-06,3.340448819425199934e-06,3.276874114483212637e-06,3.263459845214330777e-06,3.331833504194441921e-06,3.262647483204089926e-06,3.241180227377015151e-06,3.215007231480061218e-06,3.285503501826381463e-06,3.210269451636919470e-06,3.177677275266849179e-06,3.250763714534406374e-06,3.175157945164730036e-06,3.138024743849822582e-06,3.214404396066149828e-06,3.174419005229602531e-06,3.102073427419411938e-06,3.060802603875227078e-06,3.141719444443684056e-06,3.076676762638939715e-06,3.037299330348318607e-06,3.123448457773918276e-06,3.069130173754572154e-06,3.034813512430652339e-06,3.001954443459355107e-06,3.095134996402117582e-06,3.060529594679444679e-06,3.037358649659466558e-06,3.137355630054537494e-06,3.120617238730581468e-06,3.109866322937681658e-06,3.216741123778679335e-06,3.212285984865219291e-06,3.223145254316114968e-06,3.232782767405465407e-06,3.347154820689840910e-06,3.378030277226969387e-06,3.403628538866737351e-06,3.522617798228285471e-06,3.555711600675240949e-06,3.612642538262797772e-06,3.659904589010172356e-06,3.781014223848388114e-06,3.851919850864885996e-06,3.911092877328427726e-06,4.030022636627985050e-06,4.109748768649180975e-06,4.176419871580337980e-06,4.288853518394015034e-06,4.356224426884452522e-06,4.439750227783921592e-06,4.509739406130536463e-06,4.606491152680582451e-06,4.683179115786979215e-06,4.746449951068234038e-06,4.825528008560683890e-06,4.880564766176020011e-06,4.938969489449845884e-06,4.985302299411640563e-06,5.034858680994890063e-06,5.071990152814852212e-06,5.098611963889238131e-06,5.122370285248617686e-06,5.134574797377249723e-06,5.138856811928327965e-06,5.138856811928327965e-06,5.136902063728479959e-06,5.126050914406926022e-06,5.103430678223037146e-06,5.079626503725186131e-06,5.044445403045594927e-06,4.996240120847461091e-06,4.953843691611085246e-06,4.898399278586108369e-06,4.848740864802546622e-06,4.771659726182839902e-06,4.715037318565576411e-06,4.643615729326608796e-06,4.549375044336874015e-06,4.488377456758839503e-06,4.412138660148921651e-06,4.356169993702109631e-06,4.246915512084763745e-06,4.193189479631857348e-06,4.124320981575998743e-06,4.008827457744522927e-06,3.965274767951504738e-06,3.907804163967652185e-06,3.790161492961847640e-06,3.761016670517344624e-06,3.720100936619254114e-06,3.707500862943295730e-06,3.591518150897313062e-06,3.587092224223261886e-06,3.575808631566024049e-06,3.463785233377999347e-06,3.476711058155662826e-06,3.487453143308466559e-06,3.515795660070515707e-06,3.409808703113584013e-06,3.444053496668322609e-06,3.484611871126230809e-06,3.384278303199795278e-06,3.430764303382457441e-06,3.490056940458334950e-06,3.395182957317811445e-06,3.450568576678654639e-06,3.506807107319538608e-06,3.586152519928381879e-06,3.496165987036272121e-06,3.555884584953121813e-06,3.645565108016208335e-06,3.559398487078039561e-06,3.619012127890082595e-06,3.715161701645195060e-06,3.771799444921412320e-06,3.688208370342254865e-06,3.740122995242311213e-06,3.837578871396096764e-06,3.756136677726129032e-06,3.800906355751156625e-06,3.896319119292412580e-06,3.816486218480884734e-06,3.852158103990916210e-06,3.881783033582085712e-06,3.968265408427821587e-06,3.889422728441022791e-06,3.908353716837759585e-06,3.987152288507484815e-06,3.909560873278018726e-06,3.917267734434050827e-06,3.986983976312445474e-06,3.983142079166407982e-06,3.907129994901767791e-06,3.897664519852487532e-06,3.951895386861751212e-06,3.877591332881691256e-06,3.857632254006931725e-06,3.901495694780289808e-06,3.870926173292648654e-06,3.799496974274155803e-06,3.765150442396059455e-06,3.793572398889832693e-06,3.724639765856723878e-06,3.682153305467164503e-06,3.700994320876277980e-06,3.634848547480969809e-06,3.585342877461894057e-06,3.532679341234671740e-06,3.538331893099194372e-06,3.476786946742477932e-06,3.418846120356469368e-06,3.416776292002748645e-06,3.358618791254308510e-06,3.296530036065397102e-06,3.287571849639907908e-06,3.220612943796313640e-06,3.167748121280772086e-06,3.101340966645828330e-06,3.083654084804745356e-06,3.034430555799187123e-06,2.966345854655191398e-06,2.943915927326862558e-06,2.898337584546584665e-06,2.829400782855391517e-06,2.760295958297777413e-06,2.732202527341520960e-06,2.691981163699715897e-06,2.623076884568354376e-06,2.592122423261468325e-06,2.555368691765470194e-06,2.487241031278464157e-06,2.454071874897349007e-06,2.385605655003842936e-06,2.353786431181281389e-06,2.287689477157028872e-06,2.252256146501745440e-06,2.223536180900232470e-06,2.159265378605720249e-06,2.122951592949109727e-06,2.059406373283753352e-06,2.034988843733715475e-06,1.973954964200164657e-06,1.937087914335561466e-06,1.915309865062938998e-06,1.856684045218583187e-06,1.819888463738809145e-06,1.800557289710799275e-06,1.744468703299794034e-06,1.708030327806264614e-06,1.653506883546024976e-06,1.637485057575119592e-06,1.601642436536088247e-06,1.565409876848914538e-06,1.566707493255518225e-06,1.530157269744082953e-06,1.493354372255211284e-06,1.456366382810704514e-06,1.457668996655808708e-06,1.420561118513561782e-06,1.383398341430193823e-06,1.384695136585651698e-06,1.347537006785267093e-06,1.310447689202016371e-06,1.311731306892498215e-06,1.274764311214448290e-06,1.237982127734945830e-06,1.201439857973862262e-06,1.202695812466336098e-06,1.166437696001381208e-06,1.130522000323437827e-06,1.131750650928589761e-06,1.096215014917582557e-06,1.061114380960143990e-06,1.026491372415471648e-06,1.027676318049514991e-06
8.474169447603871736e-07,8.755682514776800546e-07,8.742806525732899514e-07,9.028457300916533424e-07,9.318053423126424232e-07,9.611240604884324734e-07,9.597854294890030085e-07,9.894142094900655083e-07,1.019325281130958537e-06,1.017954241679511600e-06,1.048096243081982412e-06,1.078435521996588809e-06,1.108926304661934230e-06,1.107521511782020398e-06,1.138109647555560766e-06,1.168753130442594361e-06,1.167331275098035253e-06,1.197975204994949944e-06,1.228571979408456308e-06,1.227141138700381912e-06,1.257635900879103978e-06,1.287975684181022889e-06,1.318104400978782573e-06,1.316675668252604565e-06,1.360315872806975596e-06,1.405140325867407857e-06,1.403724813649747024e-06,1.449735918234450593e-06,1.496919841368030831e-06,1.527833287839383977e-06,1.543883070465129453e-06,1.593382180276073883e-06,1.624511638761631001e-06,1.642661841321531723e-06,1.694393405373392171e-06,1.747187273591476832e-06,1.745897041315871129e-06,1.799733213053487793e-06,1.854546563725848810e-06,1.884953369842260439e-06,1.909080787458415014e-06,1.965704602331741351e-06,2.023121748758373017e-06,2.022000030951938590e-06,2.080161860746922266e-06,2.138952435717540368e-06,2.166208341767599663e-06,2.197281230432456490e-06,2.257063635141079127e-06,2.282193929980410820e-06,2.316274348258227177e-06,2.376585874401552952e-06,2.436938946414986373e-06,2.457750220356298744e-06,2.496481954500333169e-06,2.556503116048867743e-06,2.573634289338055923e-06,2.615542059110665263e-06,2.674546528056700580e-06,2.732722942631907019e-06,2.732386353719843145e-06,2.789601129520661105e-06,2.845560343147781572e-06,2.850321851326630529e-06,2.900049294038919111e-06,2.952889004010896292e-06,2.951432957769251009e-06,3.004157746827348542e-06,3.052939393003970984e-06,3.099226489708497918e-06,3.087023613066974307e-06,3.143860306911248938e-06,3.184563125729081846e-06,3.164484695615187333e-06,3.223881957433356289e-06,3.258021655964437506e-06,3.288328473342029976e-06,3.291390905580954370e-06,3.318064694325692726e-06,3.340420693200157931e-06,3.298846266884025401e-06,3.363522677429385203e-06,3.377236171894328367e-06,3.386004891967022701e-06,3.393765437814761309e-06,3.398393960055953776e-06,3.397824833595454080e-06,3.335462639108322995e-06,3.404317051247650705e-06,3.394459417974363518e-06,3.325566389817629810e-06,3.396409334731743270e-06,3.377758299610134464e-06,3.353981111152692274e-06,3.277459314374073010e-06,3.350758218498331522e-06,3.319639479570619529e-06,3.241508536476482982e-06,3.317741748664578500e-06,3.281085558041720755e-06,3.240821952292646461e-06,3.284195791426498789e-06,3.244344765410517138e-06,3.201979241582671406e-06,3.131358942889808670e-06,3.216403837949939481e-06,3.174965854660806933e-06,3.114059313556623965e-06,3.204832462463847546e-06,3.167620488072893705e-06,3.131425784323390121e-06,3.089209805092379842e-06,3.187603078901125455e-06,3.160561163520921143e-06,3.136078368939216195e-06,3.241663528434104456e-06,3.226783716541136712e-06,3.216739451995598831e-06,3.334829573359159596e-06,3.334425478012002975e-06,3.339998660561424032e-06,3.364864331299318637e-06,3.484948341548227462e-06,3.506982347110249456e-06,3.536049819866308546e-06,3.676258976604475861e-06,3.714163793780158216e-06,3.758971335969373960e-06,3.828628108076356597e-06,3.953861033999650448e-06,4.011555385285596744e-06,4.092604319330454337e-06,4.214293748763599583e-06,4.280444239192678599e-06,4.350616809117482406e-06,4.480109828059043455e-06,4.548980240096837344e-06,4.619642698115706692e-06,4.703455826788409378e-06,4.798453967803923498e-06,4.862809811002895544e-06,4.925527738576308652e-06,5.009818007679125262e-06,5.061263391730898813e-06,5.108791652602821390e-06,5.155989271187229007e-06,5.198700994724633183e-06,5.226086519023375296e-06,5.248221540693514785e-06,5.263425572319455393e-06,5.267847740149750924e-06,5.267847740149750924e-06,5.265937959903958648e-06,5.251902169851823121e-06,5.231292198451820999e-06,5.206959188508590821e-06,5.165575993237933871e-06,5.120634725620510306e-06,5.077389081363372443e-06,5.031079063216341491e-06,4.946788794113524881e-06,4.890201064693439447e-06,4.833096894744488070e-06,4.740580403434435723e-06,4.662767575325065272e-06,4.601906086737641384e-06,4.544222395574247332e-06,4.414729376632686283e-06,4.357172415141167323e-06,4.305084831404777784e-06,4.186902664278468030e-06,4.117849766103394019e-06,4.077066881722641005e-06,3.955418048195621092e-06,3.900439900391092330e-06,3.875165937221263822e-06,3.857963496279929024e-06,3.717754339541762132e-06,3.710436578123005700e-06,3.711061435557184099e-06,3.593518142175501352e-06,3.589527828226864055e-06,3.607965372556677015e-06,3.632804885089086701e-06,3.514714763725526360e-06,3.549444949276273512e-06,3.589085842084264708e-06,3.483334610010906970e-06,3.532646094573202003e-06,3.584082893220442662e-06,3.484131749148397733e-06,3.551870174343292974e-06,3.611445298431660324e-06,3.671310113176402291e-06,3.576763375696463545e-06,3.663237127444181569e-06,3.725490697930077093e-06,3.635204606284086300e-06,3.730798379986333523e-06,3.791721572664069125e-06,3.848878489353729333e-06,3.805504646907995121e-06,3.861759249254461304e-06,3.913042197347205714e-06,3.828323681065380862e-06,3.928166377143842542e-06,3.971087934400768175e-06,3.888274885414147397e-06,3.984678513599680297e-06,4.017388110154445582e-06,4.043546183111033994e-06,3.961998094514799099e-06,4.047696904594604430e-06,4.062276905065943659e-06,3.982165614660898894e-06,4.059162903507951929e-06,4.061808724549711363e-06,4.058001838971170752e-06,4.050239957058845694e-06,4.041089136115131815e-06,4.025845476146384090e-06,3.949333782164807593e-06,4.000120820953962987e-06,3.974115504326178104e-06,3.942825597177711925e-06,3.939758581974263599e-06,3.903931333258225680e-06,3.863431101465513416e-06,3.792570568410584267e-06,3.816967301622717357e-06,3.768412558987038832e-06,3.700459257017984086e-06,3.715264031161688314e-06,3.659880604282291353e-06,3.601470240782593002e-06,3.538299057020176258e-06,3.540080262973582181e-06,3.476716651320830293e-06,3.417062044747311153e-06,3.411315072042293937e-06,3.344144996335331077e-06,3.275450758378441312e-06,3.275762954669275163e-06,3.205882597079631640e-06,3.134994337704934011e-06,3.084596875776703239e-06,3.063901781391969163e-06,2.991754798017831764e-06,2.945129230471077289e-06,2.919985124147018904e-06,2.847406450000656389e-06,2.774867407965561162e-06,2.733778521552970101e-06,2.703414502522645280e-06,2.631482023991861429e-06,2.593973334401505585e-06,2.561034291859214663e-06,2.490266749647396265e-06,2.420245793118533495e-06,2.421318574451661096e-06,2.352176791267474254e-06,2.283980011646830445e-06,2.254751195390473385e-06,2.217985487164189884e-06,2.151942672376346787e-06,2.087066693200611794e-06,2.088300987950796878e-06,2.024665812164321784e-06,1.962300553900528620e-06,1.940206809936721560e-06,1.902543084896740022e-06,1.842844803720730338e-06,1.823260641170958385e-06,1.785847406456193662e-06,1.728918165646373608e-06,1.673393590262641389e-06,1.674747815741029685e-06,1.620643442507262228e-06,1.567958315295747637e-06,1.569325193054377785e-06,1.532843573854702140e-06,1.496108563039645374e-06,1.459187685388322095e-06,1.460556582238751575e-06,1.423514107711885282e-06,1.386415807516804692e-06,1.387776108712092148e-06,1.350680473140296228e-06,1.313652600105846953e-06,1.314996577820401259e-06,1.278088825744275467e-06,1.241364740413899350e-06,1.204879397100593642e-06,1.206191082785142828e-06,1.169987481305925673e-06,1.134125065968012807e-06,1.135405746245500484e-06,1.099920875539739839e-06,1.064869731048402595e-06,1.030294926790692681e-06,1.031526784229685008e-06,9.974548918030623375e-07
8.240811539498775751e-07,8.517266919644242806e-07,8.798289854962713446e-07,8.784909071401893343e-07,9.070040428169173329e-07,9.359102568236860158e-07,9.651741286808660986e-07,9.637792138884351457e-07,9.933502857256949077e-07,1.023202240521357120e-06,1.021770693930558227e-06,1.051850819096376512e-06,1.082126876793825791e-06,1.112553120407000107e-06,1.111082500920389266e-06,1.141603556051348607e-06,1.172178741115928784e-06,1.170687411056855010e-06,1.201260733155539188e-06,1.231785814098064396e-06,1.230282245334265426e-06,1.260703299703285165e-06,1.290968454070961802e-06,1.334146208501325742e-06,1.345934769217109921e-06,1.377042334919243721e-06,1.422665614506400704e-06,1.436220058667302116e-06,1.468020028672796134e-06,1.516080498673253511e-06,1.565341368275217733e-06,1.563880748531776190e-06,1.614336998521221623e-06,1.665956462412643165e-06,1.684692439911699399e-06,1.717306282421129299e-06,1.771181056549183103e-06,1.792310801487308729e-06,1.824770727834823276e-06,1.880747404421501868e-06,1.937687468512553992e-06,1.962736484406580118e-06,1.994276411387325501e-06,2.052975048759092915e-06,2.080861945890038267e-06,2.111261824326346991e-06,2.171406102972621657e-06,2.232114010865209409e-06,2.231054571513933185e-06,2.292254042807995316e-06,2.353787828725275473e-06,2.389412284951506871e-06,2.414627921154059721e-06,2.476467569797881653e-06,2.538210965210189924e-06,2.537461853782642201e-06,2.598994814722847806e-06,2.660084866587768130e-06,2.704066651243386785e-06,2.720029052132206743e-06,2.779709876188232400e-06,2.827095408861982518e-06,2.838054509051540291e-06,2.895479732329744651e-06,2.951381260797979595e-06,2.951399788859212748e-06,3.005635307906444191e-06,3.057856632197182280e-06,3.113418531241708164e-06,3.108348448892413524e-06,3.155856546534058358e-06,3.200511808215058863e-06,3.201710338622034106e-06,3.243477633143635632e-06,3.281835102186187296e-06,3.344529935292066040e-06,3.318921290674124767e-06,3.349987215438022765e-06,3.415207739151564420e-06,3.380627789810204998e-06,3.403520163443519244e-06,3.421703141483771068e-06,3.489994474234840423e-06,3.441460470798441173e-06,3.450392364202849853e-06,3.520722201121268840e-06,3.463500959903772874e-06,3.462885868886182705e-06,3.456805317142534683e-06,3.470198350082899096e-06,3.460134831504292026e-06,3.444616696665819164e-06,3.519319181962566055e-06,3.444218292704633856e-06,3.420063298281183320e-06,3.390818294723774702e-06,3.418471087780284008e-06,3.387044145182976350e-06,3.351150407093509031e-06,3.431395860673664042e-06,3.350780141485632815e-06,3.310461801238016397e-06,3.394556598546520029e-06,3.317701862775892550e-06,3.275722089903323171e-06,3.231925544032560203e-06,3.295185554699758614e-06,3.254732119312169426e-06,3.213957424575499795e-06,3.309275594408472324e-06,3.255623620721490311e-06,3.221420707894079725e-06,3.189320428573414721e-06,3.286194298140134660e-06,3.261993592419463324e-06,3.241525174572137569e-06,3.352075515258215737e-06,3.341894877531615327e-06,3.335850107982220750e-06,3.453571915500375118e-06,3.464991882378754863e-06,3.475206042122239444e-06,3.492238642779799693e-06,3.617208370439992898e-06,3.658977233530065946e-06,3.693185108114118460e-06,3.821907037018808156e-06,3.882421509904528142e-06,3.932138583111641377e-06,3.988654658010366923e-06,4.136405260901607205e-06,4.198241410339002879e-06,4.265564762588609280e-06,4.389378677928575439e-06,4.476540725685733805e-06,4.549038382741711689e-06,4.662912157253563355e-06,4.748900476898367379e-06,4.819858511120527878e-06,4.890972662576050580e-06,4.983725887472015696e-06,5.057754917767736190e-06,5.117610755936878662e-06,5.188216815140761894e-06,5.243505302188617963e-06,5.285770228262155284e-06,5.322642578389704350e-06,5.361210803986506163e-06,5.381277215395636045e-06,5.394816313492790841e-06,5.401675114350387491e-06,5.401675114350387491e-06,5.396110007235484770e-06,5.385253464998939508e-06,5.368153704720151117e-06,5.329585479123349304e-06,5.296148573275089949e-06,5.257965537639917426e-06,5.205716372913024092e-06,5.136967131515082848e-06,5.082976861012603109e-06,5.013517701525823748e-06,4.923169436136696107e-06,4.860261260049329873e-06,4.798841840063096179e-06,4.720573635495893250e-06,4.609929926983521332e-06,4.549848558010287432e-06,4.472967734672050601e-06,4.352783775212532610e-06,4.300868704090456086e-06,4.255913362211736390e-06,4.108162759320496109e-06,4.069949108630216692e-06,4.039879934702584515e-06,3.996731705090319460e-06,3.871537257655309640e-06,3.859348050122902012e-06,3.837643019382195445e-06,3.715613681705967679e-06,3.722416040546565252e-06,3.736700625044767584e-06,3.748778016289553433e-06,3.632545695944565622e-06,3.663884396269544434e-06,3.699276505838096428e-06,3.588932660274098542e-06,3.634761112750600663e-06,3.684085897676855977e-06,3.587212028109972984e-06,3.644028918794907221e-06,3.702378205443747793e-06,3.783072951849761311e-06,3.684135998271231327e-06,3.747472293415127339e-06,3.809498247983196676e-06,3.746238237124116503e-06,3.810505667081813322e-06,3.871756783873880893e-06,3.974031301357261052e-06,3.882505484355304572e-06,3.939461791770655276e-06,4.044054721351137010e-06,3.955065546612871326e-06,4.004748728172130338e-06,4.048494919198292279e-06,4.020842073653114230e-06,4.060922648843479161e-06,4.094427916327056541e-06,4.188598063928948101e-06,4.102700317146545067e-06,4.124635668029821141e-06,4.139687479913621112e-06,4.126293922084170900e-06,4.135969570323039968e-06,4.138829424069698198e-06,4.209341846464389252e-06,4.126662501888444436e-06,4.117425163428783822e-06,4.176932867765606491e-06,4.096169266146278311e-06,4.075359850285078068e-06,4.048774276857940571e-06,4.091002551005315900e-06,4.013433774148700331e-06,3.976735913270612327e-06,4.007927740982794995e-06,3.933140647809518114e-06,3.887476668000798868e-06,3.837664584058883163e-06,3.836455698056508581e-06,3.783080713934247758e-06,3.726242190140635789e-06,3.732424803177715896e-06,3.665855298703575392e-06,3.603261544167459396e-06,3.538224246559702356e-06,3.538185991867382453e-06,3.471102099558263524e-06,3.402169539035737113e-06,3.388945879021491292e-06,3.332016551718285246e-06,3.260324162543102409e-06,3.241049072943231852e-06,3.188154529700767657e-06,3.114727483368102169e-06,3.040756057131090117e-06,3.041469252095877218e-06,2.967221057036819450e-06,2.892846097436669939e-06,2.862384821518162033e-06,2.819429548115737831e-06,2.745390412959628991e-06,2.671742790007349046e-06,2.672755480533122459e-06,2.599679745775584419e-06,2.527271750147876858e-06,2.490529420371615074e-06,2.456793515550434418e-06,2.386096874364997298e-06,2.347965905994940671e-06,2.317613344472437463e-06,2.249006694707951320e-06,2.181549822691784394e-06,2.142292146519793524e-06,2.116618236820776902e-06,2.051667470563453234e-06,2.012211487891587553e-06,1.989395864203015366e-06,1.927138382532898752e-06,1.866272815872314541e-06,1.867670183599806341e-06,1.808232956575042425e-06,1.750233247672388937e-06,1.711733499123965948e-06,1.695114741097359961e-06,1.640033466764990847e-06,1.602360500086206749e-06,1.587856896449141969e-06,1.535706783297676291e-06,1.499043170731234510e-06,1.462192810068286018e-06,1.463631286557041309e-06,1.426657401862807229e-06,1.389626652819645316e-06,1.391053421128848350e-06,1.354023126722197133e-06,1.317059430361343262e-06,1.318466384998270242e-06,1.281620378026391170e-06,1.244956777013098048e-06,1.208530631259857845e-06,1.209900204675099606e-06,1.173753160818342472e-06,1.137945955403624844e-06,1.139280482895097166e-06,1.103848084157965781e-06,1.068848026220230662e-06,1.034322915190952354e-06,1.035603066776436761e-06,1.001578065705945867e-06,9.681047112024408045e-07
8.300293127771130451e-07,8.286915685968059824e-07,8.562883684071778525e-07,8.843403404656332337e-07,8.829503570909545830e-07,9.114100060602285442e-07,9.402611557793348293e-07,9.694683922516288207e-07,9.680152799581807520e-07,9.975266037826245870e-07,1.027317274407321285e-06,1.025822924716900446e-06,1.055838748086232052e-06,1.086049028650208783e-06,1.116408046405346328e-06,1.114868782323510211e-06,1.145319807603963743e-06,1.175823614655084413e-06,1.174259599233617625e-06,1.204758973262363191e-06,1.235208891995174783e-06,1.233628999467286251e-06,1.275802832687538157e-06,1.319262183435144913e-06,1.350551183119354867e-06,1.362430198183220143e-06,1.408484722599508956e-06,1.440581678964255582e-06,1.454265577962411495e-06,1.502929350792108151e-06,1.535664388036758011e-06,1.585862527252902487e-06,1.602589890365210197e-06,1.655116891990420602e-06,1.688394210999591593e-06,1.707388149788969103e-06,1.762404705835014688e-06,1.795706715913733959e-06,1.817159473619327192e-06,1.874538778646404158e-06,1.933022362109237153e-06,1.965709533559590031e-06,1.991194601081622522e-06,2.051737490467430078e-06,2.083510606787712452e-06,2.111919892692580943e-06,2.174234807922706052e-06,2.204613720480109538e-06,2.266748387602182950e-06,2.299837098248465350e-06,2.364074184813770284e-06,2.391298460308256681e-06,2.427696457016397948e-06,2.492617795612062127e-06,2.516961486276395795e-06,2.580253259025699459e-06,2.621785421550271976e-06,2.686544861874846993e-06,2.705199960509572286e-06,2.750248287184030064e-06,2.813991551105158745e-06,2.827904144896884497e-06,2.876481786854411140e-06,2.938350370095161467e-06,2.946705999326271101e-06,3.004088883571692368e-06,3.057821318158858711e-06,3.114989337012686012e-06,3.113399663427416493e-06,3.170470016304585046e-06,3.223226120324283386e-06,3.214031396003657088e-06,3.259866410518725340e-06,3.321518841988434865e-06,3.365417418847288195e-06,3.343379424533202522e-06,3.407892432303961677e-06,3.444567712617752350e-06,3.413388134196791749e-06,3.480558373244190553e-06,3.509003558543292204e-06,3.532668201873465696e-06,3.487033916323442947e-06,3.557462972090881309e-06,3.571598654881300321e-06,3.516690946503300747e-06,3.589322121668808930e-06,3.593467574169222668e-06,3.529954344022307098e-06,3.523702915669024653e-06,3.598892811614980477e-06,3.587158125398136160e-06,3.512133706348760615e-06,3.589639902808506517e-06,3.568408531705474823e-06,3.488530879970894181e-06,3.458884710990687035e-06,3.539281235570921752e-06,3.504763080044297918e-06,3.421006469523548109e-06,3.504851135919586807e-06,3.464775271714277081e-06,3.383362232110847264e-06,3.471526719106102067e-06,3.428643444200696967e-06,3.353355608808591054e-06,3.310283181558284674e-06,3.404364877392350672e-06,3.361017292684953331e-06,3.299850159900801427e-06,3.400432483937798321e-06,3.362778630115089755e-06,3.317319202369316078e-06,3.287832636674666302e-06,3.396876225089879598e-06,3.371994766906009666e-06,3.353449478005598531e-06,3.470222568844014075e-06,3.459598604168207509e-06,3.463347677585436553e-06,3.587419767880643612e-06,3.593242320713382535e-06,3.605975792298647441e-06,3.641966690248373464e-06,3.772984933772231469e-06,3.803584610018527327e-06,3.860499323227884803e-06,3.994581473945908661e-06,4.041623461897508339e-06,4.115599931682613577e-06,4.176911669875788509e-06,4.309342300284890319e-06,4.375560016040376253e-06,4.465693169584276943e-06,4.591533177407938232e-06,4.663935464730373894e-06,4.755687388361563258e-06,4.869435824533478984e-06,4.941054896687648322e-06,5.013202860511040728e-06,5.096199086075905885e-06,5.185593453830043823e-06,5.246712659047270751e-06,5.312403731788825093e-06,5.377157733052136404e-06,5.420492343949818585e-06,5.462452683043170085e-06,5.492372625553146647e-06,5.519380036734689319e-06,5.533374884966239479e-06,5.538008482164188254e-06,5.538008482164188254e-06,5.534772949012004951e-06,5.523679308412919302e-06,5.498001151276670783e-06,5.471391359579145575e-06,5.431738176330619419e-06,5.392847492900281853e-06,5.329903289561087291e-06,5.267741973744307421e-06,5.213026611298142862e-06,5.125990900129713937e-06,5.048254883843600282e-06,4.985070693212391205e-06,4.923866654984750277e-06,4.813348866603893153e-06,4.730313072539107073e-06,4.671442024319526924e-06,4.549282226327752105e-06,4.470608177720168944e-06,4.421131670695030993e-06,4.292612600774077321e-06,4.249618682272866313e-06,4.191528135316042932e-06,4.165702874603107611e-06,4.035323991299396955e-06,3.997213609034907240e-06,3.990272204378628079e-06,3.862401339190576010e-06,3.847912578602619610e-06,3.860644806050783062e-06,3.880917241382896741e-06,3.758553778374614869e-06,3.779625489723811059e-06,3.817014258005091402e-06,3.700650468585479223e-06,3.745587091053913700e-06,3.797108314823938505e-06,3.686978869029628708e-06,3.741956487371603670e-06,3.815053174393279811e-06,3.877756351890721333e-06,3.773647517335448829e-06,3.862527076959781753e-06,3.929053071121055319e-06,3.829798981823508048e-06,3.894111824422539235e-06,3.996167147628845204e-06,4.058498702970271935e-06,3.962836933134667677e-06,4.069770788148289105e-06,4.126382003800077717e-06,4.033665320374730345e-06,4.141293447872710861e-06,4.189242759097486980e-06,4.098785013419837167e-06,4.139758562997196620e-06,4.240467642402086152e-06,4.270368061772733642e-06,4.181412398823905324e-06,4.274989631205309687e-06,4.292291143782831370e-06,4.205001631305542639e-06,4.215077473836401427e-06,4.293546677053165160e-06,4.290613250701855359e-06,4.205309182100861988e-06,4.272755981091202869e-06,4.257205971394792143e-06,4.173969576069174577e-06,4.229777687044719728e-06,4.202334495597917027e-06,4.169033603689129327e-06,4.089177186309847824e-06,4.127175836672484939e-06,4.083704935870872876e-06,4.006767980653940573e-06,4.033563983016247909e-06,3.981216708072798393e-06,3.907520146365717790e-06,3.852743486282267761e-06,3.863920730639018590e-06,3.800757519350538922e-06,3.732383531822961242e-06,3.734329632452458633e-06,3.665775650036641047e-06,3.601314923895197957e-06,3.532451282966243671e-06,3.522365045293656245e-06,3.448077853427750040e-06,3.389711575901448123e-06,3.372902308607181845e-06,3.296312500051407830e-06,3.242128416795070447e-06,3.219583821259903720e-06,3.141730602070701598e-06,3.091721394313384695e-06,3.015602477069161474e-06,2.986183371284649043e-06,2.908086578931895448e-06,2.864187918216534277e-06,2.831281188292008944e-06,2.753973694015271888e-06,2.714014041447086207e-06,2.639209445546546664e-06,2.602482003771041923e-06,2.527444324988393000e-06,2.493063050267617847e-06,2.454639986564122849e-06,2.381705278751944480e-06,2.350810050116118305e-06,2.311270854001870828e-06,2.240787265368304823e-06,2.171622639880562062e-06,2.145540963727624681e-06,2.105243394906954440e-06,2.038898517434002417e-06,2.015752962007761871e-06,1.975473318369654455e-06,1.912103693473399970e-06,1.891667078154466026e-06,1.831085340605393827e-06,1.791445660935661337e-06,1.732700357971319225e-06,1.715906291947434948e-06,1.677027737765419337e-06,1.621408647113472954e-06,1.606777060676849226e-06,1.568866280389900698e-06,1.516359355514175942e-06,1.465394679560689066e-06,1.466906175735199974e-06,1.430004199447642254e-06,1.393044197224606843e-06,1.394540504303459209e-06,1.357578497908299646e-06,1.320681799754621076e-06,1.322154427308682505e-06,1.285372735932163037e-06,1.248772064503855114e-06,1.212407436865375345e-06,1.213837094576952908e-06,1.177748681842501375e-06,1.141998637892718795e-06,1.143388843459710623e-06,1.108010628306888754e-06,1.073063250870103198e-06,1.038589311056197221e-06,1.039919120640783913e-06,1.005942262577211627e-06,9.725155363525374773e-07,9.737953682357896506e-07
8.078718384356169125e-07,8.349564830424569515e-07,8.335705537208413038e-07,8.611174671064378896e-07,8.891178466330579509e-07,8.876745618972596007e-07,9.160792001849106188e-07,9.448736317743090335e-07,9.740224470402072960e-07,9.725092174717756295e-07,1.001958737737174711e-06,1.031685931221004772e-06,1.030126446570204262e-06,1.060075496124889576e-06,1.090217386330888681e-06,1.120506422983293348e-06,1.118895616480556704e-06,1.149273571214500827e-06,1.179702816686652506e-06,1.178062789777781447e-06,1.208484747690455724e-06,1.250046693818420990e-06,1.259697530735043675e-06,1.291254581248886146e-06,1.335446438315946102e-06,1.380972023919133070e-06,1.379302003709127549e-06,1.426168602919499610e-06,1.474379899215854120e-06,1.472716253623566262e-06,1.522276410965746518e-06,1.573176797990989622e-06,1.625407585210563942e-06,1.623773047984770222e-06,1.677330420420182168e-06,1.732184152075149627e-06,1.730588116338510241e-06,1.786727593817722870e-06,1.844104914693570152e-06,1.866309036741791629e-06,1.901158417493232513e-06,1.960904919928542391e-06,2.021745334132116358e-06,2.020299051370711596e-06,2.082196308627589049e-06,2.145048578997358039e-06,2.143693505871623964e-06,2.207449732334363520e-06,2.271981729768653725e-06,2.337182263444368279e-06,2.335975725508203768e-06,2.401767923280240668e-06,2.467980106550591707e-06,2.466907156293455583e-06,2.533444105062779509e-06,2.600101131114806285e-06,2.666706444379890782e-06,2.665847766867018062e-06,2.732276855535296955e-06,2.798271299697868887e-06,2.797609721623391807e-06,2.863029361709289766e-06,2.927574885498371728e-06,2.927156171473487653e-06,2.990678135932275379e-06,3.052831715936555622e-06,3.113345192853907405e-06,3.113362049490028884e-06,3.172079019843363072e-06,3.228604809325232984e-06,3.229081372390917889e-06,3.283271606561311470e-06,3.334650027169216547e-06,3.382892964961563804e-06,3.384274122569593955e-06,3.429350464247981206e-06,3.470663593902575479e-06,3.473057948349574911e-06,3.510700826209352176e-06,3.543970855556115373e-06,3.614992588644905810e-06,3.576979980354263509e-06,3.601226596611895596e-06,3.620251969193738489e-06,3.626942316018934291e-06,3.641405977888515498e-06,3.650229916465719787e-06,3.660033748548003346e-06,3.664272992667726319e-06,3.662610594347526166e-06,3.654915750646122346e-06,3.670609780836063408e-06,3.658641386117720634e-06,3.640686959754965077e-06,3.662425149292470668e-06,3.640886734250242012e-06,3.613676597508074860e-06,3.580961187975817977e-06,3.613360402588738012e-06,3.578550935150533348e-06,3.538998967289468087e-06,3.581553993183386887e-06,3.541464159169909728e-06,3.497711127021045178e-06,3.552323569419840468e-06,3.509884769578962023e-06,3.465155600412996921e-06,3.418833192098124857e-06,3.492235465753526442e-06,3.450189642595754620e-06,3.408279379361548279e-06,3.497332541919615779e-06,3.461827331102387413e-06,3.428290342116652291e-06,3.397642582887947575e-06,3.508411209164265575e-06,3.486952952688958640e-06,3.470162057087397432e-06,3.596648613498492502e-06,3.590320955044221527e-06,3.590157681362904980e-06,3.719683926724987008e-06,3.741384559761076338e-06,3.759371468146129070e-06,3.785085052241595361e-06,3.939150575336215627e-06,3.975199128483060224e-06,4.019087684011679725e-06,4.177976437745895976e-06,4.230139336484578152e-06,4.289460075028408093e-06,4.355660787140685208e-06,4.511701097106198869e-06,4.581768967276064651e-06,4.656875464039147511e-06,4.802885621473015848e-06,4.877338042553012156e-06,4.954343917049289807e-06,5.067361615652245184e-06,5.154652114450734715e-06,5.225699498446093588e-06,5.295339381186520426e-06,5.391391411095395426e-06,5.448696221032488560e-06,5.501887089403363724e-06,5.566931408816710457e-06,5.603854624040862962e-06,5.634646148854265256e-06,5.658789086607852380e-06,5.677074747091859254e-06,5.682055792565601091e-06,5.682055792565601091e-06,5.680010053582018975e-06,5.661724393098012100e-06,5.640737247337013403e-06,5.613538831441460503e-06,5.580855589175196007e-06,5.515811269761849273e-06,5.467705920545220344e-06,5.416516492578720695e-06,5.320464462669845696e-06,5.258136394830888699e-06,5.195742874485066506e-06,5.115364689951033661e-06,5.005552288059546966e-06,4.940222925957106346e-06,4.879072343077448196e-06,4.733062185643579859e-06,4.672918917218881453e-06,4.619480400313895625e-06,4.463440090348381964e-06,4.415508037111890243e-06,4.376037458482206797e-06,4.345218796993337052e-06,4.186330043259120802e-06,4.165164879600724791e-06,4.153079238999640714e-06,3.999013715905020025e-06,3.998341555320842929e-06,4.006295937690667336e-06,4.009068897715410394e-06,3.881717937429174429e-06,3.909035866782013482e-06,3.942816696119199741e-06,3.816330139708103824e-06,3.860663935271290554e-06,3.909548190577951872e-06,3.798779564301592367e-06,3.856535299157139523e-06,3.916669594159221596e-06,3.978079816637451292e-06,3.889026654073106430e-06,3.955981137531250150e-06,4.022056683757493613e-06,3.948654409995085932e-06,4.017854362228713655e-06,4.084188061531350120e-06,4.146854834769717803e-06,4.092242390371692671e-06,4.154760688204070701e-06,4.212084124393968880e-06,4.169529087325374800e-06,4.224730761059843367e-06,4.273569866968255858e-06,4.241170606412990859e-06,4.286274580333729767e-06,4.324225434559513301e-06,4.354863028084479406e-06,4.333124629235988827e-06,4.358554852065419948e-06,4.376404678228017420e-06,4.360710122142205505e-06,4.372730324853663486e-06,4.377208884799393942e-06,4.374330454012276394e-06,4.364525184793421876e-06,4.355666175169100262e-06,4.339836540999631363e-06,4.333143523513666696e-06,4.311489278174086868e-06,4.283422806464488594e-06,4.329891498086268727e-06,4.245471023360089664e-06,4.206219964728721565e-06,4.161628370968313976e-06,4.159225919022519669e-06,4.110070353582901995e-06,4.056333236499623541e-06,4.054940433587933564e-06,3.997290198706575461e-06,3.935830754212844174e-06,3.870955307551583254e-06,3.870461302771622512e-06,3.802710015135818389e-06,3.732298695873484370e-06,3.732259392901782095e-06,3.659637745201707442e-06,3.585024708903070776e-06,3.508748102329029703e-06,3.509137113468996476e-06,3.431592926665371761e-06,3.352982411777307480e-06,3.353608635349798822e-06,3.274276066954528560e-06,3.194407270401436626e-06,3.195224960189027512e-06,3.115117245569731536e-06,3.034934749544626198e-06,2.954884116377636777e-06,2.955908878824568108e-06,2.876225124670898972e-06,2.797034542484506034e-06,2.798187906419227647e-06,2.719687324689015725e-06,2.641979443554531654e-06,2.565193329236156454e-06,2.566489337054975487e-06,2.490771425267132106e-06,2.416191584367540950e-06,2.417575048025138306e-06,2.344249401650294181e-06,2.272229712254060570e-06,2.230064450305808164e-06,2.203059941245157573e-06,2.133866214692696411e-06,2.066152755344610746e-06,2.067679655922717157e-06,2.001500821361878028e-06,1.936873652297690753e-06,1.938437408885141495e-06,1.875396226877205683e-06,1.813948697459619187e-06,1.754106980953396336e-06,1.755698598355773083e-06,1.697472553951173017e-06,1.640858741969214250e-06,1.642456461960652549e-06,1.587450948546206643e-06,1.534045487214072956e-06,1.495794170294481554e-06,1.483816822309103202e-06,1.433568681166427493e-06,1.396682743674544304e-06,1.398251771656691180e-06,1.361361099018606162e-06,1.324534308133085737e-06,1.326075380979909702e-06,1.289360641165867628e-06,1.252825399417678102e-06,1.216524654895729280e-06,1.218016627815588004e-06,1.181988944237280814e-06,1.146298028311833890e-06,1.147745748619222985e-06,1.112423425562090522e-06,1.077530310871713265e-06,1.043109000272889081e-06,1.044489803749959244e-06,1.010562304726293652e-06,9.771833052933798575e-07,9.785092363350623845e-07,9.456942074565966646e-07
7.866013750323696032e-07,8.131323024633901942e-07,8.401696182997983410e-07,8.387345406657388310e-07,8.662304764340436914e-07,8.941780413221442237e-07,8.926800993952991182e-07,9.210282347357380943e-07,9.497643168920954593e-07,9.788529381331989192e-07,9.772776746189232223e-07,1.006663328620400803e-06,1.036324834215402825e-06,1.034697853993968138e-06,1.064577617650186466e-06,1.094648452556238987e-06,1.124864689167292757e-06,1.123179366435964476e-06,1.153481121360815567e-06,1.183832520258313513e-06,1.192047849932293182e-06,1.233675620168276661e-06,1.265244213265470451e-06,1.274931401777061192e-06,1.319315049056989724e-06,1.352013005191300051e-06,1.398325916741273271e-06,1.410553828697769123e-06,1.444261766694306862e-06,1.493344910565793048e-06,1.507502615703430187e-06,1.559011716777897019e-06,1.593926270250677814e-06,1.647164635869641546e-06,1.664594120648744832e-06,1.700046969326689010e-06,1.756002945870908467e-06,1.775880320948660795e-06,1.834450872675661300e-06,1.870177609750609778e-06,1.892720701227161450e-06,1.953946065893182018e-06,1.989426709295351251e-06,2.051611207125601933e-06,2.078546413836802270e-06,2.113361421679074452e-06,2.177651242296723556e-06,2.207785156170305083e-06,2.274644335239496230e-06,2.307503385093780345e-06,2.374268272851361679e-06,2.409541866955104195e-06,2.440375031012094062e-06,2.508222836593998173e-06,2.547145055651341863e-06,2.617146313417776633e-06,2.643627446849292211e-06,2.711941988322663313e-06,2.756543897044878863e-06,2.779176411592531826e-06,2.846901702381741909e-06,2.895405613109122175e-06,2.913345038896111120e-06,2.979614375519982911e-06,3.032043346577660640e-06,3.099076207602444017e-06,3.108233734009897923e-06,3.170391878049262310e-06,3.228564728197873089e-06,3.230729288234331437e-06,3.288800170975864273e-06,3.350700256714491808e-06,3.407868088189424395e-06,3.397768595708033150e-06,3.447319063471775987e-06,3.514339046394904484e-06,3.495101597011493786e-06,3.537517803519328929e-06,3.607742379636745039e-06,3.647199643336173477e-06,3.612881449552783553e-06,3.686090762677203588e-06,3.716449479749648007e-06,3.671814781259559569e-06,3.691285307502717321e-06,3.768158035696194279e-06,3.713335393147760286e-06,3.722342467875824359e-06,3.801722331143337208e-06,3.805225798932886293e-06,3.735608786662132610e-06,3.727710977018045418e-06,3.810022963822251643e-06,3.732548801096272223e-06,3.714261488572139640e-06,3.799275784343701853e-06,3.775081467923168795e-06,3.688478412475044838e-06,3.655352839001198446e-06,3.743766594041243938e-06,3.655446932174199705e-06,3.615696386479774050e-06,3.708157088327371568e-06,3.621792943879054303e-06,3.578243985175517609e-06,3.675736103144524583e-06,3.629660180634965255e-06,3.551539322642856423e-06,3.506223885437923786e-06,3.610533145048955803e-06,3.544851245225881874e-06,3.504801552985104832e-06,3.616444921148358257e-06,3.578819925923878006e-06,3.536735759836852212e-06,3.509288642395297674e-06,3.630232208572022457e-06,3.610040087864281076e-06,3.597438803117654892e-06,3.726559346079351471e-06,3.721357858260861879e-06,3.735207930217870435e-06,3.871629205748951060e-06,3.884947211578557501e-06,3.923379137634677992e-06,3.954868253934719451e-06,4.097308845655770723e-06,4.157992237332730152e-06,4.207548573530523699e-06,4.351389981116456376e-06,4.408284756938965641e-06,4.494117155306638170e-06,4.564990169062182106e-06,4.703632289089243263e-06,4.798211269830322020e-06,4.876321789729864107e-06,5.004490569137958897e-06,5.081869924751746987e-06,5.177034617862349258e-06,5.288423968696265918e-06,5.360483750451235937e-06,5.443458646499993992e-06,5.510158435382014701e-06,5.590381317692825274e-06,5.652787904779450375e-06,5.700202717955571409e-06,5.750778604299756444e-06,5.782443548880939572e-06,5.808508237538983662e-06,5.823833072408206933e-06,5.831698486809860286e-06,5.831698486809860286e-06,5.825345222048585684e-06,5.813160866363299856e-06,5.789041266324765510e-06,5.761280607104904887e-06,5.712400342117845479e-06,5.669828959757541406e-06,5.611053145141573214e-06,5.533029177272114913e-06,5.473328704845165782e-06,5.395839079142967365e-06,5.333247951416387011e-06,5.225037692161137734e-06,5.137760723905667213e-06,5.073144059687808988e-06,4.948753498342826034e-06,4.885401160685629791e-06,4.803123958019743170e-06,4.668667672176676165e-06,4.615995245397421027e-06,4.545725428688263258e-06,4.510350894388217228e-06,4.370736894965201385e-06,4.344097632816020035e-06,4.303872182072869066e-06,4.165223331733776579e-06,4.159154516675305164e-06,4.144161431932738728e-06,4.158591372357631628e-06,4.024592901208294669e-06,4.036733386195272875e-06,4.070789617522834454e-06,3.942757133140700648e-06,3.983657407981028314e-06,4.032584427126062736e-06,3.911136783158482238e-06,3.966534588914374346e-06,4.038351675144234770e-06,4.103682668949333782e-06,3.988857566377307078e-06,4.054841859167831139e-06,4.150464068535082574e-06,4.041129389943550588e-06,4.110192718484049789e-06,4.217580810103591836e-06,4.285552127730752876e-06,4.180391726729888801e-06,4.243482536518849475e-06,4.357061465079309859e-06,4.255351617462535139e-06,4.311434388061758592e-06,4.425039687008541963e-06,4.325998882246910666e-06,4.372085441182102821e-06,4.481713794650246514e-06,4.515939784706796202e-06,4.418675650639068692e-06,4.444831992669614482e-06,4.541538182649654224e-06,4.446208021528548634e-06,4.458704681516672855e-06,4.544890482497964194e-06,4.543077477981425842e-06,4.449988522252266990e-06,4.441051645950166367e-06,4.508443701248734535e-06,4.417686733508476540e-06,4.395592702131175648e-06,4.450219483333206482e-06,4.414758114761989948e-06,4.327774070637814593e-06,4.369635148136771759e-06,4.322910752468933298e-06,4.239193348577970403e-06,4.188744907718851211e-06,4.212166248254055303e-06,4.132070242954229254e-06,4.072867365813229230e-06,4.085152332691257406e-06,4.016714140869818196e-06,3.942558117761584012e-06,3.872956503676441670e-06,3.870370902225126896e-06,3.800581283265161181e-06,3.725983457695874422e-06,3.714925079006130636e-06,3.634430735982020869e-06,3.571429185376323299e-06,3.491807803425450464e-06,3.470131025445812734e-06,3.411779199106318015e-06,3.330357600360001126e-06,3.303001467691827181e-06,3.249281601490288107e-06,3.167108057719065362e-06,3.135093271165969440e-06,3.050870353696212601e-06,3.003909376653813161e-06,2.922245227067858776e-06,2.884962943160725615e-06,2.842344508197498405e-06,2.761947372053371204e-06,2.722205167391114247e-06,2.641676331133461323e-06,2.605184855422497355e-06,2.527720893979049638e-06,2.485599530288082429e-06,2.452921568446684248e-06,2.377961213771055521e-06,2.335021563532752025e-06,2.261199624808586080e-06,2.233765462506575651e-06,2.190514876196414445e-06,2.119862529290763693e-06,2.095612386747518152e-06,2.028088412446086521e-06,1.985151534632859625e-06,1.963828107291516704e-06,1.899555604686094238e-06,1.857257713353697465e-06,1.795055989913386004e-06,1.777650126468490184e-06,1.718356301058873149e-06,1.677502247173284761e-06,1.662410050345651690e-06,1.606438927492976831e-06,1.566797478004433725e-06,1.513142050534487352e-06,1.501100729968142471e-06,1.462817953516357007e-06,1.412472827835202894e-06,1.402202696089012292e-06,1.365386499992663671e-06,1.328632610168663951e-06,1.330244973376506323e-06,1.293599882028569771e-06,1.257132619534166352e-06,1.220898161461676188e-06,1.222454708006649179e-06,1.186489868626744536e-06,1.150860054133768321e-06,1.152367122877659677e-06,1.117102387987401071e-06,1.082265096725900050e-06,1.047897843005983934e-06,1.049330937510153913e-06,1.015453966726795288e-06,9.821237380392904864e-07,9.834966897138547434e-07,9.507269406959667995e-07,9.185698581175829037e-07
7.936254458863104876e-07,7.922120990958981738e-07,8.186968833259317280e-07,8.456861187593077014e-07,8.442010084342708863e-07,8.716449461037715252e-07,8.995385364781336378e-07,8.979846348799837726e-07,9.262748190698821831e-07,9.549509548568048795e-07,9.839776335172934934e-07,9.823384331356519829e-07,1.011658160997106900e-06,1.041251759459303733e-06,1.039554902836692642e-06,1.069362836173124805e-06,1.099359905998083636e-06,1.129500465914382696e-06,1.127737582195198718e-06,1.167280869813922201e-06,1.208189362938027033e-06,1.206386878355070754e-06,1.248673012644070027e-06,1.292370462048307672e-06,1.290538484199514184e-06,1.335659152548523745e-06,1.382228331933281485e-06,1.416095166813946486e-06,1.428406715408327544e-06,1.477909096434875854e-06,1.528892294637564543e-06,1.527039096755193927e-06,1.579508849005744677e-06,1.633461600495265826e-06,1.669425597967850183e-06,1.687060240060620974e-06,1.743962318037688782e-06,1.802310544683760794e-06,1.800517146464942210e-06,1.860302023445599081e-06,1.921476592479792863e-06,1.919737405638581176e-06,1.982283010566221673e-06,2.046130206488603622e-06,2.082175842533498599e-06,2.109582345356103561e-06,2.175877528518578987e-06,2.243270052843879417e-06,2.241730543604060284e-06,2.310167140491561748e-06,2.379510117291164616e-06,2.412255512844556383e-06,2.448267876360174360e-06,2.519110683101090470e-06,2.590474876090310587e-06,2.589247606102370945e-06,2.661030520780742223e-06,2.733006576997231853e-06,2.758332564439274556e-06,2.804000436596464993e-06,2.875848233620873465e-06,2.896798966804612062e-06,2.946513517394773560e-06,3.017367334719316462e-06,3.087311737233787635e-06,3.086826177385612401e-06,3.155696376569535746e-06,3.223103853412361053e-06,3.228998083089012419e-06,3.288757441710418660e-06,3.352456251964562048e-06,3.413765847777970246e-06,3.414310749791130039e-06,3.473074059250938451e-06,3.528747860623858992e-06,3.513577690578217597e-06,3.582561175708016729e-06,3.631297388357194343e-06,3.675867730927522542e-06,3.678646533716625394e-06,3.719172384162645244e-06,3.754844316877497186e-06,3.759308104990708703e-06,3.790470039683016256e-06,3.816151455630316781e-06,3.764458723926458380e-06,3.843854279740366521e-06,3.858716376417228216e-06,3.867312605089475583e-06,3.878811011356424109e-06,3.882403337226001114e-06,3.879457032922021481e-06,3.802905496783123542e-06,3.888279958907408649e-06,3.874077800850780048e-06,3.853295718876687517e-06,3.878852451539676698e-06,3.854333786927506206e-06,3.823644874066634445e-06,3.732729352684191736e-06,3.825057028973532652e-06,3.786471791111586780e-06,3.695858014966751741e-06,3.792750875644366043e-06,3.749032489243621952e-06,3.701592039189064827e-06,3.765408781410377687e-06,3.719994588364399735e-06,3.672480352873725364e-06,3.598834241270518790e-06,3.708951630045603048e-06,3.665557816431808900e-06,3.622889574116085178e-06,3.725699116054669981e-06,3.690745614735589414e-06,3.658589118160078344e-06,3.628856344266944687e-06,3.756834411752048967e-06,3.739141888486428393e-06,3.727212025744507201e-06,3.870325575273290255e-06,3.870128240581938278e-06,3.877211418564850310e-06,4.034256496549132534e-06,4.053186264286459495e-06,4.080303022396850056e-06,4.136205336247306701e-06,4.285034576646235859e-06,4.331214351164528736e-06,4.385796666127809629e-06,4.556870442192371005e-06,4.618939505523003449e-06,4.688216756645501436e-06,4.785556634394389126e-06,4.926925062311569914e-06,5.004654852875396523e-06,5.086613225454876747e-06,5.233998035490109313e-06,5.312287469885866141e-06,5.391749003663129779e-06,5.516088540272758103e-06,5.586217443948490387e-06,5.654292869677245704e-06,5.728474969121860534e-06,5.802228814497386881e-06,5.850845895801719328e-06,5.893617927039200804e-06,5.939913190142400923e-06,5.963096552760964989e-06,5.978949573634076780e-06,5.984242128682030671e-06,5.984242128682030671e-06,5.980586567906855543e-06,5.968136168517986476e-06,5.948738954011994794e-06,5.902443690908794676e-06,5.864089141063375637e-06,5.820756967108009929e-06,5.749146796570608474e-06,5.679193252780763060e-06,5.618776805366305250e-06,5.557768573407326916e-06,5.433429036797698592e-06,5.364696677702145611e-06,5.298860384413921780e-06,5.151475574378689215e-06,5.083775778257860913e-06,5.022155512292895038e-06,4.885048303324889033e-06,4.801416082761657947e-06,4.751938107994051227e-06,4.711433137390882558e-06,4.540359361326321182e-06,4.509005434896755860e-06,4.487585504262641161e-06,4.342768672664405043e-06,4.308983519120838345e-06,4.309179527851386831e-06,4.318538975077907401e-06,4.161493897093626024e-06,4.183454278379592948e-06,4.213217032684481088e-06,4.070103483155698458e-06,4.111882670592939575e-06,4.159469692028004931e-06,4.031208562820978189e-06,4.090928921440005097e-06,4.152372330472669418e-06,4.215978447372420284e-06,4.113168905431466754e-06,4.183652631037531262e-06,4.253838162954712840e-06,4.138765164718693403e-06,4.242966214519723660e-06,4.314738052606693202e-06,4.382938859688147812e-06,4.319122116129573216e-06,4.387769338624957104e-06,4.451026149797605313e-06,4.344762385123955356e-06,4.462548551984611094e-06,4.517149004664137159e-06,4.414002414017498934e-06,4.529934638663630940e-06,4.572990049616908384e-06,4.608045767486529237e-06,4.582488837628276330e-06,4.611994791616249830e-06,4.633137056509228911e-06,4.534420237380724985e-06,4.629510677773507922e-06,4.635962127890449847e-06,4.634242645915826459e-06,4.622742739368632911e-06,4.614453549045131173e-06,4.598405818478251343e-06,4.504741394415891758e-06,4.568098723237787628e-06,4.538481693714126933e-06,4.502133453217904910e-06,4.497663843101810362e-06,4.455638961083046859e-06,4.407680044764867562e-06,4.404892213249053501e-06,4.351892932105253991e-06,4.293817758192443044e-06,4.211388330143957323e-06,4.229824063293922420e-06,4.163237478866922140e-06,4.092894849939864871e-06,4.092330141953152352e-06,4.018847187120983123e-06,3.942461744500599099e-06,3.870767453593736059e-06,3.863644965050969470e-06,3.782719460314930748e-06,3.700013952839471000e-06,3.700465559744945233e-06,3.616425975059007811e-06,3.531275191895784642e-06,3.471458310697285458e-06,3.446120901643580116e-06,3.359723858798980063e-06,3.304709317581489085e-06,3.274076358805162544e-06,3.187479910789118919e-06,3.101101437620839860e-06,3.102273705904367911e-06,3.016372077657930162e-06,2.931084024126769754e-06,2.887558214304566297e-06,2.847940009568191451e-06,2.764418981931354955e-06,2.681975521405102761e-06,2.683447963524779719e-06,2.602239325188929508e-06,2.522338870506601244e-06,2.489071626666294972e-06,2.445436297085209159e-06,2.368451206142913612e-06,2.293021311128875447e-06,2.294685122763650021e-06,2.220889355900123510e-06,2.148755928938030416e-06,2.150471648424475376e-06,2.080053946752751630e-06,2.011367713716369651e-06,1.989773830910832031e-06,1.946194847448181377e-06,1.881039694645863750e-06,1.817661969507263026e-06,1.819434933671866409e-06,1.757838943035176061e-06,1.698018969157813858e-06,1.682803691407928688e-06,1.641737148096434238e-06,1.585437341713944514e-06,1.530876239569452332e-06,1.532628908203908348e-06,1.479778593158960726e-06,1.428623308862236791e-06,1.430347761621004770e-06,1.380850355317779442e-06,1.332993496109557680e-06,1.334680062626634760e-06,1.298107371864649817e-06,1.261710681095718345e-06,1.225544943743170652e-06,1.227168341675008722e-06,1.191268469663970709e-06,1.155701727305280015e-06,1.157269965027658290e-06,1.122064491163228400e-06,1.087284551133911380e-06,1.052972739801968486e-06,1.054459371427746902e-06,1.020634038547693235e-06,9.873535569093946286e-07,9.887743753097020006e-07,9.560506252460325568e-07,9.239376882831808799e-07,9.252898498661739635e-07
7.736657734913925435e-07,7.996037990582764524e-07,7.981458502896445218e-07,8.245839791965675715e-07,8.515244851814081013e-07,8.499885523605073783e-07,8.773795575773958043e-07,9.052180908052656554e-07,9.036069949675598900e-07,9.318378379349736551e-07,9.604524783128333451e-07,9.894155030424171013e-07,9.877104889282992122e-07,1.016962245223262122e-06,1.046485719695709060e-06,1.044716595713610736e-06,1.074450131219703923e-06,1.104370689692677544e-06,1.143150836406873419e-06,1.150087009750551659e-06,1.181445918745792549e-06,1.222987067278650516e-06,1.231300061298511435e-06,1.264053681500351155e-06,1.308461290242940722e-06,1.318330286707207824e-06,1.352408240648257177e-06,1.399771654702096304e-06,1.448642533418936153e-06,1.461214847472245696e-06,1.497077839348138382e-06,1.548993985416182232e-06,1.563630017503395163e-06,1.600489070424270672e-06,1.655474023302063141e-06,1.711986817690061874e-06,1.730141979449238838e-06,1.768088722508490205e-06,1.827627235654733271e-06,1.848428210281781611e-06,1.886755124576845672e-06,1.949229160381998957e-06,1.972923134980342857e-06,2.011282179149043875e-06,2.076539221749971248e-06,2.143093740456547393e-06,2.171578142008782253e-06,2.209163967622615175e-06,2.278128005586348494e-06,2.310116903452856138e-06,2.346546751907565070e-06,2.417562333570863780e-06,2.489414752269678331e-06,2.527059322888616707e-06,2.560550555678533097e-06,2.633717031815412286e-06,2.675392728229840405e-06,2.706026110367088478e-06,2.779870623210951974e-06,2.853741729364881420e-06,2.852684252777908988e-06,2.926443405510324495e-06,2.999790844590328060e-06,3.052105179348637292e-06,3.071750354269139717e-06,3.143610317914277101e-06,3.200301285002098934e-06,3.213860609970679422e-06,3.283141231196859901e-06,3.350611436323701825e-06,3.413720274516317072e-06,3.416109916237626803e-06,3.479139993976713677e-06,3.546422582560256401e-06,3.540142071959388516e-06,3.597377530993742524e-06,3.651048074484608693e-06,3.724067776765141008e-06,3.702857768296738784e-06,3.748649402816351132e-06,3.825269453898196783e-06,3.793284275900580663e-06,3.829909213517219307e-06,3.909891714599538229e-06,3.866735096429550749e-06,3.893079902012382125e-06,3.913430827220729798e-06,3.997543008567350715e-06,3.937145131961558036e-06,3.945925125790912960e-06,4.032900075551379824e-06,3.962103544636867007e-06,3.959094717501140401e-06,3.949234007153978345e-06,4.039576531830032077e-06,3.954823668819970785e-06,3.933674675444853932e-06,4.027174340668168225e-06,3.936638147795659684e-06,3.905601942784720952e-06,3.868550064127933126e-06,3.909828462300227802e-06,3.871099322488189938e-06,3.827369410333790886e-06,3.929606751586473821e-06,3.837969694807520452e-06,3.790908977556343361e-06,3.898990663772543147e-06,3.815421433291453938e-06,3.769013329914449363e-06,3.721590945725911208e-06,3.837483314469423469e-06,3.772131137631249647e-06,3.731827332058695190e-06,3.855935829281761335e-06,3.810395922937320099e-06,3.781695733973732368e-06,3.757277871846093474e-06,3.891480039658523269e-06,3.879323378343476264e-06,3.872347448152115606e-06,4.015020090279254399e-06,4.029640620533399407e-06,4.042489658680872413e-06,4.192164294582389082e-06,4.233166657949363041e-06,4.266436558083382963e-06,4.308546721514980668e-06,4.462684823556201817e-06,4.537179547817861952e-06,4.597665073424248181e-06,4.750835492548479987e-06,4.841654189173454880e-06,4.915641051400163713e-06,4.995889536343214410e-06,5.139166070842773025e-06,5.241591847841347341e-06,5.325569210548758978e-06,5.453516941529480196e-06,5.550754944921341776e-06,5.629368083034508331e-06,5.734944160634622525e-06,5.816895453787988475e-06,5.880938684969292864e-06,5.940691119536319460e-06,6.007524874224073139e-06,6.056883725347513607e-06,6.091652234310373837e-06,6.123842569549983016e-06,6.140101387791834284e-06,6.145734139511672004e-06,6.145734139511672004e-06,6.143542908773554461e-06,6.129306508858657008e-06,6.098805478093241940e-06,6.068283929518406641e-06,6.021918339607269714e-06,5.957128299675479504e-06,5.903442431346967100e-06,5.846714998158132422e-06,5.770475579984650063e-06,5.667947921920994233e-06,5.599706384570187229e-06,5.510801830482314855e-06,5.386638292327544898e-06,5.316624224539963857e-06,5.225687344289086036e-06,5.086792996027977233e-06,5.024346514688302648e-06,4.970076120139645928e-06,4.896104765640343185e-06,4.747662323633817919e-06,4.710517679948901697e-06,4.656542803829269564e-06,4.506862823947762451e-06,4.491207464829119318e-06,4.485681338834760240e-06,4.470280156934845502e-06,4.323826358727584477e-06,4.340649123401846825e-06,4.354430635603552939e-06,4.213636633695220919e-06,4.251254052674223021e-06,4.293959745183630680e-06,4.159960679550617331e-06,4.214993821867888397e-06,4.273931915471222753e-06,4.351821003222586335e-06,4.224994100091600240e-06,4.294105793101323187e-06,4.392023490489291041e-06,4.271351471793646285e-06,4.345357256179016066e-06,4.416985984009006711e-06,4.532058504160654640e-06,4.416192153669050125e-06,4.485351800303877236e-06,4.606977479927698692e-06,4.495134566745432812e-06,4.557456624558356684e-06,4.612932390223798269e-06,4.571653956170123227e-06,4.623571755721025159e-06,4.667576277133254613e-06,4.782291439332533180e-06,4.675683313101723473e-06,4.706020728279742944e-06,4.812127831527892007e-06,4.707766072199234657e-06,4.723150886681815653e-06,4.729924962440248701e-06,4.817641703013038824e-06,4.715813073324750854e-06,4.707472975911112834e-06,4.781835527276443095e-06,4.682643545912914908e-06,4.659708547147385662e-06,4.629392882263342864e-06,4.682260983375420745e-06,4.587290467237171281e-06,4.544183331379931795e-06,4.583240764072428593e-06,4.491935400971472904e-06,4.437506936935149823e-06,4.463349828917180000e-06,4.376102939894608337e-06,4.311993792898924619e-06,4.243548038663359876e-06,4.251224617990427042e-06,4.170625319777094685e-06,4.095082115197422630e-06,4.092227354231589277e-06,4.016513811877189668e-06,3.935536700502972811e-06,3.852358288765831337e-06,3.835980875745978919e-06,3.767848723999531892e-06,3.681500300964018846e-06,3.657753028679377829e-06,3.594803980036941132e-06,3.506609964753868382e-06,3.417904089462618727e-06,3.418911422546491394e-06,3.330038087165648385e-06,3.241181362260450277e-06,3.204134798609329853e-06,3.153831031143777701e-06,3.065746179252312953e-06,3.025232872082720054e-06,2.979726562076896652e-06,2.893182419682751288e-06,2.807631399650579426e-06,2.763550358880444819e-06,2.724786164962826524e-06,2.641667593924350664e-06,2.596173844333865032e-06,2.561588131373793522e-06,2.481336494726838016e-06,2.402634455316692307e-06,2.356186186253951131e-06,2.327320839609811243e-06,2.251940288946135821e-06,2.205515888417521947e-06,2.180107136419504229e-06,2.108235736237658838e-06,2.062257291142115517e-06,2.040013259912781634e-06,1.971763683813941052e-06,1.905345108884630133e-06,1.860664636148907196e-06,1.842636531084182797e-06,1.779896978708478414e-06,1.736410894345455541e-06,1.720858900021025580e-06,1.661773866686782974e-06,1.604498292531531597e-06,1.563158306799535441e-06,1.550855193811087236e-06,1.497131214165230899e-06,1.457387123062843276e-06,1.446958691551069521e-06,1.396681966589374758e-06,1.358620859298141163e-06,1.349854761991347555e-06,1.302901233647297046e-06,1.266577741985565094e-06,1.230483181713104322e-06,1.232175718482873199e-06,1.196342934727462157e-06,1.160841221380774231e-06,1.162472423695219134e-06,1.127327848120706429e-06,1.092606741303615067e-06,1.058351702253892862e-06,1.059893052123761681e-06,1.026120392911451787e-06,9.928905522270074598e-07,9.943599929664621466e-07,9.616828628046547492e-07,9.296145614091560347e-07,9.310093941059323181e-07,8.995536699149637189e-07
7.546802990474902304e-07,7.800294986933579925e-07,8.059248460651667007e-07,8.044220521248405118e-07,8.308131420536785708e-07,8.577043901473176648e-07,8.561169572981614657e-07,8.834541991752878285e-07,9.112366868005536502e-07,9.095672465496874576e-07,9.377374323365583574e-07,9.662890915944270664e-07,9.951868030775224700e-07,9.934141385947481297e-07,1.022595905806709765e-06,1.052047054510565263e-06,1.050203273946221599e-06,1.087410400534955929e-06,1.126004908104752261e-06,1.157179408533097933e-06,1.164092060729261696e-06,1.205539618974152976e-06,1.238179876797798853e-06,1.246490253266729780e-06,1.290916509474759913e-06,1.324967569437027504e-06,1.334860697117384543e-06,1.382377685835739180e-06,1.431480587692619863e-06,1.467481799483511470e-06,1.480132080579203599e-06,1.532454038486983247e-06,1.569584463920758741e-06,1.584343599059089115e-06,1.639937318879705355e-06,1.697173591442296729e-06,1.735635469330564531e-06,1.753999094934060453e-06,1.814512292109010880e-06,1.853545262390705583e-06,1.874623949635447894e-06,1.938358804009664226e-06,1.977640486357846891e-06,2.001692654972978347e-06,2.068533219392363963e-06,2.136847531480543990e-06,2.175732679667702353e-06,2.204718045527692593e-06,2.275820631843482045e-06,2.313832534581253326e-06,2.346433211364067019e-06,2.420003047987281545e-06,2.494631106139966881e-06,2.530176256713905401e-06,2.568621063980061721e-06,2.645029491372606427e-06,2.678056162842760766e-06,2.720673236797560249e-06,2.798253931339045503e-06,2.827947195409065513e-06,2.903773292079559414e-06,2.952917412258532015e-06,3.030776992861808410e-06,3.053708643245779520e-06,3.107358688062482820e-06,3.184254229719036141e-06,3.201443642180993665e-06,3.259641827295383570e-06,3.334467836528567417e-06,3.407729001843356041e-06,3.414215986738060921e-06,3.479091364569039995e-06,3.548343463266540289e-06,3.546381257252951279e-06,3.615608494856552173e-06,3.679466279847227613e-06,3.739919631205685572e-06,3.723179001117625500e-06,3.798400019374350964e-06,3.851193451788529793e-06,3.823591648169018963e-06,3.902594317928178013e-06,3.946291256105100125e-06,3.907241298236912716e-06,3.989798318260991543e-06,4.023105277552940617e-06,4.050301229020092584e-06,3.993238948535832603e-06,4.080205716770295471e-06,4.095402119421332355e-06,4.027061797532836415e-06,4.117143255515061924e-06,4.119887618070014807e-06,4.115368444639393730e-06,4.031349150813740785e-06,4.125186621854375426e-06,4.108358991513611473e-06,4.017025380522353348e-06,4.114418544707594680e-06,4.086475546404682469e-06,3.990905577249216988e-06,3.953540206636573930e-06,4.055537571094075278e-06,4.012737185802275968e-06,3.915903614959528074e-06,4.023248268816882857e-06,3.975599194946372904e-06,3.885053719883293384e-06,3.998920324323587320e-06,3.950453180606103434e-06,3.900177333116885664e-06,3.825643364046019747e-06,3.948190552152449185e-06,3.903811090274387851e-06,3.848202662276421979e-06,3.979615178015807946e-06,3.945942762983387989e-06,3.916082204239555217e-06,3.893572387967196615e-06,4.035642833756788155e-06,4.022963020026520141e-06,4.028195136074854806e-06,4.178851234751057177e-06,4.186227625240685668e-06,4.219701723622232967e-06,4.377036830512137044e-06,4.405531528815703337e-06,4.443225743695903608e-06,4.513967600316655323e-06,4.674519592822146922e-06,4.731845175584266628e-06,4.822474431461559360e-06,4.980372601118533605e-06,5.052590624539156372e-06,5.131760897014112912e-06,5.239242928847196884e-06,5.384092054432141829e-06,5.468242838192165702e-06,5.574062542950728827e-06,5.700566627653005080e-06,5.780186720272311192e-06,5.873514010474251594e-06,5.974350513479416711e-06,6.039675941943689394e-06,6.100910881978354693e-06,6.163828543390315383e-06,6.221710910470587845e-06,6.257477402162459006e-06,6.287242543696795960e-06,6.307913732996612653e-06,6.313732753397694586e-06,6.313732753397694586e-06,6.311645427069452879e-06,6.292706483005469952e-06,6.265240559966733970e-06,6.234098924367844458e-06,6.178222008773511958e-06,6.118798585731073317e-06,6.064201614005141944e-06,6.006892381324000510e-06,5.909045429824279132e-06,5.822334374055914871e-06,5.754087845584354003e-06,5.631347431903563485e-06,5.535046431383402607e-06,5.466187460823809955e-06,5.325764202293509895e-06,5.231215389149595140e-06,5.171485131530886278e-06,5.120757260303428089e-06,4.967743704553422558e-06,4.895695800740132726e-06,4.863696254111982712e-06,4.707825580589723917e-06,4.659434590056304108e-06,4.650290848780603559e-06,4.651648155882460891e-06,4.497817585974688541e-06,4.491752453929295227e-06,4.516093706827979456e-06,4.367605681399153346e-06,4.392458644441422953e-06,4.437653147682547900e-06,4.296052093492303179e-06,4.350595062388491226e-06,4.412677805775745777e-06,4.478033916617442915e-06,4.344087836216733677e-06,4.433130972112612260e-06,4.507402329644341893e-06,4.380183540048670528e-06,4.488065046830909578e-06,4.565616081762013029e-06,4.639796094155089663e-06,4.518121559664198296e-06,4.640487865799622186e-06,4.710336319114439828e-06,4.593274338500936564e-06,4.720121316449484551e-06,4.781247822065019205e-06,4.667850015687663136e-06,4.720785156251161064e-06,4.842770340384880775e-06,4.882943346416517211e-06,4.772142322994817764e-06,4.887083507325949045e-06,4.912109891436351920e-06,4.803899986616373619e-06,4.908531654676556071e-06,4.917388476797523705e-06,4.917144898707976319e-06,4.811801903346159551e-06,4.896140538483245743e-06,4.880002470815337540e-06,4.777528296306313946e-06,4.847560437132629612e-06,4.816329967663103047e-06,4.777583696554719280e-06,4.679603403849474743e-06,4.727322123152595877e-06,4.675667175779469379e-06,4.581551014159257301e-06,4.615184636619076099e-06,4.552304150363260706e-06,4.462442485467027388e-06,4.482799804066046775e-06,4.410509663088903269e-06,4.334077507508169342e-06,4.251152741633432881e-06,4.253560540153200129e-06,4.170515639103943444e-06,4.092681117633681243e-06,4.084838631891830295e-06,3.996879278790746140e-06,3.907013612556386155e-06,3.837063066446812984e-06,3.816270605447787551e-06,3.723847004791052614e-06,3.659280680184393209e-06,3.631535523891591630e-06,3.537894057588359650e-06,3.478673905786979514e-06,3.387435942071042877e-06,3.351510501637270628e-06,3.258136568995328797e-06,3.206681184309470342e-06,3.166714098719788483e-06,3.074704631078643556e-06,3.028213909063749845e-06,2.985189144774979484e-06,2.895279807973067807e-06,2.806629245630816399e-06,2.767104718173803230e-06,2.721081198159150571e-06,2.635362344176732565e-06,2.600148309749319762e-06,2.553053848932082298e-06,2.470657277788850510e-06,2.390022162525610749e-06,2.360699230466384462e-06,2.313106102284329730e-06,2.236181084520127640e-06,2.210411374584024571e-06,2.163105236192141829e-06,2.090034416785414913e-06,2.067512941261819939e-06,2.020885275573003441e-06,1.951739669104402842e-06,1.884563384274281632e-06,1.866361300886215257e-06,1.821328802213903678e-06,1.758077269221521956e-06,1.742406540166277271e-06,1.698731750210782998e-06,1.639345573045593196e-06,1.581863753423215102e-06,1.569508253671944824e-06,1.528182296648474217e-06,1.474416338450112032e-06,1.463969103895932716e-06,1.424346118686791750e-06,1.374164449236436975e-06,1.365406220770135691e-06,1.327554625194522646e-06,1.280808918923091885e-06,1.235732336096682106e-06,1.237496297495019208e-06,1.201732708456632422e-06,1.166297954297951195e-06,1.167993878330661232e-06,1.132911788528082240e-06,1.098250936316121416e-06,1.064053928537447339e-06,1.065651097032772736e-06,1.031932057153006073e-06,9.987536523395836407e-07,1.000272363619486008e-06,9.676423589253663210e-07,9.356190601433652905e-07,9.370567966192940300e-07,9.056419030414276631e-07,8.748890018946944294e-07
7.367022439105793271e-07,7.614474803616239844e-07,7.867563353913757341e-07,8.126090611177066667e-07,8.110613352908548981e-07,8.374051514386682702e-07,8.642467539258124116e-07,8.626072756083872720e-07,8.898900461940325284e-07,9.176156130062574576e-07,9.158867811817727416e-07,9.439950860589431677e-07,9.724823593710447589e-07,1.001313167267493492e-06,9.994710722745962362e-07,1.028580876326689243e-06,1.064945304015597240e-06,1.070036317957775569e-06,1.100750745193613159e-06,1.139899677408986553e-06,1.180505710764002043e-06,1.178491271374635067e-06,1.220566729377247851e-06,1.264165564829219976e-06,1.262091670483115423e-06,1.307226749034929203e-06,1.353945067579752306e-06,1.363978016895833127e-06,1.400137415145809134e-06,1.450085891813912325e-06,1.501688743462806191e-06,1.499523571021811582e-06,1.552791005079577967e-06,1.607744142328248043e-06,1.622859981396129091e-06,1.662211392657758326e-06,1.720557137172755056e-06,1.780599963072928393e-06,1.778430470493919293e-06,1.840169803678789354e-06,1.903584682939675899e-06,1.901446022486443602e-06,1.966528678167387041e-06,2.033235350002527104e-06,2.058142963201479843e-06,2.099462881432475438e-06,2.169312683713939592e-06,2.240638334940943619e-06,2.238659800766759343e-06,2.311422788344079695e-06,2.385507659251825657e-06,2.419492901692490790e-06,2.458989910692470308e-06,2.535455956703073784e-06,2.612909611701667516e-06,2.611228351393340201e-06,2.689581158923179613e-06,2.768621366175524977e-06,2.767115101861531804e-06,2.846730361860261604e-06,2.926662412657712075e-06,3.006695471664198059e-06,3.005477529208569555e-06,3.085459880706960045e-06,3.165056743965880019e-06,3.164109472830533558e-06,3.243147909797093961e-06,3.321234184496867812e-06,3.382653267846771020e-06,3.397574145962420438e-06,3.472925608987094040e-06,3.546321430795817795e-06,3.546329341732383078e-06,3.617577399678861504e-06,3.686139172444918838e-06,3.759437530062471578e-06,3.752514843183137650e-06,3.814710525401340346e-06,3.872961271439693775e-06,3.874952188235701266e-06,3.929255929964989402e-06,3.978778099634950498e-06,3.982270697200999943e-06,4.027200284633621230e-06,4.066541714851128630e-06,4.154144593630425492e-06,4.106418058747932048e-06,4.134336157826344311e-06,4.155561766774544797e-06,4.165525922629608042e-06,4.181121422381017096e-06,4.189516605091248599e-06,4.285066383027496791e-06,4.207068840361342951e-06,4.202463417633608345e-06,4.190258319875590271e-06,4.213886592109712017e-06,4.196810964183219745e-06,4.172336287200202883e-06,4.205089471552178459e-06,4.176891453994764809e-06,4.141891013240013994e-06,4.100404728688467481e-06,4.149069538051338713e-06,4.106204317017301553e-06,4.058095480589238328e-06,4.121654708746699662e-06,4.074464395549047000e-06,4.023698728035990168e-06,4.143821687914918015e-06,4.057320855859549601e-06,4.008534789733787736e-06,3.959246701192080004e-06,4.066136492019601765e-06,4.024321337470046911e-06,3.984401642765429102e-06,4.122540166444770365e-06,4.082008037983802810e-06,4.056355880831757420e-06,4.036202098461059711e-06,4.190392094849245453e-06,4.183053584578913982e-06,4.183226127352684658e-06,4.354643857352044625e-06,4.368206957453465537e-06,4.390656694316265143e-06,4.554374495295414901e-06,4.609958554307248619e-06,4.654374918471918192e-06,4.708456408124356457e-06,4.899942270585288441e-06,4.963401571979035908e-06,5.035468797262948357e-06,5.197021599253240473e-06,5.299873556337873044e-06,5.383196948160219586e-06,5.472009573161228673e-06,5.639944998870931091e-06,5.725606328423999233e-06,5.813279393805536798e-06,5.955721778989190924e-06,6.033561544126011794e-06,6.109623968913002029e-06,6.205059186191641273e-06,6.278183911058893419e-06,6.332945655626851902e-06,6.381369816186477050e-06,6.434795746434343483e-06,6.460991324537802320e-06,6.479034082396747585e-06,6.488589107343551897e-06,6.488589107343551897e-06,6.480957880443938404e-06,6.466921101920682533e-06,6.445203290783566045e-06,6.391777360535700459e-06,6.348606141349372100e-06,6.300159427506965883e-06,6.231819791194936689e-06,6.139240916590021342e-06,6.072382329591287695e-06,6.005511341036900026e-06,5.863068955853245899e-06,5.788294133792031626e-06,5.717583264358422380e-06,5.549647838648719962e-06,5.477915979920969757e-06,5.413835238019389300e-06,5.327197216953397908e-06,5.170819387917333958e-06,5.122225067572224372e-06,5.084215615800576535e-06,4.892729753339644551e-06,4.865926312849465645e-06,4.850429975798558276e-06,4.821093358442069180e-06,4.661471574396307846e-06,4.670543705077797480e-06,4.689415668599957700e-06,4.517997938600596885e-06,4.550894714104734787e-06,4.591650523038632117e-06,4.437460526650446375e-06,4.491092099672967154e-06,4.549999506329957622e-06,4.625403414237832984e-06,4.485152330568772816e-06,4.557075688108963869e-06,4.629897079159581449e-06,4.523007288315985545e-06,4.602082925951314723e-06,4.679239419707466456e-06,4.800345413248454991e-06,4.672396507431736583e-06,4.748201298879344677e-06,4.818567250541284029e-06,4.755008017030211938e-06,4.824330853648289079e-06,4.886374849723624542e-06,4.837710011050279313e-06,4.896289743226941924e-06,4.946270386811144496e-06,4.987328014915631460e-06,4.954574655817916223e-06,4.989799769650152390e-06,5.015545218546937651e-06,4.991916440063109816e-06,5.010754172135918022e-06,5.020012006994993445e-06,5.116868159211718735e-06,5.005198541763385539e-06,4.997708911206185875e-06,4.981270010170344585e-06,4.971302690496769117e-06,4.947575666857431439e-06,4.915595066413758329e-06,4.974134814813427575e-06,4.870188000118636349e-06,4.823961445569891079e-06,4.770889128649702944e-06,4.767385890577522035e-06,4.708564135146707942e-06,4.643906682868366331e-06,4.641900066937617618e-06,4.572339076143740766e-06,4.497975518571084318e-06,4.506444450911192147e-06,4.418644420639457484e-06,4.336473971127798244e-06,4.251035649332388937e-06,4.250996476334076534e-06,4.162902658320121379e-06,4.072428796231301853e-06,4.054399811315106359e-06,3.980574680402998058e-06,3.886732997034355381e-06,3.791724276227086590e-06,3.792621895836544801e-06,3.696898155214498283e-06,3.600691528324954735e-06,3.601851972259903625e-06,3.505546918092653848e-06,3.409345754255385803e-06,3.313508211391902185e-06,3.314947181377551555e-06,3.219769271918921151e-06,3.125401973528861992e-06,3.127009357814732025e-06,3.033695101039212732e-06,2.941553746679778307e-06,2.893739824392747545e-06,2.852526202848862301e-06,2.763210191534943535e-06,2.675470776796722496e-06,2.677363437141264146e-06,2.591332312857594574e-06,2.507064437271532670e-06,2.457007332613635837e-06,2.426628590219644046e-06,2.346113862493121369e-06,2.267542617101468834e-06,2.269588653213018271e-06,2.193010917896251609e-06,2.118440243367830718e-06,2.120515798188954617e-06,2.047976521593587539e-06,1.977471782558456489e-06,1.929747313408677646e-06,1.911089621161172738e-06,1.844654299025711071e-06,1.780241837997356895e-06,1.782313275199318127e-06,1.719900809658506612e-06,1.659474924577727124e-06,1.615589599485693249e-06,1.603041861652768761e-06,1.546499603693252925e-06,1.491860081202023494e-06,1.493844194207198667e-06,1.441055891246336913e-06,1.390099443690665614e-06,1.392026675821016609e-06,1.342842985523690244e-06,1.295412425190556565e-06,1.258103467024795036e-06,1.251531591122310008e-06,1.207458583562165056e-06,1.172092677208395706e-06,1.173855026036568543e-06,1.138836943498530850e-06,1.104237689901054778e-06,1.070099884146039422e-06,1.071753873094584906e-06,1.038089289869008014e-06,1.004962998230344618e-06,1.006531501878029740e-06,9.739489935822822739e-07,9.419709220518445769e-07,9.434516452677708109e-07,9.120775282014878876e-07,8.813632251118500103e-07,8.513324385791033402e-07
7.453499983368476190e-07,7.438912700505234777e-07,7.685989326881320849e-07,7.938678315410642329e-07,8.196781788280251043e-07,8.180856137634950208e-07,8.443820928701626242e-07,8.711738252142236750e-07,8.694819102451469200e-07,8.967096463500967962e-07,9.243775518218299912e-07,9.225884052688801693e-07,9.506337182261286508e-07,9.790553015793832756e-07,1.007817703826988826e-06,1.011813240885646803e-06,1.047833757009857243e-06,1.078240030926832611e-06,1.083273648152558452e-06,1.122145334623430372e-06,1.154204378771085748e-06,1.195411194745495057e-06,1.202318876124356065e-06,1.236019912471174701e-06,1.280298579329287317e-06,1.288674322285706191e-06,1.335369001629778368e-06,1.371467605201259931e-06,1.381514688549163170e-06,1.431581483215703972e-06,1.469176395103261446e-06,1.521692614212951569e-06,1.534671978478194878e-06,1.590011896263931632e-06,1.629617903044437751e-06,1.644852341989368718e-06,1.703802738864624845e-06,1.744519904144194842e-06,1.805757508280213909e-06,1.824870958141839256e-06,1.866455668448254237e-06,1.931188943503358700e-06,1.953239625085588287e-06,2.021259679979020145e-06,2.063538080412719223e-06,2.088819850745677856e-06,2.160337337749670013e-06,2.202573628036344848e-06,2.275541972558142897e-06,2.306213732171903524e-06,2.382580183310232242e-06,2.423761209982681235e-06,2.458402294964628332e-06,2.537612604792558187e-06,2.577312947886032817e-06,2.656717747470035539e-06,2.697806041639962641e-06,2.735278608646423145e-06,2.816374241607870115e-06,2.862085527677792589e-06,2.946088781929374619e-06,2.978549756003515625e-06,3.060752788681791043e-06,3.113724773381374376e-06,3.141624423781013393e-06,3.223431800127331575e-06,3.281434342496335364e-06,3.365065289077874468e-06,3.383970144303649697e-06,3.447063109498201386e-06,3.528540225098794838e-06,3.539983549682652150e-06,3.615500470602508677e-06,3.686083721341768776e-06,3.761543972465431642e-06,3.759382868475328273e-06,3.834859632785468486e-06,3.904408808691828583e-06,3.891734478067738356e-06,3.951667300612383824e-06,4.033889309682624388e-06,4.009688938130438223e-06,4.060621616130001968e-06,4.147112020417635998e-06,4.194302444684419339e-06,4.151050166646337613e-06,4.241564937597729492e-06,4.277189199767773315e-06,4.221046738323131887e-06,4.242813240234769601e-06,4.338326136520866370e-06,4.353764141047045881e-06,4.278270846086323343e-06,4.377361753313341491e-06,4.379006645858382541e-06,4.292609861836801928e-06,4.280160288339469688e-06,4.383589383324150164e-06,4.288602414731459937e-06,4.263791941146557915e-06,4.371388851051877894e-06,4.339502659824269920e-06,4.235834481987412771e-06,4.194071647542364897e-06,4.307076598987076126e-06,4.204201950904180565e-06,4.156259058157518323e-06,4.275515707999160373e-06,4.223628194415229198e-06,4.128862455878708849e-06,4.255658004340026439e-06,4.204113349296199106e-06,4.123797190275876499e-06,4.076700777457624832e-06,4.213339176831892005e-06,4.168490781848046317e-06,4.116680948264230060e-06,4.263107304581249384e-06,4.231657208444234329e-06,4.207028925971397201e-06,4.192091713036716303e-06,4.349763457437572298e-06,4.355105640287088423e-06,4.361569242027028724e-06,4.527685219952430668e-06,4.544288992021012068e-06,4.592835883659697349e-06,4.764592016528277434e-06,4.804159133699113445e-06,4.879808593358329239e-06,4.940818534685229203e-06,5.112801905666955455e-06,5.182076568017447638e-06,5.286891664481715667e-06,5.452374496130690735e-06,5.534476051935762785e-06,5.647051394852841238e-06,5.738679077552564504e-06,5.884183444909383047e-06,5.992785298006122632e-06,6.079974898357696528e-06,6.200596855015151410e-06,6.278031091727409120e-06,6.364990605112190102e-06,6.453033049264300342e-06,6.509104959806194903e-06,6.565468056854947864e-06,6.604908668428922834e-06,6.641926117505668155e-06,6.660597257060971041e-06,6.666924071034326258e-06,6.666924071034326258e-06,6.662685821490866486e-06,6.648367964981905151e-06,6.613342317719124982e-06,6.578943910935046510e-06,6.526163117307996657e-06,6.477007435496531522e-06,6.391751210115485517e-06,6.310389456986232271e-06,6.243063730599207126e-06,6.126076099784142768e-06,6.051373408965573816e-06,5.952867173593158151e-06,5.811842147023510763e-06,5.736977952848843844e-06,5.638288338804696254e-06,5.577244227549511955e-06,5.417067282181873102e-06,5.330307488021580364e-06,5.286613675941043519e-06,5.119968990565531350e-06,5.086449917718615803e-06,5.035212422449108772e-06,5.026908301170758067e-06,4.859554746806351628e-06,4.839304093765984501e-06,4.856555346987367485e-06,4.693554636259704986e-06,4.720980760389661278e-06,4.748603264303350165e-06,4.592299039480341018e-06,4.641709202672415505e-06,4.701385373665040068e-06,4.767844916396393839e-06,4.619544196057158001e-06,4.707552527323222577e-06,4.785764468768121084e-06,4.644871538723086697e-06,4.722912800677766942e-06,4.839394517018584014e-06,4.920000425290490442e-06,4.785386180862603330e-06,4.915212449951762346e-06,4.992376665332114207e-06,4.863097938699611106e-06,4.933220011965159638e-06,5.068154234344721052e-06,4.943166332899654665e-06,5.002847163731998111e-06,5.135883652209878480e-06,5.181999430246602152e-06,5.060056722528227086e-06,5.096200661841167432e-06,5.215850798607414882e-06,5.096927591338665044e-06,5.116426742916396121e-06,5.224106544512982325e-06,5.225733405740657202e-06,5.110071069998382890e-06,5.203415005096778731e-06,5.187359992268031097e-06,5.074960752068299275e-06,5.050732168025348725e-06,5.119695399797630827e-06,5.078378599011574205e-06,4.971032584436984259e-06,5.023942678358585787e-06,4.968225471882411709e-06,4.865235632671584577e-06,4.804768188667493668e-06,4.834301018164896686e-06,4.736100381146975321e-06,4.664545437868092252e-06,4.679993794726506319e-06,4.596759787317515069e-06,4.506355099448876246e-06,4.509009104844122052e-06,4.418519354046804323e-06,4.333833865369247325e-06,4.243190501303692272e-06,4.229355753987918681e-06,4.131492954324566741e-06,4.055647631997597566e-06,4.032769775724954222e-06,3.932236758688564892e-06,3.862415799023833701e-06,3.764021465642275569e-06,3.730258669383633069e-06,3.666405100704107605e-06,3.567474257028829870e-06,3.528182513651282722e-06,3.427056951557780078e-06,3.371839964650839971e-06,3.274169816202573134e-06,3.228803800216356065e-06,3.179087578366563060e-06,3.083404078707857558e-06,3.035327434520417220e-06,2.939853727872803472e-06,2.897822914880202678e-06,2.847938694808893010e-06,2.755846257799587587e-06,2.718548761765394277e-06,2.630515838588287374e-06,2.579334068276775998e-06,2.493028110890774791e-06,2.462168800789810173e-06,2.410919997334742425e-06,2.328794146286861460e-06,2.301797507615875208e-06,2.223607237005335540e-06,2.173177625465228448e-06,2.149696963626361416e-06,2.075694243172935183e-06,2.026301941676304701e-06,1.955041944924214615e-06,1.936212670550220951e-06,1.888154821497642969e-06,1.821228343591193668e-06,1.805108485535289941e-06,1.741573203170620463e-06,1.695936557020802370e-06,1.635345326003863451e-06,1.622754954890432818e-06,1.578924220440017961e-06,1.522389745401245003e-06,1.511817392268934294e-06,1.458190537891413608e-06,1.417255274099855373e-06,1.408459978402364182e-06,1.358534497066267712e-06,1.319586504642270564e-06,1.272474328697363855e-06,1.265952032937886432e-06,1.229006262071156337e-06,1.185334166649982337e-06,1.180077974649685996e-06,1.145125336412479270e-06,1.110588928990430831e-06,1.076511388172466498e-06,1.078223080764715299e-06,1.044613662662551214e-06,1.011540023006795952e-06,1.013158693270895190e-06,9.806238961896708469e-07,9.486911124323060988e-07,9.502147337502316926e-07,9.188811605180518679e-07,8.882050838621337860e-07,8.582102445346209300e-07,8.596058230036833703e-07
7.288491007831591813e-07,7.529795221906293935e-07,7.514864555898664581e-07,7.761572981430969805e-07,8.013868482819693330e-07,8.271552725035044996e-07,8.255181656069639151e-07,8.517674411845047315e-07,8.785092670447672639e-07,8.767647032512003104e-07,9.039370108855006703e-07,9.315466732351281953e-07,9.296964364338029036e-07,9.576777823131455769e-07,9.914265959176009174e-07,1.026545039631913095e-06,1.024559064865113769e-06,1.061056406846151331e-06,1.099007661739887863e-06,1.096925815320493102e-06,1.136341965929356189e-06,1.177295258498510962e-06,1.210759328488665134e-06,1.217627596167904317e-06,1.261748171208683363e-06,1.307524296193113365e-06,1.305249832698976820e-06,1.352695003230651904e-06,1.401867820194810615e-06,1.399529258894227870e-06,1.450443550103203470e-06,1.503148648065401455e-06,1.557670817472374443e-06,1.555269688380810458e-06,1.611620581096377068e-06,1.669831608185228927e-06,1.667403935271862314e-06,1.727484362765325186e-06,1.789449377741681361e-06,1.831548402320151547e-06,1.850870252475678262e-06,1.916610477679085151e-06,1.984224417710956625e-06,1.981817613690839295e-06,2.051299063663566293e-06,2.122608229479356175e-06,2.120251357190396380e-06,2.193371981957956086e-06,2.268234683116297911e-06,2.344777789300030700e-06,2.342530548533996121e-06,2.420714998725371435e-06,2.500420098040226102e-06,2.498289590482796082e-06,2.579457647013067844e-06,2.661926759967841084e-06,2.701657961842070792e-06,2.743634776459519846e-06,2.828337955589511029e-06,2.913879622274942390e-06,2.912149011740963299e-06,2.998407796514552047e-06,3.085098358502868727e-06,3.116276185363807885e-06,3.170576372906411255e-06,3.257486636254883604e-06,3.344048841331689329e-06,3.342951170538550022e-06,3.428974213704802631e-06,3.514014271370135120e-06,3.513304239192105503e-06,3.597155703958864571e-06,3.679296917048008356e-06,3.759322108212927029e-06,3.759323610952107002e-06,3.837019650343090468e-06,3.911769686247635919e-06,3.912539148859216186e-06,3.984159042107398889e-06,4.051894724277385540e-06,4.032762820927373996e-06,4.117566131906395807e-06,4.176553538654722352e-06,4.230207084640983325e-06,4.234289985069457382e-06,4.282849420733508522e-06,4.325157654585755072e-06,4.331784318014901687e-06,4.368427542565168896e-06,4.398000402757876427e-06,4.420074806210517039e-06,4.431825975928644106e-06,4.447686994374292676e-06,4.455493688153450950e-06,4.472860785022777067e-06,4.474620008179133973e-06,4.468058626037444885e-06,4.373337896141351537e-06,4.481030292809585771e-06,4.460835446299480957e-06,4.432486451189288568e-06,4.471275040525455996e-06,4.439145979923816922e-06,4.399627894634986667e-06,4.292051926581598498e-06,4.410651040888136312e-06,4.363193283003743343e-06,4.310278326758368493e-06,4.385179557192004817e-06,4.333999057580977991e-06,4.279367333742465073e-06,4.374240264515943786e-06,4.324336281625135770e-06,4.273378531935409585e-06,4.222608278576873255e-06,4.346982570387459271e-06,4.305363417590227871e-06,4.266681314557794843e-06,4.413870667031600048e-06,4.386972662227485762e-06,4.365663137669791285e-06,4.359837565832961146e-06,4.526765997383460087e-06,4.526875080693903831e-06,4.535988725350334450e-06,4.728484719764517398e-06,4.752109480979594742e-06,4.785934674500051395e-06,4.989527934906597305e-06,5.036202164816523635e-06,5.093144461399980624e-06,5.160435302482781797e-06,5.366205482363126151e-06,5.441550558172620369e-06,5.525429576793880144e-06,5.721443891541836863e-06,5.807468929120039956e-06,5.898979670253145034e-06,6.016914011327723872e-06,6.161271972980918536e-06,6.249426836940090721e-06,6.337554723406256776e-06,6.470352541232986178e-06,6.543566923969551066e-06,6.612625542316538458e-06,6.703217299362574791e-06,6.751163855095266337e-06,6.791749758256817843e-06,6.824138388569978994e-06,6.849731312523816094e-06,6.856341993442666274e-06,6.856341993442666274e-06,6.854131835645331233e-06,6.828538911691494133e-06,6.800921481090259692e-06,6.765839407344740709e-06,6.724474046266544997e-06,6.633882289220508663e-06,6.572801693860072266e-06,6.509248916263651991e-06,6.376451098436922588e-06,6.299915773494461373e-06,6.225486648352750047e-06,6.085597740011498975e-06,5.979205580365422491e-06,5.906090400166550384e-06,5.840888315724720035e-06,5.644874000976763316e-06,5.584231803781959746e-06,5.534468032896764992e-06,5.328697853016420638e-06,5.289209875842213795e-06,5.262119397914690487e-06,5.247128904471429683e-06,5.043535644064883774e-06,5.042971029274829666e-06,5.053897812902824588e-06,4.861401818488641640e-06,4.887821755747468734e-06,4.923904233172245832e-06,4.758677372698739013e-06,4.799319517367854034e-06,4.857142431193987399e-06,4.920224576850446620e-06,4.773035224376548241e-06,4.847260590090962582e-06,4.923488511835083743e-06,4.799114220018513440e-06,4.883287373055968702e-06,4.966196307479359064e-06,5.046381821856934441e-06,4.951508890722274103e-06,5.034563978480666239e-06,5.112151314165518863e-06,5.037250080079235913e-06,5.114427161856143061e-06,5.183903758547419511e-06,5.053129543958793090e-06,5.192586060924562607e-06,5.249453207605893333e-06,5.296557059104422659e-06,5.257768312497694657e-06,5.298723029831898353e-06,5.329180789754741325e-06,5.205598878666427874e-06,5.324173389088666265e-06,5.336462658770444574e-06,5.338269622135791572e-06,5.320900895623346499e-06,5.314585163471103184e-06,5.298236869327563058e-06,5.286482332725859785e-06,5.262045857345802457e-06,5.228346826588063439e-06,5.185927410916303181e-06,5.179293376209847558e-06,5.129674166347231713e-06,5.072387879157197135e-06,5.068293099902121312e-06,5.004612614158802297e-06,4.934416237465307449e-06,4.833152445190628072e-06,4.856448157632653023e-06,4.775477063950651941e-06,4.689773149783407519e-06,4.688976256214729385e-06,4.599392256279753202e-06,4.506221447707119756e-06,4.506184123945268707e-06,4.410127675589698456e-06,4.311493475505141944e-06,4.210771577163867108e-06,4.211433737926595509e-06,4.109221743352522588e-06,4.005802079799705260e-06,4.006842662797657993e-06,3.902724628823607300e-06,3.798165749721903802e-06,3.732695322008837979e-06,3.694935687497588601e-06,3.590578152770018516e-06,3.486720091563947061e-06,3.488373542774441250e-06,3.385341893555356982e-06,3.283300496803141048e-06,3.232487905332381691e-06,3.184354995446128723e-06,3.084952285942105755e-06,2.987098143741495918e-06,2.989135958934854692e-06,2.893015224817414151e-06,2.798708901393543348e-06,2.800858632041372493e-06,2.708504507086608197e-06,2.618158762041601066e-06,2.529896125995040879e-06,2.532150883616757617e-06,2.446050581680324958e-06,2.362138307034443272e-06,2.364440879597700674e-06,2.282762436708936173e-06,2.203329249608847970e-06,2.179565976284446464e-06,2.128484543119541311e-06,2.053577047016274869e-06,1.980930324419812241e-06,1.983252895127284959e-06,1.912850930934329875e-06,1.844682047890529028e-06,1.846979227205774148e-06,1.781009387771634770e-06,1.717222417291523277e-06,1.655587249015768885e-06,1.657824570871924081e-06,1.598287273592616551e-06,1.540827195876604988e-06,1.543003195243039093e-06,1.487556263050352731e-06,1.434101057641930993e-06,1.425330330603684668e-06,1.384669018955041197e-06,1.335032573971185134e-06,1.287246864731182870e-06,1.289238585887169998e-06,1.243224758543607997e-06,1.198962420234736468e-06,1.200862420140137219e-06,1.158269818721642196e-06,1.117328048443691290e-06,1.083311705505116102e-06,1.085081843687881691e-06,1.051528147304787384e-06,1.018507536565636626e-06,1.020176576433785836e-06,9.876895253345531288e-07,9.558019016180967064e-07,9.573681365073324655e-07,9.260746714488992289e-07,8.954362400616096783e-07,8.654766268399576096e-07,8.669050570832540621e-07,8.376110293685082693e-07
7.134275208843328969e-07,7.369379949587983714e-07,7.610378056050307861e-07,7.595115542680683274e-07,7.841465840547038628e-07,8.093376402231251892e-07,8.350648371466057177e-07,8.333837187287818036e-07,8.595861490837312613e-07,8.862782481603010546e-07,8.844810299927905523e-07,9.115977116886162316e-07,9.391487348521446874e-07,9.416544631978547283e-07,9.749306685530077440e-07,1.004221006202926672e-06,1.039792758760702470e-06,1.043640921829519852e-06,1.074713231759692085e-06,1.113182963207701076e-06,1.118103136479801687e-06,1.150985751496616850e-06,1.192530588984768989e-06,1.235694060342754138e-06,1.242567942126458989e-06,1.278192550697611225e-06,1.324687392766360048e-06,1.333101183570458422e-06,1.370515166884916715e-06,1.420501664196114063e-06,1.430678690488684975e-06,1.483459400550845607e-06,1.523448016081596592e-06,1.578945265130659719e-06,1.592239586700880380e-06,1.633799720943820830e-06,1.693104099139636008e-06,1.708809664708291239e-06,1.751777039874458325e-06,1.814962676583657277e-06,1.880103060553850164e-06,1.899984633184788994e-06,1.944625546131149188e-06,2.013666766746670369e-06,2.036728086777620231e-06,2.082093153764431122e-06,2.154974663310542826e-06,2.181550397488364000e-06,2.258168020845970207e-06,2.303819555148637943e-06,2.382158758402274938e-06,2.414631521937420708e-06,2.459818297550285042e-06,2.541467851509578931e-06,2.578305792261374666e-06,2.622377793756521861e-06,2.706934152704644677e-06,2.792721000126376797e-06,2.836685570580185219e-06,2.877581379146085326e-06,2.965399549709747511e-06,3.014498099183575849e-06,3.052134552946162850e-06,3.141202842929210843e-06,3.230501309686109194e-06,3.287697200478336333e-06,3.318349132197034250e-06,3.407378003593430983e-06,3.470205718460817291e-06,3.494699362979562039e-06,3.582214000443964429e-06,3.650755778132280440e-06,3.739682520258172330e-06,3.752333805118466633e-06,3.834736242922334883e-06,3.911706328033505493e-06,3.914753591224144487e-06,3.991740464057669045e-06,4.074230648241346894e-06,4.066340476986944375e-06,4.136104485521752975e-06,4.201341285702078990e-06,4.291446617440385261e-06,4.264584785227731559e-06,4.319809208090045604e-06,4.414747878465606905e-06,4.374218739729414675e-06,4.417739634118047230e-06,4.517249720853833428e-06,4.555374313937001328e-06,4.493049760741976396e-06,4.515702615692750640e-06,4.620894814920032914e-06,4.544809216393803893e-06,4.552829491291071218e-06,4.662144576821330294e-06,4.573663954514453339e-06,4.567038345438162663e-06,4.551741267134639127e-06,4.666077203684955405e-06,4.561841756552937551e-06,4.533137837020967230e-06,4.652364444532676896e-06,4.543151727169679214e-06,4.503445308971935978e-06,4.456731950784655851e-06,4.582301609779961024e-06,4.472130758611467904e-06,4.419573196351740353e-06,4.552434707934584427e-06,4.450773140730269659e-06,4.397381998532052471e-06,4.538920828189746843e-06,4.484352076256941526e-06,4.403767248664348133e-06,4.355825179768379840e-06,4.508429257362257823e-06,4.452114794517743165e-06,4.417687670649489220e-06,4.580963011650830077e-06,4.553959678269588981e-06,4.538298497224003131e-06,4.530163993278682721e-06,4.704999329473333292e-06,4.724050866008550451e-06,4.740435280622590008e-06,4.923123412890380855e-06,4.975109635181662658e-06,5.016630090526187936e-06,5.203218220008330599e-06,5.255377801915506194e-06,5.348215122678958214e-06,5.422634099971812440e-06,5.605182003345699737e-06,5.716141141179855853e-06,5.805270905145838688e-06,5.976214390431774575e-06,6.093637320652855987e-06,6.187439359495902626e-06,6.284343957400576510e-06,6.426607745802623062e-06,6.534971249414082541e-06,6.620242995900989746e-06,6.729938398829034651e-06,6.813274328902437054e-06,6.875224833540020376e-06,6.944803921071278794e-06,6.986519223303898377e-06,7.022066721292495673e-06,7.042707118737777680e-06,7.053793965790590210e-06,7.053793965790590210e-06,7.044976868559383779e-06,7.029072207806948643e-06,6.996504544258377470e-06,6.960804480387145374e-06,6.893827072010921554e-06,6.839461323718304164e-06,6.761916532477089450e-06,6.655641033501104210e-06,6.581485996683939322e-06,6.481974059011876216e-06,6.344114590656840748e-06,6.262787150737795096e-06,6.187009910524226960e-06,6.084503645245966009e-06,5.919183637493095836e-06,5.853116980642735477e-06,5.761743780428334638e-06,5.585143776638837842e-06,5.538619212633764054e-06,5.470163598352469081e-06,5.450430674439480966e-06,5.269197804254780273e-06,5.261476794155119511e-06,5.240547087733409698e-06,5.062036952650359717e-06,5.082003907875274392e-06,5.097659952658833144e-06,4.925248601590669415e-06,4.970948177289330233e-06,5.024259274340231727e-06,5.089690371372939778e-06,4.925378852985244413e-06,4.996608211451478700e-06,5.092495355465306682e-06,4.936218355660208867e-06,5.018867236985492845e-06,5.139085191176618884e-06,5.226546571195244815e-06,5.077289608398791653e-06,5.160342633216778098e-06,5.299861295734568741e-06,5.156736504695914192e-06,5.234679738609810381e-06,5.380472192409069811e-06,5.242349872344833301e-06,5.309737335205124036e-06,5.367673760773463876e-06,5.507992268515928554e-06,5.373423362979655354e-06,5.415427019117887220e-06,5.547236875450998511e-06,5.416186934184743978e-06,5.439950852636563495e-06,5.452711933661123924e-06,5.563095649509179388e-06,5.435757520923287692e-06,5.429454943525737250e-06,5.523616739608667488e-06,5.399999615153306981e-06,5.375046562382101136e-06,5.451716130096437772e-06,5.407651060490221000e-06,5.289730348191024476e-06,5.238751464486409351e-06,5.288391991319939073e-06,5.175397096300451144e-06,5.109887440309664396e-06,5.142697758266000989e-06,5.035110716881797499e-06,4.957247794423674122e-06,4.873864907460442777e-06,4.883535019471835465e-06,4.784736911135206648e-06,4.692474812158540079e-06,4.688833355613881920e-06,4.596481488981262821e-06,4.497567198220313858e-06,4.482265014736323822e-06,4.375443683238676761e-06,4.293034725486839693e-06,4.187837693308953779e-06,4.158193208794827114e-06,4.082544673182960002e-06,3.975445444603230795e-06,3.938334784401068431e-06,3.869365565694567107e-06,3.761872556292480380e-06,3.654634892203546742e-06,3.609061777082069485e-06,3.549723409613657771e-06,3.443929951828405935e-06,3.394395949131136030e-06,3.341166262214355762e-06,3.237763389825082315e-06,3.135823012439059685e-06,3.082424637906618567e-06,3.037690911256640297e-06,2.939202492241659660e-06,2.884435561125263471e-06,2.844908245165204262e-06,2.750363768056216547e-06,2.695015734404339791e-06,2.602522739920920131e-06,2.570041371466942371e-06,2.482019217013884410e-06,2.426994688116834657e-06,2.398716771444408503e-06,2.315291179350613159e-06,2.261128137366814543e-06,2.236658942489471586e-06,2.157908988439309945e-06,2.081503839248165778e-06,2.029348208893683877e-06,2.009890279256987268e-06,1.938144942815507966e-06,1.887683679554793376e-06,1.871125911827657324e-06,1.803956455542163045e-06,1.755391332945054629e-06,1.691488919156014321e-06,1.678687785873165996e-06,1.618147285742700424e-06,1.572691391960320427e-06,1.562022765258413584e-06,1.505688798517051846e-06,1.462398834102683870e-06,1.453597878120301626e-06,1.401281015031193988e-06,1.350913183683903213e-06,1.310942239516916924e-06,1.304515835112329820e-06,1.257860612088818722e-06,1.220085921960309881e-06,1.214970820399339867e-06,1.171817309768880552e-06,1.136206274644252748e-06,1.095823899438385433e-06,1.092354804397350217e-06,1.058857208651266405e-06,1.025889815747931575e-06,1.027609230529317176e-06,9.951697534913497184e-07,9.633269470207023063e-07,9.649352881281962828e-07,9.336812655966008435e-07,9.030796617370365061e-07,8.731543109112593504e-07,8.746144892901112192e-07,8.453497471659228667e-07,8.168011120592942838e-07
7.234299549909292919e-07,7.219948292082702768e-07,7.454789392014210914e-07,7.695497281227394927e-07,7.679917359745993688e-07,7.925922450164054099e-07,8.177459404192803723e-07,8.434328774062422788e-07,8.417085418558540403e-07,8.678647411829626995e-07,8.945075401763919684e-07,8.926578994760598359e-07,9.236758866504243467e-07,9.560216565514131866e-07,9.540476392619021721e-07,9.877267935920220098e-07,1.022827760469840581e-06,1.053495187566504067e-06,1.057262288114322787e-06,1.095310396697557612e-06,1.127825818981902912e-06,1.132672248769020041e-06,1.173861798004861349e-06,1.216712736883712828e-06,1.252054894285616026e-06,1.258876653129768031e-06,1.305156650590362158e-06,1.342363057118590525e-06,1.350745316829241124e-06,1.400639523337426471e-06,1.452420158261768461e-06,1.449845167437284273e-06,1.503526950125291226e-06,1.559172755271286011e-06,1.600804235840120097e-06,1.614154299789430116e-06,1.673807986454555285e-06,1.716999288185965230e-06,1.732811982636865233e-06,1.796585765800067312e-06,1.862451720475878936e-06,1.907603337216992785e-06,1.927693056760392058e-06,1.997763088062849946e-06,2.043867465249383506e-06,2.067220829658789133e-06,2.141481969615975784e-06,2.217802543755848349e-06,2.215137166428074052e-06,2.293502331218967151e-06,2.373844975532366799e-06,2.420502208029200949e-06,2.453547667480325813e-06,2.537681804300121061e-06,2.583580750414356208e-06,2.621134631303586491e-06,2.708710565041216304e-06,2.797805043226822614e-06,2.841133545599400561e-06,2.886062501108022128e-06,2.977799371679065934e-06,3.018310190134097049e-06,3.068562211230789343e-06,3.162204109895942280e-06,3.256417346886878959e-06,3.290650372351554746e-06,3.349311674585800419e-06,3.443955503499566508e-06,3.472507576224744687e-06,3.537027993086007283e-06,3.630867145227366910e-06,3.723696457825827673e-06,3.722866394808626600e-06,3.814456943022728276e-06,3.904215187935432655e-06,3.912407170835305329e-06,3.991672685158204745e-06,4.076606599260809886e-06,4.074149209126923420e-06,4.159187876794101422e-06,4.237440681247093011e-06,4.311381982249704460e-06,4.290122705710648258e-06,4.383144658625497001e-06,4.447355061250053773e-06,4.412260566790288919e-06,4.510381576551246632e-06,4.562950419427653393e-06,4.608499784293767190e-06,4.616305590158094795e-06,4.655554475910387705e-06,4.686856060542785730e-06,4.614541805309035269e-06,4.723632324445907703e-06,4.739627756365220917e-06,4.653575964871126225e-06,4.767186985483710422e-06,4.767524907257829547e-06,4.758565617479962494e-06,4.654187884720204945e-06,4.773438917019487200e-06,4.749562632390086829e-06,4.637993403031267584e-06,4.762767805905183827e-06,4.726113263944725377e-06,4.681440130408698763e-06,4.565381922348630091e-06,4.697443413316995252e-06,4.644894167244826303e-06,4.534927734429249619e-06,4.675175999274267162e-06,4.619777047079835047e-06,4.561172393658876189e-06,4.672642074231985281e-06,4.620234818743357942e-06,4.567453748338488167e-06,4.498537531268076701e-06,4.660535594726792220e-06,4.619973801533747608e-06,4.580085005813546471e-06,4.753381017285418923e-06,4.730865212197377635e-06,4.715508420166336568e-06,4.722923325208043931e-06,4.907939137752614224e-06,4.917394746215230992e-06,4.960384154737580924e-06,5.152690088254646334e-06,5.188238178356663489e-06,5.235331994992276541e-06,5.458673908921814671e-06,5.518372599925412075e-06,5.589060139707112338e-06,5.701272459712317536e-06,5.888975040725955466e-06,5.976237021161797683e-06,6.100020320778151441e-06,6.272717808357261032e-06,6.366296873061591495e-06,6.463802001232061414e-06,6.584850112633208508e-06,6.723388582037324671e-06,6.810104057440065830e-06,6.909238449316647901e-06,7.010739292456688271e-06,7.074154768787200443e-06,7.130860146006291598e-06,7.196128299047347310e-06,7.226641072610743255e-06,7.248017285122653566e-06,7.255343179531226719e-06,7.255343179531226719e-06,7.250486540445929136e-06,7.234267816716960515e-06,7.209563755855870355e-06,7.144295602814814643e-06,7.094465463599540275e-06,7.039379415253229257e-06,6.941216582964702700e-06,6.848877978419158627e-06,6.774404601729746790e-06,6.640216425842461663e-06,6.529418598333709410e-06,6.449062860514120376e-06,6.375307947793235239e-06,6.208309575592342876e-06,6.101384790802360248e-06,6.039404393809335206e-06,5.857834236794952437e-06,5.767418200265314429e-06,5.727165280407147809e-06,5.700206364954853332e-06,5.476864451025315202e-06,5.464561823745422299e-06,5.465557586917166334e-06,5.277807829580608920e-06,5.268224007703458498e-06,5.297786911659432062e-06,5.115583948393543783e-06,5.145053654930676495e-06,5.200401950379900933e-06,5.262820265437039316e-06,5.088812365535645161e-06,5.168853550158099578e-06,5.248037975495705480e-06,5.082603629369845693e-06,5.192428198444557245e-06,5.281226069013907385e-06,5.367921778963354187e-06,5.256452098207602769e-06,5.347377918905431192e-06,5.432927394201348369e-06,5.282354320518637344e-06,5.430458159535912963e-06,5.508350548333060380e-06,5.363552491581443561e-06,5.515124082895403445e-06,5.579943984782633908e-06,5.634082454147563374e-06,5.493621112979695821e-06,5.635693953329871556e-06,5.671741696945326782e-06,5.535347150974681987e-06,5.666438689100175753e-06,5.682433293779392678e-06,5.686677815329038213e-06,5.554525460805547349e-06,5.661343235589112830e-06,5.645327693313294144e-06,5.517260133711902187e-06,5.606399268474687965e-06,5.570947421412568005e-06,5.525677759360203079e-06,5.517863865204378710e-06,5.464555994804912101e-06,5.402628071874124054e-06,5.285889235232620331e-06,5.328762269234450194e-06,5.252395149916701382e-06,5.141349021902316312e-06,5.167254235978834411e-06,5.078884083711001735e-06,4.985255883269641605e-06,4.883411462405582226e-06,4.886434703905261931e-06,4.784584039947292128e-06,4.689475481372541237e-06,4.679557094879369756e-06,4.571767136502362756e-06,4.461737420938332716e-06,4.462512341619560373e-06,4.350922544877537743e-06,4.238088610917921242e-06,4.160387040094208284e-06,4.125795036218524070e-06,4.011910132818135133e-06,3.941155369490874066e-06,3.899674865871586630e-06,3.786235922585736338e-06,3.673461516148993744e-06,3.612706710902021623e-06,3.563616638032723918e-06,3.453072227323361361e-06,3.398650235848726763e-06,3.346132806671476714e-06,3.238712729921006367e-06,3.133101050631142369e-06,3.087470770455408679e-06,3.031821098890705978e-06,2.930304706838900212e-06,2.890051865658400255e-06,2.833465941970117495e-06,2.736472820402517737e-06,2.641845186501727754e-06,2.644395094899234138e-06,2.552209889129732072e-06,2.462491046868715779e-06,2.433824953779878996e-06,2.377870778867017221e-06,2.293172529913580622e-06,2.268417000786586138e-06,2.213604099201113166e-06,2.133948702025086016e-06,2.056804139938421265e-06,2.037183288772633488e-06,1.984729160773835465e-06,1.912534556065242604e-06,1.895877553571187481e-06,1.845306168840121232e-06,1.777931936862319107e-06,1.712918734702909578e-06,1.715382250917131602e-06,1.652661487699114549e-06,1.592209949847721759e-06,1.581552309307521170e-06,1.536332308815713799e-06,1.480237815560358763e-06,1.471475086400121695e-06,1.428515174654912481e-06,1.376558314019129033e-06,1.326602845754642595e-06,1.320244017257330497e-06,1.280709992501038949e-06,1.234549802886929705e-06,1.229513586590295555e-06,1.192224504377072543e-06,1.149627891138094353e-06,1.108746376429416649e-06,1.110634936519245912e-06,1.071372557936562744e-06,1.033712700312726957e-06,1.035482268202839324e-06,1.003089956997863856e-06,9.712913801673715801e-07,9.729410674942822994e-07,9.417255620060365896e-07,9.111597015268694105e-07,8.812673770081216335e-07,8.827579221064729720e-07,8.535209453274995939e-07,8.249975329745521525e-07,8.263705307162115385e-07
7.095893231081990052e-07,7.324948399306121173e-07,7.310381424790056517e-07,7.544979494175737015e-07,7.785416349264560305e-07,7.769536703142618272e-07,8.015212695852764110e-07,8.266390502664573390e-07,8.522870007325803074e-07,8.505205410080234392e-07,8.766314138593357030e-07,9.067406173244839158e-07,9.083145223145499242e-07,9.362111109396612875e-07,9.689388247374187992e-07,9.712368336369084318e-07,1.000989827609295019e-06,1.036530509012696360e-06,1.073574143474315254e-06,1.071361630288151890e-06,1.109915048038111306e-06,1.150071793297246804e-06,1.154846112478663532e-06,1.189501059218443160e-06,1.232973874082474095e-06,1.278199733162185509e-06,1.275701180275773348e-06,1.322691346967798252e-06,1.371531486903962869e-06,1.379951189893560669e-06,1.419628108033589971e-06,1.472272495835091198e-06,1.482550215658291491e-06,1.524171154871123967e-06,1.580795320585776789e-06,1.639480056747118640e-06,1.636678300010817871e-06,1.697436050694913615e-06,1.760316874782326743e-06,1.776484386804677235e-06,1.822477628606516959e-06,1.889658100076582086e-06,1.959015129636920430e-06,1.956129725074347829e-06,2.027666314593432203e-06,2.101381021366586951e-06,2.125489977184031651e-06,2.174393420603836814e-06,2.252425237335448539e-06,2.280360338449182552e-06,2.329750473152584868e-06,2.411974249143549240e-06,2.496199414275710194e-06,2.493473238907653447e-06,2.579660627295348587e-06,2.667683713298272903e-06,2.706887823221976689e-06,2.754882858270460532e-06,2.846281598529787047e-06,2.939129697033902064e-06,2.936762640846570456e-06,3.030958408764571510e-06,3.126240830822335916e-06,3.179053477552975178e-06,3.220337946020175594e-06,3.317200112424813877e-06,3.414414743423047733e-06,3.412664814697523168e-06,3.510045395693464483e-06,3.607153223921703767e-06,3.675343467051580929e-06,3.702397311429867526e-06,3.798002659535023603e-06,3.872626761161790889e-06,3.891463132253546203e-06,3.983951851392060457e-06,4.074089407278537356e-06,4.074076661281804077e-06,4.161624689763089634e-06,4.245834514474532122e-06,4.336220978275707273e-06,4.327463945185479506e-06,4.403684247598366948e-06,4.474855190517040351e-06,4.477776383121917813e-06,4.543954382241769397e-06,4.603946460157542681e-06,4.708450455303958893e-06,4.663302029427717277e-06,4.710194407902783767e-06,4.819908813315104622e-06,4.759113140920776177e-06,4.791324015955552008e-06,4.814809823247633258e-06,4.829959673422294269e-06,4.846454406580669976e-06,4.853618818590670665e-06,4.974577923504868320e-06,4.876602095497468070e-06,4.867555416634944202e-06,4.848844285025507213e-06,4.885136372031961355e-06,4.861060053915393344e-06,4.827816955375890730e-06,4.960341161610699203e-06,4.841386666211757865e-06,4.796595721493403461e-06,4.744310725475126495e-06,4.818590997623574824e-06,4.766509691199239640e-06,4.708954415168582067e-06,4.857383252211616028e-06,4.751149499410874731e-06,4.694250595814105102e-06,4.852614112384670988e-06,4.765363301589713556e-06,4.715668967744158458e-06,4.667608342824905038e-06,4.823780641920504435e-06,4.787844281049294924e-06,4.756770603802393584e-06,4.938884754936995276e-06,4.922541986540364175e-06,4.913927640775791519e-06,4.914610326407305009e-06,5.126462471222767850e-06,5.143744357117017023e-06,5.172186798904049249e-06,5.372368014139612867e-06,5.442913703928948933e-06,5.498398921601839307e-06,5.699795875401135756e-06,5.798804691120621344e-06,5.876851640700630422e-06,5.965309869182262425e-06,6.189150542660652159e-06,6.281480609182872066e-06,6.380954682900396992e-06,6.554157145567070499e-06,6.678264945086899093e-06,6.776072937541563849e-06,6.874703373421289482e-06,7.028665769261184260e-06,7.111022009991808540e-06,7.189240075175343788e-06,7.281847839132697766e-06,7.349019709734090939e-06,7.395306452329131016e-06,7.440138625692041970e-06,7.462354843523239039e-06,7.469899343915227668e-06,7.469899343915227668e-06,7.467565890333886853e-06,7.448451117447036406e-06,7.406189920718180801e-06,7.366485915763119458e-06,7.304051896649986054e-06,7.214623838874491001e-06,7.146047027876249102e-06,7.075398919540156349e-06,6.921436523700261571e-06,6.836869871170558770e-06,6.755708486924876164e-06,6.645194088810985841e-06,6.477787710267117494e-06,6.400535215342658191e-06,6.333275435009261386e-06,6.109434761530871653e-06,6.048839846911651737e-06,6.001323711702856686e-06,5.928991025903663301e-06,5.733925431853379649e-06,5.713674744433918779e-06,5.674946209335571468e-06,5.480109099800416835e-06,5.490413042484172150e-06,5.513089929362032036e-06,5.301237784546569195e-06,5.341332872360073521e-06,5.391140297974392713e-06,5.448676493258487550e-06,5.266573127778151524e-06,5.338466497088396064e-06,5.414458842536898597e-06,5.258286543440333582e-06,5.345283468750039255e-06,5.432467120997456074e-06,5.562936480164485234e-06,5.397102314610216184e-06,5.487749058704252699e-06,5.635921608314826200e-06,5.477080681904510223e-06,5.563758744148842584e-06,5.642414193695809292e-06,5.568133906647444945e-06,5.644336735235377180e-06,5.710316963469216446e-06,5.864086745220363232e-06,5.715168857823970714e-06,5.764057759776192389e-06,5.801023560007075204e-06,5.764731023776261263e-06,5.793619574472425808e-06,5.810198043161533917e-06,5.932777038613188438e-06,5.792184344209078394e-06,5.787531041118673036e-06,5.771201603244012299e-06,5.756048085124787724e-06,5.730505015590829729e-06,5.694147108046757524e-06,5.769022514758884226e-06,5.639120609249566868e-06,5.584315961126349184e-06,5.639679591804847906e-06,5.515365125983588395e-06,5.444263081059675086e-06,5.365589484115755840e-06,5.362646958683855011e-06,5.277730359774776805e-06,5.186651680016589867e-06,5.197394966116161406e-06,5.089147792690417241e-06,4.988233324341556845e-06,4.883247835150615253e-06,4.883216459065312792e-06,4.775009757885945375e-06,4.663933433877482915e-06,4.641145599338455144e-06,4.551407929398511659e-06,4.436468404460022696e-06,4.403709767943370490e-06,4.321581947564501823e-06,4.204741681039384127e-06,4.087545783145014575e-06,4.089213997340566128e-06,3.972165492400911313e-06,3.855516297322077407e-06,3.805501472065254646e-06,3.741639907751145343e-06,3.626823545841821487e-06,3.513292429003905516e-06,3.515555763341212821e-06,3.403608519263217179e-06,3.293385060715789539e-06,3.235203862719268819e-06,3.187553677041726725e-06,3.081341962870727429e-06,2.977321746290740422e-06,2.979929674526501186e-06,2.878245682194226072e-06,2.778954967138510432e-06,2.719036733106096258e-06,2.684845163595875542e-06,2.590566612255868994e-06,2.531219476244457449e-06,2.501606852389088165e-06,2.412498721244136180e-06,2.326002159200580518e-06,2.328762635834657087e-06,2.244881011721586663e-06,2.163611390733606708e-06,2.107754660520870444e-06,2.087671960727533402e-06,2.011567919718208263e-06,1.938014380247199347e-06,1.940694844034139919e-06,1.869637711811103887e-06,1.801057777227409756e-06,1.750478123521166835e-06,1.737496352005017177e-06,1.673709984447506741e-06,1.625483640182707220e-06,1.614753242715605182e-06,1.555553562371243404e-06,1.498581339754936011e-06,1.500971727679678657e-06,1.446133802928756401e-06,1.393407899773255567e-06,1.351267338498328099e-06,1.344973642908041483e-06,1.296254672244406153e-06,1.249468925796121710e-06,1.251585657048930097e-06,1.206631637802629265e-06,1.163490820815535929e-06,1.127302126153230033e-06,1.124051988812467937e-06,1.084317276933481053e-06,1.050387605855787210e-06,1.048038595685595765e-06,1.011477111581653770e-06,9.797218989982289011e-07,9.814118869014221607e-07,9.502336801682875675e-07,9.197021796263554798e-07,8.898413401812843965e-07,8.913605602055375496e-07,8.621495135049791339e-07,8.336493521029033153e-07,8.350429876542330292e-07,8.072286000284222565e-07
6.968881424358063116e-07,7.191710091130336957e-07,7.420603183586512242e-07,7.405846195684495861e-07,7.640225548173746000e-07,7.880414216286870447e-07,7.864256147395499256e-07,8.109622718339831173e-07,8.360459345489216003e-07,8.616565159923559137e-07,8.625382072250495607e-07,8.920547689577037659e-07,9.194532450699775838e-07,9.209334672121910758e-07,9.530815091616022162e-07,9.823460478672424775e-07,9.845479580931060362e-07,1.019533661480825416e-06,1.050734823460538972e-06,1.088258475870096442e-06,1.091836499967661683e-06,1.131504994869021709e-06,1.165742094258536830e-06,1.170429848289208505e-06,1.213479871938394390e-06,1.249773956212755675e-06,1.295677312152995335e-06,1.302418034570933877e-06,1.350977979585233611e-06,1.390397513946654227e-06,1.398770997158712575e-06,1.451261747380299818e-06,1.492721868480221136e-06,1.502981264474322842e-06,1.559609641588882711e-06,1.603045762319813307e-06,1.662793116731758119e-06,1.676426313410887639e-06,1.739619618082671104e-06,1.785807816749776300e-06,1.802072781751575635e-06,1.869821703729896477e-06,1.917604287837294244e-06,1.988384915771934063e-06,2.009255300932015794e-06,2.084015972793912331e-06,2.133669259443854985e-06,2.158075096997765012e-06,2.237536304636101147e-06,2.287963301942802004e-06,2.316304369813219632e-06,2.400399456063508902e-06,2.451109822200136494e-06,2.537359227603480117e-06,2.572361630891354446e-06,2.663036944119283343e-06,2.712978522677796529e-06,2.752949725351801370e-06,2.847598935257156354e-06,2.896067129070510602e-06,2.991375641068811586e-06,3.039521152953181785e-06,3.139067002087478692e-06,3.183471758455861627e-06,3.237547203017861961e-06,3.339415317487128788e-06,3.379701333129933670e-06,3.479708707339150553e-06,3.543195930790499927e-06,3.646497535695811520e-06,3.678015499428665356e-06,3.748087941561294789e-06,3.850700379574555189e-06,3.874526721105750975e-06,3.951309150456624580e-06,4.051604208125306991e-06,4.066118641252068624e-06,4.159036638036894675e-06,4.245756818332080882e-06,4.338841821441737689e-06,4.336115774459433763e-06,4.429378975747902103e-06,4.515095698253547073e-06,4.498937348687599945e-06,4.572307141564507441e-06,4.674627050333624861e-06,4.744677098939731605e-06,4.705523999106348811e-06,4.813648206561789220e-06,4.870652334957397851e-06,4.815294889034531701e-06,4.928969934408535997e-06,4.971029131652108043e-06,4.899393011244421736e-06,4.923545804831702589e-06,5.044210185644843554e-06,5.060157569066713147e-06,4.964549297161416594e-06,5.090456294213456398e-06,5.088972327649515867e-06,4.980787165157013386e-06,4.961820876942659154e-06,5.094291450832005508e-06,5.066057760080963389e-06,4.943830902337456731e-06,5.082801264295734134e-06,5.040926442826117460e-06,4.917460618548239541e-06,4.865286713720188288e-06,5.012792529790800122e-06,4.954612190339597879e-06,4.838376763630480301e-06,4.995392857646081461e-06,4.935588336880964934e-06,4.836126961024112515e-06,5.004125445686739536e-06,4.949512818268054078e-06,4.874606898148871251e-06,4.830767954053637502e-06,5.012169732600523439e-06,4.973814345922027100e-06,4.943398052768765511e-06,5.136775748585345723e-06,5.120324620072978529e-06,5.127972515115404219e-06,5.136668405617374299e-06,5.341301300997399144e-06,5.362306157655577760e-06,5.424670366483785614e-06,5.634881384286015347e-06,5.684321701258292312e-06,5.779980616567798077e-06,5.989382129930770269e-06,6.063268802694629855e-06,6.182619799448008678e-06,6.277682943463261493e-06,6.472926083398463951e-06,6.571303428885397850e-06,6.705451865232679728e-06,6.878137885556628917e-06,6.976452108326313886e-06,7.099251167563911699e-06,7.195189827854141034e-06,7.322005411672445679e-06,7.401984980610927348e-06,7.487868467457415565e-06,7.568544142231112806e-06,7.616125420273612085e-06,7.657242841683234574e-06,7.686133973222680175e-06,7.693924458303210407e-06,7.693924458303210407e-06,7.691814150613967245e-06,7.665555333438228163e-06,7.628001861927737757e-06,7.587634147865933943e-06,7.510072524974703853e-06,7.429777892461319824e-06,7.360420236708010281e-06,7.237719396004046085e-06,7.155281129945357767e-06,7.043306017257189789e-06,6.963360002001952059e-06,6.796488808476595070e-06,6.677900979357575276e-06,6.603986377640881040e-06,6.415345908480305264e-06,6.348020260142519486e-06,6.252424039509677631e-06,6.211923008948227345e-06,6.009175767070325622e-06,5.942852201961762744e-06,5.931707854436580480e-06,5.727248561679744215e-06,5.699383744128844214e-06,5.720191642748776971e-06,5.519649513346153557e-06,5.552816986005077123e-06,5.585811707607274514e-06,5.646156082669885295e-06,5.453189791090256091e-06,5.526890744990742105e-06,5.608315032164950826e-06,5.424336128673251084e-06,5.508631780771626427e-06,5.628315086298702627e-06,5.721795914539068925e-06,5.546449328746595336e-06,5.690069590564389029e-06,5.784366146775995533e-06,5.616915118732187514e-06,5.775540491700051173e-06,5.862963742680970020e-06,5.702200083721447392e-06,5.779497547485138113e-06,5.940956770893511390e-06,6.003301914565215488e-06,5.847576389851578483e-06,6.004019475177777869e-06,6.046719241870072115e-06,5.895745289429767160e-06,5.925535665074917892e-06,6.061543019716338086e-06,6.068862837443532084e-06,5.922746836710976715e-06,6.041712521597358234e-06,6.026353667629235553e-06,5.884925678097562474e-06,5.858818653861689509e-06,5.947211263099932402e-06,5.898903012395733676e-06,5.764398981986572133e-06,5.832351399711526142e-06,5.765304898139521860e-06,5.636736017194473959e-06,5.684614292436330736e-06,5.601355199768895925e-06,5.479246749791508301e-06,5.391729117486413792e-06,5.411470488372126429e-06,5.308927045671647854e-06,5.197241711285637492e-06,5.200598377842911454e-06,5.088972553763749879e-06,4.984914773445557571e-06,4.873364570444345668e-06,4.855792916110179805e-06,4.735292595240217415e-06,4.642947067618071262e-06,4.614072542211027386e-06,4.490669059238177768e-06,4.406256785284738491e-06,4.368051587030374159e-06,4.243723227653750403e-06,4.167117233885833438e-06,4.046684710128708730e-06,3.997853257143308271e-06,3.875140885311023236e-06,3.809726183406916249e-06,3.755889526793302073e-06,3.635901199673006642e-06,3.577541489233372499e-06,3.462601141997218565e-06,3.403822966654133483e-06,3.289644371576443549e-06,3.241030404283859099e-06,3.180447121343156142e-06,3.071000080889253499e-06,3.028314362982830630e-06,2.924158194271039175e-06,2.862618272761825799e-06,2.761032923972196898e-06,2.726310468292634547e-06,2.665095672742722619e-06,2.569056193577271917e-06,2.539044628426124339e-06,2.478751844481668783e-06,2.388346710965415012e-06,2.362574821109379142e-06,2.276945297180010651e-06,2.218900446651439249e-06,2.136912296666898215e-06,2.116674463772410831e-06,2.060553066459740277e-06,1.984041924905822978e-06,1.966975698972793319e-06,1.894609388893849728e-06,1.841812548747797192e-06,1.773201095451822063e-06,1.760209434473973401e-06,1.709805881330013112e-06,1.646181569562968975e-06,1.635477732037303287e-06,1.587548660085250009e-06,1.528666898857295029e-06,1.519950460855747781e-06,1.464275172440196289e-06,1.420135172395785322e-06,1.367903295380672543e-06,1.361691622217566044e-06,1.320051489915638771e-06,1.271908570345972314e-06,1.267061655335343136e-06,1.221514048554807431e-06,1.183560838093147592e-06,1.141080369436123090e-06,1.137930411304408853e-06,1.102335041793613299e-06,1.063293174707150393e-06,1.061044122080190145e-06,1.027722170097435554e-06,9.918716944817286056e-07,9.903757864059796276e-07,9.592333309529246157e-07,9.287344713761254017e-07,8.989032345896535830e-07,9.004490915706412041e-07,8.712617891412382033e-07,8.427825525813308081e-07,8.441943668841682477e-07,8.163954851928272207e-07,7.893349528117785409e-07
6.853463821434703718e-07,7.070058552151693724e-07,7.292784751755024769e-07,7.521546944132460429e-07,7.506629780908381718e-07,7.740818836081635764e-07,7.980786235152883556e-07,7.964375074347366024e-07,8.209455879649776615e-07,8.483022755782887556e-07,8.768987282138340652e-07,8.750526879381163027e-07,9.048868748487508768e-07,9.360617431081334457e-07,9.340591368317944838e-07,9.665745716371866393e-07,1.000536420235125091e-06,9.983763175581955636e-07,1.033786610270227312e-06,1.070753231540547042e-06,1.109332291797047250e-06,1.106963726178427567e-06,1.147160568608946285e-06,1.189084098476057180e-06,1.186563030047821718e-06,1.230220990453169196e-06,1.275721115486292162e-06,1.323120553235772467e-06,1.320406012054660401e-06,1.369715422786502307e-06,1.421037566196260005e-06,1.418189108907865705e-06,1.471536592787602766e-06,1.527005652269862067e-06,1.524036562479683443e-06,1.581641306626585363e-06,1.641468458358058415e-06,1.703562994102203946e-06,1.700460164084201832e-06,1.764835598318264145e-06,1.831558766938102854e-06,1.828381192859967035e-06,1.897464353393872451e-06,1.968955214102716800e-06,2.042872344828109815e-06,2.039637294095229687e-06,2.115985573524968381e-06,2.194776216089986082e-06,2.191535303342188556e-06,2.272766068187232205e-06,2.356415718081662504e-06,2.353205551659584233e-06,2.439261305696299426e-06,2.527662998541227146e-06,2.618349718045061438e-06,2.615244287730331922e-06,2.708176775227590867e-06,2.803225608221216040e-06,2.800251255080776024e-06,2.897354800122741356e-06,2.996326477727358861e-06,3.097005201882182563e-06,3.094282640396483720e-06,3.196559893917656556e-06,3.300150931171078378e-06,3.297681208603758958e-06,3.402442115296987342e-06,3.508010209557933185e-06,3.614081661671935690e-06,3.612050744698934478e-06,3.718419829645610718e-06,3.824593165304713608e-06,3.822989997198463736e-06,3.928727623850103556e-06,4.033433482591122600e-06,4.032379138761899416e-06,4.135793265648495085e-06,4.237203028792481732e-06,4.336058940732351042e-06,4.336032516432656248e-06,4.432068098697212715e-06,4.524418459415098216e-06,4.525522656145738941e-06,4.613973821270858273e-06,4.697456629140556255e-06,4.775286026368405722e-06,4.778710374493018307e-06,4.850971662470471455e-06,4.916271277487994888e-06,4.922391776682737676e-06,4.981178220151296212e-06,5.031757969871730037e-06,5.041804919468157127e-06,5.085179003034380426e-06,5.119262961254955279e-06,5.143488248050720021e-06,5.161518426013645039e-06,5.177997171171088187e-06,5.183960524306030669e-06,5.210770587156340548e-06,5.209464227950790027e-06,5.197446172100575614e-06,5.174631000046377789e-06,5.217983867140082184e-06,5.189550717275203644e-06,5.151002747774747380e-06,5.211027994921623799e-06,5.169179781531083539e-06,5.118605062976895321e-06,5.060054700727492511e-06,5.148431542315870425e-06,5.090998889806559741e-06,5.028071510206235128e-06,5.142013315474913777e-06,5.084112367075256997e-06,5.023815512726979177e-06,5.166107115482358210e-06,5.114878909882992439e-06,5.064760376289389261e-06,5.017597314691077487e-06,5.199316776973884817e-06,5.166660982848066472e-06,5.140603247973072283e-06,5.350177619653084697e-06,5.341025863961682765e-06,5.341591606033567139e-06,5.353500594621528112e-06,5.592506657773049845e-06,5.622432947678549548e-06,5.665304723505804957e-06,5.916605834032398177e-06,5.974910984930410841e-06,6.046102218124323064e-06,6.298171000981786516e-06,6.379573651003416195e-06,6.471913688271615858e-06,6.574329335240423630e-06,6.806068348591725253e-06,6.908161408210145452e-06,7.015797645178456770e-06,7.215365582912929852e-06,7.312784429300493248e-06,7.410217474750471482e-06,7.505500197449030953e-06,7.641517247632517628e-06,7.713569646873476830e-06,7.778432489469800412e-06,7.854847687316782312e-06,7.889663908963190787e-06,7.914275483428365610e-06,7.925329459420016095e-06,7.928261600519010554e-06,7.917207624527360069e-06,7.898734460069659495e-06,7.870870850142907405e-06,7.794455652295925505e-06,7.737875491198557430e-06,7.675912457449001407e-06,7.539895407265514733e-06,7.456932548198601732e-06,7.374409216718157352e-06,7.294775298506609546e-06,7.095207360772136464e-06,7.008435414518958905e-06,6.930404139543838820e-06,6.698665126192537196e-06,6.623538616260558861e-06,6.561657049471712381e-06,6.513739405651033439e-06,6.261670622793569987e-06,6.226769098374134203e-06,6.207265665849277710e-06,5.955964555322684490e-06,5.954053184745482053e-06,5.966843802932050975e-06,5.727837739780530088e-06,5.759963824585872331e-06,5.804289861154547959e-06,5.858718297447651094e-06,5.649143925767636986e-06,5.720393132024569433e-06,5.797697673452622978e-06,5.615978211169602196e-06,5.706811875059841314e-06,5.799217461802819541e-06,5.890980060297092670e-06,5.748688457489611794e-06,5.847438865370026311e-06,5.941428357497964570e-06,5.827486551199107510e-06,5.923898938641587123e-06,6.012020538540174891e-06,5.923643686539254837e-06,6.009939648909917185e-06,6.085212920119805244e-06,6.148650094890862364e-06,6.088624739721303281e-06,6.145627655964617344e-06,6.189392229323175319e-06,6.146038946831812332e-06,6.181103451690416468e-06,6.202357931737053421e-06,6.209980495316626759e-06,6.183168744280831717e-06,6.180713429614630267e-06,6.165064004741862725e-06,6.147029967028496458e-06,6.121096231681590603e-06,6.082918793678422264e-06,6.033225067026329681e-06,6.023168843178634954e-06,5.964204670781904375e-06,5.895136066842318219e-06,5.888999900415992200e-06,5.811683228650247204e-06,5.725836118071119671e-06,5.722387596888190224e-06,5.629560914105972874e-06,5.529828589128222394e-06,5.424026390824326838e-06,5.422883726991562008e-06,5.312218154743275790e-06,5.197053927866939092e-06,5.197029500286301619e-06,5.078348073044933768e-06,4.956545856916521207e-06,4.832287073387877878e-06,4.833272927866701586e-06,4.707372572816786305e-06,4.580194026965519231e-06,4.581715436256897670e-06,4.453941620112643131e-06,4.325900466332963729e-06,4.327836957667907085e-06,4.200094057340496833e-06,4.072928378217929536e-06,3.946706064029787420e-06,3.949066217313765329e-06,3.824202402177566676e-06,3.700894270537742863e-06,3.703497657630450077e-06,3.582071068057286588e-06,3.462676073923683741e-06,3.345507219726750479e-06,3.348352317741756205e-06,3.233622925545689848e-06,3.121421238274323107e-06,3.124392002481359186e-06,3.014866421036387884e-06,2.908074477830958175e-06,2.804090378545051731e-06,2.807161494516542573e-06,2.706055002928153135e-06,2.607847106668675582e-06,2.610947682458669425e-06,2.515664417648232088e-06,2.423310859713393017e-06,2.426405847118655237e-06,2.336971733435910770e-06,2.250450643047411493e-06,2.166821099797812855e-06,2.169861108966339786e-06,2.089072030906872447e-06,2.011104733552364815e-06,2.014073237120231798e-06,1.938855503701950422e-06,1.866364991809609964e-06,1.796548287930281473e-06,1.799388842318476397e-06,1.732151773367839498e-06,1.667468953541026680e-06,1.670194098050132801e-06,1.607961013268731184e-06,1.548152711601611017e-06,1.550749737489133931e-06,1.493254675081457013e-06,1.438049169025843815e-06,1.385064891696832086e-06,1.387476820514978072e-06,1.336596951844408517e-06,1.287800302550812834e-06,1.290066330571348060e-06,1.243234954524924072e-06,1.198350060725123876e-06,1.155344409227614509e-06,1.157410998881976662e-06,1.116167976006712827e-06,1.076672431749623149e-06,1.078588343182222300e-06,1.040726025428108990e-06,1.004484301447542553e-06,1.006250424779743330e-06,9.715183263205722409e-07,9.382855996938627516e-07,9.084817023633417437e-07,9.100517728753580950e-07,8.808856394541743065e-07,8.524246088096179061e-07,8.538517472295579695e-07,8.260653888664643432e-07,7.990146596116133931e-07,7.727108733550713202e-07
6.973199831218176756e-07,6.960192839264775980e-07,7.176750919279968944e-07,7.399411683598215503e-07,7.628078737720170621e-07,7.613035806462231249e-07,7.847067529910937836e-07,8.086845094000867057e-07,8.086169102987387912e-07,8.353237646064067558e-07,8.610792193191607483e-07,8.899770409984953442e-07,8.906193046805723717e-07,9.182506430040288693e-07,9.497738923057299221e-07,9.510085069506411942e-07,9.806108212529390244e-07,1.014975258530042147e-06,1.016932122062994908e-06,1.053273912688393798e-06,1.086026487129782924e-06,1.125107112529490460e-06,1.128462500863571687e-06,1.163392698716023563e-06,1.205893945436606015e-06,1.210386176459806673e-06,1.255387333809029101e-06,1.293719475558550276e-06,1.341833011695349896e-06,1.348453475725784403e-06,1.389077421767457918e-06,1.441217429326563258e-06,1.449542724115648614e-06,1.492460989108368071e-06,1.548864197108545305e-06,1.559172198725615205e-06,1.618938481580753964e-06,1.665243179887834516e-06,1.728473602844832153e-06,1.742361573070300010e-06,1.790791652310582703e-06,1.858800723057580953e-06,1.875499909513031623e-06,1.947530252775500205e-06,1.998836065667628500e-06,2.074291659467832930e-06,2.095950451644929899e-06,2.148841195327648554e-06,2.229353247323236786e-06,2.254843814103503513e-06,2.308959202939341606e-06,2.394524322431007671e-06,2.424303575203680263e-06,2.514668245246189429e-06,2.569698328625326743e-06,2.662606803708612028e-06,2.699696230035985609e-06,2.754549026949628350e-06,2.852026990298404879e-06,2.894601848854513650e-06,2.997075249138685093e-06,3.050084771065830290e-06,3.153493058931723515e-06,3.205147208704065817e-06,3.255673753848404285e-06,3.362176706619694562e-06,3.420453044242143463e-06,3.531511525067063591e-06,3.575914259339719598e-06,3.685113560956086472e-06,3.753953272954697061e-06,3.792477158326756985e-06,3.901869089617336951e-06,3.978132992664622187e-06,4.009122540353595914e-06,4.117077486829559297e-06,4.200930007210849360e-06,4.311048385888426989e-06,4.327209197818509172e-06,4.429205265541770555e-06,4.524329188178932779e-06,4.528280871793428550e-06,4.623590580573359360e-06,4.726156775067140243e-06,4.820300860581175120e-06,4.802247378701545797e-06,4.882553572401161782e-06,4.995431267835585808e-06,4.960838642524241603e-06,5.028191264327196183e-06,5.147700020463368882e-06,5.095502902343695800e-06,5.147649482814426613e-06,5.273522812633848888e-06,5.318604573826448099e-06,5.238515315886684762e-06,5.263454023793179718e-06,5.397347785541853745e-06,5.300236859164519706e-06,5.306465999970632784e-06,5.446459132731536460e-06,5.442647348093207092e-06,5.322723204466345618e-06,5.299618860240572880e-06,5.447263110329285475e-06,5.318587152279273724e-06,5.279830583098926163e-06,5.435127519383837471e-06,5.387219131550503553e-06,5.253586698067875934e-06,5.195348611097155832e-06,5.360616247277896408e-06,5.235541232986786354e-06,5.173999156795394263e-06,5.350268091114677059e-06,5.242611883858019401e-06,5.185177873751081499e-06,5.373892156803240754e-06,5.317563225312342159e-06,5.246898004243744390e-06,5.205043910569990039e-06,5.408334567513501111e-06,5.374789736929927632e-06,5.355910210863780716e-06,5.571555683990790122e-06,5.563252294063251881e-06,5.588587233128726891e-06,5.609824040321202537e-06,5.835445289485442552e-06,5.902514590645853741e-06,5.955150831683788743e-06,6.183567454659696646e-06,6.286034317604573482e-06,6.366127142879166319e-06,6.588925535060663351e-06,6.677687022056432054e-06,6.814351853341799051e-06,6.922387841425236201e-06,7.121661715987539693e-06,7.260822818180410800e-06,7.369568608734868183e-06,7.536806172937583667e-06,7.635442078272118810e-06,7.752877836172507989e-06,7.841885130516868286e-06,7.949643780430011602e-06,8.027295040213288827e-06,8.080374881759756794e-06,8.132646877292984007e-06,8.158136692471669858e-06,8.167059206143241479e-06,8.167059206143241479e-06,8.161337449626654357e-06,8.142556722266004030e-06,8.093350850652436968e-06,8.048187052346334321e-06,7.976286841276238824e-06,7.872357726620479978e-06,7.795070738074730821e-06,7.686830276861529029e-06,7.604685360342760830e-06,7.443190083689589716e-06,7.354739508537436292e-06,7.232269437105072926e-06,7.039898381348158584e-06,6.958821934498786706e-06,6.844911711374716489e-06,6.789625727002605488e-06,6.574412031293924054e-06,6.530849041514239341e-06,6.460628808692885577e-06,6.239223502473009706e-06,6.228220146284262518e-06,6.199219791281991015e-06,5.979128116015270297e-06,6.003003482167370837e-06,6.020605187856513656e-06,6.077016695646277357e-06,5.863154320044867689e-06,5.928757060747074140e-06,6.010038694902175662e-06,5.805288472359271388e-06,5.892508487030747182e-06,6.012209461063600446e-06,6.112630569160195069e-06,5.917082560706104358e-06,6.014691558112939417e-06,6.170513808512360647e-06,5.983844940131094613e-06,6.080483579687448865e-06,6.251482968775188710e-06,6.072506284302069120e-06,6.159915162223323451e-06,6.336163588892918468e-06,6.408108712294764024e-06,6.234944826609832370e-06,6.293212864872571225e-06,6.458114506391335942e-06,6.290497265519908703e-06,6.326636105411921139e-06,6.477951732487946343e-06,6.489149425928274717e-06,6.327094818861362627e-06,6.324760109831966795e-06,6.445725975059975715e-06,6.289065147849250848e-06,6.262563092874354342e-06,6.361564674371180608e-06,6.310034060414432079e-06,6.161242635105399012e-06,6.100550920079007348e-06,6.164715951614002727e-06,6.022694727137915586e-06,5.943002510254908317e-06,5.985379354132804361e-06,5.850715341995479081e-06,5.754961410931232625e-06,5.777037475787202364e-06,5.664430218240527350e-06,5.541614779751951753e-06,5.427406786015290388e-06,5.422682381144592035e-06,5.308535252860402994e-06,5.186077112814781507e-06,5.166501829663070273e-06,5.034183103243703473e-06,4.933314128195977438e-06,4.803490712909367819e-06,4.765930891017696117e-06,4.674031467406157764e-06,4.542362926751465077e-06,4.495654147694549872e-06,4.412554095677581393e-06,4.281019137494256041e-06,4.227168872814546379e-06,4.093349747802857200e-06,4.022809720797712282e-06,3.894407095743868087e-06,3.833117954841784200e-06,3.770457012432376083e-06,3.645707607693850693e-06,3.581386896177732109e-06,3.457727506138590669e-06,3.405893153882856422e-06,3.288199520761904524e-06,3.221617140347312857e-06,3.176329718609952658e-06,3.064088538465847528e-06,2.997269583380887391e-06,2.888067152076854891e-06,2.851522757486985925e-06,2.748069321578652664e-06,2.682332761106555760e-06,2.650926158886078328e-06,2.553530555392668987e-06,2.489263430380675392e-06,2.462456129313564108e-06,2.371131548231141879e-06,2.308774703483273861e-06,2.221567065916472603e-06,2.200725746032453181e-06,2.118353073818946437e-06,2.059469331109418617e-06,2.042020989923312822e-06,1.965402914248248885e-06,1.909093490827374118e-06,1.836648675243280128e-06,1.823531024264798255e-06,1.755140281204655487e-06,1.702933485460179506e-06,1.692226644620603844e-06,1.628982971789250633e-06,1.579562973481227927e-06,1.570936911838333312e-06,1.512559323636608435e-06,1.465925746257333293e-06,1.411306815646880958e-06,1.405284904270363807e-06,1.353690777810271459e-06,1.311190366073221586e-06,1.306572340271346102e-06,1.259121419324632815e-06,1.219273676122047633e-06,1.175135013172227250e-06,1.172249199762444463e-06,1.130509594480993680e-06,1.094495130381971178e-06,1.092516789253362315e-06,1.054225878658616041e-06,1.020616291310383294e-06,1.019389209663937949e-06,9.842876788556913468e-07,9.529682589572170809e-07,9.205210415148507701e-07,9.201985192750612662e-07,8.910505475372547878e-07,8.626045689602700906e-07,8.640437397211090694e-07,8.362664833204720674e-07,8.092220143181892397e-07,7.829217344672470003e-07,7.841661250840022548e-07
6.874736514710430789e-07,7.085671039709757557e-07,7.072699648721077511e-07,7.289264352458361605e-07,7.511901769913205051e-07,7.740514500576988174e-07,7.725385251763055710e-07,7.972002971348720870e-07,8.230192592228459834e-07,8.213369650244907103e-07,8.483059695670175591e-07,8.765343718442800388e-07,9.036121568559592603e-07,9.041593558847041096e-07,9.350097179643435547e-07,9.640556119373889482e-07,9.651877976719427451e-07,9.988857658021592689e-07,1.034126727877416914e-06,1.031846019733916968e-06,1.068629706935694850e-06,1.107079841588667983e-06,1.141486726327405043e-06,1.144733762781504462e-06,1.186647160613314504e-06,1.230420346097342946e-06,1.227712367185110564e-06,1.273351441850846174e-06,1.320982785315425387e-06,1.361198316327532836e-06,1.367730431104580624e-06,1.419488349639725346e-06,1.462074633766611338e-06,1.470329807624775895e-06,1.526481458998532403e-06,1.584952830322019967e-06,1.581693717044388134e-06,1.642498962809757982e-06,1.705745655005376276e-06,1.754147971891037493e-06,1.768056080024462721e-06,1.836311150587624130e-06,1.907164870542423141e-06,1.903628525106145407e-06,1.977094639275617133e-06,2.053240195939777867e-06,2.106612630091869776e-06,2.128466377219073147e-06,2.210034328182389514e-06,2.264904943587353764e-06,2.290691238060827683e-06,2.377743452950854395e-06,2.467529466292298407e-06,2.463892242206666565e-06,2.556401272322491440e-06,2.651581438258523302e-06,2.708094403806349196e-06,2.745832571865910903e-06,2.846198701810682325e-06,2.949007801968355890e-06,2.945600089499496617e-06,3.050788779393444827e-06,3.158160854143055162e-06,3.211586701768554310e-06,3.264406857239423419e-06,3.375685509385381762e-06,3.488549328970984716e-06,3.485691738843576872e-06,3.599984780303371310e-06,3.715305396513783414e-06,3.758259147865278686e-06,3.828952847235120089e-06,3.945425076683662597e-06,3.981492501779829061e-06,4.059929484405808926e-06,4.175945927397987281e-06,4.290922469718987772e-06,4.289681576587214763e-06,4.403326448207815361e-06,4.514822460301120326e-06,4.525336318988862188e-06,4.623494803157208220e-06,4.729133336092517148e-06,4.830690382880128453e-06,4.831972674102220195e-06,4.929213652120463475e-06,5.020892733090442231e-06,4.993422267522198254e-06,5.110244094995333037e-06,5.189333536908080428e-06,5.143942871242373582e-06,5.267796109589437478e-06,5.331710130766742937e-06,5.386320845180183933e-06,5.398266455217351641e-06,5.444807045010232989e-06,5.480809205738914633e-06,5.387812318312733358e-06,5.527169553223937916e-06,5.543380577774085940e-06,5.547696170306032716e-06,5.579808539798684394e-06,5.576177842896997681e-06,5.560506308490876736e-06,5.429966373475031736e-06,5.584724000978286527e-06,5.551127417263287405e-06,5.506364501342265894e-06,5.578260512364199108e-06,5.530501598720048207e-06,5.473346277180070542e-06,5.338345696057582940e-06,5.513188035956091731e-06,5.449922619824717128e-06,5.329373355015462769e-06,5.516497664870429302e-06,5.454721300932277735e-06,5.391302528038949342e-06,5.558941837222206686e-06,5.506928268864591308e-06,5.457393021336265761e-06,5.407398746963690134e-06,5.623800265181127680e-06,5.596146603040090333e-06,5.577224841361748660e-06,5.817731441784885533e-06,5.818063464384774734e-06,5.830367391952203193e-06,5.886643776771484466e-06,6.124492023420006314e-06,6.169551530469526791e-06,6.266686289792540134e-06,6.505175407471211452e-06,6.579773418629363281e-06,6.668110242681801637e-06,6.937012866514693334e-06,7.032749076491274196e-06,7.138936093765429702e-06,7.288832492053961201e-06,7.488345531702496136e-06,7.597300306357458208e-06,7.709282202129911617e-06,7.898575433629543045e-06,7.992896792941807849e-06,8.083851024857499750e-06,8.183258882839705044e-06,8.277416969536003909e-06,8.331987096694366064e-06,8.376530528826610098e-06,8.413598267497129533e-06,8.422534029282922476e-06,8.422534029282922476e-06,8.420371313091614559e-06,8.383303574421095125e-06,8.346182562799983528e-06,8.300312215219566098e-06,8.209901943685932266e-06,8.117309634980124892e-06,8.039308362711914988e-06,7.960779467919451119e-06,7.771486236419819691e-06,7.678497222761087614e-06,7.591997978124707369e-06,7.399440213171494434e-06,7.268663901193168182e-06,7.192221237997609357e-06,7.129839989935452193e-06,6.860937366102559648e-06,6.809404111264866102e-06,6.774799948502683713e-06,6.543747643825729911e-06,6.482015904396742644e-06,6.482224897630951833e-06,6.250418278568032929e-06,6.235321949291585310e-06,6.271675217499761948e-06,6.320892349128722751e-06,6.080385748705586725e-06,6.149195058017990978e-06,6.226525897405912419e-06,6.009102874352340121e-06,6.109054762243879946e-06,6.206283800220601980e-06,6.304286352057146324e-06,6.136647042855328794e-06,6.243933444709657154e-06,6.347090568582228698e-06,6.149619072037472844e-06,6.319098060306434010e-06,6.417891949779357041e-06,6.229212412494898620e-06,6.410324049378141502e-06,6.496351875360984464e-06,6.569486369116758783e-06,6.497590270305921107e-06,6.564183993568544223e-06,6.616062606632502526e-06,6.440817452649985569e-06,6.606612884436855684e-06,6.633609179737829913e-06,6.645220992976008373e-06,6.613106941526788348e-06,6.613553471395513534e-06,6.599032133239107487e-06,6.436186558213907204e-06,6.551446488671613843e-06,6.511488338637792181e-06,6.458441273649811463e-06,6.446485524587137436e-06,6.383005634081493487e-06,6.308054388255504879e-06,6.160938831313070681e-06,6.216559013642718636e-06,6.122670019106248036e-06,5.983336935568058200e-06,6.016890835692291720e-06,5.907396035264943953e-06,5.791099332947686753e-06,5.789772833474762022e-06,5.668079589066911752e-06,5.541398759611492832e-06,5.423606118693183393e-06,5.410854216778739310e-06,5.276923364997625115e-06,5.140354081977706125e-06,5.141515574939831955e-06,5.003242183901871592e-06,4.863674571637738616e-06,4.769133956178560197e-06,4.725368508116810298e-06,4.585133441219022410e-06,4.499767594180604014e-06,4.447639073135901520e-06,4.308688436971938029e-06,4.170942376345351150e-06,4.173673430463719965e-06,4.037591711080631817e-06,3.903389027600282806e-06,3.839277365527651315e-06,3.774420634652419414e-06,3.644847281717085507e-06,3.517877184198960047e-06,3.521136871982361782e-06,3.396994698973876001e-06,3.275771747166122373e-06,3.229651506284413575e-06,3.161006161494318797e-06,3.045979434976551776e-06,2.934151229439028834e-06,2.937630918050364760e-06,2.829062280945813203e-06,2.723771123239690036e-06,2.691958295876841977e-06,2.625264646228433731e-06,2.526554055203345897e-06,2.499464015835794059e-06,2.434576637488206295e-06,2.342381726951999178e-06,2.253406346780448362e-06,2.256789596260611382e-06,2.170961783238633337e-06,2.088258977490502097e-06,2.070745482758602661e-06,2.011871546961858505e-06,1.935204524574889325e-06,1.861476481743895684e-06,1.864594504301408074e-06,1.793688800929582983e-06,1.725577513159404297e-06,1.714922875889858886e-06,1.663106752154635120e-06,1.600304124493006296e-06,1.591756077009649152e-06,1.542824205230864654e-06,1.485012408629042329e-06,1.429604326159938520e-06,1.432195073923675712e-06,1.379053902747707452e-06,1.328157956274184353e-06,1.323650759687887022e-06,1.281787293982430230e-06,1.235089503577511697e-06,1.190405247953713935e-06,1.192587221942963814e-06,1.149782987447093635e-06,1.108844156007143832e-06,1.106977413048708063e-06,1.071647464613025540e-06,1.034167972237157635e-06,1.033046669824997269e-06,1.000120692786891762e-06,9.658290249462120020e-07,9.330619507152775528e-07,9.346714167029045663e-07,9.033114991384414917e-07,8.733531414227541777e-07,8.748005702617982183e-07,8.470285110352561387e-07,8.199862756483906579e-07,7.936853620999999347e-07,7.949263467404465216e-07,7.693261110992774977e-07
6.788277941852136960e-07,6.993138167506346210e-07,7.204187192574069072e-07,7.191301306310554836e-07,7.407921452988764790e-07,7.630583168031330668e-07,7.868833358921575060e-07,7.862604660701843532e-07,8.102586979018385091e-07,8.363273720850426584e-07,8.360231677956600730e-07,8.618658105538828071e-07,8.903829398030651908e-07,9.202372327173532135e-07,9.182898998628026396e-07,9.494744993519360546e-07,9.821118604039509870e-07,9.830767583363698376e-07,1.014055781033391056e-06,1.049715800502715553e-06,1.051398364023396108e-06,1.084609151612227380e-06,1.123544323134232143e-06,1.164248683906843955e-06,1.167345409936358610e-06,1.204118442737665984e-06,1.248497360163751528e-06,1.252753704070065805e-06,1.291981564973044042e-06,1.340311673289652018e-06,1.390754377444686876e-06,1.387694516620746908e-06,1.440256981754928399e-06,1.495071264761758368e-06,1.503302884806778925e-06,1.548904408918889090e-06,1.608368318129044604e-06,1.618680426109096146e-06,1.666819916535672641e-06,1.731201461827370715e-06,1.798160040180251882e-06,1.812266682161559937e-06,1.864098361136553100e-06,1.936333436995392196e-06,1.953440965301203282e-06,2.007537941327908620e-06,2.085247795492898011e-06,2.165765370865095961e-06,2.161924824144922098e-06,2.245256174446424024e-06,2.331436979345858611e-06,2.358039942654959292e-06,2.416587722481082114e-06,2.508464951839295530e-06,2.539745433939397196e-06,2.599306251189983726e-06,2.696809625482657832e-06,2.797045164736689121e-06,2.836358329773389357e-06,2.896190224077819895e-06,3.001682455016896594e-06,3.047061706207117148e-06,3.106025296780903242e-06,3.216318705522657873e-06,3.328737403904648383e-06,3.384222991580970795e-06,3.439794512100515363e-06,3.555910360691727350e-06,3.618810007883431610e-06,3.670480701464966909e-06,3.789241039610398596e-06,3.908765005035526851e-06,3.906214157100912515e-06,4.026270121504366009e-06,4.146276452395382415e-06,4.229464025053625826e-06,4.263932546842320966e-06,4.382582073183961853e-06,4.474381746573406102e-06,4.498553349879855134e-06,4.613680567309100001e-06,4.725956767855134526e-06,4.830587560303146893e-06,4.835026930868032951e-06,4.939939639675855453e-06,5.053067747240871557e-06,5.041799201258853814e-06,5.136514341433437882e-06,5.224636586451822059e-06,5.229011434698617538e-06,5.310710435226474252e-06,5.384238622185934500e-06,5.516755758004692648e-06,5.458141710251339444e-06,5.514497018841698627e-06,5.654339364276809814e-06,5.575636527041042636e-06,5.612804828558097314e-06,5.638380131018534894e-06,5.787456336689397648e-06,5.678831057243438175e-06,5.683408479189980626e-06,5.839602845768517238e-06,5.715277907839487313e-06,5.699579403163254125e-06,5.671491489851431351e-06,5.836616202740830536e-06,5.694899744416550705e-06,5.649981029882457361e-06,5.824116252093607244e-06,5.681457860027181043e-06,5.624776268670790604e-06,5.559784251335953861e-06,5.675043509501633290e-06,5.613378144153324643e-06,5.546686269841253467e-06,5.745082844522645882e-06,5.635485683826515616e-06,5.575815899092718148e-06,5.788178864323264514e-06,5.710875243967844315e-06,5.667145000150156172e-06,5.628910421003782864e-06,5.856791528670609703e-06,5.836770410893646638e-06,5.826511763647841750e-06,6.066640783692788983e-06,6.093548220445244757e-06,6.115928200707183554e-06,6.152616257066764163e-06,6.435923539427856268e-06,6.491378278283327852e-06,6.561815336790462316e-06,6.808030657885664013e-06,6.933362991741865844e-06,7.030505698405081635e-06,7.264400418430075785e-06,7.408455703288147291e-06,7.519775783180707190e-06,7.638716708484800434e-06,7.836836593940154212e-06,7.980232418585679152e-06,8.090095286610731826e-06,8.244616194123513387e-06,8.358351404642462416e-06,8.440630559490776522e-06,8.515248344681018984e-06,8.595365284123190531e-06,8.645297811065290832e-06,8.673810260187635819e-06,8.689933070354371810e-06,8.689933070354371810e-06,8.677308524529351463e-06,8.656138386764566800e-06,8.610915601383494332e-06,8.534456778418513794e-06,8.469877357146445140e-06,8.399895936311412839e-06,8.295747551320761481e-06,8.146711004463175369e-06,8.055116589875910103e-06,7.926529458525341870e-06,7.735388195905528342e-06,7.641964549719697529e-06,7.559987777483534327e-06,7.440683639233665280e-06,7.215187370510168473e-06,7.154868019264025276e-06,7.061513239575225498e-06,6.823578859663712839e-06,6.796500900572014420e-06,6.787088573314757172e-06,6.503781290953665914e-06,6.515334393302201705e-06,6.542859455639102088e-06,6.563525019333520223e-06,6.326824344402528201e-06,6.388597678315339738e-06,6.460101114648685579e-06,6.232183729488950589e-06,6.321229485950676590e-06,6.414598412651554813e-06,6.545921747823702786e-06,6.327506810374219065e-06,6.433022412675049316e-06,6.596112287313295080e-06,6.387549346202889275e-06,6.494707796208207216e-06,6.593698723993113727e-06,6.478439460463648982e-06,6.577393912606387347e-06,6.664510426911217520e-06,6.852973411366735275e-06,6.659831645786923762e-06,6.727853891536641240e-06,6.910521828127029673e-06,6.723843785944239944e-06,6.767657079918077271e-06,6.795477634863758844e-06,6.952542062808819308e-06,6.772227418646777707e-06,6.772898720369543959e-06,6.908567583844055682e-06,6.734472963296583431e-06,6.707876531843814506e-06,6.666821630650804386e-06,6.764241266790592547e-06,6.599113189828670481e-06,6.533725448014364620e-06,6.605880887391772595e-06,6.448502406643048579e-06,6.361603892932608195e-06,6.264669998034457445e-06,6.260265916271559228e-06,6.155237367159789037e-06,6.042140030580320776e-06,6.056009790093500005e-06,5.920559532960785939e-06,5.794849759541867052e-06,5.789540923402279359e-06,5.663979114130952718e-06,5.529167172642429032e-06,5.390863031516271415e-06,5.361579134646485568e-06,5.251126272649133878e-06,5.108416356276590684e-06,5.066617174168471202e-06,4.966340898996824069e-06,4.821863519170267876e-06,4.677286749450282915e-06,4.679719758438950421e-06,4.535709758753051754e-06,4.392583766244280774e-06,4.329891267425477797e-06,4.253704150756889635e-06,4.113667694848127329e-06,4.046220989047940495e-06,3.978856049962258495e-06,3.843189772538443239e-06,3.710054839952750318e-06,3.638465785955286569e-06,3.583154838052170587e-06,3.455735849203109743e-06,3.383068197783090850e-06,3.335000256608019646e-06,3.213858349793857331e-06,3.095987162736383233e-06,3.023617248265663032e-06,2.985161775747227648e-06,2.874028641944690719e-06,2.802868219681786880e-06,2.770021133542223117e-06,2.665722189065772608e-06,2.564843837814670020e-06,2.568518110533537054e-06,2.471023951821086521e-06,2.376903474896941569e-06,2.311109987449083851e-06,2.289687371484284209e-06,2.202157240133138929e-06,2.139107338746356861e-06,2.121312854612936504e-06,2.040142247898271877e-06,1.962074091315906400e-06,1.903497909090231247e-06,1.890302284980334710e-06,1.818170445961495746e-06,1.762678001748317828e-06,1.752018756776673495e-06,1.685505740291329215e-06,1.621708210057107172e-06,1.624635606375704922e-06,1.563410775067256269e-06,1.504735178763756788e-06,1.456991930719972856e-06,1.451207116053392249e-06,1.397317812560330266e-06,1.352566556844691108e-06,1.348220600114831665e-06,1.298786589716942146e-06,1.251490573703832081e-06,1.211076148148235655e-06,1.208490752553215712e-06,1.165171025719093183e-06,1.127481367933005803e-06,1.125804623104986793e-06,1.086157754228321687e-06,1.048268916416936604e-06,1.050131947270260118e-06,1.013869562254496407e-06,9.792261485918683654e-07,9.478054440741762685e-07,9.477585215909277111e-07,9.160964119103184927e-07,8.869320226637290264e-07,8.873109743325364086e-07,8.583828671178016480e-07,8.313383071588696365e-07,8.050320893344638339e-07,8.062648936609636673e-07,7.806537036952868672e-07,7.557978600058107495e-07
6.923833584437857753e-07,6.912795483151504482e-07,7.117855950274366199e-07,7.329076393512010107e-07,7.316331965243951798e-07,7.537158525009082758e-07,7.768631325980832029e-07,8.003038798180349615e-07,7.996087817532585880e-07,8.249738216498256233e-07,8.502386772170662090e-07,8.498503889347540429e-07,8.776431034293704729e-07,9.048492862384442845e-07,9.350216558913040100e-07,9.353067371402593893e-07,9.672039684699220466e-07,9.975770449590212252e-07,9.984335167675605806e-07,1.033353875889326573e-06,1.065959174477224046e-06,1.067525363184234264e-06,1.105733960764159463e-06,1.145726709168588464e-06,1.181916791082618208e-06,1.184893150001387449e-06,1.228598646366442059e-06,1.267273093659649395e-06,1.271409495542969767e-06,1.319125536411500981e-06,1.360360876025397106e-06,1.411569383694068503e-06,1.417919540408661586e-06,1.472261962089705818e-06,1.517465819794522486e-06,1.525608163282077980e-06,1.584733068593804760e-06,1.632575882239660153e-06,1.642824605386826783e-06,1.707038952270482794e-06,1.773937318620288501e-06,1.825685562814431158e-06,1.839793116534052327e-06,1.912210640687140378e-06,1.966406858125052584e-06,1.983574323976387245e-06,2.061765232497648778e-06,2.118220347029018197e-06,2.200442751586480851e-06,2.223076627474878823e-06,2.310312668699642792e-06,2.369615230885428230e-06,2.396512451005272999e-06,2.489916534188601333e-06,2.550582090773311247e-06,2.582290955328972503e-06,2.681874940196358165e-06,2.784504939415480251e-06,2.846085690945868695e-06,2.886082881384620550e-06,2.994657318831475773e-06,3.055873535040075318e-06,3.102145774566538560e-06,3.216303395161287939e-06,3.333015573526903361e-06,3.391722759599452141e-06,3.448476824721692711e-06,3.569807672031406275e-06,3.625273159512736553e-06,3.689735125896246675e-06,3.814717309738317203e-06,3.865414000090448977e-06,3.988587287538515982e-06,4.065437826894501377e-06,4.193302907615177800e-06,4.233392220419314487e-06,4.319010947479598175e-06,4.446654459170501167e-06,4.477172147858809208e-06,4.571798686480219083e-06,4.697044246706329632e-06,4.819985921714608323e-06,4.831757855515382448e-06,4.939829182064889388e-06,5.056373188010931096e-06,5.052872232035235305e-06,5.169874977217777688e-06,5.277088638737095187e-06,5.256112752432439169e-06,5.347161841294742253e-06,5.476589724929112767e-06,5.563365179269148916e-06,5.512298655584704757e-06,5.649807710448574153e-06,5.719416364319125060e-06,5.647325086156976236e-06,5.792690898460724355e-06,5.842630456859432789e-06,5.880560841279486790e-06,5.776182535707450946e-06,5.931595467506422216e-06,5.947193759316130817e-06,5.824594840089560202e-06,5.987907453666464708e-06,5.981308935679880025e-06,5.961134685592259748e-06,5.816500478307923963e-06,5.989956060484726984e-06,5.950221349966679372e-06,5.800894003160909335e-06,5.984571972573454672e-06,5.929999743302610563e-06,5.784983469170476129e-06,5.721021118720064083e-06,5.917992392172451101e-06,5.848419437979005635e-06,5.723462046476804259e-06,5.934530362428263583e-06,5.869057414159798009e-06,5.774337464317572433e-06,6.000646638582622053e-06,5.948820268287130564e-06,5.901273432045981095e-06,5.863169855155036313e-06,6.105873950391298738e-06,6.085433166955517150e-06,6.096594118382483917e-06,6.351370536101956225e-06,6.363876709924158969e-06,6.424598458348925470e-06,6.472610836085793853e-06,6.732904995346608382e-06,6.795720608073742909e-06,6.918625975573038136e-06,7.174285995738892448e-06,7.266487347303897381e-06,7.416001043041978415e-06,7.654623777366648070e-06,7.763757712240685276e-06,7.881946884753856047e-06,8.041310607115168983e-06,8.236029337036264461e-06,8.347000107493049776e-06,8.482313026142335955e-06,8.626433830486302166e-06,8.710364714338700708e-06,8.787088338503483111e-06,8.861947667056563194e-06,8.923320851436383020e-06,8.952873324573928010e-06,8.963377829780836008e-06,8.963377829780836008e-06,8.956701623211546270e-06,8.935195287892749825e-06,8.877497984316866996e-06,8.808163319295544443e-06,8.742517658466060441e-06,8.672197934693799687e-06,8.533444383339584049e-06,8.409475138019896736e-06,8.318774599289035333e-06,8.131003471700356641e-06,7.988860889208423228e-06,7.898949163256202500e-06,7.822278499160525116e-06,7.592284263845567911e-06,7.470735715278816525e-06,7.419075361946989319e-06,7.172108557262599621e-06,7.084697023562282505e-06,7.069308145013369169e-06,6.816669394607106668e-06,6.817884247800660973e-06,6.802802888518545738e-06,6.844214226206267118e-06,6.593478354023214310e-06,6.633117239218462109e-06,6.708669069308105862e-06,6.466479441133111343e-06,6.558807258653149288e-06,6.660102865775652314e-06,6.764109555766175392e-06,6.532080347814254114e-06,6.682603714678119229e-06,6.795592829752084714e-06,6.574491489099109895e-06,6.754024284013458130e-06,6.864826001512098850e-06,6.653725665945928023e-06,6.753438058219851840e-06,6.948327541480348032e-06,7.032817674048446241e-06,6.829751108836231918e-06,7.024369721304400553e-06,7.085965653610274774e-06,6.890405828511981115e-06,7.074987050083909048e-06,7.109054198906555140e-06,7.125701519006781689e-06,6.937532561591314465e-06,7.091328775552590810e-06,7.078532658683451996e-06,6.897289731604022722e-06,7.026940885830373063e-06,6.985306317966287351e-06,6.928725841063299063e-06,6.757215302341520400e-06,6.846082076170777270e-06,6.764625910290495632e-06,6.601401660816338702e-06,6.664049725928541150e-06,6.561120870201251068e-06,6.406810229204894680e-06,6.298328573410319386e-06,6.324026110565889994e-06,6.195825590267453099e-06,6.055746848884481968e-06,6.060070200867943767e-06,5.920310402533233632e-06,5.790614822682462774e-06,5.776327150316693430e-06,5.628630810591552084e-06,5.478099960254488480e-06,5.364226668207245240e-06,5.327182103828944122e-06,5.173596668014524168e-06,5.070363025557923453e-06,5.021688283254100231e-06,4.867698247930448850e-06,4.774852290370654160e-06,4.626413229771132760e-06,4.564864094350543417e-06,4.414190393120279743e-06,4.336071859956790169e-06,4.268716528135164564e-06,4.122342119021559011e-06,4.053394702417320922e-06,3.982084644990795771e-06,3.841188933328789544e-06,3.703340758487448843e-06,3.646895618945174590e-06,3.572515145246552532e-06,3.441325570830834490e-06,3.392374208373095091e-06,3.317529664725977573e-06,3.193447687722797856e-06,3.073014895305416769e-06,3.033984691642420846e-06,2.960224687283838546e-06,2.847200608532903275e-06,2.813942365759493481e-06,2.741822299643920639e-06,2.636204909158938719e-06,2.608072681923165927e-06,2.508480374829476449e-06,2.439799329169870682e-06,2.345058378903996550e-06,2.323514569121988080e-06,2.257571252614755444e-06,2.169785678669607809e-06,2.151945300736701923e-06,2.088973743072045628e-06,2.007845388242535571e-06,1.929949946137544661e-06,1.916791816431913081e-06,1.858560634024393925e-06,1.786813757882779028e-06,1.776227808830876330e-06,1.721208714708412603e-06,1.655245773939455010e-06,1.646858300873781393e-06,1.584687446843111010e-06,1.534494806464933514e-06,1.476546817474084623e-06,1.470882761290868794e-06,1.423813387387066733e-06,1.370727554649517848e-06,1.366507128215733981e-06,1.322469791027865312e-06,1.273889260299801590e-06,1.227465966265869769e-06,1.225006606446785268e-06,1.185338227626740403e-06,1.142910512873102622e-06,1.141353922538786354e-06,1.104413960903209012e-06,1.065662830420169711e-06,1.064841930105564880e-06,1.028192606444540494e-06,9.951170274294317762e-07,9.613540973738767974e-07,9.614055497709894311e-07,9.307059519640111920e-07,8.999016668867745285e-07,9.003674828820910914e-07,8.719013274229058836e-07,8.438019158127579016e-07,8.169938849087983973e-07,8.182131558216666686e-07,7.925855661255254005e-07,7.677105651546758080e-07,7.687665902307852299e-07
6.854922233090461082e-07,7.054648851005482677e-07,7.043903750044006605e-07,7.249228771895880125e-07,7.462284840274150012e-07,7.450595512652024044e-07,7.672498979632645967e-07,7.906054402056338039e-07,8.150922701844906091e-07,8.135829666650100891e-07,8.391877005225290206e-07,8.660310316382220287e-07,8.643188708799821883e-07,8.923883641919637719e-07,9.218119865015829193e-07,9.526510780149419690e-07,9.506545282334113305e-07,9.828991154322017502e-07,1.016687097461039224e-06,1.014468173811264064e-06,1.049791347658542224e-06,1.086793959749080066e-06,1.088172334903127312e-06,1.123022490936067267e-06,1.163521674750859572e-06,1.205918690895819081e-06,1.203160263901712242e-06,1.247453005241088458e-06,1.293797180728643727e-06,1.290804145976814375e-06,1.339200566178112569e-06,1.389807025640494746e-06,1.442703792497668450e-06,1.439402190641069728e-06,1.494594362529115369e-06,1.552238790432005901e-06,1.548714096911488116e-06,1.608818954045771219e-06,1.671536676325233822e-06,1.681800540153837897e-06,1.733142965996600624e-06,1.801252728508691839e-06,1.872203307333150633e-06,1.868215972964104636e-06,1.942020114893011284e-06,2.018801735255157339e-06,2.014655374786839468e-06,2.094427706300922574e-06,2.177293227387145292e-06,2.263296966951115300e-06,2.258991916617550330e-06,2.348141514084383164e-06,2.440495781145851044e-06,2.436121549790918695e-06,2.531682060429128468e-06,2.630466667038199017e-06,2.663308446034240796e-06,2.728074690150945575e-06,2.833257126300339835e-06,2.941569469223499836e-06,2.937247016683526255e-06,3.048650731823823216e-06,3.163019075622906643e-06,3.211418360286462704e-06,3.276096547909404783e-06,3.396057735635348905e-06,3.518525066843481699e-06,3.514630395769595948e-06,3.639479311248185383e-06,3.766362383224648464e-06,3.762791073664013176e-06,3.891537135412628349e-06,4.021684213016421620e-06,4.152842039339061359e-06,4.149862984066596532e-06,4.281774600321323222e-06,4.413782629282656141e-06,4.411402421927902587e-06,4.543201322143174299e-06,4.673977646304372044e-06,4.774739606764456650e-06,4.801804220479441803e-06,4.928875200617694727e-06,5.052836867219254629e-06,5.052753493156470593e-06,5.173268107147406302e-06,5.289095735593910055e-06,5.290710098312065583e-06,5.401606555996251608e-06,5.506019053102362097e-06,5.602977003456778700e-06,5.608152312412429405e-06,5.697883567431345077e-06,5.778324071426542056e-06,5.787715154386246387e-06,5.859687171126707802e-06,5.920644967236029828e-06,6.076552605304304528e-06,5.987925951338271602e-06,6.027134819083848277e-06,6.053118632225402610e-06,6.081487674617875909e-06,6.097786021605808435e-06,6.100124753253840265e-06,6.275029949338281416e-06,6.136289526695557548e-06,6.116080510493328514e-06,6.081972517635945246e-06,6.150720471938003091e-06,6.111066670359570818e-06,6.058934813187948665e-06,6.153795100135316763e-06,6.099926195898807072e-06,6.036067373933369134e-06,5.963587081840181297e-06,6.101613764613402318e-06,6.034255567562272590e-06,5.962318204010781074e-06,6.137666829867699247e-06,6.076341090890968901e-06,6.015186284691822027e-06,6.254497351874782833e-06,6.184293722981537663e-06,6.143998938337963735e-06,6.111556525732072592e-06,6.375634653032115062e-06,6.364616176884083264e-06,6.365875827193009150e-06,6.659512703702218648e-06,6.682878786660918548e-06,6.721474538976205159e-06,6.776863137096028840e-06,7.091047851468350350e-06,7.165049154727510049e-06,7.255491030512209398e-06,7.565580533281887100e-06,7.666628985556841160e-06,7.780909606092973536e-06,8.022008481953004578e-06,8.180588182116869142e-06,8.301503394616019407e-06,8.427323431952992274e-06,8.650038407736658906e-06,8.756807700696023214e-06,8.860752767649758354e-06,8.993299040914552327e-06,9.087240392628589914e-06,9.150204680916296639e-06,9.202045915067422083e-06,9.246024851680916776e-06,9.256329337519934882e-06,9.256329337519934882e-06,9.254142129029667205e-06,9.210163192416172511e-06,9.167262888409931270e-06,9.114855837749860865e-06,9.028702085730611122e-06,8.901274199543967011e-06,8.813230180943263894e-06,8.725895634779409868e-06,8.503180658995743236e-06,8.400743443870134955e-06,8.307437833818242921e-06,8.171826363326405279e-06,7.939732423529552254e-06,7.861782218647549414e-06,7.801275810342564140e-06,7.491186307572886437e-06,7.445221743032773488e-06,7.419238913140708335e-06,7.105054198768386825e-06,7.100730195751672280e-06,7.115668919383138333e-06,7.147671319193901954e-06,6.854034442684694151e-06,6.909304001520586103e-06,6.977323493020588490e-06,6.713245365720544325e-06,6.802476385950242938e-06,6.898686045258081412e-06,7.028239512027925906e-06,6.783996824606901746e-06,6.897501229807874337e-06,7.008596476466270925e-06,6.833247850458113325e-06,6.951930215895033782e-06,7.062635366938737508e-06,6.924608681061461761e-06,7.036736549963385866e-06,7.136313679039349696e-06,7.221810608779944108e-06,7.126950262529774964e-06,7.206523737025007354e-06,7.269396621754404537e-06,7.200648359869617298e-06,7.253770768788659416e-06,7.288855719386779586e-06,7.464848178787689123e-06,7.263534495316210402e-06,7.268152558365942153e-06,7.255095254950487161e-06,7.226721949566790917e-06,7.200457445618831716e-06,7.157660347592884456e-06,7.267583545736700567e-06,7.083697883144942252e-06,7.013219804696733184e-06,6.929117674542112757e-06,6.919705905894797700e-06,6.824760536061182315e-06,6.718389664291589935e-06,6.713181114045586726e-06,6.597675619752506742e-06,6.473037028017472349e-06,6.340452141919908736e-06,6.338783067033530509e-06,6.200000861244427858e-06,6.055479040560770615e-06,6.055489054238399308e-06,5.906632678472656744e-06,5.753961894497907496e-06,5.721155180684685535e-06,5.599890508453854053e-06,5.442564599780794341e-06,5.283953741656407708e-06,5.286214930458850501e-06,5.127249974238709159e-06,4.968354966289285526e-06,4.971196982782840770e-06,4.813124842978015406e-06,4.656228930856130195e-06,4.500980110614279129e-06,4.504393716244897650e-06,4.351320695671046986e-06,4.200661735168122563e-06,4.204386343649974166e-06,4.056539512372532088e-06,3.911679633063947054e-06,3.833106023533778269e-06,3.774041753129379986e-06,3.635845914958071651e-06,3.501195117341074340e-06,3.505330223041128715e-06,3.374371586252167097e-06,3.247161749012813133e-06,3.168421210518636249e-06,3.127967193534766051e-06,3.008425533582760410e-06,2.892752123349569793e-06,2.896936960729137379e-06,2.785116152800093728e-06,2.677144444269893526e-06,2.681263113085403347e-06,2.577079252488723166e-06,2.476668314084207337e-06,2.379977328182722373e-06,2.383944185310351851e-06,2.290863260769700197e-06,2.201366216084284076e-06,2.205180933539090149e-06,2.119134290173456937e-06,2.036509755303768277e-06,1.974010496196469324e-06,1.960794373095685664e-06,1.884685082388760619e-06,1.811726550341239415e-06,1.815098656223536219e-06,1.745126210793879327e-06,1.678112900996640215e-06,1.681271573147465691e-06,1.617048032063553622e-06,1.555590009136173518e-06,1.496801364165865020e-06,1.499664827420066307e-06,1.443375358645242377e-06,1.389565232034625314e-06,1.392204243942669980e-06,1.340705673733349340e-06,1.291502151423550896e-06,1.249092546395974027e-06,1.246845588481318698e-06,1.201891830217377551e-06,1.158970772417456696e-06,1.161093636626785307e-06,1.120050298711773852e-06,1.080875998590846207e-06,1.082786115720826056e-06,1.045332857619788028e-06,1.009594591180599290e-06,9.754975210258878950e-07,9.771355606199429519e-07,9.445426345662219230e-07,9.134516108446523949e-07,9.148955750941925608e-07,8.851773322775739136e-07,8.568315041047473036e-07,8.298984863566704338e-07,8.309961654741583781e-07,8.051541221074403627e-07,7.802538109477647711e-07,7.812818044193118001e-07,7.570811291132688121e-07
6.798277411850380313e-07,6.992212622670251868e-07,7.192332170338630392e-07,7.179102072715391860e-07,7.385431196612793956e-07,7.601825845653187604e-07,7.589635318468419532e-07,7.816092477721848185e-07,8.049986137963797085e-07,8.297160409849390457e-07,8.288034472491082807e-07,8.540699655262445263e-07,8.811784488388221157e-07,8.805446270827047979e-07,9.091819037815220562e-07,9.375489822529267255e-07,9.687193204146111165e-07,9.687258372086125213e-07,9.993039832160779499e-07,1.033475264618680474e-06,1.034033385864681143e-06,1.070216734700721421e-06,1.104403472777259943e-06,1.105657746792227684e-06,1.145343906826122978e-06,1.182071803020677529e-06,1.225026440145716039e-06,1.227693964870520149e-06,1.267083480942491349e-06,1.314073748141479599e-06,1.317915448424583990e-06,1.367807986554385834e-06,1.411428884723451166e-06,1.465133770331231237e-06,1.471251060925483580e-06,1.517765877375557353e-06,1.576343429246414104e-06,1.584318829688935335e-06,1.646595964845469759e-06,1.697568626325342144e-06,1.707746242936310434e-06,1.775592173483982001e-06,1.829500486739015369e-06,1.901778634269076898e-06,1.916037040198517477e-06,1.972811030686611232e-06,2.051110820272623918e-06,2.068630307992226588e-06,2.151917726440047405e-06,2.212725689826000610e-06,2.300576082159116303e-06,2.323979004408512736e-06,2.387130288988692168e-06,2.481573386069088566e-06,2.509599104893338338e-06,2.609942656514227279e-06,2.675838011576151171e-06,2.709115266001927988e-06,2.816467790667868006e-06,2.883455693323442608e-06,2.994541368310094962e-06,3.036940238746497917e-06,3.154596392982255702e-06,3.221676069771509281e-06,3.271029215815941220e-06,3.395158824989860746e-06,3.460986717422982816e-06,3.586957283552983630e-06,3.648011884587449925e-06,3.711261350522237027e-06,3.841921213741059160e-06,3.911635559431372581e-06,4.048640452782857781e-06,4.104888385611047851e-06,4.240162954023763245e-06,4.323879990454363567e-06,4.373062150355137014e-06,4.509343040136792037e-06,4.603023292814163004e-06,4.743867089626107229e-06,4.778011942448804799e-06,4.881965949876132819e-06,5.020416176388803003e-06,5.041435233323131142e-06,5.169626665158479946e-06,5.288968006719052070e-06,5.294191415832440210e-06,5.414012868467517135e-06,5.543609560635148198e-06,5.662181485892511248e-06,5.638536191537024802e-06,5.738817982943334894e-06,5.882698138876633616e-06,5.837288845030566964e-06,5.920461084899856647e-06,6.073667056484183413e-06,6.149606506923992718e-06,6.068208841912628844e-06,6.230519179424013796e-06,6.284086408893233020e-06,6.179438963406215469e-06,6.206322626849376582e-06,6.380281646472037323e-06,6.394796681439968698e-06,6.257327791370616635e-06,6.440569941112110658e-06,6.430183563819546363e-06,6.278183566082971303e-06,6.243915747024355692e-06,6.439053797083914608e-06,6.280256351562685245e-06,6.228383107451794852e-06,6.435572789782153745e-06,6.373138777222484607e-06,6.217312235864764079e-06,6.146365244938687688e-06,6.368949483004489436e-06,6.233095322665962139e-06,6.164601897189747051e-06,6.403236022067654605e-06,6.334473222643151837e-06,6.244285031597865599e-06,6.499677372578583087e-06,6.449418545154134022e-06,6.407112608960207588e-06,6.383965911610485338e-06,6.655940426247752888e-06,6.667445901447330234e-06,6.680017264741658176e-06,6.962616509840676503e-06,6.990467119488575459e-06,7.078749724035669450e-06,7.146732274004869257e-06,7.429478498518675871e-06,7.561533497205941880e-06,7.662932170892427513e-06,7.933493730946346986e-06,8.043750563626311716e-06,8.213249486679959646e-06,8.456088086421405248e-06,8.575957100415867291e-06,8.739664851627809833e-06,8.864010100674445716e-06,9.045355093079618855e-06,9.151157370657962372e-06,9.271643563086790423e-06,9.387953002183541164e-06,9.452545603230264279e-06,9.511202880835054160e-06,9.544460584780383323e-06,9.563561072816540224e-06,9.563561072816540224e-06,9.548655611972265678e-06,9.524227743166045309e-06,9.471285124030500059e-06,9.418351362329146698e-06,9.307046607902849219e-06,9.195858985488957493e-06,9.107721719028901366e-06,8.933066200769642371e-06,8.831249988789408343e-06,8.685947704519683899e-06,8.596762035993933061e-06,8.363067368053360347e-06,8.219900419011851470e-06,8.149864873977786508e-06,7.889148023576304932e-06,7.832421429633725787e-06,7.739559995631461602e-06,7.466149846758771426e-06,7.450063719025544224e-06,7.408977439710404549e-06,7.439343129007633604e-06,7.162814089842579272e-06,7.208470086376562693e-06,7.253468957204494964e-06,6.983913958951839065e-06,7.065953816535809277e-06,7.168464265045713020e-06,7.277888282721362770e-06,7.018027191750157404e-06,7.169877220674266719e-06,7.293256168834293086e-06,7.045197163561296429e-06,7.162755579860003736e-06,7.358426811252347726e-06,7.121610257148657639e-06,7.234328315789333736e-06,7.446442775374989349e-06,7.544261354459385057e-06,7.316547450106909244e-06,7.397503102637909337e-06,7.604795294933363067e-06,7.385832017137321901e-06,7.440368348743195928e-06,7.634600619084159871e-06,7.657613076021994652e-06,7.447144592776222900e-06,7.620177622612437686e-06,7.609902377095245701e-06,7.407475141672495188e-06,7.380611810246625892e-06,7.510758567369763226e-06,7.450494547382514028e-06,7.259227205950407600e-06,7.359731223725098633e-06,7.271079517611499196e-06,7.089357959720252347e-06,6.991277388517117016e-06,7.047099099145793064e-06,6.875626738495106089e-06,6.756204077214640764e-06,6.785201092042706555e-06,6.643446467835022758e-06,6.488305760161873000e-06,6.344743949552337982e-06,6.338494982320074450e-06,6.195265537510940892e-06,6.041319123024481889e-06,6.015815991018447690e-06,5.849389995107928599e-06,5.724260847048420998e-06,5.682787365664513279e-06,5.513282978153778927e-06,5.400285716117021892e-06,5.236142847454078096e-06,5.176411682422172155e-06,5.075216510277722713e-06,4.912144981632141914e-06,4.843814657277052850e-06,4.678594428536371004e-06,4.594045905614997961e-06,4.436373768875511171e-06,4.359522548711345457e-06,4.285279502074342224e-06,4.133158702978302715e-06,4.053149883146912782e-06,3.903200788417730455e-06,3.842919132904880670e-06,3.761364972617499396e-06,3.619142334045456278e-06,3.567170235663532197e-06,3.432813377498750059e-06,3.351340281431273500e-06,3.221454030761166562e-06,3.180408278034156004e-06,3.100243547858756812e-06,2.978766572958845575e-06,2.944027234560408860e-06,2.829636894511160013e-06,2.752783084677956463e-06,2.723609365394269320e-06,2.617151177139211494e-06,2.543136796990504571e-06,2.442173937785841062e-06,2.420101862232470419e-06,2.325147672338969997e-06,2.256024889149853735e-06,2.237908107907106292e-06,2.150222432093992097e-06,2.084585278405020746e-06,2.002249757652700763e-06,1.989095965634081047e-06,1.927033742009771517e-06,1.851432606650402381e-06,1.840976804601245121e-06,1.769851659665810955e-06,1.713213685056402177e-06,1.705046032420981400e-06,1.639825169433502872e-06,1.586718829685991229e-06,1.526111220889445082e-06,1.520754628438244327e-06,1.463669035279456998e-06,1.415719913659534134e-06,1.411833376659703062e-06,1.359649582485553532e-06,1.314954174925751854e-06,1.266731136023987079e-06,1.264621021958401741e-06,1.223033853617686774e-06,1.179071935046578779e-06,1.177856294578433761e-06,1.136346643938971524e-06,1.099165605868073517e-06,1.098669220705651402e-06,1.060815702533726120e-06,1.026342732624541349e-06,9.915639362954603422e-07,9.919089751655913746e-07,9.589993480248244332e-07,9.283162423619954287e-07,9.290477772829279638e-07,8.990571034209945701e-07,8.706757128599768496e-07,8.432023949577488707e-07,8.443668283092001306e-07,8.181317906636407479e-07,7.931192054701443392e-07,7.944540913920321404e-07,7.702158241431422846e-07,7.467335901015683195e-07
6.753948075759278054e-07,6.942215020239207673e-07,7.131836016972275711e-07,7.330786021727042027e-07,7.320850814001335301e-07,7.528953810841465809e-07,7.747331885668332572e-07,7.735416799132534332e-07,7.963893588428670805e-07,8.203677461945736417e-07,8.450345384004670009e-07,8.440571486768351031e-07,8.703918219063471063e-07,8.980298254963462746e-07,8.963269376822878841e-07,9.252524769855300722e-07,9.556079346561995892e-07,9.855287590839019579e-07,9.854362113269831808e-07,1.018773262678732038e-06,1.053749264339613148e-06,1.051470528476633315e-06,1.088073625069966558e-06,1.126467017485064250e-06,1.123924966603359445e-06,1.164098881982617794e-06,1.206224101269092267e-06,1.244948338693033404e-06,1.247480688953642372e-06,1.293671373817112799e-06,1.342071658058677922e-06,1.338891036870708464e-06,1.389498386061298361e-06,1.442496637847327010e-06,1.488443338669761119e-06,1.494429292346527103e-06,1.552396910001166118e-06,1.613036045558567456e-06,1.609216386649903736e-06,1.672532963294955199e-06,1.738709881714069449e-06,1.734630609984154930e-06,1.803677344020707800e-06,1.875769779894275005e-06,1.932373603441327861e-06,1.946599084449428257e-06,2.024971937438529966e-06,2.106647601111459438e-06,2.102042880740884115e-06,2.187035019929910527e-06,2.275478185538668087e-06,2.339044842577276460e-06,2.362609312707131424e-06,2.458085386700272579e-06,2.557170619077196985e-06,2.552237543577560238e-06,2.654935592001601448e-06,2.761289835816224885e-06,2.756306002601094541e-06,2.866310143653453346e-06,2.979950873687012161e-06,3.097183158364349811e-06,3.092239771203437168e-06,3.213025828574047859e-06,3.337246093852085304e-06,3.332426892668369761e-06,3.460015246249336373e-06,3.590759933889339936e-06,3.657486670968361371e-06,3.719953267561570086e-06,3.856482119907596952e-06,3.995460538356462709e-06,3.991304914321376209e-06,4.132547056211503543e-06,4.275541423764060137e-06,4.330274217872546249e-06,4.416363591206292689e-06,4.561704935099148270e-06,4.707332256904147456e-06,4.704530165528220404e-06,4.850099771904076027e-06,4.994679570615958141e-06,4.992789887232991794e-06,5.136001507669307753e-06,5.276696955156643378e-06,5.290442849814069915e-06,5.413875371483364936e-06,5.547392421977492922e-06,5.675675678877867279e-06,5.677566049857399411e-06,5.800347375731215362e-06,5.915797355382999507e-06,5.879583607574731269e-06,6.028924553940751653e-06,6.127736335576193306e-06,6.215929698530276518e-06,6.227157543396537738e-06,6.305763595282510069e-06,6.371744879056789511e-06,6.390507250816890318e-06,6.446008368411034236e-06,6.487222839236691353e-06,6.513277963004557636e-06,6.547556432730270443e-06,6.562819569833611946e-06,6.562155246194296764e-06,6.613536651896926941e-06,6.603519913866836672e-06,6.577739567218986599e-06,6.413830889543140431e-06,6.619594313213488010e-06,6.572733025186248597e-06,6.512141969621612037e-06,6.626763134324876220e-06,6.565376848658094352e-06,6.493436192514473783e-06,6.341416144243082446e-06,6.578407606982162066e-06,6.505110741714270362e-06,6.428014385895434207e-06,6.636891492612431912e-06,6.573498305437743165e-06,6.512011497890562143e-06,6.764937905349450202e-06,6.722616741693592371e-06,6.687994551083727929e-06,6.679974030490937352e-06,6.969611101844860812e-06,6.970453989067019227e-06,6.986778780104233612e-06,7.319993242761586862e-06,7.360223734288704588e-06,7.418449050195686462e-06,7.545628286633532919e-06,7.840643921834877520e-06,7.935322629324571904e-06,8.047390939123027806e-06,8.375849512453893993e-06,8.493735609352639709e-06,8.623686089318179408e-06,8.912309005335552678e-06,9.033408098283368234e-06,9.158664407314467157e-06,9.284806190964929167e-06,9.485302044862370865e-06,9.581573741751826676e-06,9.670390454017676815e-06,9.783980741662623036e-06,9.831165772059158398e-06,9.865664721729936227e-06,9.878137305435739617e-06,9.878137305435739617e-06,9.870267959219317683e-06,9.845473101738445602e-06,9.809464251125127812e-06,9.695873963480181591e-06,9.620619072334341262e-06,9.541111218315580594e-06,9.340615364418138896e-06,9.235128201605305855e-06,9.134954904593065039e-06,9.043737507757829491e-06,8.755114591740456221e-06,8.660038556876778823e-06,8.582035566102373892e-06,8.253576992771509399e-06,8.186242931626711689e-06,8.140829656946578009e-06,7.855709783746317804e-06,7.771965724686671873e-06,7.770547075982680356e-06,7.789910435709855539e-06,7.456695973052500595e-06,7.501992508414635178e-06,7.563995847622652005e-06,7.277502561447680276e-06,7.345632492422667052e-06,7.443107021358856410e-06,7.547104401688266256e-06,7.294177994228863201e-06,7.415441026553467140e-06,7.536052865354427546e-06,7.327175758584056601e-06,7.458352811689257449e-06,7.582096332167049761e-06,7.330893471324692411e-06,7.543529328835005446e-06,7.657512371127291306e-06,7.756345577834257378e-06,7.641724370432355397e-06,7.735015593420004439e-06,7.809755488168094176e-06,7.579572177622717875e-06,7.790952055501218051e-06,7.835013610626188142e-06,7.858651631043498759e-06,7.807268657858578749e-06,7.817049864758482758e-06,7.806593779538648073e-06,7.772310937224873983e-06,7.746975894086737568e-06,7.702643252532929773e-06,7.640449985334218125e-06,7.621675072397478268e-06,7.545699763164839928e-06,7.454081310145444545e-06,7.442830352505408581e-06,7.338883862281321938e-06,7.221861713321796893e-06,7.043939266497733018e-06,7.088296938902206213e-06,6.950528493258363374e-06,6.803764649343390507e-06,6.801811008381517140e-06,6.648111909927171404e-06,6.487995644071642308e-06,6.339849379176931980e-06,6.323142692058014065e-06,6.154080701776536363e-06,5.981910640263931139e-06,5.983683946744592767e-06,5.809716732474151855e-06,5.634494485967517681e-06,5.637157563281893738e-06,5.461746880606652156e-06,5.286626767044030179e-06,5.182521471834133903e-06,5.115978941178566793e-06,4.943540456912708052e-06,4.773166199692641911e-06,4.777138642295255103e-06,4.609414319293204085e-06,4.444599826167011795e-06,4.368585675351246570e-06,4.287439758981276908e-06,4.129495055451630742e-06,3.975318673088356708e-06,3.979928735649644996e-06,3.829764877401660184e-06,3.683709868366758695e-06,3.688439033143578171e-06,3.546633057375050532e-06,3.409131182869370405e-06,3.275989433573982721e-06,3.280757444776921697e-06,3.151996106440758799e-06,3.027623922611810827e-06,3.032343413766495784e-06,2.912317398265724247e-06,2.796628836995120176e-06,2.767196694394978267e-06,2.689800052740194817e-06,2.582580897880611140e-06,2.479514590300107505e-06,2.483919964967658961e-06,2.384862104058633729e-06,2.289782232511454591e-06,2.271654224727806455e-06,2.202718707569100567e-06,2.115226162801492561e-06,2.031406053121329826e-06,2.035308728833436080e-06,1.954971246863718658e-06,1.878085290913420073e-06,1.881739592861681710e-06,1.808107807819375146e-06,1.737701967863227732e-06,1.729661691735334062e-06,1.673717295351065421e-06,1.609338060558975240e-06,1.547848722540970247e-06,1.550891651428039993e-06,1.492094164382727688e-06,1.435969097297270574e-06,1.432227328253140511e-06,1.385101518072981294e-06,1.333918843540990951e-06,1.285098336592378512e-06,1.287530339530068137e-06,1.240888517728709231e-06,1.196415163428730536e-06,1.198595250520356242e-06,1.156115208987645009e-06,1.115621367430595408e-06,1.115241112326871268e-06,1.078884723474940390e-06,1.042026743112247177e-06,1.006903086007467887e-06,1.008532254092441009e-06,9.749905701404622830e-07,9.430304192037635485e-07,9.438446732250489486e-07,9.139206713952869494e-07,8.848396886972800176e-07,8.571318528341537527e-07,8.582717798777091088e-07,8.318081802802899229e-07,8.065929199391565408e-07,8.075434301965388465e-07,7.834569102209922360e-07,7.605042305324328990e-07,7.377285843886941826e-07
6.911553186858733479e-07,6.896453048910578519e-07,7.079610107106313727e-07,7.278221653356125395e-07,7.478915305557825213e-07,7.464323461034108455e-07,7.679452927742338130e-07,7.899802059027491198e-07,7.885918103400948429e-07,8.118884832831343704e-07,8.360911412158378395e-07,8.614976310489267547e-07,8.603683862794964567e-07,8.866424320433420255e-07,9.145576994446207985e-07,9.136735818014894895e-07,9.420912869493482741e-07,9.727661349503864251e-07,1.004964991660649137e-06,1.004679002011702343e-06,1.036642410712687226e-06,1.072018609661871462e-06,1.072257344504614526e-06,1.106749648692560847e-06,1.145607078992339690e-06,1.146520831356666750e-06,1.183695566083654034e-06,1.226359575021389512e-06,1.271104702830276415e-06,1.273423836447270476e-06,1.314949227387758191e-06,1.364028235219660441e-06,1.367528016925930698e-06,1.412091186450916509e-06,1.465877517511175371e-06,1.522212513624784823e-06,1.528040691889845310e-06,1.577420716506629572e-06,1.639048616587565856e-06,1.646795851368997767e-06,1.699453338886401900e-06,1.766774143096982815e-06,1.776816783583036152e-06,1.832787043251431946e-06,1.906199912293249114e-06,1.982848449486092921e-06,1.997198298682163156e-06,2.058126994851477033e-06,2.141436367001360170e-06,2.159256956043336266e-06,2.223322491161217385e-06,2.313635877377833640e-06,2.407593293587602169e-06,2.431742952581803959e-06,2.500096101381682514e-06,2.601457654907533032e-06,2.630619912895219889e-06,2.701335886344617710e-06,2.810264458241211311e-06,2.845161260739178084e-06,2.961057260975086839e-06,3.034222022803564220e-06,3.154516537182220283e-06,3.199463929579400125e-06,3.273244087478479809e-06,3.400867648654744481e-06,3.453535020174199983e-06,3.526861313075019818e-06,3.661355070345590787e-06,3.798977049416620392e-06,3.864737197355000580e-06,3.934736550887886636e-06,4.077960658941725275e-06,4.153476705295673590e-06,4.219117964711286094e-06,4.366651219442076047e-06,4.515621947151228105e-06,4.607016674909977899e-06,4.661959811513108432e-06,4.812443334868737044e-06,4.915200571493245523e-06,4.959899448314387554e-06,5.109434475194415621e-06,5.223955541757033008e-06,5.255560478600669304e-06,5.401184740380260378e-06,5.543321722590363074e-06,5.675527558534190999e-06,5.681448646421026198e-06,5.814303111892239440e-06,5.958335816580968562e-06,5.943545561933576347e-06,6.063125512865515023e-06,6.173894107613254599e-06,6.334417683544945163e-06,6.282948422691057881e-06,6.374235071538605965e-06,6.545567113549256910e-06,6.467961298179692699e-06,6.536249976780079453e-06,6.718176873861121403e-06,6.775583641311945538e-06,6.657188678254650489e-06,6.684200881001343829e-06,6.879680198212000405e-06,6.738120659204457232e-06,6.737838232005397168e-06,6.944259291101400407e-06,6.785062113949706627e-06,6.759481166013372860e-06,6.717940828568885923e-06,6.938318043800732050e-06,6.763424817863275690e-06,6.703319021680539426e-06,6.937884065105341464e-06,6.769715958789273170e-06,6.699609106002886670e-06,6.621095274413341515e-06,6.873362774102790814e-06,6.733382492567744373e-06,6.660880273441189766e-06,6.931224477050553022e-06,6.831965521305328010e-06,6.777882390423778851e-06,7.066279042475746645e-06,7.019167443596276700e-06,6.994722483433227339e-06,6.982295638794693617e-06,7.286519819552505649e-06,7.323385797988711159e-06,7.352953599574996961e-06,7.664959050809689583e-06,7.760177162458812970e-06,7.831807357368966312e-06,7.922940904881534428e-06,8.226958846397748216e-06,8.387927032379891308e-06,8.510406760799808145e-06,8.791712781778937135e-06,8.969767362468528707e-06,9.104117534488494144e-06,9.343680125890143335e-06,9.469153206641931319e-06,9.631174998865201322e-06,9.750606371874744269e-06,9.907403645137366499e-06,1.001759650736299063e-05,1.009073371029915457e-05,1.016725180556867296e-05,1.020412576421463405e-05,1.021607892922904154e-05,1.021607892922904154e-05,1.021390775180629448e-05,1.018299151980438484e-05,1.011135152663830878e-05,1.005111250947871905e-05,9.950539609944392464e-06,9.800003869308827087e-06,9.700234107614203128e-06,9.553973925465157133e-06,9.456477582335759839e-06,9.226239583888413027e-06,9.126041605866081445e-06,8.976633079564854070e-06,8.706097397479270028e-06,8.628198640314301712e-06,8.505709549813319720e-06,8.212678760787886522e-06,8.175453968752247210e-06,8.161590696112366595e-06,8.118923933356494770e-06,7.815292714548560549e-06,7.849023873403076969e-06,7.872256767048920788e-06,7.572765678737220161e-06,7.650692291808792333e-06,7.740443178841629055e-06,7.854598107573377942e-06,7.563437452091439950e-06,7.679990931845260510e-06,7.847625309767900011e-06,7.568852287366693163e-06,7.698143047223295692e-06,7.905273769071785586e-06,7.638941030372673117e-06,7.766385154464821208e-06,7.880910715844342154e-06,8.110330296193391048e-06,7.854157331078079948e-06,7.948957008991292341e-06,8.179138713142650830e-06,7.933125410339902429e-06,7.999261040632951224e-06,8.044431583538556586e-06,8.248179235436107012e-06,8.011900413408853505e-06,8.022141387218228003e-06,8.200567314560613529e-06,7.973642322925054193e-06,7.947755189327168518e-06,8.095358030276032828e-06,8.031313509205260077e-06,7.817216809274701018e-06,7.738782589852108128e-06,7.834771563296504104e-06,7.631713920959151115e-06,7.524230502971356842e-06,7.587584865347006996e-06,7.396360394008007146e-06,7.264521155598235069e-06,7.121861763184633540e-06,7.140135658559986196e-06,6.967732286636557778e-06,6.808563053339175748e-06,6.801476931949603004e-06,6.642797266620763541e-06,6.472085648534960462e-06,6.297082953351802980e-06,6.258729861358625815e-06,6.120843970856667057e-06,5.940884214801933383e-06,5.886584988125909610e-06,5.762587383271951968e-06,5.581288670204419561e-06,5.514518802137565468e-06,5.403979715845498606e-06,5.224340437754758175e-06,5.046381936381109123e-06,4.966599961068152464e-06,4.874938879345082717e-06,4.702040567701022600e-06,4.616934063765379188e-06,4.536885661914176507e-06,4.370627688362847513e-06,4.208101330539511656e-06,4.118917966051624772e-06,4.054496987183814698e-06,3.900166411573707876e-06,3.810402766054893296e-06,3.755212359566012510e-06,3.609650886493557487e-06,3.520611526689103126e-06,3.380322946267299110e-06,3.337181569105023565e-06,3.205255172196063198e-06,3.119164324056340716e-06,3.082917917980636554e-06,2.960089559433622179e-06,2.876860185061070046e-06,2.846657931093124669e-06,2.732746391473818313e-06,2.623220201808119454e-06,2.545190113676740602e-06,2.522640445794246981e-06,2.421565925848013162e-06,2.347352454838132610e-06,2.329022590406427642e-06,2.235996342965242248e-06,2.146872079482664550e-06,2.078689282790721750e-06,2.065611563657334715e-06,1.983860974838082209e-06,1.919719897163808639e-06,1.909464887713345624e-06,1.834612719960822776e-06,1.774473932634763529e-06,1.766592657200436896e-06,1.698161072994031417e-06,1.632810585199905307e-06,1.578546176113583951e-06,1.573554950176114152e-06,1.513923255963709402e-06,1.463375124895987017e-06,1.459872579232974447e-06,1.405510978775002686e-06,1.353669118964058226e-06,1.308434316601880870e-06,1.306711955686679000e-06,1.259505476621482401e-06,1.217557076450648143e-06,1.216712751051630808e-06,1.173749044728732208e-06,1.134900344899126435e-06,1.134751102515458294e-06,1.095662878858376799e-06,1.058423365932324984e-06,1.023911482338956318e-06,1.024562520033475053e-06,9.906932488909102752e-07,9.588118069335792608e-07,9.598151902306783554e-07,9.290120120515966660e-07,8.996709472374301141e-07,8.714343940908442502e-07,8.728210763019343590e-07,8.461325083756368898e-07,8.200867343592168704e-07,8.216086599472389194e-07,7.973266430296776575e-07,7.733099818597716524e-07,7.511620991209629240e-07,7.528068070944253673e-07
6.875450141538584572e-07,7.052045827920603367e-07,7.045928338975614715e-07,7.230654620942187353e-07,7.424593443447295933e-07,7.634242854477029392e-07,7.619454552916358730e-07,7.832581673589648953e-07,8.059708902129015816e-07,8.045476478715504505e-07,8.279821388837250975e-07,8.525992365166870068e-07,8.782376070834612892e-07,8.770509831120065557e-07,9.041344746028065218e-07,9.318845197915514274e-07,9.309259583425172413e-07,9.607307448372275877e-07,9.920444160266287698e-07,1.023300277168787471e-06,1.022916545325117679e-06,1.057379543408311219e-06,1.091144008486490193e-06,1.091268265305212451e-06,1.129194252791778693e-06,1.165628490597076613e-06,1.166412096618611461e-06,1.208139333826120954e-06,1.251954376749715773e-06,1.292743031317434548e-06,1.294916491691839022e-06,1.343087259323347576e-06,1.386931959662272408e-06,1.390277809830689790e-06,1.443201473719586202e-06,1.498711868250407508e-06,1.547440708610768001e-06,1.553117788005653253e-06,1.614013846150831964e-06,1.666091934772805954e-06,1.673696997916860409e-06,1.740418531319473810e-06,1.795910645063726315e-06,1.805830815595937028e-06,1.878824983046060178e-06,1.955172517502617997e-06,2.015851547510417119e-06,2.030140602890705496e-06,2.113419776766080013e-06,2.177438733588606905e-06,2.195259255963114659e-06,2.285886360241501872e-06,2.380368113226949306e-06,2.449092067091344565e-06,2.473382662144078509e-06,2.575744694542806124e-06,2.647183685737187853e-06,2.676614280704051296e-06,2.787123062516063269e-06,2.901784676138598522e-06,2.896126837867125357e-06,3.014937587771479943e-06,3.137911173682893459e-06,3.213650500651178013e-06,3.259353918143910896e-06,3.390548226584209430e-06,3.466480796435629023e-06,3.520177549373520317e-06,3.659275610556128049e-06,3.802079040050315638e-06,3.875849973198792838e-06,3.943146969047981887e-06,4.092803687406025609e-06,4.163103766447276070e-06,4.240563652672215057e-06,4.395919462380118952e-06,4.553457941089109038e-06,4.614549616800707890e-06,4.708594663463282049e-06,4.869204750653067886e-06,4.921092511066150552e-06,5.027036853114184343e-06,5.188321070470782114e-06,5.228138766933850634e-06,5.346427833903335888e-06,5.505423859627608311e-06,5.661726880152955125e-06,5.677255803655331311e-06,5.814143427066574287e-06,5.962569186140926926e-06,5.957977272910734161e-06,6.107348411254183064e-06,6.243741414268921656e-06,6.371803590853352051e-06,6.330680957591498001e-06,6.497524645666388327e-06,6.606633444834730818e-06,6.538622049616664764e-06,6.717025719277711647e-06,6.803023981639161303e-06,6.874471066728377889e-06,6.897133616206911906e-06,6.956701459184171355e-06,6.999804901114048939e-06,6.862314521025614255e-06,7.067067283034024965e-06,7.080652389646374874e-06,6.921495086886736658e-06,7.138505446080175043e-06,7.123694879076247188e-06,7.091010792183845676e-06,6.909021911615428530e-06,7.141998957666253144e-06,7.086541986765800249e-06,6.905913793815303707e-06,7.155013664599510134e-06,7.085016902468146258e-06,7.004014928913959698e-06,6.844411122839409190e-06,7.113673080045118839e-06,7.034341702206476572e-06,6.912372420706679158e-06,7.201508423466756824e-06,7.137108838436595413e-06,7.066578337808916367e-06,7.374891097387294486e-06,7.337968872574439573e-06,7.311992524885127435e-06,7.328661309541071906e-06,7.652342404919437816e-06,7.668782903549220908e-06,7.750554730751817829e-06,8.079728847726743305e-06,8.140354567886929114e-06,8.221781329717250695e-06,8.382529133305066868e-06,8.697465698714612083e-06,8.814159648430411727e-06,9.003336669586083039e-06,9.288137925443889619e-06,9.420483959499197804e-06,9.562238462553988009e-06,9.841979358948150724e-06,9.963904080446727706e-06,1.008527537634093781e-05,1.022678254977096534e-05,1.036489958893724815e-05,1.043990258503484200e-05,1.050937046723500954e-05,1.055894329175895110e-05,1.057125556396134657e-05,1.057125556396134657e-05,1.056970537589888016e-05,1.052511018147072142e-05,1.046262298600619239e-05,1.040191575540769302e-05,1.026991851457799131e-05,1.013996000016720945e-05,1.004051556800741364e-05,9.945478301995934418e-06,9.665737405601771703e-06,9.556326064948665028e-06,9.462053803832188515e-06,9.188256967371999975e-06,9.031931285285958920e-06,8.964708710532020072e-06,8.661279836720638372e-06,8.543741369588785805e-06,8.521725394351443793e-06,8.524498409092563680e-06,8.204519613298621322e-06,8.180112203168918853e-06,8.232479960936715628e-06,7.914398257037487045e-06,7.962225133401116034e-06,8.058607389209735344e-06,8.165288282504688531e-06,7.854897402906498537e-06,7.995705082604308842e-06,8.125900407341172892e-06,7.828773253413363696e-06,8.021368712113771752e-06,8.159515728028826078e-06,7.876322117279859638e-06,8.104301328863695153e-06,8.234931865152414683e-06,8.349407077594480118e-06,8.078360003164941337e-06,8.320033187448838699e-06,8.409074879026289066e-06,8.149842414268292817e-06,8.386115307740827507e-06,8.441310072491911080e-06,8.473221179989139131e-06,8.225413745201129925e-06,8.427224269830685443e-06,8.420472006140128457e-06,8.183197495547699736e-06,8.355269153762957818e-06,8.309750263380405184e-06,8.243597994861188001e-06,8.220921866390543860e-06,8.139042941178927388e-06,8.039101378144057809e-06,7.827798000091680503e-06,7.911558363887909523e-06,7.782479841254267918e-06,7.583796877322493952e-06,7.634219413885238911e-06,7.481455730236029537e-06,7.318457735757510880e-06,7.139681093064119904e-06,7.145369639664081347e-06,6.967372127218446190e-06,6.803064907892422053e-06,6.784175756429587081e-06,6.596333197048039358e-06,6.405154720148989880e-06,6.262701748934677323e-06,6.214275457134471736e-06,6.020091022815923979e-06,5.892205652217794044e-06,5.829086461302100793e-06,5.635512482904061816e-06,5.521717268186522125e-06,5.447393867621535434e-06,5.257352422810253342e-06,5.069886944058376257e-06,4.975806984127810280e-06,4.890279933014067048e-06,4.709547109656681003e-06,4.627564204333042896e-06,4.537793159108802496e-06,4.365208471623578101e-06,4.197050381909529914e-06,4.131302763627486785e-06,4.038875450149341310e-06,3.880162059505604385e-06,3.823974949103655460e-06,3.731761256970690926e-06,3.582896846669163468e-06,3.439026444906647784e-06,3.444439287629613889e-06,3.305554419722390453e-06,3.171657917273701942e-06,3.135011004535576128e-06,3.047993301788854941e-06,2.923901531749706551e-06,2.893458227272395735e-06,2.809740429812930110e-06,2.695147735609910182e-06,2.585196637401911857e-06,2.562584780615619406e-06,2.484586202083400587e-06,2.383509795728994867e-06,2.365198184603850642e-06,2.291272628247448188e-06,2.198579144584326687e-06,2.109931921941987010e-06,2.096956551497827985e-06,2.029350486330943991e-06,1.948302301311831187e-06,1.938180633585909076e-06,1.874747113367456377e-06,1.800764296007257437e-06,1.793034103057660037e-06,1.733696974651374320e-06,1.666253084199330674e-06,1.601938120716860573e-06,1.597110102613844921e-06,1.543736746051096025e-06,1.485201219940715704e-06,1.481857972354868435e-06,1.432227986802547525e-06,1.378993957014459113e-06,1.328289256936383110e-06,1.326714786023009858e-06,1.282407992325978488e-06,1.236336523357740294e-06,1.235626117720879517e-06,1.194593540236863905e-06,1.152746553910824255e-06,1.152715486294233251e-06,1.114760515553235678e-06,1.076758407015741690e-06,1.040587747270269958e-06,1.041334050476424423e-06,1.007670051646716428e-06,9.748260127115986133e-07,9.759074511662097546e-07,9.448364003581985331e-07,9.150094606663253888e-07,8.866196985324737071e-07,8.880611160870303037e-07,8.605733888909557256e-07,8.347823053972376055e-07,8.363430755304008291e-07,8.110029480336297982e-07,7.875633553314211621e-07,7.652445526409600324e-07,7.658298183094965191e-07,7.445167265102905862e-07
6.848329162757815017e-07,7.029845865211739445e-07,7.208016459282371297e-07,7.192225831918396254e-07,7.389113609428300977e-07,7.584799952597791631e-07,7.790294547558204025e-07,7.782258774919828618e-07,7.997341342173880307e-07,8.223271634712788727e-07,8.207830096226036580e-07,8.449517353351354673e-07,8.698056586682546829e-07,8.959205443926852746e-07,8.945604710201416486e-07,9.219139020947672582e-07,9.506589683128923619e-07,9.495245733296765127e-07,9.791454108085470017e-07,1.010793793912305473e-06,1.044053084828639149e-06,1.042041223099944457e-06,1.076890603568909805e-06,1.113511984550789176e-06,1.111192606187118594e-06,1.149566181437138041e-06,1.189885645164827265e-06,1.190431818033969069e-06,1.229490419666644064e-06,1.273870106514044786e-06,1.320481084994699262e-06,1.317387388803272546e-06,1.366215337659434406e-06,1.417479554064077971e-06,1.420587815306659337e-06,1.467724289976210617e-06,1.524065617518296122e-06,1.583170909918934580e-06,1.579250031619492332e-06,1.641113199562883853e-06,1.705968882488478650e-06,1.701690322997535234e-06,1.769536401028423219e-06,1.840608253619563921e-06,1.850442393195953280e-06,1.910278617332269415e-06,1.988037643064402171e-06,2.069369617957453268e-06,2.064296760093452697e-06,2.149208334386125956e-06,2.237914057224944693e-06,2.255971015316266935e-06,2.325048621480471662e-06,2.421554477806228580e-06,2.522144642378844282e-06,2.516429591488259477e-06,2.621111088618310943e-06,2.730027387418436016e-06,2.760321740511363686e-06,2.837274772937738629e-06,2.954760439647877529e-06,2.991318988113675960e-06,3.070543086616242611e-06,3.196708626411082011e-06,3.327198712945881773e-06,3.321140814958461283e-06,3.455917885043534313e-06,3.594883525225350087e-06,3.651112768519508405e-06,3.732010361621786357e-06,3.879007330801560573e-06,4.029703962836161608e-06,4.024062677772633139e-06,4.178316036391889556e-06,4.335710892201791164e-06,4.417645813607191248e-06,4.490802878331886054e-06,4.653485370017801749e-06,4.818013032828475430e-06,4.813567957887978179e-06,4.979615750345348355e-06,5.146297848735921700e-06,5.142697222855200245e-06,5.309618118700385104e-06,5.475648361934502781e-06,5.602185298436264475e-06,5.637894245990633019e-06,5.799857052417135565e-06,5.958001159157854790e-06,5.957804986749554735e-06,6.111695043939186094e-06,6.259507692421462747e-06,6.420163186253461938e-06,6.403386586715447025e-06,6.536188935832337329e-06,6.658911544718026704e-06,6.666935220631429108e-06,6.780080408341721650e-06,6.880499016502826974e-06,7.072864401044627211e-06,6.984506593593310463e-06,7.058540789331432873e-06,7.263289602280453201e-06,7.145404800632519167e-06,7.190195805519382947e-06,7.216841658976073554e-06,7.262799760711366355e-06,7.277376625053471708e-06,7.273093619391926081e-06,7.506595479372825425e-06,7.328081350707943875e-06,7.295661881670943675e-06,7.245296375370457469e-06,7.357158126590760994e-06,7.302546925316438628e-06,7.232827042251106377e-06,7.499353420164638377e-06,7.318343788087214649e-06,7.239921207186680429e-06,7.153334556588603375e-06,7.372199703912074695e-06,7.298006795811272515e-06,7.222209004833293349e-06,7.494203010820561347e-06,7.437978791697980154e-06,7.387273475727104947e-06,7.712909492411980315e-06,7.684587910759085153e-06,7.671038768070407004e-06,7.673390545634439525e-06,8.050154945080226682e-06,8.080913635375141165e-06,8.131803794570920333e-06,8.474004872599943678e-06,8.603461458208694977e-06,8.699164089176883495e-06,8.816216228566876346e-06,9.201033650190600587e-06,9.327884618127123533e-06,9.470625007112751291e-06,9.755884416826169107e-06,9.947545084896906785e-06,1.008940806275232803e-05,1.031503476821523556e-05,1.047399208973281352e-05,1.058506963913259641e-05,1.068859579109764862e-05,1.082509665443651828e-05,1.087992115925746413e-05,1.092050305259239742e-05,1.094484320071134316e-05,1.094484320071134316e-05,1.092607006528830506e-05,1.089726388028101005e-05,1.085610949250506482e-05,1.071960862916619517e-05,1.063281019460951093e-05,1.054253943881718137e-05,1.040018952212418421e-05,1.018367872411846001e-05,1.007307819583392930e-05,9.907278945636944381e-06,9.633348567860961818e-06,9.533874138049627125e-06,9.456273660734056699e-06,9.071456239110332458e-06,9.009322078713571171e-06,8.973682835935164863e-06,8.897838105082831578e-06,8.566535310035465725e-06,8.583761078087837670e-06,8.623778905715650883e-06,8.247014506269862032e-06,8.317089939277391844e-06,8.403681129634945374e-06,8.505140732976066611e-06,8.178997730879052468e-06,8.300938905475302798e-06,8.426087719889342791e-06,8.154093713894785227e-06,8.295677465782280596e-06,8.431793854548791207e-06,8.212928706755236931e-06,8.356965300240500294e-06,8.487870255072586350e-06,8.738592687888652665e-06,8.449491166649120827e-06,8.560740069494147611e-06,8.651114315832425443e-06,8.539252380571860928e-06,8.619555445080392400e-06,8.676115552743559735e-06,8.905851343700174307e-06,8.639575559966333521e-06,8.656786690710946582e-06,8.649843132151155506e-06,8.603880579779193095e-06,8.579841073041974525e-06,8.532934052472432982e-06,8.680147623117489162e-06,8.439545366370669951e-06,8.354946293043761474e-06,8.464434390704356423e-06,8.236648249261509618e-06,8.118617756868445206e-06,7.984869343035637062e-06,7.976799547974229937e-06,7.830819768754351638e-06,7.672447018520602225e-06,7.693203352758942127e-06,7.500925221883279554e-06,7.323844173767630508e-06,7.139292512099705445e-06,7.139380859083745209e-06,6.949422598826940407e-06,6.754756208054340200e-06,6.711395471494282694e-06,6.558997683186083366e-06,6.359140239402647896e-06,6.158129347090457409e-06,6.161553438511408303e-06,5.960680615106703324e-06,5.760503993754142793e-06,5.764746697103139321e-06,5.566280678838983562e-06,5.369978855679133543e-06,5.281003887551311873e-06,5.181461467669611254e-06,4.991381533628406127e-06,4.805037571023502380e-06,4.810433065054230137e-06,4.628302641820697803e-06,4.450588652562422384e-06,4.352132727113538031e-06,4.283248442028789898e-06,4.115124601607622029e-06,3.952016479421114057e-06,3.957811918484732250e-06,3.799838388907370009e-06,3.647052031070049564e-06,3.550567347120954367e-06,3.505258508782317906e-06,3.362898667308898892e-06,3.269160997466397778e-06,3.231394692263085369e-06,3.099348083679940191e-06,2.972395989341075044e-06,2.977863621732010073e-06,2.855854285781626465e-06,2.738763475011520178e-06,2.654589678401373338e-06,2.631629253605466831e-06,2.523960750465601330e-06,2.420867157893161682e-06,2.425720405947211672e-06,2.326971260027712221e-06,2.232533943279882347e-06,2.159619303233160931e-06,2.146701645606040279e-06,2.060367484803581849e-06,1.977930510514373119e-06,1.982023846807203484e-06,1.903230835070136857e-06,1.828055800856155158e-06,1.831806940369633909e-06,1.759997549031478484e-06,1.691532052484191600e-06,1.634135149160517057e-06,1.629571611431755425e-06,1.567281488203166769e-06,1.507941637408709647e-06,1.510901404374443852e-06,1.454276427069974377e-06,1.400355071512952923e-06,1.352842712156341239e-06,1.351546568977828645e-06,1.302575402572955907e-06,1.255964133671305946e-06,1.258183103808872300e-06,1.213724328520585889e-06,1.171415651108115540e-06,1.173340417315673537e-06,1.132987210637800960e-06,1.094589552206535298e-06,1.058646668165562122e-06,1.059612236093427636e-06,1.024764422818511891e-06,9.916073020603576391e-07,9.929084964863686067e-07,9.612786916848209551e-07,9.311814336676554709e-07,9.019257132691413212e-07,9.035276549154624674e-07,8.761998216496625809e-07,8.501913430596664496e-07,8.509601326541712680e-07,8.261368870924091720e-07,8.025069543297074351e-07,7.787494548596533012e-07,7.805153218010066306e-07,7.590343696094527069e-07,7.371673212669622847e-07
7.022807998914269491e-07,7.007951773491794888e-07,7.179814983862919783e-07,7.371595713939860432e-07,7.355970941989173656e-07,7.544828428584987587e-07,7.752899627640291418e-07,7.960339733955327030e-07,7.944518614270601926e-07,8.162824154004794803e-07,8.398388557081837171e-07,8.382735746627807778e-07,8.623116048254364050e-07,8.878676226390847426e-07,9.142460230085843054e-07,9.128598252834295426e-07,9.407127526321735521e-07,9.696232796060862258e-07,9.684230278059070700e-07,9.991317867008816415e-07,1.030466326994486298e-06,1.064097510894591915e-06,1.063415461642965692e-06,1.097354515137696570e-06,1.134404933335484228e-06,1.134192496218014814e-06,1.173485691711241437e-06,1.211737087356933481e-06,1.212150208284151415e-06,1.255487768093766313e-06,1.296810968854442362e-06,1.344047803847397429e-06,1.345823699117449365e-06,1.396059331350596496e-06,1.442393226347630729e-06,1.445333840942730828e-06,1.500683124824150847e-06,1.550527469598383704e-06,1.610552206908723774e-06,1.615858389187094752e-06,1.669359822219998389e-06,1.735284922217855682e-06,1.742568269965296786e-06,1.812898832737234223e-06,1.872159318012845749e-06,1.881841994070320042e-06,1.959041584455404167e-06,2.022172377701462661e-06,2.105062365364298422e-06,2.119339024899210895e-06,2.207888567139352374e-06,2.276835334389356918e-06,2.294859651086823949e-06,2.391573101247255951e-06,2.464197229544452936e-06,2.567016451927866370e-06,2.591990855823190547e-06,2.701855031088252736e-06,2.779501025241248999e-06,2.810045183050371239e-06,2.929112195062807410e-06,3.009494114568814155e-06,3.046479091818877610e-06,3.174994767603919097e-06,3.257426274323948336e-06,3.391412076910604906e-06,3.439843405169020647e-06,3.582608411771840062e-06,3.666282840545049141e-06,3.723605579851867208e-06,3.875571516839896921e-06,3.958435813832870848e-06,4.113690783613254627e-06,4.186276444527404793e-06,4.350732939861790659e-06,4.429000003388246424e-06,4.513077798370511028e-06,4.684428030737846827e-06,4.756877299563477722e-06,4.926921530903121100e-06,5.029892201658105518e-06,5.093815037319048152e-06,5.266281634915179246e-06,5.382893423411470948e-06,5.562185754125014938e-06,5.607136024052480769e-06,5.737963357837488486e-06,5.915104431463561651e-06,5.943016292961459387e-06,6.106987133674395724e-06,6.259321661194741403e-06,6.424920199495514482e-06,6.419706409929879103e-06,6.586531494360850923e-06,6.738582839205745423e-06,6.706910661699069557e-06,6.834191382149488621e-06,7.021325639694585178e-06,7.142147181781425724e-06,7.064511226714154377e-06,7.265141073617611035e-06,7.359378210971379659e-06,7.250195528119972405e-06,7.464259924460833085e-06,7.528096377583385325e-06,7.388831942910031366e-06,7.416655322888800141e-06,7.648183968322624864e-06,7.659213658700358678e-06,7.479613773055538488e-06,7.725692616046928057e-06,7.704744411293076322e-06,7.511246389151417946e-06,7.461204311512282875e-06,7.726081431541345220e-06,7.660344102752274790e-06,7.463473469084798154e-06,7.747306019601559674e-06,7.667463500853439071e-06,7.493068187538923226e-06,7.410647234297451568e-06,7.717395875745757848e-06,7.583182207312084232e-06,7.514779067144987489e-06,7.843407547221724959e-06,7.779629662867669468e-06,7.725333359905079222e-06,8.073628504196968340e-06,8.045137046141045576e-06,8.062541801217643216e-06,8.079994533415445207e-06,8.440294605971483387e-06,8.476821503413034929e-06,8.595767237182360673e-06,8.955176085788434998e-06,9.039817032730658447e-06,9.213062695022140411e-06,9.343566913558925212e-06,9.674084214376019910e-06,9.812526805418403999e-06,1.002361270461411283e-05,1.030721338096049048e-05,1.044867414354215987e-05,1.063757360642711190e-05,1.085014428970254578e-05,1.096266699283854546e-05,1.109293309161197198e-05,1.117852311528194412e-05,1.127004149626234077e-05,1.131210657321708660e-05,1.132783774878397592e-05,1.132783774878397592e-05,1.131824289099674502e-05,1.128918189862543603e-05,1.120360213535516472e-05,1.113388776115627440e-05,1.101560299021538532e-05,1.092633305982384083e-05,1.072272836033606055e-05,1.055365693645419846e-05,1.044719768109360144e-05,1.017500723342488811e-05,9.994109528890219343e-06,9.903969007636376993e-06,9.586340904139863941e-06,9.510799703109229920e-06,9.385482915056829277e-06,9.367238333078674011e-06,9.019600469665248573e-06,8.959883326709380187e-06,8.997960611916389301e-06,8.646143350334849090e-06,8.703459222593616220e-06,8.758359584380329444e-06,8.865473772983952660e-06,8.517564600469162129e-06,8.649128604717424112e-06,8.788512990859067287e-06,8.453592096810483438e-06,8.591091927736218848e-06,8.803739771447559128e-06,8.483760956511432797e-06,8.626817454980432307e-06,8.876561323279525371e-06,9.009401771705756587e-06,8.702712723496132830e-06,8.969348389990645606e-06,9.075686999305190359e-06,8.782669583821400974e-06,8.864699990031913005e-06,9.116331071300954215e-06,9.158760167641791266e-06,8.878868472290986951e-06,9.107628396646696883e-06,9.106057332752261565e-06,8.838500906466891188e-06,8.813881376262978958e-06,8.988430163415983421e-06,8.918303395153021954e-06,8.667038703418835437e-06,8.802605450380462086e-06,8.693455783973357828e-06,8.456049736555973806e-06,8.551803854612165763e-06,8.409039113691864329e-06,8.186305051532647862e-06,8.034972936809373247e-06,8.073944504796809373e-06,7.892277472561701676e-06,7.692635456406787277e-06,7.699100550755144475e-06,7.500505639759006144e-06,7.317642896135954507e-06,7.120668029188754760e-06,7.086734091120136749e-06,6.873699183515827013e-06,6.716097487669114361e-06,6.661389604205332917e-06,6.445468392572906048e-06,6.304638582682525747e-06,6.096744043109969652e-06,6.018960716380406416e-06,5.894282962798053553e-06,5.689104303767251258e-06,5.600922994833381533e-06,5.394079499228128856e-06,5.291863060034712617e-06,5.196578315069932461e-06,4.997890556559377257e-06,4.909358058186182142e-06,4.721652618548720548e-06,4.620747132424875061e-06,4.436948547759935785e-06,4.366645527407467233e-06,4.264728028667935070e-06,4.091934448312058131e-06,4.032275171845419514e-06,3.870006914315378840e-06,3.769572018281007640e-06,3.613871900486731771e-06,3.567955584647162609e-06,3.470001941643386715e-06,3.325664340830148202e-06,3.287509964626635408e-06,3.192881242858178094e-06,3.059630517059652247e-06,3.028211252704953571e-06,2.903451582318919489e-06,2.814929074284444407e-06,2.697539779660526026e-06,2.674550757485563937e-06,2.590515239388920604e-06,2.482996971415357333e-06,2.464585221443217345e-06,2.363912153539759329e-06,2.286966722583372413e-06,2.193178330151039506e-06,2.180396080290246094e-06,2.108184422575229837e-06,2.022727330787724928e-06,2.012916526985908498e-06,1.932806194915240029e-06,1.867627700187053062e-06,1.860283185250543550e-06,1.787344375607750961e-06,1.726646796774421091e-06,1.659378310509935894e-06,1.654996581985278699e-06,1.598602655172804492e-06,1.537559873986671756e-06,1.534666918244814075e-06,1.477281008349692001e-06,1.427017140867802596e-06,1.374366592215221189e-06,1.373225654905669577e-06,1.326732271742648844e-06,1.279017318159193370e-06,1.278710312361147810e-06,1.233739569608128582e-06,1.192526843957446532e-06,1.192862389018107962e-06,1.152070271257942704e-06,1.114057509690809977e-06,1.076819655782190718e-06,1.077875281198391523e-06,1.042841299557955836e-06,1.009098534617308697e-06,1.010445570351360512e-06,9.785152686458424427e-07,9.475924933582616055e-07,9.185109842594504335e-07,9.201566125794557099e-07,8.916925111185898163e-07,8.653174663088244423e-07,8.670407036583051883e-07,8.420055528776373780e-07,8.169123491249499313e-07,7.941406625958305651e-07,7.959099327715252567e-07,7.728205092722415784e-07,7.521355902748277815e-07,7.538598684226421234e-07
7.010716418869340099e-07,7.176598599848887242e-07,7.175377736455533756e-07,7.348869809582387796e-07,7.531053459104711095e-07,7.527826947673043035e-07,7.718469269843701669e-07,7.918761426324638865e-07,8.129231224144540668e-07,8.123032563911698671e-07,8.343436192780050451e-07,8.575132134992738453e-07,8.566468990318463861e-07,8.809200905132348768e-07,9.064454850086477305e-07,9.332903638193466244e-07,9.320626199844597753e-07,9.602011360322268774e-07,9.898010675092520782e-07,9.882769446457738274e-07,1.019311892214334349e-06,1.051963877263803316e-06,1.085132883913306240e-06,1.084363909196219413e-06,1.120393506863957779e-06,1.158302091263131689e-06,1.156001522525878331e-06,1.195764366795124827e-06,1.237599080290258566e-06,1.234930658035327268e-06,1.278813650918513958e-06,1.324977039303091314e-06,1.373531902012265840e-06,1.370343667435868055e-06,1.421270205903786984e-06,1.474819802337924102e-06,1.471223031747911456e-06,1.527378644377873270e-06,1.586403416874900617e-06,1.639137363443529336e-06,1.644266656349841374e-06,1.709275287113816155e-06,1.777545784356513611e-06,1.772958520781472696e-06,1.844483789060961851e-06,1.919543728651679005e-06,1.914530644287426905e-06,1.993122972095795116e-06,2.075526726293677373e-06,2.161878694033502701e-06,2.156316988007440557e-06,2.246620738647793288e-06,2.341141997500709236e-06,2.335197537388762247e-06,2.433943804813748130e-06,2.537160324268572654e-06,2.644960371655663651e-06,2.638569334349939342e-06,2.750959658795718409e-06,2.868134941178353929e-06,2.861477071885312894e-06,2.983441468629301610e-06,3.110335987289018539e-06,3.103489030229243360e-06,3.235310243772739011e-06,3.372127119923436681e-06,3.513927521488566619e-06,3.506981858569769091e-06,3.653729205096294321e-06,3.805349848840230634e-06,3.798470379857441656e-06,3.954896054515806123e-06,4.115923384389253957e-06,4.281334074600010748e-06,4.274767487217349963e-06,4.444409153533251097e-06,4.617838630169450440e-06,4.611703021187677179e-06,4.788698033927259201e-06,4.968611076543475932e-06,5.039589724663919236e-06,5.145631997358989760e-06,5.329885251932673446e-06,5.515118593330897590e-06,5.510844718853513213e-06,5.696609013537151231e-06,5.881600043028561093e-06,5.878660294758071089e-06,6.062376943943801884e-06,6.243169635518631357e-06,6.419772849460363265e-06,6.419505370409561509e-06,6.591417724347688000e-06,6.756477376951575142e-06,6.759329870994821518e-06,6.917242011286326420e-06,7.065240286616446386e-06,7.201640298234444394e-06,7.211280686714193112e-06,7.336732370340662987e-06,7.447446422400034277e-06,7.465369896719513604e-06,7.563247291428374617e-06,7.643515127427418001e-06,7.673898696811925815e-06,7.740368648244801229e-06,7.786976570070764173e-06,7.812544149739636911e-06,7.868801245190076008e-06,7.880911541587217923e-06,7.871306567889654930e-06,7.956027494357251109e-06,7.935918517807522937e-06,7.895005709965289829e-06,7.833896608332915342e-06,7.970860105495435299e-06,7.906342361729683141e-06,7.825395257744505241e-06,8.012274264575372707e-06,7.935497887236714519e-06,7.847986268947665359e-06,7.688389381373269914e-06,8.017104292559832637e-06,7.938665898628358340e-06,7.860829887716985306e-06,8.185245520319842980e-06,8.131825001824638418e-06,8.087459958467490062e-06,8.466833810705012221e-06,8.451914347885897336e-06,8.453523985995364205e-06,8.475750330563705770e-06,8.905652098710902691e-06,8.958561053122346437e-06,9.035600431542248383e-06,9.475319053355993673e-06,9.574761883603105363e-06,9.697101326459237359e-06,9.841675873780676576e-06,1.024465584346697133e-05,1.039069108568661767e-05,1.055007862634727692e-05,1.088502291592262490e-05,1.102371907728228439e-05,1.116372188820910124e-05,1.139900673856663129e-05,1.149669014363498408e-05,1.158442503900064489e-05,1.165905513299124727e-05,1.172683607742438596e-05,1.174120091316937837e-05,1.174120091316937837e-05,1.173992489973189643e-05,1.167214395529875775e-05,1.161215573334997263e-05,1.154208705561922613e-05,1.146640904553515511e-05,1.123112419517762506e-05,1.111856230838827885e-05,1.101357453940135636e-05,1.067863024982600838e-05,1.055975729733656652e-05,1.046127601245806432e-05,1.005829604277176957e-05,9.968245031199591557e-06,9.907041784872860812e-06,9.874731217313451883e-06,9.435012595499703205e-06,9.430262557057888525e-06,9.453783524171286969e-06,9.023881756024090047e-06,9.081081621483504514e-06,9.160673787135557576e-06,9.257323536999903028e-06,8.877949684762379175e-06,9.003345883480168947e-06,9.135930153661560329e-06,8.811514521057386366e-06,8.965570499278858495e-06,9.116325305223866641e-06,8.774733276957404765e-06,9.014793923667183866e-06,9.164479438961600338e-06,9.297480461982212294e-06,9.110601441611258891e-06,9.241431658427262484e-06,9.349236344616625492e-06,9.212272709925765378e-06,9.309945490118466088e-06,9.380687171464211299e-06,9.423980249366083122e-06,9.339258032561510746e-06,9.365578855673629011e-06,9.363966550494470350e-06,9.307705026330436942e-06,9.286724277816811059e-06,9.239147231259110023e-06,9.166539144238786994e-06,9.136140401618976091e-06,9.044970161235523734e-06,8.931851117835397686e-06,8.913897219281156152e-06,8.784021054984767727e-06,8.635914988871310955e-06,8.626221896477199208e-06,8.464079681911111281e-06,8.287659288803994346e-06,8.099027412772979184e-06,8.096082799618432567e-06,7.898350438583707817e-06,7.692182023988560640e-06,7.692322971848079483e-06,7.480166118019365812e-06,7.262832803895821869e-06,7.041856790561782356e-06,7.044622410706387408e-06,6.821885857224458340e-06,6.598122394894249218e-06,6.602188361982343600e-06,6.378889730793459642e-06,6.156692319290142292e-06,6.028228829792285412e-06,5.941757486779850273e-06,5.724582272741941003e-06,5.510857428676926903e-06,5.516723700668807101e-06,5.307192192692207430e-06,5.102169457015224248e-06,5.108450164415652136e-06,4.908447388689884451e-06,4.713681057527104020e-06,4.524417100736016600e-06,4.530998255855187788e-06,4.347475726350304581e-06,4.169792719304843592e-06,4.176437501452910134e-06,4.004687326652940367e-06,3.838918712768611150e-06,3.679149153135365988e-06,3.685699644624758063e-06,3.531862124633378890e-06,3.383952836571770249e-06,3.390322460378945299e-06,3.248194252696338576e-06,3.111826453702630066e-06,3.117940809679988682e-06,2.987126730252079054e-06,2.861836336754015130e-06,2.741935099446562027e-06,2.747622216280450360e-06,2.632847260606636455e-06,2.523161509748908274e-06,2.528482443398257066e-06,2.423600511832547649e-06,2.323486899877729299e-06,2.227978037515904841e-06,2.232774100298835869e-06,2.141569967512962271e-06,2.054639557753127501e-06,2.059028234034251294e-06,1.976070641391179437e-06,1.897059768154662049e-06,1.889898904178729825e-06,1.825678512007745404e-06,1.753947560078685121e-06,1.685691711607036658e-06,1.689132774372921862e-06,1.624069562614442103e-06,1.562185330251886835e-06,1.565235542940985240e-06,1.506260636016423777e-06,1.450185689881245002e-06,1.396877007032132030e-06,1.399429910599219452e-06,1.348638895918016691e-06,1.300362503315935778e-06,1.302563478114779425e-06,1.256568822885053024e-06,1.212855784317481265e-06,1.213304097138012403e-06,1.173076293513049252e-06,1.133494906877432089e-06,1.095878635647106134e-06,1.097336777696313347e-06,1.061491285932539613e-06,1.027422491322690179e-06,1.028597084890047606e-06,9.961259685567355378e-07,9.652595670638542868e-07,9.359166089666563495e-07,9.367454198080017478e-07,9.087675940084169248e-07,8.821640251984186808e-07,8.827570565970575493e-07,8.573830912796031484e-07,8.332480563303250245e-07,8.102881191090896819e-07,8.105968023592069385e-07,7.886853026463298749e-07,7.678324326106162000e-07,7.679492337093231394e-07,7.480400034636921242e-07
7.008401990977143047e-07,7.183386881728785949e-07,7.350937018613538179e-07,7.336243657465284969e-07,7.526220589894530402e-07,7.710217784661132534e-07,7.694410137182356668e-07,7.887579794146156441e-07,8.103026371229483477e-07,8.315599913363074801e-07,8.299038923039504904e-07,8.533129761852644274e-07,8.767164793695352401e-07,8.750343199358193293e-07,8.996954604595534754e-07,9.262592706209974236e-07,9.533847815509789543e-07,9.518162779089971166e-07,9.806784767896475716e-07,1.010596733462057761e-06,1.009165446386301473e-06,1.040516614645787397e-06,1.073532078110846833e-06,1.108277913209311233e-06,1.107296570787400790e-06,1.142819906720099225e-06,1.181180348489213287e-06,1.180620872191654207e-06,1.219151827843880891e-06,1.261509155315289357e-06,1.261530959299468795e-06,1.306537678670680045e-06,1.350055505587605450e-06,1.399269445808829545e-06,1.400610493776260203e-06,1.447680093111461089e-06,1.501997316197402280e-06,1.504483139696128192e-06,1.555314062646249862e-06,1.615234165919648618e-06,1.678229944639404918e-06,1.683098881338878924e-06,1.740011644129548140e-06,1.809417835213389192e-06,1.816302101902883947e-06,1.877423287333312439e-06,1.953807721395416356e-06,1.963166548254478655e-06,2.044845781413395110e-06,2.112561641645750373e-06,2.200585679180442565e-06,2.214759734718797032e-06,2.286867469347747808e-06,2.383330033790900188e-06,2.401471454617164938e-06,2.504761779368704216e-06,2.583376286885231449e-06,2.693599527176499230e-06,2.719197233342763070e-06,2.801828004781908344e-06,2.921791819674751310e-06,2.953421345822977841e-06,3.039668641808864320e-06,3.169757035094103475e-06,3.208421111210062146e-06,3.347648608535130080e-06,3.438140922364741874e-06,3.583818745577930176e-06,3.635122639852586730e-06,3.727241464998524081e-06,3.883229256495209103e-06,3.944439075828884692e-06,4.110827897224082109e-06,4.202780757741513173e-06,4.373323682942465877e-06,4.451702649731118030e-06,4.541261716245909414e-06,4.720324380383495297e-06,4.811737001963689600e-06,4.896550480626893097e-06,5.082561602131121222e-06,5.271125142402251882e-06,5.384137383590927896e-06,5.456166955790376652e-06,5.648036358570657883e-06,5.776751229051087430e-06,5.835910288727417863e-06,6.027737038016821867e-06,6.172895728864201856e-06,6.370994217266368310e-06,6.402768357873552081e-06,6.586109401674499155e-06,6.756259932093257409e-06,6.764344330894834673e-06,6.935784151202735161e-06,7.122839865489335904e-06,7.292988679944275299e-06,7.256725218794656786e-06,7.398371377705194745e-06,7.609151263644188728e-06,7.539304329500665822e-06,7.654253157110703755e-06,7.880865749909549443e-06,7.775774241468710125e-06,7.859158808449326987e-06,8.101603276881004994e-06,8.169842148528624060e-06,8.010800036812237837e-06,8.037622856344862511e-06,8.300617370472408802e-06,8.113491452015090131e-06,8.104566235919374536e-06,8.384877707547503983e-06,8.356051143845388685e-06,8.139689683086527935e-06,8.079112374916374098e-06,8.381520835002835454e-06,8.168387441888161563e-06,8.089546101591410743e-06,8.414141760339514855e-06,8.223542283455613391e-06,8.140802494375877640e-06,8.051480808757630059e-06,8.401743826031587460e-06,8.271609511080593507e-06,8.203390242049054282e-06,8.577159471996754342e-06,8.516191053664629837e-06,8.485390177489163588e-06,8.878205637393930444e-06,8.862174782208379252e-06,8.914176472819199782e-06,8.954240560252938784e-06,9.352954876640981452e-06,9.481946453047559694e-06,9.576568510557787546e-06,9.964568951231994685e-06,1.007643269704850801e-05,1.028630609709754482e-05,1.044279802875155480e-05,1.078133577643798611e-05,1.100148720480332626e-05,1.116272948080915880e-05,1.143245267192155169e-05,1.161913652227193695e-05,1.174813541029698895e-05,1.192291249208943886e-05,1.201250408972131768e-05,1.209952070833811024e-05,1.214766700575128627e-05,1.217704060607091674e-05,1.217704060607091674e-05,1.215444192565404452e-05,1.212068149276235426e-05,1.204322282739729070e-05,1.197333228407598733e-05,1.180694813630729985e-05,1.170399296857910032e-05,1.153831203443930978e-05,1.127988629367326025e-05,1.115791018991117446e-05,1.097053162284378624e-05,1.064583396466282759e-05,1.054335143701798807e-05,1.037983666165392725e-05,1.033605519456503441e-05,9.962452282170652815e-06,9.941279598339730419e-06,9.878701249058101955e-06,9.491744481508468796e-06,9.533390793112989981e-06,9.558595359437343494e-06,9.662751589445992161e-06,9.273474616067400587e-06,9.388791821003181966e-06,9.536522859964852795e-06,9.158857435195384624e-06,9.307119310503402865e-06,9.525371106502886323e-06,9.163155502735876329e-06,9.323850994761368800e-06,9.472412928613309905e-06,9.746195945707006512e-06,9.398084381707510370e-06,9.529992409409868354e-06,9.819313918136097903e-06,9.486886482593490205e-06,9.586578678668318936e-06,9.870112353584755948e-06,9.925961662627096155e-06,9.608511512938771522e-06,9.635637617227680015e-06,9.874386712666809678e-06,9.571397357473944586e-06,9.549959625038272775e-06,9.749921549005216616e-06,9.675951753419090710e-06,9.391860950422992833e-06,9.297487979544585477e-06,9.428240578292078371e-06,9.160362608936318149e-06,9.025703021376445677e-06,9.112061757380598634e-06,8.861319960685955824e-06,8.693027080262429875e-06,8.737701932893914551e-06,8.534465332943345898e-06,8.310642499424250642e-06,8.105277477674237871e-06,8.095592365957519272e-06,7.891325468163836289e-06,7.671052640945715104e-06,7.632393920956217129e-06,7.394108611424300897e-06,7.219183343336543646e-06,6.988168138568605279e-06,6.916158455519551924e-06,6.760630733798518825e-06,6.529271509359813020e-06,6.441560859690632420e-06,6.304626260945442639e-06,6.077015405035458796e-06,5.852407498832323330e-06,5.749117523495155847e-06,5.637866826548372088e-06,5.421453772571026535e-06,5.312350438893707163e-06,5.216625783466502750e-06,5.010340497289900375e-06,4.898290725970904203e-06,4.696951396047372399e-06,4.621745504217014122e-06,4.432861618698695293e-06,4.320574643914057185e-06,4.257238795468478564e-06,4.080720776928225010e-06,3.970395938856354134e-06,3.801631624538212037e-06,3.753489964085112575e-06,3.595715944180634399e-06,3.490540799293162928e-06,3.450891762441995178e-06,3.305323501497315861e-06,3.204555370142028244e-06,3.172216150855077454e-06,3.038411275246689797e-06,2.942546171911547293e-06,2.817118108056934731e-06,2.793845004167945063e-06,2.676672420326314403e-06,2.588744244668119123e-06,2.570333575813976334e-06,2.463388200486196878e-06,2.380835915171418803e-06,2.281574050700992174e-06,2.269086164035493440e-06,2.176249814906967393e-06,2.101757118857040240e-06,2.092350652313518024e-06,2.007997326885323411e-06,1.938665651767491665e-06,1.931789677914243749e-06,1.855237552647686174e-06,1.782411373908050383e-06,1.720523027152565959e-06,1.716653171043266308e-06,1.650656123809707491e-06,1.593387024392856006e-06,1.590996943258944028e-06,1.531225797022673306e-06,1.478320272459177142e-06,1.423662568835798937e-06,1.422989804310750596e-06,1.371574842123649162e-06,1.324780680302549382e-06,1.324900140046238778e-06,1.278371970777601952e-06,1.235276219945047447e-06,1.235990959892107412e-06,1.193885277111720230e-06,1.153882692084648639e-06,1.115903294651024935e-06,1.117267548092082961e-06,1.081058986066315686e-06,1.046142150978599226e-06,1.047746453930950612e-06,1.014960852948271487e-06,9.828721333869669697e-07,9.530879307149140999e-07,9.549201398263586250e-07,9.266875402373985247e-07,8.984689602222506561e-07,9.003320611056717288e-07,8.747337490326529007e-07,8.488097911565468010e-07,8.255759361743499133e-07,8.274232652378517406e-07,8.053245147987709460e-07,7.825252803084280267e-07,7.842890417622744953e-07,7.642113180994497167e-07,7.432570370639055106e-07
7.199645493820651499e-07,7.187010167916019231e-07,7.348575627343755016e-07,7.533734956595946687e-07,7.519685714787292383e-07,7.697125777877587521e-07,7.883531175374536475e-07,7.882907567975417280e-07,8.078031556828792628e-07,8.283139301467574568e-07,8.511281459961848809e-07,8.494999467538426928e-07,8.720938866618033957e-07,8.958619254256851140e-07,8.952167122229134251e-07,9.201305972256986153e-07,9.463508640227766212e-07,9.744994363695780673e-07,9.729115296067411705e-07,1.001861025611735306e-06,1.032452276836492213e-06,1.030978836595066954e-06,1.062964179010396273e-06,1.096652335680913709e-06,1.131351252474544350e-06,1.130294137886179015e-06,1.167543326981148841e-06,1.205212463395497383e-06,1.204551746425548456e-06,1.245752688127057170e-06,1.289158160104068301e-06,1.286509668733117614e-06,1.332090239319477513e-06,1.380107941145395360e-06,1.426261191522529484e-06,1.427443431511560024e-06,1.480559141456078510e-06,1.530474367187608141e-06,1.532780212898454378e-06,1.591518989793097157e-06,1.653361132695124530e-06,1.709402557774932820e-06,1.714075656894742950e-06,1.782401887143287947e-06,1.842712007661896098e-06,1.849395658143071014e-06,1.924820591303117966e-06,2.004119986777868767e-06,1.998717481148724812e-06,2.081883347591418491e-06,2.169250977206088697e-06,2.240877755008581603e-06,2.254907396444792184e-06,2.351005943874335023e-06,2.451796793094308739e-06,2.445238521886211377e-06,2.550726069934209160e-06,2.661219402327385332e-06,2.744066948005657413e-06,2.769725975804053884e-06,2.890525473704973319e-06,2.977405849494576193e-06,3.009240376145086427e-06,3.140873842601271050e-06,3.278128693789385377e-06,3.270352718645863329e-06,3.413227329510125722e-06,3.561845165722560369e-06,3.656135895182992898e-06,3.708247361847204986e-06,3.868339298257611435e-06,4.034113608441904998e-06,4.026161200159173115e-06,4.197549255762727434e-06,4.374364500405141333e-06,4.468488290508088640e-06,4.548723692127270230e-06,4.735785119270199652e-06,4.826376111235622885e-06,4.920216714048496223e-06,5.116183275959206188e-06,5.315768839116405340e-06,5.395668923672722770e-06,5.512131774085981873e-06,5.717277476278433616e-06,5.785796871434272865e-06,5.918758068699862582e-06,6.126243945074187759e-06,6.333132315218284618e-06,6.329600449693877288e-06,6.535313044973910242e-06,6.737913798134350200e-06,6.758873036863167032e-06,6.935548753872863276e-06,7.128357367443697296e-06,7.313401055687507265e-06,7.316789040352871417e-06,7.493741698810728472e-06,7.659282267552697287e-06,7.603145392049203732e-06,7.823035251736762356e-06,7.962553469791085030e-06,7.869752794858320602e-06,8.106706458734068562e-06,8.214271334480492836e-06,8.301253110467066661e-06,8.338460927446244178e-06,8.409663672054789127e-06,8.457677591748437529e-06,8.273332358007772281e-06,8.550414918215239990e-06,8.558861480707337250e-06,8.542190026728052092e-06,8.646644410788266956e-06,8.618827000203262571e-06,8.567325758578563907e-06,8.339439035577542192e-06,8.661567426556073321e-06,8.585237581270354533e-06,8.372524051720804699e-06,8.719849940777337627e-06,8.632956863151841756e-06,8.535678112510364964e-06,8.375235141449506173e-06,8.751430442485330261e-06,8.669795373521025671e-06,8.577369568939828759e-06,8.978634912702783562e-06,8.930959348347033679e-06,8.897051862772573658e-06,9.340876692570607503e-06,9.341203292610167071e-06,9.363357435558107331e-06,9.476513329300235267e-06,9.897660742499644632e-06,9.977703669880471119e-06,1.008587083717829393e-05,1.056530445215070488e-05,1.069157166933928739e-05,1.084152867984612052e-05,1.108279258126059655e-05,1.142136736201682336e-05,1.158124490533188267e-05,1.180290073966234115e-05,1.205837538768762326e-05,1.218872451383307571e-05,1.231330167868690800e-05,1.249030815906434076e-05,1.255556926435618329e-05,1.260550917959676457e-05,1.262461720137180452e-05,1.262461720137180452e-05,1.261300196886666011e-05,1.257900589245350817e-05,1.253250723774118577e-05,1.235550075736375301e-05,1.225420200135248882e-05,1.215309004715772744e-05,1.190876010218009924e-05,1.171227418033260148e-05,1.159653840423315750e-05,1.127198842766639669e-05,1.106902875472348317e-05,1.097955975078379408e-05,1.092154285040154504e-05,1.044210923542913578e-05,1.040922570385620374e-05,1.041048768533273551e-05,1.000225970171735577e-05,9.962274782712123150e-06,1.002960255937868825e-05,1.012066463245480668e-05,9.676839802656771140e-06,9.802532230133858290e-06,9.940911869403973457e-06,9.536732956907813710e-06,9.720302202324649168e-06,9.886423692789521827e-06,9.498862421888112952e-06,9.750298759284423396e-06,9.921403139353480454e-06,1.007555977457850796e-05,9.704578231841442244e-06,1.000107232686342265e-05,1.012999012551109128e-05,9.777232044622006732e-06,1.008056831332759108e-05,1.016904330177804700e-05,1.022604549313597142e-05,1.012158997318291734e-05,1.015983069421022201e-05,1.016561039031749709e-05,9.847097804745290949e-06,1.008010138093492255e-05,1.003274087034001672e-05,9.956070523458232296e-06,9.918846481057974490e-06,9.820759962969352429e-06,9.696963640725178682e-06,9.417091191414667448e-06,9.531923549228174517e-06,9.367446968632104690e-06,9.105985747746246832e-06,9.175058460568537113e-06,8.977817639515984490e-06,8.766499913949214607e-06,8.763004293252269289e-06,8.541344877677533098e-06,8.310111575054957635e-06,8.097997051156932132e-06,8.072435523326819404e-06,7.828844250162729973e-06,7.581359857436274825e-06,7.584685795215188532e-06,7.335517866216511486e-06,7.085516910196159175e-06,6.924791103943558898e-06,6.841257944203731703e-06,6.593778524049599602e-06,6.452582699137513982e-06,6.355168847098073620e-06,6.114150188690550373e-06,5.877417116189258167e-06,5.763119096552811562e-06,5.652676401189563801e-06,5.426497140473472625e-06,5.328407726532680342e-06,5.213636467608246505e-06,4.999670578735258017e-06,4.792198879255904218e-06,4.799806539880637586e-06,4.599051947822644335e-06,4.405111153369617739e-06,4.340677997722348343e-06,4.225664369370851215e-06,4.045504536793293787e-06,3.872246390711710854e-06,3.879685688030345018e-06,3.713204050662271296e-06,3.553486800898124622e-06,3.513486967299757079e-06,3.407495943461409114e-06,3.260853868887519357e-06,3.228348441903506258e-06,3.127287757460372634e-06,2.993105002395593524e-06,2.864961732245245032e-06,2.871236088041201136e-06,2.748800882577303637e-06,2.632032291419555208e-06,2.613731588947006852e-06,2.526392887323684532e-06,2.420216408407334275e-06,2.319120406611166956e-06,2.324289032253948047e-06,2.227913182573419333e-06,2.136225719843103767e-06,2.127023713151714261e-06,2.053547013262976287e-06,1.970497570258149274e-06,1.963830615539988094e-06,1.895596469827945599e-06,1.820445621007590655e-06,1.749056626069567778e-06,1.745389068218688232e-06,1.684660754782915605e-06,1.620132311360751923e-06,1.617927277590868748e-06,1.561824017981426165e-06,1.503521131400603153e-06,1.448176995389910488e-06,1.450710830901099105e-06,1.398044925846984258e-06,1.348056709920784148e-06,1.348307676747834558e-06,1.302620540150236328e-06,1.257468589391640414e-06,1.258289550227545748e-06,1.216257066795468981e-06,1.175466128464912204e-06,1.136745999902112909e-06,1.138182014750209609e-06,1.101188787165255516e-06,1.066190938554751108e-06,1.067843332656787046e-06,1.033856626438241888e-06,1.002206824255351945e-06,9.721473321380163323e-07,9.727646134112062144e-07,9.441243576062362394e-07,9.169137234816053332e-07,9.187743945893187977e-07,8.913405798316770560e-07,8.666889092978579713e-07,8.432535480997748594e-07,8.433132091804293397e-07,8.209595240483085995e-07,7.996982108134781731e-07,8.014194504908730653e-07,7.792648852719912690e-07,7.599554627625479087e-07,7.615534749572101646e-07
7.212943736467022468e-07,7.369214142780884915e-07,7.374245408521685077e-07,7.537593545417138138e-07,7.709061458527182897e-07,7.694983042028128182e-07,7.891502660934904222e-07,8.079908593394494232e-07,8.064351889943952676e-07,8.278025304328238902e-07,8.485311821526226729e-07,8.703261483848690485e-07,8.686350035080684208e-07,8.929247321798222268e-07,9.169461308120325986e-07,9.151820197869577029e-07,9.416156449096149292e-07,9.681181517777502900e-07,9.960186108066384040e-07,9.950994226477369255e-07,1.024365975919162691e-06,1.055188247885100628e-06,1.053545849060135883e-06,1.086272412853279775e-06,1.120346757482091752e-06,1.156246526064849946e-06,1.154484705084257775e-06,1.192175957796888938e-06,1.231893929722645431e-06,1.230984372972838734e-06,1.271429965425944046e-06,1.315387275150451941e-06,1.315002896905103229e-06,1.358940268076602891e-06,1.407598066235464416e-06,1.458873511235683811e-06,1.455620242961442784e-06,1.509481148167901329e-06,1.566231192025941654e-06,1.568213541682050588e-06,1.622077467202009099e-06,1.684867153753406287e-06,1.750992030752246509e-06,1.746514970159170636e-06,1.815949855089297981e-06,1.889039399172598127e-06,1.895440464968396384e-06,1.960729770934987493e-06,2.041442141840852497e-06,2.050380289461007274e-06,2.120531266863065147e-06,2.209551678456841961e-06,2.303081106217724620e-06,2.317046560028105322e-06,2.394767902180902265e-06,2.497653901454979292e-06,2.515806482092297498e-06,2.598512011215204214e-06,2.711443692087593885e-06,2.829724478779250672e-06,2.822187462313691769e-06,2.945815807814879663e-06,3.075081969450665283e-06,3.107746458561527450e-06,3.202028052237046525e-06,3.342799203476956381e-06,3.383145079498958733e-06,3.481146443924470845e-06,3.633793587875259021e-06,3.792475936870949410e-06,3.846790646866212643e-06,3.948614286301293142e-06,4.119273252713576611e-06,4.184640673321278090e-06,4.287287011933229576e-06,4.469590378616844952e-06,4.657405932307393762e-06,4.649125410766319754e-06,4.842288398693929039e-06,5.040324552420373095e-06,5.139878227754130816e-06,5.235175611817306344e-06,5.441731902240093846e-06,5.651522671944499109e-06,5.644760509926804330e-06,5.857368321058051181e-06,6.071587696237690860e-06,6.214084002557826809e-06,6.281331288802048191e-06,6.496132071115621186e-06,6.657741074695801498e-06,6.705961919791202752e-06,6.916517322072375283e-06,7.122344979915656359e-06,7.313145990134566941e-06,7.322453033604694251e-06,7.514916657083694907e-06,7.725546038711152250e-06,7.702743643008679532e-06,7.874962603810610492e-06,8.033136715996029955e-06,8.045958634920744506e-06,8.191125760003200592e-06,8.318312717499516413e-06,8.575472408739959684e-06,8.454442181161405851e-06,8.544938167153916247e-06,8.820846454324204883e-06,8.660681962591000658e-06,8.711004449901984688e-06,8.735798962460134250e-06,9.035968503838575491e-06,8.822832130102511232e-06,8.806903391896205361e-06,9.127726427630390843e-06,8.896915791743449818e-06,8.846540141998500808e-06,8.773147828780026900e-06,8.960319987682593545e-06,8.886708548741435956e-06,8.795663871973784904e-06,9.168175612948380223e-06,8.967560538294202618e-06,8.876718578971883397e-06,8.780978739320249111e-06,9.131974915029058036e-06,9.061051973013736023e-06,8.995691471631490368e-06,9.420713832836417567e-06,9.384812016044065923e-06,9.367722428166776283e-06,9.809392858228736778e-06,9.865057052296226329e-06,9.906562701373848427e-06,9.975557320854574946e-06,1.041305935221033800e-05,1.058838782185124513e-05,1.071495151703678759e-05,1.112716788900367087e-05,1.135084219484572109e-05,1.151175766386586153e-05,1.169126663787594322e-05,1.209573883439627687e-05,1.225416800446621784e-05,1.241664427752337345e-05,1.265491121981518186e-05,1.281680739916102191e-05,1.292028894085705832e-05,1.303738362363574258e-05,1.309235308832222603e-05,1.310923158691432951e-05,1.310923158691432951e-05,1.310838086971062474e-05,1.306338998046605681e-05,1.295438294132411617e-05,1.287292145639887622e-05,1.272796797830416237e-05,1.250041386078380583e-05,1.237258762096658266e-05,1.225677778028093159e-05,1.185230558376059793e-05,1.172394220066787984e-05,1.162283009835112527e-05,1.145049089385244696e-05,1.105512151168703270e-05,1.100446292042826283e-05,1.089646961944377644e-05,1.047427782954145032e-05,1.049342122151701111e-05,1.054410375475218838e-05,1.057565003173207779e-05,1.014144418522293196e-05,1.025408413494037179e-05,1.038545165060419419e-05,9.959796449381939072e-06,1.011775639256860996e-05,1.027765353493865998e-05,9.926657359208287287e-06,1.010651378402928929e-05,1.027556542426093387e-05,1.057140410935450584e-05,1.017511807945014829e-05,1.033019732431740594e-05,1.045996852276968928e-05,1.027279628573640886e-05,1.039419682903288243e-05,1.048432050170002559e-05,1.078744193583730098e-05,1.042583557125192343e-05,1.046524256430650142e-05,1.073856513653607332e-05,1.039391187871840572e-05,1.037741683970638031e-05,1.032842267064804748e-05,1.053020125444271457e-05,1.020750438539652600e-05,1.010587853981280547e-05,1.025680330008958676e-05,9.953154697276079527e-06,9.804518346728800018e-06,9.633562047735164929e-06,9.620675577600568259e-06,9.432892951703048657e-06,9.227770735409657549e-06,9.256114183623879237e-06,9.004119628490470567e-06,8.773584562471279665e-06,8.762429008401345746e-06,8.533349148612705607e-06,8.286024796330951553e-06,8.032833107103867746e-06,7.974159623984161221e-06,7.779338974000327299e-06,7.520583155779475748e-06,7.438667497427090711e-06,7.266389646965972816e-06,7.007989779314303381e-06,6.751431056537845022e-06,6.757888388443000707e-06,6.504552541037154307e-06,6.255030593344200045e-06,6.138887785678587581e-06,6.017589858073163366e-06,5.778134863553955038e-06,5.544487506541647307e-06,5.552407924838582874e-06,5.325118635010324484e-06,5.104421378499420829e-06,4.979246179719111938e-06,4.898772646773535569e-06,4.692015843435801957e-06,4.567817043108578410e-06,4.500603142049363720e-06,4.308227274055782351e-06,4.123103416345088070e-06,4.003535603117101835e-06,3.953136859795477739e-06,3.782318380344427687e-06,3.667283266825025009e-06,3.626177163141381196e-06,3.469245016931561746e-06,3.319108486303986348e-06,3.326319212670809063e-06,3.182669816200758903e-06,3.045475017510663677e-06,2.944572101458094536e-06,2.921131595536317778e-06,2.796110003354958235e-06,2.701312861184664871e-06,2.683024696274922954e-06,2.569357394637228547e-06,2.461143108886112638e-06,2.375605078560697021e-06,2.363527414682319375e-06,2.265414026133955932e-06,2.185843697263729963e-06,2.176945629068791458e-06,2.088110933625828729e-06,2.003704353858124834e-06,2.007987597983230645e-06,1.927639545817793541e-06,1.851335150029977120e-06,1.785778834396993754e-06,1.782488453544001638e-06,1.713555078270817912e-06,1.648127943698612001e-06,1.651240374711519840e-06,1.588994322815956471e-06,1.529926711839314753e-06,1.476558706506861868e-06,1.476384801293720732e-06,1.423066951674093014e-06,1.373996646974232736e-06,1.374560048759992328e-06,1.326431563173768126e-06,1.280767127344209580e-06,1.282452677319566654e-06,1.239001000362695635e-06,1.197769458156892899e-06,1.158184370787290266e-06,1.159848405697318641e-06,1.122604776803099698e-06,1.087254551861580675e-06,1.088133947439027355e-06,1.054474898805203520e-06,1.022517680559696848e-06,9.906675264455402187e-07,9.926596276555166999e-07,9.637492018434259079e-07,9.345391904237652655e-07,9.365104907369174899e-07,9.103348742942709701e-07,8.854582593404718018e-07,8.598351011141293967e-07,8.617231352850178052e-07,8.391673582176657765e-07,8.156560077112152976e-07,8.174193503115642295e-07,7.969457718797959281e-07,7.774617573319902714e-07,7.769804116141877410e-07,7.583750153566058615e-07
7.236588550443372896e-07,7.405569787302739601e-07,7.563693712081185732e-07,7.552279948291458310e-07,7.717619322728870600e-07,7.909224193819168107e-07,7.896077063080516201e-07,8.077726506663707894e-07,8.286012407403430526e-07,8.271248360453444039e-07,8.471113912457654813e-07,8.681294751566516300e-07,8.918034639140160419e-07,8.901678222861679870e-07,9.133414224113159381e-07,9.391069042718394374e-07,9.373788902657138025e-07,9.629603988569951692e-07,9.910088698801049299e-07,1.019224526516452661e-06,1.017505170114253640e-06,1.047295416630933040e-06,1.079218568533477859e-06,1.077555675666403068e-06,1.110524694089877609e-06,1.145275740971253242e-06,1.181606955415922581e-06,1.180274871395859955e-06,1.218786102930298263e-06,1.258304558625787625e-06,1.257306726015176351e-06,1.299997506590694837e-06,1.342967580006583799e-06,1.342464305868114185e-06,1.389807061023983852e-06,1.436491492636763986e-06,1.488481394673398895e-06,1.489194582888677436e-06,1.544593633374349056e-06,1.597441282367170341e-06,1.599236751006221972e-06,1.660680010759744457e-06,1.717907478730376306e-06,1.785088752633014752e-06,1.789237648011916633e-06,1.861061766745934976e-06,1.925417319892685966e-06,1.931592641270035955e-06,2.011149662936050655e-06,2.080455903635514894e-06,2.089167199812340559e-06,2.177205093936952522e-06,2.269877276293336628e-06,2.346988658541621113e-06,2.360767940887626235e-06,2.463094787828747216e-06,2.545416447188048793e-06,2.563433809662334897e-06,2.676210571658355313e-06,2.763683249227592686e-06,2.884672114352939519e-06,2.910826550976834081e-06,3.040807144744932276e-06,3.135655846602909609e-06,3.168485890366764934e-06,3.310744000791695719e-06,3.409876030562535157e-06,3.450594166156066093e-06,3.605694193761329789e-06,3.767410334183499237e-06,3.871495179530736968e-06,3.926633283063883596e-06,4.101634887610050772e-06,4.207480543432241963e-06,4.274072389561285516e-06,4.462288273946195682e-06,4.568209827659780131e-06,4.762047030815970583e-06,4.848790246904121739e-06,5.055636861383988114e-06,5.157301353420917653e-06,5.259535683661864083e-06,5.477184077754459439e-06,5.572298553006012386e-06,5.789633590449977461e-06,5.917861549356767611e-06,6.147090096670135674e-06,6.224901379379353368e-06,6.372232795213305143e-06,6.604879444710036845e-06,6.665425048323715637e-06,6.832922250495500165e-06,7.064211660851281246e-06,7.292202973637765750e-06,7.316252428322365027e-06,7.514640017799703093e-06,7.731806966489703092e-06,7.724704651059445575e-06,7.944171243134281907e-06,8.143281971795074631e-06,8.099721521553847914e-06,8.264303029137058920e-06,8.513536461514228528e-06,8.669184118638208970e-06,8.561946931797707061e-06,8.831369781814683297e-06,8.949733226900441848e-06,8.799743508749398492e-06,9.089714989484793837e-06,9.165705312388850774e-06,9.214442301727194149e-06,9.003095752904981098e-06,9.320183457441142126e-06,9.323320507735056160e-06,9.086230084373388854e-06,9.426796926745518768e-06,9.389048983519073370e-06,9.143384016194711729e-06,9.071693787137273036e-06,9.442196571008929786e-06,9.351766522904755998e-06,9.123426006911198520e-06,9.523211820170314435e-06,9.425087894999742086e-06,9.247272023341512897e-06,9.161122584586245925e-06,9.592329943023488573e-06,9.509347429208068296e-06,9.438224664886207596e-06,9.894777295154325188e-06,9.857006922816421326e-06,9.884125597814340383e-06,1.035556274370745257e-05,1.037671215309433029e-05,1.042603632838901879e-05,1.059072014136055756e-05,1.105008674815171809e-05,1.116225677035971238e-05,1.139397969278228671e-05,1.181710863751133410e-05,1.197022330760541947e-05,1.222399389855117607e-05,1.240794011813926437e-05,1.273344505888854656e-05,1.289673597121206555e-05,1.310522082573568364e-05,1.331730079792444052e-05,1.342283834521429014e-05,1.352809379692232492e-05,1.360426642730927523e-05,1.362154571495522485e-05,1.362154571495522485e-05,1.362205175342888856e-05,1.355410015375263916e-05,1.346075474057933970e-05,1.337988800776482820e-05,1.317827758422466416e-05,1.299044059343120111e-05,1.286622685916097848e-05,1.255482151550344321e-05,1.242060459711627113e-05,1.220873214489925615e-05,1.212286143725291068e-05,1.171730269763106280e-05,1.154442381280079209e-05,1.151697627328743282e-05,1.107413040859399601e-05,1.098473014374325851e-05,1.103278042765088966e-05,1.111286606152194124e-05,1.065038277131768140e-05,1.071758766158169534e-05,1.085883648442913559e-05,1.040296248265397575e-05,1.057529826164607834e-05,1.075691559745779253e-05,1.031670291822299460e-05,1.049171478690254063e-05,1.077136739872161999e-05,1.095017695623456253e-05,1.052665450093822034e-05,1.085144357076945178e-05,1.100600152785063822e-05,1.060314478792965012e-05,1.072628086043224741e-05,1.105400193446725978e-05,1.112857990161291251e-05,1.074594479982275305e-05,1.105292236769708950e-05,1.106888328807706429e-05,1.070568870847136786e-05,1.097390852031915658e-05,1.092809741879871330e-05,1.084773241867352417e-05,1.050908141791854172e-05,1.069663949597510943e-05,1.056107962455122636e-05,1.024323777719547885e-05,1.037617044835137999e-05,1.019297542502811617e-05,9.896810449648614578e-06,9.701539368580239453e-06,9.755352213976899186e-06,9.517645018620531867e-06,9.255110623318504518e-06,9.263947870105162261e-06,9.003495685400481180e-06,8.765289618131470517e-06,8.735929820077424572e-06,8.461759679021079245e-06,8.183442602229124561e-06,7.981463241188888036e-06,7.907602323220627900e-06,7.627197908412452569e-06,7.448992669341841898e-06,7.354055613353314652e-06,7.077420053303669778e-06,6.921830268678415424e-06,6.659293033107964891e-06,6.543270232850019699e-06,6.280227569852821548e-06,6.155552653836673809e-06,6.031516340202630780e-06,5.781293794266724918e-06,5.675084959999501692e-06,5.440410482060391065e-06,5.311158710688059692e-06,5.083196705687219113e-06,5.001096765135863535e-06,4.871917699684881867e-06,4.659801880585708765e-06,4.591451887669843461e-06,4.464412018777462061e-06,4.268270753880013408e-06,4.080086193472257618e-06,4.029109290079843572e-06,3.908103165454785808e-06,3.735406067766954812e-06,3.693984410189107415e-06,3.578218480110507320e-06,3.420356779151167772e-06,3.387058673979486507e-06,3.240065164381371881e-06,3.133313288220041431e-06,2.996259115567085206e-06,2.972900219903872669e-06,2.872466750862241750e-06,2.748088986139892640e-06,2.729958735649019553e-06,2.635921719105847510e-06,2.523272072444038772e-06,2.416230658725869419e-06,2.404378689012131943e-06,2.319903172107379723e-06,2.223183495535794613e-06,2.214522823913795690e-06,2.136133858365814865e-06,2.048836482598816895e-06,2.042752829312630586e-06,1.961120012379662949e-06,1.891472349417045546e-06,1.816815051791780333e-06,1.813741276740713911e-06,1.749483811457641922e-06,1.682210576531677497e-06,1.680567442149613234e-06,1.617468833288166848e-06,1.560774912956406920e-06,1.503332192357379254e-06,1.503312770303224265e-06,1.451193122403823179e-06,1.399446430173240441e-06,1.400134114265950795e-06,1.352265281005971694e-06,1.305639631782105458e-06,1.306833749651989903e-06,1.262890243458922963e-06,1.220874285040396516e-06,1.181027056597880002e-06,1.182745692370099257e-06,1.144213053398746911e-06,1.108267270187813787e-06,1.110139994260686028e-06,1.076137632194902162e-06,1.042361981476910265e-06,1.011570412437555843e-06,1.013556678577433687e-06,9.825927503982599455e-07,9.547603112504984244e-07,9.567046648371771514e-07,9.283156941220464769e-07,9.031327280537591800e-07,8.792068704126531943e-07,8.810415621483310415e-07,8.561436354375152210e-07,8.344582023052717445e-07,8.361526513600316861e-07,8.133070485287217313e-07,7.936275264606637576e-07,7.951619995826727268e-07,7.763779754456644074e-07,7.563059845871742151e-07
7.290187881940860557e-07,7.435761094340357880e-07,7.588381390004620663e-07,7.748463076822705640e-07,7.757260602130938224e-07,7.924603720458062345e-07,8.100284997023256426e-07,8.107085709739931132e-07,8.290875367118290486e-07,8.483985117109399505e-07,8.469224120990705393e-07,8.690704918766582094e-07,8.903293082344618798e-07,9.126913905991465998e-07,9.128034277019857664e-07,9.362396866811232245e-07,9.609092105788203213e-07,9.607289520384306898e-07,9.865995738077897451e-07,1.013848545520879052e-06,1.042556434556492303e-06,1.041935779379776128e-06,1.072067943896287007e-06,1.103829686426153106e-06,1.102838190297709733e-06,1.136192189498645501e-06,1.171365371833658274e-06,1.208462252530029199e-06,1.206919009285987402e-06,1.245900982640724912e-06,1.287027704482147923e-06,1.285026028357846807e-06,1.328257182123679468e-06,1.373876920913409852e-06,1.371377809724064921e-06,1.419344705039956209e-06,1.469968127707976192e-06,1.523393529542593875e-06,1.520170920759401077e-06,1.576358704685979134e-06,1.635654222009054175e-06,1.631845645293117097e-06,1.694210264298865179e-06,1.760014021055976407e-06,1.829433739369120549e-06,1.824792016156203600e-06,1.897794023428712899e-06,1.974780067750040829e-06,1.969481508629678571e-06,2.050421553707743073e-06,2.135735521242987220e-06,2.144145796756678291e-06,2.219424341473546873e-06,2.313868511029203795e-06,2.413302082806477406e-06,2.406418277171782591e-06,2.510824662670800176e-06,2.620639814265811810e-06,2.613086393194228572e-06,2.728300096082153854e-06,2.849336501287611873e-06,2.976392671396239247e-06,2.968001192378064140e-06,3.101071328380532107e-06,3.240533351207503273e-06,3.231586698310379058e-06,3.377436543641833022e-06,3.529993178349616350e-06,3.571997537234788344e-06,3.679843542235342267e-06,3.846031539989587170e-06,4.019207985506083603e-06,4.009397568709036631e-06,4.189523689025217161e-06,4.376643940528625102e-06,4.366734847508240878e-06,4.560777486770140448e-06,4.761605241914990534e-06,4.968997643304945637e-06,4.959305772645594403e-06,5.173086953625932010e-06,5.392766623595659833e-06,5.383555192415613328e-06,5.608866007214730295e-06,5.839003579116032377e-06,6.073230794699763818e-06,6.065184857888353320e-06,6.303030028903341709e-06,6.543116635311951618e-06,6.536447718100146707e-06,6.778176049465659332e-06,7.019686307372875217e-06,7.200262828202116206e-06,7.255608888304753654e-06,7.492889005685361151e-06,7.724963613820570558e-06,7.724404318615870770e-06,7.950600409874997585e-06,8.167598274196442862e-06,8.172023529216556652e-06,8.379525840876537345e-06,8.573203416858943114e-06,8.750471417942740348e-06,8.766089822225778695e-06,8.928285197302726305e-06,9.069327881427247183e-06,9.098954559793954110e-06,9.222416771950119350e-06,9.320510471259430449e-06,9.636115410481468506e-06,9.451237502144380277e-06,9.502524326472047665e-06,9.523822758527423650e-06,9.619560547810934427e-06,9.624448884167003982e-06,9.599206864073524842e-06,9.743773781767313028e-06,9.708017865619849351e-06,9.644773365038859558e-06,9.555760242232381413e-06,9.787609825258846135e-06,9.700902620597200924e-06,9.595867301058025748e-06,9.907256168503881502e-06,9.816521244948252893e-06,9.717680887628741502e-06,9.616740317406969054e-06,1.004129972513735112e-05,9.972140863990572307e-06,9.913653675707595481e-06,1.041474028643179561e-05,1.039544063321381138e-05,1.039828533897285715e-05,1.089244533496879522e-05,1.099566278386566663e-05,1.106720126327721242e-05,1.117219730074328274e-05,1.174132475824529815e-05,1.187229568815942711e-05,1.203363908936075058e-05,1.255564675746380878e-05,1.271794765716986929e-05,1.289905584415071956e-05,1.309351950928521338e-05,1.347112153807940729e-05,1.362314446488447053e-05,1.377061118004640579e-05,1.398839582780444326e-05,1.406534069550961542e-05,1.412520561677746605e-05,1.415704229970652496e-05,1.416625721835586716e-05,1.413442053542680825e-05,1.409425588850610299e-05,1.404073699408380061e-05,1.382295234632576313e-05,1.370484545337890249e-05,1.358994253199432469e-05,1.321234050320013078e-05,1.306410458925316758e-05,1.293914507241132126e-05,1.284317589774299130e-05,1.232116822963993141e-05,1.223606755245988179e-05,1.219048841231789687e-05,1.162136095481588146e-05,1.160972027211259508e-05,1.163797470105464699e-05,1.162701386023599662e-05,1.114505520650005920e-05,1.124941287740331415e-05,1.137668663457961730e-05,1.087560002385541379e-05,1.104089590923891572e-05,1.121387129433759828e-05,1.078931188660359600e-05,1.098941971511900455e-05,1.118133352169392405e-05,1.135784300019717661e-05,1.104645413068726080e-05,1.122901189288608362e-05,1.138428810147582026e-05,1.115243847046960623e-05,1.130060767827424890e-05,1.141336032052819780e-05,1.148894301197131182e-05,1.134437522262807776e-05,1.139990428814012063e-05,1.141605423376976168e-05,1.132031240850702796e-05,1.131121294689560983e-05,1.126379340929937593e-05,1.149752408724592189e-05,1.112916066068384116e-05,1.102004209364983061e-05,1.087907603508702008e-05,1.084940963420564758e-05,1.068503894128573968e-05,1.049436271549639457e-05,1.047867029664828002e-05,1.026840348705889956e-05,1.003784817145570139e-05,9.790185634995203644e-06,9.785623558199372149e-06,9.525717819071138556e-06,9.254433241747224146e-06,9.254800559684897194e-06,8.975894442001244994e-06,8.690509264696737743e-06,8.623115096546499084e-06,8.405341699284322259e-06,8.114322591176760389e-06,7.822893927519278403e-06,7.829244658580484744e-06,7.539534370351887489e-06,7.252406793791468204e-06,7.260091403828862823e-06,6.977126115669746884e-06,6.698992759718520510e-06,6.426584869515234550e-06,6.435393442748605993e-06,6.169638732400895269e-06,5.910920385884412682e-06,5.920191055810265719e-06,5.669081848415579641e-06,5.425829866466666368e-06,5.190706103829717823e-06,5.200185774549236548e-06,4.973363763476114306e-06,4.754938257093670161e-06,4.764323809486030611e-06,4.554264836286632229e-06,4.352610016212605655e-06,4.220953637007122031e-06,4.168294110593863684e-06,3.983079366878080025e-06,3.805945578164078974e-06,3.814504908747797195e-06,3.645115094649796624e-06,3.483436292372513985e-06,3.491464491833713768e-06,3.337094248610984860e-06,3.189994026295406220e-06,3.049928771679735982e-06,3.057155196751577659e-06,2.923670820124587625e-06,2.796727585704572016e-06,2.803313384233476764e-06,2.682443991788287350e-06,2.567613802603849022e-06,2.475824909552780177e-06,2.464288714984573091e-06,2.360574141735204277e-06,2.262160029193000984e-06,2.267229208340811481e-06,2.173665246519759714e-06,2.084932629433678993e-06,2.089373407769819169e-06,2.005041403432143736e-06,1.925097127982627524e-06,1.849327676481310211e-06,1.852971376073822115e-06,1.780980421518242493e-06,1.712764082738567285e-06,1.715847181540769015e-06,1.651035714334438793e-06,1.589629168194043946e-06,1.531452065947531016e-06,1.533842988095695786e-06,1.478564532102674583e-06,1.426191022533303633e-06,1.428106044081550046e-06,1.378333754855073242e-06,1.331170813481120179e-06,1.332647248170353395e-06,1.287816191802107114e-06,1.245326264782021628e-06,1.205051103076832756e-06,1.205999676338972066e-06,1.167697077651592527e-06,1.131378877140549037e-06,1.131972663529372897e-06,1.097419759760059884e-06,1.064643746292283349e-06,1.033547087186774532e-06,1.033719542153345257e-06,1.004113248956697918e-06,9.760096878991457416e-07,9.759025009953626172e-07,9.491320197935936862e-07,9.237059112517973728e-07,8.972336859374301775e-07,8.991144364918302700e-07,8.760834143826098018e-07,8.541883755034784841e-07,8.535377452023139032e-07,8.326494705994832980e-07,8.127773644526744410e-07,8.119356972952359920e-07,7.929648480913684232e-07,7.749031303613689340e-07,7.577002624009853569e-07
7.483521587133124851e-07,7.476776160810146415e-07,7.624105176135559702e-07,7.798997653056167236e-07,7.961171486013798817e-07,7.951597286935256432e-07,8.141632712848665370e-07,8.319538099012530962e-07,8.307909228797204245e-07,8.494090795505298861e-07,8.710066678446080459e-07,8.696446209190692621e-07,8.901374430001572744e-07,9.136527773652471124e-07,9.362832440314512122e-07,9.346973784443881496e-07,9.603160464274300994e-07,9.852788452782659252e-07,9.835492500314894244e-07,1.009830939753609186e-06,1.039044957966194019e-06,1.068095288484680771e-06,1.066290541206366824e-06,1.098149134184749167e-06,1.130293494468982781e-06,1.128480297766849708e-06,1.162471002069978832e-06,1.198831503853401889e-06,1.236390700574117734e-06,1.234809296462953975e-06,1.274462160332718557e-06,1.316116039064780273e-06,1.314795324964375676e-06,1.358024866300811843e-06,1.404249784778986557e-06,1.403349176432100575e-06,1.452522415216313115e-06,1.501775508770917351e-06,1.555959683420170249e-06,1.556181519882867953e-06,1.609781181798394464e-06,1.669959520076485605e-06,1.671204127340114881e-06,1.735478235187115802e-06,1.796299896782433455e-06,1.866843480857567738e-06,1.870399878478563769e-06,1.936350053765773032e-06,2.014653272997382422e-06,2.020231815618560684e-06,2.104165582359454937e-06,2.178454206324033393e-06,2.186604086645291462e-06,2.279830558588729681e-06,2.359887091824156202e-06,2.461299864750887912e-06,2.474701686489221851e-06,2.560681525027447365e-06,2.672818028227477707e-06,2.690665734856118145e-06,2.811326407261365838e-06,2.906384816193702256e-06,3.036393625841670290e-06,3.062924552916948796e-06,3.163793937910668862e-06,3.306697705812142889e-06,3.340433326925317218e-06,3.494379588082895748e-06,3.603316706057819863e-06,3.645654679761261667e-06,3.814297480318652332e-06,3.927646184928796319e-06,4.105786065764802453e-06,4.164066683551448970e-06,4.280698367681542246e-06,4.473493727029802257e-06,4.544573306999233774e-06,4.751766547614273230e-06,4.870171327110631228e-06,5.084392339100508324e-06,5.178260978769019250e-06,5.294898400526998520e-06,5.522187952105136019e-06,5.633750283099890940e-06,5.876276822943616680e-06,5.983981104294319247e-06,6.226906230257159614e-06,6.368456100554239584e-06,6.464988720287442846e-06,6.714361398623375996e-06,6.878135374564843968e-06,7.140077422970936173e-06,7.209499308830153905e-06,7.396874788382270930e-06,7.658069521389194989e-06,7.701817314969197563e-06,7.943538454486168319e-06,8.167271887564328832e-06,8.178616394188800148e-06,8.404774755869544108e-06,8.653433653112041303e-06,8.878471582810874203e-06,8.827925432220286731e-06,9.012649719503083731e-06,9.296558654582879165e-06,9.199089204223304095e-06,9.346069197161438699e-06,9.654000633540611462e-06,9.784364905765299283e-06,9.610361566442062313e-06,9.942859438732743377e-06,1.002349378032978776e-05,9.805362843107685164e-06,9.828429120183587153e-06,1.019321521417223865e-05,9.942676557992435565e-06,9.918883824014113049e-06,1.031184769523776893e-05,1.026125595435170291e-05,9.986949173124189867e-06,9.900360408742745044e-06,1.032834078224670236e-05,1.007739841055777143e-05,9.978285077590531683e-06,1.043992066969704808e-05,1.032954660560080081e-05,1.015465085138178661e-05,1.006646214197314078e-05,1.056109171939639841e-05,1.048044258322576102e-05,1.044054144321969654e-05,1.095888808462543535e-05,1.093683475667969346e-05,1.101277201356845382e-05,1.153866119113875807e-05,1.158751961142314601e-05,1.176725950291388738e-05,1.189573316530587144e-05,1.238927267349569341e-05,1.263830965486098554e-05,1.281518012698791384e-05,1.324685141331993451e-05,1.342275518254093800e-05,1.369232343265522281e-05,1.388214607053355799e-05,1.417289211932887258e-05,1.436801050502450700e-05,1.449121671350836399e-05,1.463456702823363611e-05,1.469653074230393464e-05,1.472141204458930057e-05,1.472141204458930057e-05,1.470677961726243328e-05,1.466678358422094650e-05,1.453347349168536012e-05,1.443797761701258701e-05,1.426448200916634947e-05,1.398721758834325454e-05,1.384157759253971647e-05,1.360868847049185820e-05,1.349632726678097907e-05,1.308391695985114487e-05,1.298279479708788909e-05,1.279946367072113902e-05,1.232598535117236287e-05,1.229217943610000173e-05,1.219750522209656704e-05,1.225927601357739844e-05,1.174734053883565522e-05,1.177250108361164943e-05,1.191178532026023916e-05,1.139881191124973383e-05,1.155061127005781806e-05,1.174603016075302584e-05,1.124586636998270778e-05,1.143880116889150606e-05,1.172967119866023553e-05,1.193704131517035131e-05,1.145229049585516061e-05,1.163408224464579877e-05,1.199215674839002770e-05,1.153039177331260797e-05,1.168045769097543283e-05,1.205065689063608848e-05,1.214787344400807138e-05,1.170878973343559384e-05,1.176556036552104614e-05,1.209064899533089498e-05,1.167447310517673930e-05,1.166518122963639123e-05,1.194252726756012375e-05,1.185920967150889732e-05,1.147175272162033721e-05,1.168994106229684075e-05,1.154149807340282394e-05,1.117870449661387994e-05,1.100773992170134915e-05,1.112890733215768217e-05,1.079176994531196169e-05,1.057280692442737380e-05,1.063533693064082487e-05,1.036676505872097040e-05,1.006935780014548206e-05,9.798496937666204627e-06,9.784887412989503659e-06,9.516217802287710447e-06,9.225681458821906460e-06,9.172323185311506504e-06,8.857944494435783387e-06,8.631897199331936118e-06,8.547135639421935148e-06,8.231317198540414847e-06,8.033092164854479383e-06,7.732078121099314390e-06,7.614257432387879096e-06,7.442345760143748122e-06,7.148762984866181440e-06,7.017278542870710072e-06,6.724030622733646396e-06,6.587796434713945685e-06,6.312719540864319913e-06,6.170313765759447927e-06,6.055185955273650978e-06,5.795693835948530391e-06,5.651103800288207413e-06,5.400020035791810540e-06,5.312182523735991123e-06,5.078373564154362202e-06,4.935923067442182927e-06,4.863473314871849819e-06,4.647295451448474378e-06,4.508852160230758283e-06,4.304125273567629489e-06,4.250916919932072829e-06,4.117874112896968187e-06,3.930893823713315311e-06,3.888133029987218963e-06,3.714492167622957829e-06,3.591316178483129229e-06,3.557350526195489192e-06,3.399335443037890468e-06,3.283294410751340482e-06,3.136605674427504521e-06,3.113283213500039439e-06,2.976936586921722808e-06,2.872020919579940546e-06,2.854211377412078357e-06,2.730908050424249747e-06,2.633278967121093409e-06,2.519915529508512110e-06,2.508648073449902190e-06,2.418118250230560365e-06,2.316080373141562923e-06,2.308075847811048581e-06,2.212908450759506038e-06,2.132614179641322951e-06,2.127207844763205288e-06,2.041517316581066704e-06,1.967541623604561838e-06,1.889479267876705084e-06,1.887063384999353669e-06,1.814018015602155867e-06,1.748913426773942152e-06,1.747876379827477285e-06,1.682168812328040732e-06,1.622422543902695564e-06,1.562818144781879654e-06,1.563314016114237795e-06,1.507334274093317174e-06,1.454989526905914398e-06,1.456116844183574517e-06,1.405743356929252832e-06,1.357808752109501593e-06,1.359365715169318600e-06,1.314016634286070584e-06,1.270140737354073950e-06,1.229141448909161985e-06,1.231116383895646058e-06,1.192397037709960102e-06,1.154051588957564425e-06,1.156109909009062281e-06,1.121191717101141747e-06,1.086105289937103770e-06,1.054562803928192354e-06,1.056641385497585758e-06,1.026732007297128792e-06,9.960602856896160182e-07,9.980393010810411090e-07,9.709972879149318543e-07,9.429156529318714819e-07,9.184798238234271411e-07,9.202753099875434406e-07,8.945536801234568338e-07,8.724238192841420818e-07,8.740357567429053016e-07,8.529331291306138799e-07,8.303919556608324051e-07,8.318062494696396747e-07,8.126370912959742084e-07,7.919568018202854418e-07,7.745959338258902951e-07,7.757267973084579003e-07
7.533628684510166078e-07,7.676769568065908547e-07,7.692395310511950063e-07,7.841819971603438294e-07,7.998442841551959937e-07,8.184024301370190107e-07,8.176037451701085101e-07,8.347742959644730786e-07,8.527999337857507306e-07,8.539324680246169248e-07,8.727915684246729307e-07,8.926091183707253309e-07,8.935116626113680051e-07,9.142623225736752862e-07,9.360876291938819656e-07,9.610744785675738624e-07,9.595996990439383088e-07,9.836756091665477848e-07,1.009029890937312685e-06,1.009269615766000499e-06,1.035869167801633430e-06,1.063902420217974593e-06,1.094974875504650920e-06,1.093227138890337451e-06,1.124264757821349354e-06,1.157007113814208056e-06,1.156378463080287890e-06,1.190785213981761727e-06,1.227102581092844567e-06,1.265810880961812575e-06,1.264214293844688331e-06,1.304538602532648640e-06,1.346764496549673482e-06,1.345393415888496698e-06,1.390206404418738133e-06,1.437555679611805822e-06,1.435263992236749816e-06,1.485101482207026558e-06,1.537773048471729355e-06,1.590251998515869519e-06,1.590332639318027802e-06,1.648950903320852797e-06,1.710910052421699206e-06,1.707130581782020843e-06,1.772383067176963660e-06,1.841352297234105641e-06,1.906163029776236762e-06,1.909495033271810941e-06,1.986259378390570882e-06,2.067366383251299029e-06,2.061848068437421138e-06,2.147257485167552442e-06,2.237462968745680894e-06,2.231139554699685031e-06,2.326105505649237640e-06,2.426347108365402982e-06,2.511530935754889415e-06,2.524685803413276275e-06,2.635948857731823468e-06,2.753240327008219632e-06,2.744985520595580595e-06,2.868286594317752548e-06,2.998123596718487416e-06,3.098961154677571520e-06,3.125426720038080181e-06,3.268817456535066214e-06,3.419466050011209129e-06,3.409422987292479182e-06,3.567321439284939424e-06,3.732898311903565821e-06,3.722229028146930114e-06,3.895475781606059208e-06,4.076729160282546660e-06,4.195727821349548826e-06,4.254819279909831610e-06,4.452255262845071481e-06,4.657892167711474615e-06,4.646399794619577485e-06,4.860165151431531916e-06,5.081979804798277532e-06,5.204174728286670563e-06,5.300264707079794610e-06,5.537570722861661656e-06,5.782033768390783273e-06,5.771142107138890600e-06,6.022470441861963776e-06,6.279791139145204041e-06,6.386573413958014578e-06,6.532669338904419951e-06,6.799787976542808465e-06,7.069964423169854118e-06,7.061939001648408394e-06,7.334480415898992104e-06,7.607213455967677527e-06,7.601517652511883248e-06,7.873643723774672391e-06,8.142274593304275844e-06,8.171335300468883297e-06,8.404419680644458854e-06,8.660770849361615066e-06,8.906565031480563594e-06,8.911887669260111343e-06,9.146796582905862691e-06,9.365538005985948953e-06,9.286596910985113045e-06,9.584101378005652232e-06,9.765922575855201103e-06,9.922657109570477579e-06,9.959292982621462822e-06,1.009551935427406329e-05,1.020159412493455024e-05,1.026511422314608249e-05,1.034996578066193419e-05,1.040113730133333026e-05,1.014949835754086172e-05,1.053664472233433435e-05,1.053417190640048758e-05,1.049653179511123706e-05,1.067745881358746080e-05,1.062937363446058105e-05,1.055000740241250352e-05,1.027057389422421463e-05,1.073046758042622500e-05,1.062830132042646423e-05,1.050739545790687361e-05,1.089138524748624517e-05,1.079083453857561121e-05,1.068476196135614870e-05,1.056056732581417072e-05,1.109426124082920018e-05,1.103076208462594593e-05,1.098507022785302038e-05,1.157767816217738257e-05,1.157819454562199616e-05,1.160911495519272423e-05,1.224662927179061438e-05,1.231913410110190342e-05,1.242799433065613018e-05,1.268216746886488632e-05,1.319239655000910272e-05,1.335774000563704012e-05,1.355339369154522388e-05,1.408109236994948784e-05,1.425881563675088977e-05,1.444873613296789569e-05,1.470023018941855669e-05,1.496050220387150352e-05,1.508596504057376772e-05,1.519765289240404233e-05,1.530820372567920278e-05,1.532862148712906304e-05,1.532862148712906304e-05,1.533023514567312618e-05,1.521968431239796572e-05,1.513316431877669677e-05,1.503890868845817567e-05,1.479182007925603358e-05,1.456685408886012610e-05,1.442702239218265590e-05,1.431095304892773211e-05,1.378325437052346815e-05,1.366128804396539045e-05,1.358143105299887174e-05,1.309235846609033024e-05,1.291343515685079118e-05,1.291046621332155958e-05,1.295145956508171430e-05,1.231394524848382076e-05,1.240193586466926220e-05,1.252336588075415592e-05,1.193075794642979542e-05,1.209899905567139916e-05,1.228327850764868647e-05,1.174550576717051693e-05,1.199057649808880135e-05,1.220748189200877820e-05,1.241120407912573351e-05,1.202721428884586231e-05,1.224224796087376339e-05,1.242844120064050582e-05,1.193438984077371804e-05,1.232116958706594552e-05,1.246245005513201209e-05,1.256101354973179032e-05,1.238008584510317503e-05,1.245684765507698139e-05,1.248737112324928819e-05,1.204692892660971879e-05,1.236929126863810250e-05,1.232551964470148864e-05,1.223872230024942434e-05,1.217518366736709144e-05,1.205856501043219090e-05,1.190399821957543551e-05,1.186731833827281248e-05,1.168524985644666669e-05,1.147192566217322537e-05,1.111884911326854409e-05,1.121638635367002490e-05,1.095615097560123580e-05,1.067587676102090013e-05,1.067039282806718853e-05,1.037601677846655923e-05,1.006855694955795590e-05,9.788633376887663975e-06,9.753080133022724716e-06,9.429918297947906849e-06,9.102314480159244824e-06,9.107691149952629192e-06,8.778941908622864732e-06,8.450248239268583320e-06,8.457893666878112755e-06,8.131744328379261833e-06,7.809140898189238417e-06,7.631577455410722016e-06,7.501070847533874572e-06,7.189937226311243648e-06,6.885921351341659691e-06,6.896337310648277904e-06,6.600449696782858564e-06,6.313108179681298121e-06,6.195103936554339942e-06,6.045771809454181088e-06,5.776951280511043990e-06,5.517781587138753466e-06,5.528776024326540270e-06,5.279370947582584575e-06,5.039819430497002489e-06,4.966213381915857055e-06,4.820787958904190110e-06,4.600732814684331975e-06,4.390319570268377066e-06,4.400526937257370363e-06,4.199403315701128383e-06,4.007539480285156418e-06,4.017147758535566084e-06,3.834089292002241218e-06,3.659794293384686405e-06,3.625792714906791666e-06,3.502656707977241941e-06,3.344804603205425404e-06,3.194856380501891433e-06,3.202753827471632148e-06,3.060145749102224569e-06,2.924834808592644379e-06,2.907255793286604755e-06,2.803357151396780109e-06,2.681466324159173897e-06,2.565969620352292006e-06,2.572019287409733004e-06,2.462364219760136512e-06,2.358526394526741182e-06,2.363805815927049345e-06,2.265255861215903633e-06,2.171976726177700080e-06,2.166829108086282457e-06,2.088008224390213610e-06,2.004259132066246450e-06,1.925025693470227925e-06,1.928641547018033004e-06,1.853470240438012341e-06,1.782360006952855793e-06,1.781508960061804297e-06,1.717866330011694710e-06,1.654042938414903284e-06,1.593667462818418488e-06,1.595859940738194711e-06,1.538562451707195462e-06,1.484351704475072260e-06,1.485574720845255028e-06,1.434552557736908873e-06,1.385851964865232895e-06,1.387468246782193276e-06,1.340783801478966576e-06,1.297004002772183126e-06,1.255551556111115393e-06,1.256152991921416183e-06,1.216764861597320066e-06,1.179453595194474749e-06,1.181494149525428185e-06,1.144202320135721082e-06,1.110584470756430913e-06,1.078713995621882050e-06,1.078484648722544018e-06,1.048160337317928935e-06,1.019394054485032202e-06,1.021295494574293665e-06,9.914834775536474637e-07,9.654852193307083108e-07,9.407969397558225013e-07,9.399334675646449243e-07,9.164039601539769234e-07,8.940425482193837655e-07,8.929590425287138786e-07,8.716320627599234363e-07,8.513469045228176425e-07,8.526284571424791938e-07,8.307095299646430392e-07,8.122778934633908656e-07,7.947230901885487905e-07,7.932281613572423552e-07,7.764521595520178215e-07
7.594521205151881515e-07,7.754555566678837415e-07,7.899902834373782367e-07,7.896116616048786994e-07,8.069786824357634324e-07,8.228726038639878222e-07,8.395355373926968843e-07,8.388362467726486317e-07,8.585444079703157958e-07,8.768214744560874175e-07,8.758852743032477468e-07,8.973330155927137207e-07,9.174183969836298449e-07,9.162454971862469671e-07,9.396080969171871900e-07,9.617206487280546561e-07,9.849848466079985282e-07,9.835210725172137554e-07,1.010173415689656660e-06,1.035852417602258406e-06,1.034190832660146111e-06,1.063279117935852824e-06,1.091667965771994944e-06,1.121596839137171963e-06,1.119769060134257534e-06,1.153034870785929135e-06,1.186193807221536440e-06,1.184285974401006976e-06,1.220632673970952862e-06,1.257416681750941794e-06,1.296257777697451823e-06,1.295225794726373608e-06,1.336077261503106866e-06,1.379235007359475596e-06,1.377621075052012964e-06,1.423086178781254088e-06,1.471083117298601606e-06,1.469800175528549186e-06,1.519462742939338967e-06,1.572880307699035580e-06,1.629358061811215346e-06,1.629077504852650601e-06,1.685827764451444146e-06,1.748727462414743510e-06,1.749389143841230809e-06,1.811258760779503069e-06,1.881326480219343644e-06,1.955413364311544368e-06,1.958311647402028051e-06,2.028698679959697356e-06,2.111212703962205951e-06,2.116103745056048470e-06,2.192533191704258332e-06,2.284394338891304920e-06,2.291866943417887592e-06,2.374663800618580409e-06,2.476856378060797380e-06,2.584754309397373617e-06,2.597633996750399184e-06,2.690624524291143158e-06,2.810428623906446784e-06,2.827947801888107830e-06,2.927828399750882368e-06,3.060623050064513780e-06,3.200466285411732222e-06,3.227221915206583475e-06,3.337527990523852943e-06,3.491956405811068271e-06,3.526470863807313355e-06,3.643294278102735900e-06,3.813288207307236296e-06,3.857172958706823211e-06,3.979927511118318811e-06,4.166319125875053700e-06,4.361228270429772779e-06,4.422742872675031584e-06,4.552519614329441852e-06,4.764541760407526766e-06,4.840374716434461449e-06,4.972746781979658851e-06,5.201853570303653731e-06,5.439277639347829471e-06,5.540942145365910249e-06,5.672501651486562472e-06,5.925686677625283667e-06,6.047625323295428977e-06,6.174354919980308677e-06,6.441326380900430790e-06,6.713888867947206195e-06,6.870568284803136796e-06,6.980979838605479984e-06,7.261981027195673916e-06,7.444644050710417721e-06,7.536851391946010611e-06,7.820924929256490955e-06,8.031364377334301605e-06,8.098285647324056339e-06,8.378429126472539454e-06,8.652684312368788853e-06,8.906178323325797451e-06,8.919412713814602969e-06,9.176005320642206543e-06,9.459160110977363718e-06,9.427228966988318432e-06,9.655662357192319121e-06,9.863800050412330005e-06,1.018895613647521376e-05,1.007500339940658793e-05,1.023859503552226314e-05,1.059250348066982745e-05,1.042202863845467313e-05,1.053299980196649277e-05,1.091643844000247069e-05,1.069370234272540835e-05,1.074820534070177289e-05,1.076579540050448663e-05,1.118778873751761502e-05,1.090045475603107410e-05,1.086454050980948165e-05,1.132036765323731866e-05,1.102308960941588330e-05,1.094712022128139806e-05,1.084249243494550416e-05,1.133891466537490115e-05,1.106984391224149706e-05,1.095707644606453289e-05,1.149154774515538384e-05,1.129570914070495823e-05,1.120398918168961551e-05,1.111716284009149558e-05,1.168433923105679758e-05,1.163822219994930325e-05,1.161601617683276855e-05,1.220219301436360594e-05,1.228423786901933363e-05,1.234210761590957802e-05,1.292323569815238959e-05,1.311845771629879954e-05,1.325176606188437729e-05,1.342365187387220351e-05,1.394230067061252383e-05,1.423719966289910480e-05,1.444277774720824123e-05,1.486407036921424015e-05,1.513536050267604076e-05,1.531401124764982427e-05,1.549024172962065705e-05,1.571753444776421429e-05,1.585302381492968205e-05,1.592557940330554381e-05,1.597309257391674086e-05,1.597309257391674086e-05,1.593700177856741248e-05,1.588899760541352777e-05,1.577037864800324781e-05,1.555575431456231243e-05,1.541695031526034513e-05,1.528593340990438217e-05,1.505415611834732677e-05,1.465279622954568859e-05,1.451929940151853059e-05,1.428605878294104438e-05,1.379050960734706937e-05,1.371536528596778106e-05,1.368944232487687770e-05,1.359073657194805428e-05,1.302925267702133516e-05,1.309405714570179263e-05,1.312738162315310525e-05,1.255251574254824994e-05,1.270279865491414945e-05,1.287645992324077830e-05,1.230863456479325377e-05,1.251874127183721964e-05,1.272792793857557843e-05,1.305498119879424260e-05,1.249904787346274724e-05,1.271229057576937320e-05,1.310603060831035672e-05,1.257492697243787928e-05,1.275819601104627184e-05,1.290093384112469157e-05,1.330330479651096521e-05,1.279705823800822487e-05,1.287559920079033730e-05,1.325112369120454208e-05,1.277179297942304330e-05,1.277375328698493303e-05,1.272811066926892089e-05,1.301200971202948328e-05,1.256628617932888110e-05,1.244504541082951423e-05,1.265934532301404831e-05,1.224298677006101475e-05,1.205336774936120903e-05,1.219530884266145103e-05,1.180948213060711038e-05,1.156302734695800524e-05,1.129139381224739038e-05,1.133130327508070314e-05,1.099269628992242671e-05,1.068540785189299720e-05,1.066952063132952383e-05,1.036507496622198967e-05,1.003537459877943808e-05,9.698300841532162792e-06,9.616678175477681584e-06,9.362687264550280584e-06,9.020170569819629648e-06,8.907576640272704826e-06,8.686328491346814536e-06,8.346991911536615560e-06,8.212119378982236662e-06,8.021642172505697807e-06,7.692083314289546188e-06,7.369145059324573249e-06,7.214332125176834295e-06,7.065205742262456970e-06,6.758623130407259176e-06,6.597873648806458465e-06,6.472952004116392988e-06,6.185192556015040109e-06,5.907401069539644622e-06,5.745628426627723498e-06,5.651674701005841195e-06,5.394401493963623419e-06,5.235792263405917152e-06,5.159082858247350292e-06,4.922425143358426991e-06,4.696024795376316266e-06,4.545993586431142731e-06,4.490605142743955875e-06,4.284024815482330946e-06,4.141272711421200962e-06,4.097298723824925661e-06,3.909572370786201743e-06,3.774830589915898578e-06,3.740362883545127898e-06,3.570335806900369355e-06,3.408834302594013195e-06,3.286880757334540111e-06,3.263779899934199438e-06,3.118079224853009899e-06,3.004611421846010396e-06,2.987297836812206295e-06,2.856099703304367254e-06,2.731818087787526668e-06,2.630871818513559176e-06,2.620337323855127301e-06,2.508664523739075595e-06,2.415570499401916744e-06,2.408345013867419341e-06,2.308092353430386416e-06,2.222451687888802766e-06,2.217819096482620731e-06,2.127872538394451918e-06,2.042810011291640802e-06,1.967642050879962498e-06,1.965943802238913651e-06,1.889660633433858231e-06,1.820810575621396848e-06,1.820415980119555015e-06,1.752003947231617072e-06,1.687315426611225303e-06,1.627182204160941227e-06,1.628200035140129904e-06,1.570163506756196060e-06,1.515210768638563323e-06,1.516767392810560461e-06,1.464672057404718797e-06,1.415385596812087421e-06,1.416372904200654345e-06,1.369579039304788362e-06,1.325290975288424903e-06,1.281564697783542627e-06,1.283754432112595217e-06,1.243922011968038354e-06,1.203994820950416374e-06,1.206188794181995401e-06,1.170326825146797211e-06,1.136341628721555021e-06,1.101546181445019759e-06,1.103657640117791564e-06,1.073004940803745394e-06,1.041210200331677166e-06,1.043160412547153417e-06,1.015476758842985007e-06,9.891966144444697291e-07,9.614385916076812716e-07,9.631273001852724384e-07,9.393397230116028097e-07,9.139368853317277679e-07,9.153977381702332984e-07,8.938324451375263662e-07,8.705670153370662438e-07,8.717924387658178958e-07,8.522094516721737416e-07,8.335627830232839213e-07,8.131626990299230340e-07,8.140582602627362393e-07,7.970797241277654895e-07,7.783511072063607547e-07
7.822033592723364566e-07,7.822645042527037015e-07,7.963389288761385593e-07,8.133327002009452705e-07,8.131667384632508363e-07,8.285394138749255514e-07,8.446464491379045533e-07,8.639080487366346677e-07,8.634111617081464402e-07,8.810627043480004600e-07,9.020123820293116017e-07,9.012692618107001464e-07,9.206534401712005126e-07,9.434624857790865256e-07,9.424705922819930688e-07,9.638001208723994662e-07,9.862364553250562791e-07,1.012240942804836194e-06,1.010934802462568255e-06,1.035695303048045930e-06,1.064070742076033135e-06,1.062546823328949174e-06,1.089920981488289844e-06,1.118784215050922569e-06,1.151230438065273385e-06,1.149504927643745618e-06,1.181495529816976637e-06,1.216951120362575088e-06,1.215116148558287403e-06,1.250626151450303080e-06,1.289381528143595808e-06,1.328746233528676862e-06,1.326981504829355149e-06,1.368706428228643142e-06,1.413098846660888474e-06,1.411469953149086177e-06,1.457931788923133518e-06,1.506455257524403926e-06,1.505114263281026012e-06,1.556901925318720889e-06,1.611710063652077450e-06,1.667236518596322432e-06,1.666834679138413426e-06,1.727993153171260168e-06,1.788599336366818883e-06,1.789091947914995969e-06,1.857371191236521663e-06,1.929664900566809960e-06,1.998772071246286945e-06,2.001442047851795146e-06,2.082173859060785929e-06,2.157348321605257903e-06,2.161971744926727951e-06,2.252116608953697374e-06,2.333724162964362653e-06,2.340899446522515785e-06,2.441514238712317463e-06,2.547951510440514804e-06,2.639969681860538202e-06,2.652554935731672063e-06,2.771190246977331834e-06,2.870328735970435078e-06,2.887579257997611402e-06,3.019632250068508187e-06,3.159029098076593426e-06,3.269149954514522024e-06,3.295771352751763457e-06,3.450451316820255529e-06,3.567607371332785799e-06,3.602137615139295380e-06,3.773311005970786946e-06,3.897075354064587627e-06,3.941203954589673213e-06,4.129980215848340098e-06,4.328025262767423129e-06,4.460238262666345755e-06,4.522548094989424774e-06,4.739425464644127831e-06,4.875456363489844605e-06,4.952601585552789746e-06,5.188690059043471020e-06,5.434355713699364378e-06,5.571981467728861664e-06,5.676044791971681374e-06,5.940290988974494922e-06,6.075042052893972060e-06,6.200329100377115008e-06,6.481675116063940049e-06,6.770474276312550164e-06,6.892454144245994638e-06,7.054281916519200277e-06,7.355530075966708607e-06,7.461922415810005083e-06,7.651196468674977694e-06,7.959878495700765006e-06,8.043657778404602761e-06,8.262371030527826065e-06,8.571638390370380344e-06,8.877276258919860593e-06,8.911070868240498805e-06,9.175583683134375077e-06,9.467583616108703616e-06,9.457584798133449196e-06,9.753825500134110163e-06,1.002106194341521490e-05,1.026923637534346529e-05,1.017663480949680225e-05,1.051808886673856634e-05,1.072259684608687280e-05,1.056986125701031662e-05,1.094272256380779252e-05,1.109310220489627996e-05,1.088138176276697926e-05,1.128701115465288888e-05,1.137660083432953723e-05,1.142596291762127962e-05,1.113474362143524030e-05,1.158409007419144889e-05,1.157112929917660693e-05,1.125663471368910701e-05,1.174484983135823544e-05,1.168075478531307421e-05,1.158112857078329715e-05,1.127519884626434067e-05,1.181052375772572124e-05,1.169020182263472535e-05,1.144823943823106217e-05,1.202625198739822911e-05,1.191596249425354706e-05,1.180456811664666178e-05,1.170912865930502941e-05,1.232152345619354455e-05,1.226960447216785180e-05,1.231341497914958850e-05,1.294133672466562549e-05,1.297012094662287254e-05,1.314801009365691156e-05,1.376101771977195666e-05,1.387125841372501223e-05,1.402442089680271314e-05,1.434063960475250116e-05,1.486783432982350628e-05,1.506497920603796564e-05,1.538537589950874073e-05,1.579035893152648502e-05,1.596779967145565206e-05,1.614689050570612236e-05,1.635376008968634527e-05,1.653143119631922544e-05,1.660655363509159476e-05,1.663766729413705090e-05,1.663766729413705090e-05,1.661931147389789036e-05,1.657169350981843473e-05,1.640660428992537880e-05,1.622045751886144714e-05,1.608380804675120285e-05,1.596056169159810624e-05,1.557546164864182905e-05,1.530286743024552887e-05,1.518769100161110986e-05,1.468439771708102171e-05,1.444038640007598527e-05,1.439647045183770267e-05,1.440687233616247161e-05,1.381551096745257625e-05,1.374568762182522042e-05,1.385294766762425669e-05,1.323860358793908951e-05,1.332062469408459402e-05,1.351229449368619370e-05,1.290124935148899489e-05,1.313250629692093320e-05,1.337578416718260227e-05,1.361029381987350662e-05,1.301167289173829033e-05,1.338880366897257572e-05,1.361244389393020330e-05,1.304231478004091538e-05,1.347396516151195880e-05,1.365135269729442198e-05,1.377967689980697477e-05,1.323957145666230952e-05,1.365661055835590737e-05,1.370689790077174740e-05,1.319807575848694002e-05,1.357324795348743412e-05,1.353619480423371703e-05,1.344755777239822696e-05,1.297693493099787562e-05,1.324413325584672463e-05,1.307479105070634595e-05,1.263665312941321590e-05,1.282718051164037206e-05,1.258778386218578408e-05,1.218287781479918496e-05,1.229746236201849332e-05,1.200240697190576837e-05,1.168368574433512562e-05,1.132948627645075313e-05,1.134197332517500347e-05,1.099174531215204261e-05,1.067403451596904693e-05,1.063264095026040859e-05,1.026487366494146351e-05,9.892452944218792980e-06,9.628372605716727567e-06,9.525890307761285497e-06,9.153468433965235396e-06,8.924075534193365983e-06,8.793926215779881557e-06,8.429939737611142746e-06,8.233043730287217663e-06,8.083834168084108536e-06,7.734463341679672919e-06,7.393957107020796568e-06,7.240557546938563034e-06,7.075759996620387495e-06,6.755619069715319949e-06,6.627567507678014990e-06,6.459250455105769522e-06,6.161354570915811334e-06,5.874951738079132068e-06,5.779190889123466022e-06,5.612830187649654992e-06,5.349538843507275925e-06,5.271664277495290420e-06,5.109997080782552339e-06,4.869425663687927912e-06,4.640026349034334708e-06,4.584168529774675751e-06,4.432865201055859094e-06,4.224770632851332448e-06,4.180628366532030741e-06,4.037463978542474920e-06,3.849372070728912141e-06,3.814943518734808907e-06,3.680450701511360520e-06,3.510926922725923499e-06,3.350292512695344459e-06,3.327426977455793965e-06,3.206432687092371913e-06,3.062137592145148276e-06,3.045114352330011070e-06,2.932906163105899368e-06,2.803485817379699922e-06,2.681128989899910739e-06,2.670916996829856759e-06,2.571514131724056872e-06,2.461949402476663921e-06,2.455029556673429162e-06,2.363569897854349279e-06,2.265518236746619554e-06,2.261160539220740336e-06,2.177192364658591332e-06,2.089470872230911632e-06,2.006630828723292023e-06,2.005154794667793157e-06,1.931645764870020841e-06,1.857536000075411070e-06,1.857317647215953325e-06,1.790080677566920971e-06,1.723761677398152198e-06,1.661119991522161992e-06,1.662250450728243343e-06,1.603628023387836583e-06,1.547527865507616653e-06,1.549152671771648364e-06,1.495628869202423225e-06,1.445349088282086041e-06,1.447271231889474837e-06,1.399907051264339067e-06,1.353313827237839121e-06,1.310651580934765775e-06,1.312815736667233121e-06,1.270291802213777828e-06,1.231957988218562117e-06,1.234094204134359025e-06,1.195278807870118519e-06,1.160791112721197220e-06,1.128118567387801709e-06,1.130132559479137568e-06,1.096314040860348615e-06,1.066856766206572046e-06,1.068686758500099543e-06,1.037785669803186753e-06,1.011186486385619004e-06,9.859362158349253862e-07,9.874773293439979712e-07,9.604926778283545635e-07,9.376342301663442519e-07,9.389329242420154414e-07,9.142315612837909768e-07,8.935018344310992012e-07,8.945534337349068936e-07,8.719224618716344058e-07,8.530886157542687871e-07,8.351485366948941241e-07,8.358568299668967980e-07,8.159964970567750298e-07,7.996484516321462302e-07,8.001174219164889697e-07
7.898384886044341399e-07,8.035783874063868984e-07,8.061107339854112065e-07,8.204333936914232753e-07,8.354150163266823156e-07,8.354177534335618616e-07,8.534494256471285008e-07,8.698213036008648485e-07,8.869787427693840687e-07,8.891667439185691724e-07,9.070969592655295259e-07,9.259100548942191887e-07,9.279027559620528006e-07,9.475815548861657019e-07,9.682533002857898803e-07,9.673608218477744336e-07,9.916599688298079138e-07,1.014420109854379660e-06,1.038368116636005536e-06,1.039768534987580464e-06,1.064877057284252884e-06,1.091323230908312841e-06,1.089818172058692594e-06,1.120152980328870275e-06,1.149410799088577683e-06,1.180270802714896778e-06,1.180847166790108924e-06,1.213270882601280665e-06,1.247499684395974177e-06,1.247638459338865260e-06,1.283628044920652563e-06,1.321651208623618287e-06,1.361836059193724133e-06,1.361301834772102589e-06,1.403598823480926740e-06,1.448329916054786156e-06,1.447218197699343577e-06,1.494328265711115890e-06,1.544177670652959136e-06,1.542546597775819495e-06,1.594950076949480877e-06,1.650558788196561541e-06,1.709436740604428278e-06,1.706712661769809991e-06,1.768796718650311943e-06,1.834550140252159119e-06,1.834610144495076922e-06,1.900371801398201132e-06,1.973839837815377674e-06,2.051661160191580127e-06,2.046933364378578570e-06,2.129042594570274671e-06,2.216013297413125389e-06,2.210310009004456270e-06,2.302076909793715124e-06,2.399257194874783008e-06,2.405930995533266964e-06,2.495047216652646937e-06,2.603584355162382615e-06,2.718440528570186732e-06,2.710241412186974253e-06,2.831362208946563798e-06,2.959444400075244593e-06,2.976449639479829939e-06,3.085114486504824585e-06,3.227733367808344343e-06,3.378305614944210230e-06,3.367484396855632119e-06,3.525972016985817517e-06,3.693062936825944864e-06,3.681173842908108881e-06,3.856836743800541905e-06,4.041707754724024021e-06,4.087018324433775717e-06,4.222901542561355552e-06,4.426675879619274858e-06,4.640365794998875332e-06,4.626473966851648736e-06,4.850026656887354540e-06,5.083749894105246454e-06,5.164585973584700394e-06,5.313178203667461149e-06,5.567135090647483470e-06,5.831063222738958907e-06,5.816557826702278869e-06,6.090249655849502012e-06,6.373242502610433394e-06,6.506731157245975979e-06,6.651127908631936298e-06,6.951119088253494121e-06,7.258176792792978597e-06,7.245542443556635572e-06,7.559043375210659076e-06,7.877100099192546658e-06,7.866414647045357831e-06,8.188205112444339642e-06,8.511024847191202806e-06,8.748362862201469460e-06,8.826217617660243696e-06,9.145492251213057470e-06,9.458268731601707541e-06,9.457124534038222261e-06,9.762465861457262115e-06,1.005508097875534069e-05,1.037927487758485774e-05,1.034183317675446483e-05,1.060146823204046024e-05,1.083693989291667582e-05,1.086325915351454307e-05,1.107730508137271559e-05,1.125973439264330817e-05,1.131081513959072602e-05,1.146855864058898063e-05,1.158833209803099870e-05,1.203321886905896619e-05,1.177292017951116406e-05,1.182599972808871210e-05,1.183509155480158799e-05,1.200509426379570920e-05,1.199538731167175111e-05,1.194328696459738968e-05,1.247488402380328194e-05,1.214042985812652676e-05,1.204538683493506021e-05,1.191896856164889535e-05,1.232296132388799461e-05,1.221219532791058354e-05,1.208479972325388188e-05,1.270477143593456081e-05,1.251876771287376116e-05,1.242631744561818371e-05,1.234645690614352002e-05,1.302560056558922968e-05,1.299964580502375678e-05,1.300471101556941707e-05,1.375630582641817728e-05,1.381416533276547537e-05,1.391447136095521241e-05,1.454780740793818656e-05,1.481177045669909672e-05,1.498859750426696297e-05,1.520620242190232428e-05,1.585803801270968896e-05,1.606080306633892449e-05,1.628310135858740979e-05,1.666543789826305092e-05,1.691314292320136923e-05,1.706386328658206772e-05,1.720036091534858994e-05,1.733959802931705409e-05,1.736393119987288702e-05,1.736393119987288702e-05,1.736712738396314765e-05,1.722789026999468350e-05,1.712317494465751395e-05,1.701237707568907561e-05,1.679655040355805074e-05,1.643360661802447899e-05,1.627623450812156822e-05,1.615333635009476851e-05,1.550150075928740214e-05,1.537894716494898843e-05,1.531161628573054025e-05,1.514429099329800466e-05,1.453665367187451520e-05,1.456921576506243194e-05,1.465193139851279039e-05,1.390033658766403018e-05,1.404041343102516067e-05,1.421281863520684253e-05,1.353367497576112779e-05,1.375809661370179129e-05,1.399023208444045822e-05,1.432671562543282348e-05,1.368841334924537203e-05,1.393816720324930927e-05,1.415969396264471833e-05,1.375570119249238655e-05,1.397993778760864880e-05,1.415896129084333592e-05,1.461793352404916719e-05,1.403148387188397023e-05,1.413883311891948827e-05,1.418959327865194858e-05,1.401958747984821159e-05,1.403784018821717943e-05,1.399910005352843296e-05,1.433243689494096677e-05,1.381669005113390046e-05,1.368794035744480963e-05,1.351110035908150515e-05,1.345996865952519495e-05,1.324938911624879608e-05,1.299923840552084677e-05,1.297281445062494538e-05,1.269432708452735609e-05,1.238581357066043154e-05,1.243269712169423374e-05,1.204508674883174981e-05,1.169468573178222480e-05,1.132844817876035511e-05,1.132929282307991587e-05,1.095320913474973502e-05,1.056895505249385065e-05,1.047391457733888141e-05,1.018731063158680916e-05,9.797931003686466577e-06,9.409562201926264491e-06,9.419747381988663237e-06,9.035488483734487654e-06,8.656543954016193609e-06,8.668615992092068977e-06,8.297159565061346058e-06,7.934085491836885464e-06,7.757545014773036861e-06,7.594026015977989830e-06,7.251154743487985815e-06,6.919405566412724693e-06,6.933281462132361662e-06,6.613213801687628163e-06,6.305107936286953568e-06,6.123383000217638188e-06,6.022943401423768639e-06,5.739172603426042192e-06,5.467639724866235675e-06,5.480930043810291346e-06,5.221327654343199151e-06,4.973677704963628655e-06,4.807517789924024191e-06,4.750055511864636549e-06,4.525288245255367018e-06,4.311643127598536981e-06,4.323017523840608291e-06,4.119819103171813304e-06,3.927025440824201818e-06,3.937378195631120418e-06,3.754255575068400972e-06,3.580762267478102356e-06,3.448082421770708228e-06,3.425424697865800625e-06,3.269639876540018889e-06,3.122295319852655777e-06,3.130139488155061231e-06,2.990489036676081406e-06,2.858506323614320380e-06,2.749903825435282534e-06,2.740264256516973200e-06,2.622162425318347200e-06,2.510636983697788867e-06,2.516093371003201069e-06,2.410483179248736426e-06,2.310782439803136632e-06,2.315305564571836972e-06,2.220899819271535542e-06,2.131788476340648895e-06,2.051991094868796709e-06,2.051061538506181560e-06,1.971411028630590267e-06,1.896226871363484190e-06,1.898833022080911202e-06,1.827619276386763420e-06,1.760386130256995930e-06,1.697054884234762223e-06,1.698585053293384916e-06,1.638426791237809523e-06,1.581606005204493341e-06,1.582669596152304081e-06,1.528800719865985143e-06,1.477897845051295875e-06,1.478408942359489189e-06,1.430127461065573965e-06,1.384480179799078635e-06,1.341311835144377001e-06,1.341179067908575344e-06,1.300197784899526614e-06,1.261416783121736110e-06,1.260865370428010222e-06,1.224026202726232308e-06,1.189139714233903318e-06,1.152991336640156511e-06,1.155058137562803246e-06,1.123629247733135000e-06,1.093830654786303899e-06,1.092490861956050016e-06,1.064132613689506355e-06,1.037221583099610907e-06,1.008486263276275462e-06,1.009984622578861660e-06,9.856396929913973497e-07,9.625041302557713880e-07,9.605976952247538022e-07,9.385346125883769065e-07,9.175461846548414182e-07,9.154529042797533907e-07,8.954203766911687679e-07,8.763433575873309770e-07,8.552882930975601757e-07,8.558678586135834794e-07,8.384938943937397483e-07,8.219207619817592004e-07,8.194980432374076064e-07,8.036429525491359891e-07
7.985422525772745717e-07,8.141770032803504186e-07,8.281782436614653141e-07,8.286828337266889275e-07,8.432137928291584170e-07,8.608776315820802465e-07,8.611415102194375619e-07,8.769985533479248944e-07,8.961797567309525182e-07,9.136296080135954777e-07,9.135304769534639419e-07,9.343866182596389497e-07,9.535082118114210238e-07,9.531352227260809860e-07,9.730992869106597353e-07,9.968393393150678897e-07,9.961828750361946879e-07,1.018146552005917512e-06,1.044038650970580005e-06,1.068347271569719292e-06,1.067309963066975495e-06,1.092810156793450847e-06,1.122412396713588531e-06,1.121102310328594006e-06,1.149306969444383901e-06,1.181671048183273428e-06,1.212972767450641083e-06,1.211363387975050139e-06,1.246772281529261551e-06,1.281486845289772895e-06,1.279689333283188904e-06,1.316362635603721138e-06,1.357013792779601651e-06,1.397770914406537204e-06,1.395913147169056333e-06,1.440443057140302562e-06,1.485817815390473680e-06,1.483994099234253720e-06,1.532180094323935809e-06,1.583359726125555876e-06,1.581713977423998244e-06,1.635539324043962468e-06,1.691603990620987278e-06,1.751384286127926155e-06,1.750517916327516080e-06,1.814333905713189458e-06,1.878705550296910588e-06,1.878619565619216481e-06,1.950072555114333190e-06,2.020478391979467433e-06,2.099624169282838792e-06,2.101583324996445738e-06,2.178497261689730561e-06,2.267021614508362823e-06,2.270859730715033417e-06,2.366020558222147644e-06,2.453760530222556518e-06,2.460112601970273524e-06,2.566742560981921821e-06,2.662125662862218570e-06,2.779349591087270878e-06,2.791202867154361567e-06,2.917763601494095318e-06,3.025479802497278942e-06,3.042152034061753923e-06,3.183676776565176953e-06,3.299761955208770646e-06,3.453963773824609518e-06,3.480539448271429927e-06,3.605026677758884662e-06,3.776403947614286913e-06,3.811455457703139357e-06,3.997269485144045566e-06,4.134060927569200399e-06,4.179534444496692045e-06,4.385573808039424147e-06,4.529591766098834131e-06,4.749712183912315752e-06,4.815274991712901784e-06,5.054037778648467935e-06,5.206493094381190850e-06,5.288663323537983568e-06,5.550090737044442320e-06,5.705405638503827856e-06,5.978580344830617112e-06,6.091343110564255572e-06,6.386559200023128438e-06,6.539860161581359859e-06,6.677041216391391257e-06,6.993175617249030419e-06,7.139298127391989979e-06,7.458666683863625267e-06,7.638424942524314721e-06,7.771175833642731274e-06,8.102588051879742925e-06,8.314662570216636882e-06,8.665991208352080249e-06,8.763344707946274810e-06,9.010345612635949601e-06,9.363672081052291230e-06,9.425803946091861727e-06,9.752851546300213498e-06,1.005457793357130058e-05,1.038900968606456568e-05,1.037723634161789438e-05,1.071708401058948461e-05,1.102269734069563219e-05,1.094977855733674536e-05,1.119616935754194456e-05,1.159042703320082912e-05,1.144982482948578633e-05,1.164080579118038153e-05,1.207305624244666330e-05,1.223899299483025814e-05,1.198986839800110125e-05,1.246194354830000812e-05,1.255533062729690720e-05,1.224970662497537633e-05,1.226160681957382915e-05,1.278633544085672608e-05,1.275851343262339965e-05,1.239962773686216992e-05,1.297120262636167502e-05,1.288622552066105818e-05,1.254792001953332376e-05,1.242888173069836101e-05,1.305440633064023387e-05,1.291298959347766953e-05,1.267079488108147382e-05,1.334293258256282841e-05,1.322396272655178737e-05,1.311446448973847276e-05,1.306094661570799331e-05,1.376167384562645772e-05,1.380822447981658016e-05,1.384579576218807619e-05,1.454849275266059304e-05,1.461632339702997077e-05,1.487519112780369366e-05,1.553654237876174056e-05,1.569094581184382294e-05,1.603045408416381190e-05,1.626419140617708369e-05,1.678579233733773821e-05,1.700399258119969335e-05,1.732348769102467974e-05,1.766858861456620098e-05,1.782050249274741598e-05,1.798886170747224453e-05,1.807791430878301163e-05,1.813730565973117436e-05,1.813730565973117436e-05,1.809219622054491453e-05,1.803403400300410074e-05,1.788724864248286773e-05,1.778069940312133443e-05,1.745460019631967955e-05,1.717463844965103195e-05,1.703069349553642942e-05,1.653444218538945777e-05,1.639415332920871071e-05,1.613545657802539803e-05,1.610532892796584392e-05,1.547167471316351176e-05,1.532320798109576399e-05,1.540439559455584860e-05,1.472289347341725990e-05,1.483617906364539284e-05,1.493430514038538803e-05,1.424219301114519663e-05,1.444795078071184920e-05,1.471327320060788293e-05,1.498173785354819977e-05,1.429273907055611951e-05,1.469141774029512496e-05,1.496023297444667764e-05,1.430030159395554577e-05,1.452462770798168964e-05,1.500351926307103865e-05,1.517057866769435936e-05,1.454267696922966568e-05,1.502369515521348803e-05,1.510119173432931733e-05,1.451009267260135685e-05,1.452870749935464815e-05,1.492335002855347390e-05,1.483518019862443885e-05,1.428906826926062961e-05,1.460460974612470982e-05,1.441946770181639345e-05,1.391242182888951162e-05,1.369257558179448665e-05,1.386854662917278702e-05,1.340144248190754707e-05,1.311031065773935185e-05,1.320096556046728003e-05,1.283662909391242095e-05,1.243037319249788319e-05,1.244508934454052472e-05,1.204395216099590524e-05,1.168148905066292755e-05,1.128817976423294301e-05,1.121217787339928506e-05,1.078657317232442534e-05,1.048817127709615402e-05,1.036896903327673325e-05,9.944922011947645823e-06,9.687674824395725066e-06,9.287116550199620772e-06,9.124659798968408670e-06,8.905688180961796624e-06,8.519160822162342411e-06,8.340317206955345119e-06,7.957494134585551065e-06,7.789235307767257017e-06,7.601598483978289058e-06,7.243728034007322218e-06,7.104664791960243773e-06,6.773211331446567129e-06,6.583121196132519933e-06,6.265787718401200464e-06,6.163475489812905851e-06,5.976909137671259961e-06,5.686881221124392811e-06,5.604636292306805949e-06,5.337090092797736647e-06,5.160887922862428643e-06,4.910378555049722376e-06,4.852523841054457549e-06,4.685234857793170304e-06,4.459241613890003439e-06,4.414156647246453542e-06,4.205667242394264819e-06,4.053512712703720666e-06,4.018886547422131764e-06,3.831294412803526491e-06,3.689518282624112544e-06,3.517333260507457152e-06,3.494990019220082771e-06,3.363555859118196610e-06,3.209621565122186120e-06,3.193359991874311242e-06,3.050822509298817018e-06,2.934577145447156558e-06,2.804939220517632420e-06,2.795662771366475503e-06,2.688867783966057932e-06,2.573263751633625858e-06,2.567275441769489757e-06,2.459806997865471174e-06,2.366348367406742590e-06,2.362868583994951082e-06,2.266896832462452672e-06,2.181485713552447959e-06,2.094894989173123349e-06,2.094177566128532949e-06,2.016225600605275314e-06,1.939009618910434992e-06,1.939436850146861183e-06,1.867193491337542091e-06,1.799469361116518505e-06,1.734491706417528437e-06,1.736101171140175801e-06,1.674411808871647583e-06,1.616367304697323555e-06,1.618353697479804883e-06,1.563783740134683803e-06,1.510275570136462585e-06,1.512448436949857306e-06,1.463556518412704183e-06,1.414834658147434482e-06,1.370924791954262989e-06,1.373193848510319310e-06,1.331710491674634359e-06,1.289430608081814020e-06,1.291582701030552564e-06,1.254296440671103362e-06,1.215767681410443412e-06,1.182257655367691831e-06,1.184174524471991476e-06,1.149044589844029575e-06,1.118860542833136322e-06,1.120528772345939354e-06,1.091822403142568060e-06,1.061239420172801874e-06,1.035389309459188992e-06,1.036688626023645341e-06,1.008747550729213930e-06,9.853533611823749103e-07,9.863673555872086063e-07,9.640170796246779224e-07,9.396018696132626268e-07,9.403335639327972676e-07,9.200317856622251583e-07,8.976663742275791111e-07,8.792998061583808972e-07,8.796459874709288980e-07,8.591343591699901695e-07,8.423899988351394472e-07,8.424771927714740505e-07,8.263859572224899608e-07,8.083435671642743304e-07
8.105642429418989523e-07,8.236232786213180347e-07,8.372442339276017162e-07,8.514618010761415361e-07,8.546623328007705423e-07,8.694786980088160409e-07,8.849653465491232754e-07,8.880528220776553262e-07,9.042081008393309939e-07,9.211172829014239695e-07,9.415375825513919417e-07,9.417211796406537733e-07,9.602271434789412561e-07,9.796360966332998290e-07,9.823459934857096312e-07,1.002646694779076678e-06,1.023965557885322813e-06,1.026455565645923079e-06,1.048775972260015502e-06,1.072245359777930288e-06,1.096938188992689016e-06,1.099070156342215860e-06,1.124963551196348855e-06,1.152239010256146795e-06,1.154047387927731826e-06,1.182675622304969766e-06,1.212865978846242139e-06,1.247428333777203004e-06,1.246013907979825435e-06,1.279496585942873232e-06,1.314861398757053747e-06,1.315698174455047172e-06,1.352901649636187757e-06,1.392234043183326221e-06,1.435703009488076142e-06,1.433957779721337494e-06,1.477776207695485035e-06,1.524160043128675483e-06,1.523661173586927757e-06,1.572552485490334771e-06,1.624344438046913453e-06,1.623142737921043394e-06,1.677770039240050729e-06,1.735675290048809958e-06,1.797069215538857951e-06,1.794795339893964168e-06,1.859607579437240333e-06,1.928356597653954362e-06,1.925171729621253402e-06,1.997781396453714066e-06,2.074827602121799938e-06,2.150283203497686206e-06,2.152039367229801388e-06,2.238432444439620673e-06,2.330120083267951719e-06,2.324442973948942087e-06,2.421345798271066971e-06,2.524182591834889000e-06,2.517286276036248565e-06,2.625977836073843484e-06,2.741298725966231920e-06,2.863620025923531987e-06,2.854978939841631129e-06,2.984229579340814284e-06,3.121249524640397931e-06,3.111234373417544072e-06,3.255958914726512095e-06,3.409257759562856246e-06,3.533331472791771606e-06,3.559661518899169037e-06,3.730875578635535028e-06,3.911891137294552438e-06,3.898644779407498392e-06,4.089417404824903576e-06,4.290776331323513510e-06,4.276252509498230314e-06,4.488160335871574324e-06,4.711355612483895345e-06,4.946122885503394928e-06,4.930163118741213199e-06,5.176443490700702185e-06,5.434725334333099547e-06,5.418005651782957348e-06,5.688201932342669549e-06,5.970519392049530981e-06,6.264831383491134853e-06,6.247721534510380440e-06,6.553805157111141531e-06,6.871255315418326252e-06,6.854474982379129685e-06,7.182935571900615243e-06,7.521407626444144294e-06,7.667771957134149170e-06,7.853583176561721365e-06,8.209234789255011119e-06,8.570962247664386100e-06,8.557950352611248996e-06,8.924790053214843872e-06,9.293554414462100802e-06,9.284075859152235078e-06,9.653621070382025179e-06,1.001950308483133502e-05,1.037820934946533951e-05,1.037668583799535041e-05,1.072707093860517836e-05,1.106261532666492476e-05,1.107128571606217947e-05,1.139173414643213642e-05,1.168830591820766712e-05,1.157326706927582409e-05,1.198867939340898582e-05,1.223071528444311557e-05,1.243445320992973905e-05,1.249885722359448778e-05,1.267333572372451170e-05,1.280176998859051321e-05,1.291544330109059811e-05,1.301514316074251415e-05,1.306419245596115671e-05,1.306044356364142256e-05,1.327724488539157210e-05,1.325327181740409863e-05,1.317950066675356314e-05,1.350578850005719392e-05,1.342705806372784924e-05,1.330815126165901453e-05,1.315557300922766098e-05,1.366383033141806620e-05,1.353533588023447858e-05,1.339311235727674385e-05,1.404697019068810331e-05,1.394927383999601257e-05,1.386135364388800610e-05,1.385506753790521056e-05,1.461096012751871308e-05,1.461174829871273574e-05,1.465716988151367757e-05,1.552464897861462149e-05,1.562534487734831539e-05,1.577917171368137261e-05,1.661312199484136479e-05,1.678983301342719340e-05,1.701030819991249186e-05,1.726874145000461861e-05,1.789937531915543312e-05,1.810822440048234048e-05,1.832402462761552518e-05,1.869494098158057231e-05,1.880521912586710656e-05,1.889745590860595430e-05,1.895210440287182292e-05,1.896813079094613984e-05,1.891348229668027121e-05,1.885603115279081696e-05,1.878847242176796877e-05,1.841755606780292164e-05,1.825685889293779255e-05,1.811882521212267286e-05,1.748819134297185495e-05,1.731827734453891861e-05,1.720461723298227132e-05,1.715227494060205855e-05,1.631832465944206637e-05,1.630450317516722093e-05,1.635658059241692076e-05,1.548910149531597684e-05,1.560566340466500743e-05,1.577210087211074779e-05,1.502769883266413918e-05,1.519085610752586582e-05,1.544427446196675098e-05,1.570091328754552682e-05,1.504705545412300854e-05,1.533843056279326168e-05,1.560360374268057425e-05,1.509534641777002775e-05,1.537004897650937852e-05,1.559504983096271933e-05,1.576294635617997365e-05,1.543665825021624572e-05,1.558229625841534648e-05,1.566092636368692707e-05,1.544412246523240608e-05,1.548579165644987555e-05,1.545871169275092220e-05,1.536605068385270222e-05,1.525235776255555171e-05,1.511721106129655732e-05,1.492357116054609922e-05,1.485911133381459168e-05,1.462509582037666246e-05,1.434304442451584554e-05,1.385125362893684277e-05,1.399411010870939371e-05,1.364198986690341091e-05,1.326010788171269141e-05,1.325118968394229390e-05,1.284941464513845922e-05,1.242913156503867995e-05,1.243029388778700687e-05,1.199889106112244294e-05,1.155842334863359816e-05,1.111316303409741060e-05,1.112213145117298154e-05,1.067715585624201339e-05,1.023422373576580546e-05,1.024663090592623143e-05,9.809400341351261934e-06,9.379285451605962271e-06,9.152720655299188677e-06,8.973344091785983979e-06,8.563466057416008640e-06,8.165515892643803960e-06,8.181565503511895526e-06,7.796718404788956648e-06,7.425478264328222963e-06,7.441845933422224875e-06,7.084719039072674834e-06,6.741995886042790092e-06,6.413840771885985547e-06,6.429836314719691767e-06,6.116065103126683012e-06,5.816749534723627070e-06,5.832018287694481652e-06,5.546658998931903428e-06,5.275263007448795622e-06,5.017494919068410320e-06,5.031389971414076243e-06,4.786468993562729202e-06,4.554348083962799266e-06,4.567020988706267896e-06,4.346817530385872949e-06,4.138480103547731090e-06,4.104019315227950842e-06,3.952443914254626049e-06,3.765931026742079970e-06,3.589814863077705685e-06,3.599396448129750237e-06,3.432745765706625027e-06,3.275524304907806595e-06,3.283791309626503190e-06,3.135098934936737554e-06,2.994909239290549309e-06,2.862775327825344992e-06,2.869373095160123454e-06,2.744464878766270062e-06,2.626772118661649056e-06,2.632203460197712131e-06,2.520955678724217863e-06,2.416149309173769313e-06,2.412939979103493539e-06,2.321426694344126167e-06,2.228089614023898735e-06,2.140154747696702093e-06,2.143201739583585937e-06,2.060052046681325229e-06,1.981697543220943566e-06,1.983872980498302706e-06,1.909758014065546657e-06,1.839893362193747576e-06,1.774023880812398292e-06,1.775173558129140518e-06,1.712825154613942731e-06,1.654012418923233628e-06,1.654489691899922298e-06,1.598791267404043426e-06,1.546219910619535702e-06,1.548342889228542093e-06,1.496285046768938352e-06,1.449232563188137129e-06,1.404775674968568769e-06,1.403975124133569469e-06,1.361802509504005701e-06,1.321924109006372544e-06,1.323934266045789053e-06,1.282829750735379128e-06,1.247000714703836448e-06,1.213075638928851473e-06,1.211345547748558483e-06,1.179099409559851023e-06,1.148536984910476143e-06,1.146497312575406362e-06,1.117423123208183555e-06,1.089838544360659624e-06,1.063653077086082705e-06,1.061270864270050287e-06,1.036325367422685685e-06,1.012618758732797973e-06,1.010026176045272797e-06,9.874215724223159848e-07,9.659147630039783197e-07,9.663965193934973580e-07,9.426206906064190187e-07,9.230680470376542434e-07,9.044309544651656388e-07,9.014771388628071795e-07,8.836623981189828005e-07,8.666606859128153287e-07,8.635987084309896888e-07,8.473313981945016281e-07,8.317867899377590279e-07,8.169226735918902592e-07
8.327697609261285544e-07,8.341419582756572764e-07,8.474178972475979431e-07,8.637092329824956604e-07,8.782268205334032245e-07,8.792771485866100208e-07,8.969264285596076540e-07,9.127266774470506064e-07,9.135277297648977728e-07,9.326775513242468274e-07,9.499153129441298823e-07,9.679611101933708951e-07,9.683729130360389364e-07,9.901047370958815717e-07,1.009866635715367445e-06,1.009981091193313653e-06,1.033649670998856524e-06,1.055341830407142261e-06,1.055141590478388493e-06,1.077806935751026355e-06,1.104819777313039291e-06,1.129921599489475008e-06,1.129276091390993498e-06,1.158793623541610948e-06,1.186507866107405832e-06,1.185535312877055714e-06,1.217825159141956272e-06,1.248489396253359477e-06,1.280838389319089917e-06,1.279465512399011844e-06,1.316552789544557031e-06,1.352458243946425072e-06,1.350814456730686806e-06,1.391480217615597562e-06,1.431408789696223368e-06,1.473640055116840459e-06,1.471793233926035235e-06,1.518644042213955066e-06,1.565733271349351313e-06,1.563807016787380440e-06,1.615249005923524051e-06,1.667836998988199988e-06,1.665963047192356218e-06,1.721924004025308943e-06,1.781267723027667815e-06,1.843638709186685359e-06,1.842352492023998525e-06,1.907516541243971452e-06,1.977392404997285037e-06,1.976745113783054560e-06,2.048268325846235170e-06,2.126623637059212028e-06,2.209808448894300927e-06,2.211025205818993129e-06,2.293344960788151624e-06,2.386706034486364229e-06,2.389687914669306122e-06,2.479807610264523553e-06,2.584617179573978274e-06,2.590031894634237148e-06,2.703064749789007730e-06,2.806171184572064448e-06,2.931056716054550922e-06,2.942002526868836010e-06,3.054254943769795249e-06,3.194320881394387750e-06,3.210199071584836338e-06,3.332003405685812926e-06,3.488924736382998769e-06,3.655186202092934644e-06,3.681470234281870594e-06,3.818293885613869432e-06,4.004036217592633055e-06,4.039364732475183148e-06,4.185969747007708718e-06,4.392934224121677513e-06,4.439546864425934937e-06,4.664802509465231467e-06,4.825311521820502141e-06,5.067302761574981975e-06,5.136094077777091161e-06,5.304280398981379594e-06,5.571030004596719146e-06,5.658419708207648248e-06,5.948693055780212434e-06,6.124484329951330430e-06,6.429405674568527511e-06,6.551634506149531495e-06,6.728244041670332771e-06,7.057833308686976456e-06,7.208246731243444975e-06,7.380870349817727981e-06,7.733032620858529377e-06,8.094883119715465497e-06,8.295137422129264860e-06,8.448918186733795884e-06,8.826423802048101778e-06,9.064945967650071324e-06,9.195257971892746446e-06,9.580809075894224349e-06,9.861037906348657584e-06,1.026700026296201049e-05,1.034012565053886371e-05,1.071591675823833155e-05,1.106201208802436823e-05,1.108150580500214839e-05,1.143333878159422944e-05,1.182558430216182303e-05,1.177922255266699470e-05,1.209035633381671615e-05,1.237081192443072202e-05,1.282901204191496781e-05,1.266176736546353511e-05,1.287546656709737678e-05,1.337993880166836070e-05,1.313193672956538363e-05,1.326741565490632065e-05,1.382057603829838681e-05,1.391595868620927696e-05,1.355735340510124189e-05,1.355669836654883537e-05,1.417335385598827792e-05,1.378391396216918965e-05,1.371458533261920617e-05,1.438750837030509573e-05,1.427518407130853901e-05,1.390407286153128629e-05,1.376182339705999297e-05,1.449509878059854456e-05,1.422107547357854336e-05,1.409856818155565751e-05,1.488040382980704208e-05,1.475410018187821607e-05,1.469569417273286498e-05,1.466587233143436290e-05,1.546351111313547553e-05,1.558994253655982329e-05,1.567430248977208073e-05,1.645077091071961276e-05,1.673364579133815753e-05,1.692006535220338245e-05,1.761497260272009007e-05,1.781612248610677107e-05,1.820688662140705161e-05,1.846889324678727367e-05,1.894911962975347173e-05,1.925473481264349107e-05,1.943800840241699925e-05,1.967714802559390993e-05,1.978511574367197552e-05,1.981440440309760822e-05,1.981440440309760822e-05,1.981984797744137217e-05,1.973446019422807625e-05,1.951333075534900370e-05,1.938177895772848252e-05,1.911816266905847257e-05,1.866299358757371956e-05,1.848618506076807650e-05,1.816822224961111616e-05,1.808949465718046352e-05,1.742774870432593794e-05,1.738264717733599738e-05,1.722610539630229230e-05,1.647939816461007023e-05,1.656227855248957142e-05,1.659209774711220932e-05,1.581241057791482707e-05,1.601896815238948687e-05,1.625225579699651602e-05,1.655829898531840260e-05,1.576564467952870638e-05,1.604746965569259578e-05,1.650052688839409473e-05,1.573487656417300819e-05,1.600872314123310232e-05,1.654673845945799174e-05,1.676444907084437779e-05,1.603094748540728171e-05,1.617879974609572969e-05,1.670235935188873067e-05,1.601173638367465232e-05,1.605463108649565562e-05,1.652067018040288688e-05,1.643673401755391185e-05,1.579891222184874884e-05,1.565776822500784826e-05,1.597283089632155323e-05,1.538220444016819013e-05,1.513753715635637812e-05,1.534736741538899043e-05,1.480504143237955215e-05,1.447415135524546770e-05,1.410498477785841686e-05,1.416331110536077710e-05,1.369452117495772646e-05,1.327327718588044604e-05,1.324982911585537158e-05,1.283399642718387913e-05,1.238196234907026890e-05,1.229241894646047522e-05,1.180325228256380593e-05,1.146450007487797860e-05,1.099909881005482674e-05,1.083952649402853052e-05,1.054992426782081096e-05,1.009341950614809781e-05,9.905052917743952033e-06,9.660794847405735928e-06,9.222601267397533792e-06,8.795924486975416909e-06,8.584495242706561036e-06,8.399645338272055065e-06,7.999865276703693886e-06,7.783539768173206743e-06,7.632432751434219456e-06,7.262229815689323834e-06,7.046925710286503508e-06,6.694361176993081335e-06,6.585176630160553613e-06,6.260944852421250790e-06,6.054999140740172435e-06,5.968345983729136692e-06,5.674060452395514967e-06,5.477598940147386956e-06,5.203589954629482927e-06,5.143944555217760255e-06,4.892098384290700218e-06,4.712761953176169677e-06,4.667004705350560655e-06,4.440974208628765216e-06,4.273738608231667454e-06,4.239203075000272996e-06,4.036913980678430768e-06,3.845953228137083238e-06,3.697235499125580327e-06,3.675683931694626377e-06,3.505313535366541859e-06,3.368423431529447884e-06,3.353154798218556596e-06,3.201353051726977475e-06,3.075788489156500680e-06,2.938433227530561151e-06,2.930260207038234530e-06,2.802988732468856335e-06,2.693442019919463980e-06,2.688506714275926670e-06,2.575277469944851746e-06,2.475388666304371778e-06,2.472864878928687707e-06,2.372126220536489016e-06,2.277269179622993893e-06,2.190692617146414146e-06,2.190756311009511197e-06,2.106319750042440080e-06,2.027612070437336055e-06,2.028675587176655720e-06,1.953464964495266071e-06,1.881954543413951886e-06,1.814567997072996679e-06,1.816609106545700657e-06,1.753393655209241467e-06,1.691611735574453866e-06,1.693892899049340268e-06,1.637442279530688732e-06,1.581329523658951455e-06,1.583671235025467236e-06,1.533195972455692917e-06,1.485527734895308558e-06,1.437018613819359359e-06,1.439294099731594227e-06,1.396574741876451312e-06,1.352475412028391411e-06,1.354538338993892642e-06,1.316191279076577088e-06,1.279896974574790259e-06,1.241683551348068128e-06,1.243391872550047718e-06,1.210722527125612431e-06,1.175916403585286570e-06,1.177310457149686248e-06,1.147848018043650528e-06,1.116115522272994669e-06,1.089617775688102158e-06,1.090562978415286433e-06,1.065270113908814997e-06,1.037624014712134797e-06,1.038243307762750142e-06,1.015313776202637005e-06,9.900357145101707038e-07,9.903406447044655689e-07,9.695087117634408937e-07,9.496572338928101709e-07,9.275230695117039843e-07,9.274049592698664923e-07,9.093067273913202946e-07,8.889991069529707419e-07,8.886067251452196621e-07,8.720694262920145378e-07,8.534110169214021187e-07,8.383746776649207918e-07,8.376199336639423560e-07
8.439579108563583402e-07,8.570215625755219182e-07,8.610784669974372253e-07,8.746650501315136443e-07,8.888215673824621175e-07,9.061661543702442874e-07,9.075614154754162002e-07,9.229406085700422810e-07,9.417413115715378686e-07,9.428905542495182699e-07,9.596401207676635721e-07,9.771574130373343889e-07,9.984586069300788442e-07,9.992175218041195357e-07,1.018371823866647929e-06,1.041552494251902675e-06,1.042011576634467274e-06,1.063008416548636857e-06,1.085047951119674291e-06,1.088408574021448362e-06,1.111482421803696563e-06,1.135736074709049775e-06,1.164591084900165090e-06,1.164267914168527673e-06,1.191022664518840459e-06,1.222572416492185273e-06,1.221906566827401263e-06,1.251490093621144465e-06,1.282690503280611194e-06,1.318903479741535634e-06,1.317804170557792365e-06,1.352425577456367261e-06,1.392125784436401663e-06,1.390726336449960323e-06,1.429226582700781998e-06,1.469951911395666931e-06,1.515685723616304281e-06,1.514028965889014616e-06,1.559458192670710144e-06,1.609684219402860149e-06,1.607901910676763058e-06,1.658672126344559025e-06,1.712509194718017350e-06,1.712066718403341482e-06,1.768902763118178759e-06,1.829222143833069989e-06,1.892926519329634170e-06,1.891642207322794226e-06,1.959321722154214892e-06,2.029304658240493355e-06,2.028588325582664906e-06,2.104620863008660186e-06,2.185435621645484221e-06,2.266128758660379627e-06,2.267173502428773467e-06,2.358091613477357159e-06,2.446565872618379663e-06,2.449298488035667303e-06,2.551647853839451264e-06,2.660499289967252806e-06,2.653601948751068949e-06,2.768858917930807704e-06,2.891431778464386490e-06,3.002230821555275967e-06,3.012788602776747561e-06,3.150783340649261865e-06,3.271350414929209166e-06,3.286814861502702659e-06,3.442073786680985723e-06,3.606984751260976991e-06,3.743159749667629680e-06,3.769106428867372821e-06,3.954263216479293553e-06,4.100805311307541651e-06,4.135916090024149119e-06,4.343376335397560015e-06,4.563029913741509331e-06,4.546674236876745330e-06,4.778470212929561076e-06,5.023400555622783143e-06,5.194118314133053740e-06,5.263552689184380120e-06,5.535495734107151964e-06,5.821643840185276687e-06,5.802199070977589864e-06,6.102460055287544882e-06,6.417252259178588522e-06,6.601300742841348670e-06,6.726301866032109402e-06,7.069817489876102983e-06,7.252665924256965746e-06,7.407219754292232585e-06,7.778234061878385147e-06,8.161785123677209479e-06,8.331079561147209696e-06,8.538220609409636521e-06,8.943665950665894912e-06,9.093522864083319437e-06,9.341257899031046820e-06,9.761716930062835728e-06,1.018534302655420490e-05,1.017360425875631178e-05,1.059901528729705419e-05,1.102082438495861762e-05,1.107000526845364114e-05,1.143267684292298162e-05,1.183721352523147777e-05,1.182255437000575174e-05,1.223496286743683590e-05,1.260430275531039661e-05,1.294486827223116253e-05,1.280741670741332256e-05,1.329148152190672073e-05,1.356610229298741496e-05,1.334050436363756112e-05,1.387575517993552283e-05,1.406845269542120163e-05,1.420472722401906607e-05,1.435042835420782547e-05,1.445303960249541837e-05,1.449402818456036673e-05,1.408669847528789277e-05,1.474999625935898982e-05,1.470573070196270796e-05,1.460286099827850418e-05,1.502094359936383360e-05,1.491678612233211432e-05,1.476807304061687264e-05,1.442798494918662603e-05,1.522616686180530045e-05,1.507828162789850933e-05,1.488172446941219238e-05,1.573195717110516175e-05,1.563498953439607997e-05,1.556046847864394974e-05,1.563447755082406318e-05,1.649240063619789658e-05,1.653363013845287404e-05,1.680059973491283959e-05,1.761875228315337691e-05,1.777314548948102861e-05,1.799014729662463721e-05,1.886910149484410308e-05,1.908415472546573868e-05,1.933859172615054451e-05,1.973276291824130416e-05,2.016965330280374067e-05,2.035364624407885609e-05,2.056600161127474205e-05,2.072277662855971636e-05,2.075216325341823408e-05,2.075216325341823408e-05,2.076194320222401991e-05,2.062331377990890837e-05,2.043889875630357177e-05,2.031408622480915537e-05,1.990180595754630500e-05,1.956011931000219137e-05,1.940376520782763773e-05,1.930896251875486295e-05,1.843000832053539708e-05,1.835476958665311958e-05,1.836137540990322609e-05,1.757593422049551912e-05,1.745290343332820692e-05,1.759945369580469916e-05,1.676306418480080036e-05,1.686136651644384963e-05,1.713057215314570664e-05,1.741801524304494299e-05,1.655961962492290238e-05,1.694600617970321322e-05,1.726279281807123898e-05,1.643341305646792556e-05,1.695764040291747039e-05,1.724094880067810785e-05,1.745976837133859447e-05,1.704168561423156139e-05,1.723844253086099194e-05,1.735564204571889661e-05,1.661570232792444125e-05,1.715203562456759075e-05,1.714368301340911095e-05,1.705517334674881892e-05,1.690945281873763208e-05,1.677018204639641084e-05,1.655900941252410336e-05,1.593333628734397797e-05,1.621702151138465091e-05,1.589807262285061366e-05,1.532562086772202767e-05,1.549660892251684253e-05,1.509262055817280612e-05,1.465269886032991003e-05,1.415991204800594895e-05,1.417828988500958746e-05,1.369302821251955929e-05,1.325721990996150098e-05,1.319674122264692738e-05,1.268879461675674889e-05,1.217604259181096967e-05,1.218715969285146534e-05,1.167576427799513326e-05,1.116785290612749571e-05,1.086682517556822637e-05,1.068295512321733170e-05,1.019235334221981900e-05,9.939422300434771926e-06,9.731749419185637591e-06,9.267006081987641999e-06,8.817219555022598777e-06,8.626986879996559774e-06,8.402786811980105162e-06,7.985880841174821160e-06,7.831054281907917609e-06,7.605434847474213880e-06,7.223050659968613712e-06,6.858149873565548229e-06,6.876752574453003463e-06,6.528927682355606151e-06,6.198231026310142707e-06,6.110511337698920899e-06,5.901428197588144582e-06,5.603455752398364902e-06,5.321358444114993212e-06,5.337006053392167506e-06,5.069731241070425777e-06,4.817215610588105877e-06,4.771542701913029275e-06,4.592365863238904593e-06,4.367017830332549748e-06,4.332757520962577881e-06,4.166437757438628488e-06,3.965794734345622435e-06,3.776867612420742478e-06,3.755739539009845337e-06,3.608694936984828388e-06,3.440883530842192715e-06,3.426044382617415185e-06,3.291112338733610363e-06,3.142186877853859505e-06,3.002160106502224203e-06,3.008758854865918740e-06,2.876654304137850128e-06,2.752463075790737763e-06,2.747857673765022442e-06,2.640527811294211542e-06,2.530372167935940376e-06,2.528106730827823134e-06,2.430414608809616222e-06,2.332671756247396466e-06,2.240756194989596976e-06,2.240976805972034520e-06,2.156490487230301405e-06,2.074848766997431798e-06,2.075996697149020085e-06,1.999277119422566286e-06,1.926690000296046753e-06,1.858350307684666171e-06,1.858773628753897379e-06,1.794161539538839206e-06,1.733288868323103737e-06,1.735502867868737816e-06,1.675397337690605293e-06,1.621098177566458454e-06,1.623321863250098748e-06,1.568756891966845465e-06,1.520245019811477053e-06,1.474445781709542314e-06,1.476541532528711041e-06,1.429384763916081933e-06,1.388356940611161366e-06,1.390206070032031865e-06,1.347339183021343901e-06,1.310516189485431781e-06,1.275662787362747499e-06,1.277117281433874549e-06,1.239961575716367993e-06,1.208582267627114929e-06,1.209702575446598502e-06,1.175851111293415010e-06,1.147539515710220296e-06,1.120662882665006152e-06,1.117447744514381363e-06,1.091847824409460935e-06,1.067514791080938362e-06,1.067828659925030341e-06,1.040905880811332208e-06,1.018825216170043858e-06,1.018818968405060342e-06,9.941868630376237608e-07,9.741032662311056435e-07,9.549499145600810186e-07,9.545152569375568373e-07,9.329184545407431026e-07,9.154323295968131844e-07,9.147240605863258791e-07,8.948929370337760754e-07,8.788904742136220561e-07,8.635760283546123010e-07,8.596947514123370348e-07,8.450146794797444796e-07
8.561560540390157050e-07,8.712986503792956362e-07,8.846878047573531132e-07,8.867226079531316282e-07,9.030789830004793950e-07,9.175752200684032175e-07,9.326818459602309402e-07,9.370934608443348165e-07,9.528276584384296177e-07,9.692487251601870668e-07,9.707112685757910628e-07,9.907087791535480943e-07,1.008603978997338305e-06,1.027323204576308716e-06,1.031518506097387608e-06,1.051069879448001323e-06,1.071551837370082806e-06,1.072292564279832169e-06,1.097013718271089336e-06,1.119481217608744352e-06,1.119881655533671535e-06,1.146854582975042893e-06,1.171562085561502306e-06,1.197540521804290711e-06,1.201071161239114354e-06,1.228309438069983654e-06,1.256988831393254133e-06,1.256506437780475546e-06,1.290312164968352238e-06,1.322049206570181699e-06,1.355533155267628608e-06,1.358244092227053573e-06,1.393446586542684140e-06,1.430633971733272609e-06,1.429294091467311332e-06,1.472010755225176294e-06,1.513401513848808403e-06,1.557203869297672842e-06,1.558691623640329169e-06,1.604856827766765422e-06,1.653765146348793913e-06,1.651865809991249596e-06,1.706167954168349784e-06,1.760879995708965423e-06,1.758892083990061218e-06,1.818670242469941605e-06,1.879980686566856078e-06,1.945083307533094932e-06,1.943888771967650187e-06,2.012700989606085430e-06,2.085823370981441692e-06,2.084665921945361685e-06,2.160901168090305923e-06,2.243134203743513923e-06,2.330588698004143316e-06,2.326694255086815492e-06,2.419268161229773658e-06,2.517758367310038325e-06,2.519833008594491224e-06,2.616768420275373678e-06,2.727754057950072868e-06,2.732127734374444129e-06,2.838492623079693559e-06,2.963595548555240088e-06,3.096707791046479584e-06,3.087631618326001819e-06,3.228638028221332016e-06,3.378625438349342951e-06,3.393469830409196353e-06,3.526573796901402786e-06,3.695448939578392196e-06,3.874887157202777836e-06,3.861414779061035848e-06,4.051312527946411816e-06,4.252873421841164293e-06,4.288168038494750436e-06,4.450574690612461242e-06,4.676463481424362675e-06,4.723928416132724504e-06,4.897696855361315300e-06,5.150054781267521183e-06,5.416660637642653631e-06,5.488574068385540399e-06,5.677802892003775215e-06,5.973568540979254458e-06,6.066308517191026394e-06,6.263255514382866531e-06,6.589338293724113700e-06,6.930832452226997390e-06,6.908829069391957849e-06,7.265474999754904334e-06,7.637047702748821522e-06,7.802171510932101963e-06,8.001186544623840657e-06,8.400802119724857611e-06,8.812727016693103433e-06,8.792353962593976301e-06,9.215742857581142160e-06,9.648026591976594470e-06,9.917366435217118701e-06,1.007037985409494408e-05,1.051411780700252390e-05,1.083360996822617439e-05,1.094708384225264136e-05,1.138967677380713505e-05,1.182417766696571782e-05,1.182182697338579762e-05,1.224686116099121674e-05,1.265360857826842797e-05,1.310932890351349882e-05,1.305391933864201807e-05,1.341197969041623061e-05,1.373264172254662082e-05,1.377919611112418446e-05,1.406819367006541588e-05,1.430752426396994785e-05,1.490056769556994510e-05,1.460402123264836497e-05,1.474828377986684550e-05,1.540119464452474504e-05,1.502515344095261415e-05,1.507208197994707096e-05,1.505259298722920602e-05,1.578202079580986683e-05,1.533249309774283519e-05,1.523537025008486268e-05,1.603190481826696878e-05,1.561744624775076375e-05,1.548124484888812946e-05,1.531221767533790385e-05,1.603394694415992316e-05,1.590869260516427527e-05,1.577986368155092226e-05,1.668798225867440334e-05,1.661547283699956465e-05,1.657896096430761215e-05,1.658863889374847413e-05,1.763611514842024005e-05,1.771935531643069109e-05,1.786701349208784199e-05,1.870864822891225019e-05,1.908801352037426739e-05,1.933353644431664052e-05,2.003394127391346389e-05,2.043639326077014546e-05,2.068423907289122812e-05,2.094738362277341102e-05,2.142492842879227126e-05,2.155886080499667918e-05,2.167379281813902765e-05,2.175575740137810035e-05,2.175575740137810035e-05,2.169412946946675286e-05,2.162369195684462250e-05,2.154528617420302218e-05,2.106774136818416194e-05,2.087715396232684911e-05,2.072311716829371828e-05,2.040099770111158814e-05,1.973747858345438515e-05,1.963265329184091669e-05,1.937712963945849130e-05,1.857399451927854137e-05,1.860689804489007725e-05,1.871783052750376189e-05,1.767035427283199936e-05,1.786310382139336497e-05,1.810463313608520747e-05,1.838087513089568128e-05,1.747105608978023313e-05,1.779377517072869326e-05,1.810028297803024927e-05,1.737855370890780771e-05,1.771251863853932058e-05,1.799455009584482936e-05,1.859802283682146092e-05,1.773729349174299336e-05,1.793716040152463421e-05,1.854920537496162678e-05,1.773761297237015113e-05,1.781539173654903005e-05,1.780553783761083269e-05,1.829583636039126569e-05,1.754576063134965247e-05,1.740017985100596792e-05,1.777844577020663085e-05,1.708561430408021969e-05,1.681340790513584970e-05,1.647855714562261999e-05,1.643185411928370127e-05,1.605417405445518414e-05,1.562974817041196514e-05,1.569960584353379478e-05,1.515508390015220632e-05,1.466813771337089467e-05,1.415827144914323043e-05,1.416013852517592880e-05,1.363734958800167772e-05,1.310423289166090574e-05,1.296530400788942442e-05,1.257882737832536797e-05,1.204293962394526990e-05,1.185538554385360486e-05,1.152802398577731162e-05,1.100498948545332733e-05,1.049241474572619536e-05,1.051188835639220484e-05,1.001275417769450115e-05,9.528276977747392781e-06,9.284310169983551924e-06,9.080940162649828805e-06,8.629943298270422358e-06,8.196846312624356764e-06,8.217895816482844975e-06,7.803027828400346968e-06,7.406699035510276103e-06,7.165319158976181825e-06,7.049004599453655636e-06,6.689292980123216192e-06,6.457465030133751581e-06,6.366457783006056932e-06,6.042077644506507849e-06,5.734921580924337269e-06,5.522162846830256134e-06,5.461031587179312869e-06,5.186061337487608100e-06,4.987381668837552833e-06,4.941308365176265206e-06,4.695983668749166825e-06,4.464805365493094185e-06,4.477694510183899446e-06,4.259376833736078792e-06,4.053884492661945578e-06,3.891448889375245252e-06,3.870999330888321335e-06,3.688618657045447080e-06,3.517157315467068186e-06,3.525840571511364463e-06,3.364134189807762744e-06,3.212172359265130343e-06,3.082818925991306677e-06,3.075918791771840707e-06,2.941282977251216933e-06,2.823622184817452396e-06,2.819851563444101962e-06,2.700562682260216540e-06,2.588481941202308633e-06,2.592207789762163339e-06,2.486480371036503186e-06,2.387116203494335622e-06,2.295042590690869891e-06,2.295882276304007311e-06,2.207725294566062919e-06,2.124823842153789265e-06,2.125966665071144994e-06,2.047676144263033976e-06,1.974009558278515673e-06,1.902253250055748123e-06,1.904644554894613954e-06,1.839099808695748670e-06,1.774109877848255665e-06,1.776584673233037241e-06,1.718181456621018496e-06,1.663122830951497548e-06,1.661699482993205354e-06,1.609576150698160873e-06,1.560392078840911419e-06,1.509662346053275110e-06,1.511813435118769268e-06,1.467797390386153860e-06,1.426199744108192495e-06,1.423606166340933027e-06,1.384139200687265290e-06,1.346799238370268546e-06,1.307008263550205022e-06,1.308368531793269358e-06,1.274780598356950255e-06,1.242945995981657055e-06,1.239568201484985139e-06,1.209289852026260182e-06,1.180556238335906205e-06,1.149124706034346531e-06,1.149580285496973635e-06,1.123586561148791274e-06,1.094905258558736078e-06,1.094998701641289013e-06,1.071428837589715478e-06,1.048987064461248525e-06,1.044973381769663742e-06,1.023550679647636049e-06,1.003125388812189779e-06,9.801869750132973878e-07,9.794856322587123191e-07,9.608506212604405098e-07,9.430452645689160216e-07,9.388246329377210651e-07,9.217815490197416846e-07,9.054743295573100934e-07,8.869393599192280839e-07,8.855833527826442581e-07,8.706116886882491243e-07,8.535385465726546482e-07
8.816303756193069989e-07,8.842405099121686449e-07,8.973762625229615816e-07,9.135049311169809817e-07,9.159379236156726916e-07,9.301300276814377646e-07,9.475618929071010070e-07,9.630401380476697940e-07,9.651630819015747760e-07,9.811863603396800024e-07,1.000846143389457918e-06,1.002725606015770353e-06,1.020153724155617789e-06,1.041496472712896614e-06,1.060631696953133406e-06,1.062108781393813514e-06,1.081998197628267311e-06,1.106236844332406564e-06,1.107401275106132219e-06,1.129183604138642089e-06,1.155608005008547964e-06,1.156430975166569111e-06,1.180350046555667814e-06,1.209200668781841575e-06,1.235683543659711610e-06,1.235990691449062468e-06,1.263700046818427190e-06,1.296753860323851547e-06,1.296670957368179607e-06,1.327305290526942273e-06,1.363524102721487551e-06,1.397608566265936706e-06,1.396994450786326427e-06,1.432851969966505268e-06,1.474568193442313363e-06,1.473571362558750204e-06,1.513469147093303632e-06,1.559313246958930262e-06,1.603864877982581485e-06,1.602457924374201108e-06,1.649604579052350489e-06,1.702620609386160753e-06,1.700963033270230135e-06,1.753726874325707790e-06,1.812103256357238832e-06,1.810300059725091497e-06,1.869471352518614879e-06,1.933775324636426967e-06,2.000001490015453290e-06,1.998463211548700390e-06,2.069164671763422203e-06,2.143716764040017802e-06,2.142565581595255804e-06,2.222206076838485642e-06,2.304327292277041195e-06,2.393394392494073276e-06,2.393746510204330178e-06,2.489447595385110099e-06,2.584527255795166014e-06,2.586388127305788790e-06,2.694514563152836707e-06,2.799021909592262770e-06,2.803084639258955942e-06,2.925337282747086132e-06,3.040015030887716156e-06,3.176010022457130866e-06,3.185449694790705344e-06,3.332846833881649532e-06,3.464425361441790164e-06,3.478797704936035548e-06,3.645462107472330083e-06,3.788835524900629963e-06,3.972791485958988496e-06,3.998051955486446139e-06,4.198488668429060823e-06,4.360572555525333103e-06,4.395523995042407129e-06,4.621427930514046309e-06,4.795732655868590855e-06,4.843060829150823058e-06,5.097035682573698081e-06,5.366329627190679591e-06,5.558073408183945361e-06,5.630517817233272310e-06,5.931502290694106579e-06,6.132764391182825357e-06,6.226739817341366078e-06,6.561359086554623203e-06,6.769490280950084293e-06,7.123753137354382523e-06,7.259169174777456053e-06,7.646122682320265123e-06,7.856546432213127841e-06,8.026203857923513491e-06,8.447090933680211522e-06,8.650921036890318994e-06,9.080770142320341776e-06,9.312369215646722160e-06,9.777012293018209690e-06,9.952712172832724145e-06,1.023276811417679086e-05,1.071750594115360068e-05,1.085888791475718171e-05,1.119250486696736717e-05,1.168534110703225575e-05,1.177695920528353771e-05,1.223341529582188258e-05,1.265280805016288061e-05,1.312298399038523325e-05,1.310535274061829764e-05,1.358566197233223842e-05,1.401404107413322020e-05,1.390432949047550317e-05,1.424153705311274727e-05,1.480974811823709819e-05,1.512233704098780108e-05,1.485070194444937748e-05,1.548205051779354995e-05,1.569411650552493285e-05,1.532560767873236286e-05,1.602486762843418017e-05,1.612727266806517252e-05,1.615399636824290554e-05,1.567659797187312529e-05,1.646474759501468591e-05,1.639163689973873473e-05,1.592281227254502323e-05,1.678904217885116224e-05,1.665157531717494966e-05,1.626706862993805181e-05,1.611792829276588975e-05,1.705864874852992821e-05,1.689092901152512043e-05,1.673752005525516259e-05,1.772557775251851962e-05,1.763739692107565534e-05,1.771771763385045296e-05,1.777600971560726960e-05,1.873880291988481417e-05,1.883860507706405012e-05,1.922607712099776462e-05,2.009972098184228427e-05,2.031595049322427638e-05,2.078498675363276555e-05,2.147186193109307310e-05,2.170865654400851025e-05,2.209081766364047011e-05,2.231686885362733815e-05,2.262358877981650394e-05,2.274192942741771686e-05,2.279679230876691088e-05,2.279679230876691088e-05,2.276493307428056087e-05,2.269715085965831218e-05,2.241366477075969042e-05,2.225558567804177305e-05,2.192962046031185144e-05,2.180140054044335570e-05,2.115204318083088980e-05,2.078105323932398699e-05,2.072698204006057641e-05,1.989455853154400912e-05,1.965194726198957341e-05,1.975764545983989436e-05,1.882837987605091374e-05,1.898098245268393879e-05,1.910155810586910172e-05,1.941629965020148386e-05,1.843041292747641681e-05,1.880213430579702770e-05,1.917848152607970957e-05,1.821213335475416442e-05,1.853917774709190323e-05,1.913469431551271049e-05,1.942030042261452013e-05,1.848893023340307334e-05,1.914614268532838546e-05,1.931692183644094808e-05,1.844378137713354832e-05,1.907840293349147954e-05,1.909931051191393240e-05,1.902129966891824000e-05,1.822023280331174216e-05,1.869343114491781434e-05,1.846479504428885860e-05,1.772851624106718126e-05,1.807110958268786773e-05,1.770951116378132899e-05,1.703834840131690268e-05,1.664170202299485987e-05,1.677891576307177597e-05,1.626896200166748834e-05,1.569518898418648949e-05,1.571731004243600858e-05,1.515327835766890910e-05,1.464920840661893594e-05,1.409987993540881372e-05,1.398742315731434255e-05,1.339317744615652372e-05,1.298937934220205496e-05,1.281569828500552222e-05,1.222984450314597127e-05,1.188915560310045516e-05,1.167335769116205419e-05,1.111079855350199041e-05,1.082755785959168472e-05,1.030640749603171058e-05,1.005622381715434958e-05,9.545642500619320144e-06,9.336326564713284844e-06,9.078102495134511167e-06,8.608169821512481741e-06,8.439948244352535493e-06,8.009310260715743761e-06,7.754006877022877580e-06,7.347092751747508264e-06,7.228897773041450206e-06,6.982150020921835489e-06,6.615933552695528608e-06,6.523955582677575267e-06,6.289048581542935617e-06,5.961291222469233090e-06,5.652070952038479158e-06,5.590858593273530816e-06,5.377531488945606886e-06,5.102494992933210399e-06,5.056651717601798580e-06,4.858511777154019383e-06,4.614551770842432711e-06,4.580864087421494932e-06,4.357023083613499129e-06,4.182028204275753452e-06,3.979271306876070986e-06,3.959332683873070333e-06,3.798990319423172259e-06,3.619838546536322958e-06,3.606302851665082605e-06,3.441139672298628973e-06,3.301693805886010815e-06,3.153309666397871774e-06,3.146817184967680680e-06,3.019995739216144377e-06,2.888967215634799072e-06,2.885515752878811627e-06,2.770388141191206094e-06,2.654635260455025217e-06,2.653353413278654535e-06,2.545783717884329456e-06,2.446651351300296512e-06,2.350596816403652157e-06,2.351537062339206872e-06,2.261777973755669141e-06,2.176727384869348954e-06,2.178402878741237509e-06,2.098888592653233553e-06,2.021758484014097195e-06,1.950859382456499164e-06,1.953160857162413895e-06,1.883355080651542764e-06,1.820345598602783570e-06,1.822667450843350064e-06,1.759475974797163178e-06,1.703379556483956961e-06,1.705568047887273843e-06,1.652686811583627495e-06,1.598302847705737121e-06,1.551095315183984991e-06,1.552976486541414392e-06,1.503670304061840560e-06,1.461428331201394853e-06,1.462963555499999152e-06,1.422916878610462564e-06,1.380341726398900742e-06,1.344493625819775491e-06,1.345513334623549399e-06,1.306816737225858762e-06,1.274553981326474532e-06,1.275178085272080220e-06,1.244429550217251817e-06,1.210860647699237552e-06,1.183224261562720808e-06,1.183304425847178662e-06,1.152695142967477378e-06,1.127667287823880616e-06,1.127380056529941788e-06,1.099430798977320089e-06,1.076708359743042223e-06,1.076078092936049438e-06,1.054278409318227883e-06,1.029838853557217961e-06,1.010101057778229515e-06,1.009017280736255012e-06,9.866140824290415132e-07,9.685766653303272660e-07,9.672140826203640462e-07,9.498369824488209457e-07,9.301191546809366899e-07,9.142885861220151713e-07,9.125622493308886753e-07,8.944107442145870874e-07,8.798487681836897999e-07,8.779100591070836588e-07
8.950925550033044944e-07,9.080965256765481174e-07,9.134607566882324456e-07,9.269647339400602996e-07,9.409879893939334459e-07,9.463724296863080154e-07,9.609494314989729605e-07,9.761097997259232590e-07,9.918902319619524623e-07,9.972691741459466923e-07,1.013700908238762749e-06,1.030831186878928596e-06,1.036176738702064347e-06,1.054033020445263958e-06,1.072677618378444827e-06,1.092162101244298654e-06,1.097415641346216412e-06,1.117762585297400922e-06,1.139059756377679443e-06,1.144201939034311963e-06,1.166466435240065311e-06,1.189807660455547309e-06,1.194795559195088061e-06,1.219224187395947539e-06,1.244874678322521326e-06,1.271830608751921850e-06,1.276534103525638277e-06,1.304798137374699532e-06,1.334546631967588133e-06,1.338967631611493216e-06,1.370194567803965887e-06,1.403111594854656542e-06,1.437837079448315012e-06,1.441772130522871132e-06,1.478289663872600193e-06,1.516869481163358324e-06,1.520344971807368353e-06,1.560959483186299021e-06,1.603927834320040356e-06,1.649417481431092366e-06,1.652131900202961927e-06,1.700102640577461196e-06,1.750954033304962841e-06,1.752970256109601493e-06,1.806648524772086665e-06,1.863619506117678991e-06,1.864813497550930412e-06,1.925008739923456318e-06,1.988968578191366003e-06,2.056962167525538247e-06,2.056842731119188594e-06,2.128787157001380825e-06,2.205342355331826738e-06,2.204056824149725644e-06,2.285124285611134533e-06,2.371459442437233876e-06,2.463433383465527686e-06,2.460326752996663044e-06,2.557828494465886880e-06,2.661761893161547200e-06,2.657075751704669750e-06,2.767316084026090378e-06,2.884880538414023803e-06,2.878424351041965582e-06,3.003176440233996219e-06,3.136250394753587626e-06,3.278195732394420881e-06,3.269084479047410012e-06,3.419762768169345921e-06,3.580470349522398016e-06,3.569161409262696834e-06,3.739756915565366385e-06,3.921640156642318894e-06,4.115479485627114224e-06,4.101018895206500525e-06,4.306682266481733507e-06,4.525673030206104641e-06,4.508749625163959790e-06,4.740943599074489850e-06,4.987866765451184553e-06,5.035797290597196600e-06,5.230025223051827852e-06,5.507663017421865400e-06,5.802026708407814598e-06,5.779578618401401130e-06,6.090549320483821555e-06,6.419356876085068109e-06,6.394975060737019806e-06,6.741485103777447941e-06,7.106575004642380710e-06,7.490365695582614743e-06,7.464285204611977021e-06,7.866492289343555999e-06,8.287112290761348933e-06,8.260742881010979633e-06,8.699328454675207194e-06,9.154937080474728981e-06,9.626245685135478546e-06,9.601377750423755399e-06,1.008740588594018226e-05,1.058524243572258579e-05,1.056343323160598548e-05,1.107169042118976937e-05,1.158560748218760373e-05,1.156922792068068476e-05,1.208708917411359196e-05,1.260180889794660736e-05,1.310762361301378597e-05,1.310447034729255900e-05,1.359963005037890721e-05,1.407302422412150219e-05,1.408779446256975889e-05,1.453942834302077103e-05,1.495389646228549009e-05,1.532220260326009993e-05,1.538164229806618139e-05,1.571138206635267571e-05,1.597935125972826131e-05,1.609916238814115835e-05,1.632415001703148991e-05,1.647524232082906952e-05,1.725189413636745629e-05,1.680328248214978115e-05,1.683670987795632331e-05,1.678925700796277145e-05,1.720280318117579604e-05,1.713833143344137858e-05,1.700385915745353439e-05,1.761818869054284181e-05,1.749628304570296778e-05,1.732778958122651412e-05,1.712908585245694713e-05,1.804323185092002730e-05,1.790590772345851091e-05,1.777804584441641298e-05,1.888570254697290458e-05,1.883956002694392044e-05,1.884129946906836997e-05,1.891323909207041169e-05,2.012781939285333472e-05,2.027467654859591318e-05,2.050309778486316030e-05,2.161841920381049096e-05,2.185840384322736257e-05,2.215643817996930116e-05,2.299651830775817791e-05,2.321136119677926149e-05,2.343723508728552099e-05,2.365799945441036061e-05,2.391153209734565505e-05,2.394704860127290472e-05,2.394704860127290472e-05,2.396177139064020999e-05,2.370823874770491556e-05,2.354750623469637779e-05,2.340001870654941467e-05,2.328827294569083063e-05,2.244819281790195388e-05,2.228155383248913237e-05,2.220194888898944320e-05,2.108662747004211253e-05,2.104556954852624358e-05,2.110881750671232083e-05,1.989423720592939780e-05,2.004923974701203857e-05,2.028434766176379238e-05,2.056991346685034370e-05,1.946225676429385210e-05,1.982495695072065969e-05,2.018599929592145329e-05,1.927185329742004658e-05,1.967757159123575324e-05,2.003193593209181913e-05,2.031534424431647110e-05,1.970101466210097391e-05,1.997058718287766181e-05,2.014281703373198886e-05,1.972926965440861163e-05,1.985715007942219349e-05,1.987762075571128498e-05,2.046688013718021211e-05,1.957834785587557529e-05,1.943278542719762154e-05,1.919225035912769113e-05,1.907237164792052395e-05,1.877009357005347768e-05,1.838971448912875644e-05,1.833010388130759414e-05,1.789717041413992050e-05,1.740643353065071547e-05,1.686906333695915890e-05,1.685390092619794554e-05,1.628722461373353214e-05,1.569319879967508307e-05,1.569575966446492700e-05,1.508699581447372858e-05,1.446678247512391010e-05,1.384214357479340209e-05,1.385767642481080824e-05,1.323672559148389808e-05,1.262215510883052622e-05,1.264296847748602138e-05,1.204026557576872973e-05,1.145149027065728066e-05,1.147526352164279486e-05,1.090381032624538638e-05,1.035108234217823647e-05,9.818703004609337715e-06,9.843926826262207100e-06,9.333057108688192565e-06,8.844295817887940124e-06,8.869246052861627655e-06,8.402697236309268419e-06,7.958672016120379319e-06,7.537044001870543041e-06,7.560370086864877155e-06,7.160248101493068430e-06,6.781675554131190006e-06,6.803151788259411843e-06,6.444840843447915826e-06,6.106773687469496462e-06,5.868932572436493691e-06,5.806745196283881263e-06,5.506095977353635212e-06,5.223311186263383365e-06,5.239501958281824896e-06,4.972952616561797704e-06,4.722586722190722397e-06,4.736421298721696688e-06,4.500630057563187789e-06,4.279371191916895645e-06,4.071839895738536610e-06,4.082659260541700354e-06,3.887355171709178708e-06,3.704257394211099749e-06,3.712974212214521166e-06,3.540691959728644411e-06,3.379213083345639314e-06,3.227873503668578524e-06,3.234050196184269319e-06,3.091632814159629282e-06,2.958142667093355714e-06,2.962625940765320410e-06,2.836970736078354195e-06,2.719156972885586425e-06,2.722129114191599381e-06,2.611185418236402157e-06,2.507117329045886070e-06,2.409474990250967482e-06,2.410704869493058554e-06,2.318676308087822873e-06,2.232271880216020778e-06,2.232386146100010811e-06,2.150895711358167699e-06,2.074324691065776004e-06,2.002346303010429321e-06,2.001204000669235759e-06,1.933236404093799473e-06,1.869284332389556975e-06,1.867355393901417946e-06,1.806916331588307860e-06,1.749988565670635263e-06,1.747391656822099477e-06,1.693543230409080571e-06,1.642766168070090132e-06,1.594856882891841249e-06,1.591531849739268276e-06,1.546144499546155477e-06,1.503267653731222735e-06,1.499502954982135889e-06,1.458842766254315959e-06,1.420381975332952910e-06,1.383976582215030508e-06,1.379746972099740913e-06,1.345165788565300513e-06,1.312387792184718509e-06,1.307887916438392706e-06,1.276719396659524886e-06,1.247134490521351168e-06,1.219031486494141202e-06,1.214259518916201096e-06,1.187489481835066831e-06,1.162023261849400030e-06,1.157103689460575270e-06,1.132818947475681203e-06,1.109682835026985869e-06,1.104656725968871885e-06,1.082569886476644546e-06,1.061496356979113586e-06,1.041373393141031872e-06,1.036259255641810457e-06,1.017014724953732003e-06,9.986106709318616178e-07,9.934645885741430425e-07,9.758449009282268476e-07,9.589695025279879924e-07,9.427937649723421899e-07,9.376424225248944275e-07,9.221291149793585268e-07,9.072369522539425662e-07,9.021049442070635027e-07,8.878077240151843984e-07
9.094794184406981349e-07,9.246163831890644628e-07,9.380033166232929199e-07,9.414440445657042915e-07,9.577498997639724870e-07,9.721741645553254608e-07,9.754590524442447760e-07,9.903469642352947106e-07,1.008636349185911452e-06,1.024843072782959865e-06,1.027836678201166716e-06,1.047631877368563991e-06,1.065209631698955368e-06,1.067972166311037297e-06,1.086178069745304329e-06,1.108550682822207572e-06,1.128513634143554282e-06,1.130874814572645048e-06,1.155203166871102465e-06,1.177004862207549726e-06,1.179050618704064246e-06,1.205551751458245821e-06,1.229426241089517024e-06,1.231119275529489288e-06,1.255994312772872708e-06,1.286252086277444282e-06,1.313787208658506492e-06,1.314921768868272595e-06,1.348026036812532926e-06,1.378392416604388315e-06,1.379097486316921024e-06,1.410899379058043024e-06,1.448951256307917246e-06,1.484361181900625180e-06,1.484443533037052160e-06,1.526238076597521971e-06,1.565558465884898590e-06,1.565178654492593418e-06,1.606597216420527571e-06,1.654918853928207205e-06,1.701252328060060980e-06,1.700305559815514845e-06,1.753550472490736949e-06,1.805332790791391819e-06,1.804004153613587846e-06,1.862729799475129543e-06,1.920736455341758191e-06,1.919106572645732275e-06,1.980761480853246548e-06,2.049049660910641659e-06,2.118284787299814181e-06,2.116653103315763531e-06,2.192097971708019693e-06,2.270068039145325315e-06,2.268612366933919830e-06,2.352065982739732879e-06,2.439942513905079778e-06,2.533680205318453117e-06,2.533406976722618698e-06,2.630495396239112615e-06,2.736485670751286332e-06,2.737487144804319193e-06,2.844683781273332434e-06,2.964665555222732243e-06,2.967645739570028374e-06,3.097352461325455057e-06,3.221810012266181493e-06,3.366903768946486914e-06,3.375061569997197405e-06,3.511971168954226683e-06,3.676436905062251423e-06,3.689469948971331048e-06,3.868479160047468678e-06,4.026075271090936671e-06,4.224895382230239189e-06,4.249118587939106577e-06,4.421069641670725789e-06,4.646049478603556061e-06,4.680436856030159434e-06,4.926735702504897602e-06,5.121228221154540286e-06,5.168850379459142114e-06,5.447584709372063096e-06,5.656463987230465686e-06,5.960376069281884141e-06,6.035566164560494349e-06,6.257743002006091180e-06,6.597962797062831862e-06,6.697215884449618254e-06,7.071215063557246311e-06,7.309235076270779507e-06,7.707813315132868386e-06,7.854408727872979817e-06,8.097586227026087234e-06,8.535509851332487649e-06,8.721897747048470469e-06,9.201544601849447223e-06,9.439338857098561827e-06,9.931951282855678651e-06,1.019166396094798731e-05,1.041306041085260351e-05,1.093469728807428141e-05,1.125263110633883819e-05,1.144362194221497377e-05,1.198335652399268985e-05,1.236635232466639994e-05,1.294126194662624015e-05,1.305116697738830917e-05,1.358377981924619185e-05,1.407205000076487606e-05,1.410202394513829144e-05,1.460106540565457227e-05,1.516463141855482424e-05,1.566488276129082471e-05,1.553150021820641263e-05,1.591968132794484910e-05,1.659201265653232281e-05,1.633556324787593722e-05,1.661842579675313424e-05,1.736924316920933304e-05,1.760104396415160401e-05,1.715650747754044841e-05,1.799191037618590256e-05,1.808868267802356126e-05,1.757116714878037003e-05,1.752997563165393748e-05,1.847299243097611215e-05,1.795203828239847138e-05,1.782962873201502719e-05,1.886480806784516178e-05,1.868377118723486396e-05,1.828503033427719617e-05,1.811414236323837494e-05,1.922317482480233520e-05,1.904346402302735950e-05,1.895971383216436433e-05,2.010163057264721480e-05,2.003640856375327653e-05,2.024221150847918831e-05,2.037306348854014224e-05,2.143462853087432486e-05,2.186071418305969387e-05,2.213210482991147254e-05,2.302836897254090945e-05,2.351847640119201523e-05,2.381538409857108612e-05,2.442108171754607231e-05,2.464280822742762042e-05,2.493149601535220362e-05,2.507721488312434285e-05,2.518320627516145436e-05,2.518320627516145436e-05,2.510331245802532114e-05,2.501523762328866079e-05,2.476888023626847813e-05,2.463794122488221496e-05,2.406946330959255746e-05,2.389872190997058133e-05,2.351815014549606684e-05,2.266968261466382207e-05,2.258572290612039334e-05,2.232673841269514813e-05,2.131182046669359816e-05,2.141515301097480530e-05,2.142667666769952167e-05,2.175778877951939079e-05,2.063257696506372971e-05,2.096618901485213914e-05,2.140164173259671647e-05,2.027664377461784674e-05,2.067082232130871335e-05,2.132180251055253625e-05,2.169504554056827635e-05,2.059320569937974781e-05,2.086379141434995126e-05,2.159722384042907868e-05,2.056068153141594437e-05,2.069144542936731938e-05,2.138156118719830513e-05,2.132421858067534018e-05,2.037147833765785257e-05,2.094543051972422724e-05,2.070092163875381804e-05,1.982762675252960414e-05,1.951015591450905065e-05,1.983489097275385117e-05,1.904179768814752988e-05,1.858619508214358964e-05,1.875334128434772812e-05,1.815820683324705385e-05,1.748516631969189824e-05,1.688785157651212228e-05,1.685170362463361322e-05,1.626471691978543794e-05,1.562354038690189884e-05,1.548847507431941361e-05,1.479498307618044240e-05,1.433103901608910677e-05,1.367858534658730362e-05,1.344394762902684673e-05,1.305669052909237881e-05,1.242481811859176761e-05,1.215278678608381566e-05,1.183460698896220115e-05,1.123695673863778079e-05,1.094481854221002303e-05,1.036255853231953601e-05,1.013199291794301890e-05,9.599764349037495748e-06,9.301145981510855327e-06,9.118434491193542460e-06,8.633608926289816767e-06,8.341467245073802160e-06,7.886381558609976180e-06,7.760966918325834472e-06,7.346725611149326135e-06,7.074243695974792375e-06,6.978245284881839119e-06,6.608138266028999861e-06,6.352220399061010855e-06,6.012741133493239217e-06,5.950665101169193115e-06,5.712666767814595608e-06,5.412761060659954568e-06,5.367234297235426292e-06,5.093348196565509614e-06,4.883284683182242451e-06,4.850617200976423491e-06,4.608766902472493858e-06,4.416571744193295653e-06,4.198904516034777918e-06,4.180503177107963689e-06,3.980682845697579262e-06,3.814105904140822473e-06,3.802134373214705118e-06,3.626113666876459421e-06,3.475019865411426069e-06,3.317801761092643546e-06,3.312736557743196880e-06,3.167506362935695013e-06,3.037763054984965459e-06,3.035530667174462908e-06,2.907522801303010924e-06,2.790326783284280406e-06,2.790029888114857211e-06,2.677106513665646319e-06,2.571331326278006142e-06,2.470974014543667362e-06,2.472559533630366479e-06,2.378989895905527229e-06,2.288546849597724251e-06,2.290637703523852405e-06,2.207824026351547021e-06,2.126230131681899004e-06,2.052671485946759281e-06,2.055088091336790595e-06,1.986051944621436400e-06,1.916221078161755746e-06,1.918479308220236443e-06,1.857099901888200163e-06,1.794023127712749248e-06,1.795993829528688740e-06,1.741309902694308759e-06,1.684288705038499464e-06,1.635590890232177709e-06,1.637064836908733463e-06,1.590963700933565120e-06,1.541931449827681903e-06,1.542959902410727873e-06,1.501650162414032254e-06,1.457201033796191952e-06,1.420274801252343553e-06,1.420669134498467518e-06,1.385512686055858196e-06,1.347093832757097588e-06,1.347036878369841400e-06,1.315334588816610733e-06,1.280383136629356360e-06,1.251902086275416340e-06,1.251237293695179686e-06,1.223981365669287432e-06,1.193585786880152779e-06,1.192529757845131640e-06,1.167787888589783501e-06,1.140022760901400888e-06,1.138609646546013150e-06,1.116091091866070195e-06,1.090686589765604225e-06,1.070282520842677777e-06,1.068402537255891409e-06,1.048755623956896171e-06,1.026449984126148277e-06,1.024295116186319665e-06,1.006292620158540131e-06,9.857910121573409822e-07,9.693670089823722454e-07,9.668564562578857704e-07,9.509830397208691588e-07,9.328494506468996110e-07,9.301414851353697647e-07,9.155002454688558188e-07,8.987552792758040487e-07
9.356829151799637543e-07,9.397146336749644638e-07,9.529428369811406820e-07,9.690807650082350282e-07,9.730028453912304243e-07,9.872253851095994140e-07,1.001975514861275180e-06,1.008406057326941382e-06,1.023735386042244999e-06,1.039657637523805318e-06,1.059187302730053095e-06,1.062702581660157520e-06,1.079934646734617621e-06,1.097877375910966241e-06,1.104387980716086930e-06,1.123087275475533397e-06,1.142589426845153432e-06,1.166519500687609043e-06,1.169435562562019294e-06,1.190691125411567573e-06,1.216732832862123071e-06,1.219345121158575585e-06,1.242576761611403261e-06,1.266909366006264639e-06,1.273234472571751735e-06,1.298698137020354911e-06,1.325413846700041268e-06,1.357862410586173658e-06,1.359573908666868489e-06,1.388990459363602627e-06,1.419934097868658409e-06,1.425800518062096563e-06,1.458284245142132551e-06,1.492511772207687222e-06,1.533399068842631778e-06,1.534038659631583126e-06,1.572006481168900963e-06,1.612113337450085551e-06,1.617111757651171746e-06,1.659347162506619850e-06,1.704033425282902363e-06,1.756062596522339235e-06,1.755607529772171188e-06,1.805531223775440648e-06,1.862909919859143051e-06,1.862029685655696808e-06,1.917951504715192635e-06,1.977341209675714593e-06,1.980051403815912433e-06,2.042850564054134074e-06,2.109635098590866615e-06,2.183374380048828434e-06,2.182029653830668612e-06,2.257303602505376821e-06,2.337501678517766265e-06,2.337572952925073059e-06,2.422598176071099154e-06,2.513283978060444106e-06,2.608347044875506440e-06,2.608118727923019769e-06,2.710851428921031172e-06,2.815939671209277303e-06,2.816862416273139871e-06,2.933427508725731043e-06,3.058003452803327333e-06,3.052275767870892445e-06,3.184709392485977906e-06,3.326316246487280780e-06,3.461146293793496117e-06,3.468919631606216081e-06,3.630009388123701686e-06,3.802298501142111339e-06,3.790853215759791310e-06,3.974171248348494651e-06,4.170209202165968094e-06,4.340829087121005608e-06,4.364498084875365912e-06,4.587455326618981672e-06,4.825659192049585740e-06,4.807286254656694499e-06,5.060578115467157101e-06,5.330901533668678745e-06,5.309373342082246484e-06,5.596582355101664670e-06,5.902619919733699914e-06,6.127264349044114253e-06,6.202735484906838870e-06,6.548001378176412769e-06,6.914533704750518526e-06,6.886214371425933865e-06,7.273858443635701677e-06,7.683969829539062109e-06,7.936303602123728515e-06,8.085911571094703891e-06,8.541290918695068621e-06,9.019492911133060418e-06,8.987721678851703924e-06,9.488253755707562540e-06,1.001032397448363087e-05,1.025303768767864951e-05,1.052200442262569261e-05,1.108317160826979732e-05,1.130192934360178852e-05,1.163294222400253845e-05,1.222385026391572020e-05,1.282312282164290201e-05,1.280248420959359437e-05,1.340799205801343816e-05,1.401099818495865957e-05,1.408571355340154276e-05,1.459998795375583609e-05,1.518118569585785115e-05,1.573618765820172525e-05,1.575474219905346936e-05,1.628354599253378069e-05,1.676627640617989800e-05,1.655221399561242912e-05,1.726793250019768058e-05,1.764524909907485778e-05,1.794466281351212036e-05,1.810118599146984337e-05,1.834806039204958788e-05,1.850194895441745443e-05,1.878557069417701545e-05,1.889414886836680073e-05,1.890450364378111324e-05,1.833263532606353431e-05,1.935998551194687589e-05,1.925672273451067647e-05,1.907209083205106136e-05,1.987271774343417046e-05,1.971246008653728231e-05,1.950554040918377587e-05,1.921856841842082344e-05,2.043434706029110086e-05,2.029021231491168499e-05,2.017765764614421736e-05,2.153037010072659090e-05,2.151793230830461437e-05,2.158219818455274743e-05,2.200277133556583024e-05,2.311728257700231362e-05,2.334443165077722038e-05,2.391053731178909288e-05,2.479940504795080495e-05,2.507801637297900487e-05,2.540045854526458855e-05,2.608787828612277735e-05,2.624761752286741668e-05,2.639757119246294840e-05,2.647034907124547299e-05,2.647034907124547299e-05,2.642727162916107825e-05,2.634327896984915232e-05,2.626823899199741603e-05,2.558081925113922723e-05,2.537139169390993713e-05,2.524000465208997787e-05,2.440031848474425027e-05,2.396829254222110437e-05,2.395841878062841709e-05,2.289488121738665350e-05,2.266937254012794356e-05,2.287227417406177419e-05,2.316392964894341960e-05,2.181121719436104607e-05,2.220543762236445830e-05,2.262437945302463052e-05,2.139703532621330736e-05,2.195515559790576457e-05,2.239944982080138897e-05,2.276950870328063576e-05,2.196888177511601505e-05,2.233205607662757977e-05,2.258052034968410115e-05,2.145686615504712602e-05,2.223624807364966413e-05,2.230367101340001914e-05,2.224095588079799080e-05,2.195731766811465603e-05,2.181959768807485012e-05,2.156192372859942221e-05,2.140532917603529228e-05,2.107112303845792685e-05,2.063817815911052266e-05,1.979488542014706953e-05,2.006292858561891220e-05,1.949210349843263213e-05,1.886335245785872148e-05,1.884432217051978589e-05,1.818002979710830162e-05,1.748273619242541417e-05,1.686436997281483868e-05,1.677205271149548546e-05,1.604518019195225726e-05,1.531449591870326466e-05,1.533408463703175392e-05,1.460961218385591885e-05,1.389468603109367080e-05,1.349105898633671124e-05,1.322173539877040595e-05,1.254148676956146074e-05,1.221148440855464911e-05,1.191282357097874684e-05,1.127902654194909741e-05,1.067101341893158987e-05,1.070140543863014103e-05,1.012020135958878749e-05,9.566437050319344065e-06,9.379494209317188643e-06,9.069475264902998319e-06,8.570379115877437066e-06,8.098401393689090645e-06,8.125494582106181934e-06,7.679234866861137050e-06,7.258700796404619576e-06,7.161972112321088855e-06,6.886574013657471125e-06,6.513804254271125692e-06,6.163867029139628418e-06,6.184463238388787790e-06,5.855286731194976731e-06,5.546792365526423489e-06,5.564369918913328492e-06,5.274478243027719178e-06,5.003121939939853010e-06,4.971024942085211919e-06,4.762925773973250134e-06,4.524578047087199862e-06,4.301716475250083493e-06,4.312666282679594542e-06,4.103475311740380156e-06,3.907928073729828971e-06,3.896463933509584568e-06,3.732814484425787043e-06,3.561228778327866854e-06,3.400829273169039298e-06,3.406309000850063987e-06,3.255681364666858205e-06,3.114824968052766087e-06,3.112819292483096953e-06,2.986034180977398710e-06,2.862217528374729860e-06,2.862022620386841405e-06,2.747671921895959761e-06,2.638695454544765068e-06,2.536626347108633624e-06,2.536558158242225627e-06,2.440497978916163376e-06,2.350444971998097199e-06,2.352379695041233832e-06,2.264354579677292585e-06,2.184756726338301325e-06,2.110020121283429248e-06,2.107427254178003878e-06,2.036929120646738137e-06,1.970658440740225108e-06,1.972576754440663944e-06,1.904683425639564154e-06,1.845787819302594410e-06,1.847366386126913194e-06,1.786048445036785376e-06,1.733583588900221728e-06,1.684101501690307438e-06,1.679319468135492510e-06,1.632468202032309538e-06,1.588217232317589215e-06,1.588767651166933684e-06,1.541077405148543575e-06,1.501401977395503833e-06,1.463843247547226413e-06,1.458230790594213262e-06,1.422563498779258332e-06,1.388746959888464000e-06,1.388175530833560536e-06,1.350755759568013917e-06,1.320225693162275635e-06,1.291209784633634580e-06,1.285158498303731833e-06,1.257519842491305377e-06,1.231209959118400577e-06,1.229636700023554489e-06,1.199969609137536686e-06,1.176047504223750739e-06,1.174124352643444706e-06,1.147001073131552437e-06,1.125190145742099093e-06,1.104343006530386303e-06,1.098114252366527829e-06,1.078173799789819090e-06,1.059084183232629193e-06,1.056443408534320113e-06,1.034593150039271141e-06,1.017065915993860066e-06,1.000245734170301543e-06,9.940935763665619036e-07,9.779583146342332591e-07,9.624502045804090954e-07,9.592897496182665521e-07,9.414719095408631100e-07,9.271369361519332842e-07,9.238244002419522577e-07
9.511300101500753958e-07,9.642987008147618074e-07,9.710951776195644544e-07,9.847537446496545795e-07,9.988886557688373118e-07,1.003295480803761110e-06,1.020472069203660833e-06,1.035680335797398528e-06,1.039963620630570877e-06,1.058491331836255838e-06,1.074894973627145046e-06,1.091936040592821794e-06,1.095962400489421936e-06,1.116783396023843510e-06,1.135240124629395051e-06,1.139060270721428453e-06,1.161630646461132380e-06,1.181674208919044602e-06,1.202582816562446034e-06,1.209761392446114222e-06,1.231587996093311759e-06,1.254394789620463339e-06,1.257526808715463399e-06,1.285381173319513328e-06,1.310328918737021208e-06,1.313110461624077267e-06,1.343511506415430646e-06,1.370879577664850565e-06,1.399601951229530572e-06,1.401799050303770381e-06,1.436614667974648718e-06,1.468269736205506604e-06,1.470010256330527127e-06,1.508187727015953092e-06,1.543176675344959555e-06,1.580058093217539706e-06,1.581096884195434763e-06,1.625138567366316493e-06,1.666092271768303820e-06,1.666597509429461611e-06,1.715097790631212475e-06,1.760703349140042613e-06,1.808978596070752906e-06,1.814144295023757137e-06,1.865072601188312123e-06,1.919067887724496135e-06,1.918336989901042038e-06,1.980567919965330338e-06,2.041122587363103242e-06,2.039927288344966065e-06,2.108774275026541353e-06,2.176859839879149019e-06,2.249311115639114718e-06,2.247818403932884234e-06,2.328269059759093885e-06,2.410036529795565593e-06,2.408479571667131629e-06,2.497654353456796123e-06,2.590137315214415729e-06,2.688846422731304567e-06,2.687682165324733064e-06,2.792492518540983971e-06,2.904467805172689576e-06,2.904684826619074064e-06,3.020423316499915247e-06,3.147649776009935994e-06,3.149545962189524203e-06,3.277750576233590568e-06,3.422492703083265616e-06,3.577373610032657385e-06,3.584112060805266426e-06,3.733679059883528090e-06,3.910096691926910709e-06,3.921544963563046734e-06,4.086522572795049582e-06,4.287524832916754247e-06,4.502609594471799641e-06,4.525399351793538355e-06,4.715953475002594606e-06,4.960813426629866620e-06,4.994148882306328873e-06,5.202316115382993837e-06,5.480701475478990619e-06,5.528077453532385524e-06,5.754097592648874084e-06,6.069902120494613208e-06,6.406450857295270095e-06,6.483961696193462383e-06,6.736224577509401046e-06,7.115815637097493059e-06,7.220165001066579666e-06,7.487199728751490108e-06,7.912986659320487068e-06,8.363087621749004460e-06,8.521565120498098114e-06,8.803391801495556281e-06,9.301942667108405519e-06,9.506791636893965265e-06,9.789546358622951082e-06,1.033536350168039597e-05,1.090304443159445489e-05,1.086918467016818234e-05,1.145754202317671020e-05,1.206319923609510672e-05,1.242573161121759249e-05,1.265415524815572890e-05,1.328495351381090117e-05,1.372717608832124923e-05,1.389991218190808765e-05,1.453605819092736195e-05,1.516232664754533788e-05,1.573499390446245037e-05,1.577159142239311002e-05,1.635820901174515871e-05,1.702487951132935113e-05,1.693870208618946800e-05,1.744932213629282839e-05,1.789826681669442061e-05,1.870076109311726150e-05,1.838563570201136031e-05,1.870247829749294228e-05,1.960330782355241975e-05,1.914645361240767892e-05,1.931235315478942969e-05,2.031909052406166900e-05,1.976293424577620802e-05,1.978417895633464041e-05,1.970284731243492193e-05,2.083883901908777003e-05,2.024267110817918133e-05,2.007446017932526351e-05,2.131663973196906963e-05,2.085885425512024741e-05,2.068440553882367356e-05,2.049469234532798738e-05,2.179945358199106444e-05,2.170205070945396302e-05,2.164814299955031827e-05,2.295509557418424752e-05,2.318094573781909743e-05,2.330867028455072082e-05,2.354081727043341168e-05,2.497421277168541435e-05,2.524005925800548389e-05,2.559061034136497672e-05,2.644907229552730568e-05,2.695257801985307661e-05,2.723436560790994796e-05,2.766800304398478271e-05,2.785594043447454037e-05,2.789940342866963652e-05,2.789940342866963652e-05,2.792120792878796296e-05,2.777768641671867346e-05,2.737905403893595412e-05,2.720290356381623097e-05,2.678933131881345295e-05,2.598117604084724456e-05,2.580938276657014817e-05,2.576023581447936726e-05,2.432684031322736458e-05,2.434482465007209827e-05,2.449311376601477429e-05,2.452361596547227457e-05,2.325266779933165482e-05,2.360481776678556546e-05,2.399655712793918584e-05,2.269119218859976851e-05,2.316059729560001934e-05,2.359259841661023074e-05,2.434446615033608388e-05,2.303728059978807786e-05,2.340163160459693333e-05,2.425990189134180383e-05,2.302237193413064049e-05,2.322769783247156965e-05,2.329428011089898143e-05,2.403913731770713328e-05,2.289686345528910949e-05,2.275184060544482297e-05,2.334394555284471831e-05,2.229930256181709666e-05,2.194784183461427092e-05,2.234819416143141597e-05,2.140296959818510967e-05,2.087741899693338466e-05,2.027425267479457627e-05,2.038379601345055315e-05,1.958786959770956950e-05,1.888581650055480300e-05,1.884162973152117906e-05,1.815300856232681244e-05,1.739883235745309204e-05,1.663173905201977836e-05,1.641952671350781394e-05,1.588334909738455184e-05,1.512036848845844487e-05,1.483944029804714504e-05,1.439723582313211259e-05,1.366309304649810627e-05,1.294942513002117535e-05,1.298180034019761355e-05,1.229258509203374534e-05,1.162950811025963697e-05,1.128189974887101401e-05,1.102774229421751869e-05,1.042139608478138499e-05,1.007507175083169881e-05,9.876815448582512347e-06,9.328965758521383131e-06,8.810464209135924061e-06,8.482570093398037446e-06,8.350019990992817037e-06,7.887608520194262001e-06,7.578165476605971020e-06,7.478578605863199482e-06,7.068596201928420587e-06,6.683776841071747523e-06,6.406926705262396629e-06,6.344620487264520433e-06,6.005546346465321487e-06,5.750976125901092472e-06,5.706374341971828112e-06,5.408366564982880950e-06,5.175768176684877203e-06,5.144648790662051121e-06,4.883170322439971592e-06,4.638842166625069044e-06,4.437973310730790875e-06,4.421483943377247114e-06,4.207379468986598779e-06,4.025708581185232502e-06,4.015559701612196841e-06,3.827952731551696463e-06,3.652711856235262983e-06,3.497503136805552386e-06,3.493970647044086222e-06,3.340307030741598843e-06,3.200595384093079276e-06,3.199599019125450846e-06,3.064725563993322042e-06,2.938596409467528001e-06,2.939710264998011020e-06,2.821179190098789334e-06,2.710245255199531586e-06,2.603402173735685040e-06,2.605493706072396028e-06,2.507761817351588796e-06,2.411713772516210795e-06,2.414042095282463477e-06,2.327779916625245380e-06,2.246841507012241884e-06,2.165072566557199066e-06,2.167385584062769803e-06,2.095712654724651148e-06,2.022097794830387400e-06,2.024059449058186922e-06,1.960446019766929538e-06,1.900566961934283659e-06,1.895624891293248825e-06,1.839028638585655950e-06,1.785679444410298611e-06,1.728900433850756146e-06,1.729722407431136173e-06,1.682068921389665202e-06,1.630744922784282434e-06,1.631026159332645142e-06,1.588347819651904543e-06,1.547964533198265880e-06,1.503780182224048905e-06,1.503316833527515646e-06,1.466994683956978436e-06,1.426898800092881120e-06,1.425938441669990969e-06,1.393178574941192995e-06,1.362054509210127799e-06,1.327302849913069798e-06,1.325684719971797527e-06,1.297488928689914830e-06,1.265812854133450101e-06,1.263791649651296937e-06,1.238177070510403101e-06,1.213740239204857335e-06,1.206872431103403331e-06,1.183537829845853541e-06,1.161239901665281699e-06,1.135909790617921485e-06,1.133064995884175524e-06,1.112662738604335235e-06,1.089420920480506094e-06,1.086316823539396105e-06,1.067598391770112341e-06,1.049638521779821891e-06,1.029124694515341860e-06,1.025687718998096087e-06,1.009140529454251655e-06,9.902247171412720133e-07,9.866157825705167935e-07,9.713308496878152236e-07,9.566080980831943289e-07,9.501058476065280520e-07,9.359514116662538252e-07
9.673863805534830713e-07,9.826875770641221598e-07,9.963001390640978111e-07,1.001329895957900213e-06,1.015343989789794328e-06,1.032369101510528245e-06,1.037328801701238649e-06,1.052374741824127097e-06,1.070718797373690050e-06,1.075579622233865061e-06,1.091772624052533914e-06,1.108569207680637840e-06,1.129141164578820545e-06,1.133776108402327305e-06,1.151927566532643729e-06,1.174203504882191933e-06,1.178655972988883220e-06,1.198324105624439797e-06,1.222491328218971818e-06,1.243994283439745396e-06,1.248090906535078130e-06,1.270388311092638084e-06,1.297795581841512885e-06,1.301607526999034431e-06,1.325946265489585350e-06,1.355829709735456568e-06,1.359308840716717075e-06,1.385954234013748773e-06,1.413881718502317527e-06,1.448044271346593729e-06,1.450952688810738078e-06,1.481674787107636136e-06,1.519105104415624538e-06,1.521564468280052633e-06,1.555464499293669759e-06,1.591161268005198674e-06,1.634279433450687598e-06,1.636031091097969425e-06,1.675614413906099494e-06,1.723070005647647534e-06,1.724278145992080960e-06,1.768306543117662819e-06,1.820616651883787753e-06,1.869927398215058013e-06,1.870376507151126274e-06,1.922432824949180955e-06,1.983250984786136993e-06,1.983148132591964877e-06,2.041503396178746286e-06,2.108781537292799257e-06,2.108162079344333051e-06,2.173768428747225868e-06,2.243585307956330861e-06,2.322202674649463506e-06,2.321178475210977971e-06,2.400011738325199573e-06,2.487190423924121176e-06,2.486006367755142910e-06,2.575250616036810086e-06,2.671967189094037053e-06,2.772734603032292279e-06,2.772174845089671169e-06,2.880473430987126439e-06,2.993849512314456814e-06,2.994125947008486052e-06,3.117429897527607009e-06,3.243190702770430753e-06,3.244984232184021544e-06,3.385625959991187018e-06,3.536369729827814958e-06,3.683494618008855022e-06,3.689901402984924647e-06,3.862197963943473125e-06,4.024871761337803248e-06,4.035821381916813980e-06,4.232922734937734340e-06,4.444359430906028545e-06,4.633153376061431300e-06,4.655307820802352933e-06,4.897234562982571034e-06,5.104292625785589410e-06,5.136956522367007252e-06,5.413603760063177875e-06,5.639494728023415698e-06,5.686289112522508771e-06,6.002199013763064473e-06,6.340180857121615506e-06,6.594762088518482906e-06,6.672320607264774399e-06,7.056590931101922359e-06,7.328297738944039233e-06,7.433476059352290042e-06,7.868448761530783962e-06,8.330701880156213802e-06,8.622535912361049346e-06,8.784064908115929660e-06,9.301776920302426080e-06,9.599331844105294284e-06,9.809529897960461866e-06,1.038357633314594675e-05,1.067748223706887531e-05,1.127212816132596286e-05,1.157477611781785202e-05,1.222674786848536234e-05,1.248790139231823481e-05,1.286577421609076655e-05,1.355764511088512228e-05,1.377194582039093111e-05,1.423546888866724271e-05,1.494899379597318409e-05,1.566114308604617313e-05,1.575218469573835586e-05,1.635688392021545146e-05,1.704471365242580136e-05,1.701677196535258775e-05,1.772415286504394838e-05,1.834804712151424520e-05,1.891394827364970769e-05,1.864907788555915104e-05,1.950654496770858678e-05,1.993919394646732194e-05,1.951027866176413954e-05,2.047911609050573697e-05,2.074686034026177475e-05,2.018243540035678782e-05,2.127389168172515881e-05,2.136937942291198853e-05,2.134178216936079576e-05,2.067105293873829544e-05,2.191546231740618963e-05,2.175676115110626113e-05,2.118712685883601961e-05,2.255466940069807477e-05,2.234515440176476406e-05,2.209486178279192293e-05,2.187150859032693499e-05,2.330270764671934071e-05,2.316432987211013400e-05,2.331161015540897315e-05,2.472182500118531360e-05,2.476770932338243886e-05,2.523749131473652715e-05,2.553373428951078138e-05,2.670051732462635900e-05,2.701550809539060181e-05,2.766187266933240799e-05,2.846108116941201960e-05,2.873486904860360786e-05,2.911407054609638912e-05,2.940058417321721849e-05,2.944229482167527913e-05,2.944229482167527913e-05,2.947536851002728739e-05,2.922375391883027986e-05,2.890160314220442054e-05,2.875133969333245303e-05,2.800213169261855527e-05,2.747048302888759871e-05,2.736529294353458948e-05,2.626081834018657873e-05,2.621718822683840228e-05,2.597573098395980905e-05,2.624686604964209522e-05,2.488013054669700359e-05,2.502128584168139590e-05,2.549371877096019874e-05,2.406861213627501574e-05,2.460981363178622048e-05,2.516310612774616106e-05,2.564588349568776822e-05,2.421495327413087924e-05,2.508502064427116859e-05,2.544041263522494968e-05,2.409211551012601632e-05,2.502110251389307188e-05,2.516066399446989743e-05,2.513617209122167242e-05,2.390247013744561201e-05,2.464173345754524488e-05,2.437160795901473616e-05,2.325084742518140121e-05,2.379809039479813769e-05,2.330492656762425118e-05,2.229627769640062188e-05,2.262866906284662349e-05,2.196049160701058601e-05,2.121926197744132862e-05,2.037498658623336520e-05,2.041017594006233339e-05,1.958488093430778464e-05,1.885758416458504759e-05,1.874490667414332830e-05,1.788611274827289435e-05,1.702466202525329718e-05,1.646220455557056755e-05,1.619794685120860830e-05,1.536034393160613459e-05,1.489886094903439578e-05,1.457699160795333398e-05,1.378611536174074403e-05,1.341399008558721083e-05,1.269152720687261775e-05,1.232968357230555612e-05,1.163184705821010439e-05,1.137042962212962791e-05,1.100433211573373675e-05,1.037432475928456629e-05,1.017167024032815411e-05,9.812938630146437010e-06,9.250047907144151230e-06,8.720130196489986969e-06,8.586021465725659775e-06,8.252480401923807725e-06,7.784242291550120093e-06,7.684169164148005882e-06,7.372108189879552300e-06,6.960348522230914441e-06,6.575389737094270649e-06,6.513520608142244556e-06,6.237183079695454180e-06,5.900297529752473475e-06,5.856351634692756112e-06,5.603564984806588870e-06,5.309269252642682848e-06,5.278857420494170556e-06,5.048884210473722825e-06,4.792041781965700433e-06,4.552670546866502990e-06,4.536826987314450900e-06,4.339275095057548349e-06,4.130432715463217401e-06,4.120788767359939044e-06,3.942607838113765852e-06,3.760308378556292196e-06,3.590336897169610798e-06,3.587093902222141208e-06,3.435366145787178716e-06,3.286769570198062103e-06,3.285900040713813612e-06,3.149553150499552054e-06,3.019454581941677388e-06,3.020064270644271772e-06,2.899291287098460566e-06,2.783511615743896525e-06,2.676821383249096400e-06,2.678705553899534165e-06,2.574726763705789235e-06,2.480863994196188796e-06,2.482877873213440943e-06,2.389469428576342616e-06,2.306704571999546352e-06,2.229072836741228479e-06,2.230946045699390607e-06,2.151460101879938555e-06,2.082743701019038342e-06,2.084201597477910453e-06,2.012653705986778884e-06,1.951668964474820789e-06,1.952629352083796454e-06,1.895035168127305613e-06,1.833887060076680405e-06,1.782711381640622440e-06,1.782928178813229609e-06,1.727712251987064292e-06,1.681968378607840595e-06,1.681625145902375931e-06,1.631694700255652144e-06,1.590687620504685795e-06,1.551855680444160864e-06,1.550749664873885147e-06,1.507717614314101765e-06,1.472744850946850865e-06,1.471142018926021037e-06,1.432065179913967840e-06,1.400474794758567363e-06,1.370428989938074439e-06,1.368172738735285036e-06,1.334252859047947221e-06,1.306985628058284868e-06,1.304338351501233909e-06,1.273392612657730449e-06,1.248574476116275760e-06,1.245583310909818209e-06,1.221713254853062866e-06,1.194644084364532276e-06,1.172966220453998119e-06,1.169531638766060598e-06,1.144714569531403313e-06,1.124837285583380870e-06,1.121163342445817543e-06,1.098367457323324488e-06,1.080090845690598853e-06,1.062528940206298202e-06,1.058548448672289092e-06,1.038386904880634548e-06,1.022170372447442216e-06,1.018039711516800622e-06,9.994272887353349299e-07,9.844144929193561153e-07,9.801650452821056932e-07,9.656097624479618039e-07,9.490168243358341414e-07
9.864604948886411633e-07,9.995965975482689366e-07,1.013144162214589433e-06,1.027126677726937416e-06,1.035060320413637000e-06,1.049563093079703186e-06,1.064552003766649944e-06,1.072662799004495376e-06,1.088223433305984086e-06,1.104328748124145861e-06,1.109774022281747453e-06,1.129340651835632842e-06,1.146687740508134602e-06,1.164684803373683279e-06,1.173158405302095613e-06,1.191890458080724233e-06,1.211355326727352170e-06,1.219952965977220982e-06,1.240233880259023815e-06,1.261342974201186557e-06,1.283335034891049743e-06,1.292056194906660045e-06,1.315012111990841885e-06,1.338969563237572447e-06,1.347743514149318474e-06,1.372779381217228448e-06,1.398953846760721711e-06,1.403078984969549654e-06,1.435122379793919749e-06,1.463804256836789829e-06,1.493875426363803839e-06,1.502589904071418039e-06,1.534114935042759837e-06,1.567228152895345435e-06,1.570300571325109753e-06,1.610571045227561947e-06,1.647147282626323124e-06,1.685677233912647414e-06,1.693964418827901115e-06,1.734492315176319909e-06,1.777264760255201686e-06,1.785212026777409248e-06,1.830259516818580869e-06,1.877890221342455470e-06,1.928301618784662915e-06,1.935605725176195198e-06,1.988811496544059115e-06,2.045225325997915548e-06,2.051876376542502220e-06,2.111492309532952258e-06,2.174814458817283511e-06,2.174401235588998993e-06,2.247637968127549572e-06,2.318924331883027403e-06,2.394835674703886020e-06,2.399237117493951187e-06,2.479718429722459803e-06,2.565556447771288013e-06,2.568610298404196226e-06,2.659720478334059296e-06,2.757038240577618705e-06,2.861056397038104761e-06,2.861874218635543158e-06,2.972477484873690322e-06,3.090845979551617228e-06,3.089611293806811397e-06,3.215595389382372560e-06,3.350574613521684068e-06,3.351466743823357288e-06,3.490716371987040377e-06,3.644914886759982559e-06,3.810327527471918242e-06,3.802852132700896094e-06,3.979265521513141806e-06,4.168616618934157196e-06,4.178259124851078204e-06,4.359833234918101787e-06,4.576759246289439344e-06,4.809641809863880450e-06,4.793704230305151073e-06,5.042286911134714284e-06,5.309088921641560184e-06,5.288890677334150522e-06,5.573643216923250188e-06,5.879057359211129922e-06,5.925504773339984318e-06,6.180135936247862426e-06,6.529160028356993415e-06,6.902680073692607856e-06,6.871775512165825447e-06,7.269526374907782768e-06,7.694229339631852461e-06,7.803261928665646203e-06,8.110319073029155859e-06,8.590764256949193504e-06,9.101011888379073196e-06,9.060899998432009810e-06,9.600534768859494224e-06,1.017074321152982930e-05,1.012848861524557305e-05,1.072867144895964434e-05,1.135854936059108932e-05,1.201664904511559056e-05,1.197477202928136758e-05,1.265969740883850250e-05,1.336773657151077075e-05,1.332971087354869989e-05,1.405877810521886957e-05,1.480167900067101626e-05,1.531545171729959410e-05,1.552604789722049843e-05,1.627938803099580447e-05,1.702203597811669964e-05,1.701529819245091096e-05,1.774432166705967222e-05,1.843959304872682691e-05,1.923534065397891033e-05,1.912846140000132948e-05,1.972876243439264699e-05,2.025028424701408704e-05,2.036530386349049370e-05,2.082515940078903427e-05,2.117827230158919480e-05,2.141764759275545724e-05,2.170587434411056754e-05,2.186831028277227228e-05,2.309260632748318779e-05,2.242033719894883268e-05,2.240554820346255080e-05,2.226485069575856251e-05,2.310167777697730163e-05,2.296458028406809674e-05,2.273575548069257685e-05,2.423012814886249674e-05,2.376844974139165031e-05,2.356323130099321857e-05,2.336521814314049798e-05,2.500354602308494571e-05,2.493044312952420779e-05,2.493665620151676917e-05,2.670841194336016325e-05,2.682035019805895082e-05,2.704985230208201055e-05,2.741103735389856483e-05,2.890838537894219981e-05,2.923802169905607219e-05,2.963965020604556884e-05,3.056460865638915874e-05,3.076302646843390019e-05,3.095705016373401523e-05,3.109602724041748371e-05,3.113488553533224739e-05,3.099590845864878569e-05,3.088928542546820168e-05,3.080567356938626887e-05,2.988071511904267559e-05,2.963454048081692947e-05,2.950809192983786325e-05,2.801074390479422826e-05,2.790105516932716128e-05,2.796611309877122315e-05,2.818204716665042295e-05,2.641029142480702887e-05,2.675259100018035095e-05,2.718087379225400728e-05,2.554254591230955616e-05,2.608859899071396102e-05,2.662224671094268761e-05,2.744031801007166703e-05,2.588803424497405429e-05,2.637761071035992270e-05,2.673259615449768257e-05,2.589576881405739839e-05,2.620885397209425551e-05,2.635007842576265609e-05,2.726081780749349819e-05,2.587985497733680636e-05,2.575729796117377768e-05,2.547066529718999429e-05,2.523121537791002183e-05,2.484560734587401904e-05,2.432372025118670599e-05,2.420846055077246505e-05,2.359985734116263809e-05,2.289192934742351223e-05,2.302812222972634078e-05,2.207841761500591512e-05,2.124643737536579640e-05,2.037166258103445711e-05,2.037738259712882884e-05,1.948272546891847710e-05,1.857389770357007941e-05,1.831487766836499461e-05,1.769131175957884994e-05,1.679217167093383420e-05,1.590899222651279293e-05,1.594530950789327026e-05,1.508645067105333321e-05,1.425501932722080308e-05,1.429506466420572681e-05,1.349548080244529902e-05,1.272969578149551354e-05,1.199954272990475607e-05,1.203996475929405054e-05,1.134596745464354956e-05,1.068881433062889925e-05,1.072718891635455740e-05,1.010574949011542796e-05,9.520335052927346732e-06,9.143178052014028963e-06,9.003846542079489533e-06,8.486264225146377137e-06,8.001363183942921439e-06,8.030929833377733242e-06,7.575827534317031400e-06,7.150479431702633321e-06,6.838716349008724618e-06,6.777010401268723333e-06,6.405088083061898584e-06,6.058312853199156944e-06,6.077636694772718052e-06,5.753104091786546897e-06,5.450767438204741643e-06,5.466015063828408344e-06,5.183169557934083567e-06,4.919776739436410329e-06,4.699087399479149771e-06,4.684895457815695018e-06,4.455455033860612357e-06,4.241802473315258632e-06,4.248954250714864631e-06,4.049003909267865909e-06,3.862740656830679681e-06,3.694632766012588410e-06,3.692677844297924268e-06,3.530112786037644571e-06,3.378530946473242551e-06,3.379712181428242544e-06,3.237624342966011143e-06,3.105015515133912074e-06,3.104233097857357811e-06,2.979826823431830775e-06,2.863596112628225991e-06,2.754941776196065689e-06,2.752020129833723664e-06,2.649928536861226674e-06,2.554370317717675618e-06,2.550159417820320720e-06,2.460279556382520432e-06,2.376035740957189415e-06,2.289535925879138078e-06,2.291444575471491794e-06,2.216985094638439271e-06,2.147037416593301406e-06,2.140674296727533152e-06,2.074686082388218420e-06,2.012598148036181503e-06,2.005610243769017724e-06,1.946966730765032078e-06,1.891698915753423750e-06,1.839566357668009961e-06,1.831963136320192954e-06,1.782623314010980473e-06,1.736002894894987397e-06,1.728074470563817691e-06,1.683896642888381687e-06,1.642081234637658923e-06,1.595852030412317525e-06,1.594250336015432702e-06,1.556632024290519562e-06,1.520928842191577183e-06,1.512591623003513418e-06,1.478647206724645420e-06,1.446373976885631468e-06,1.410072526287661208e-06,1.407256321261166421e-06,1.377996042928739883e-06,1.350100490895910854e-06,1.341706373158639464e-06,1.315098922035661805e-06,1.289688353636332983e-06,1.281344741424117765e-06,1.257078623426709006e-06,1.233864365299570954e-06,1.211635443252429055e-06,1.203410004467562890e-06,1.182141713485208096e-06,1.161742267135763649e-06,1.153635495971744324e-06,1.134095681060359118e-06,1.115323671287853916e-06,1.093877472708826433e-06,1.089354884592853956e-06,1.072034271268191363e-06,1.055353494283379272e-06,1.047593823542774554e-06,1.031570921052980294e-06,1.016116724880787631e-06,1.008526537578913327e-06,9.936669086643304125e-07,9.793139221082912419e-07,9.654392297257024693e-07
1.011055128295683331e-06,1.017245037637584546e-06,1.030768372054221526e-06,1.046978722664802906e-06,1.061463096892574611e-06,1.067635324360974289e-06,1.085041146010538316e-06,1.100559621760206410e-06,1.106714602700570951e-06,1.122702714598866441e-06,1.142103248280775083e-06,1.148212269123765498e-06,1.165395918901566525e-06,1.186330727796894261e-06,1.204927716630163770e-06,1.210875219371559389e-06,1.233509848406829782e-06,1.253609081639448004e-06,1.259423379375776809e-06,1.280206290442063731e-06,1.305724778244623899e-06,1.328399878231905807e-06,1.333911140263058805e-06,1.361646714301412504e-06,1.386328402455978879e-06,1.391593531006476711e-06,1.417204664402829536e-06,1.448743174403510099e-06,1.453707016868609405e-06,1.481708734920686338e-06,1.516170008700467692e-06,1.547076933729422474e-06,1.551483338450279967e-06,1.583695032113605493e-06,1.623219181404178069e-06,1.627180017930679249e-06,1.662689576160652152e-06,1.706102404764264590e-06,1.745614481252746347e-06,1.748825942219135438e-06,1.796600568655184885e-06,1.840431619866282214e-06,1.843055700734134897e-06,1.889088122195333157e-06,1.944503593984794371e-06,1.996103296618674908e-06,1.997840226739436232e-06,2.059110420451959848e-06,2.116823547247867861e-06,2.117891884047054241e-06,2.178912763539532285e-06,2.250494625357431148e-06,2.250891177878277440e-06,2.319551590809897897e-06,2.399008973811232749e-06,2.476595298222767361e-06,2.476273538686769073e-06,2.564575825176740891e-06,2.652298647667960298e-06,2.651551103789517214e-06,2.745318441877965404e-06,2.849234257528610221e-06,2.955551176579229131e-06,2.954956709147522710e-06,3.070682310252913536e-06,3.191704718967862873e-06,3.191568497342679922e-06,3.322067783366498503e-06,3.458543082557064990e-06,3.459510189476595036e-06,3.608932858394932343e-06,3.760896124369767769e-06,3.930307898905188474e-06,3.935324767954780611e-06,4.119684052693157431e-06,4.298487606925270572e-06,4.307685493640900767e-06,4.519714744813387337e-06,4.718072268831754560e-06,4.957331529236439376e-06,4.977569672936051548e-06,5.196966833818072713e-06,5.471507786155851646e-06,5.502407503174651249e-06,5.804909145725139539e-06,6.058930561824878723e-06,6.104568795526258558e-06,6.452586967013043997e-06,6.729874950158665060e-06,7.116242058563932979e-06,7.195185838878073138e-06,7.623893686345255011e-06,7.935659760482287675e-06,8.045219746331142360e-06,8.534796257051335578e-06,8.865801944750925363e-06,9.397147680384238230e-06,9.571066842986565042e-06,9.916085295541664376e-06,1.051163587894639097e-05,1.074239599566581515e-05,1.140419261064351898e-05,1.175279064636420267e-05,1.244345801696935013e-05,1.278492301399623666e-05,1.311671431144641607e-05,1.386213535345859850e-05,1.429547832309411637e-05,1.511183158830335692e-05,1.537264235083024273e-05,1.591215474645985741e-05,1.676019994463250477e-05,1.693406939358743475e-05,1.772098477977566638e-05,1.843795052823536887e-05,1.925940598040035593e-05,1.922438606122546943e-05,2.007156117261213758e-05,2.081374388143116997e-05,2.059620248454767749e-05,2.114944621936142849e-05,2.218699303351054483e-05,2.177208446847138598e-05,2.214810234034191521e-05,2.332743515364764858e-05,2.361176648850379933e-05,2.291787535429908030e-05,2.425278615622821469e-05,2.431963881445965559e-05,2.357022103697865398e-05,2.344537022882450952e-05,2.496258153858899476e-05,2.472490816029776614e-05,2.411525238542108011e-05,2.576713603558503774e-05,2.549633127040542245e-05,2.522960105868937730e-05,2.510137615798182018e-05,2.677329733531574776e-05,2.693424742507685973e-05,2.702562228708179471e-05,2.859621455940614286e-05,2.873503694858328038e-05,2.940463065903993592e-05,2.981828390571582244e-05,3.096113561359817491e-05,3.161071195613515699e-05,3.196916684793316621e-05,3.255194683575425124e-05,3.274894822222063745e-05,3.285670636116713370e-05,3.285670636116713370e-05,3.279363862318161548e-05,3.269790254586037051e-05,3.216215010517659440e-05,3.194890261118108913e-05,3.142558118915102992e-05,3.035091914749265079e-05,3.018457986602532484e-05,2.973627827359863002e-05,2.994192234949081754e-05,2.843955965788132092e-05,2.871268720829693645e-05,2.889665229482871563e-05,2.725648107668368880e-05,2.775806515737552524e-05,2.840437241576782509e-05,2.903110952117287592e-05,2.732544224618311187e-05,2.830465746041033800e-05,2.881015136278785357e-05,2.718398165242090766e-05,2.750145436428869941e-05,2.854393295861966550e-05,2.858536398661878081e-05,2.708607730859503303e-05,2.800235524860728202e-05,2.772997422314246737e-05,2.637084717633958824e-05,2.596377059685992477e-05,2.649564029484901152e-05,2.527743572180465409e-05,2.463332126903572709e-05,2.490802786391716660e-05,2.402705508193766706e-05,2.301631374462547884e-05,2.306043475035164780e-05,2.207471300987529910e-05,2.121211655368549187e-05,2.026380391822116272e-05,2.004922349594632261e-05,1.902482194109881086e-05,1.836941565518484162e-05,1.804741517271448052e-05,1.705844541662716396e-05,1.652829072176378603e-05,1.562343498620975062e-05,1.521436043537334599e-05,1.479348720632025921e-05,1.395369911505548255e-05,1.352414634937080660e-05,1.271901704410312806e-05,1.243096519710851501e-05,1.170558538936876134e-05,1.128090711551057742e-05,1.106170782862491415e-05,1.041414511101156095e-05,1.000719999988429666e-05,9.410443718926269615e-06,9.269844106033597848e-06,8.887136691362235557e-06,8.364593720398860629e-06,8.261960076848489279e-06,7.791051742547111604e-06,7.451396383668411951e-06,7.027340906026226242e-06,6.966365997476346046e-06,6.655889464535237565e-06,6.287681279397172392e-06,6.245618631776060376e-06,5.911741922205897516e-06,5.644383776817232768e-06,5.616255080275399653e-06,5.325805071118245141e-06,5.084755777729211503e-06,4.827642219690020248e-06,4.814111069431397711e-06,4.597471916349808311e-06,4.374462422489141683e-06,4.366824345643967771e-06,4.162288128564610215e-06,3.978932245812450398e-06,3.798864508300390241e-06,3.797073662166116709e-06,3.632979814408767967e-06,3.476258411316152170e-06,3.476406783995863852e-06,3.331428300698077275e-06,3.192974994361827376e-06,3.194190925303789489e-06,3.067336880362579018e-06,2.943505915180696509e-06,2.831980789200105427e-06,2.833936596106057701e-06,2.729904383704582570e-06,2.625287049841750440e-06,2.627062110871833011e-06,2.535494511775015460e-06,2.441771424466137223e-06,2.361079641507606819e-06,2.362335156142577529e-06,2.278285778254139251e-06,2.206967262822854646e-06,2.207611461023166151e-06,2.140374066814979553e-06,2.068920408883526645e-06,2.068912553787166258e-06,2.009143724338353411e-06,1.944835784826299906e-06,1.891814815038787856e-06,1.890885037874582491e-06,1.840560948559663053e-06,1.785530735822818916e-06,1.783967318494735022e-06,1.738885080581347374e-06,1.689139721390000058e-06,1.648885766689531443e-06,1.646479740547074460e-06,1.601429597770462156e-06,1.565155747035940824e-06,1.562234065927637088e-06,1.527531854701240282e-06,1.488567600603171762e-06,1.457349769433340169e-06,1.453759866955658841e-06,1.418294413068597807e-06,1.389932999153637145e-06,1.385967210603971344e-06,1.358707260268425464e-06,1.327776454800609768e-06,1.323490890651679304e-06,1.298610045231942248e-06,1.270308121020770582e-06,1.247674083007951352e-06,1.242980074407388471e-06,1.221140602706546340e-06,1.196246712247905069e-06,1.191352127368927977e-06,1.171271874850020804e-06,1.148372644245425005e-06,1.129956756837114853e-06,1.124807133943584275e-06,1.103700218994869274e-06,1.086669349224278651e-06,1.081414835821378499e-06,1.064913208910436978e-06,1.046130662128313928e-06,1.040803443588533684e-06,1.025489446667289811e-06,1.008087557510859125e-06,9.938903325751277491e-07,9.884702789595328051e-07
1.028790285457317129e-06,1.042342147843239359e-06,1.051205974666164369e-06,1.065245083434863053e-06,1.079706511891530362e-06,1.097013397860744123e-06,1.103823702933219955e-06,1.119287941044011416e-06,1.135250073352252420e-06,1.144715222994872994e-06,1.161288102998677509e-06,1.178418394193203806e-06,1.188132041569612271e-06,1.205933990689086522e-06,1.224361645041905233e-06,1.246777018557551106e-06,1.253481847076617361e-06,1.273354488831041632e-06,1.293976077245885572e-06,1.304221783675350245e-06,1.325708504042832554e-06,1.348041743385844646e-06,1.375423707142805643e-06,1.381778182531365683e-06,1.406032465959861223e-06,1.431310971682219022e-06,1.441968020839622631e-06,1.468384704811545431e-06,1.495966889613626890e-06,1.506740919076984922e-06,1.535598850835210508e-06,1.565786438495216373e-06,1.597398909478573519e-06,1.608250216656897299e-06,1.641393027123500452e-06,1.676167790084108662e-06,1.687002099071458872e-06,1.723506576328586341e-06,1.761884670866005318e-06,1.808743367230968117e-06,1.812960657436878581e-06,1.855456085515596690e-06,1.900272896549967036e-06,1.910722901520271500e-06,1.957935784292275204e-06,2.007829278844280277e-06,2.067807067328597789e-06,2.070551491449434865e-06,2.126285509527681334e-06,2.185368593918586233e-06,2.194736756321867288e-06,2.257206474756191782e-06,2.323562877349033468e-06,2.332168844602320834e-06,2.402424533852595010e-06,2.477198389345888187e-06,2.563547798467604600e-06,2.564088699554413476e-06,2.648623640286334119e-06,2.738853928321205798e-06,2.744722758296295436e-06,2.840597103420798912e-06,2.943113431078023116e-06,3.056364392664557146e-06,3.056361065948168024e-06,3.173180304233549940e-06,3.298399296152759463e-06,3.299727460141897519e-06,3.433213871919741867e-06,3.576506596325380271e-06,3.575176594163814579e-06,3.728096166582942686e-06,3.892459687880016819e-06,4.069211940607120655e-06,4.063548029699476193e-06,4.252468412917814962e-06,4.455816961906627412e-06,4.446254960017590531e-06,4.663765375320815849e-06,4.898039705822872900e-06,5.115118222184633471e-06,5.134729150277551748e-06,5.404870862086809112e-06,5.695890897831926409e-06,5.674990793317992938e-06,5.986569073091863619e-06,6.322113510883772244e-06,6.295497951908026934e-06,6.654677196022758792e-06,7.041140725401095134e-06,7.456603024280427050e-06,7.421919092424451014e-06,7.866053962260616397e-06,8.342567555172656347e-06,8.301888598456225938e-06,8.810458177537961615e-06,9.354498285393708954e-06,9.710813497970362208e-06,9.887568588102777260e-06,1.050455092129527603e-05,1.115990483042249117e-05,1.110863229718269356e-05,1.180168825952971904e-05,1.253283723581885911e-05,1.289477649856896120e-05,1.324857384098975340e-05,1.405142413155133991e-05,1.488533100989594461e-05,1.483722735981960246e-05,1.569963358631259589e-05,1.658195149039710833e-05,1.654380355081815025e-05,1.744253495062847241e-05,1.834287414420694834e-05,1.923180330599743451e-05,1.922255150307223108e-05,2.009601029282653308e-05,2.092754909341023760e-05,2.096190604272325740e-05,2.175231323357471622e-05,2.246298911344967339e-05,2.210888526951153846e-05,2.322443614216099467e-05,2.375367596792234758e-05,2.414317268368246000e-05,2.446666896304688248e-05,2.477490405932067838e-05,2.491979034176492692e-05,2.551602021419538001e-05,2.560441072722179946e-05,2.553060500620923210e-05,2.530247896691230418e-05,2.643091678192313574e-05,2.622195309848987277e-05,2.591467767608392249e-05,2.750222933776664432e-05,2.728327237635864636e-05,2.705303011877069092e-05,2.708491209735691154e-05,2.891183414723693480e-05,2.888983467161405910e-05,2.900446966693299213e-05,3.104879758323421071e-05,3.125448507436135039e-05,3.161037223282294487e-05,3.244010756555279305e-05,3.351874904443577751e-05,3.386270882276916545e-05,3.424525821288117958e-05,3.476012630188113014e-05,3.481088079502998390e-05,3.481088079502998390e-05,3.485946208034356526e-05,3.434459399134361470e-05,3.408712912686045007e-05,3.391483827427546171e-05,3.290455314110564807e-05,3.223723045008075399e-05,3.217420520020649775e-05,3.231767782524725411e-05,3.027334990894603553e-05,3.055152092338363841e-05,3.099290803856904341e-05,2.920826705686987941e-05,2.956110423311387699e-05,3.020733205429626761e-05,3.081472316717859245e-05,2.922717150533233566e-05,2.988201632115378874e-05,3.038812365495031771e-05,2.925968574615806159e-05,2.972874861913668310e-05,2.998495308387822347e-05,3.002099617224268457e-05,2.942475637540529313e-05,2.934916565767528725e-05,2.905955375528591306e-05,2.873598325465667866e-05,2.831988762240321891e-05,2.772489614508754358e-05,2.641725640329380421e-05,2.686435035663958329e-05,2.602789338011518927e-05,2.509042633538072423e-05,2.505527659665131399e-05,2.406037588928366133e-05,2.301217601022139460e-05,2.302014395636590790e-05,2.194882427112475470e-05,2.086211091221516363e-05,1.977591617312839998e-05,1.981219862408703931e-05,1.874359558743479871e-05,1.769812513446482110e-05,1.774408035180539414e-05,1.673177515564072814e-05,1.575641565582808500e-05,1.531943796696218972e-05,1.487261755129792981e-05,1.398300714861434356e-05,1.313918325376851431e-05,1.318823323362816721e-05,1.239003932363423496e-05,1.163816012228183898e-05,1.141460309530303689e-05,1.097607493495192840e-05,1.031281615137402646e-05,9.692539316135419236e-06,9.731457163189122613e-06,9.150563622287790104e-06,8.608989352752036074e-06,8.642171768483157866e-06,8.135971814717751305e-06,7.665043962615674690e-06,7.227327779573529717e-06,7.252791122980333934e-06,6.844376226160870200e-06,6.465167523843499533e-06,6.485162841602617739e-06,6.131498809969288488e-06,5.803298531352873771e-06,5.775977710738709379e-06,5.512220609885684795e-06,5.228218070912283165e-06,4.964683467823060579e-06,4.973831521015554088e-06,4.727959122186764873e-06,4.499706127829982362e-06,4.505124842328065580e-06,4.292049980759397419e-06,4.094103255578057590e-06,3.910137149297232358e-06,3.911409574325278168e-06,3.739458705036493954e-06,3.579483722696917345e-06,3.578213056264956385e-06,3.428545711010253531e-06,3.289130848201197931e-06,3.289992637094063986e-06,3.155180939270017883e-06,3.033389868435634263e-06,2.919701178709798374e-06,2.914086416297009177e-06,2.807412134264372723e-06,2.707678236429206593e-06,2.708783118990348984e-06,2.607068870307610538e-06,2.519324451201402871e-06,2.437078824918501119e-06,2.428845418657874975e-06,2.351417194629460207e-06,2.278711946643835903e-06,2.269749341429149028e-06,2.201212702225761713e-06,2.136738677209975047e-06,2.135858314453989689e-06,2.066372916256939646e-06,2.009014866517148433e-06,1.954900806716004442e-06,1.944903192988945208e-06,1.893710234543347320e-06,1.845320188863772333e-06,1.842854275140794886e-06,1.789259959831268479e-06,1.745847057314774170e-06,1.704689096383990108e-06,1.694323815547959288e-06,1.655249246513116221e-06,1.618133266545739080e-06,1.607751723387547203e-06,1.572468241854116971e-06,1.538889698024765021e-06,1.506900349001312500e-06,1.496592738127950377e-06,1.466118241946118253e-06,1.437032081742185067e-06,1.426836386979477669e-06,1.399092967105233765e-06,1.372565271587830608e-06,1.367491900837406717e-06,1.337185108598511218e-06,1.312918282290347219e-06,1.289650863084594522e-06,1.279848703608718079e-06,1.257585296579494477e-06,1.236202518031097697e-06,1.230594286377097738e-06,1.206125290218789274e-06,1.186419993236446686e-06,1.167445853233703411e-06,1.158152719438441930e-06,1.139944671270807688e-06,1.122385038209686375e-06,1.113329644430962909e-06,1.096461681081661410e-06,1.080170203766847368e-06,1.074236929228708683e-06,1.055693814089022650e-06,1.040542400426597235e-06,1.025876461054982019e-06,1.017396358225273404e-06,1.003272632818360699e-06
1.047133754542777170e-06,1.062724143793550251e-06,1.076802065221740712e-06,1.084206381140031798e-06,1.100891305721990796e-06,1.115909440402944715e-06,1.131382455060071016e-06,1.138855019882988443e-06,1.157339724842151513e-06,1.173900816598508284e-06,1.181424406214733277e-06,1.201301664462269440e-06,1.219066469491834048e-06,1.226613937300541356e-06,1.248029815101199900e-06,1.267130009746768835e-06,1.286905850935110141e-06,1.294381236326516760e-06,1.318374416499402259e-06,1.339721482882684416e-06,1.347133555782230743e-06,1.373120179190871957e-06,1.396223705641488317e-06,1.420243376741968445e-06,1.427435231698660185e-06,1.456804234247499508e-06,1.482916502584985898e-06,1.489925236592564111e-06,1.521910240024431895e-06,1.550380165235988838e-06,1.557145230928258588e-06,1.586709995896846247e-06,1.623187887069270543e-06,1.655766997744503972e-06,1.662024091546450567e-06,1.701976455401040245e-06,1.737785263108771862e-06,1.743629073505400872e-06,1.787480525223149362e-06,1.826967434690303969e-06,1.868497732245978805e-06,1.873587724154323566e-06,1.924237850606619176e-06,1.970280979724071016e-06,1.974768218381327286e-06,2.030670420826640364e-06,2.081891123233993289e-06,2.136047680705079669e-06,2.139551025151252480e-06,2.204692960224526115e-06,2.265273452663762106e-06,2.268013185687617962e-06,2.340281750097830120e-06,2.408282278154327465e-06,2.410210990225051226e-06,2.490525968209158573e-06,2.567117355178231735e-06,2.648691027982623760e-06,2.649586363745947386e-06,2.744177777231737291e-06,2.836549810795999978e-06,2.836742821175316012e-06,2.942284322867481449e-06,3.047222826207996801e-06,3.159524906430070305e-06,3.159342820322539854e-06,3.284342101190727876e-06,3.412539670432063517e-06,3.412376895023778200e-06,3.552182440167800501e-06,3.698936060203019618e-06,3.699372685923855041e-06,3.858206224107185551e-06,4.024199555661901743e-06,4.205406942304516378e-06,4.209132099141188258e-06,4.394762226372616386e-06,4.603427709959471783e-06,4.610795766619519118e-06,4.818142887381931299e-06,5.058819382638409540e-06,5.318295706153140868e-06,5.336230417128258950e-06,5.581001818949561247e-06,5.880701240416357062e-06,5.909212829865805689e-06,6.180785092983279782e-06,6.526966154316833711e-06,6.570598267370708199e-06,6.954539822407983483e-06,7.269969517933205974e-06,7.700112635427849435e-06,7.779463488164937982e-06,8.123798186032642985e-06,8.618401166486697225e-06,8.731483958125602071e-06,9.103300081647717966e-06,9.669588719925965384e-06,1.027514456318810661e-05,1.046162125810121595e-05,1.086739766633232758e-05,1.155294041763810585e-05,1.180589529066294005e-05,1.222250054502304358e-05,1.298995382667199035e-05,1.379741887855937326e-05,1.418360589859826957e-05,1.458492740821694484e-05,1.546496423645135466e-05,1.596424213250084923e-05,1.632239275860209048e-05,1.725665776489576867e-05,1.788884620489101179e-05,1.890634935663312540e-05,1.912267173949379646e-05,2.006760249255775942e-05,2.092549537584376983e-05,2.098653274574525964e-05,2.187185594264581288e-05,2.289692755887009375e-05,2.275409458405307616e-05,2.351152074657356051e-05,2.415844044454054803e-05,2.542761466335293640e-05,2.490249923122972664e-05,2.531860937555807100e-05,2.676977317230482301e-05,2.603430193556880364e-05,2.619852902430166254e-05,2.784752230094288551e-05,2.785940264700983532e-05,2.696609698971454431e-05,2.675887133993600533e-05,2.861858928604530037e-05,2.790719532921309964e-05,2.764777036118322865e-05,2.964135276287274890e-05,2.931991176715600597e-05,2.916925267693150695e-05,2.908619304580654599e-05,3.101265384089058974e-05,3.141437378527758579e-05,3.163024925279499922e-05,3.331857523215465608e-05,3.404258474191265639e-05,3.443475951634101070e-05,3.494347024268233199e-05,3.592697558720500287e-05,3.646950663236733775e-05,3.672703514511345239e-05,3.693551724719219202e-05,3.693551724719219202e-05,3.677863500227464559e-05,3.663899863295325121e-05,3.618928258256431094e-05,3.527194836160565798e-05,3.498175699894583710e-05,3.487552312217680276e-05,3.440894077878153747e-05,3.281386580051928351e-05,3.300194702205755295e-05,3.297368494045020048e-05,3.111346731848256119e-05,3.165130291587990564e-05,3.225075418180732166e-05,3.302962976300319179e-05,3.100220433659590111e-05,3.164417197970337731e-05,3.279397369764005659e-05,3.082565612110954156e-05,3.130259466055128255e-05,3.257030029801615770e-05,3.272256443131203523e-05,3.088422838676196724e-05,3.080236349069135715e-05,3.177822383203337240e-05,3.011313012155180304e-05,2.967366502821417392e-05,3.034975221374864638e-05,2.886276842820862957e-05,2.811285206273624249e-05,2.722278670004118538e-05,2.740617036416278780e-05,2.618369964189802898e-05,2.512460993378772318e-05,2.505064456151193453e-05,2.401812651969676741e-05,2.287887112006360273e-05,2.261153016740318441e-05,2.138172198087866062e-05,2.061274867895299909e-05,1.948045067649806331e-05,1.903829392984213181e-05,1.842625797528257760e-05,1.735711489058709190e-05,1.686181495307547868e-05,1.638450445133180541e-05,1.540189868084641478e-05,1.446734583969824770e-05,1.395373708072959665e-05,1.363664174379548033e-05,1.280104094429474650e-05,1.230134725085570100e-05,1.206509176060858097e-05,1.132668571826701229e-05,1.063587398249645189e-05,1.017882595794407824e-05,1.003263124971356390e-05,9.429424053111119491e-06,9.007005127210364844e-06,8.902959962272913549e-06,8.378765029089357130e-06,7.992713233401103746e-06,7.525048100364164396e-06,7.466073262463101042e-06,7.044773036400571091e-06,6.713471906995507362e-06,6.674184516967418070e-06,6.310137367155718187e-06,6.012435244162458984e-06,5.987236154056199473e-06,5.672778605587306732e-06,5.381280636557290187e-06,5.130149231066550306e-06,5.119234612610315855e-06,4.867252980080120080e-06,4.643236467037237376e-06,4.637705256501277577e-06,4.419615988244861109e-06,4.220059307094618164e-06,4.029359052372906281e-06,4.028883479363662984e-06,3.853163000381981628e-06,3.685999219047953683e-06,3.686913986795423155e-06,3.534077607481834216e-06,3.385260149744660312e-06,3.386747959632564758e-06,3.253488481097807630e-06,3.129208212033261898e-06,3.004341903876011469e-06,3.005950861544283090e-06,2.897123655732040722e-06,2.785743013804524102e-06,2.786835167275699831e-06,2.691258476058418277e-06,2.601741090645167829e-06,2.507834462178246030e-06,2.508009017301927386e-06,2.429004520360839679e-06,2.344938355859686026e-06,2.344312005695556748e-06,2.274361142963572033e-06,2.198980476437490764e-06,2.197561301464160979e-06,2.135423542516421989e-06,2.076834279694377817e-06,2.012653796360051596e-06,2.010156895135393831e-06,1.957836829505363360e-06,1.900004489843894371e-06,1.896824088937424618e-06,1.849946722746039871e-06,1.805524623256302613e-06,1.755870062502253082e-06,1.751799229014916845e-06,1.711787953662328615e-06,1.666802827368411959e-06,1.662223472582314994e-06,1.626067279195583909e-06,1.585225648590056442e-06,1.552664223269603494e-06,1.547434982551699293e-06,1.516160744226598139e-06,1.480656007407635499e-06,1.475090421127914840e-06,1.446596496333099139e-06,1.414178972301796256e-06,1.408340820494750019e-06,1.382301214710449142e-06,1.357340453293959190e-06,1.328901343189914947e-06,1.322718287633079209e-06,1.299800887763580476e-06,1.273687854584331148e-06,1.267362792271974078e-06,1.246262543257361224e-06,1.225949518296423880e-06,1.202835823545630651e-06,1.196331441669172869e-06,1.177549221459019528e-06,1.156209479200721203e-06,1.149661879497393284e-06,1.132251058087675603e-06,1.112508881991637848e-06,1.105949678092446523e-06,1.089770866633843346e-06,1.074113245861543356e-06,1.056432210192112274e-06,1.049857476438240667e-06,1.035254550862937417e-06,1.018813438794354836e-06
1.073673156678482726e-06,1.081602793154027030e-06,1.095742944477175245e-06,1.112380416842812856e-06,1.120450391844827955e-06,1.135510815336688953e-06,1.151006899744157416e-06,1.169406652651625377e-06,1.177598764375270879e-06,1.194155115245032082e-06,1.213922542466686954e-06,1.222209052174645210e-06,1.239935395204841097e-06,1.261212459650190407e-06,1.269568320220475211e-06,1.288589419706309735e-06,1.308252835194413271e-06,1.332043589995208184e-06,1.340389415654831585e-06,1.361569937702276411e-06,1.387310959674915943e-06,1.395642971103067339e-06,1.418515626503930805e-06,1.442255655402502976e-06,1.471287386237022035e-06,1.479464575952456905e-06,1.505213358247107643e-06,1.536798200642424389e-06,1.544843776703052799e-06,1.572851577468195353e-06,1.602053793939778684e-06,1.615141413704005915e-06,1.645697807718438481e-06,1.677617996394428191e-06,1.716950687372702526e-06,1.724358399227324088e-06,1.759361025858490562e-06,1.802491219261905675e-06,1.809532584877630564e-06,1.848042265394939945e-06,1.888480654752604996e-06,1.938206231557475769e-06,1.944541954795510171e-06,1.989279210803531376e-06,2.044117574087134336e-06,2.049883566928123171e-06,2.099552644390492710e-06,2.151999352062435730e-06,2.215805982728624858e-06,2.220605285650470031e-06,2.279175269471385795e-06,2.349925432879535374e-06,2.353965138691268876e-06,2.419615326656821954e-06,2.498212376552299433e-06,2.501427031743593498e-06,2.575287189526766132e-06,2.653898382151471906e-06,2.746402163111437335e-06,2.748510502676640630e-06,2.837477585351327080e-06,2.940696883861346835e-06,2.942025619986732216e-06,3.043080007626340347e-06,3.151223777917260197e-06,3.273496604307314611e-06,3.274269123188015955e-06,3.397794174897974079e-06,3.534647232887836457e-06,3.535268985555003405e-06,3.676834271028594573e-06,3.829067484997264935e-06,3.831090088362318433e-06,3.993841462293180593e-06,4.169150834301821544e-06,4.351415139865719691e-06,4.355328531365852048e-06,4.557759424152746291e-06,4.761762322410419859e-06,4.768999991267199152e-06,5.003300142761922131e-06,5.256471225345599291e-06,5.498281749309666897e-06,5.515654599339046676e-06,5.809464976909836238e-06,6.078716501290575035e-06,6.106370037065258953e-06,6.447676728147766994e-06,6.816808865361101129e-06,6.788822269967808315e-06,7.185384810555240700e-06,7.614069103317633036e-06,7.960113173557332918e-06,8.038710932144530987e-06,8.535821712147156372e-06,8.912416922671671478e-06,9.025396414586007814e-06,9.600173109687106958e-06,1.021844181756874434e-05,1.063651630109229216e-05,1.082555045030301989e-05,1.153416656346067282e-05,1.197022640245181333e-05,1.222889264881450047e-05,1.303368063668737221e-05,1.388768636159823396e-05,1.432441993743203702e-05,1.472455001699312026e-05,1.567265398039990228e-05,1.607995368704841685e-05,1.660144061122787815e-05,1.763044661499905133e-05,1.868809409123156919e-05,1.863849905901628380e-05,1.972023350660505754e-05,2.080724817284550348e-05,2.095746517554662771e-05,2.186955137199281208e-05,2.292700896912083504e-05,2.287935626399644206e-05,2.397637699284600388e-05,2.492849676254397490e-05,2.577583988386709124e-05,2.532312011098084484e-05,2.669442521722764863e-05,2.730228404229881355e-05,2.658544206773948417e-05,2.816781641119682529e-05,2.848548761854963632e-05,2.858763113895054607e-05,2.941068184475588977e-05,2.944770720973318275e-05,2.927884122435459296e-05,2.838871015746590717e-05,3.045834192211908231e-05,3.014825911429724881e-05,2.962401903086428302e-05,3.183874988144214080e-05,3.156806474258119630e-05,3.133532125881451059e-05,3.162730992057428492e-05,3.371345060893014763e-05,3.379341070706342400e-05,3.458709573003547710e-05,3.631697224288910471e-05,3.663251628674181064e-05,3.710813060078960721e-05,3.795336433309322950e-05,3.875751905017820620e-05,3.901826849586823693e-05,3.917015812246245641e-05,3.917015812246245641e-05,3.907809386486896946e-05,3.895530314663199896e-05,3.821567132845253757e-05,3.749472121934448356e-05,3.728054208351775842e-05,3.730689292769415839e-05,3.567746127666235849e-05,3.519998204307737082e-05,3.559499405490467307e-05,3.358834102013388888e-05,3.372684258572392535e-05,3.447835856250450079e-05,3.525103868023646855e-05,3.301229603098957256e-05,3.402350876119487807e-05,3.474021213048372742e-05,3.256409455100262230e-05,3.389928093576841811e-05,3.433241138512330284e-05,3.448388678761745389e-05,3.366082926428600315e-05,3.367381187820989169e-05,3.340313050440988951e-05,3.159382986932176033e-05,3.252343174669753665e-05,3.184856174665721056e-05,3.024495220610249751e-05,3.081810951732589452e-05,2.982312742996845199e-05,2.869516738739117135e-05,2.738743972096390213e-05,2.744766963040429472e-05,2.617850182286965486e-05,2.508041022939452527e-05,2.489337718803298792e-05,2.358062086295435508e-05,2.227241779614947268e-05,2.231962450862077192e-05,2.103773693536919542e-05,1.978931769899349599e-05,1.914892630138179688e-05,1.864502372406202005e-05,1.749223057180505827e-05,1.699651294358915532e-05,1.645690367072866339e-05,1.541697410268777997e-05,1.443630784892986753e-05,1.411095093677545187e-05,1.357324335466671345e-05,1.270911852873698080e-05,1.246867020142111551e-05,1.195409220750785028e-05,1.120001451328032549e-05,1.049872387824866216e-05,1.035192607134527621e-05,9.889617837717039171e-06,9.283428746950862892e-06,9.179834291715735807e-06,8.756133505126703211e-06,8.233961772541980903e-06,7.750944838503448433e-06,7.777719865439700354e-06,7.328813885120504310e-06,6.913858742576776538e-06,6.875637593557735800e-06,6.548196594687499769e-06,6.191816655583840026e-06,6.167471210892445975e-06,5.874420168513695337e-06,5.568192054096183641e-06,5.285022243070791324e-06,5.274580292561769562e-06,5.028532803572167255e-06,4.784731604727025305e-06,4.779359931582607000e-06,4.560406046132274896e-06,4.350094628493608097e-06,4.155127064615571197e-06,4.153192021787905879e-06,3.971351626681031713e-06,3.802536888516285212e-06,3.802976350802003219e-06,3.640229356183112932e-06,3.493653527837255840e-06,3.494472101414056890e-06,3.349731047099231556e-06,3.222083346734547791e-06,3.103074532896122247e-06,3.103795690457614283e-06,2.982430948663280217e-06,2.878264764568171188e-06,2.878367559676328701e-06,2.770143372217529236e-06,2.678660417820250357e-06,2.592947226931591171e-06,2.592026179832503910e-06,2.500754001288404717e-06,2.425060770168366511e-06,2.423304539346416360e-06,2.341579805179318213e-06,2.274497694754557164e-06,2.271934280076646798e-06,2.198626258849413712e-06,2.138963309666721202e-06,2.082648374316007355e-06,2.079000948589858888e-06,2.016508745702374063e-06,1.966137396667438489e-06,1.961825596960263568e-06,1.905475187871918032e-06,1.860261030026442132e-06,1.817355413205174355e-06,1.812184006667027850e-06,1.763721016775668039e-06,1.724994840350074824e-06,1.719351595524368944e-06,1.675405286872460021e-06,1.640333275273776606e-06,1.606879740936068402e-06,1.594358697416837965e-06,1.562491235794009046e-06,1.532035617222858850e-06,1.525499793620604562e-06,1.490709956502457282e-06,1.462896221571075284e-06,1.456132722890399159e-06,1.424332935586025676e-06,1.398854445269311254e-06,1.374390472548541163e-06,1.367339426790499106e-06,1.339382490635736608e-06,1.316868186944689331e-06,1.309719767018959092e-06,1.284020147160435064e-06,1.263242896312278176e-06,1.243208112959147294e-06,1.235936541005740118e-06,1.213139936663991776e-06,1.194573671314862328e-06,1.187300738393383675e-06,1.166230032623696238e-06,1.148982281202569966e-06,1.141737903797823054e-06,1.122222940550659531e-06,1.106162422130706870e-06,1.090596448158699687e-06,1.083386563504783503e-06,1.065873585380998208e-06,1.051328193890364494e-06,1.044203923473916029e-06
1.092434069083021655e-06,1.106642869401419177e-06,1.117139695961538211e-06,1.131858086120191134e-06,1.146978864420070081e-06,1.155747489122977120e-06,1.173536043424439585e-06,1.189656778970800063e-06,1.206247620891423126e-06,1.217657271410029710e-06,1.234877325456752394e-06,1.252621103616446525e-06,1.264432953900997964e-06,1.282864858491543841e-06,1.301881883272039252e-06,1.311076744021550800e-06,1.333870893501432099e-06,1.354298065577741234e-06,1.375420142386324530e-06,1.388178240744131945e-06,1.410171786808180394e-06,1.432947625939734500e-06,1.442220829231264555e-06,1.469844590864479138e-06,1.494466597278410523e-06,1.520029130130867285e-06,1.533703789955916395e-06,1.560393205428907988e-06,1.588149670908783407e-06,1.597232306180465468e-06,1.631201962622137301e-06,1.661428147538702390e-06,1.670357550273934574e-06,1.707435689024806763e-06,1.740451088346269742e-06,1.774951505927721625e-06,1.789717377576917557e-06,1.825893150870975278e-06,1.863771892550058273e-06,1.871946914018224926e-06,1.918532884862457200e-06,1.960260035699659458e-06,2.004095135726612642e-06,2.019271634358054062e-06,2.065397097132794129e-06,2.113958058573727293e-06,2.120849528632436909e-06,2.180324909206627492e-06,2.234315381641407373e-06,2.291355078945835619e-06,2.306376354846334191e-06,2.366624584957199909e-06,2.430420624631916981e-06,2.445111968909213107e-06,2.512594956998644440e-06,2.584216327750993181e-06,2.588338357894432458e-06,2.674236553656130448e-06,2.754947871094615899e-06,2.840913360064064866e-06,2.853919176804721961e-06,2.945218805453396101e-06,3.042682663868773746e-06,3.044504379044649788e-06,3.158108850783760021e-06,3.269019840360218054e-06,3.387817795485069358e-06,3.397267698833962376e-06,3.523939723239785752e-06,3.659903563125633413e-06,3.660310607690229748e-06,3.812207576744013051e-06,3.968346360040618843e-06,3.968761250778773797e-06,4.139482717840283593e-06,4.319362952137765635e-06,4.513334632617575854e-06,4.512485893641553727e-06,4.720325599840234389e-06,4.944785995755382063e-06,4.950406499348928481e-06,5.179961656745534037e-06,5.440311598434980392e-06,5.721950821722058982e-06,5.708570801722443854e-06,6.011112398734088947e-06,6.338625737960535623e-06,6.364106770140712897e-06,6.670265564078743916e-06,7.051438505781967443e-06,7.092077486886728407e-06,7.432887028971573446e-06,7.876494003945901437e-06,8.356419094128845744e-06,8.316188650683378780e-06,8.831867993869915891e-06,9.388959290202641348e-06,9.504234701510992086e-06,9.937242935857286191e-06,1.058159228126370242e-05,1.127461355818086087e-05,1.121300567702830635e-05,1.195397505596983246e-05,1.274722398682953672e-05,1.302370751517425053e-05,1.352305619075946230e-05,1.442123174477215190e-05,1.537191215954518842e-05,1.529887074980981925e-05,1.629996213699217933e-05,1.734759101018717897e-05,1.792551715977641394e-05,1.836895387102305610e-05,1.949227524489029781e-05,2.023837296591996009e-05,2.058660448797053230e-05,2.174500654004370666e-05,2.289193311556277896e-05,2.287676366918591135e-05,2.400660502085979418e-05,2.507991377335667550e-05,2.633444102701647022e-05,2.615090197222643960e-05,2.705710313456122988e-05,2.781555486009071158e-05,2.805846328532391352e-05,2.871114029942515382e-05,2.916251186780973454e-05,3.096882508551316232e-05,3.003888678101842115e-05,3.016212665179921352e-05,3.221941923317214165e-05,3.120896121014329617e-05,3.107017231132045744e-05,3.074287061498352590e-05,3.253916308637149618e-05,3.228694046821007924e-05,3.195273268105528006e-05,3.434577441609235309e-05,3.417345837908769053e-05,3.404980029237291079e-05,3.407678390479688653e-05,3.678504796093303694e-05,3.696755888421136463e-05,3.736186410493869538e-05,3.906678450886822253e-05,3.993719926769744971e-05,4.037863615217446826e-05,4.089440670044192452e-05,4.162281418812139851e-05,4.168552068136943770e-05,4.168552068136943770e-05,4.175706346126641376e-05,4.102865597358693978e-05,4.068691082452767391e-05,4.048995437933751982e-05,3.983937290931029949e-05,3.824532958456962133e-05,3.826757792979023097e-05,3.857326247850020949e-05,3.586499842236406585e-05,3.637404439604880932e-05,3.705286745520521826e-05,3.776849817223688958e-05,3.537723748178384829e-05,3.622024822892258079e-05,3.692401368614310104e-05,3.512772120544328423e-05,3.583464373362038054e-05,3.627281217247493129e-05,3.771595675852161843e-05,3.544247121946013010e-05,3.545482947054691831e-05,3.670046655051271197e-05,3.463851191317611760e-05,3.417945145722776787e-05,3.346030525168349645e-05,3.321707180321801812e-05,3.234270457289253854e-05,3.128062276287083899e-05,3.151692502856604194e-05,3.002151689654787862e-05,2.873776747398853532e-05,2.738159228095528934e-05,2.739490570086202458e-05,2.601141357698115279e-05,2.461167357115414997e-05,2.418159538027197088e-05,2.327274207516884100e-05,2.191021697879735474e-05,2.136214731777095457e-05,2.065208651016963825e-05,1.937823113398880973e-05,1.815992928528646465e-05,1.822979149540677031e-05,1.707194232370174507e-05,1.597727580424660455e-05,1.536126654085399128e-05,1.501297822709533863e-05,1.404543029335853624e-05,1.314116881639192979e-05,1.320010921619730152e-05,1.235468211730612267e-05,1.156834829413046331e-05,1.103622574526636307e-05,1.088592807693116283e-05,1.020650778619613779e-05,9.577517159054699144e-06,9.616005980644608180e-06,9.031399766651570610e-06,8.491082509842886594e-06,8.074767109451228193e-06,8.019149428602840291e-06,7.555786651473333556e-06,7.183036015766863371e-06,7.147531600258790621e-06,6.750381879465034435e-06,6.383747637847575342e-06,6.396548423297533535e-06,6.056033949249557430e-06,5.741537623862513110e-06,5.464433411246765163e-06,5.456335109518523024e-06,5.186182215631516389e-06,4.936346676930729100e-06,4.937158673141388689e-06,4.704652839629801772e-06,4.489362835915980292e-06,4.285351793981958964e-06,4.285870041719258847e-06,4.099878441688155353e-06,3.919211401223841010e-06,3.920451550630453182e-06,3.759317033318066384e-06,3.609514402859272428e-06,3.600473595346861809e-06,3.460446932400893847e-06,3.330025403109433502e-06,3.196507072325603323e-06,3.197175689436453497e-06,3.083248111644653596e-06,2.976814005487624488e-06,2.964371223656658749e-06,2.864506893360134028e-06,2.771017102987742288e-06,2.671371486055482420e-06,2.669860410845981155e-06,2.587445362769123289e-06,2.510037444831815988e-06,2.495982103649393789e-06,2.423065660303380187e-06,2.354430793900105131e-06,2.340059804166845726e-06,2.275311532975151295e-06,2.214232899349669524e-06,2.146584588449644385e-06,2.142006892227632484e-06,2.087454852907248565e-06,2.035821960686352164e-06,2.021302467970554680e-06,1.972404134162776777e-06,1.926023851568960161e-06,1.873803778413534300e-06,1.867636769108265626e-06,1.825828452974825266e-06,1.786044188970963948e-06,1.771917546781656025e-06,1.734100986217528675e-06,1.698042505387750519e-06,1.657087202197034619e-06,1.649866351343238808e-06,1.617077083551813727e-06,1.579770778596363268e-06,1.572284228044172482e-06,1.542372529298406348e-06,1.513710981295903686e-06,1.500628311271509819e-06,1.473257373736349880e-06,1.446983282914205834e-06,1.417077504119259995e-06,1.409148390449457041e-06,1.384992894277587658e-06,1.361743251805745706e-06,1.349537464379267590e-06,1.327267759606752805e-06,1.305798694511567647e-06,1.281457949453088895e-06,1.273394541479408953e-06,1.253518161361240775e-06,1.234310724926550414e-06,1.223010221540918944e-06,1.204562684038909970e-06,1.186710732204262603e-06,1.175795016951503827e-06,1.158633063276995007e-06,1.142002859550210292e-06,1.123340452941212103e-06,1.115464422332634349e-06,1.099938516080752950e-06,1.084863994924782549e-06,1.074821586561703991e-06,1.060296551021225078e-06
1.111627997996620338e-06,1.127766129854464265e-06,1.142559555261547901e-06,1.151844796082849354e-06,1.167072176267508979e-06,1.184823750962345301e-06,1.194334413832423689e-06,1.210545889003076861e-06,1.229557454220290488e-06,1.246821873845715078e-06,1.256573370627206011e-06,1.276971033126615405e-06,1.295432105875235557e-06,1.305373737143969712e-06,1.324410747847839212e-06,1.347080633389151006e-06,1.357191889667260384e-06,1.377603063934759032e-06,1.402047158626389175e-06,1.423999321451198163e-06,1.434235946114809303e-06,1.456913697965921649e-06,1.484308163325430470e-06,1.494639279360590529e-06,1.519103243385153295e-06,1.548801769274315071e-06,1.575328929360812522e-06,1.585645421924424257e-06,1.613114783626212738e-06,1.646699780983313657e-06,1.656995384671035342e-06,1.686838650190700689e-06,1.723459507103378956e-06,1.733672686230458648e-06,1.766191268479893301e-06,1.806213385853092114e-06,1.841924131179043782e-06,1.851816527079112794e-06,1.888965904794829272e-06,1.934836283967973260e-06,1.944456510113654221e-06,1.985279539305572928e-06,2.035718352061084123e-06,2.080989618088524994e-06,2.089985916302139244e-06,2.137296705326609200e-06,2.195691809737874369e-06,2.204172111621834579e-06,2.256651779042933157e-06,2.321260858302392255e-06,2.380036990084163109e-06,2.387542758469199398e-06,2.459190172589523525e-06,2.524881971204497144e-06,2.531601212649156085e-06,2.600834931984892559e-06,2.684930908114181107e-06,2.690749621954251468e-06,2.768644857647038342e-06,2.862442711761046333e-06,2.950805418608309145e-06,2.955259638882454824e-06,3.049123051379432676e-06,3.160222364096130680e-06,3.163652027751811651e-06,3.270392129248639525e-06,3.394927822432945446e-06,3.516918332774710052e-06,3.519241037168052404e-06,3.650050311363594677e-06,3.798653705568052307e-06,3.800340247635503248e-06,3.950652036542041162e-06,4.117811580620685269e-06,4.119278777570539458e-06,4.292657904414607566e-06,4.480805444255061311e-06,4.680124414778701244e-06,4.683461762775074240e-06,4.900507055855694491e-06,5.126068646221975056e-06,5.131916521137676786e-06,5.384452076532799053e-06,5.638190705923648905e-06,5.928292852100843048e-06,5.943242083316623872e-06,6.263022012171540922e-06,6.566021306550199040e-06,6.590683794106221039e-06,6.964916240316285967e-06,7.303647128563020796e-06,7.343073844261682818e-06,7.781502595198917370e-06,8.158262811814203833e-06,8.655892742578976382e-06,8.733150129773761551e-06,9.290819937509570633e-06,9.728355889942152495e-06,9.842925536503245687e-06,1.049451789277342849e-05,1.096967044282576259e-05,1.169362328210241445e-05,1.189437102776445743e-05,1.271202006774541320e-05,1.323327808974862173e-05,1.351535210590058367e-05,1.445538422963266668e-05,1.498927918607663985e-05,1.599181400633316360e-05,1.644504197695003205e-05,1.757370991751707831e-05,1.807671108894643445e-05,1.868083586612206954e-05,1.992034016415882640e-05,2.034918249965036213e-05,2.113599653804898698e-05,2.245215787167034114e-05,2.274585317985883029e-05,2.397074489808910270e-05,2.507698939328969009e-05,2.637211207925155076e-05,2.630996799302674329e-05,2.765836318127418321e-05,2.881670919507657957e-05,2.843396994838465189e-05,2.924482370795639300e-05,3.095167055736425580e-05,3.164496161223514262e-05,3.072191566602182594e-05,3.270469304681030646e-05,3.300853927122178694e-05,3.189382478602164700e-05,3.417779496250852227e-05,3.411857372768974724e-05,3.308381469372615179e-05,3.280475264481439877e-05,3.536366967855047425e-05,3.491636877268003848e-05,3.449891247077471398e-05,3.715645373485520429e-05,3.684616926439308258e-05,3.717684267969622962e-05,3.735065009972375497e-05,3.965620902133268013e-05,3.991069586155941007e-05,4.100427851547155239e-05,4.264743440490476164e-05,4.303961956105524316e-05,4.379328822241507696e-05,4.414606736960102789e-05,4.443599351144794673e-05,4.443599351144794673e-05,4.421573446403089013e-05,4.402529831064536385e-05,4.340407149182306113e-05,4.330667202285241359e-05,4.177686691591362935e-05,4.096952414252097121e-05,4.121549655024264605e-05,3.903140198976058379e-05,3.941740081278926841e-05,3.961294473135718996e-05,4.056096687842713968e-05,3.792163622691920982e-05,3.893316407844646908e-05,3.993683848265316050e-05,3.728738483269437458e-05,3.799226333048810972e-05,3.955443073991178447e-05,3.989949809223941558e-05,3.739035911329160013e-05,3.891744806157460516e-05,3.870772276637926513e-05,3.645350153919656481e-05,3.765791661339102590e-05,3.690154782568626099e-05,3.491108183131940855e-05,3.397998288611950692e-05,3.446796257926151809e-05,3.309755334551702909e-05,3.149101855110543588e-05,3.156956267064567415e-05,3.001492113506035246e-05,2.868246454000443924e-05,2.720419871382104198e-05,2.683992114916523055e-05,2.524710078312083946e-05,2.428735949495543410e-05,2.375556683479696377e-05,2.225048937335910568e-05,2.150672207362390264e-05,2.088378023899439164e-05,1.951023281593382345e-05,1.894674923337855637e-05,1.772462563629467505e-05,1.706487653313636148e-05,1.591848240594585348e-05,1.556176192856242033e-05,1.491883219675264606e-05,1.392115694963073399e-05,1.366413853168062684e-05,1.278045015787540877e-05,1.219601637091208897e-05,1.140085091005910976e-05,1.125064445202041710e-05,1.071398225194691627e-05,1.003412213371130600e-05,9.931308201573473170e-06,9.325179048229660604e-06,8.864844038625841410e-06,8.331353282621300482e-06,8.277177687702686867e-06,7.864783802731084269e-06,7.410528395002310083e-06,7.376209468416839983e-06,7.008723358497922965e-06,6.621731051413144281e-06,6.600919988260471803e-06,6.250662855101000813e-06,5.944540894833045798e-06,5.640354090420795313e-06,5.632490966806860203e-06,5.361550608107185269e-06,5.101229492796335705e-06,5.097594451263232006e-06,4.859264346078238156e-06,4.634660651261581089e-06,4.428073889348331762e-06,4.427949584881062358e-06,4.229365616493103941e-06,4.051228769764592847e-06,4.051565487017812411e-06,3.875903548473233262e-06,3.721769756987554094e-06,3.721905539808435109e-06,3.578675396554848762e-06,3.432534527737950935e-06,3.307865052037083934e-06,3.307215509221639834e-06,3.177538214865029423e-06,3.068625915012612136e-06,3.067028373547217095e-06,2.964869897530434209e-06,2.856257423395214036e-06,2.766773744302933678e-06,2.763782447461982436e-06,2.666951587922536487e-06,2.587979977946170252e-06,2.584012354605609371e-06,2.509339120263558834e-06,2.427539975999886719e-06,2.422680063705512697e-06,2.356336960240563312e-06,2.283001080015692657e-06,2.224211348586593506e-06,2.218186871804566650e-06,2.152289613035541963e-06,2.099674893514265753e-06,2.092997973018874720e-06,2.042798385048675297e-06,1.986381957690376568e-06,1.941476672526280247e-06,1.933970604178913813e-06,1.882963123798078222e-06,1.842388110315065759e-06,1.834474922409675799e-06,1.795567004321505505e-06,1.751457210260935360e-06,1.716314505103816148e-06,1.707890321816627140e-06,1.667760362048491090e-06,1.635724195489397911e-06,1.627096756577928187e-06,1.590501344725226711e-06,1.561204033343921736e-06,1.552441752062943865e-06,1.524199974515197694e-06,1.492116905683482630e-06,1.466273902768639446e-06,1.457342835118702416e-06,1.427908720759121087e-06,1.404093210563878481e-06,1.395160452693778964e-06,1.372138388907548243e-06,1.346089267130313736e-06,1.324838747579465249e-06,1.315903194177075113e-06,1.291867489328933794e-06,1.272151017684613482e-06,1.263305367529012022e-06,1.244204526493162266e-06,1.222743784085510482e-06,1.214014542564749650e-06,1.196238014622831286e-06,1.176329594826909200e-06,1.159743378918151004e-06,1.151157974112050497e-06,1.132653317005438729e-06,1.117140945330808344e-06,1.108720483501136187e-06,1.093659319994739961e-06,1.076951226679626539e-06
1.132806180940784199e-06,1.147374536531813633e-06,1.162306063382680958e-06,1.177617806290076559e-06,1.189539459350050652e-06,1.205410062957285514e-06,1.221700461553156315e-06,1.234108928439472199e-06,1.251005894863708655e-06,1.268367633111795231e-06,1.288696820441289287e-06,1.299300670244068192e-06,1.317838244904676222e-06,1.336919380356714649e-06,1.350524876554270890e-06,1.370356451841229859e-06,1.390794390783508935e-06,1.404935738788492096e-06,1.426195337615316627e-06,1.448133407295783172e-06,1.470789556048460430e-06,1.485661259104874105e-06,1.509262859495868491e-06,1.533671961930783397e-06,1.549098965901979629e-06,1.574550966646827113e-06,1.600913920740982184e-06,1.628245806782472379e-06,1.644414442766813804e-06,1.672962215826930904e-06,1.702608763955814778e-06,1.719326462729906986e-06,1.750325445516313245e-06,1.782574552136391682e-06,1.799826154838028049e-06,1.833584586034399170e-06,1.868770063939320087e-06,1.905484210204677371e-06,1.923405638566953452e-06,1.961915784186711354e-06,2.002180293920337352e-06,2.020554814753772466e-06,2.062842745057810759e-06,2.107150792229203019e-06,2.153633788248624259e-06,2.172512969809532985e-06,2.221443000669744447e-06,2.272890733235289690e-06,2.292044186015667800e-06,2.346276744038338628e-06,2.403433332671739835e-06,2.473726891539112285e-06,2.483077915730153019e-06,2.546822964968571789e-06,2.614260781804378524e-06,2.633519238433476286e-06,2.704895412077148622e-06,2.780595525805806871e-06,2.799569893289048938e-06,2.879816419206353632e-06,2.965141100021463187e-06,3.055993713428593172e-06,3.074149416396379266e-06,3.170723771000844413e-06,3.273818932520695677e-06,3.290938126109856929e-06,3.400704782042135747e-06,3.518183145336895280e-06,3.644085985571134685e-06,3.659092522280921886e-06,3.793518961172674271e-06,3.937942985117216223e-06,3.950678862719630627e-06,4.105129581057774776e-06,4.271466117848587579e-06,4.281204422630798070e-06,4.459370409694172030e-06,4.651686560457826629e-06,4.859503638606863193e-06,4.863866493177575832e-06,5.087035127371478800e-06,5.328674894275087603e-06,5.327770267743642283e-06,5.587617458877546561e-06,5.869468331959993138e-06,6.175400790142066797e-06,6.165528880542383394e-06,6.495173010312930618e-06,6.853426007840188392e-06,6.835202353391148559e-06,7.221572351134834725e-06,7.641809906088472146e-06,7.613770295046057610e-06,8.067274105292819518e-06,8.560648152415535739e-06,9.097220387452259965e-06,9.053962438676556933e-06,9.633072649308189054e-06,1.026228936244559453e-05,1.020644806805124772e-05,1.088506799772276647e-05,1.162092380797870978e-05,1.241742001173026666e-05,1.234467268732319672e-05,1.320096196698941050e-05,1.412381740738298460e-05,1.404005311357318053e-05,1.502843222570023905e-05,1.608670714726113544e-05,1.721448289181156765e-05,1.712229950643294655e-05,1.831708167269221728e-05,1.957556019444244052e-05,1.948574004091796776e-05,2.080378598291418059e-05,2.216872427531992360e-05,2.209365266191926370e-05,2.349926156272896815e-05,2.491917413980101163e-05,2.632807185585045204e-05,2.630666010298774498e-05,2.769613008656306676e-05,2.901214186245916729e-05,2.908117596151420052e-05,3.032647335755891035e-05,3.141838437555614016e-05,3.230772263645917679e-05,3.264551814714425999e-05,3.339273690979065656e-05,3.386352147715904583e-05,3.460375489894516708e-05,3.494738615141932834e-05,3.498349562904309689e-05,3.635917503378077921e-05,3.634535539440699673e-05,3.606364791549551685e-05,3.556567598929979702e-05,3.803447693322003787e-05,3.766787868743545211e-05,3.726371030729665608e-05,4.039870377806029257e-05,4.020680025254850701e-05,4.017743911607429082e-05,4.042512910012033072e-05,4.350851710685327246e-05,4.385164304697824605e-05,4.444923775808517293e-05,4.648575969547018007e-05,4.676864283611837850e-05,4.712505628173423758e-05,4.743934765091827754e-05,4.752085193011873460e-05,4.720656056093469464e-05,4.704234036440101894e-05,4.703133113102659447e-05,4.499480919364158733e-05,4.477903089917023897e-05,4.493302984849284335e-05,4.184964184175990161e-05,4.219741970382697289e-05,4.288790036057267584e-05,4.376593631126250294e-05,4.063094284049886644e-05,4.170489901637384995e-05,4.268848277778006922e-05,4.021968183301502482e-05,4.125374810864749895e-05,4.197229862447192920e-05,4.231478320521346766e-05,4.093910099726528145e-05,4.112262791919417648e-05,4.089498908187229093e-05,4.015469652091993574e-05,3.970587648706642471e-05,3.889883669536678472e-05,3.856068257851993431e-05,3.754286334041335435e-05,3.626729634849355246e-05,3.479579702464306320e-05,3.472537994319492452e-05,3.315164639697828293e-05,3.148355780618704015e-05,3.150255975014050968e-05,2.980210082103173662e-05,2.808520221872875099e-05,2.638290018275801178e-05,2.645443622118598507e-05,2.479740090100476259e-05,2.319550205740190891e-05,2.328136246198040895e-05,2.174972706955396817e-05,2.029432433809921023e-05,2.038250134906436752e-05,1.900781744544778737e-05,1.771694236902263399e-05,1.651049654983723766e-05,1.659063290304970352e-05,1.546431457037182589e-05,1.441872919534532415e-05,1.448832693767238538e-05,1.351640756464269705e-05,1.261824099255044795e-05,1.178975793762172426e-05,1.184318178585375824e-05,1.107602551557511995e-05,1.036998364501185136e-05,1.041136891114276269e-05,9.758315237451836518e-06,9.158012182484739764e-06,8.606434463342793026e-06,8.633260211252349512e-06,8.123284221754513282e-06,7.654720857236712160e-06,7.672155591313809984e-06,7.238783084271571564e-06,6.840397480105492810e-06,6.849842024792057989e-06,6.481129396664580350e-06,6.141859950558947087e-06,5.829505679555498397e-06,5.830371143892988024e-06,5.540801854921602035e-06,5.273811192625122342e-06,5.269637210424225864e-06,5.021819314123072515e-06,4.792930673377049177e-06,4.581325097789068323e-06,4.572008374031943843e-06,4.375141860640245587e-06,4.192772438537860077e-06,4.180587909907887520e-06,4.010666705228229870e-06,3.852919225134923621e-06,3.838562336517960369e-06,3.691353398302009671e-06,3.554382976814485161e-06,3.426782079761524821e-06,3.410403993309936950e-06,3.291006904397985179e-06,3.179514018513863586e-06,3.162144294218904366e-06,3.057649457280972160e-06,2.959838106276671425e-06,2.868162205269454660e-06,2.850009257270695470e-06,2.763852743657631841e-06,2.682904891062781053e-06,2.664480152423501296e-06,2.588282785590426835e-06,2.516519486720844228e-06,2.509993111121150488e-06,2.430371781034105437e-06,2.366497491437063097e-06,2.306117615761930154e-06,2.287793335248971360e-06,2.230718069812805923e-06,2.176640104659117676e-06,2.158578221888217862e-06,2.107382635485676136e-06,2.058765845257963640e-06,2.012540123788737774e-06,1.994961054473986856e-06,1.951093313399978735e-06,1.909292946403542707e-06,1.892147354730397883e-06,1.852423778132695024e-06,1.814493353065271384e-06,1.778233288876571764e-06,1.761728525436386328e-06,1.727194079830757814e-06,1.694115740825346717e-06,1.678121768073789330e-06,1.646577643732024234e-06,1.616306888611418543e-06,1.600838209168277913e-06,1.571936166565441974e-06,1.544151216029754822e-06,1.517413760539630305e-06,1.502654607112613250e-06,1.477077874916584099e-06,1.452424684366560525e-06,1.438196792318274811e-06,1.414588087374970751e-06,1.391796168440195219e-06,1.369773763317117920e-06,1.356244608514274849e-06,1.335120054777921032e-06,1.314679390102463962e-06,1.301662889542448920e-06,1.282036577969354651e-06,1.263019883189367810e-06,1.253476577393683969e-06,1.232227628110493636e-06,1.214496624067028482e-06,1.197282352313002490e-06,1.185411060459371384e-06,1.168844193512962563e-06,1.152741428665174897e-06,1.141335875976892197e-06,1.125825983508881516e-06,1.110734090894965914e-06,1.096040218644247922e-06
1.156921239465591095e-06,1.167301734500949017e-06,1.182404279931988933e-06,1.199673826085644617e-06,1.215632842027472640e-06,1.226421762505637991e-06,1.244866529416158045e-06,1.261847736129171339e-06,1.272963798172424460e-06,1.292696818876410617e-06,1.310796323827798855e-06,1.329398735576824669e-06,1.340899983095510788e-06,1.362709659662006738e-06,1.382594544969341766e-06,1.394403346367233894e-06,1.417845113600206131e-06,1.439142767958009232e-06,1.451245731860355876e-06,1.473237026330818869e-06,1.499348503457526817e-06,1.522943082017309608e-06,1.535344060307457812e-06,1.563554321413921866e-06,1.588968968540043255e-06,1.601604178386057457e-06,1.627891858579244769e-06,1.659587394849126147e-06,1.688019615784491505e-06,1.700828267086376639e-06,1.735264974400350684e-06,1.766093128105023799e-06,1.779031886083926435e-06,1.816531986991601651e-06,1.850051352760356708e-06,1.863061959288974363e-06,1.897849614792831779e-06,1.940545810023679908e-06,1.978657487202497467e-06,1.991538659147173732e-06,2.038324028288374859e-06,2.080096018581348734e-06,2.092854471666077509e-06,2.136357240034779908e-06,2.190183683832408084e-06,2.238335950229333737e-06,2.250631878490715317e-06,2.310002333631132512e-06,2.363259952984922591e-06,2.375158931027794468e-06,2.440810182349346327e-06,2.499934221363212735e-06,2.562279814221592983e-06,2.573285102692491312e-06,2.649966207369452859e-06,2.719618103151546791e-06,2.729880277019641248e-06,2.815243827000503575e-06,2.893374002296085911e-06,2.902729990258069250e-06,2.985195115262664901e-06,3.085996700990326430e-06,3.179640944112574377e-06,3.187449374233111014e-06,3.300389017137202036e-06,3.406594472312946469e-06,3.413183900482435484e-06,3.526233743585423767e-06,3.660970741860760631e-06,3.790561275844759930e-06,3.795509312178097382e-06,3.947326719044994740e-06,4.095950541971060902e-06,4.099766456057456348e-06,4.271117808284425063e-06,4.442284033072070444e-06,4.445225350816429721e-06,4.630154203764697261e-06,4.836817183425635937e-06,5.050729469975862261e-06,5.054288977076942963e-06,5.288265582682437214e-06,5.537129220064938212e-06,5.542160620859832399e-06,5.814518415252816012e-06,6.097612685782910042e-06,6.413155416636471478e-06,6.425739865329421522e-06,6.746041811584230414e-06,7.116036785355879262e-06,7.137300295570841924e-06,7.498954109669586303e-06,7.933681379043518284e-06,7.968994540522394390e-06,8.454266758769588306e-06,8.887369000093657298e-06,9.444391340393629847e-06,9.518575040502763075e-06,1.000179686795334179e-05,1.065672383248737262e-05,1.077077717115423936e-05,1.151161489683126444e-05,1.207329184219723325e-05,1.290661356419922711e-05,1.311763104545520255e-05,1.372492910981515413e-05,1.469405367925681346e-05,1.499983939343919591e-05,1.610456446545042511e-05,1.675728757078541730e-05,1.794944691660519824e-05,1.846308729626740234e-05,1.911123719187336466e-05,2.044755952387376227e-05,2.115036096267489344e-05,2.174777633206096739e-05,2.320366690383743964e-05,2.414113318062998463e-05,2.576192077564886225e-05,2.614032385508668289e-05,2.765113884598307791e-05,2.900838907019228358e-05,2.911841057142721301e-05,3.053242163745931349e-05,3.221173529439190920e-05,3.363587546606225338e-05,3.312892106477139450e-05,3.408226088714628755e-05,3.623576750764671936e-05,3.529373949270388379e-05,3.580464831411167613e-05,3.832111488072903569e-05,3.708842690417288860e-05,3.716018577948503369e-05,4.005912892376403629e-05,3.982724783722699490e-05,3.864292917930818941e-05,3.821586635111512100e-05,4.137464993976316252e-05,4.085777159305717995e-05,4.059134422210113166e-05,4.372719188656121604e-05,4.343155311085728431e-05,4.421606825866604477e-05,4.463542010881836098e-05,4.703816202847977768e-05,4.819697608470069317e-05,4.877881204528609552e-05,5.004529985660774401e-05,5.056207146678180081e-05,5.064139094686702055e-05,5.064139094686702055e-05,5.074710837280091386e-05,5.037014451893474305e-05,4.921245530468137009e-05,4.898876703861275992e-05,4.815955107140320858e-05,4.591323507521996317e-05,4.609815852926293684e-05,4.587384217126193992e-05,4.695138918627660824e-05,4.389942771436394097e-05,4.489658546907233688e-05,4.614902037336698285e-05,4.293808817335520152e-05,4.396662850727739685e-05,4.583953178532664983e-05,4.650661339998613734e-05,4.335797278185616482e-05,4.354375048196104019e-05,4.524330507853707240e-05,4.240187710956763023e-05,4.192759847893599222e-05,4.316371568022862171e-05,4.066058510260482845e-05,3.957503540692380509e-05,4.022317838814452466e-05,3.854104347678112417e-05,3.654144159774840072e-05,3.485087727893205502e-05,3.471691574834417698e-05,3.308125929638707977e-05,3.125676446263528439e-05,3.078671581478940032e-05,2.882373294645145811e-05,2.767805239047219762e-05,2.590894507271565247e-05,2.516826304953288047e-05,2.430043404108946152e-05,2.267241210950091893e-05,2.186966756029813365e-05,2.122844482866146528e-05,1.977388202885275564e-05,1.896691228137860807e-05,1.761863044811578738e-05,1.722946695667463882e-05,1.604576299690684595e-05,1.529711508001928790e-05,1.502490196392512213e-05,1.400753557678686695e-05,1.331718129518560839e-05,1.241317755404910134e-05,1.226211665955485175e-05,1.146356756061488481e-05,1.087212613508570544e-05,1.077240215506933797e-05,1.009469828415818786e-05,9.566680399375138158e-06,8.977112738521215193e-06,8.928169994510149011e-06,8.401120573167667529e-06,7.962587281187265991e-06,7.933124322832720886e-06,7.486195227298375135e-06,7.099597570864165081e-06,7.082743270186375640e-06,6.703182234618506182e-06,6.363136591534800903e-06,6.036524828205770133e-06,6.031044623300900963e-06,5.733607090067842820e-06,5.454467334229520010e-06,5.452083931445160826e-06,5.197793215187385791e-06,4.952542407947074955e-06,4.733674656364007814e-06,4.733360297759913643e-06,4.531551310361556579e-06,4.329759722926714856e-06,4.329116233230972011e-06,4.154995121885992663e-06,3.977219762189961662e-06,3.975747583999185716e-06,3.824927459171510811e-06,3.668059234521423965e-06,3.537310515362717849e-06,3.534339045940554972e-06,3.411977081132445337e-06,3.281609194836991957e-06,3.277388506459179712e-06,3.170271160241886297e-06,3.054609587164219880e-06,2.960970666103046856e-06,2.955037153789295441e-06,2.866635832166422671e-06,2.769567944260897050e-06,2.762574219185590212e-06,2.684348847738709423e-06,2.597684356953126924e-06,2.589773653451134193e-06,2.520270628901733915e-06,2.454609227895076957e-06,2.381093692907521629e-06,2.372016060149672981e-06,2.313303295414477080e-06,2.247224197604628906e-06,2.237565857361686983e-06,2.184864000831740928e-06,2.125315169237705054e-06,2.078104420848617322e-06,2.067721392343398389e-06,2.022494856516968441e-06,1.971207830100226970e-06,1.960534612473187221e-06,1.919551762187461460e-06,1.873019959646367225e-06,1.835922000864382981e-06,1.824890362925316441e-06,1.789209569200918376e-06,1.748701925967879326e-06,1.737598923097166226e-06,1.704987463645214144e-06,1.667994978705647003e-06,1.656888855424570273e-06,1.626991653219758410e-06,1.593127567455065051e-06,1.565696560298076095e-06,1.554586926304855329e-06,1.528097938573609193e-06,1.498203843317432135e-06,1.487218812737509659e-06,1.462757315743592283e-06,1.435226022210973451e-06,1.412585655776527394e-06,1.401754633600272913e-06,1.379846166612381183e-06,1.355316749839362060e-06,1.344690635908595123e-06,1.324330120952124073e-06,1.301613201670865008e-06,1.291212595339729744e-06,1.272248423863661763e-06,1.253841234534205719e-06,1.233429139531092888e-06,1.223306948324527128e-06,1.206105813453041286e-06,1.187105295550895908e-06,1.177243707203275598e-06,1.161138480407926222e-06,1.143419117657944413e-06,1.128257257928190478e-06,1.118717864641170889e-06
1.176446022585798191e-06,1.191651606473604029e-06,1.204371637334552166e-06,1.220127879567702223e-06,1.236267020918283805e-06,1.254695734990390960e-06,1.266290231041478233e-06,1.283446069452054498e-06,1.303150085125831572e-06,1.315130194562677383e-06,1.333395832790723398e-06,1.352148770533271859e-06,1.373895822612965106e-06,1.386345737388429157e-06,1.406365816137916316e-06,1.429723639927933420e-06,1.442550624524748343e-06,1.463963104837639853e-06,1.486007892631286753e-06,1.502294330207354908e-06,1.525241041497130131e-06,1.548894111957293163e-06,1.576934885425943341e-06,1.590535921842794210e-06,1.615969579232246844e-06,1.642241229298216033e-06,1.660225366044677080e-06,1.687636421370562757e-06,1.715991645818638325e-06,1.750128260386250204e-06,1.764348761137899662e-06,1.795030230261842171e-06,1.832169274624172584e-06,1.846621175879301172e-06,1.879908645092227606e-06,1.914487872407705859e-06,1.935038787024700634e-06,1.971255913218596898e-06,2.008947080880782176e-06,2.055144472053052202e-06,2.069791918125139565e-06,2.111002719871287319e-06,2.154024568969534466e-06,2.176343659106933148e-06,2.221550330463336833e-06,2.268843642406184812e-06,2.327292932027175277e-06,2.341625767883846411e-06,2.393799870563993089e-06,2.458375490010727956e-06,2.472432002821679637e-06,2.530205549371956358e-06,2.591008690519441920e-06,2.666290186189942448e-06,2.679595422141162120e-06,2.747357344658224650e-06,2.831102955754488363e-06,2.843771771925716351e-06,2.919603796346876268e-06,2.999946604386944908e-06,3.024859795018071864e-06,3.110089333877052047e-06,3.200637626528737675e-06,3.311219961143547988e-06,3.321593523476708450e-06,3.424104951115281001e-06,3.533496272634887781e-06,3.557429315116322779e-06,3.674020132894684131e-06,3.798795281984127014e-06,3.947319554229570369e-06,3.954785678724184110e-06,4.097777166130191863e-06,4.265470261723504712e-06,4.271698850104584818e-06,4.436337456408004457e-06,4.613827498914694143e-06,4.631154028124914822e-06,4.821601594817966364e-06,5.027486797536124425e-06,5.256877536367621036e-06,5.262202226454739397e-06,5.502090231537111262e-06,5.762451757997944262e-06,5.768617473599563259e-06,6.049310865492356288e-06,6.354678164169494999e-06,6.670235392538872784e-06,6.683315037325656477e-06,7.042781360365517455e-06,7.400227834680446828e-06,7.421276589839240337e-06,7.845764705758319474e-06,8.309580858714652544e-06,8.283955797003185974e-06,8.786476728898878918e-06,9.336045801182262511e-06,9.819584275800369687e-06,9.892161658175909644e-06,1.054391194231359900e-05,1.125645145473283682e-05,1.119485951060683562e-05,1.196737341228106722e-05,1.281074281878290166e-05,1.343304219052207544e-05,1.364477966732330256e-05,1.463906582640724885e-05,1.571868964506461462e-05,1.561678275417964726e-05,1.678057818014355848e-05,1.803638327014929580e-05,1.873722917292258266e-05,1.926806765206445093e-05,2.070669764210444002e-05,2.138164017127254355e-05,2.211624700486595560e-05,2.372593509514058551e-05,2.540392126913447321e-05,2.530338836933688481e-05,2.704124630836822664e-05,2.880466727701052639e-05,2.907295556741256308e-05,3.052815075905062546e-05,3.225995168209047089e-05,3.389371845594624097e-05,3.398765110141316683e-05,3.552558212838752305e-05,3.684943223684736708e-05,3.600473774672737230e-05,3.836714491254480068e-05,3.920821596023395006e-05,3.793037926097491796e-05,4.072756252978304071e-05,4.101322296358637736e-05,4.088017063441674734e-05,4.285864622883313601e-05,4.268119134344460863e-05,4.217544024307651993e-05,4.128764164168175545e-05,4.484693460452783342e-05,4.434574675212345148e-05,4.392334154777727652e-05,4.792784443358093856e-05,4.778560328067803502e-05,4.797478060438303138e-05,4.940216995110769706e-05,5.176792574670696791e-05,5.226408572056964638e-05,5.334710469026521473e-05,5.420501754175115330e-05,5.426590523178455408e-05,5.426590523178455408e-05,5.442404223103325850e-05,5.367194935259221377e-05,5.278366735765892731e-05,5.272619831829091023e-05,5.052355899403112796e-05,4.952831648028009712e-05,5.007240508082781293e-05,5.104061907906780749e-05,4.703611619326414546e-05,4.831838923366933724e-05,4.965336366286429481e-05,4.606201207526547739e-05,4.773781090531202217e-05,4.888353543850416889e-05,4.956219562380814514e-05,4.758371892954139568e-05,4.807064399211787107e-05,4.799452675360551857e-05,4.485253003794600538e-05,4.655159698353037448e-05,4.567039577229602040e-05,4.293232166813355761e-05,4.401429170786885444e-05,4.247417367907407957e-05,4.066025058588179089e-05,4.056456488784236723e-05,3.861127649837711858e-05,3.653180889109580108e-05,3.477725642540973748e-05,3.444080276501139556e-05,3.230694046524488437e-05,3.020044846218547350e-05,3.029631320325225623e-05,2.825731977002653245e-05,2.629899940344687231e-05,2.538945274668619756e-05,2.455114893307383991e-05,2.279698019571317025e-05,2.213192451796716902e-05,2.126360305166996427e-05,1.973054844687690865e-05,1.830887178939391457e-05,1.840636581393383523e-05,1.708808395615866172e-05,1.587350505035303914e-05,1.559887147678632285e-05,1.483327261707469731e-05,1.380398325472803744e-05,1.286111429175761830e-05,1.292003984909557580e-05,1.205191284800746214e-05,1.125804435823354881e-05,1.116010437519383288e-05,1.057053836839110910e-05,9.902978776389619882e-06,9.292987408751789878e-06,9.317503135691427261e-06,8.756037505604179810e-06,8.242702942639133537e-06,8.214132422229285816e-06,7.782955189353048240e-06,7.350146535297078251e-06,7.333508640377925101e-06,6.954783094370513993e-06,6.588913193103119941e-06,6.253222291742986999e-06,6.247323496181544561e-06,5.937056629151791256e-06,5.651801657092107436e-06,5.648285630686315598e-06,5.376421641864111607e-06,5.133097087579754401e-06,4.908603876851975364e-06,4.892027430547249882e-06,4.683619647322017519e-06,4.490857429851215713e-06,4.488290043903627733e-06,4.292257819633301923e-06,4.126015362731608192e-06,4.122457985918541454e-06,3.949850991101851335e-06,3.805836806237923031e-06,3.671732427496392998e-06,3.648835470535837946e-06,3.523511648216209104e-06,3.406493158894258713e-06,3.400021628344744690e-06,3.273398407191349098e-06,3.170825441664511804e-06,3.074645360073369540e-06,3.050810686563991898e-06,2.960495739838055849e-06,2.875582440349615690e-06,2.866408591254354386e-06,2.771969686864145380e-06,2.696675403255414928e-06,2.686663156686007972e-06,2.602286480337004056e-06,2.535236379153655830e-06,2.471778506395321237e-06,2.460707723213776890e-06,2.389000400826966406e-06,2.332117117414522914e-06,2.320566516899673445e-06,2.256051715663895275e-06,2.204861332089480322e-06,2.156116675708946693e-06,2.134763801469441922e-06,2.088522117073857958e-06,2.044392330600965839e-06,2.032060083284369854e-06,1.981827167498661636e-06,1.941734080193803190e-06,1.903346442630438540e-06,1.883685197811673182e-06,1.847136422954204267e-06,1.812073985989707338e-06,1.799538943423817180e-06,1.759731384099150911e-06,1.727606077275349771e-06,1.715160725627233876e-06,1.678766901449465141e-06,1.649245226583696302e-06,1.620794531648982425e-06,1.603588946300779404e-06,1.576383320427257935e-06,1.550122737712520292e-06,1.537994159714969733e-06,1.508488279477890676e-06,1.484186563377175278e-06,1.460674312323101182e-06,1.445092931037821738e-06,1.422548895260734057e-06,1.400707442131413654e-06,1.389107992307631935e-06,1.364823733390623488e-06,1.344488998426007712e-06,1.333180618053242581e-06,1.310669113566392596e-06,1.291697116277294420e-06,1.273258634813394968e-06,1.262308631710464808e-06,1.242045135612127486e-06,1.224789165038517221e-06,1.214155259281564097e-06,1.195276997370446795e-06,1.179098226947215333e-06,1.163332693284557175e-06,1.151163325374647262e-06,1.135968312164255191e-06
1.196136820359557460e-06,1.213052179729475722e-06,1.228911234981043182e-06,1.240804095104023241e-06,1.258829370884478945e-06,1.275667744747123726e-06,1.292920388884512664e-06,1.307238835506579390e-06,1.325143455859730824e-06,1.343504320645992570e-06,1.356399291396810496e-06,1.377558809829686906e-06,1.397130760307110134e-06,1.417230917847247865e-06,1.433157883177312054e-06,1.454056553568903990e-06,1.475541205668202024e-06,1.489443662537171643e-06,1.514567356799346084e-06,1.537575141439891775e-06,1.551923802628803660e-06,1.578981721566144240e-06,1.603669774612046778e-06,1.629125867173753053e-06,1.643987964576067338e-06,1.674202877143049204e-06,1.701611570881021606e-06,1.716884100661966150e-06,1.749599144356213792e-06,1.779178949184343618e-06,1.809787928060217752e-06,1.830337524171878902e-06,1.862339175867128656e-06,1.895505867174701287e-06,1.911525457612760736e-06,1.951672139262192837e-06,1.987707935835000979e-06,2.004007527777622500e-06,2.047837972570623863e-06,2.087103629871683965e-06,2.127983262067930615e-06,2.144426845434016330e-06,2.194505864760957042e-06,2.239272321495345042e-06,2.255812035390430306e-06,2.310849585213164470e-06,2.360035521837427865e-06,2.411515171537909745e-06,2.437214267672037123e-06,2.491445247909899629e-06,2.548334018010834577e-06,2.564484369028072066e-06,2.634864685751023958e-06,2.697969846461103066e-06,2.764421296606672436e-06,2.791885360005584645e-06,2.862164414330671259e-06,2.936360532720708506e-06,2.951222149561136027e-06,3.042965871653544252e-06,3.126161666124450201e-06,3.140216192976896963e-06,3.242792637729215295e-06,3.336490746801711861e-06,3.436113712989980551e-06,3.448566477250270444e-06,3.570517726375114982e-06,3.683553972835073777e-06,3.694689120757992728e-06,3.832026654537062327e-06,3.960887751440456909e-06,4.098932565221208707e-06,4.125552079959725028e-06,4.273157403382521534e-06,4.431756687641160504e-06,4.439205317476622379e-06,4.626440114310307037e-06,4.809532276729868014e-06,4.815442584885663561e-06,5.028083424576886389e-06,5.240459583760922392e-06,5.470361344073696659e-06,5.475456901570549287e-06,5.734489036414075805e-06,6.003145402135595908e-06,6.008453564163262905e-06,6.303714909082459581e-06,6.619011316279453571e-06,6.962560669723121764e-06,6.962849988545263191e-06,7.334352050029142961e-06,7.740003017061185262e-06,7.757777575932257318e-06,8.169049176021627007e-06,8.649511894390790609e-06,8.679862076508126353e-06,9.147127785164620373e-06,9.717530459227401434e-06,1.034227476874655876e-05,1.041129603337548385e-05,1.097550227488075225e-05,1.171816026399500733e-05,1.182881166497431077e-05,1.246020500036657900e-05,1.334202538976034929e-05,1.430540163695108997e-05,1.452392440081078203e-05,1.525696839161280039e-05,1.639287051183970745e-05,1.672125311409426065e-05,1.750724716494272507e-05,1.883450351750652464e-05,2.026388504670793768e-05,2.013180398059215791e-05,2.165991483441767973e-05,2.328620468426619659e-05,2.410668500233952846e-05,2.487072495030478769e-05,2.666729654927895560e-05,2.779297688891355016e-05,2.841584098193304005e-05,3.031271738445283045e-05,3.220234992625453852e-05,3.388884185462864948e-05,3.403493294423608597e-05,3.579836574348261745e-05,3.792062129576424204e-05,3.757335771254549178e-05,3.900310145745061459e-05,4.011780922961964290e-05,4.069460450221440564e-05,4.161095753827741782e-05,4.210366006037660877e-05,4.533875927193885860e-05,4.374583121735470069e-05,4.365184868652445825e-05,4.735987427022259473e-05,4.594958487621632315e-05,4.553135628456833053e-05,4.491536658554620633e-05,4.878187591343925922e-05,4.854929277934210357e-05,4.833011945782393577e-05,5.191960172540369112e-05,5.279750485785139591e-05,5.314999897202014526e-05,5.390938061568048144e-05,5.691308054537292472e-05,5.728350457496222302e-05,5.779119249718715881e-05,5.826133265705936605e-05,5.826133265705936605e-05,5.790441391764629918e-05,5.767159417682906004e-05,5.770530118201129419e-05,5.470160125231885090e-05,5.451669599448600700e-05,5.490440367242291640e-05,5.471740870883547733e-05,5.130141353235504928e-05,5.244596890531729599e-05,5.357299752435675091e-05,4.972912977862419876e-05,5.119120983500730543e-05,5.233641376325560670e-05,5.458744205808020223e-05,5.061618672043430523e-05,5.112503165913123151e-05,5.335835936357181822e-05,4.973613073072673989e-05,4.934664697183908325e-05,4.840153373081557245e-05,4.782434200575570786e-05,4.657000132000563807e-05,4.491208396377199027e-05,4.536486950032694442e-05,4.283959320394815576e-05,4.073179280573640480e-05,4.055356600998660430e-05,3.851987534942120461e-05,3.623627058728660965e-05,3.393909410422680644e-05,3.316614856159216015e-05,3.178737468506965863e-05,2.960200006893452161e-05,2.865368750723039750e-05,2.763698140557776037e-05,2.565363908063343136e-05,2.378827404771269112e-05,2.391462471910844320e-05,2.216914454997759607e-05,2.054727779109086227e-05,1.957589100529117979e-05,1.915480744426812772e-05,1.776681901749133812e-05,1.686364891667222545e-05,1.657926232448493731e-05,1.540326380339794758e-05,1.432679181386189037e-05,1.355235779207910127e-05,1.340412364798112508e-05,1.249950874710092143e-05,1.181046787805817294e-05,1.171680692081936536e-05,1.095806582148996087e-05,1.026584554479465843e-05,9.698594872442847266e-06,9.656552602510842836e-06,9.075800708736407924e-06,8.579086295689417581e-06,8.555290358353466877e-06,8.067215088419484723e-06,7.620944416096611234e-06,7.620667622177709434e-06,7.209431281819790070e-06,6.832746589317708662e-06,6.480702902841989920e-06,6.476971072899937864e-06,6.157908255177715061e-06,5.850854346293190661e-06,5.848779012888880090e-06,5.577468728907814786e-06,5.327523213871845564e-06,5.077570971227458985e-06,5.075836218089571670e-06,4.861848790470919760e-06,4.643112724650817400e-06,4.640194373116263613e-06,4.456165213131240679e-06,4.285468787147942192e-06,4.260001658020857083e-06,4.101005841904352204e-06,3.953114543093851490e-06,3.795131185255214661e-06,3.788566106913190144e-06,3.659833007178812968e-06,3.520440974355731791e-06,3.512396154695557467e-06,3.399816276785427186e-06,3.294344060451483497e-06,3.178216803515072249e-06,3.168242262457639407e-06,3.075322090097754693e-06,2.972121536453674739e-06,2.961094083303747857e-06,2.878864871004371775e-06,2.801289010548243685e-06,2.775013894123129694e-06,2.701927127748191993e-06,2.632797588650664190e-06,2.554883501242762673e-06,2.541947643280377111e-06,2.480088475990707942e-06,2.421350632202968023e-06,2.396764075831592689e-06,2.341188377779879544e-06,2.288292732579943629e-06,2.228306977278292800e-06,2.214420419142976181e-06,2.166606829140374782e-06,2.112347464287767477e-06,2.098354039348106328e-06,2.054978672621537473e-06,2.013464103976471638e-06,1.966399753278551638e-06,1.952279641977681086e-06,1.914414351774924512e-06,1.871544164287958068e-06,1.857536794792348354e-06,1.822890440974231032e-06,1.789568193449996536e-06,1.769908210057140753e-06,1.738111551331473221e-06,1.707477786620615167e-06,1.673012822363360872e-06,1.659397727872453951e-06,1.631157693653493858e-06,1.599483237962962498e-06,1.586154720772718744e-06,1.560053168545565716e-06,1.534806592186341838e-06,1.506652145343451168e-06,1.493676493513483180e-06,1.470251704766191131e-06,1.444226180764219141e-06,1.431597446671868050e-06,1.409813772722386140e-06,1.388672763848032364e-06,1.373435292893069787e-06,1.353134358626147639e-06,1.333409434237804856e-06,1.311723536021015428e-06,1.299894565368408210e-06,1.281454906650335207e-06,1.263508422765779521e-06,1.249809836123408234e-06,1.232539814580212762e-06,1.215715168635082889e-06,1.197416030993816011e-06,1.186422640192513595e-06,1.170623061237175971e-06,1.153508059097361948e-06
1.220754426269415648e-06,1.232961441418795625e-06,1.249047542948575583e-06,1.267075542617943479e-06,1.279768976713921636e-06,1.296837488954369866e-06,1.316069634856690765e-06,1.334070125756860795e-06,1.347400600315144181e-06,1.365983397341061357e-06,1.387113083175369011e-06,1.400958669561733730e-06,1.420749634816843696e-06,1.443384926109182944e-06,1.464365337498007994e-06,1.478868394598189124e-06,1.500549405911077994e-06,1.525590380831916685e-06,1.540624971684242076e-06,1.563815651928170746e-06,1.590766678128467703e-06,1.606336674878813651e-06,1.631188707522933742e-06,1.656781192433493595e-06,1.686829694355068191e-06,1.703042737568074462e-06,1.730556538566096359e-06,1.763066381333061003e-06,1.779797141939088906e-06,1.809441511485433216e-06,1.844690583688295089e-06,1.876634775865544429e-06,1.893937883134489854e-06,1.927063857368695033e-06,1.966853269438179844e-06,1.984613108417716130e-06,2.020532213554524342e-06,2.063934263857004363e-06,2.082111147386511966e-06,2.121165665209590659e-06,2.161749409866471048e-06,2.211239238088776605e-06,2.229752587053570895e-06,2.274090168322469973e-06,2.328429715338826226e-06,2.347197046456247765e-06,2.395791416052579771e-06,2.455613815552837731e-06,2.509197171779372859e-06,2.527981173797828356e-06,2.583922689638020347e-06,2.653201969522524577e-06,2.671967985440988023e-06,2.733856214621004298e-06,2.810679985219347405e-06,2.879715516004895951e-06,2.898013767674726647e-06,2.970426248943168962e-06,3.060478918249285752e-06,3.078352379600861648e-06,3.159331995826720348e-06,3.259947193727976432e-06,3.277181187216047809e-06,3.368148437562115035e-06,3.464677383956981062e-06,3.584101995430498834e-06,3.599903331317649162e-06,3.709177475437510011e-06,3.843619126416125326e-06,3.858215299619511727e-06,3.982533322171653716e-06,4.134287103021234981e-06,4.277056647597907069e-06,4.289587666657814597e-06,4.442145696548895092e-06,4.625284778743666178e-06,4.636199634147763964e-06,4.812147945872877422e-06,5.020232991540610890e-06,5.029488978209860372e-06,5.233499576356581497e-06,5.454289999859497310e-06,5.707946615312914536e-06,5.715957957010005841e-06,5.974170200707153731e-06,6.263729087219968537e-06,6.271491538413386401e-06,6.575032907258497288e-06,6.905808340209729794e-06,7.261233163447837493e-06,7.273424711099962659e-06,7.665707994496054814e-06,8.071379354112955009e-06,8.089719000826611108e-06,8.556470009077445169e-06,9.019158379659533608e-06,9.048990244255415022e-06,9.606420855322429862e-06,1.021935996925326274e-05,1.078248616220486517e-05,1.084969205519179806e-05,1.158457196654358187e-05,1.221933798940922586e-05,1.232752818792039362e-05,1.320934082883714318e-05,1.417919844326369246e-05,1.492807067078264317e-05,1.514590136365122019e-05,1.630586345163276464e-05,1.712101252547467692e-05,1.745244624383936741e-05,1.883149953649913030e-05,1.969469868353715449e-05,2.121064032387682616e-05,2.181022400687207891e-05,2.355898432285334225e-05,2.441928180353105269e-05,2.527665549466242496e-05,2.726574783148554985e-05,2.802727921227425034e-05,2.921888810800796926e-05,3.139757839541729286e-05,3.362010316098934022e-05,3.397689722554808400e-05,3.579277797874916349e-05,3.798384136980065203e-05,3.786045311541030503e-05,4.017015535772154345e-05,4.209078438403431960e-05,4.134575138053714680e-05,4.254737890140680267e-05,4.559441276279253016e-05,4.650608877810421036e-05,4.480145624423792613e-05,4.843030631075698710e-05,4.855787158645894679e-05,4.679418222690607675e-05,5.100383285729435365e-05,5.053508049639670154e-05,4.969493319555188203e-05,4.899584790562999328e-05,5.334878611135152206e-05,5.274273517911785754e-05,5.350384971654467735e-05,5.735789254204084521e-05,5.739535731562420704e-05,5.896632445197677103e-05,5.975892135245406057e-05,6.164847347710064238e-05,6.214252108641064973e-05,6.252249692498702133e-05,6.252249692498702133e-05,6.227701676950069172e-05,6.211542181526763528e-05,6.038621083271694049e-05,6.013568620263265885e-05,5.907517077383181556e-05,5.994922657493724309e-05,5.630165669997646356e-05,5.638074930500528977e-05,5.808147053933055066e-05,5.378696951654741043e-05,5.548090547629662092e-05,5.725768112956627318e-05,5.849396962484462579e-05,5.402174979164920895e-05,5.661871522588094748e-05,5.685910985408117998e-05,5.282102977241881844e-05,5.511068345034409507e-05,5.420420895759955318e-05,5.068851067445705356e-05,4.934692329336521586e-05,5.030868161158079637e-05,4.804854959550366062e-05,4.530218815314991491e-05,4.545852438445923305e-05,4.282699034023478588e-05,4.063599587252446636e-05,4.018760491274576892e-05,3.749593671686690709e-05,3.485258566208781415e-05,3.338997147039174227e-05,3.244102654400072471e-05,3.001850569328818775e-05,2.895267489734722305e-05,2.788330828225836760e-05,2.574884491272109454e-05,2.499351249822280428e-05,2.314037894785336404e-05,2.207159174710776161e-05,2.038581870969440494e-05,1.995834318130638519e-05,1.895268588672101274e-05,1.753550185660859490e-05,1.725029912604941616e-05,1.633024870972877394e-05,1.514718805130662208e-05,1.407170483882549657e-05,1.392597783029900559e-05,1.315056194909321160e-05,1.225684890702997032e-05,1.216558881152242388e-05,1.148115193788884240e-05,1.073847947500717771e-05,1.006379524038365234e-05,1.002320269677718794e-05,9.464703731114969764e-06,8.902478859934522521e-06,8.879111936946474965e-06,8.392185206243377767e-06,7.922218762369237139e-06,7.908939721011703646e-06,7.484768611496709925e-06,7.090854370958341991e-06,6.730234846769360811e-06,6.724927291322770990e-06,6.382170381770995315e-06,6.077476953342016215e-06,6.073279346100902146e-06,5.774847356334970623e-06,5.516168821772450101e-06,5.277912829420516027e-06,5.273495794857827729e-06,5.030846246552296413e-06,4.826939787428389366e-06,4.821136618569867618e-06,4.608926098810345884e-06,4.433516524843933867e-06,4.426148929926449696e-06,4.262664512117678166e-06,4.088469900855588387e-06,3.947228465057954318e-06,3.937613860925679201e-06,3.784284051040004711e-06,3.661145874174046370e-06,3.650109023405773902e-06,3.514778786311409672e-06,3.406884609488602394e-06,3.305628835137530460e-06,3.292764528618073714e-06,3.179851782856211437e-06,3.090436298880208523e-06,3.076648469552240352e-06,2.976230708794477084e-06,2.896902443582980406e-06,2.882404530639077727e-06,2.806981309397914310e-06,2.722140175914407954e-06,2.655132161254947901e-06,2.639760427431361516e-06,2.563722437031906549e-06,2.503595722669507538e-06,2.487946946289459295e-06,2.430474353670280351e-06,2.365430545419779355e-06,2.313764041287329334e-06,2.297780964701483705e-06,2.239044892275403315e-06,2.192214947324821107e-06,2.176267481152925353e-06,2.123078940721139178e-06,2.080482759142636174e-06,2.039631844340899658e-06,2.023732200578582494e-06,1.977490915137289527e-06,1.940137338326779791e-06,1.924476779398264834e-06,1.882309259308432209e-06,1.848048944037269465e-06,1.832682039109420995e-06,1.799672301625858778e-06,1.762616625911700025e-06,1.732202154718709035e-06,1.717195825576875223e-06,1.683185439506611727e-06,1.655089390280945255e-06,1.640470306098011105e-06,1.609181365657083733e-06,1.583162346575395341e-06,1.557957797710832655e-06,1.543813473629647027e-06,1.515947288223779938e-06,1.492521104764218756e-06,1.478808071207198323e-06,1.453025092543517397e-06,1.431205225729201935e-06,1.417928678663733179e-06,1.396818313433949966e-06,1.373658997426004310e-06,1.353848687269223246e-06,1.341107696810211925e-06,1.319569099458332562e-06,1.301025914262566554e-06,1.288723933731194562e-06,1.270762988595375612e-06,1.251267851346990164e-06,1.234312485265087068e-06,1.222550161077125421e-06,1.204335287977152931e-06,1.188397116823084197e-06,1.177059944045847447e-06
1.240061642032401315e-06,1.256246471132477699e-06,1.270618296313624793e-06,1.287402886990022525e-06,1.304573420161784887e-06,1.319656946566612035e-06,1.337475237408047074e-06,1.355716248940654084e-06,1.374397690245007043e-06,1.390494211925711437e-06,1.409900141982610550e-06,1.429790403953699674e-06,1.446697379561080103e-06,1.467373717267517754e-06,1.488584079629122478e-06,1.510353139822888193e-06,1.528412077023686141e-06,1.551067427665404482e-06,1.574341579145264732e-06,1.593320338222237660e-06,1.617561254376192991e-06,1.642489576453989579e-06,1.659353967208580099e-06,1.688422938839481639e-06,1.715174125560197052e-06,1.742732001704553106e-06,1.764051663085914837e-06,1.792817232414995375e-06,1.822486426775881136e-06,1.844894543313791310e-06,1.875892665654782598e-06,1.907906463495268446e-06,1.940995744100255187e-06,1.964933924283063429e-06,1.999559677206488037e-06,2.035401292691822262e-06,2.060543676607699176e-06,2.098088915292330549e-06,2.137013876102363906e-06,2.157148759182415336e-06,2.204224807942195293e-06,2.246616353091529681e-06,2.290686199178424482e-06,2.318800741846192452e-06,2.365104350700274245e-06,2.413332248416825258e-06,2.442770867100042238e-06,2.493506479845522930e-06,2.546457588651403050e-06,2.601790014038134486e-06,2.633008826056388327e-06,2.691347419751203163e-06,2.752446662650084415e-06,2.784984739994618518e-06,2.849494917787834321e-06,2.917219508836606641e-06,2.988422855344004275e-06,3.022642511214289405e-06,3.098013169882868840e-06,3.177463489186061457e-06,3.212832653425990385e-06,3.297068180533113575e-06,3.386109588386724875e-06,3.406291672689107222e-06,3.517032524896783201e-06,3.617281421451538781e-06,3.723744654655891504e-06,3.761050531324666557e-06,3.874458932747660336e-06,3.995273807907157100e-06,4.032873748812310549e-06,4.161808636427757671e-06,4.299609610483989769e-06,4.447163263151919380e-06,4.484342605237391848e-06,4.642344270204151327e-06,4.812099508913754969e-06,4.848118226032715855e-06,5.030256829911054164e-06,5.226616711082990825e-06,5.237647966960040886e-06,5.471600490849077821e-06,5.699981863590095262e-06,5.947509381773077080e-06,5.976464271973115459e-06,6.243546071887585882e-06,6.533995639612788097e-06,6.557228123714533418e-06,6.871257626725660741e-06,7.213876497940892092e-06,7.588290972991306073e-06,7.600300711567975860e-06,8.006501601565578833e-06,8.451680785790480769e-06,8.451883879502296458e-06,8.935721095213602043e-06,9.467329911488430274e-06,9.492262027077933966e-06,1.003090062731995549e-05,1.066803460615711417e-05,1.136993656584257729e-05,1.132807186935526884e-05,1.209374255734620443e-05,1.293795552896085817e-05,1.304142663307034580e-05,1.379254753275285869e-05,1.480821099862112866e-05,1.592661936297264184e-05,1.582116332582387345e-05,1.704066948524448030e-05,1.837966700162836590e-05,1.824398937619457929e-05,1.970054228042195682e-05,2.129106103776118295e-05,2.301988595974416421e-05,2.285099427452474922e-05,2.471405572327955459e-05,2.671509443643470998e-05,2.653700617036583388e-05,2.866895336673653231e-05,3.091567411826397509e-05,3.227780550746775035e-05,3.310494495130242098e-05,3.550742627906509029e-05,3.790825235875146671e-05,3.785402670254372072e-05,4.023184352461911317e-05,4.246195481151317138e-05,4.261684331356206890e-05,4.470618876921940785e-05,4.645270746325109659e-05,4.773486499596298700e-05,4.858515656434423573e-05,4.958256576145842783e-05,4.996324582980934481e-05,5.189622345669938491e-05,5.209376810634595384e-05,5.168666496663988375e-05,5.644530273040731713e-05,5.484574213017879684e-05,5.413318370216278015e-05,5.333016912153724915e-05,5.872359951263160917e-05,5.833722627154019479e-05,5.835773581273461240e-05,6.359874131245615999e-05,6.375186400575560595e-05,6.439211887075475436e-05,6.543916032922202065e-05,6.731363823421952720e-05,6.738546329516302254e-05,6.738546329516302254e-05,6.762614166670541805e-05,6.575166376170791149e-05,6.515571852770506286e-05,6.519159185611401097e-05,6.595110752199202125e-05,6.071010202227048044e-05,6.178483214612582718e-05,6.335579564920406606e-05,5.796236525810970604e-05,5.993485798515087496e-05,6.170870697011051806e-05,6.444076300587060259e-05,5.943457656140602028e-05,6.051143216609387637e-05,6.075656064637813085e-05,5.882355851121301557e-05,5.866754551273054751e-05,5.769992537255985379e-05,5.684923110268615240e-05,5.543236114789113405e-05,5.342010861468324690e-05,5.096636245763329701e-05,5.080893021649761934e-05,4.814408803559123946e-05,4.528769376954809876e-05,4.533697211471977731e-05,4.243322426450027934e-05,3.952095874034251529e-05,3.849320631254244096e-05,3.682036004527894710e-05,3.408430139481075506e-05,3.148458564689053305e-05,3.165489926683388237e-05,2.921192593429891544e-05,2.693523109841865280e-05,2.709680143824410710e-05,2.498402163721436247e-05,2.303906039366603809e-05,2.125693060331356385e-05,2.138673400716543057e-05,1.975031659493780892e-05,1.825966721263481469e-05,1.836055789200549486e-05,1.699606420870535691e-05,1.575718454105401638e-05,1.483789620454385196e-05,1.469758526952614164e-05,1.367100417919497944e-05,1.274064224432371563e-05,1.278069457578643430e-05,1.193051410862745097e-05,1.115969006047052935e-05,1.050855866897122582e-05,1.047498562424841107e-05,9.835080215718278843e-06,9.253707611819282235e-06,9.253513310238741958e-06,8.720686571769127821e-06,8.235561062044969796e-06,8.224071237150750176e-06,7.778724580970191080e-06,7.372224812106682231e-06,7.000656629610390427e-06,6.978429903151472909e-06,6.636237738726678438e-06,6.322532787299514723e-06,6.294831383467462536e-06,6.005349344221081714e-06,5.739146995649469436e-06,5.466539179448597138e-06,5.461527520838813359e-06,5.234448822559510669e-06,5.024598850525982041e-06,4.990139419958930908e-06,4.795402267068029171e-06,4.614854750078530998e-06,4.579284939169063578e-06,4.411390397563384928e-06,4.255225543274270485e-06,4.109710552583836057e-06,4.073738351001334449e-06,3.937951483969808369e-06,3.811023275974941127e-06,3.775332408291763799e-06,3.656653622109111582e-06,3.545374079889100907e-06,3.421449390248034738e-06,3.406066490564012643e-06,3.308023114564484903e-06,3.215663167671754603e-06,3.181825170185194231e-06,3.095029556239411823e-06,3.013033684844913669e-06,2.980295432352579607e-06,2.903102297076902508e-06,2.829980110722102009e-06,2.760609958102599197e-06,2.729480486907494182e-06,2.663990671133460172e-06,2.601705012892928137e-06,2.571837694699006560e-06,2.512942133109083824e-06,2.456794498404177947e-06,2.403195905588551520e-06,2.375031714366698115e-06,2.324225205261427373e-06,2.275619434075102867e-06,2.248721998284021294e-06,2.202582886504090755e-06,2.158351591363791547e-06,2.108397468962186369e-06,2.090652573038013951e-06,2.050269467824974913e-06,2.011440102563136213e-06,1.987386157777211909e-06,1.950401511620083251e-06,1.914777690747320687e-06,1.891875818501659493e-06,1.857903800744682622e-06,1.825128158019364841e-06,1.793478508652411064e-06,1.772040462054964775e-06,1.741804452575360096e-06,1.712564163426929637e-06,1.692167451665716713e-06,1.664203683586565028e-06,1.637123529846628570e-06,1.607180443498307301e-06,1.591794966573423203e-06,1.566657665655676162e-06,1.542266400825260729e-06,1.524109251349287525e-06,1.500724705360379089e-06,1.478007925706492316e-06,1.460730778090980333e-06,1.438932106144069396e-06,1.417733005167515349e-06,1.397105148784860276e-06,1.380930093184818339e-06,1.361110269867275618e-06,1.341805786556974173e-06,1.326406099516613350e-06,1.307843015010125295e-06,1.289746150870335275e-06,1.272095409197487252e-06,1.257664863846947144e-06,1.240672623795479707e-06,1.224085708817095090e-06,1.210336054427243210e-06,1.194356533798562472e-06
1.259330148319599344e-06,1.277051875804033362e-06,1.293929062425299033e-06,1.307729824097806227e-06,1.326601046486945599e-06,1.344515491831657579e-06,1.358926023471239877e-06,1.377436707055930853e-06,1.398091779806431841e-06,1.417591128355220835e-06,1.432820218213161914e-06,1.454899265695372564e-06,1.475670270468014137e-06,1.491564705120841338e-06,1.513047002418085924e-06,1.537364199610676803e-06,1.560104175083110983e-06,1.576876498225710747e-06,1.602982077677308762e-06,1.627304150712096032e-06,1.644790718817072873e-06,1.669972038631893248e-06,1.698928001453791107e-06,1.717148677691840536e-06,1.744142642146735383e-06,1.775378763361475247e-06,1.804190036387251482e-06,1.823342787049518888e-06,1.857107421739754212e-06,1.888134336809525070e-06,1.908044635305061467e-06,1.940225236757756237e-06,1.978106327372120566e-06,2.012703354144503299e-06,2.033530776037728046e-06,2.074710806463832528e-06,2.112190235270095641e-06,2.133760164367567965e-06,2.172697752053444674e-06,2.219338656782641623e-06,2.241632759170502430e-06,2.283955441909295908e-06,2.334979683906682043e-06,2.381038945593836882e-06,2.404097806401213113e-06,2.460062940519441887e-06,2.510462266991733766e-06,2.534127746758579067e-06,2.586656003864555844e-06,2.651002765938516614e-06,2.708772676714609717e-06,2.732926217324392274e-06,2.804016550909505720e-06,2.867787967597131510e-06,2.892306586716824707e-06,2.958994911416024708e-06,3.041736997715051540e-06,3.115962243033183198e-06,3.140484963935565279e-06,3.232619140891759835e-06,3.315402399932487953e-06,3.339871943768711585e-06,3.426847065032928305e-06,3.535510754392330535e-06,3.559689554394609778e-06,3.657328918100158880e-06,3.779337954742991681e-06,3.890044005652360517e-06,3.913084674960314239e-06,4.050513398835688757e-06,4.176071049459922835e-06,4.198091296626381992e-06,4.331273080159855560e-06,4.496505369805211917e-06,4.649637325016653622e-06,4.669480055289690458e-06,4.857159524749602114e-06,5.033252068655618674e-06,5.051271942542562187e-06,5.239929393984376599e-06,5.468687161339845031e-06,5.484585657741216437e-06,5.703739108106885505e-06,5.965564653347221359e-06,6.222072474450134481e-06,6.235310808403313540e-06,6.535668831259775760e-06,6.836684916086484642e-06,6.848292010326728308e-06,7.176992614294014194e-06,7.548683160459374915e-06,7.936921474757983476e-06,7.950065204074583690e-06,8.378236032281795095e-06,8.840260924490789531e-06,8.857054616724501994e-06,9.370619572852573355e-06,9.902669454544961957e-06,9.928135694777077302e-06,1.054696410022728159e-05,1.115868394236401408e-05,1.189026350683531411e-05,1.195013248534035832e-05,1.277994885426542180e-05,1.353274204025992654e-05,1.363303377834132133e-05,1.464194770060001376e-05,1.549436869826753535e-05,1.666941165614173312e-05,1.688808760265977753e-05,1.784054634214033672e-05,1.925319741620045596e-05,1.960118449733655121e-05,2.124565554159666707e-05,2.233013799624398706e-05,2.416887545960812728e-05,2.484248745974921175e-05,2.596387213489556418e-05,2.810445884661548550e-05,2.910634910394037199e-05,3.159603287321742710e-05,3.260377940520756883e-05,3.404759611293853983e-05,3.682168153287701420e-05,3.755236949956892431e-05,4.015587102123996122e-05,4.245453482917145290e-05,4.267484325266298017e-05,4.509848771169533725e-05,4.808381445518766599e-05,5.050820926744861001e-05,4.946216133886492466e-05,5.084463593245529853e-05,5.483816939789027929e-05,5.299384885205819589e-05,5.342773970595212561e-05,5.819542289840601935e-05,5.796681755910861527e-05,5.580472843436549637e-05,6.124879262237454798e-05,6.028832259230597275e-05,5.939187195457177286e-05,5.885619441359494391e-05,6.404062361517748596e-05,6.491717657152171531e-05,6.523081558421691285e-05,6.919239352907259393e-05,6.956920566130758872e-05,7.130457780663628452e-05,7.206734206474301266e-05,7.277574663491953361e-05,7.277574663491953361e-05,7.222797949593902681e-05,7.187072977918181570e-05,7.050712008711021266e-05,7.098212843833140093e-05,6.731426050001865051e-05,6.812989893867341562e-05,6.832025220089227367e-05,6.333942247592738153e-05,6.516732129928083607e-05,6.733948826251920199e-05,6.947452749601650457e-05,6.380018868248998030e-05,6.711577093689744748e-05,6.798403906583668443e-05,6.274165511461105189e-05,6.259223683264981822e-05,6.508581769746707392e-05,6.050384999809839588e-05,5.899357230057001455e-05,6.034838236409406019e-05,5.750370443680507951e-05,5.395730512274853129e-05,5.106212782997263382e-05,5.079219489733711074e-05,4.801633214281898814e-05,4.486474632513677834e-05,4.395170168184388807e-05,4.058240081141959566e-05,3.880469749994823052e-05,3.754756081658816065e-05,3.451184021302847443e-05,3.326023136858032421e-05,3.064351335623055595e-05,2.925040442374530258e-05,2.839610851076358037e-05,2.614663960666961637e-05,2.480429474786744512e-05,2.279307763408052013e-05,2.233966629066392229e-05,2.061232811994891749e-05,1.943989895724407120e-05,1.915048105018473063e-05,1.771695616404848900e-05,1.667317236482737501e-05,1.544439940741470051e-05,1.530794206995601521e-05,1.439135243966081437e-05,1.338467957965433939e-05,1.330358006779630139e-05,1.241887593256518120e-05,1.167978179812525733e-05,1.093387947627381708e-05,1.090119914542569641e-05,1.026240601397702952e-05,9.647109449948430631e-06,9.628817749823285471e-06,9.077642655639238359e-06,8.568064167536789663e-06,8.557139377591548113e-06,8.097156226073998897e-06,7.657741040786671024e-06,7.270528639867939747e-06,7.264188915321401961e-06,6.911254914374687501e-06,6.559552978783926611e-06,6.552590307228601747e-06,6.254200299144844016e-06,5.949719551310799531e-06,5.696660555400716232e-06,5.687576454338309942e-06,5.423370390333149052e-06,5.207392988071473359e-06,5.196172392085010049e-06,4.995447487211846809e-06,4.780879322738193020e-06,4.767634978413792041e-06,4.594543209314820283e-06,4.406932150119957706e-06,4.257737310479079232e-06,4.241824882338842861e-06,4.101685632691203893e-06,3.947246671233236113e-06,3.929924952100512468e-06,3.807381219923025268e-06,3.671191559734129892e-06,3.564132517791531541e-06,3.545074447719791133e-06,3.424581952707214877e-06,3.329988345291200035e-06,3.310243064821894304e-06,3.220439485846836954e-06,3.119297643185635700e-06,3.099119547493333559e-06,3.019203873458754530e-06,2.928944662173389806e-06,2.857809682205703384e-06,2.837120158979689716e-06,2.769222087437859988e-06,2.692414786114541622e-06,2.671770180681746557e-06,2.610677221238998505e-06,2.541565912006863886e-06,2.486499864304710541e-06,2.465921925909016902e-06,2.413153054362050039e-06,2.353581981749576693e-06,2.333352355497012291e-06,2.285413038330786520e-06,2.231395992509346536e-06,2.187694471135516579e-06,2.167895103240753181e-06,2.118776565469794494e-06,2.078781127869531991e-06,2.059501436502858109e-06,2.021027238669206982e-06,1.978002871523941854e-06,1.959280036819889383e-06,1.923934289906351185e-06,1.884543126631885172e-06,1.851885201316577085e-06,1.833841854000479332e-06,1.802364375060416255e-06,1.767503686057733602e-06,1.750071950537989251e-06,1.720960009591731717e-06,1.688845246700799325e-06,1.661726947597107969e-06,1.645041277931333735e-06,1.615389886637815569e-06,1.590179284450931184e-06,1.574112741427266760e-06,1.549763326009104674e-06,1.523191726016621258e-06,1.507734927127203750e-06,1.485040771920670557e-06,1.460376434080315121e-06,1.439036792344983559e-06,1.424325112540744245e-06,1.403690552424538454e-06,1.381414445063310218e-06,1.367285118315881703e-06,1.347964257759846885e-06,1.327188628104826906e-06,1.308919299866919265e-06,1.295503214657086800e-06,1.277819931172093859e-06,1.258925608821694447e-06,1.246052873638173532e-06,1.229429314875854373e-06,1.211732921985662879e-06
1.279592807346206774e-06,1.296369200553754424e-06,1.313511650880350052e-06,1.332374298804965359e-06,1.347008805057422530e-06,1.365198875206402783e-06,1.383803147619918292e-06,1.400619691179309194e-06,1.419946306471449644e-06,1.439726129875745222e-06,1.461769669922950508e-06,1.477999512274788714e-06,1.499058540277138515e-06,1.520635257098435595e-06,1.539629301574434804e-06,1.562083183670718091e-06,1.585107134791341924e-06,1.611133340305934901e-06,1.629113040778694194e-06,1.653720598641348691e-06,1.678986423200403042e-06,1.700495253335928290e-06,1.726839711707442428e-06,1.753914325274581644e-06,1.776615740503476160e-06,1.804869936756508704e-06,1.833936497302704874e-06,1.867519579245470669e-06,1.888263986140723938e-06,1.919530121421615201e-06,1.951750919202194430e-06,1.977528664617611027e-06,2.011230543438202597e-06,2.046003770337337113e-06,2.086872863415568136e-06,2.109640109830091238e-06,2.147253926899015056e-06,2.186145399557653627e-06,2.215438617259384574e-06,2.256224050150927180e-06,2.298457272382991142e-06,2.329395716811881303e-06,2.373734532966351663e-06,2.419720493326618875e-06,2.475078686541426639e-06,2.500719984673285853e-06,2.550936011894755081e-06,2.603162635446400340e-06,2.638249040438894372e-06,2.693251918928284982e-06,2.750568014337079079e-06,2.820688671835192311e-06,2.847990372334911639e-06,2.911106000663077847e-06,2.977099090060163193e-06,3.016680377900532530e-06,3.086434084694118700e-06,3.159539075360600945e-06,3.250151778340770686e-06,3.278484709081090641e-06,3.359793861898807910e-06,3.445357575112687172e-06,3.489521531178914187e-06,3.580341782956147304e-06,3.676182430837579696e-06,3.722209185591281816e-06,3.824112204095909709e-06,3.931970001681488537e-06,4.066677136903389891e-06,4.094585600505568562e-06,4.216571093681147962e-06,4.346345959603553920e-06,4.395919310471993523e-06,4.534605115922058665e-06,4.682657672082891335e-06,4.866286873682684442e-06,4.891643950457931709e-06,5.061504284061773718e-06,5.243886797389152515e-06,5.294445737988518657e-06,5.490472701401631855e-06,5.701761531795476261e-06,5.751253402838650337e-06,5.978853414414572059e-06,6.225145583289581704e-06,6.519159789028882891e-06,6.538084255455488031e-06,6.826990437568998577e-06,7.141583908012198985e-06,7.182320681667813260e-06,7.523371421199608636e-06,7.896232284575390857e-06,8.316793261237521325e-06,8.334328865524537829e-06,8.779006832099881639e-06,9.268015390639231370e-06,9.284942528287374493e-06,9.818455485781182364e-06,1.040720306164016384e-05,1.040669614784444815e-05,1.105037830177649889e-05,1.176287799108203764e-05,1.255250374694960475e-05,1.251965974396194900e-05,1.338567505108466162e-05,1.434728044776353642e-05,1.428240374487093015e-05,1.533832134209839207e-05,1.651175485127963252e-05,1.748193940768910681e-05,1.769743860610295836e-05,1.912909541662661194e-05,2.071628828781104224e-05,2.055409554811869961e-05,2.229469494220324031e-05,2.421538364363829557e-05,2.541882745634811626e-05,2.610881876049728890e-05,2.840361974889497702e-05,3.089508297054224920e-05,3.065649095056334456e-05,3.333571810158675108e-05,3.618713619689069066e-05,3.596437803360045252e-05,3.897083015312748192e-05,4.206641168766269302e-05,4.260027557105195849e-05,4.508988491304445384e-05,4.816714059739042098e-05,5.102975570267159820e-05,5.125247247598031986e-05,5.390327373873511835e-05,5.603190494737012451e-05,5.426354139623366972e-05,5.873879137728481515e-05,5.972894107238133922e-05,5.979650089156496160e-05,6.276242523621865341e-05,6.259990358192225825e-05,6.162939819557238354e-05,6.687112012823754801e-05,6.605247115749727799e-05,6.497738466366287250e-05,6.548080854820677093e-05,7.120339683259674693e-05,7.097916083478838492e-05,7.159482303317719356e-05,7.693405415571123902e-05,7.720980829536309498e-05,7.794911172826102404e-05,7.856552038460570440e-05,7.856552038460570440e-05,7.814202298004544996e-05,7.790193511319075024e-05,7.841344411803852449e-05,7.307421299550449258e-05,7.358827327589216409e-05,7.521962825976596077e-05,6.976043713392154509e-05,7.053782911010409178e-05,7.313158413469109912e-05,7.530082479489763711e-05,7.005910285508187472e-05,7.211362145317893485e-05,7.304485123496330938e-05,7.007891541816503318e-05,7.045915582940941863e-05,6.962125433711263949e-05,6.451085026077719477e-05,6.681376852102315891e-05,6.438367271375009882e-05,6.128118329073577739e-05,6.105517069488966423e-05,5.763569868151031115e-05,5.393790203329820976e-05,5.092899492144427331e-05,5.025371047636820263e-05,4.649721535466208724e-05,4.284129278837348032e-05,4.305403071479131091e-05,3.957727403095544948e-05,3.630594007021190631e-05,3.653414569248699133e-05,3.348916387440540303e-05,3.068189233963961190e-05,2.980178381461748088e-05,2.830879175780835443e-05,2.595883117935404038e-05,2.382832522464297192e-05,2.398349616598847005e-05,2.204420041875321921e-05,2.029505890534088946e-05,2.000804226852474890e-05,1.881933775343909215e-05,1.739016335634149278e-05,1.610506349904399406e-05,1.616713162357497085e-05,1.500087965952913961e-05,1.395186295527966886e-05,1.398328510826416607e-05,1.303051137526486072e-05,1.217228126917370617e-05,1.139845867806207612e-05,1.139894364704858144e-05,1.069426788019621666e-05,1.005724394055294371e-05,1.004104959574718947e-05,9.459812565915431059e-06,8.932765008932658197e-06,8.918916197637097158e-06,8.422513945575227183e-06,7.984035214073251588e-06,7.584335865829697928e-06,7.545362628146770652e-06,7.178419187977446370e-06,6.842692814125361003e-06,6.831113851068472524e-06,6.489903264149343225e-06,6.206170543330297484e-06,5.945053517418324896e-06,5.897704199334256958e-06,5.656424866742074506e-06,5.433534822252384530e-06,5.385164629128251837e-06,5.178721220599359209e-06,4.987299151145144682e-06,4.969166175685705796e-06,4.761173245359432160e-06,4.595792781901845373e-06,4.441574809899686588e-06,4.394147539334077169e-06,4.250434499166518094e-06,4.115955728427882485e-06,4.094189960758777742e-06,3.944211361640513920e-06,3.826302103625616638e-06,3.715396547561289669e-06,3.671362337391516179e-06,3.567437087683394542e-06,3.469382092561290221e-06,3.427130038647094303e-06,3.335069723755554255e-06,3.247954400419075311e-06,3.224216870709055916e-06,3.125624715836415134e-06,3.047870432451130985e-06,2.973975418558234742e-06,2.936107644545492105e-06,2.866403916737031328e-06,2.799992837702920497e-06,2.776377915551402187e-06,2.701251505193148954e-06,2.641327754503207987e-06,2.584025113781741628e-06,2.550457634609923679e-06,2.496183353221403814e-06,2.444172568886793362e-06,2.421490028077311088e-06,2.363021606684582505e-06,2.315652480057599626e-06,2.270119166935749848e-06,2.240520078935784814e-06,2.197239300395139337e-06,2.155561845252153803e-06,2.127536760456811543e-06,2.087871402628303389e-06,2.049612062150654296e-06,2.029035726198565457e-06,1.986625425974701535e-06,1.951407414764391825e-06,1.917356938217061425e-06,1.892695137371021119e-06,1.860192818315018317e-06,1.828724639688381002e-06,1.809768020412666037e-06,1.775304767990702867e-06,1.746154879824470338e-06,1.717876864636893848e-06,1.696158216544286222e-06,1.669096114229198773e-06,1.642813279887842109e-06,1.622235588678415405e-06,1.597059294309718512e-06,1.572581753800048423e-06,1.555965554890402299e-06,1.529609465093768097e-06,1.506769887262058493e-06,1.484530427399516940e-06,1.466358654244841435e-06,1.445009104506261983e-06,1.424201859433112644e-06,1.409110645842836065e-06,1.386969113913963899e-06,1.367469816284201599e-06,1.348441710991863067e-06,1.332353172545345548e-06,1.314051077003862186e-06,1.296177728841285690e-06,1.282503199390176264e-06,1.263690158408678944e-06,1.246877381550595855e-06,1.230440973071699203e-06
1.300910436568280824e-06,1.315509097167321630e-06,1.334091877992452976e-06,1.351964706582346178e-06,1.370233770563004720e-06,1.385751697435648678e-06,1.406029739904823627e-06,1.425439395438688965e-06,1.441706517053009997e-06,1.463345321218850237e-06,1.483994211835419879e-06,1.505134901797598909e-06,1.522427621127453849e-06,1.546173454621974563e-06,1.568711397866333713e-06,1.586841817771163108e-06,1.612281272064850580e-06,1.636345146175314624e-06,1.661029238894508118e-06,1.680293246001126014e-06,1.708388444216596523e-06,1.734808124395675909e-06,1.754999763204633226e-06,1.785232869045819596e-06,1.813559226234810443e-06,1.834718992618250040e-06,1.867314678354940884e-06,1.897740926039472658e-06,1.929054639633236086e-06,1.951492092476002849e-06,1.987866132363028603e-06,2.021603111919191478e-06,2.045087345483881397e-06,2.084510305168142516e-06,2.120935427305825236e-06,2.158534541050742357e-06,2.183359939329967800e-06,2.227737038069378527e-06,2.268477462698318684e-06,2.294400495995759016e-06,2.342783264314774490e-06,2.387037572461244273e-06,2.414072085744221104e-06,2.466953893608541700e-06,2.515152576068176828e-06,2.565165648505016213e-06,2.593521514429680053e-06,2.653893145070225943e-06,2.708612352466926185e-06,2.738039879631680548e-06,2.804486278641535541e-06,2.864542071025072276e-06,2.927156937511362757e-06,2.957722377887091926e-06,3.034476211363723695e-06,3.103573004477918999e-06,3.135042598075830831e-06,3.220178242738980927e-06,3.296711094278940585e-06,3.376970762952851557e-06,3.409159859550307228e-06,3.508805088907118507e-06,3.598282201684447562e-06,3.631001113444085143e-06,3.742477863082931317e-06,3.842668313287814390e-06,3.875683761071679182e-06,4.000824082259512888e-06,4.113532010243384278e-06,4.232925362395023182e-06,4.265449652259153936e-06,4.414926138973268406e-06,4.550336739765266154e-06,4.582322367710268973e-06,4.751703254983368740e-06,4.906107067699618547e-06,5.071116953779368158e-06,5.101210440512721045e-06,5.306760432170715460e-06,5.496687904566823849e-06,5.525065930426521450e-06,5.760229223204679739e-06,5.980163080597508739e-06,6.006251550363079188e-06,6.276211196882047278e-06,6.532488175363837619e-06,6.810248453688818984e-06,6.832466628741162173e-06,7.167171168887177422e-06,7.494276065882460388e-06,7.513533385515119293e-06,7.900965877475679331e-06,8.288704014734449876e-06,8.713458764093553528e-06,8.730881137803042497e-06,9.217346339449375008e-06,9.726163255956525035e-06,9.744057110380076464e-06,1.031005020629633085e-05,1.092328233489466221e-05,1.094583098678140636e-05,1.163314294278294620e-05,1.234753661733764607e-05,1.317221239849709075e-05,1.322325089103324174e-05,1.405245284593696124e-05,1.505919655810463077e-05,1.514734718904165177e-05,1.610477955869042769e-05,1.733709047026694576e-05,1.870925901300020248e-05,1.892076157578890470e-05,2.009616307363489964e-05,2.177439625477450535e-05,2.212985884531024972e-05,2.344193696926700991e-05,2.548345659825233741e-05,2.773449336213224431e-05,2.848307753911980014e-05,2.994329304055338213e-05,3.261845614107713120e-05,3.378692932543637993e-05,3.522695291307202892e-05,3.831018787326518054e-05,4.007057456704226045e-05,4.130803202663286980e-05,4.467774771174566086e-05,4.806450961035035766e-05,5.101973767861286995e-05,5.132992628889635747e-05,5.445767766228597022e-05,5.838777925394668411e-05,5.763492126831408138e-05,5.995565265113871051e-05,6.147386602981925422e-05,6.678996615468525461e-05,6.419040065788797738e-05,6.428820066305380532e-05,7.060864463324401390e-05,6.796776748279915060e-05,6.711044390053954895e-05,7.409527678256418160e-05,7.292628784590984034e-05,7.215119254208994548e-05,7.178434992420475419e-05,7.766384209403636612e-05,7.964013993530247098e-05,8.048153810941179715e-05,8.381981947329808936e-05,8.510145558004628716e-05,8.519123635191909298e-05,8.519123635191909298e-05,8.555931250845098671e-05,8.467349782573511030e-05,8.164485688587034423e-05,8.188807962463262450e-05,8.096475228513603335e-05,7.547424384778613654e-05,7.750310381642761556e-05,7.997295911915322519e-05,8.280550677048643244e-05,7.570639124507328214e-05,7.783601648230504123e-05,8.192076747921181706e-05,7.508020554444690695e-05,7.554088888555969290e-05,7.909624861637683756e-05,7.304105509716518694e-05,7.144634924285874693e-05,6.881475379561435629e-05,6.981181958546485661e-05,6.514832955669503734e-05,6.141356135791112671e-05,6.103257565055403354e-05,5.746016353268725826e-05,5.335596153829333643e-05,4.926184958334197246e-05,4.771780709539242860e-05,4.554193263223924861e-05,4.177696540808692238e-05,3.998194757823536209e-05,3.851322066726423500e-05,3.523922359943373363e-05,3.342501497498351923e-05,3.246763453009972067e-05,2.971214839798212094e-05,2.721211744709767748e-05,2.559130290062518149e-05,2.512224670542396044e-05,2.307119163792825019e-05,2.162756783591256591e-05,2.134421410215472099e-05,1.967288675445043111e-05,1.817314461136277135e-05,1.700669834844349172e-05,1.688620144708514212e-05,1.566715156849152662e-05,1.466394324175603361e-05,1.459668885532890740e-05,1.360403075645461939e-05,1.274586723706381108e-05,1.192220598377208426e-05,1.189764597798013871e-05,1.116630162090859750e-05,1.049308527939563895e-05,1.047853776793857182e-05,9.876375480494618955e-06,9.302051832841153718e-06,9.291175030559019224e-06,8.792562801126391241e-06,8.339034547593968485e-06,7.886466397675870224e-06,7.875970940779179359e-06,7.496691272202071825e-06,7.108654293246845220e-06,7.095686238855271975e-06,6.776472035198195261e-06,6.483205796285198839e-06,6.173664582916184213e-06,6.156699735493285153e-06,5.907304141836979358e-06,5.639664462990897705e-06,5.620020850739987055e-06,5.406589301354413919e-06,5.174361401043488385e-06,5.152484277735611522e-06,4.968697786289468195e-06,4.797516076734361996e-06,4.608242010344735543e-06,4.583609329014842454e-06,4.434782485395336718e-06,4.268923858729174082e-06,4.243161069611603957e-06,4.113036625354093258e-06,3.990748612428925962e-06,3.853363543820795914e-06,3.826278316758975204e-06,3.718434847755756821e-06,3.596860420789066906e-06,3.569548334990483988e-06,3.473966869647902380e-06,3.365992880645304902e-06,3.338725975391505190e-06,3.253609313590112474e-06,3.172767000441649832e-06,3.081412127713437106e-06,3.054229979558479239e-06,2.981728304990319100e-06,2.899853381050340173e-06,2.873189044150091632e-06,2.807901006232009405e-06,2.745500012366697349e-06,2.675253806003809920e-06,2.649231114050148987e-06,2.592699590127637877e-06,2.529216154239882494e-06,2.503964366624775941e-06,2.452571011478721011e-06,2.403190754992276066e-06,2.348032385718701379e-06,2.323719481448334250e-06,2.278598392393553291e-06,2.228373048674122375e-06,2.204939252411778221e-06,2.163587147718986964e-06,2.117729151114036935e-06,2.095183724597416263e-06,2.057179462518331445e-06,2.020448918570904398e-06,1.979989707509083457e-06,1.958521103932152951e-06,1.924627946921326746e-06,1.887446752448029925e-06,1.866862886654730755e-06,1.835513043724484886e-06,1.805111624429270273e-06,1.771993018614928572e-06,1.752482577258996799e-06,1.724266316388483136e-06,1.693654987108196032e-06,1.674986378658527018e-06,1.648744399570017388e-06,1.620391345182225402e-06,1.602536027496943685e-06,1.578082768858148073e-06,1.554279907503786555e-06,1.528733982512796390e-06,1.511868281194846280e-06,1.489627005526622532e-06,1.465849552595149042e-06,1.449731366572341993e-06,1.428914235166812404e-06,1.408606622300964187e-06,1.387031391883420493e-06,1.371825262284371924e-06,1.352773085159738003e-06,1.332603986194210482e-06,1.318075229428818436e-06,1.300174579687943076e-06,1.282680040168088217e-06,1.264264693393408525e-06,1.250564765204405061e-06
1.319196800450649526e-06,1.337763915542831649e-06,1.353165517777851296e-06,1.371330134018118188e-06,1.389890541828205857e-06,1.410139668868112381e-06,1.426550493567894418e-06,1.446265979862478346e-06,1.467868350581128048e-06,1.485103517811104486e-06,1.506072848962372835e-06,1.527530957639947101e-06,1.551219367471102702e-06,1.569592464257634553e-06,1.592461029710655118e-06,1.617830456436089554e-06,1.637135419402403555e-06,1.661542485075217110e-06,1.686562268795655745e-06,1.714554492334064447e-06,1.735134025525906229e-06,1.761898586439385821e-06,1.792008093389076731e-06,1.813633849257108547e-06,1.842312205240235527e-06,1.874759961445079343e-06,1.897484979834446332e-06,1.928267512670898503e-06,1.959918350030945436e-06,1.996084092547900441e-06,2.020283266339572145e-06,2.054352916751987445e-06,2.093528431159838776e-06,2.118940425085380233e-06,2.155687657590884651e-06,2.193574076231101541e-06,2.237609630228272380e-06,2.264611153730434628e-06,2.305612064474855279e-06,2.353590849011790225e-06,2.381900462433489223e-06,2.426376493757225786e-06,2.478780929482871514e-06,2.508435158024308832e-06,2.556801689746578556e-06,2.606907479266468626e-06,2.666629604427935699e-06,2.697951497084032834e-06,2.752673192536813566e-06,2.818353950598782853e-06,2.851041523925297373e-06,2.910981766554355414e-06,2.973352607199344453e-06,3.049072980208081673e-06,3.083330289472840742e-06,3.152001216212268811e-06,3.235920985485075871e-06,3.271448469296199468e-06,3.347323848315855008e-06,3.426708743435443760e-06,3.524723142841033613e-06,3.561496548021072367e-06,3.649757094519209365e-06,3.759319817150391064e-06,3.797066229286236393e-06,3.895611406822745653e-06,4.018509343866545465e-06,4.057028827879283660e-06,4.167555898752242787e-06,4.284324894991541523e-06,4.430820969121563774e-06,4.469492293126202021e-06,4.601516334314802411e-06,4.767425368089170540e-06,4.806082400477550536e-06,4.956159364355748392e-06,5.116115398991177816e-06,5.317107623977942423e-06,5.354504128471212776e-06,5.538076263468761102e-06,5.767990337268894501e-06,5.804148975122294971e-06,6.016150705795519267e-06,6.280115256645468420e-06,6.314391280303024107e-06,6.560845257364738412e-06,6.827435662592082843e-06,7.154573942643270484e-06,7.185168398605840497e-06,7.498662294952685594e-06,7.877738971646047273e-06,7.905333898416856545e-06,8.276681272820802591e-06,8.683225772358773545e-06,9.159911806607808830e-06,9.184848285297493489e-06,9.672348026316236427e-06,1.022844083408013427e-05,1.025276726440961090e-05,1.084170269900627783e-05,1.149421001966367490e-05,1.151817313363698990e-05,1.223480959164503243e-05,1.303220939085877611e-05,1.385531346331340681e-05,1.390738771427956168e-05,1.488799680731020673e-05,1.584501881509899621e-05,1.593086109917483590e-05,1.714313175758086060e-05,1.850211559428682133e-05,1.969470089717072781e-05,1.990076017267241462e-05,2.158809391605575974e-05,2.293879128441345014e-05,2.328903618131870714e-05,2.538160755702173783e-05,2.771852369524612566e-05,2.927868254162887773e-05,3.003972495164636673e-05,3.289638374092282517e-05,3.450239565733019802e-05,3.571450703933488614e-05,3.912955853974517319e-05,4.062752228109017095e-05,4.249178774823387546e-05,4.640837802609562910e-05,5.047484656350952460e-05,5.122986759799207952e-05,5.444595746874838116e-05,5.850550217522574947e-05,5.821839927342481924e-05,6.256563939228371543e-05,6.595579646686270574e-05,6.850957756266265778e-05,6.592784994959220127e-05,7.194512940428968227e-05,7.268910004701214633e-05,6.940027816072101205e-05,7.669761524279909075e-05,7.576974275012827390e-05,7.363263495363115264e-05,8.169085674453040755e-05,8.018709179876845302e-05,7.889988059158023655e-05,8.093331081595612206e-05,8.712548178560659828e-05,8.747093392214305848e-05,9.021064194711194187e-05,9.256695393228778375e-05,9.255848585171236776e-05,9.255848585171236776e-05,9.312706079548468583e-05,9.106432029954896281e-05,8.892915278049394641e-05,8.998023320475616760e-05,8.423422100705578930e-05,8.358723292805661476e-05,8.692877321329501856e-05,9.044599934501951633e-05,8.234286494148134470e-05,8.627112185494006642e-05,8.853253565973550634e-05,8.071239819367353227e-05,8.538675631917270754e-05,8.504696728088476890e-05,7.823384999242099288e-05,8.161359765030577003e-05,7.873978737471454736e-05,7.479030825307463005e-05,6.963785393817854851e-05,7.000199281110938861e-05,6.512189537256336629e-05,6.123019936243302393e-05,6.027313481325564194e-05,5.533237879687771289e-05,5.056312820749083098e-05,4.825023385855052642e-05,4.637418995267773283e-05,4.219856894339526284e-05,4.066637947336177746e-05,3.866448808017170511e-05,3.516640162474810212e-05,3.418617038277144382e-05,3.225255638540466303e-05,2.939269392905514367e-05,2.683137971077528816e-05,2.636521557130305256e-05,2.470460194777067054e-05,2.264551079284709016e-05,2.236800252698982410e-05,2.091208936228973971e-05,1.926108709412008058e-05,1.779021467017616380e-05,1.767416706661379891e-05,1.651683033301099259e-05,1.533444875617255112e-05,1.526864318848565670e-05,1.428078520735815088e-05,1.332616228954966879e-05,1.247056077025528332e-05,1.244763504362800908e-05,1.167258710305815661e-05,1.097529866446173206e-05,1.095649954369394845e-05,1.030110074464840762e-05,9.728982671532406659e-06,9.712509331757215099e-06,9.154986744503237306e-06,8.682223630309244977e-06,8.252206903196349547e-06,8.234905157056462892e-06,7.796415508508665671e-06,7.436863388049491782e-06,7.416817257016210622e-06,7.041269891283001305e-06,6.738440603658882098e-06,6.459814786996832871e-06,6.435672453443746142e-06,6.136029644199073660e-06,5.898647958850245167e-06,5.872072427521662288e-06,5.613004458666701493e-06,5.409379408265103616e-06,5.380912177926252586e-06,5.156065629124808828e-06,4.980248207337597943e-06,4.816079692384982362e-06,4.785331715351247315e-06,4.601746850619626450e-06,4.458576199935108837e-06,4.427136084677731772e-06,4.266141243354878336e-06,4.140560278108568358e-06,4.022223785855033590e-06,3.990006063243776497e-06,3.856344761333082881e-06,3.751646813673570010e-06,3.719624078534497087e-06,3.601224826493453853e-06,3.508133172990334378e-06,3.476553312975668806e-06,3.371285281164819578e-06,3.288125996815977097e-06,3.208943363223517341e-06,3.177923388099641381e-06,3.088635841267236197e-06,3.017414834719900850e-06,2.987249323763731331e-06,2.907136584577639856e-06,2.842823221154140064e-06,2.781216142579538725e-06,2.752090999924613906e-06,2.683191161812771745e-06,2.627238958850345367e-06,2.599159321367800513e-06,2.536824575177530800e-06,2.485838631386891656e-06,2.436756290252039900e-06,2.409939918419593188e-06,2.355659356368738540e-06,2.310718315443889532e-06,2.285000991675499069e-06,2.235525368858381640e-06,2.194260140722139356e-06,2.169630318238339846e-06,2.124412906563087554e-06,2.086422345507641775e-06,2.049651215618657407e-06,2.026333729783118211e-06,1.986364062048912789e-06,1.952383028108768337e-06,1.930108319911648597e-06,1.893345724511814150e-06,1.861872088009126872e-06,1.831314510117203585e-06,1.810300573561111806e-06,1.777501234318046424e-06,1.749107963782085101e-06,1.729061189394119161e-06,1.698722907514955497e-06,1.672289387662136456e-06,1.653169387644183723e-06,1.625049872470748905e-06,1.600395578492099471e-06,1.576376359510961149e-06,1.558381091789749693e-06,1.533012458856662293e-06,1.510552296804251167e-06,1.493394875232719241e-06,1.469768914756467751e-06,1.448733001826184671e-06,1.428198116977129464e-06,1.412060653280805920e-06,1.390599569857151493e-06,1.371324062042162486e-06,1.355936177773178086e-06,1.335864392240092755e-06,1.317745596213704629e-06,1.300028595594989943e-06,1.285556078260348857e-06,1.267213200086087284e-06
1.338077910359792137e-06,1.355916442841683450e-06,1.374135762087400275e-06,1.390385947098720644e-06,1.410344667004075926e-06,1.429687623981049593e-06,1.449459185715965946e-06,1.468047045064498853e-06,1.488608389541478801e-06,1.509637458506376043e-06,1.527899134182334270e-06,1.551172720532482398e-06,1.573568996607745755e-06,1.596496059802617802e-06,1.617683615831466336e-06,1.641569155895700820e-06,1.666037218822958711e-06,1.686591365387965646e-06,1.713986906359256276e-06,1.740138702813247417e-06,1.766957828182581866e-06,1.791209199797055584e-06,1.819204597161052870e-06,1.847937129693253299e-06,1.873666008808008544e-06,1.903684558022662976e-06,1.934519609452190390e-06,1.958914317210808871e-06,1.994080095784900963e-06,2.027231086507894664e-06,2.061332132250660079e-06,2.090951885692087567e-06,2.126660422996288737e-06,2.163429587823431408e-06,2.190899524253389514e-06,2.233468795471584611e-06,2.273197309314231415e-06,2.314176510410117186e-06,2.348400586212855191e-06,2.391421151811722528e-06,2.435850603560882249e-06,2.472296221843615784e-06,2.518990336149798657e-06,2.567277599816444175e-06,2.599722211640508171e-06,2.656914174757620454e-06,2.709529716209418168e-06,2.764065581339754562e-06,2.806342014489385853e-06,2.863831210237242848e-06,2.923515610877363635e-06,2.959656157939976499e-06,3.031584966778794074e-06,3.097103690824095299e-06,3.165318259100698514e-06,3.214404610583022179e-06,3.286562545865832827e-06,3.361840561093674018e-06,3.401618089123247997e-06,3.493899977661508527e-06,3.577276119981781826e-06,3.664565878058252706e-06,3.721452685612787746e-06,3.814158330634805116e-06,3.911456915838722111e-06,3.971952542451108834e-06,4.075461227339467350e-06,4.184390898990510936e-06,4.228494702342344344e-06,4.364693688896287788e-06,4.487214925986482346e-06,4.616766340336132186e-06,4.686017314618776652e-06,4.824513478619052452e-06,4.971440197557872389e-06,5.016557782308790861e-06,5.201780931820537199e-06,5.369341490234146100e-06,5.548129081960032449e-06,5.625640998421138682e-06,5.817863447683043016e-06,6.023779249081042670e-06,6.104127456376124341e-06,6.326022181793482645e-06,6.564728806857376601e-06,6.605848420323083163e-06,6.904883243569733887e-06,7.183498010408624897e-06,7.485373310042865269e-06,7.568115800653589409e-06,7.895636981405294730e-06,8.252205455338561973e-06,8.284884929191120215e-06,8.720583490697762899e-06,9.144945326200610211e-06,9.610548125246437157e-06,9.682789773512518383e-06,1.019172886087271949e-05,1.075293716194142165e-05,1.077704097740147858e-05,1.142830202512446510e-05,1.210992907871921198e-05,1.213343727939870431e-05,1.290030386940230542e-05,1.373429498489503554e-05,1.466497129140696072e-05,1.466624790969296053e-05,1.569363005979659961e-05,1.684450972313152818e-05,1.691643410376433043e-05,1.807448614415182732e-05,1.950470178394356083e-05,2.111240415584966003e-05,2.098720838330029098e-05,2.276982794789074655e-05,2.477389373722247885e-05,2.512079508412343098e-05,2.679238528036059747e-05,2.928294821699961410e-05,3.206458406894670737e-05,3.174984777987997265e-05,3.481513177188161215e-05,3.820133958650704227e-05,3.782369024081608260e-05,4.151777239720172229e-05,4.551492740385349221e-05,4.766904150270559671e-05,4.940975369590861588e-05,5.386391644322006072e-05,5.836117122340624786e-05,5.820462076641558675e-05,6.267417472678692961e-05,6.677195447074903438e-05,7.204679199013248718e-05,7.091266707544163924e-05,7.369288047892255797e-05,7.516599947545552656e-05,7.774084697905207699e-05,7.857513894151568106e-05,7.786916310443646059e-05,8.379399450350499454e-05,8.300234449592534618e-05,8.126876304736835484e-05,8.999803125507750690e-05,8.958939330911979586e-05,8.879845106942387705e-05,8.931169528811676664e-05,9.792647003554769895e-05,9.825482304871002162e-05,9.944861633252901332e-05,1.007464134833633532e-04,1.007464134833633532e-04,9.973117152539466123e-05,9.931778174867151839e-05,1.002903287941611042e-04,9.167555404673017184e-05,9.301931526899925970e-05,9.602683138178977904e-05,9.854859210689168036e-05,8.997866814320869939e-05,9.375034113886473086e-05,9.614306172526182828e-05,9.021822894872587252e-05,9.199418269061106625e-05,9.169740443805757452e-05,8.912227533840354405e-05,8.771401046419736015e-05,8.461724750665952904e-05,8.612277289783317727e-05,7.987232311561717215e-05,7.498171798854575299e-05,6.960677735312273276e-05,6.975180678990555716e-05,6.429490472598331724e-05,5.887537004739303167e-05,5.670077021461509149e-05,5.402493456189720649e-05,4.913647355024585594e-05,4.461189943789147942e-05,4.497315918276038860e-05,4.082433620500821084e-05,3.706562772734067323e-05,3.736673545700776159e-05,3.396080749161266521e-05,3.091079845887930306e-05,2.884990879187883557e-05,2.838457749587824388e-05,2.593835865380707370e-05,2.376404930427034745e-05,2.388382522251680375e-05,2.193086359754234285e-05,2.019595269805754783e-05,1.879223020392487424e-05,1.869550397037626790e-05,1.730871467186918068e-05,1.607362534185857383e-05,1.607240398966365330e-05,1.495940272141649574e-05,1.396492451893736574e-05,1.305322215565995029e-05,1.303505623669717164e-05,1.222933646022265327e-05,1.146156061657175481e-05,1.144727553246718382e-05,1.078995335700612334e-05,1.019628205708651904e-05,1.012716782255527388e-05,9.586954644536433668e-06,9.096753587534155250e-06,8.593396437954274367e-06,8.573736962312734518e-06,8.165880841459951056e-06,7.793039686820635946e-06,7.713879201989146651e-06,7.371952933597625093e-06,7.057918418882767902e-06,6.719340839482529048e-06,6.689996942285442932e-06,6.423550230302250881e-06,6.177106012797762637e-06,6.100236160345009585e-06,5.872557838731928850e-06,5.661072027169142483e-06,5.586915679662678395e-06,5.391034525932683559e-06,5.208345612097770087e-06,5.004190473390834495e-06,4.967780707084279463e-06,4.808971135208557342e-06,4.659972634294698753e-06,4.593719604457128563e-06,4.454840923899069152e-06,4.324088011765598830e-06,4.176623866162505734e-06,4.139310831783249165e-06,4.023944834095430469e-06,3.914779197720260926e-06,3.856902487731541377e-06,3.754590820711004289e-06,3.657495639381219126e-06,3.603071519037553617e-06,3.511899536205738591e-06,3.425141506315244951e-06,3.327424866828201177e-06,3.292413113568791143e-06,3.214555707676473597e-06,3.140179348935114278e-06,3.093217995061557735e-06,3.023063971738289770e-06,2.955897133147001319e-06,2.880798428376784637e-06,2.848392338025349646e-06,2.787514794765321033e-06,2.729044008429719314e-06,2.688597764663434654e-06,2.633231677592927798e-06,2.579957304472303867e-06,2.520984135908611214e-06,2.491496784654918645e-06,2.442807552785146188e-06,2.395836266265132800e-06,2.360968415515777650e-06,2.316340969450555905e-06,2.273223629733556954e-06,2.240481148652099105e-06,2.199465394618083656e-06,2.159782407716281001e-06,2.116525298069101428e-06,2.091225884326898672e-06,2.054613853684201822e-06,2.019121959624345447e-06,1.990784475150453562e-06,1.956927414300799588e-06,1.924068464556456902e-06,1.888651287337295532e-06,1.866025426484183639e-06,1.835539924104832847e-06,1.805905324919360225e-06,1.781290274902594152e-06,1.752950364635496561e-06,1.725375076673008375e-06,1.702173571368289222e-06,1.675778499613565834e-06,1.650072578233617549e-06,1.622762726410226999e-06,1.603559316695139188e-06,1.579554534498113304e-06,1.556147239234122194e-06,1.535876913851620462e-06,1.513423827683739310e-06,1.491513056316982560e-06,1.468454558209229963e-06,1.451323847514317327e-06,1.430782794670334650e-06,1.410716789516579899e-06,1.392933617325982653e-06,1.373648816053905933e-06,1.354797868019063989e-06,1.335126887791753832e-06,1.319833249463328783e-06,1.302100020383107138e-06,1.284750258795815349e-06
1.357440470023117615e-06,1.373684302375970070e-06,1.392197424432700599e-06,1.412112734019267275e-06,1.429213839540754013e-06,1.448868624432008946e-06,1.470088240659554511e-06,1.490687347116489610e-06,1.508993847745476126e-06,1.530354244874831965e-06,1.553560236759015218e-06,1.572855140683682554e-06,1.595601939672967849e-06,1.620416555317469640e-06,1.644340171011181686e-06,1.665019482379161266e-06,1.689855935770371850e-06,1.717146431005107838e-06,1.738964503919104100e-06,1.765503748375663682e-06,1.794803701426721153e-06,1.822831283387226426e-06,1.846235240590898163e-06,1.877747873815452121e-06,1.907797412620453016e-06,1.932509890785578810e-06,1.963761050795992542e-06,1.998737097882822439e-06,2.024839727673390221e-06,2.058421618865461338e-06,2.096218368522040880e-06,2.131934012520818961e-06,2.159948669776851296e-06,2.197142101442176018e-06,2.239415907183518053e-06,2.269014266227347961e-06,2.309170993988813530e-06,2.355101028610617617e-06,2.398075979063028743e-06,2.429820947250816914e-06,2.479839738577521786e-06,2.526464141470253759e-06,2.559990552241140202e-06,2.608648018698828664e-06,2.665300760343359550e-06,2.700697797501157829e-06,2.753651810932278653e-06,2.815745933285734351e-06,2.873031082024944855e-06,2.910879150126815143e-06,2.970769158599879462e-06,3.041852286422699906e-06,3.081733665648447881e-06,3.147367881769446412e-06,3.225850554053869491e-06,3.297544886418947752e-06,3.339976669320568686e-06,3.415096549314150335e-06,3.506047927908482093e-06,3.550585078589366178e-06,3.633602700715455146e-06,3.734859500129776101e-06,3.826607802607991838e-06,3.873586587107808878e-06,3.986709606346824201e-06,4.088998966143977815e-06,4.137963319093903395e-06,4.245601361298794916e-06,4.379333668642340122e-06,4.430160279482652045e-06,4.550871656301766934e-06,4.701740339609365798e-06,4.837835286494440204e-06,4.890252961178091582e-06,5.034127749370452799e-06,5.215468956193123426e-06,5.269054481990699507e-06,5.432583242206245183e-06,5.639376695795741303e-06,5.826949676110165374e-06,5.880613067368304473e-06,6.117438157596182766e-06,6.333423310728507058e-06,6.386860658636619808e-06,6.617519708130057336e-06,6.909560310882993843e-06,6.961921437411436028e-06,7.230283123992761494e-06,7.568629734406759110e-06,7.884779782306533617e-06,7.933440305604500437e-06,8.275039320365276907e-06,8.700456638400077804e-06,8.745648328170465104e-06,9.151397651274107708e-06,9.649773339108735611e-06,1.013701506623360143e-05,1.017655214998511209e-05,1.071201536160854767e-05,1.134989531391502915e-05,1.138541893361835803e-05,1.203637132160326122e-05,1.278994281686288477e-05,1.282311207020491172e-05,1.362163053497449887e-05,1.451282136619648707e-05,1.548950454024179026e-05,1.553667274080191367e-05,1.664749354659622940e-05,1.780010856888526187e-05,1.787195535008111714e-05,1.926498519083425127e-05,2.062070118016724859e-05,2.231976597908510955e-05,2.250502721251103162e-05,2.449935727224751957e-05,2.621161815839038808e-05,2.654696479723412519e-05,2.907551914362003511e-05,3.101545044114368123e-05,3.399533188009972546e-05,3.481329333844300017e-05,3.693163396816321323e-05,4.058521341478445285e-05,4.197661904478046271e-05,4.639499172078516068e-05,4.849035918014057072e-05,5.076618357540079276e-05,5.596954769476642383e-05,5.758820909136490724e-05,6.253414396930617064e-05,6.675567339970098495e-05,7.222306141877272631e-05,7.177724729405609661e-05,7.765590855817005157e-05,8.199285617965179033e-05,7.945153064513506020e-05,8.100156022101822229e-05,8.919482429282902147e-05,8.529744013675654270e-05,8.462776407908417092e-05,9.439860528516334000e-05,9.199122774570096762e-05,9.028102941206405058e-05,1.002658132043870109e-04,9.811732208877654415e-05,1.006172922212261419e-04,1.017158201536386315e-04,1.072701644920067885e-04,1.083279032577309483e-04,1.095826577656365227e-04,1.095826577656365227e-04,1.086720306472350133e-04,1.086069693370569076e-04,1.035645633692573861e-04,1.042850395933079025e-04,1.035737016489543977e-04,1.085167229045795839e-04,9.883159026387821049e-05,1.029755287753486982e-04,1.076799119859132305e-04,9.746633148748128170e-05,9.946166667492261216e-05,1.050408929680326175e-04,9.587292961370339102e-05,9.447204609007382780e-05,9.782165645956587591e-05,9.280325054836852312e-05,8.584736968232257537e-05,8.641137678682798506e-05,7.983560214948599127e-05,7.471927224094543167e-05,6.870939731982705901e-05,6.667312552805686535e-05,6.032690547535732984e-05,5.748611563458899264e-05,5.486011079040985943e-05,4.944959744202538372e-05,4.767346697717918404e-05,4.319011354518770881e-05,4.055522007627845665e-05,3.948796370057981649e-05,3.583636039522486699e-05,3.344070034126438368e-05,3.034771379443038490e-05,2.989350893927241563e-05,2.779594114214665833e-05,2.536764066052262496e-05,2.511607310645148680e-05,2.305545863179025561e-05,2.141259792466519813e-05,1.973040568737433520e-05,1.963764951113428390e-05,1.825308041146753336e-05,1.692255370487468367e-05,1.687117807121022437e-05,1.570806609395459865e-05,1.465017520652095829e-05,1.370577165007406413e-05,1.368130690699672405e-05,1.279458149948559063e-05,1.203241767646188066e-05,1.200961551172324777e-05,1.126543460217732011e-05,1.064494947404451585e-05,1.061994505807646117e-05,1.005854442335298512e-05,9.484212364394821679e-06,9.021277366366610027e-06,8.990977629194946361e-06,8.504775853958327833e-06,8.119138480579645551e-06,8.084802623370505723e-06,7.729567086733071340e-06,7.347568834605628545e-06,7.049320124915431859e-06,7.009904736319045790e-06,6.682775571079314680e-06,6.428979012638415803e-06,6.387423419719698873e-06,6.150590499297503783e-06,5.888419564994085122e-06,5.845566286952502399e-06,5.641743310772764572e-06,5.414493554277983205e-06,5.238753662429335986e-06,5.194490582160387299e-06,4.996617182128617307e-06,4.843293029957899273e-06,4.799272468413048437e-06,4.654508299570407025e-06,4.491641404989862358e-06,4.364565743404033480e-06,4.320932861645424794e-06,4.177492859700967895e-06,4.064984834349468728e-06,4.022488976896723136e-06,3.915680912257275088e-06,3.795528141791004080e-06,3.754368131828738429e-06,3.659174942528352891e-06,3.552245071684529010e-06,3.466870055377180921e-06,3.427333832682341899e-06,3.331814233345634630e-06,3.254982341772014590e-06,3.217062688486514383e-06,3.143753544106621452e-06,3.062015944341009002e-06,2.995415444509080627e-06,2.959436203647238760e-06,2.885763075206924602e-06,2.825261227847231509e-06,2.790949137515395494e-06,2.733075627991427426e-06,2.669191048357734973e-06,2.616040036549612564e-06,2.583723723169601099e-06,2.525683122690223635e-06,2.477020148930482622e-06,2.446298998634882693e-06,2.399658262933294443e-06,2.348741315357208729e-06,2.319555780360809239e-06,2.276706075861608120e-06,2.230121699861904817e-06,2.190285540413748147e-06,2.162941357903314544e-06,2.120212861685925170e-06,2.083414862934534998e-06,2.057467134326176499e-06,2.022118819887424833e-06,1.984114307261489344e-06,1.951018415780820412e-06,1.926750099713703880e-06,1.891685618223607334e-06,1.860953111326565619e-06,1.837930717546936110e-06,1.808368921272854660e-06,1.776917406180583738e-06,1.755073526175174921e-06,1.727555656638766032e-06,1.698386280419305352e-06,1.672414768169013000e-06,1.651995032453447019e-06,1.624890655258987928e-06,1.600624604462870121e-06,1.581241841367070037e-06,1.557859341578352343e-06,1.533302102044459066e-06,1.511129910476169415e-06,1.493004765802538269e-06,1.470085868012755148e-06,1.449292251904118722e-06,1.432074875443679286e-06,1.412015746947525718e-06,1.391122361356563410e-06,1.372025649373676768e-06,1.355913100217392586e-06,1.336337636424457277e-06,1.318369313260237653e-06,1.303049431287765162e-06
1.374200216881257154e-06,1.392733522246692915e-06,1.410654416587022129e-06,1.429918052608340237e-06,1.449595418299186184e-06,1.468553067145119944e-06,1.489020129710747589e-06,1.509937411049281024e-06,1.531320026658048321e-06,1.551781775548572599e-06,1.574045086206622204e-06,1.596816255859578453e-06,1.618506511713560303e-06,1.642233570618559086e-06,1.666516047827323685e-06,1.691374140698133257e-06,1.714851230944202021e-06,1.740781670022648308e-06,1.767343738416604528e-06,1.792283916314908291e-06,1.820014808147886950e-06,1.848440422896878979e-06,1.879783363879737192e-06,1.904661766011543323e-06,1.935129700655526912e-06,1.966395119539771436e-06,1.995219472293999510e-06,2.027930551523275847e-06,2.061524521662485632e-06,2.092242437903193507e-06,2.127422890585718600e-06,2.163583548832330951e-06,2.200768786425436508e-06,2.234256257159093511e-06,2.273253161857806924e-06,2.313392952076280405e-06,2.349159962654180189e-06,2.391299215236258337e-06,2.434717465049370476e-06,2.484298741280398892e-06,2.518585342045768042e-06,2.565651933058556101e-06,2.614230050373562547e-06,2.656088146092490764e-06,2.707227008034715885e-06,2.760073118466849567e-06,2.804915176019154826e-06,2.860614052936731538e-06,2.918248894344219771e-06,2.977933550626023256e-06,3.027148586410855506e-06,3.090175423093637343e-06,3.155542539879639848e-06,3.208358340179107371e-06,3.277479136608453498e-06,3.349284117489177346e-06,3.423951559636099610e-06,3.482032336723516336e-06,3.561161257431455985e-06,3.643599407416676903e-06,3.705998652738483504e-06,3.793496164105553258e-06,3.884839722159848188e-06,3.996098208172822687e-06,4.048992710410778506e-06,4.150591944665909473e-06,4.257042652908219424e-06,4.330813328175397828e-06,4.444284405367326029e-06,4.563480657354240235e-06,4.642674191149216405e-06,4.769963327990759744e-06,4.904051860670729445e-06,5.045555026764695985e-06,5.132429423152221865e-06,5.284024337306126409e-06,5.444522624848392476e-06,5.537410066002789709e-06,5.709716331876160500e-06,5.892790371442642104e-06,6.124279557463852420e-06,6.188752401597153530e-06,6.398846683767636823e-06,6.623483961413005573e-06,6.730392768510800671e-06,6.973065042231302912e-06,7.233681538583577358e-06,7.345959667094605923e-06,7.628212290259850632e-06,7.932782935159505752e-06,8.262412228435932887e-06,8.380115847532268751e-06,8.738821176332223084e-06,9.129106037899557629e-06,9.248545875470168634e-06,9.674479568533453594e-06,1.014053076728010199e-05,1.065219981186516930e-05,1.076851560117817132e-05,1.133000236673885948e-05,1.195016510235668154e-05,1.205767966831646519e-05,1.274036348395141008e-05,1.349904109166778207e-05,1.358932166087057355e-05,1.442711817351212297e-05,1.536391747878335096e-05,1.641480505361383245e-05,1.646269159030860050e-05,1.762995131267403850e-05,1.894668984456788076e-05,1.894223698506872772e-05,2.040899900199340177e-05,2.207153934268257146e-05,2.395927146291855928e-05,2.384822489229230502e-05,2.595993095796298816e-05,2.836285230316821761e-05,2.814063584049637906e-05,3.083122431177309829e-05,3.389028306893300145e-05,3.614311237174631702e-05,3.695792292354380793e-05,4.082628216776301673e-05,4.516854963457996079e-05,4.464919831989721258e-05,4.944920877433175977e-05,5.472431104208123101e-05,5.416936903784009102e-05,5.988093758826097928e-05,6.589998976212981289e-05,7.200928941939625306e-05,7.175790701583697367e-05,7.781835373526921817e-05,8.325563919799053238e-05,8.388551399181138019e-05,8.867197195170445562e-05,9.180256216834403434e-05,8.752520021911931920e-05,9.697780025413441942e-05,9.684766912179031345e-05,9.440048170555167195e-05,1.040578724962118180e-04,1.017895706623203470e-04,9.900310864649704593e-05,1.126290479890297509e-04,1.109238234897886563e-04,1.110293600071214279e-04,1.134133658292934871e-04,1.196622572709287569e-04,1.196201189275735826e-04,1.196201189275735826e-04,1.205183277022327411e-04,1.142694362605974713e-04,1.134015578963885179e-04,1.156930300366359305e-04,1.204137725076346574e-04,1.067878331651019659e-04,1.126987744815141558e-04,1.177051662852132046e-04,1.080477754053748278e-04,1.125232238408253443e-04,1.138537473981228926e-04,1.033711211362516475e-04,1.090928716950420406e-04,1.057253131065759126e-04,1.002176059500342961e-04,9.958127740217941407e-05,9.309625674448419777e-05,8.580374886036581277e-05,8.603818812906867093e-05,7.861391874430676214e-05,7.127783395996821003e-05,6.429845023052983301e-05,6.482901709662957149e-05,5.836676693414786534e-05,5.247762127881172096e-05,5.297446187241706684e-05,4.764901039002203095e-05,4.290178120449027855e-05,4.182746700400242920e-05,3.903953503535198419e-05,3.529571104469598889e-05,3.200457800786046065e-05,3.221717447730576545e-05,2.929104130977315583e-05,2.672317796625090907e-05,2.682941721849594767e-05,2.454598399322020736e-05,2.253943459190526090e-05,2.077378657463176869e-05,2.077804666535511616e-05,1.920255403974469570e-05,1.781055402977440685e-05,1.776474054949745139e-05,1.651918560835565945e-05,1.541321131102641910e-05,1.442832515973183550e-05,1.434195292732492617e-05,1.345561791534598697e-05,1.266180813748494312e-05,1.255894798540341050e-05,1.184215348826961454e-05,1.119643504162706402e-05,1.108515468001825621e-05,1.050008765704258720e-05,9.969971803263856416e-06,9.488092934864815389e-06,9.373823768194858839e-06,8.934652571959981600e-06,8.533211793400044128e-06,8.420603682557426366e-06,8.053560084490173632e-06,7.716257516332814253e-06,7.405369138715473411e-06,7.297951643504694705e-06,7.012212966970475494e-06,6.747559636644835279e-06,6.645279019513874507e-06,6.401334395838894187e-06,6.174353507289722252e-06,6.121537487246367895e-06,5.867919593798638987e-06,5.671875465395655976e-06,5.488251556189127700e-06,5.399385305943750431e-06,5.228939801498820127e-06,5.068685711929249148e-06,4.985572195684811953e-06,4.836463405109718198e-06,4.695777481031885655e-06,4.562783635068927090e-06,4.487018469137160428e-06,4.362828615726684928e-06,4.245066481409953022e-06,4.174489412996941406e-06,4.064295760440851919e-06,3.959508359778676852e-06,3.912736111353153503e-06,3.795562564755421534e-06,3.701892678314508406e-06,3.612459494048247374e-06,3.552761574921879157e-06,3.468671222100771863e-06,3.388200547745905675e-06,3.332634146013326855e-06,3.256841920940058674e-06,3.184159345043583398e-06,3.114380919364769780e-06,3.063851568270677080e-06,2.997969154352729982e-06,2.934602407690228279e-06,2.887517940387264896e-06,2.827600101829427034e-06,2.769872000842948993e-06,2.714204220428096222e-06,2.671303420724322295e-06,2.618554592283693609e-06,2.567612105953101338e-06,2.527566089368681117e-06,2.479231418497130580e-06,2.432487132150908996e-06,2.400860710798428663e-06,2.350666674131618144e-06,2.307665500951081785e-06,2.265998571199137862e-06,2.231779950543397332e-06,2.192127326448597507e-06,2.153661140659860142e-06,2.121623376271933819e-06,2.084975842762110037e-06,2.049387014894508645e-06,2.014808123266192486e-06,1.985420016566968126e-06,1.952425331729758083e-06,1.920336464326126941e-06,1.892759946842340893e-06,1.862110501886057033e-06,1.832275974342792011e-06,1.809013197413473072e-06,1.777850871170110406e-06,1.750062457148367834e-06,1.722979588760820797e-06,1.699119096290251496e-06,1.673192261871379968e-06,1.647904689757701565e-06,1.625443946400883008e-06,1.601214673036932741e-06,1.577566081694067514e-06,1.554476651808182095e-06,1.533725388982432443e-06,1.511576232857141892e-06,1.489936854511751667e-06,1.470360915345326150e-06,1.449586295597000050e-06,1.429277474336415275e-06,1.409418532402334614e-06,1.391281579274231058e-06,1.372195952738895744e-06,1.353522707666190287e-06,1.336377626896643002e-06,1.318418509969592752e-06
1.390445350602143897e-06,1.410042344715137342e-06,1.429305048002191818e-06,1.447199873712360378e-06,1.468059911501269571e-06,1.488526988379370051e-06,1.507421786163264755e-06,1.528664943401995129e-06,1.551429417696607273e-06,1.573690415335435345e-06,1.594005824381425775e-06,1.618319014587316736e-06,1.642044246799578881e-06,1.663528854748374248e-06,1.688185125334382484e-06,1.714854933849004821e-06,1.740778606005643384e-06,1.763921230861273156e-06,1.792512550394985003e-06,1.820235986524262622e-06,1.844748219713048425e-06,1.875450228984567125e-06,1.905143642557401573e-06,1.935594369586807859e-06,1.962042904408800346e-06,1.996004131704835051e-06,2.028694755170758328e-06,2.056748798138058242e-06,2.093378543831416972e-06,2.128534280622953640e-06,2.158310098007035184e-06,2.194968848538321437e-06,2.235769911530038129e-06,2.274719379227649952e-06,2.306912241045769139e-06,2.351139659998785043e-06,2.393220715802859423e-06,2.427428182136643138e-06,2.475474720376304174e-06,2.521033205528847716e-06,2.567999148560986638e-06,2.605009878516225592e-06,2.659144715519588411e-06,2.710159339835235367e-06,2.749514360268742479e-06,2.808676039218571670e-06,2.864220913181383620e-06,2.906078961474752044e-06,2.964225441319409554e-06,3.031533353178268541e-06,3.094308568523124073e-06,3.139578808143188137e-06,3.213640757040340330e-06,3.282448619149502990e-06,3.330580854035824131e-06,3.402749197669857476e-06,3.487960984797856573e-06,3.566594599897021732e-06,3.618527787895283183e-06,3.713027482556032470e-06,3.799906438712453481e-06,3.855025764906975997e-06,3.960179425576516896e-06,4.056508907537668832e-06,4.157146206431750991e-06,4.216313896485812555e-06,4.339579229761154673e-06,4.451842604579158197e-06,4.514383437479792796e-06,4.652849147110889563e-06,4.778617205256348510e-06,4.844558453751720688e-06,4.977330913618457280e-06,5.142266679497039594e-06,5.291508473589128143e-06,5.361220496135484018e-06,5.548507450659927637e-06,5.717830081329187368e-06,5.790565637022380998e-06,6.004190308355283773e-06,6.197368903973142294e-06,6.402855636736419484e-06,6.478083945648571818e-06,6.739290967185110532e-06,6.976076942640671588e-06,7.053054155678269362e-06,7.354780521548822547e-06,7.629486564301772784e-06,7.707293029959119023e-06,8.001560452298629806e-06,8.378588441708661243e-06,8.725575994138180612e-06,8.801204079684010216e-06,9.242692107088591911e-06,9.653494610295544745e-06,9.726435691567931926e-06,1.017192761252088860e-05,1.073654933777596536e-05,1.127454176957112765e-05,1.134000754481095369e-05,1.201018283908035793e-05,1.266240020386657917e-05,1.272098891028739706e-05,1.351984691364405331e-05,1.431809635824970520e-05,1.436873629632082783e-05,1.525932491996459861e-05,1.631064405170419183e-05,1.741745099636510361e-05,1.746708137334929278e-05,1.873020373749032042e-05,2.011942367530732603e-05,2.017883895062099869e-05,2.177892157654417663e-05,2.345338561628028501e-05,2.545403955648267629e-05,2.560477680966579086e-05,2.760186005947473827e-05,3.015908660679437176e-05,3.045135160441585733e-05,3.280182135244952746e-05,3.607479225891840928e-05,3.980198634869657392e-05,4.063848102458091847e-05,4.352160800111553094e-05,4.822546350750093531e-05,4.977949794738678688e-05,5.283259478364694755e-05,5.860099321366804304e-05,6.135994588627633427e-05,6.841937427291026809e-05,7.084552060228634074e-05,7.761097103162756662e-05,8.323253977546367062e-05,8.401893975092136172e-05,9.002288782170993447e-05,9.811505009287648004e-05,9.611828234903742395e-05,9.948644049363664554e-05,1.002638123749084715e-04,1.114320669354182809e-04,1.058067209448515164e-04,1.032980262732576980e-04,1.160747819364273782e-04,1.137374105299623049e-04,1.116596537362940983e-04,1.230860299495057731e-04,1.215065032010590802e-04,1.263199995833828436e-04,1.284415890382680035e-04,1.306565546934888584e-04,1.306565546934888584e-04,1.288615652156607587e-04,1.280184882733946777e-04,1.245883041933126497e-04,1.293622128945611644e-04,1.187896640549809292e-04,1.243892387486005111e-04,1.300528645368940540e-04,1.171947400979052865e-04,1.222057043344739499e-04,1.304903294130093543e-04,1.182158733823402509e-04,1.180566321285958964e-04,1.145192254806030668e-04,1.172133873294343856e-04,1.076595845232152106e-04,1.005036772263300513e-04,9.952917805872984482e-05,9.270189668870435949e-05,8.446580271784388100e-05,8.141014961312543151e-05,7.278411513784962584e-05,6.931045895490600662e-05,6.222853808290721171e-05,5.840912633121678481e-05,5.639709936236451639e-05,5.061930982393712651e-05,4.703860270525556223e-05,4.592664395190301156e-05,4.136205991810528240e-05,3.735624448973250204e-05,3.447021779660360805e-05,3.406525995650287731e-05,3.095550683810240961e-05,2.852820893793230926e-05,2.832493944360353182e-05,2.591163872740011613e-05,2.389722970049140726e-05,2.197880405545651555e-05,2.191408890028474107e-05,2.025964948182310701e-05,1.876089530119845984e-05,1.872133848065193971e-05,1.741711033929746187e-05,1.618215552368036859e-05,1.514223830984285919e-05,1.511156444115387238e-05,1.418576099015666799e-05,1.326041861570095491e-05,1.322382329616360287e-05,1.247594267642674416e-05,1.170698980917149588e-05,1.166357069847228675e-05,1.105356004850362827e-05,1.041160329095918546e-05,9.912398998818196689e-06,9.859785749037642885e-06,9.401655862408028793e-06,8.906345580191200246e-06,8.849389133597175802e-06,8.466495205254708346e-06,8.047046029475799785e-06,7.726297386605934846e-06,7.664576686213161541e-06,7.366102158086334756e-06,7.034601128185360689e-06,6.972026251329976880e-06,6.717149566828241568e-06,6.432342962733125660e-06,6.369955404460107883e-06,6.150704140533344905e-06,5.945581991376367108e-06,5.715307142009819665e-06,5.653395704708473213e-06,5.475027489178663146e-06,5.274507018509025200e-06,5.214418528731972709e-06,5.058360059962361342e-06,4.882903757838346888e-06,4.745470331982934068e-06,4.687653109207607007e-06,4.557542372394493691e-06,4.411674639426288446e-06,4.356374758300393922e-06,4.240936243799892804e-06,4.111811056405456504e-06,4.059107857532221126e-06,3.956200302308878141e-06,3.858012784514613122e-06,3.748798069034384126e-06,3.699188718398885213e-06,3.611066808668784939e-06,3.513394998664236846e-06,3.466406995442255841e-06,3.387006783749034275e-06,3.299339035062170255e-06,3.226967750002247484e-06,3.183088393986167635e-06,3.114062828197945897e-06,3.038396976143230345e-06,2.996966101795756557e-06,2.934219379058087716e-06,2.865724465435217028e-06,2.807935875941049847e-06,2.769410346607454925e-06,2.714181817373928831e-06,2.654336138310843890e-06,2.618007459641966081e-06,2.567429941252700692e-06,2.512852965001846599e-06,2.478596837654496152e-06,2.432156948939903633e-06,2.387179003539434576e-06,2.338986415755834102e-06,2.307199790823124588e-06,2.265751219500210381e-06,2.221515800451879757e-06,2.191538789179527889e-06,2.153256506340649736e-06,2.112557352406442184e-06,2.076655984359174533e-06,2.048843728757169096e-06,2.014397846521968549e-06,1.978007760397370409e-06,1.951760456882637357e-06,1.919784869565271126e-06,1.886122378893778685e-06,1.861339591085312327e-06,1.831602012668676246e-06,1.802631074050638562e-06,1.772303575297240067e-06,1.749283025139016178e-06,1.722271627534925343e-06,1.694083282095098646e-06,1.672322407998383896e-06,1.647096874870031336e-06,1.620850347144661792e-06,1.596912224034923372e-06,1.576673362339497597e-06,1.553630449009513090e-06,1.529768286418232572e-06,1.510611793032948620e-06,1.489013486909614557e-06,1.466705369670499388e-06,1.446132962450537821e-06,1.428289440971109477e-06,1.408462020800997999e-06,1.388067195006419455e-06,1.371154222024080784e-06,1.352509367877894129e-06,1.333374129799684947e-06
1.408164849184224152e-06,1.425898833517473899e-06,1.445446476519348714e-06,1.466210321340913713e-06,1.484946477588702613e-06,1.505718664322188447e-06,1.526941278920475326e-06,1.547657227060453353e-06,1.569757518178824158e-06,1.592348270708050894e-06,1.616534691450087321e-06,1.637878157077310905e-06,1.661956288770323071e-06,1.686587538565237347e-06,1.710428843285432827e-06,1.736126804829110811e-06,1.762429962590382713e-06,1.790850657334898960e-06,1.815260425955932714e-06,1.843389246432543895e-06,1.873900256268354060e-06,1.899802011190238724e-06,1.929928260057322067e-06,1.960811160476626041e-06,1.994537854786446814e-06,2.022562606552642415e-06,2.055713084615807875e-06,2.092078289078719607e-06,2.121867882621254331e-06,2.157512228543196707e-06,2.194116966358798301e-06,2.228488110781383015e-06,2.266881463283549831e-06,2.306340967739118731e-06,2.350194309580199322e-06,2.384576414827303218e-06,2.427194250696958114e-06,2.474814658498384471e-06,2.511447770859896059e-06,2.557568861637535755e-06,2.605077597359943894e-06,2.658672581899485478e-06,2.698473284680649574e-06,2.750048293250375832e-06,2.808590473501137038e-06,2.851050844694485378e-06,2.907168873221464751e-06,2.965132554524269272e-06,3.016601521541820253e-06,3.077811199920894708e-06,3.141112076256079720e-06,3.214255450474807968e-06,3.263543086699334102e-06,3.332857444260269607e-06,3.404690216439736591e-06,3.466162222642413421e-06,3.542276931142823112e-06,3.621277058856946151e-06,3.714388420823114738e-06,3.771571806684776616e-06,3.858728517959816235e-06,3.962263813437309637e-06,4.023290991036150643e-06,4.119770271633491045e-06,4.220361861612543630e-06,4.341490481462654847e-06,4.407581272550697399e-06,4.519566123058021686e-06,4.655526589665865662e-06,4.725885571514749759e-06,4.851059745089209515e-06,4.982325055977251209e-06,5.079066018714862322e-06,5.219592717427603954e-06,5.367350077518884460e-06,5.550701000391841982e-06,5.630807750276811106e-06,5.797954033728736987e-06,6.006944954718157148e-06,6.091444859198693621e-06,6.281536267245530575e-06,6.483059374194446615e-06,6.738023148687033735e-06,6.827036865235955668e-06,7.058424669435167054e-06,7.352807341688957526e-06,7.445328321368695048e-06,7.712770413847497346e-06,7.999339446073668947e-06,8.149724056750743193e-06,8.461056648472207791e-06,8.796292318193258447e-06,9.226265414103966707e-06,9.321877498354118178e-06,9.717273289736380056e-06,1.014679403448283774e-05,1.031853279732804976e-05,1.078901554539569093e-05,1.130327188309899996e-05,1.195627138418891688e-05,1.204560973471229570e-05,1.266747534082367111e-05,1.344753056077453233e-05,1.353093922583352849e-05,1.429089445155865733e-05,1.513678521291689940e-05,1.530205276934920339e-05,1.624106582112359886e-05,1.729432359830121509e-05,1.853781618582055760e-05,1.860746282886421626e-05,1.993413964100377987e-05,2.144020909840373731e-05,2.150986227312848254e-05,2.320008720147378922e-05,2.513274191190576371e-05,2.713941008236957369e-05,2.728711305195856350e-05,2.979134399946063404e-05,3.218776764550373114e-05,3.246085545222987724e-05,3.572942508706345940e-05,3.950505892629269398e-05,4.255100570958266122e-05,4.336137849694805807e-05,4.828722981840691324e-05,5.164800459408836538e-05,5.320434356882014336e-05,5.953241208313456151e-05,6.662181368259924275e-05,6.578887709824532545e-05,7.358307598948357565e-05,8.191144437213668510e-05,8.383130882848862460e-05,8.999514747201698751e-05,9.838061810064731489e-05,9.753518749408539594e-05,1.066428728430559837e-04,1.125934593381861101e-04,1.154624850358171474e-04,1.087367079834963970e-04,1.217435899808502829e-04,1.190112852099977118e-04,1.139825225371125182e-04,1.290164604932800361e-04,1.245871357414196829e-04,1.219965863009781740e-04,1.392364843669774009e-04,1.381489230179363810e-04,1.400544258396010195e-04,1.424474371377745460e-04,1.424474371377745460e-04,1.405663093379697992e-04,1.403286134685061126e-04,1.444712142304655541e-04,1.272313161644663001e-04,1.339977406550859934e-04,1.428436812428621715e-04,1.279606051370998411e-04,1.366032195073605098e-04,1.419102339062361243e-04,1.277949118386516531e-04,1.368833237416462267e-04,1.341015116196041810e-04,1.273539026840196534e-04,1.166252137841580354e-04,1.176953470452876666e-04,1.075970178506335351e-04,1.000953494989300507e-04,9.763803707619617405e-05,8.746635311255007011e-05,7.792040517344053362e-05,7.871699093645369847e-05,7.001589663984934971e-05,6.223779870607058155e-05,6.019671808932756105e-05,5.600829916854700111e-05,4.996104886358960503e-05,4.886833113205333684e-05,4.511285428042863493e-05,4.049992883429485741e-05,3.651174561803591744e-05,3.613146262825027362e-05,3.321850841416945394e-05,3.018876369759125657e-05,2.999640638999237602e-05,2.758431871784300650e-05,2.526954954735337485e-05,2.325294084989018760e-05,2.318630303127281906e-05,2.140233734959298904e-05,1.983809623788788669e-05,1.978527692490309790e-05,1.832777707875449900e-05,1.710100186224932544e-05,1.601330029090218459e-05,1.585518733349017791e-05,1.488199704351935609e-05,1.401275367058930685e-05,1.395550754616853637e-05,1.306308881072316982e-05,1.236051965329914800e-05,1.229657496607456703e-05,1.155640162578733944e-05,1.098228910361055050e-05,1.046022811438788471e-05,1.029592409560814067e-05,9.821840404370375485e-06,9.388011622267876461e-06,9.313005581206960055e-06,8.836226968462033377e-06,8.472284232924869927e-06,8.136200879938410474e-06,7.992326570565747856e-06,7.684288368483583397e-06,7.398353848192688614e-06,7.321377696780871512e-06,7.001460683868531072e-06,6.756273052479956061e-06,6.681029135790729380e-06,6.405937693180635053e-06,6.194150241836695911e-06,5.995293047987117679e-06,5.922319181046562296e-06,5.699273639697362641e-06,5.525687343869187755e-06,5.455784720839928859e-06,5.261340057105937421e-06,5.108910219236884013e-06,4.964487996478607222e-06,4.871935047481664936e-06,4.737343872884401769e-06,4.609445729509151972e-06,4.546707562356531551e-06,4.404688239657139756e-06,4.290872934815545493e-06,4.231568620906816906e-06,4.105699321584918499e-06,4.003958727870639765e-06,3.906651204545212905e-06,3.851393674404568147e-06,3.744656402840390032e-06,3.657120227988709263e-06,3.605105728215772784e-06,3.509543381398051858e-06,3.430503328043109976e-06,3.354520709300843102e-06,3.295709888177970866e-06,3.224092463728486082e-06,3.155127726762829474e-06,3.109840791393729836e-06,3.035566408831315731e-06,2.972775653806646657e-06,2.912167502725340466e-06,2.862926679143493785e-06,2.805589483798807069e-06,2.750168705944351768e-06,2.710854787083910636e-06,2.651943810453409820e-06,2.601131946177447067e-06,2.564192555892003770e-06,2.510424230675984538e-06,2.463721495841266729e-06,2.418441940735204791e-06,2.384321483815354218e-06,2.336768276944905830e-06,2.295008048742618370e-06,2.262924144634006584e-06,2.219245680566848817e-06,2.180648107909174299e-06,2.143132534641700654e-06,2.110249351689116480e-06,2.074501956437804757e-06,2.039725807240082858e-06,2.011807802081757401e-06,1.975808302076767486e-06,1.943510794607416735e-06,1.917210590131842077e-06,1.883891480158755453e-06,1.853842202802783446e-06,1.824551737720549558e-06,1.800193590820222212e-06,1.770144983016984934e-06,1.742827550327563790e-06,1.719846906566052992e-06,1.691905415457075606e-06,1.666387721272145836e-06,1.641472666985187015e-06,1.618663476365762511e-06,1.594790864763341711e-06,1.571467741858000634e-06,1.551321856134301474e-06,1.527640380467530359e-06,1.505776591131345107e-06,1.484398281246910675e-06,1.464579147372638148e-06,1.444055620141826371e-06,1.423977062609765949e-06,1.406254661204649674e-06,1.385994498886487421e-06,1.367112693070300762e-06,1.350326533436258197e-06
1.422888249023565521e-06,1.442391180816072337e-06,1.461601129886231598e-06,1.481892642579193869e-06,1.502617963914041367e-06,1.522237984384254535e-06,1.544567299870622883e-06,1.566618424326352777e-06,1.587392456105654222e-06,1.611218030089577438e-06,1.634709469984765942e-06,1.658731790299801183e-06,1.681160076821561302e-06,1.707241512094333383e-06,1.732880385408857996e-06,1.756674969869491806e-06,1.784602745667739932e-06,1.812005300633457118e-06,1.840065216839845657e-06,1.867224071678130406e-06,1.896554457217469403e-06,1.926606826226914507e-06,1.953983911659712065e-06,1.987026559541515877e-06,2.019263117115145045e-06,2.052324614370607360e-06,2.083978054513299093e-06,2.118614035068977403e-06,2.154161403461496499e-06,2.185801859743246813e-06,2.225308867214631140e-06,2.263596031161360963e-06,2.297331328759468526e-06,2.340076270204315302e-06,2.381390264386388501e-06,2.423873542033165730e-06,2.463735999068493681e-06,2.508402257666093604e-06,2.554372946696235210e-06,2.593607337075955426e-06,2.645601317032515198e-06,2.695449723040465001e-06,2.746826793876976621e-06,2.794085317107360639e-06,2.848257676740407701e-06,2.904149546063511182e-06,2.949951214255849245e-06,3.014109636546707131e-06,3.075059155816134205e-06,3.124110804049452846e-06,3.194503995950993811e-06,3.261137841376525568e-06,3.330092180410447711e-06,3.383711928573459479e-06,3.464201041459258381e-06,3.539892385759741111e-06,3.597381532901069402e-06,3.686339098364132182e-06,3.769672592460581562e-06,3.856225907003790139e-06,3.929967675540617311e-06,4.022005154758608264e-06,4.117760089602875012e-06,4.185156004960071439e-06,4.299882380752841340e-06,4.406190530636455905e-06,4.517116952078288714e-06,4.606799675482689637e-06,4.725269126276263520e-06,4.849148238818120055e-06,4.927896604665179881e-06,5.079413210435586141e-06,5.218344893794224448e-06,5.302583793270759833e-06,5.473848861682781514e-06,5.630373528881536859e-06,5.795111213090305275e-06,5.914790279091802800e-06,6.092002498998628795e-06,6.279074471919433071e-06,6.375971100952082196e-06,6.611362185035301231e-06,6.824988557126554958e-06,7.051729729177431722e-06,7.198276999635605338e-06,7.443706501701619580e-06,7.705224177359557304e-06,7.813620417079105129e-06,8.148506680589100913e-06,8.452237870676975509e-06,8.565021970341173881e-06,8.955747805251009061e-06,9.311166893298723925e-06,9.694536731843166706e-06,9.809244933786727036e-06,1.030501802475885742e-05,1.075982439568527715e-05,1.087490013215121561e-05,1.146279544559215064e-05,1.200737987078553544e-05,1.260408189021494933e-05,1.282136380586932226e-05,1.347995411583443439e-05,1.420666871698541048e-05,1.430771471417964811e-05,1.523287370686474144e-05,1.612777752689370953e-05,1.621657081213595671e-05,1.733837266618281728e-05,1.845317491666411094e-05,1.970852224715399840e-05,1.977823609171623111e-05,2.129683346259062126e-05,2.289233590756644491e-05,2.295047456318107876e-05,2.481142908816336365e-05,2.686279696479542165e-05,2.921990200390798981e-05,2.920314606297456263e-05,3.186844456645655815e-05,3.494961495679774449e-05,3.515840545355707888e-05,3.824507100221624965e-05,4.229565315492294985e-05,4.698982000247941789e-05,4.644298471011936694e-05,5.176492942520191572e-05,5.789245399771586649e-05,5.952275304661704456e-05,6.394884599314667594e-05,7.173809869113947218e-05,7.499490764541934793e-05,7.931665995245556935e-05,8.857244514971227619e-05,9.804921095085752665e-05,9.750169634293303635e-05,1.068632317774538884e-04,1.148455899349361769e-04,1.260825251879098882e-04,1.226697394136838464e-04,1.255016645477953496e-04,1.236299228563095915e-04,1.335965937215785062e-04,1.305783275728212536e-04,1.247363518969377431e-04,1.404329475799627241e-04,1.408736287861769257e-04,1.399030040663437298e-04,1.510407467720307323e-04,1.553519769866416769e-04,1.553402066606942406e-04,1.553402066606942406e-04,1.566898586681255117e-04,1.538624635284678046e-04,1.439553971494670942e-04,1.492257584235118001e-04,1.529540385512847362e-04,1.381048559356734171e-04,1.485148468862273596e-04,1.548301194529717179e-04,1.448634167342236390e-04,1.484753193538858014e-04,1.459545859142177295e-04,1.505593142106304212e-04,1.373348972969836736e-04,1.278323780736390243e-04,1.165496765284375173e-04,1.170648911465328035e-04,1.055008364542528291e-04,9.416785344062481955e-05,8.873638811528777762e-05,8.458002209139024730e-05,7.499607702173214361e-05,6.946149379319012547e-05,6.730071112578816129e-05,5.976975650868297801e-05,5.322964513949071305e-05,5.375280715031548044e-05,4.801397748858780975e-05,4.306928357199068136e-05,3.930110789490592942e-05,3.900296322536391484e-05,3.527635616009127978e-05,3.206304263397396874e-05,3.207907319333792179e-05,2.925897532140942384e-05,2.681490369573020770e-05,2.460711697699311819e-05,2.456815025701264193e-05,2.269087489671846550e-05,2.091034615372719426e-05,2.087115684500349085e-05,1.941287952888304662e-05,1.812539292965229944e-05,1.683117729037237378e-05,1.677706842123375183e-05,1.575693148070680635e-05,1.470092646570500914e-05,1.463343220166261923e-05,1.381542257774357206e-05,1.307877995055155264e-05,1.287090438793118124e-05,1.220732322978416900e-05,1.160547886133469106e-05,1.095082411312217090e-05,1.086230660489269140e-05,1.036533876824539277e-05,9.818194299449300199e-06,9.727012862705529812e-06,9.312517901606174703e-06,8.930439818360262061e-06,8.504898931722318486e-06,8.411610016350991797e-06,8.088197859050413581e-06,7.726316243448203870e-06,7.635013492286454667e-06,7.358990232718293583e-06,7.101216407546668916e-06,6.961013316068820956e-06,6.723624831854668379e-06,6.500985190807109694e-06,6.251269815823172939e-06,6.166759240914256375e-06,5.973171504427598127e-06,5.790526375521531252e-06,5.676028336860481114e-06,5.506653637710070682e-06,5.346320567764905186e-06,5.167502945607043167e-06,5.092344477598359127e-06,4.950829106219415853e-06,4.793482738334872562e-06,4.722767114422711631e-06,4.597228289704583419e-06,4.477528592301073911e-06,4.391728324345634825e-06,4.279838871211335734e-06,4.172899741420496071e-06,4.055269058979256636e-06,3.993905831907145683e-06,3.897969150527041579e-06,3.805974738563128376e-06,3.735425325478985823e-06,3.649025122894440950e-06,3.566018716922013104e-06,3.475788016250695045e-06,3.422914289206116081e-06,3.347757971360141528e-06,3.266410700316345242e-06,3.216944627093333563e-06,3.148675002739277840e-06,3.082815734310423232e-06,3.012061258060459727e-06,2.966604542844291380e-06,2.906513465217807396e-06,2.842220858808947102e-06,2.799676507359631206e-06,2.744697339512299862e-06,2.691481992075080455e-06,2.646269337926951375e-06,2.595836648302234219e-06,2.546965453578130763e-06,2.495234364680735801e-06,2.458596202792148646e-06,2.413608230799914684e-06,2.369944104711437653e-06,2.331807333601456583e-06,2.290301252098469065e-06,2.249977662072722567e-06,2.207703830984316844e-06,2.176068818124847975e-06,2.138753491865562767e-06,2.099760128575209054e-06,2.070049954206437840e-06,2.035450936379088046e-06,2.001765840570997835e-06,1.971482709742019869e-06,1.939342638048545246e-06,1.908027490579286435e-06,1.875568511421458294e-06,1.849782193687993563e-06,1.820620058975708163e-06,1.792176778205071557e-06,1.766193657554506829e-06,1.738991857780222584e-06,1.712443032819545604e-06,1.685117667157954702e-06,1.662649521178839292e-06,1.637830968502425547e-06,1.612346102530889073e-06,1.591150816186226757e-06,1.567915742233470854e-06,1.545205051551730420e-06,1.521971521595049673e-06,1.502315298187065121e-06,1.481012104909809054e-06,1.459262135437553630e-06,1.440685338680455443e-06,1.420676079476561863e-06,1.401093297098832814e-06,1.382714966077395716e-06,1.363897285684801973e-06
1.436920363306470945e-06,1.457288477471235374e-06,1.477508045415127567e-06,1.496855640210609062e-06,1.517864428888635006e-06,1.540047045513240084e-06,1.560540230573381547e-06,1.582896479567187402e-06,1.606561458708173915e-06,1.628288114700002657e-06,1.652108224226841569e-06,1.676463303193801915e-06,1.702357797853984025e-06,1.725859417100083216e-06,1.751856681069527213e-06,1.779578475755554055e-06,1.804548750128794603e-06,1.832337512691422760e-06,1.862061956796390317e-06,1.891280795576251023e-06,1.918365715035278882e-06,1.948837793884534551e-06,1.981611095739006940e-06,2.010453505841618569e-06,2.043142113680292558e-06,2.078427034495321890e-06,2.112922501264273343e-06,2.144295513293512248e-06,2.180331041398736903e-06,2.219478519905621998e-06,2.252964664133454703e-06,2.291776479505369646e-06,2.334118533720378669e-06,2.369897879547216313e-06,2.411775447775655508e-06,2.457666804532237451e-06,2.502130639325081095e-06,2.541208340325537303e-06,2.587778046997241754e-06,2.639218031138408091e-06,2.681069618617604494e-06,2.731557415723802812e-06,2.787615776750931819e-06,2.841508196213018521e-06,2.887338857799628433e-06,2.943893708360458189e-06,3.007272430746186616e-06,3.056466841013545513e-06,3.118114562091692526e-06,3.187617383748378426e-06,3.240475464592289138e-06,3.307840213929459402e-06,3.377484216212918440e-06,3.456849074997204706e-06,3.514924428529346993e-06,3.591320413301059719e-06,3.678983055265563355e-06,3.741500304876434655e-06,3.825542356305384136e-06,3.922679597001557844e-06,4.013988420004313037e-06,4.082765086864014991e-06,4.179103938575591106e-06,4.291899046703850152e-06,4.366027013463076139e-06,4.472850710295112328e-06,4.598944556959594708e-06,4.716213194842464954e-06,4.797747829560666775e-06,4.921806473697748594e-06,5.070368587699238677e-06,5.158248912078530529e-06,5.297126267189800771e-06,5.464921371456805390e-06,5.559612025105850311e-06,5.715750976555524460e-06,5.906122785912703458e-06,6.080775842209840247e-06,6.184438616498613493e-06,6.370075974182515790e-06,6.599985480525007296e-06,6.711283206946332185e-06,6.922656931020871271e-06,7.186842160011382427e-06,7.427501218604867507e-06,7.548098152008393949e-06,7.805075940005508676e-06,8.131130371298941764e-06,8.259445291484847731e-06,8.556766194814260338e-06,8.937012144577440308e-06,9.072708140533415464e-06,9.419202714931747104e-06,9.791284882744749239e-06,1.027269742826005723e-05,1.041466832659723709e-05,1.085408667135103122e-05,1.142505667440316339e-05,1.157115512206106335e-05,1.209490331730856742e-05,1.277665665223430105e-05,1.341031800275157830e-05,1.355469775199522644e-05,1.424731895336165976e-05,1.514627784137723176e-05,1.528645523804648065e-05,1.613623171305545348e-05,1.722913119165199439e-05,1.735945540536409573e-05,1.841525026987086974e-05,1.960101162765303442e-05,2.108585813114585976e-05,2.119485001543583295e-05,2.270270936482886748e-05,2.453419151379403632e-05,2.462504449513109261e-05,2.657066752625234014e-05,2.883268259844842842e-05,3.134806785197822578e-05,3.146029400876752748e-05,3.442418621194489226e-05,3.754491303135655918e-05,3.773166334530543103e-05,4.169974278095329626e-05,4.548595012321011836e-05,5.055622051544055848e-05,5.125939731944110611e-05,5.756449709632647664e-05,6.238979527514135637e-05,6.394993391782871248e-05,7.238950378191229219e-05,7.748348577393164918e-05,8.078882615544349445e-05,9.163527866691612066e-05,9.599552467781370625e-05,1.065623303132305578e-04,1.148049589204922264e-04,1.265682047527416155e-04,1.250629645832388337e-04,1.377189158924967171e-04,1.442828316704510656e-04,1.366104239762871650e-04,1.339123308484070488e-04,1.511264836164443793e-04,1.424961311395679946e-04,1.389008975663738610e-04,1.569640416214218819e-04,1.522525505026823308e-04,1.605279806493548414e-04,1.692445264184669037e-04,1.687511157383979755e-04,1.687511157383979755e-04,1.709196131302911752e-04,1.633496974057919136e-04,1.576373363699805298e-04,1.681786071647305765e-04,1.514219885376958459e-04,1.601335084669690972e-04,1.740691959386186591e-04,1.561042662061132866e-04,1.611897501588971089e-04,1.715691958488411832e-04,1.643773250139322461e-04,1.495296897450039755e-04,1.514255196867074396e-04,1.372432565135936510e-04,1.271722439036414461e-04,1.142423530147777913e-04,1.087155739256193284e-04,9.539312085948413629e-05,9.111694188317903524e-05,8.471103515369810422e-05,7.431726546157028772e-05,7.220440700744267036e-05,6.620836158746905981e-05,5.847090035389881826e-05,5.748440719516127051e-05,5.129071375911346397e-05,4.666490419396804990e-05,4.184599772522165135e-05,4.158430115445030883e-05,3.782307622920221777e-05,3.426657198849659963e-05,3.414433518806692189e-05,3.115183840719216947e-05,2.847316472509253774e-05,2.618214396324606639e-05,2.612227322526443980e-05,2.398012884313079277e-05,2.223029301686726229e-05,2.216135991767804848e-05,2.044466531931946629e-05,1.908831162168873389e-05,1.788886684196897884e-05,1.779990291093349659e-05,1.655659524328412176e-05,1.560463192644534328e-05,1.550318735029780590e-05,1.449094034694393104e-05,1.372520534142747053e-05,1.361589006416032206e-05,1.291853023088620804e-05,1.216216694844551070e-05,1.159391704416080546e-05,1.147716382439302673e-05,1.084936192867476826e-05,1.037784725959315303e-05,1.026158346852172814e-05,9.736698410226068268e-06,9.341455893061329668e-06,8.975428577581153833e-06,8.860785276546420417e-06,8.451387970198447403e-06,8.140059765496230707e-06,8.030080871867651589e-06,7.681573699826646406e-06,7.414628366481079884e-06,7.310009992246383388e-06,7.060143545448305161e-06,6.780844641950795320e-06,6.563748564327489964e-06,6.465586387216296049e-06,6.224027165682863782e-06,6.034538799563549887e-06,5.942382104722190819e-06,5.764068866937766203e-06,5.565922963258072213e-06,5.407944655225594754e-06,5.322812766482940947e-06,5.149079626635752398e-06,5.009232677396711367e-06,4.929786965686932546e-06,4.776721487849166684e-06,4.652332556320868207e-06,4.578263558166408104e-06,4.460605871976551830e-06,4.331658783067580157e-06,4.225211405438619477e-06,4.157391086905381085e-06,4.042519416124431644e-06,3.946837921004916046e-06,3.883688480449037056e-06,3.792934855628708987e-06,3.694631335569298059e-06,3.611562752889046051e-06,3.553856926500826653e-06,3.465448850049872727e-06,3.390132008508285852e-06,3.336381665987820225e-06,3.256601265086386893e-06,3.188101815775468338e-06,3.121937216965940731e-06,3.072818573943153367e-06,3.003297410627725352e-06,2.942869833104605568e-06,2.897060582087928925e-06,2.833837391397070499e-06,2.778503768557149330e-06,2.735745704325529694e-06,2.682981428915297396e-06,2.627292672919750217e-06,2.578028063574653382e-06,2.538870525845753155e-06,2.487886182478305098e-06,2.442510797334187537e-06,2.405893669233434578e-06,2.362544036222636582e-06,2.317217506684569274e-06,2.276501146771806956e-06,2.242898480780410569e-06,2.201157628246302169e-06,2.163465736904166934e-06,2.131978892190881589e-06,2.093456507234640238e-06,2.058498096361252926e-06,2.028965368392009093e-06,1.995484224648920142e-06,1.960857795592676198e-06,1.929196172189041846e-06,1.901999686868361750e-06,1.869886572032964063e-06,1.840397167799799408e-06,1.814834722474866505e-06,1.786545906469701202e-06,1.757487304066413535e-06,1.730628836567514608e-06,1.707029657199581324e-06,1.679963343408910998e-06,1.654853871574940645e-06,1.632626152863719542e-06,1.607374147021703083e-06,1.583865916635542177e-06,1.560882969417701283e-06,1.540310678762683584e-06,1.517274866169915394e-06,1.495716558138659992e-06,1.476300224368144788e-06,1.454729171088534492e-06,1.434480877858609740e-06,1.416139364469575739e-06,1.396645889492982088e-06,1.376869742144600420e-06
1.450688202903324551e-06,1.470742967067354011e-06,1.491219504789030072e-06,1.512130295242194658e-06,1.532904509640686953e-06,1.554684383475128428e-06,1.576936243884418825e-06,1.599009981163545287e-06,1.622204884474303764e-06,1.645913681360052912e-06,1.668641053339848835e-06,1.694128382883811380e-06,1.719422653274588509e-06,1.745295537791120780e-06,1.770839705189850771e-06,1.797862341360183875e-06,1.825517834188184921e-06,1.852766009034396223e-06,1.881676208000946567e-06,1.911279991207829453e-06,1.941601277655974126e-06,1.971357935143300894e-06,2.003095207210613062e-06,2.035621252906462527e-06,2.067458298436827417e-06,2.101536572867285733e-06,2.136483937423286787e-06,2.172332628295960222e-06,2.207245524237732275e-06,2.244857763838615647e-06,2.283466580979855053e-06,2.320941696526250281e-06,2.361493466301603000e-06,2.403149955813530641e-06,2.443434444599063824e-06,2.487236339296858245e-06,2.532266130538877749e-06,2.578574812591552854e-06,2.623040639939733771e-06,2.671813603534962598e-06,2.722014087310094007e-06,2.769986563065487310e-06,2.822924149749846442e-06,2.877460071679209547e-06,2.933666982345630783e-06,2.986884337555241087e-06,3.046263773941292193e-06,3.107523390282407387e-06,3.165161118453472198e-06,3.229968034742468714e-06,3.296898049666622717e-06,3.353869019370558428e-06,3.430340485309975317e-06,3.503655053151819138e-06,3.579502071519997112e-06,3.649413141823208318e-06,3.729941343279140775e-06,3.813357806573137039e-06,3.889530159130814514e-06,3.978238669165879401e-06,4.070255832282907834e-06,4.165775918290569663e-06,4.251426723209307900e-06,4.353255893456716231e-06,4.459127675828872478e-06,4.552860194133103904e-06,4.665931345966507971e-06,4.783692467396846296e-06,4.906456218147367376e-06,5.012473453617132981e-06,5.143955236201247447e-06,5.281292997639494262e-06,5.397820412346702598e-06,5.545216902902013411e-06,5.699511502775951454e-06,5.827817716980348967e-06,5.993774058229586400e-06,6.167910986982286847e-06,6.350893231815195680e-06,6.497144794158616749e-06,6.694642931797510547e-06,6.902755563599625698e-06,7.064353980463832704e-06,7.289536773682906475e-06,7.527561334042907582e-06,7.779650644610459535e-06,7.964516949179848926e-06,8.238411240094650726e-06,8.529570100337759467e-06,8.734139858551334914e-06,9.051393787245948591e-06,9.390050185917889081e-06,9.549832868886463851e-06,9.986407441075780651e-06,1.038333933831116554e-05,1.081032526320504838e-05,1.106824334019104178e-05,1.153738013450254634e-05,1.204488749708071243e-05,1.232801913260426643e-05,1.288756269224406391e-05,1.349670878426660233e-05,1.416262469641032769e-05,1.447909562561365050e-05,1.521806957931651833e-05,1.603206441004261895e-05,1.637023227342940680e-05,1.727712651519751610e-05,1.828454885530360276e-05,1.844684183599341418e-05,1.976361262596952611e-05,2.102714356545575813e-05,2.245221676476861144e-05,2.279684752661918429e-05,2.440413149715281921e-05,2.623592567454633158e-05,2.653715327785278560e-05,2.861199756853647795e-05,3.100246096490598847e-05,3.377326985618503581e-05,3.392130330904471233e-05,3.708736119762177870e-05,4.079387454056228969e-05,4.070976651911505974e-05,4.496009623299640121e-05,4.997474429322106281e-05,5.590080921690212200e-05,5.528158744022169182e-05,6.210414300974282861e-05,7.014665995839071367e-05,6.897857677492098523e-05,7.819995247190870470e-05,8.887157392513985853e-05,8.725783545272644450e-05,9.927675080117266020e-05,1.124406074657662886e-04,1.259832896225232329e-04,1.250134795789404067e-04,1.381435931762464253e-04,1.483321295025496773e-04,1.505893114012717029e-04,1.573175620082103131e-04,1.565308540839239668e-04,1.472683945346142480e-04,1.654873463013809866e-04,1.560790098105051043e-04,1.473460354130680351e-04,1.763470270997954546e-04,1.732573191399370909e-04,1.771132772021980005e-04,1.834759020919537087e-04,1.842120136776667779e-04,1.778493887879110697e-04,1.769299056848113133e-04,1.857669399836758264e-04,1.567659482969484069e-04,1.728066344467242544e-04,1.888312122292183388e-04,1.706122582265519837e-04,1.842474682719928637e-04,1.867928738773701213e-04,1.796382623922473650e-04,1.773696082672470656e-04,1.652664908569399327e-04,1.494180793256721278e-04,1.503354944247687892e-04,1.337567635122067849e-04,1.175836897728807832e-04,1.027680961569728491e-04,1.043118214119428971e-04,9.114797241349484617e-05,7.976127635041527296e-05,8.087878912604633470e-05,7.099546361660581998e-05,6.262027596844936626e-05,6.321269098228754577e-05,5.599387688240294963e-05,4.990276751177402268e-05,4.475864986148944430e-05,4.483911676193099761e-05,4.039557710388213358e-05,3.661887387161996454e-05,3.647724893607402134e-05,3.320267362105808157e-05,3.039444788978454677e-05,2.797283033042405242e-05,2.768464317354293270e-05,2.556552709274514238e-05,2.371911469552088046e-05,2.338940334655647451e-05,2.176532992460141492e-05,2.033570217391540472e-05,1.884230583294920966e-05,1.873310274910418587e-05,1.760947737883647343e-05,1.660526578223913417e-05,1.628173754635282728e-05,1.538591728655154187e-05,1.457830361625282941e-05,1.427553303241014132e-05,1.355169405181092638e-05,1.289392337640839906e-05,1.229359403986671926e-05,1.202271945809201929e-05,1.148068030385898062e-05,1.098261723106101012e-05,1.073586468747283444e-05,1.028435205172017195e-05,9.866938221243997132e-06,9.400041893147464229e-06,9.263335774977015513e-06,8.910252324036645514e-06,8.581084503853600944e-06,8.385370776571280611e-06,8.084152633989505636e-06,7.802046993601990244e-06,7.625183737604933191e-06,7.366201408724048749e-06,7.122651374275369152e-06,6.893117625975002685e-06,6.738514967382636677e-06,6.526830710984348570e-06,6.326636372451069536e-06,6.186716187585766428e-06,6.001585394611279554e-06,5.825955108073047268e-06,5.659069344481149786e-06,5.536317635554507958e-06,5.381402186118174584e-06,5.233808199378082014e-06,5.122325373851590508e-06,4.984996592372402319e-06,4.853841993605311961e-06,4.752414351068370472e-06,4.630110386258820364e-06,4.513048177766070561e-06,4.400880696364108059e-06,4.311205953210102506e-06,4.206291642825920474e-06,4.105572953460224930e-06,4.023630058177158089e-06,3.929242147139395475e-06,3.838470862181299928e-06,3.751104137077262154e-06,3.678229362403276824e-06,3.596141389816446875e-06,3.517011633182515390e-06,3.450127083546136667e-06,3.375652257098174570e-06,3.303760022729055298e-06,3.227585788421087533e-06,3.174487799716879720e-06,3.108980136901434645e-06,3.045623199389672519e-06,2.990480666539498110e-06,2.930626219022357303e-06,2.872669607183962862e-06,2.821756084896342301e-06,2.766924959938986995e-06,2.713774894521760806e-06,2.662229249632175217e-06,2.616333550683131850e-06,2.567475346592567432e-06,2.520045854969705459e-06,2.477504998085479304e-06,2.432490805966886416e-06,2.388753038177499574e-06,2.346238547615232052e-06,2.307698014934696351e-06,2.267280626333759044e-06,2.227961099414843825e-06,2.192108319375561224e-06,2.154685313597108965e-06,2.118250428125673295e-06,2.084848946622965865e-06,2.050133216549694599e-06,2.016309249797075006e-06,1.983343924058761446e-06,1.952885136304320989e-06,1.921429929087823315e-06,1.890752524880229555e-06,1.862284063074511204e-06,1.832982769999131615e-06,1.804387737734796128e-06,1.776474608906713047e-06,1.750406035001352267e-06,1.723710286341111338e-06,1.697635744723050954e-06,1.673197410066031356e-06,1.648237449266064647e-06,1.623844603631807311e-06,1.599074407822890692e-06,1.577536155161963398e-06,1.554684411674694785e-06,1.532335175834607122e-06,1.511217032880953846e-06,1.489780114706965653e-06,1.468804147626666876e-06,1.448929269898912855e-06,1.428793510640437322e-06,1.409081352424321469e-06,1.389780300874012559e-06
1.463944540344741850e-06,1.483381515997548613e-06,1.504107056333115084e-06,1.525797673868978082e-06,1.547446806905394957e-06,1.568456720991204536e-06,1.591578219342482115e-06,1.614633091064918341e-06,1.636940447503018800e-06,1.660945235325043739e-06,1.686204264455514686e-06,1.709914165613789889e-06,1.735528889849098037e-06,1.762544354387310921e-06,1.789399077447644534e-06,1.815142314644439994e-06,1.844079779539847210e-06,1.872809115539057080e-06,1.900240194297046557e-06,1.930226166928008882e-06,1.962065445328820877e-06,1.993598413304877146e-06,2.023481031326543158e-06,2.057718200914669971e-06,2.091575235980720652e-06,2.123502794354486518e-06,2.158905856379507874e-06,2.196795170813472582e-06,2.234154380783080091e-06,2.269057013568870538e-06,2.309977464030380850e-06,2.350253439048875865e-06,2.387650829067916225e-06,2.431931456776573921e-06,2.475432104801943306e-06,2.515555129889823219e-06,2.561172995801883671e-06,2.610644765527547905e-06,2.659065864426574189e-06,2.703161805722893549e-06,2.756972424208070628e-06,2.809522391161126385e-06,2.856977230231740711e-06,2.912204578971626545e-06,2.972798892439982737e-06,3.031716473566317820e-06,3.084068601469156900e-06,3.150364610826312504e-06,3.214657363896125208e-06,3.271175692558349756e-06,3.338901273880208031e-06,3.414235158709348712e-06,3.475339932973505986e-06,3.549508709367492233e-06,3.632486726435481105e-06,3.712307171496954953e-06,3.780089700629379718e-06,3.871764014276324214e-06,3.959670970365514104e-06,4.033187242551350554e-06,4.126126317856712671e-06,4.231902314747207374e-06,4.332712968732895751e-06,4.414542858329311243e-06,4.532370104334609334e-06,4.644268378727278590e-06,4.733282690764708710e-06,4.851916202868729894e-06,4.989672208632779180e-06,5.119609769137938725e-06,5.218953195128550028e-06,5.373887157834472525e-06,5.519469949413411785e-06,5.627789828288375420e-06,5.802796045972525644e-06,5.966608224955303186e-06,6.084822953358424003e-06,6.259277658294819556e-06,6.468582199088479904e-06,6.663094554220104197e-06,6.795182393881091873e-06,7.034478421525583645e-06,7.256046323911338071e-06,7.400226975605313478e-06,7.637063900215671557e-06,7.929095977646486191e-06,8.197725686235769597e-06,8.358181430090083280e-06,8.696892469672650258e-06,9.007602202865150240e-06,9.182126194651780502e-06,9.515786969043104734e-06,9.939380172916548666e-06,1.012863865693439205e-05,1.051817128014758315e-05,1.101795508973644797e-05,1.147432682151202144e-05,1.168058683631613527e-05,1.227463255230399642e-05,1.281770059395048112e-05,1.303753497473128857e-05,1.362649187728705605e-05,1.440162725645128653e-05,1.511376922478903681e-05,1.534335337263538501e-05,1.628438345218680041e-05,1.715564246236132371e-05,1.738966694108711391e-05,1.834665876611381302e-05,1.962093612675023954e-05,1.985094120368659774e-05,2.104459043517006579e-05,2.262767074789961768e-05,2.415278447363881459e-05,2.435185834202132789e-05,2.633383334844914984e-05,2.829610759711577198e-05,2.845565803352934292e-05,3.069072543298917086e-05,3.351584353895076013e-05,3.648721464986022837e-05,3.658466186594404426e-05,4.017122426017827032e-05,4.415577728934011090e-05,4.422315463273534077e-05,4.900597706842600671e-05,5.416518918262312672e-05,6.058268974093932802e-05,6.098471670057408920e-05,6.735236328825084263e-05,7.612008716599197701e-05,7.733856187292070523e-05,8.482277418461979513e-05,9.656729126660183282e-05,9.992389301830208626e-05,1.151966385244324514e-04,1.224775088748743810e-04,1.375958142439069859e-04,1.482717375559119380e-04,1.508820063770120604e-04,1.617055771690011209e-04,1.785303963715941433e-04,1.823756045033992431e-04,1.688683240021586767e-04,1.570302917011102669e-04,1.769398333825001430e-04,1.719165760396959358e-04,1.659392982575173554e-04,1.849045040608605190e-04,1.879272049890421575e-04,1.941281370901574044e-04,1.941281370901574044e-04,1.887695705749412251e-04,1.896744087039635765e-04,1.731392261938995451e-04,1.870365232920582479e-04,1.992082516490702420e-04,1.802316297433458384e-04,1.978990654569621132e-04,2.162978524162847537e-04,2.129271258154747271e-04,1.933335652019022217e-04,1.805028905231845454e-04,1.772333979024291609e-04,1.640996767280660158e-04,1.455210216183448822e-04,1.362837230942537815e-04,1.174492059349443697e-04,1.129278693288456292e-04,9.839108647165453064e-05,8.902149012275088378e-05,8.722995618657567926e-05,7.644800972781646349e-05,6.860506292900011638e-05,6.797217293488943689e-05,6.017376116317184733e-05,5.392700680861021507e-05,4.816788779399570940e-05,4.809450034929930963e-05,4.334811969037924304e-05,3.909939035494545642e-05,3.905153880064629346e-05,3.556965715436016893e-05,3.227299586377286667e-05,2.969133387117472972e-05,2.960417421644313449e-05,2.735848971326362814e-05,2.509131509904625185e-05,2.496342963005458010e-05,2.324523544704311330e-05,2.145682987624326498e-05,2.013420362280450774e-05,1.996557239899270561e-05,1.854238950792002418e-05,1.749736433124858624e-05,1.731685755154553668e-05,1.636936062604129585e-05,1.533535516698116395e-05,1.515178605051372584e-05,1.438655819022891975e-05,1.354286891917270153e-05,1.291963065253259119e-05,1.273631873072103204e-05,1.216253283213750532e-05,1.152485784983293775e-05,1.134972533098511131e-05,1.087200855559642730e-05,1.033968593545564760e-05,9.937232936329696095e-06,9.772725301928303034e-06,9.324793393616986556e-06,8.982615788868763865e-06,8.829297193914070296e-06,8.510560839548083066e-06,8.156236461117711279e-06,8.014010650682282645e-06,7.740179148897201208e-06,7.436487018459883829e-06,7.197430864731180916e-06,7.068022973519748028e-06,6.844192908503359226e-06,6.597559390800143337e-06,6.478300090673161214e-06,6.282737017065583989e-06,6.068058185366327154e-06,5.894037010715684417e-06,5.786386014436798448e-06,5.622814258147667941e-06,5.444635359098544212e-06,5.345583960090538033e-06,5.200739275502243407e-06,5.043623279977400355e-06,4.952444150892709696e-06,4.823586180488712728e-06,4.684406011275140321e-06,4.567432311178833738e-06,4.485284763642718395e-06,4.374840389228867349e-06,4.256468207853422333e-06,4.180744236420105903e-06,4.081491985699051053e-06,3.975550602418083453e-06,3.884466511763123320e-06,3.816155920408292926e-06,3.729923785770756627e-06,3.638535806674554648e-06,3.575421784597388128e-06,3.497273718901152121e-06,3.414763586747334785e-06,3.342414651345655366e-06,3.285338616770740284e-06,3.210605946238663377e-06,3.144639553991008372e-06,3.091761947428358869e-06,3.029090535125264747e-06,2.963562003129010115e-06,2.914509336637372589e-06,2.857157204547332909e-06,2.797381804791786658e-06,2.743768125657753045e-06,2.699202880572110399e-06,2.648154074844451575e-06,2.595231013278373038e-06,2.553770960738336298e-06,2.506784837163665216e-06,2.458208789644620490e-06,2.414040529405309549e-06,2.376247104840595910e-06,2.334104526832018365e-06,2.290735391314573313e-06,2.255475490542461574e-06,2.216491268511106415e-06,2.176468224907169080e-06,2.143531120699543035e-06,2.107399468487997823e-06,2.070388860349102452e-06,2.036206241846425800e-06,2.006035263201163606e-06,1.973330271420707321e-06,1.939953468424050353e-06,1.911694209372366598e-06,1.881254195456143824e-06,1.850248738673626737e-06,1.821341786121676914e-06,1.795371552627317399e-06,1.767665134160784618e-06,1.739532569122118131e-06,1.715145464433152598e-06,1.689260747146551189e-06,1.663020828830738109e-06,1.638359247325431047e-06,1.615877289834925829e-06,1.591364559315336600e-06,1.568262651293589690e-06,1.547099846606865702e-06,1.524905160731698274e-06,1.502496534583802571e-06,1.482555099251432484e-06,1.461722172605148587e-06,1.440715699811836308e-06,1.420788971223442770e-06,1.402326925173291983e-06
1.475331112821778528e-06,1.495909780568918840e-06,1.516528151380212713e-06,1.537961864965708696e-06,1.559853477805501011e-06,1.582748139709507335e-06,1.604588810888779093e-06,1.627906059591864664e-06,1.651736348175219492e-06,1.675553980126377557e-06,1.700421778310916222e-06,1.725848890272530266e-06,1.751236285503605636e-06,1.777793379349184635e-06,1.804961357883946626e-06,1.833589058453079003e-06,1.860457165390028349e-06,1.889526485570984183e-06,1.919286274427100230e-06,1.948898844905187400e-06,1.980048691341395162e-06,2.011956262717501616e-06,2.045799613725266602e-06,2.077091222212845521e-06,2.111355448232468596e-06,2.146482212127620725e-06,2.181284462594028806e-06,2.218139928894264761e-06,2.255946996366265182e-06,2.296358240924335158e-06,2.333046478953910485e-06,2.373809706582455739e-06,2.417523859791964775e-06,2.456904564285984763e-06,2.500935785361894148e-06,2.546178969974418357e-06,2.590650463046202695e-06,2.638303199606101696e-06,2.687304714958257727e-06,2.740363694303666674e-06,2.787020163879967852e-06,2.840201710866297432e-06,2.894951704224545846e-06,2.948346147315994118e-06,3.006189469820562248e-06,3.065790896719398158e-06,3.131068071634097635e-06,3.186774167761478512e-06,3.251808558583414122e-06,3.318910484986355488e-06,3.383680623524194821e-06,3.454818099077082594e-06,3.528292428724272691e-06,3.598890713307687736e-06,3.676906456751371610e-06,3.757573343844240068e-06,3.847631874640626707e-06,3.920484062504536004e-06,4.009298065810607947e-06,4.101290086898225767e-06,4.188345512246999167e-06,4.286422522439596032e-06,4.388142370878876865e-06,4.503645754766583579e-06,4.592394139999790558e-06,4.705239819387986820e-06,4.822526586711570861e-06,4.931250678695331603e-06,5.056876646366846593e-06,5.187656164979551379e-06,5.339148080517857493e-06,5.448117083241070458e-06,5.594505385731591589e-06,5.765484133965908137e-06,5.884962238205394487e-06,6.049500164400056644e-06,6.221591481579274589e-06,6.374559102848840521e-06,6.560316967990654934e-06,6.755030894849913877e-06,6.988098067024415655e-06,7.136176591365657203e-06,7.357585599994825412e-06,7.590559834831882489e-06,7.788218047567732472e-06,8.041336213095448286e-06,8.308441348021028866e-06,8.637183582240210098e-06,8.821027411240312910e-06,9.129145078754062417e-06,9.455968867747368095e-06,9.714772879275714431e-06,1.007257317064228878e-05,1.045356534739357718e-05,1.074497359205543276e-05,1.116348697541160444e-05,1.161107538335776708e-05,1.218519424881575893e-05,1.243292469957803130e-05,1.296322333167286674e-05,1.353502543363608642e-05,1.392008640330473180e-05,1.455423947664302419e-05,1.524223555282944489e-05,1.614950531109004682e-05,1.644095051152967210e-05,1.727796112816397544e-05,1.819680658012335991e-05,1.869698784247269312e-05,1.972776081863388578e-05,2.086931896794546676e-05,2.141852367914725755e-05,2.270498090230089729e-05,2.414412589053877172e-05,2.606455555913660748e-05,2.636120911548812333e-05,2.820471038422750617e-05,3.030682608130807874e-05,3.090099362500231696e-05,3.330347157405567985e-05,3.608062923705505275e-05,3.961515555434889468e-05,3.979148362925955028e-05,4.353186826964830535e-05,4.795699414649195487e-05,4.816383373894310486e-05,5.329891161110049413e-05,5.945782160817863056e-05,6.605171455761554649e-05,6.631086029944974138e-05,7.500014590752571966e-05,8.306589673419440564e-05,8.395372981853594155e-05,9.624071515814312751e-05,1.109046503449092534e-04,1.082992285244173945e-04,1.251605460366641545e-04,1.440385915352872031e-04,1.504357086224243894e-04,1.616319690869661894e-04,1.795038147913598356e-04,1.902123480510408836e-04,1.942012406899346641e-04,1.958922790295661634e-04,1.820262285077609802e-04,1.665994340371322667e-04,1.891482554621428259e-04,1.737736856375438966e-04,1.754281617259226267e-04,2.027654787692618533e-04,2.027701217830453029e-04,2.027701217830453029e-04,2.052863075405189023e-04,1.779489904971796757e-04,1.833692173029478109e-04,2.094200461520589107e-04,1.888678522993039743e-04,2.121191369666858566e-04,2.317802384749518695e-04,2.314437463119474762e-04,2.274428244744694451e-04,2.147944881578977075e-04,1.931675466470166903e-04,1.792918206610453471e-04,1.710183270697073854e-04,1.477059472863477617e-04,1.268082035101564633e-04,1.293007733512519864e-04,1.111542760685010401e-04,9.594608818286042029e-05,9.450088146278743826e-05,8.453534295510745826e-05,7.390297903416764510e-05,7.345270533655745831e-05,6.546634377343373739e-05,5.805320799358922468e-05,5.191041213608658646e-05,5.171252683797755630e-05,4.648273578584983005e-05,4.209539076036949919e-05,4.199869091844341603e-05,3.788631571032789210e-05,3.469074526564627591e-05,3.195017857321160788e-05,3.138173314109072697e-05,2.900626429976797745e-05,2.694101524753269309e-05,2.672986792813907879e-05,2.456927483164050963e-05,2.298323721290714043e-05,2.157714185934628482e-05,2.105171277340048145e-05,1.981202802887267584e-05,1.870122090416028934e-05,1.822269299257639832e-05,1.723789931487084093e-05,1.634711861538334172e-05,1.610660797584506773e-05,1.512339805194870627e-05,1.439925468162559373e-05,1.373583628941385319e-05,1.336744499706009421e-05,1.277144526276491341e-05,1.222172333171299787e-05,1.200762029906789400e-05,1.139865064086954910e-05,1.093838817435193948e-05,1.051000215953374093e-05,1.023120927136877934e-05,9.842200309301814498e-06,9.478371295077301408e-06,9.230771169945668785e-06,8.899157552934010984e-06,8.587671020896070514e-06,8.423160329014557607e-06,8.082501867102678402e-06,7.813867865718480087e-06,7.560080620619763257e-06,7.370979231048255435e-06,7.137744007304155495e-06,6.916694368539497407e-06,6.782123550096061078e-06,6.543807140917459493e-06,6.350146380780707395e-06,6.165816939186020339e-06,6.019471440351725644e-06,5.848890874457325535e-06,5.686133234673350252e-06,5.576368739560215610e-06,5.403436832250789938e-06,5.259042108187903914e-06,5.158614807685290386e-06,5.005931416469680869e-06,4.877261074088965476e-06,4.753854302364509574e-06,4.649836985859145254e-06,4.534706405079841552e-06,4.424091660820050235e-06,4.341713750135302061e-06,4.226267491211452890e-06,4.126751861465018334e-06,4.030915161014829921e-06,3.947628452735258892e-06,3.857787970057946290e-06,3.771145543165147624e-06,3.703154011926043447e-06,3.613756551720335523e-06,3.535179841735061631e-06,3.459256246797598366e-06,3.391714233079555800e-06,3.320241333125298939e-06,3.251100269143578555e-06,3.189134095157107038e-06,3.123941281003765903e-06,3.060806039579616574e-06,3.008526818879886979e-06,2.944216467466756054e-06,2.886417545031321607e-06,2.830360947729437181e-06,2.779278003872793494e-06,2.726235952042194330e-06,2.674744871829702887e-06,2.630822394622644176e-06,2.578780553528231195e-06,2.531377013471542782e-06,2.485302658978518990e-06,2.442756381645571870e-06,2.399022879633872777e-06,2.356481590804625541e-06,2.319315188442352376e-06,2.276597850466341163e-06,2.237240840634781596e-06,2.202587554625208835e-06,2.163146098075052861e-06,2.126666252305378122e-06,2.091118475303400823e-06,2.057822849321956586e-06,2.023948930615048885e-06,1.990918674257145277e-06,1.961305856905398421e-06,1.928371174121681655e-06,1.897628396134749321e-06,1.867625144148566048e-06,1.839294531680294379e-06,1.810634683039377505e-06,1.782647941547524043e-06,1.757180734806713628e-06,1.729390358330033978e-06,1.703245039885147801e-06,1.677694162659190732e-06,1.653405813344744036e-06,1.628945289384417058e-06,1.605028498058776805e-06,1.582241955390368379e-06,1.559325784477212837e-06,1.536907909171004995e-06,1.516169263387593995e-06,1.494006108428741117e-06,1.472965570628649812e-06,1.452369137286027377e-06,1.432643356519574027e-06,1.412870572059543275e-06
1.485822233233761718e-06,1.506980391307119801e-06,1.528232853950933072e-06,1.549179390335774147e-06,1.571716700285901507e-06,1.594341053685641913e-06,1.617457201985826962e-06,1.640165043264188008e-06,1.664751593672360337e-06,1.689402649668667768e-06,1.713566944067610530e-06,1.739840467509511488e-06,1.766163642078476713e-06,1.791908059635014946e-06,1.820025121831690331e-06,1.848173138946548426e-06,1.876980595785613957e-06,1.905031063958760296e-06,1.935913224845974233e-06,1.966779299392486624e-06,1.996749677555103865e-06,2.029921868341150945e-06,2.063044793702284068e-06,2.096988871122452132e-06,2.129769538932388627e-06,2.166402952271129990e-06,2.202909864815412685e-06,2.238042666845702660e-06,2.277556129632126296e-06,2.316886842477983361e-06,2.357253224016599738e-06,2.397294498545782350e-06,2.439743648292527546e-06,2.483340480113706016e-06,2.524833647886068598e-06,2.572410553362691658e-06,2.619586860380898076e-06,2.664275239970848961e-06,2.715940939610302139e-06,2.767093581019768959e-06,2.819724376653695763e-06,2.869124492934757285e-06,2.927112727476687276e-06,2.984347988625576996e-06,3.037751153692000190e-06,3.101072345299357746e-06,3.163456728887288210e-06,3.227778293794147351e-06,3.287100327057046678e-06,3.358766462187085890e-06,3.429110699689617247e-06,3.493497433279611076e-06,3.572250077304505953e-06,3.649380645561679977e-06,3.719395209312644312e-06,3.806184220334813504e-06,3.890987983107295171e-06,3.978739191259725807e-06,4.057102678398050699e-06,4.156717353641589448e-06,4.253596329426893538e-06,4.339184390675335363e-06,4.449813082653805214e-06,4.557108514218412664e-06,4.668482640678078660e-06,4.764796552824379775e-06,4.893303783332925533e-06,5.017250089777714222e-06,5.122924091838804810e-06,5.266926708884052764e-06,5.405376172318839630e-06,5.549642074494544562e-06,5.683592929339520628e-06,5.838855531275753967e-06,6.000932834416008267e-06,6.132696750942703651e-06,6.324838651414861186e-06,6.507728688747091801e-06,6.653250562238673049e-06,6.871901776287829309e-06,7.079253910093215997e-06,7.296855473811737207e-06,7.462598996704609954e-06,7.726673849509420406e-06,7.975260656393637503e-06,8.158991717687776843e-06,8.463588740062486442e-06,8.749208848272277823e-06,9.051022616567305524e-06,9.260706380810319969e-06,9.636891495792024266e-06,9.986990748064283186e-06,1.021981538580452479e-05,1.066087461603245672e-05,1.106989767648315366e-05,1.132840566614660514e-05,1.184935918947746536e-05,1.233096342361330623e-05,1.284697009055781579e-05,1.313998712157320642e-05,1.380976646197576554e-05,1.442569803678747200e-05,1.474865732382260728e-05,1.555689942010447314e-05,1.629951225923154839e-05,1.710714044328800850e-05,1.746399696007357665e-05,1.854280867892761381e-05,1.953461174174308363e-05,1.991721831809227178e-05,2.125325339946926929e-05,2.248735747519162940e-05,2.288755108182254940e-05,2.456006476242529650e-05,2.611793291365088607e-05,2.786803793529489103e-05,2.824983485978801133e-05,3.063270437096538397e-05,3.290430395912481948e-05,3.323991869058202074e-05,3.631228497417898689e-05,3.931491235098033771e-05,4.280877541296970127e-05,4.297975438199645563e-05,4.758259285037387445e-05,5.236190202365018618e-05,5.232710174817402289e-05,5.837792486939244989e-05,6.503450529139471852e-05,7.308197598500611105e-05,7.263475555048371879e-05,8.203290078423113127e-05,9.347291131132417564e-05,9.353592638803577238e-05,1.050221017188772025e-04,1.210577852071851234e-04,1.230596893900060343e-04,1.361672655994769542e-04,1.570041257790536252e-04,1.783380109853148704e-04,1.901232801154070480e-04,1.950507468460658102e-04,2.045442344573498820e-04,2.220238439741675015e-04,2.077727408799796556e-04,1.874958459160897591e-04,1.586071013081237632e-04,1.770716894720869258e-04,1.877010488613687245e-04,1.949877987129697678e-04,2.045494946369765833e-04,2.045494946369765833e-04,1.958814943446082887e-04,1.937838190422298964e-04,1.895634639381153699e-04,1.756056718304082102e-04,2.166190421748038857e-04,2.450869435951602776e-04,2.644765399956065864e-04,2.445548809801325035e-04,2.334195993293593707e-04,2.272419371594928733e-04,2.124932122705459349e-04,1.860859375142044571e-04,1.601902333766427411e-04,1.435772898116638549e-04,1.403634429247310018e-04,1.204360433620568077e-04,1.060978234372672899e-04,1.055920654946796003e-04,9.156381977315374194e-05,8.009220860211356085e-05,8.052006841338912499e-05,7.083562399904812018e-05,6.288042527968063346e-05,5.570000776174784032e-05,5.585561346488939464e-05,5.026563596940737271e-05,4.490791256690512839e-05,4.487995662829469501e-05,4.087630131582208537e-05,3.746744318688772054e-05,3.397749764983801522e-05,3.377001231604554626e-05,3.123893780822737071e-05,2.857130993693565206e-05,2.829956169487916792e-05,2.638184928717304220e-05,2.468928699184222097e-05,2.285341480000359303e-05,2.253765088213886399e-05,2.121561778197206583e-05,1.976517146395584493e-05,1.945239329588494722e-05,1.840295198599695823e-05,1.724324674935337240e-05,1.694407875565350733e-05,1.609869025882425088e-05,1.532603382234986735e-05,1.446943918400174209e-05,1.419042597884461352e-05,1.355518839065344596e-05,1.285072144065674224e-05,1.259434987731221829e-05,1.206624839268919850e-05,1.157555381022012239e-05,1.103374406242685112e-05,1.080372748660983193e-05,1.038957971528885329e-05,9.933573748680301415e-06,9.724848852045705279e-06,9.372305570719224692e-06,8.985468415977122887e-06,8.796288332711207388e-06,8.493837584475121810e-06,8.208449295368542165e-06,7.897778573565428475e-06,7.730494813835774677e-06,7.483095243514957262e-06,7.214905332120336719e-06,7.063352740911283026e-06,6.847554443516797147e-06,6.642365533391884388e-06,6.421757853126835957e-06,6.287852450435344084e-06,6.107399266542991159e-06,5.914201753385942898e-06,5.792587605681789589e-06,5.633088449727099260e-06,5.480543798907487527e-06,5.352391811520411786e-06,5.210754597177713114e-06,5.075026711816002448e-06,4.931396942935864725e-06,4.833194504956046216e-06,4.711924754681054673e-06,4.584079985194380088e-06,4.494393557878136776e-06,4.385619181168900070e-06,4.280945504318280953e-06,4.171327172742291476e-06,4.091378655402435184e-06,3.997010113633482986e-06,3.898513601810629721e-06,3.825198470499114147e-06,3.739838957011693221e-06,3.657417961565783444e-06,3.571885687416806189e-06,3.506221577519122157e-06,3.431346536153807537e-06,3.353869828158423550e-06,3.293408753766469927e-06,3.225195155759027867e-06,3.154805293802562754e-06,3.099036137110600485e-06,3.036724309549284413e-06,2.976326576095785494e-06,2.914291722248876099e-06,2.863996774770373045e-06,2.808631409407236500e-06,2.751898664806038766e-06,2.705330483748213317e-06,2.654459033208865725e-06,2.605040620945414141e-06,2.554601262594680435e-06,2.512413235958137959e-06,2.466867387414690824e-06,2.420472982203438665e-06,2.381271451675687351e-06,2.339207806165191041e-06,2.298267580952308775e-06,2.259959733537935278e-06,2.221035519900830325e-06,2.183123710107228589e-06,2.144698473312737535e-06,2.111445085225629443e-06,2.076273077348511270e-06,2.040680986607867328e-06,2.009635436090268727e-06,1.976947930361659444e-06,1.945060512773148519e-06,1.912876971037659440e-06,1.884466434896578148e-06,1.854763978940474655e-06,1.824825351576475417e-06,1.798221494896339831e-06,1.770510692100507512e-06,1.743440667447413745e-06,1.716215415788022374e-06,1.691779517439780109e-06,1.666473032476134643e-06,1.641049573402004570e-06,1.618103768631672624e-06,1.594412292019893254e-06,1.570635983740682059e-06,1.549064578713627547e-06,1.526854779560429094e-06,1.505121417340288789e-06,1.483347796496240185e-06,1.463437117007578514e-06,1.443026932037113662e-06,1.422596567628632365e-06
1.496236304110238740e-06,1.516656108987040128e-06,1.538106488175348703e-06,1.560376475992068306e-06,1.582070002967492982e-06,1.604909055031238366e-06,1.628244130003359253e-06,1.652528767716561619e-06,1.676077586601265427e-06,1.700966434444964088e-06,1.726910407742376406e-06,1.751995320242121280e-06,1.778577135029212438e-06,1.806333813449760430e-06,1.833087943020883453e-06,1.861517679971214919e-06,1.890612105244892392e-06,1.921082841442793703e-06,1.950279838011662068e-06,1.981458868563931964e-06,2.014178813528226934e-06,2.045412657413078910e-06,2.078877388819332262e-06,2.113169114008508795e-06,2.149281646042839143e-06,2.183506627772145854e-06,2.220393637459579805e-06,2.259331269093193893e-06,2.296064006620225907e-06,2.335810927663634727e-06,2.377873022837920885e-06,2.419834160247089185e-06,2.460262716208297936e-06,2.504322343551056921e-06,2.551154105706824522e-06,2.594700002044694667e-06,2.642384213028581549e-06,2.693218877566928126e-06,2.740200273418792648e-06,2.791911181045881353e-06,2.845105619673173751e-06,2.902112045779865873e-06,2.954184183138447463e-06,3.012038982406645143e-06,3.074257238642150541e-06,3.130665067531760892e-06,3.193731359290220968e-06,3.258736857117600787e-06,3.329082911627628942e-06,3.391939218065678346e-06,3.463035305023194496e-06,3.540293004418167292e-06,3.608683395297104719e-06,3.686641229904199566e-06,3.771731981762804095e-06,3.846297424528661106e-06,3.932012170494450929e-06,4.020663116647254224e-06,4.118202904109321636e-06,4.202001440841845607e-06,4.299866540130821139e-06,4.408116074134404496e-06,4.499935541080880600e-06,4.608311140526983834e-06,4.720727928190286006e-06,4.846277146290435295e-06,4.950123842377013655e-06,5.075199163553628945e-06,5.215774387417383581e-06,5.330168519895944929e-06,5.469835192572764835e-06,5.627877374405892494e-06,5.780538135279912119e-06,5.910772466459623033e-06,6.074022348289911384e-06,6.261067974841875519e-06,6.405333651076401200e-06,6.589428986850885120e-06,6.802080878217238482e-06,6.962305375171314045e-06,7.170864493555868842e-06,7.389362618694019472e-06,7.645582453820919656e-06,7.829734884676404607e-06,8.079056517231727880e-06,8.374282860945320633e-06,8.579934376757875086e-06,8.866007210533110688e-06,9.167546066992400663e-06,9.531122580658010199e-06,9.768708872288790120e-06,1.011779427631996407e-05,1.054359486572736122e-05,1.081008779609523810e-05,1.121697747544139740e-05,1.171939545611626079e-05,1.201877272423362669e-05,1.249656235020862584e-05,1.300630454452203557e-05,1.365009584403066062e-05,1.399636173677852286e-05,1.460249198291715910e-05,1.537876506160306314e-05,1.576715108555038836e-05,1.649471396771977913e-05,1.728105695276057813e-05,1.831365268501905727e-05,1.875656928810382813e-05,1.971647316211839221e-05,2.099536235640802340e-05,2.148421770292522606e-05,2.267057081259285598e-05,2.427316673303281944e-05,2.480416591019091513e-05,2.629050917831616283e-05,2.794461680974877327e-05,3.022601851221252668e-05,3.077382412422185982e-05,3.290216692829946187e-05,3.585790727818029744e-05,3.638668339746721736e-05,3.917597437775072904e-05,4.239223819842814837e-05,4.685077383827333390e-05,4.721598078675983291e-05,5.159299977730734594e-05,5.754075112623189273e-05,5.764401544562544307e-05,6.374130027736707015e-05,7.167376979140767693e-05,8.043188032349318209e-05,8.001629171187901865e-05,9.076166987436797842e-05,1.028714040126413738e-04,1.021785945220670034e-04,1.179860003822584389e-04,1.326940879940880500e-04,1.331595845175522971e-04,1.559481260150356646e-04,1.819698458509930942e-04,1.939603657242589755e-04,2.044383827114727660e-04,2.245803789402249777e-04,2.170396630211260728e-04,2.319478521221672953e-04,2.090306496918711799e-04,1.635645557106480926e-04,1.569798665464182147e-04,1.775670566009909866e-04,1.829910337556978051e-04,1.955518664196373142e-04,1.955518664196373142e-04,1.838052791078889474e-04,1.849224810479665592e-04,1.694716410124466588e-04,1.854268355098291111e-04,2.454671567090825862e-04,2.760092211848376637e-04,2.594848240441499036e-04,2.688436963648073441e-04,2.443161388013281345e-04,2.309004674680480509e-04,2.153826884391439546e-04,1.829331605327667995e-04,1.544064926112977262e-04,1.527945726419187343e-04,1.342907518986187964e-04,1.146699298258821659e-04,1.150291587380232949e-04,1.002023357331766794e-04,8.715379517537630684e-05,8.760645455214652062e-05,7.714798077940931899e-05,6.774991590474884493e-05,6.060542645573244202e-05,6.068795300562674207e-05,5.378759081526900078e-05,4.878854089054884981e-05,4.861135169097822566e-05,4.352972898902881285e-05,3.993867336154405728e-05,3.685722689966491953e-05,3.648215087393042193e-05,3.318982406246021385e-05,3.088223214099705840e-05,3.046194260809811783e-05,2.795350569805809315e-05,2.618836364830656675e-05,2.461526873750504850e-05,2.417904575370476988e-05,2.244837303057163784e-05,2.120832901761050026e-05,2.079664156065357661e-05,1.942886783478704228e-05,1.843604579570222628e-05,1.805612002196208660e-05,1.696127813438702144e-05,1.615523184548079552e-05,1.541322666248984638e-05,1.507226892299813030e-05,1.425956780953332607e-05,1.364572868703009767e-05,1.333874704259904377e-05,1.266919154423467344e-05,1.215607391577573214e-05,1.167683511306179227e-05,1.140780751047767046e-05,1.089043753774943025e-05,1.048426157207327818e-05,1.024333648871869904e-05,9.807106773884848299e-06,9.460083872990737388e-06,9.244178026096807458e-06,8.873434712497183096e-06,8.574770924043923347e-06,8.292060934734820290e-06,8.103749546331676042e-06,7.804853004656316494e-06,7.559191365396319406e-06,7.389967251027474651e-06,7.131520419393708419e-06,6.916794670307272993e-06,6.712172463066426479e-06,6.564145154784395360e-06,6.350870817928642835e-06,6.170640979916069887e-06,6.037015657672177724e-06,5.849978451655517709e-06,5.690465636318454158e-06,5.569558296830248484e-06,5.420196069484854613e-06,5.262891327167920498e-06,5.126808982665883471e-06,5.020227655674825927e-06,4.880645054999919506e-06,4.758957364502054651e-06,4.662033201679919331e-06,4.537649407455502712e-06,4.428421809562029703e-06,4.323209166350049882e-06,4.237274734177715246e-06,4.130406544328170530e-06,4.035504086394595748e-06,3.956968737194127213e-06,3.860851104085360844e-06,3.774971583458081988e-06,3.691990432547775353e-06,3.621956748259794770e-06,3.538349763024587524e-06,3.462944097471923663e-06,3.398639571877190738e-06,3.322845290572119874e-06,3.254131758787013153e-06,3.194970409990829948e-06,3.126055872630507645e-06,3.063274926614192757e-06,3.002395215203275571e-06,2.949217422002696483e-06,2.888402946866032792e-06,2.832589511317584371e-06,2.783458153254465044e-06,2.727804978650802531e-06,2.676517476889888570e-06,2.626678790346334531e-06,2.582291900959336897e-06,2.532757965154413265e-06,2.486823595844301049e-06,2.445654000888024409e-06,2.400066874431392623e-06,2.357644050748500153e-06,2.319396863254385520e-06,2.278974149048626303e-06,2.238095268625467337e-06,2.199852060660444351e-06,2.165065470521276069e-06,2.127255728472201247e-06,2.091777782470782720e-06,2.059348394943615798e-06,2.024310369818019595e-06,1.991340241749806763e-06,1.959172364657926845e-06,1.929551582155148945e-06,1.897845568419250585e-06,1.867884159150437253e-06,1.840182231441517827e-06,1.810676138995152677e-06,1.782726025126853940e-06,1.755419384770271613e-06,1.730016664186592515e-06,1.703167767929436677e-06,1.677642589626417341e-06,1.653815385091131385e-06,1.628734737858338380e-06,1.604840929773476180e-06,1.582464470105412998e-06,1.559001050061535482e-06,1.536603871627501908e-06,1.514685786744432461e-06,1.494060149033729259e-06,1.472561972163567150e-06,1.451980623445929117e-06,1.432559802884987575e-06
1.504621098167188047e-06,1.525835514317306949e-06,1.547235679322351225e-06,1.569345482436307283e-06,1.591929896697181154e-06,1.614400428710771201e-06,1.638262404743798523e-06,1.662335862319099141e-06,1.686941139065683109e-06,1.711736856096315618e-06,1.737431479197721663e-06,1.763706164605161488e-06,1.790173956610781481e-06,1.817636690145328063e-06,1.845733271601964774e-06,1.873545247671691047e-06,1.903418944947316316e-06,1.933507528944194389e-06,1.964312425182909195e-06,1.995299727637827822e-06,2.027570515441227250e-06,2.060627709252793010e-06,2.093192799402926751e-06,2.128528318549719356e-06,2.164059689718151326e-06,2.200485837248167226e-06,2.237060871543986772e-06,2.275315975312464187e-06,2.314558542115070696e-06,2.353932888547778645e-06,2.395193157641496180e-06,2.437545762356980069e-06,2.481030489153127889e-06,2.524590416463082127e-06,2.570385467825152284e-06,2.617437217576500292e-06,2.664525585521399200e-06,2.714140525789261834e-06,2.765154160774296915e-06,2.814587616879854296e-06,2.870018934063266920e-06,2.925444760868189426e-06,2.982494359456768662e-06,3.039397932774392865e-06,3.099751196494439757e-06,3.161924248493054104e-06,3.221567248633850409e-06,3.289725163502403551e-06,3.357643401530515413e-06,3.427696207797647247e-06,3.497264930491645035e-06,3.571645923386105216e-06,3.648438113817427619e-06,3.724560151130712708e-06,3.806235342919589537e-06,3.890644086113535140e-06,3.970157351403783672e-06,4.064083094359409268e-06,4.157130773194685554e-06,4.253441148233918721e-06,4.348300081219897504e-06,4.451183684056246741e-06,4.557802070480089699e-06,4.656447370482119823e-06,4.776652291052627202e-06,4.895074103067069464e-06,5.018020606079616503e-06,5.138067958839411353e-06,5.270065058701831000e-06,5.407300498666711272e-06,5.540791028381447334e-06,5.688474292424785502e-06,5.842253884080347806e-06,6.002493716054616040e-06,6.157094087677812845e-06,6.330127435280250444e-06,6.510741364333320909e-06,6.684064746471347474e-06,6.879628075086242824e-06,7.084142272910848934e-06,7.260761185129026119e-06,7.501281186773528078e-06,7.734002550538794397e-06,7.978118663656976907e-06,8.207892267941840304e-06,8.474120606336736568e-06,8.754043095567627807e-06,8.984311764213274008e-06,9.321454881853151646e-06,9.644356800613336064e-06,9.985213512815799047e-06,1.029700105642061482e-05,1.067189784488161949e-05,1.106885284962799910e-05,1.142695264844409365e-05,1.186528282542232341e-05,1.233099158824931118e-05,1.267660786795163109e-05,1.326066900219031554e-05,1.381145573398636485e-05,1.440020346849564396e-05,1.490413214778032994e-05,1.556129411885657100e-05,1.626705686785024065e-05,1.672953418241127535e-05,1.764654614549354867e-05,1.850132673759650358e-05,1.942740212421471374e-05,2.015341275461003686e-05,2.120044418107465959e-05,2.234256765514275073e-05,2.319533038308266138e-05,2.449385096057128582e-05,2.592160303642582266e-05,2.659748730159078206e-05,2.855485214014648885e-05,3.036642954231034454e-05,3.239026278164495472e-05,3.361649926292974318e-05,3.595268090566137368e-05,3.859507141581152974e-05,3.931580239667114608e-05,4.305691983865367350e-05,4.657515014165265109e-05,5.065680173458456180e-05,5.218824145935418182e-05,5.696916699960428624e-05,6.262158392569084969e-05,6.401376269428581838e-05,7.064110987862700676e-05,7.864154594017214693e-05,8.842793845516596621e-05,8.870150334025297153e-05,1.002208434573620183e-04,1.145430649581739759e-04,1.125205475395871430e-04,1.292250966507645506e-04,1.499254598571901132e-04,1.462630586649067731e-04,1.680939998422207812e-04,1.953641665732419434e-04,2.217247699949033619e-04,2.169185321088231214e-04,2.347605194747280264e-04,2.252683655541767307e-04,2.203907440084770016e-04,1.953117994815872023e-04,1.419649923229697377e-04,1.249508612349125431e-04,1.652670962939204846e-04,1.680054764067023788e-04,1.680054764067023788e-04,1.681851838824420997e-04,1.278689488234341582e-04,1.571799600879923101e-04,2.279193227940975335e-04,2.618374384332254417e-04,2.693510104997462852e-04,2.811092825149456636e-04,2.592116206341905471e-04,2.638019968140880634e-04,2.305891129301453350e-04,1.961526243802217892e-04,1.683447842800869050e-04,1.713603598518420763e-04,1.454627167954076811e-04,1.246632093938874650e-04,1.265981699952992601e-04,1.091606056231877401e-04,9.526906521752049684e-05,9.500734323191769399e-05,8.344288846777324798e-05,7.409720411185597626e-05,6.645160413937610370e-05,6.511969419225394410e-05,5.869925671157077138e-05,5.333437969138667709e-05,5.186923753518412293e-05,4.734229570386027129e-05,4.348375803887832142e-05,3.934756321216994357e-05,3.882214463088050262e-05,3.597854945179898697e-05,3.348829114345724511e-05,3.231513967484550629e-05,3.017118181926175380e-05,2.826786567211176515e-05,2.617558500986630368e-05,2.560838402863465000e-05,2.412621381989676455e-05,2.278704381896227350e-05,2.197119804864897328e-05,2.079736913938367638e-05,1.972734227518634569e-05,1.903276137641581587e-05,1.808898132014495608e-05,1.722209501387785081e-05,1.627152459202966080e-05,1.586041726078183867e-05,1.514930066159429665e-05,1.448970404561814231e-05,1.400759094655344404e-05,1.341767013238300284e-05,1.286763267622000813e-05,1.227140949302630161e-05,1.195812975837539194e-05,1.149508197860946045e-05,1.106042437641414440e-05,1.071782707866411732e-05,1.032463634780992193e-05,9.954168104659773280e-06,9.655878157934659798e-06,9.319373273105807979e-06,9.001254745605034957e-06,8.662250867627738468e-06,8.450260602387939639e-06,8.175223210273746023e-06,7.914084049945908176e-06,7.694257576480882223e-06,7.454970649311867714e-06,7.227196775590742666e-06,6.987332204225991284e-06,6.823526696173331993e-06,6.623750447993869851e-06,6.432956062647213781e-06,6.267136024340302175e-06,6.091014230357241179e-06,5.922473290802282433e-06,5.774565725022112453e-06,5.618556291379668786e-06,5.468987219647258508e-06,5.325482244550137364e-06,5.197770654354650239e-06,5.064468185325998907e-06,4.936362500572105318e-06,4.821512118657563152e-06,4.702231232937093152e-06,4.587428189535686492e-06,4.469169362161513041e-06,4.376678371097076282e-06,4.273422394688531221e-06,4.173848289629204770e-06,4.083095895419854710e-06,3.989908660632578797e-06,3.899931657539956066e-06,3.807904644980145772e-06,3.733123910613455997e-06,3.651565053358577503e-06,3.572687498486692295e-06,3.499860860859478876e-06,3.425714955095371479e-06,3.353930465249810831e-06,3.287373442649737878e-06,3.219779479300183671e-06,3.154272983483586312e-06,3.087794441227195366e-06,3.031517526905490876e-06,2.971586585360487054e-06,2.913431157860207034e-06,2.858990997560227509e-06,2.804027788294542333e-06,2.750646969805424565e-06,2.696727527364106811e-06,2.649993969192616218e-06,2.600885150204810953e-06,2.553136798657441175e-06,2.508086933601063579e-06,2.462811322878260239e-06,2.418756871711436068e-06,2.377082697540112985e-06,2.335255916920087497e-06,2.294528238979214934e-06,2.254860347731201242e-06,2.217190556424094754e-06,2.179466614259847970e-06,2.142699935341002036e-06,2.107708271128150784e-06,2.072702961330680940e-06,2.038564404381639481e-06,2.004360403179617428e-06,1.973467813406388471e-06,1.941715399723409374e-06,1.910723837614830877e-06,1.881078006702007910e-06,1.851496742550198314e-06,1.822608073591242005e-06,1.793736622242001914e-06,1.767323786114042923e-06,1.740353927869310279e-06,1.713996308603643929e-06,1.688674333979491736e-06,1.663458748902026037e-06,1.638803151303004417e-06,1.615080865843604947e-06,1.591472140364735434e-06,1.568376570530144598e-06,1.545356832642271161e-06,1.523989625763896762e-06,1.502326476602505661e-06,1.481120915531664000e-06,1.460647185229742863e-06,1.440301533904048166e-06
1.512000063287296003e-06,1.533594195088836426e-06,1.555429573506639614e-06,1.577244594833818911e-06,1.599995942768015391e-06,1.623512640652732594e-06,1.646729668724763413e-06,1.670984784710104395e-06,1.696086360118677171e-06,1.721449628251070068e-06,1.746718416886153413e-06,1.773549147505065125e-06,1.800652107693416521e-06,1.827623294512859485e-06,1.855940628807198347e-06,1.885347466104155404e-06,1.914174313327951380e-06,1.944504288832085428e-06,1.976048370995074539e-06,2.007878653548863203e-06,2.039436704002367945e-06,2.072763782750037928e-06,2.107513025355839247e-06,2.141354119642455492e-06,2.177181623277184361e-06,2.214603353558831818e-06,2.252312966064617432e-06,2.289528842894604511e-06,2.329901096325645288e-06,2.370562626447196090e-06,2.410616083531488453e-06,2.453334139592954977e-06,2.498178759577497103e-06,2.543289658528344248e-06,2.587557139428630927e-06,2.636161234294342724e-06,2.685021149596044886e-06,2.732854886627458878e-06,2.784321921448724142e-06,2.838674743772420350e-06,2.890458513460702347e-06,2.946386426559036624e-06,3.005602982388435001e-06,3.064989624961054525e-06,3.122683018197527021e-06,3.185420842605353307e-06,3.252149229079928064e-06,3.314896688415723844e-06,3.383442488019576672e-06,3.456572629748543128e-06,3.529694421130262914e-06,3.600045243141652022e-06,3.680409911795126352e-06,3.760673070753809120e-06,3.837581409928159340e-06,3.922775156088269339e-06,4.014499747437563129e-06,4.098781059978750431e-06,4.192705386577405796e-06,4.294228969879563941e-06,4.395219826771456852e-06,4.490690912569161366e-06,4.598286209155689668e-06,4.715414124698071808e-06,4.820669723287465864e-06,4.940183315191633029e-06,5.070906279145665558e-06,5.200301682680070854e-06,5.320501148271780327e-06,5.466962544881770612e-06,5.611663136271426723e-06,5.745075265273991243e-06,5.900184978012132260e-06,6.072314325907593741e-06,6.241661908200470875e-06,6.395381571160431387e-06,6.590257761263911554e-06,6.781543572546901516e-06,6.953441243508227387e-06,7.159485326205946050e-06,7.392244333639730864e-06,7.585158188860493332e-06,7.819546051260419141e-06,8.086367392168945456e-06,8.346214027805663838e-06,8.571709531674028562e-06,8.853122463548723033e-06,9.178124422980799910e-06,9.433365236080839834e-06,9.757753719463300261e-06,1.013598298236137678e-05,1.050087352879278496e-05,1.080236387619981925e-05,1.124568226796861427e-05,1.167192985166748820e-05,1.201624993736563747e-05,1.248199797651205043e-05,1.304162316245268633e-05,1.343646200470994897e-05,1.398634986752718481e-05,1.465571165534590090e-05,1.529216949486698267e-05,1.576499849767823007e-05,1.646523902276544315e-05,1.733914692259039752e-05,1.788524614996302468e-05,1.873055899885906801e-05,1.980288175056640229e-05,2.081101437372118824e-05,2.146626739248945807e-05,2.279790926029306408e-05,2.404625565243164473e-05,2.480255133278460957e-05,2.619075818263793710e-05,2.804492372579963147e-05,2.891313207267237780e-05,3.066127928039368234e-05,3.304703071818846776e-05,3.527187698412519374e-05,3.626404355566424675e-05,3.875727558499569598e-05,4.229641080317965733e-05,4.336116176603355902e-05,4.663534545475221655e-05,5.138989645816862854e-05,5.587928516122700007e-05,5.680582389798265706e-05,6.329050610437242602e-05,6.950155161177068940e-05,7.000856547121870287e-05,7.705371159293328233e-05,8.767956120613750902e-05,9.830335275020740497e-05,9.700478191520976658e-05,1.117273831427229751e-04,1.270281268148286348e-04,1.228139809959084665e-04,1.406956169711672238e-04,1.638747085368735920e-04,1.556757223068478812e-04,1.809908896310918165e-04,2.070868357211162953e-04,2.315853607123407741e-04,2.251398534580112539e-04,2.266421186004964378e-04,2.115190884230352432e-04,1.877523134196985204e-04,1.126993891286972004e-04,1.071119616760009291e-04,1.063143427276274728e-04,1.193659705164545345e-04,1.193659705164545345e-04,1.068527685347229079e-04,1.149153379279984840e-04,1.284540926688236648e-04,2.226686737029903707e-04,2.529641675663612307e-04,2.714912938873319573e-04,2.690611592782379694e-04,2.751916438434082635e-04,2.435399262009423039e-04,2.097839930617013190e-04,1.771764808098231342e-04,1.851940057728624018e-04,1.560725582013847113e-04,1.337690652164745812e-04,1.383591154886530184e-04,1.198557441527314435e-04,1.022807286326167427e-04,1.040905126311236003e-04,9.171932110826197656e-05,7.942330866980971168e-05,7.146906236467698357e-05,7.138121839060005108e-05,6.446103826940707110e-05,5.720981947969793385e-05,5.661430713891201102e-05,5.172960750288122395e-05,4.650718870836311131e-05,4.303905661962210971e-05,4.219913807788285449e-05,3.836782680910513608e-05,3.576896585469440109e-05,3.494962184513487419e-05,3.262995076929632999e-05,3.009616749831244884e-05,2.830889046501091545e-05,2.756036045302028985e-05,2.560972665595199856e-05,2.420310884934428396e-05,2.354098763777893780e-05,2.227314988935480544e-05,2.089079392845412226e-05,2.031048241568976268e-05,1.929381675868776857e-05,1.818789141278406594e-05,1.734573287520166810e-05,1.685474658251900033e-05,1.595860574606948324e-05,1.526412982486146118e-05,1.483635929284042702e-05,1.420352938384943091e-05,1.352301852903627899e-05,1.298104822184062197e-05,1.262062290768591977e-05,1.205406795448549889e-05,1.159639608377323767e-05,1.128085942613452731e-05,1.086106060783210400e-05,1.041516755579309556e-05,1.013794481100098593e-05,9.779553129070568909e-06,9.400346643686035195e-06,9.083594295159090471e-06,8.847673181136501080e-06,8.522786138302200458e-06,8.248501036488427827e-06,8.039577614950873651e-06,7.785860785135464087e-06,7.520373975519751448e-06,7.292535769385762207e-06,7.113123314772150366e-06,6.882067039355190676e-06,6.682048861164332690e-06,6.521898427895009409e-06,6.335930382412509354e-06,6.143202061176046974e-06,5.999755717493615134e-06,5.835330038560219724e-06,5.665418847274073045e-06,5.515296103850286718e-06,5.390472787781039722e-06,5.250250413745000161e-06,5.106117013306329362e-06,4.993512763342824253e-06,4.868246259231578406e-06,4.739801124464430890e-06,4.624393663749446836e-06,4.525583386180135959e-06,4.410664135912562799e-06,4.306838697737402402e-06,4.217121664631772712e-06,4.119574263416585879e-06,4.020200312974858193e-06,3.929663130331563976e-06,3.850327414015925838e-06,3.760654666718377040e-06,3.678578612629145735e-06,3.606121811262960219e-06,3.528732484972594866e-06,3.450321040052497311e-06,3.383989350300300530e-06,3.313525015347072936e-06,3.242246000404817435e-06,3.176292814227879351e-06,3.117052496929290677e-06,3.052076665298399036e-06,2.991736201889273220e-06,2.937230893886499767e-06,2.880076364144812972e-06,2.822505909065763026e-06,2.768748068964786773e-06,2.719771898266401296e-06,2.666973977936236090e-06,2.617520032556154381e-06,2.572253884767451583e-06,2.525279140213594097e-06,2.478128767602128085e-06,2.436214770039201605e-06,2.392858857584000984e-06,2.349386577484807586e-06,2.308370453104737390e-06,2.270412929958793118e-06,2.231353031918410206e-06,2.192261072115968540e-06,2.156976231351166012e-06,2.120761823589743078e-06,2.084549086848320525e-06,2.050170126097047663e-06,2.018060692123809458e-06,1.984453705418346084e-06,1.952480471711258581e-06,1.922525214379532171e-06,1.891976407907074581e-06,1.861497578324512922e-06,1.832408484584025500e-06,1.805027910748126921e-06,1.776628459542007558e-06,1.749474127427551524e-06,1.723847170797014512e-06,1.697848909741352603e-06,1.671958038911331722e-06,1.647940655415227110e-06,1.623615340715561112e-06,1.599403614302632665e-06,1.576153579947166960e-06,1.554074567748971773e-06,1.531400927381785638e-06,1.509595103639895952e-06,1.488843370388046154e-06,1.467909948830680172e-06,1.447103561553710290e-06
1.518488106862896179e-06,1.540001065391163227e-06,1.561970456729870096e-06,1.584409322523327408e-06,1.607114612512313793e-06,1.630520523534748956e-06,1.654437119493950296e-06,1.678636073401878591e-06,1.703604916181292712e-06,1.729130230550550941e-06,1.755520244141908430e-06,1.781627153606866650e-06,1.808906860472195730e-06,1.836812683246181960e-06,1.865036164558295759e-06,1.894232626453710643e-06,1.924114309497938538e-06,1.954332502169728489e-06,1.985627096017758179e-06,2.017673080980756517e-06,2.050494834171789927e-06,2.083671392400676697e-06,2.118092873377392541e-06,2.153367439573984828e-06,2.189017069750180347e-06,2.226051338086081882e-06,2.264025773455685141e-06,2.303632168955106799e-06,2.342310876268766164e-06,2.383263764901841448e-06,2.425291770798338607e-06,2.467731547716377992e-06,2.511977904682728611e-06,2.557415759480070277e-06,2.605033932887364736e-06,2.651183389961147250e-06,2.700404332153513345e-06,2.750998818570602637e-06,2.802033283682728198e-06,2.855462376530588549e-06,2.910423253301470546e-06,2.965841343248468845e-06,3.023964255703783804e-06,3.083800348738244705e-06,3.145418378868227356e-06,3.207482890851201806e-06,3.272778321425960434e-06,3.340075061382005148e-06,3.407824770605862415e-06,3.479252566635617726e-06,3.552935395398267342e-06,3.631351540172879051e-06,3.705410926049004412e-06,3.786299249348983284e-06,3.869850788317394038e-06,3.953788808321815987e-06,4.042835758091255069e-06,4.134909175441532796e-06,4.227336659705762520e-06,4.325655797200033180e-06,4.427427806871614290e-06,4.532819362636607697e-06,4.638401375169952014e-06,4.751255638461855675e-06,4.868263639505207260e-06,4.985356543357800443e-06,5.110928259404224211e-06,5.241288586964423247e-06,5.383377323704682282e-06,5.511817803416348665e-06,5.657597235751275952e-06,5.809228259871475271e-06,5.960321806732177858e-06,6.123995401881784894e-06,6.294497830167132736e-06,6.482953602971599786e-06,6.648652855201659223e-06,6.841218028729106901e-06,7.042284803157290986e-06,7.241438077204516724e-06,7.459947252347440445e-06,7.688522765781223198e-06,7.914350698110592509e-06,8.163558270414630777e-06,8.424766775264773679e-06,8.698793049882222220e-06,8.967859421315384471e-06,9.268047495217121706e-06,9.583680666219408843e-06,9.892413607365223090e-06,1.023950858005082300e-05,1.060536973723938840e-05,1.102980589821210028e-05,1.136562121990085011e-05,1.179262245793679050e-05,1.224452259965993413e-05,1.267982188538308484e-05,1.318191445833188581e-05,1.371498074731976141e-05,1.422474088173978916e-05,1.481995310723477617e-05,1.545413001227877633e-05,1.613103906848517715e-05,1.676715386815474964e-05,1.752866670125096125e-05,1.834495358880271142e-05,1.910247543434095543e-05,2.002624167489201715e-05,2.102122219291699325e-05,2.227834484935203554e-05,2.306328925474397963e-05,2.429043773994264791e-05,2.562367139837515406e-05,2.679604509305342889e-05,2.832911013965240594e-05,3.000619878258648475e-05,3.143587166947593812e-05,3.337789864006058778e-05,3.551935477643962727e-05,3.789337737319925644e-05,3.976628824624914695e-05,4.254469471727502446e-05,4.565750447894299487e-05,4.794271213748331061e-05,5.160669690912251969e-05,5.576295848172573618e-05,6.187212921438014200e-05,6.340477625403017584e-05,6.904944713504141773e-05,7.562701192189824183e-05,7.878749835308731576e-05,8.654431630746819060e-05,9.575916911050178187e-05,1.101765232796580454e-04,1.091299592501002147e-04,1.220078910200726242e-04,1.378456507450497980e-04,1.363646690652472538e-04,1.536736023879230488e-04,1.747656075649812741e-04,1.647698882046825402e-04,1.861160228035136667e-04,2.081559564308086720e-04,2.199754045253668109e-04,2.114020011583126694e-04,1.949884374396301161e-04,1.228086746156379771e-04,1.299931591849193290e-04,5.628205362956185861e-05,4.843157753081310101e-05,5.898241580683307594e-05,5.915183116612369627e-05,4.860099289010372134e-05,6.231403107492335558e-05,1.540083945747085389e-04,1.468237039283237799e-04,2.336914377285860805e-04,2.527000843577331094e-04,2.609006654747865494e-04,2.434943392255235902e-04,2.135069350146295765e-04,1.847414228800983553e-04,1.943044174743378837e-04,1.673813842137559463e-04,1.457016793125378684e-04,1.471185478033750188e-04,1.281804109077965676e-04,1.130840912485513481e-04,1.148822520432447977e-04,9.825502709103250195e-05,8.793523726342458268e-05,7.939443415864004820e-05,7.637076836915695837e-05,6.923584245247999306e-05,6.319559796738392205e-05,6.205679933479066259e-05,5.539316851221391761e-05,5.103554378219177603e-05,4.723139661334650350e-05,4.504511789662584532e-05,4.183072061703119339e-05,3.898396097684433313e-05,3.719213030239299286e-05,3.476905563159325024e-05,3.259713507766571377e-05,3.063851451268936448e-05,2.927073360542794709e-05,2.758340191259767512e-05,2.604808038729284280e-05,2.492645993099021649e-05,2.359375274302943391e-05,2.237179516762621546e-05,2.166771573406427179e-05,2.037774168245867252e-05,1.939163161357774527e-05,1.847875559172223827e-05,1.775402763005897323e-05,1.694821027979668564e-05,1.619832430265742107e-05,1.558974755353303870e-05,1.492375914658046319e-05,1.430114149927259473e-05,1.371790565135286444e-05,1.323021354672065964e-05,1.270821947787971399e-05,1.221738067792202439e-05,1.180092593682942654e-05,1.135940916267395958e-05,1.094283164454247345e-05,1.063276338353112092e-05,1.020839394154645177e-05,9.852105525498173647e-06,9.514492553684575108e-06,9.219124972600586083e-06,8.912239183424870381e-06,8.620676803940865697e-06,8.363258586803729605e-06,8.097203509512090791e-06,7.843830235059147317e-06,7.602306343873596610e-06,7.386254730249956684e-06,7.164793694706719176e-06,6.953249082590031863e-06,6.762717354417543746e-06,6.568112815370937178e-06,6.381865794797281673e-06,6.226983011503789093e-06,6.041223129404634636e-06,5.876459384685031572e-06,5.718386400733163733e-06,5.573833845738494735e-06,5.427422720565776667e-06,5.286735584694134229e-06,5.166271215758790185e-06,5.026811782622418925e-06,4.901089775940970846e-06,4.780039753520678429e-06,4.668015919443620661e-06,4.555240438212192307e-06,4.446512333077840068e-06,4.345501072237925432e-06,4.243978856923530930e-06,4.145979321109052571e-06,4.051337273235811928e-06,3.962911067883431872e-06,3.874293325949894660e-06,3.788615414541269976e-06,3.708311155987997069e-06,3.627931022950701849e-06,3.550135390417619805e-06,3.480272055945042188e-06,3.403884893267865142e-06,3.333046357262803855e-06,3.264392815849256744e-06,3.199576059793597356e-06,3.134899894537462819e-06,3.072161365853033677e-06,3.012783689122025893e-06,2.953584346705014901e-06,2.896108990018882799e-06,2.840290213822769804e-06,2.787271228821719160e-06,2.734493691671396343e-06,2.683196378619819941e-06,2.634371246918165733e-06,2.585799363595752787e-06,2.538553992146769746e-06,2.494848973064663246e-06,2.448701825704787428e-06,2.405097694403753034e-06,2.362643146473514356e-06,2.322040630255120568e-06,2.281717300913534959e-06,2.242430749601693203e-06,2.205753850982613492e-06,2.167435698251195981e-06,2.131013205438490270e-06,2.095496624107885871e-06,2.061390302338002616e-06,2.027563198516728200e-06,1.994557753701458360e-06,1.962817442102734966e-06,1.931347562980445709e-06,1.900624580734048783e-06,1.870624824949916302e-06,1.841714808282853752e-06,1.813070840177948015e-06,1.785086177450303686e-06,1.758084519078543047e-06,1.731338098825207634e-06,1.705193915332561704e-06,1.680378826197595521e-06,1.654927189528748119e-06,1.630467226504757743e-06,1.606542230458935448e-06,1.583390873645436336e-06,1.560474975611894792e-06,1.538049890654402047e-06,1.516327535543970096e-06,1.494829712490864553e-06,1.473782977356807711e-06,1.453174720209061606e-06
1.523972917538954201e-06,1.545321936059504281e-06,1.567405331793066978e-06,1.590097139628255271e-06,1.613147482448306098e-06,1.636348035762424709e-06,1.660547183629283834e-06,1.685130091808849934e-06,1.709862328465393214e-06,1.735703916252936719e-06,1.761956590196327945e-06,1.788803955998233811e-06,1.815787485078707855e-06,1.844065808204073010e-06,1.872791108447603575e-06,1.901646045644850826e-06,1.931946889687750760e-06,1.962727092683432649e-06,1.993627602495592441e-06,2.025860066580769978e-06,2.059179505440750839e-06,2.093019749217632913e-06,2.126946769267327466e-06,2.162784531587972334e-06,2.199181288051782873e-06,2.235643735636720777e-06,2.274257041590463594e-06,2.313470737201687865e-06,2.353698248302669446e-06,2.393931185782167595e-06,2.436727145544192413e-06,2.480173794816613034e-06,2.523584910267273166e-06,2.569899387939452450e-06,2.616912797545379137e-06,2.665216696279673251e-06,2.713380700669496125e-06,2.765039128227296476e-06,2.817451391574533220e-06,2.869649172032119580e-06,2.925832852935586600e-06,2.982825420603285603e-06,3.039511079360478939e-06,3.099752664697864280e-06,3.162870421105190471e-06,3.226853095087987847e-06,3.290311546110742176e-06,3.359344876381208782e-06,3.429303485449707763e-06,3.498574882028017304e-06,3.574275189752900395e-06,3.650964657417668428e-06,3.730128583931078632e-06,3.808235207284912810e-06,3.894302222373433048e-06,3.981404482583717154e-06,4.067163377350001028e-06,4.162184538752472904e-06,4.258303161332210014e-06,4.352723621128891186e-06,4.455246683213334743e-06,4.564362865313734386e-06,4.674588625662654018e-06,4.782329236350024193e-06,4.903744535299417288e-06,5.026314505899601556e-06,5.145767869588949789e-06,5.281366191462891458e-06,5.418156399487241283e-06,5.560295709190411675e-06,5.697928445971588149e-06,5.856322595162568555e-06,6.015794807443980338e-06,6.169613510444668013e-06,6.348248379348366758e-06,6.527927018406994426e-06,6.715305071487919960e-06,6.894504235559913368e-06,7.106262185726707244e-06,7.318709800294819019e-06,7.520831954596435425e-06,7.762438527990013056e-06,8.004525344083125916e-06,8.233520232831088127e-06,8.496558089817895867e-06,8.788076164767311176e-06,9.079195459539294842e-06,9.351042022588998857e-06,9.688336742670446627e-06,1.002461255652274547e-05,1.033611201015098380e-05,1.072900091101757903e-05,1.112000633247595283e-05,1.153282564665007407e-05,1.190833941885740871e-05,1.239784137790330280e-05,1.288270029218694538e-05,1.331863423132459068e-05,1.389958811254297263e-05,1.447371106224864452e-05,1.498301199832672354e-05,1.561905350537196467e-05,1.636469466356282545e-05,1.709709189344331024e-05,1.772683018088405850e-05,1.863284852423788664e-05,1.952016825265046236e-05,2.026712204570244667e-05,2.138069201312452300e-05,2.246788481000059061e-05,2.364201247916525531e-05,2.458169347534096443e-05,2.609474749386072484e-05,2.755968217729050837e-05,2.868972777767309665e-05,3.061239052327120280e-05,3.246657165086183698e-05,3.383144691760283507e-05,3.593374390085473752e-05,3.869743941853936211e-05,4.133524295973662889e-05,4.305696635908703269e-05,4.672207970352180198e-05,5.020195840103303765e-05,5.224336932058449841e-05,5.719583329001657549e-05,6.186718694882960864e-05,6.718500544475371227e-05,6.945489880391268788e-05,7.736121008169648489e-05,8.469858552173107019e-05,8.672955290860654288e-05,9.787666850318918889e-05,1.080238638847171853e-04,1.200326743209354261e-04,1.188053640563702671e-04,1.375745002025579840e-04,1.536072285484912437e-04,1.440097166431481544e-04,1.687144107736841760e-04,1.862332022579414104e-04,1.561627322720423195e-04,1.617682572118938331e-04,1.942541004390905439e-04,1.873326967856686750e-04,1.227312497892767205e-04,1.387269718230922275e-04,5.606310835050208841e-05,1.384132514777604714e-05,1.295891648486377265e-05,1.215830498391647789e-05,1.215830498391647789e-05,1.376719536321369995e-05,1.590533757070534436e-05,6.709279437898849302e-05,1.663446522735849897e-04,1.466490769386046282e-04,2.217222538906316249e-04,2.255337468942142929e-04,1.813753934308900842e-04,1.700925460463846464e-04,2.028453208366181779e-04,1.798142341724873465e-04,1.492410830196192178e-04,1.606075192741932272e-04,1.417847735544272971e-04,1.200336506190739506e-04,1.224755481999916223e-04,1.091523198063947870e-04,9.810365177807110922e-05,8.585099428331109304e-05,8.450634823451340317e-05,7.674778916754163352e-05,6.824623130577017500e-05,6.645410881423066782e-05,6.094013372084454677e-05,5.614154339075389183e-05,5.094121954366710589e-05,4.919311674076921366e-05,4.566086578248699645e-05,4.185117724028989837e-05,4.034553077210284466e-05,3.769198673026676462e-05,3.484208190535092618e-05,3.275982824952952395e-05,3.153964042774522951e-05,2.969505624217144875e-05,2.773406351068928420e-05,2.671600347922495428e-05,2.526576428294821465e-05,2.372998888334206010e-05,2.287839569850113312e-05,2.172072258916577105e-05,2.065149925234745356e-05,1.952948517592654654e-05,1.884677517805607535e-05,1.797673240092954495e-05,1.706685238027209374e-05,1.648933163128971143e-05,1.577303111541351885e-05,1.502641650731632073e-05,1.440831372937298578e-05,1.393872281614549212e-05,1.337927742016726084e-05,1.280037985030522647e-05,1.239753087266355594e-05,1.192588960514405819e-05,1.143921466504252851e-05,1.109150027762054954e-05,1.069055064476172390e-05,1.031117838188457248e-05,9.922040577832116017e-06,9.632603197382905009e-06,9.306737602272964843e-06,8.973262583271736245e-06,8.720283624013494149e-06,8.438489931971914165e-06,8.150757026765137277e-06,7.897001217375708684e-06,7.683328173135604267e-06,7.449386291689093194e-06,7.211603044913747956e-06,7.022773899806638152e-06,6.817644185456473085e-06,6.609528630535062116e-06,6.441922275077876755e-06,6.261134350621627693e-06,6.087861899293752449e-06,5.912721004304436040e-06,5.768561291220217136e-06,5.614872118874321905e-06,5.459760184873599500e-06,5.330645821980325790e-06,5.193739958095670073e-06,5.062036580998458839e-06,4.929517441453720862e-06,4.817267621191981489e-06,4.699313619840059758e-06,4.580776169578816253e-06,4.479449543361232112e-06,4.373422561875855276e-06,4.266995959897899213e-06,4.168538819254387163e-06,4.079611991868653314e-06,3.987217773234589705e-06,3.894690895013510877e-06,3.813864272198547506e-06,3.730166764659657418e-06,3.646429364877005782e-06,3.572764868845737782e-06,3.496720226842789960e-06,3.423068106989312060e-06,3.349520801342880459e-06,3.284112680046447341e-06,3.216943839325000992e-06,3.149922916484580582e-06,3.089967993592039925e-06,3.028552807573440156e-06,2.967317780629924074e-06,2.909553824993580929e-06,2.855943633913549425e-06,2.801259621046793627e-06,2.746815054540674981e-06,2.697423554942807278e-06,2.647144871339721476e-06,2.597115999016769343e-06,2.551518677157890685e-06,2.505190111060351925e-06,2.460104786819093310e-06,2.415296392758447724e-06,2.374164254918654028e-06,2.332506491584767032e-06,2.291124283488307787e-06,2.252986742362832327e-06,2.214421640902349776e-06,2.176832158118749398e-06,2.139527049174557169e-06,2.104938371075644192e-06,2.070053971602587169e-06,2.035446552801188472e-06,2.003250553123665582e-06,1.970820594317735822e-06,1.938659403206459174e-06,1.907788123794087015e-06,1.878445483321416831e-06,1.848953708275084750e-06,1.819727343039200367e-06,1.792317786652549432e-06,1.764797781058719207e-06,1.737532889661202250e-06,1.711892613448445356e-06,1.686174247265069555e-06,1.661027060627692039e-06,1.636127284237733106e-06,1.612613682410743324e-06,1.589067971080222834e-06,1.565758776829056440e-06,1.543695015440461958e-06,1.521618970266277048e-06,1.499768841071932758e-06,1.478627158564267687e-06,1.458314705317701685e-06
1.528009454317407611e-06,1.549735987251953080e-06,1.571766184200881566e-06,1.594420991609576949e-06,1.617564101251784237e-06,1.641318950667596626e-06,1.665185210429043667e-06,1.689869226556726885e-06,1.715225750319151773e-06,1.740686121179986523e-06,1.767049178235329543e-06,1.794009407647667254e-06,1.821738956417714011e-06,1.849546505405489987e-06,1.878395250724279675e-06,1.908094207461072481e-06,1.937854614697573573e-06,1.968770082008712369e-06,2.000423353608351611e-06,2.032524887298797845e-06,2.065706577027972850e-06,2.099698619562765892e-06,2.134780504954531894e-06,2.169846783593710322e-06,2.206410527270880212e-06,2.244188732044281016e-06,2.281912364064304282e-06,2.321310139376775660e-06,2.361725690385391939e-06,2.403559664760865936e-06,2.445244694950611132e-06,2.488899068245241886e-06,2.534144511260145640e-06,2.579172634553006059e-06,2.626416040514653954e-06,2.674954596219607536e-06,2.725370455109730433e-06,2.775412117222002199e-06,2.828084757971890845e-06,2.882878593267648140e-06,2.937181082095606516e-06,2.994463298156363063e-06,3.053417984409098147e-06,3.113201948782172647e-06,3.175638706412907536e-06,3.239950157798578254e-06,3.307144918888156984e-06,3.373389534112083751e-06,3.443715682602285406e-06,3.517337826011238404e-06,3.589766211123056374e-06,3.666867773113106301e-06,3.746449518545586718e-06,3.830036239924522511e-06,3.911902055313348953e-06,3.999473741341454999e-06,4.091667135405227378e-06,4.181723273534904013e-06,4.278371031035464458e-06,4.378365846385338438e-06,4.479727502159666230e-06,4.586725639271265690e-06,4.697553436777615841e-06,4.815029571918971743e-06,4.928755083307738023e-06,5.052007117010766169e-06,5.183050487665859422e-06,5.309447499933342190e-06,5.447013423084963114e-06,5.589924059065316163e-06,5.742680533638014535e-06,5.888871248940340777e-06,6.049220793616290132e-06,6.221258576350939011e-06,6.385130212072829563e-06,6.565810793129530363e-06,6.754164976609080709e-06,6.957596783499599483e-06,7.149413855029580582e-06,7.362972493639371510e-06,7.594699979181851544e-06,7.811861485417384438e-06,8.055217426891734134e-06,8.309965839054909246e-06,8.567662142557171747e-06,8.846481582377676133e-06,9.138940219296322792e-06,9.460845967312446418e-06,9.756079686250790223e-06,1.009386688906130623e-05,1.046806284471189232e-05,1.080816222659436143e-05,1.120087389877528731e-05,1.161507499357891758e-05,1.207944568322225862e-05,1.249305175277174292e-05,1.297937107613456928e-05,1.352915939082402612e-05,1.401274057921814786e-05,1.458836423270524028e-05,1.519969529739305687e-05,1.581471341791778416e-05,1.650209482916900820e-05,1.723462032289493684e-05,1.808538265638360372e-05,1.879950644732359321e-05,1.968614637380154881e-05,2.072874869152067790e-05,2.158572284560782029e-05,2.267086476032369717e-05,2.383876837139205012e-05,2.524619922483721450e-05,2.634693683932912356e-05,2.780100636162001539e-05,2.958385427967190597e-05,3.093179767987126548e-05,3.276741564587594619e-05,3.476917548449597203e-05,3.672801793885459629e-05,3.908013721221564814e-05,4.166186278596037867e-05,4.502560423189253078e-05,4.722141960850439698e-05,5.060504996331559015e-05,5.514694591928719742e-05,5.786829911993295370e-05,6.237015450625948553e-05,6.740419853455711474e-05,7.461615555569558133e-05,7.799092349706049745e-05,8.479714696644023296e-05,9.505716849778977158e-05,9.863302047901129793e-05,1.077241298503444261e-04,1.179711081272116920e-04,1.354705988535028676e-04,1.359169896287376589e-04,1.480778505010808973e-04,1.720440086069846943e-04,1.616119632089594324e-04,1.695858125167120712e-04,1.732581988748958541e-04,1.538361033800827830e-04,1.397771026977422104e-04,1.115772752861204161e-04,1.296759287163304776e-04,5.603874667503418134e-05,1.413689302310325661e-05,1.038410381316705818e-05,3.363196264334541850e-07,2.694713605873767446e-07,2.694713605873767446e-07,3.723643737419186613e-07,1.244811623609512043e-05,1.695406950729300526e-05,6.703784810075434045e-05,1.532929005351301040e-04,1.259232331027057106e-04,1.522453080255046424e-04,1.623810742736410460e-04,1.809623676872770890e-04,1.739237229580927325e-04,1.633791642869332689e-04,1.760617422405927259e-04,1.482214256215856943e-04,1.349647576503161333e-04,1.359774306120905705e-04,1.166134665129422933e-04,1.059450800969103220e-04,9.660886056443665373e-05,9.381809900380370590e-05,8.289500384411169990e-05,7.602292745021930998e-05,7.318405205294959304e-05,6.561875541730407603e-05,6.058927878216975192e-05,5.611544267150497573e-05,5.371909738614146044e-05,4.903480189120056168e-05,4.569254067483531591e-05,4.373459079623521486e-05,4.028912812051113499e-05,3.775064062190630127e-05,3.544438660950266647e-05,3.357034441847105729e-05,3.160923362605634835e-05,2.981501521191578768e-05,2.858948237560964746e-05,2.678808011030849476e-05,2.537045189376317192e-05,2.436572750947205238e-05,2.294857295904108007e-05,2.181239370172914678e-05,2.075824330198817574e-05,1.997112753917164630e-05,1.892727863567459200e-05,1.806736780069455187e-05,1.740988275787588711e-05,1.656022028026239148e-05,1.585078480176659548e-05,1.518570844819078684e-05,1.459731508171676601e-05,1.400598787813783057e-05,1.344966539937783398e-05,1.300179116355184535e-05,1.245613311287565239e-05,1.198658515172017257e-05,1.160291356683835064e-05,1.114286471945599012e-05,1.074329915815465448e-05,1.036468728350226320e-05,1.004827912782818412e-05,9.678755363579866422e-06,9.353329263433855190e-06,9.078313004603767757e-06,8.760903120924935138e-06,8.479327982410351397e-06,8.210999287459699484e-06,7.964458916557719720e-06,7.719332558799529313e-06,7.485257824429858673e-06,7.282273248294936108e-06,7.054681906342001189e-06,6.849366976873526097e-06,6.669889838510500047e-06,6.470331927342433397e-06,6.289327462338639493e-06,6.115746487736443819e-06,5.962130303276694720e-06,5.793729595243928548e-06,5.639737266765907365e-06,5.502574909578496383e-06,5.353205101294995767e-06,5.216006055080220117e-06,5.083966392592997605e-06,4.965186057432907578e-06,4.837282949914706775e-06,4.719015604719110969e-06,4.612060874676329988e-06,4.497504983789187058e-06,4.391186817000612745e-06,4.288559227522850056e-06,4.191585619945966665e-06,4.095682204857674063e-06,4.003002601046798627e-06,3.918133860695690420e-06,3.828446534359594372e-06,3.744487239446991017e-06,3.667286608849727930e-06,3.586034559667419774e-06,3.509749641288947939e-06,3.435850574871087481e-06,3.367471478577937812e-06,3.295999224996592302e-06,3.228604782188289576e-06,3.166027555595318849e-06,3.100839067980523191e-06,3.039217490439741152e-06,2.979397474555660555e-06,2.922201618230932834e-06,2.865720231275976204e-06,2.810845556495505301e-06,2.759471760802653561e-06,2.706405911446334260e-06,2.655952828940877049e-06,2.608586704907950653e-06,2.559788554140935082e-06,2.513300213271202127e-06,2.468055148279569221e-06,2.425398857985842254e-06,2.381646574767798899e-06,2.339842506814909492e-06,2.300335935911600828e-06,2.259902793488660957e-06,2.221203476108652219e-06,2.183480561073240436e-06,2.147702124078793834e-06,2.111219027849964415e-06,2.076212175424002177e-06,2.042941158178228828e-06,2.009076875924049452e-06,1.976534362175552209e-06,1.944768863560666164e-06,1.914057037605058001e-06,1.883755391281837440e-06,1.854161079716141711e-06,1.825896357434058624e-06,1.797259917244844089e-06,1.769645451681258630e-06,1.743226715810005241e-06,1.716499142377030520e-06,1.690693631665798863e-06,1.665460409053367563e-06,1.641258518155948021e-06,1.616832871296106669e-06,1.593207714124507785e-06,1.570514495819928739e-06,1.547639189861187903e-06,1.525489684616970860e-06,1.503807984743390482e-06,1.482731497215175188e-06,1.461938478019264452e-06
1.530947549567838007e-06,1.552757940448483703e-06,1.575014012502157727e-06,1.597571299015472041e-06,1.620807889594229120e-06,1.644527251735966126e-06,1.668765604141047048e-06,1.693356403310161964e-06,1.718668596550565870e-06,1.744546494751423337e-06,1.770770578637075978e-06,1.797853007372384560e-06,1.825519825251677581e-06,1.853823288564984239e-06,1.882542548955509862e-06,1.912164889409688758e-06,1.942484209166192347e-06,1.973201389852771036e-06,2.005017017872364389e-06,2.037545685734614306e-06,2.070499643012834660e-06,2.104675561688176697e-06,2.139630599940157395e-06,2.175453820896101938e-06,2.211813225629556130e-06,2.249438675361218275e-06,2.288021276343599384e-06,2.327092113017452906e-06,2.367758040188100876e-06,2.409386740343164318e-06,2.452110103589786191e-06,2.495478856876761721e-06,2.540478169397417242e-06,2.586691085944541582e-06,2.633461789282453356e-06,2.682347763366184485e-06,2.732435020281572667e-06,2.783921326823606771e-06,2.836192287675639773e-06,2.890592554615924876e-06,2.946553615413321865e-06,3.003145820285126404e-06,3.062592402915617504e-06,3.123553745626564956e-06,3.185188593019990858e-06,3.250072356869069047e-06,3.316637982157003556e-06,3.385243257657134414e-06,3.454916733207783724e-06,3.527783456941940492e-06,3.602949248053688102e-06,3.678859157261640022e-06,3.759276738874831989e-06,3.841852135107387813e-06,3.927141653948962629e-06,4.013773194356370869e-06,4.104747288528438731e-06,4.198806682571256626e-06,4.293654411369248744e-06,4.394900151063212658e-06,4.498951538419184538e-06,4.603824706286134842e-06,4.716143287096405527e-06,4.831626117563542260e-06,4.951341180826355408e-06,5.072997394423088762e-06,5.201615943734064389e-06,5.335114792575820878e-06,5.469376220524394097e-06,5.614606510666878039e-06,5.764044998996396370e-06,5.919438302510581137e-06,6.077391610852501700e-06,6.245357063113084988e-06,6.420272316764798880e-06,6.595676581244285867e-06,6.787757108856082957e-06,6.985532476736117304e-06,7.191939042377774660e-06,7.401806451169259008e-06,7.626512137924345920e-06,7.861435170915080311e-06,8.096088177177902405e-06,8.357046056229242671e-06,8.625860335476665753e-06,8.893990243838743211e-06,9.194217137176053054e-06,9.503599735177776484e-06,9.828584846866316173e-06,1.015929955314377690e-05,1.051762028100994510e-05,1.089488162962617401e-05,1.126889462411222233e-05,1.169688402990241213e-05,1.213793590215435341e-05,1.260393308088189881e-05,1.307828624839226084e-05,1.359791366192113835e-05,1.414850846913341982e-05,1.468954096720162665e-05,1.532675687127951948e-05,1.598303399570850312e-05,1.662564143130722621e-05,1.739245821219960030e-05,1.818228796310640007e-05,1.902596843714083892e-05,1.988519356996564601e-05,2.084593200937590659e-05,2.187633554959671287e-05,2.286933033013463870e-05,2.410871206781194453e-05,2.538264638159687308e-05,2.675771680886860395e-05,2.815558206090982687e-05,2.975203114013996522e-05,3.148430693152967690e-05,3.310843088481600220e-05,3.527492270665668771e-05,3.749112723701606618e-05,3.954014699699888739e-05,4.236452356887919290e-05,4.524748329664564622e-05,4.842335218202513397e-05,5.161509685456068042e-05,5.543083073447502149e-05,5.966357531253270176e-05,6.329270260323866752e-05,6.901463106797882537e-05,7.474449257468945287e-05,8.116178995419265341e-05,8.733958501221271626e-05,9.515143992740873551e-05,1.039130817988160991e-04,1.097602490423897306e-04,1.223895752281803926e-04,1.339058898628733287e-04,1.464764608768206870e-04,1.556474536249006591e-04,1.680955975944016935e-04,1.795384918043334515e-04,1.700003327099224232e-04,1.824615022885406486e-04,1.728781429094816463e-04,1.212737820428186352e-04,1.048464588528388820e-04,5.541466428795238566e-05,1.372509585307470427e-05,1.038311522962128240e-05,3.133657602634679352e-07,1.250841382300301818e-12,1.978288084636731022e-12,1.978288084636731022e-12,1.384899159499057609e-12,3.758307863109524555e-07,1.244588654599702165e-05,1.564318946130982961e-05,6.035768713773422261e-05,1.098056340150202226e-04,1.195754853483993213e-04,1.743469206247066775e-04,1.819663074049283479e-04,1.657035890617605063e-04,1.775713948698785869e-04,1.652868178380880804e-04,1.523392843677951326e-04,1.435653131352927997e-04,1.307539659332448208e-04,1.191466489101308303e-04,1.060007400516936474e-04,1.010260974894729066e-04,9.230722685036213968e-05,8.457624979278557508e-05,7.866589770677929409e-05,7.232786869354255576e-05,6.669144488285362181e-05,6.087820993131187909e-05,5.762372468603172413e-05,5.347795847407575882e-05,4.975052149989950083e-05,4.669695066982962301e-05,4.359668875002048439e-05,4.078838497463359563e-05,3.794908365328669573e-05,3.608505126770095855e-05,3.393120866887837080e-05,3.175845092850531357e-05,3.027697258247925361e-05,2.859668368926493979e-05,2.705015878685065233e-05,2.571280852987962130e-05,2.438118757164890637e-05,2.314887061198947572e-05,2.191375368542264378e-05,2.100169952461646930e-05,2.000620096868388180e-05,1.907879301824411580e-05,1.825676460706408089e-05,1.744255033367309623e-05,1.668086418598104185e-05,1.592057280069442905e-05,1.532725526750684358e-05,1.469490591328006072e-05,1.406402244526133374e-05,1.356378966089881104e-05,1.303367207177221225e-05,1.253362217842933001e-05,1.207980423743776014e-05,1.163144014632586445e-05,1.120726519336357416e-05,1.078528091195457542e-05,1.043804417540702951e-05,1.007541702735586751e-05,9.731118326561457143e-06,9.414720593104368323e-06,9.102494474703606294e-06,8.805351869363674662e-06,8.510401424880034149e-06,8.260582505282604613e-06,8.002506962081363113e-06,7.746416433072866712e-06,7.527556889069526515e-06,7.302100132221322074e-06,7.086498134347202241e-06,6.885716097117720046e-06,6.687691083595251017e-06,6.497985258125260051e-06,6.310059327937622590e-06,6.145971228938267214e-06,5.978238160567358058e-06,5.817196412259270093e-06,5.666081061768918367e-06,5.517104711562760134e-06,5.373858627220009471e-06,5.232148987930377801e-06,5.106218941335781135e-06,4.978278144482867825e-06,4.855029671501881265e-06,4.738640077956911167e-06,4.623930389994708816e-06,4.513288198946855163e-06,4.403950388639933944e-06,4.305356656603653911e-06,4.205682233517477472e-06,4.107197804973280150e-06,4.017963475589551945e-06,3.927873396248019469e-06,3.840745578354915571e-06,3.757864404610546532e-06,3.676184500307155480e-06,3.597109673182968943e-06,3.519041324571298818e-06,3.447483134423734205e-06,3.375511526954832930e-06,3.305745567352313380e-06,3.239088326752288756e-06,3.173404822304795379e-06,3.109677604194290433e-06,3.046800016464151024e-06,2.988597263392012762e-06,2.930240144169864257e-06,2.872664786063882371e-06,2.819193532635590530e-06,2.765627059037285803e-06,2.713556726197029700e-06,2.663548627901782504e-06,2.614268733736906044e-06,2.566329689957360168e-06,2.519052837153322773e-06,2.474796105354674888e-06,2.430567734824388075e-06,2.387502164351985626e-06,2.346010888087583809e-06,2.305124302405931248e-06,2.265286400683171401e-06,2.226010470890188028e-06,2.188991443039781441e-06,2.152070189297620561e-06,2.116065684067029511e-06,2.081280314595548693e-06,2.047000949191829247e-06,2.013553021248011486e-06,1.980583288037841707e-06,1.949323892792902431e-06,1.918198732117164738e-06,1.887517796520225722e-06,1.858368952941099444e-06,1.829358659704945576e-06,1.801015668615621930e-06,1.773539693941237129e-06,1.746458929959963948e-06,1.719987650379177194e-06,1.693896427108579939e-06,1.668987003097250181e-06,1.644227879461568670e-06,1.620010258725657039e-06,1.596484020027100750e-06,1.573294009858979724e-06,1.550600752138172252e-06,1.528233701128131520e-06,1.506788812295136124e-06,1.485495884456556376e-06,1.464507703264713686e-06
1.532839139423523415e-06,1.554555418024911630e-06,1.576850582873563060e-06,1.599606955984334057e-06,1.622735647965388196e-06,1.646497653906948130e-06,1.670762165181111558e-06,1.695579038040251533e-06,1.720785666069133764e-06,1.746711293268349918e-06,1.773202083131742484e-06,1.800131123141172504e-06,1.827850202380172836e-06,1.856187951059308326e-06,1.885202259018862797e-06,1.914677532246711777e-06,1.945055587150164708e-06,1.976134189961229350e-06,2.007730726261035787e-06,2.040323970803761525e-06,2.073688106239248685e-06,2.107611574514078910e-06,2.142637760489509871e-06,2.178514263080685549e-06,2.215309546154317859e-06,2.252699617043598303e-06,2.291362714311368726e-06,2.330999357077556770e-06,2.371301086224096946e-06,2.413018889937982935e-06,2.455817124302866080e-06,2.499768440283718400e-06,2.544434507656782219e-06,2.590748702899252407e-06,2.638311025690622256e-06,2.686666642886000649e-06,2.736866583891995165e-06,2.788461209583052867e-06,2.841520032000774248e-06,2.895443793342956216e-06,2.951533538516916186e-06,3.009250811836417620e-06,3.067916141367479622e-06,3.129021466252149182e-06,3.191959525390956660e-06,3.255929873281748862e-06,3.322657094392262197e-06,3.391455407735585617e-06,3.462361411207247335e-06,3.534428116905790266e-06,3.609779873497552537e-06,3.687589187098905407e-06,3.766633835768555862e-06,3.849419321495931902e-06,3.935007696649679759e-06,4.023366053571405763e-06,4.113157393598284556e-06,4.207459627799589077e-06,4.305134093271929322e-06,4.404279235946730922e-06,4.508606950802268451e-06,4.616821434376744193e-06,4.726641664290550227e-06,4.842440292587217075e-06,4.962740376512476819e-06,5.087262720510863207e-06,5.213776618837672861e-06,5.347643028048307208e-06,5.487052358992266619e-06,5.628340789913831252e-06,5.778202946510049676e-06,5.934567568025315262e-06,6.096745336700098703e-06,6.261432845848390234e-06,6.436841697190556891e-06,6.620416407732995289e-06,6.806105259761395015e-06,7.004454828412426756e-06,7.212528130797230962e-06,7.428800891312677003e-06,7.648245348749531473e-06,7.883834412612537499e-06,8.131920324559403903e-06,8.382165210918003916e-06,8.651761536626262415e-06,8.936503215898455708e-06,9.223452769591653316e-06,9.533760947981560408e-06,9.862575716257618956e-06,1.020552387225416848e-05,1.055301774768240502e-05,1.093133465423648269e-05,1.133441620373092238e-05,1.173879308473962500e-05,1.218110588236701100e-05,1.265437514398666004e-05,1.314922155954486940e-05,1.364955109544339960e-05,1.420150293519632917e-05,1.479640677270094847e-05,1.538923145371612870e-05,1.604713089477649766e-05,1.676023730814340721e-05,1.746904587913659173e-05,1.826084378839203708e-05,1.912455059217175134e-05,2.003120106160164167e-05,2.094370867825340541e-05,2.197574051307491693e-05,2.311441188497208852e-05,2.423266139613574997e-05,2.550846669185732291e-05,2.692858999202727625e-05,2.842264414402323288e-05,2.991486141175017343e-05,3.164649078640376746e-05,3.360613670418262469e-05,3.549146904525856192e-05,3.770588389907911822e-05,4.024427423508904694e-05,4.266241426382633292e-05,4.554192049746912438e-05,4.889237052626139828e-05,5.241876245593056412e-05,5.585297641669469701e-05,6.006016402065266180e-05,6.510469791140293695e-05,6.965577267580788125e-05,7.534410068073386674e-05,8.232327721697103558e-05,8.955722111232125235e-05,9.613691547524438820e-05,1.047287895570500073e-04,1.158008441026371486e-04,1.241840448170444464e-04,1.354261794704935480e-04,1.503862577845385543e-04,1.638753948044345727e-04,1.712971504533955340e-04,1.817779995096718783e-04,1.964264058518170035e-04,1.886231538644869200e-04,1.770225411543118865e-04,1.602461425998596110e-04,1.028599824284279283e-04,4.684551691613614592e-05,1.266211458319633158e-05,3.311364456408252190e-07,1.231564074293874508e-12,1.241245338101914052e-41,1.074245462978619247e-41,1.074245462978619247e-41,1.485231494310420883e-41,1.341420363029499556e-12,3.606740245151232972e-07,1.309777671461017903e-05,4.502372093667953503e-05,9.906058431059176338e-05,1.568606931533857217e-04,1.703345355581169641e-04,1.814995712068705452e-04,1.909856508738284550e-04,1.748525703791259280e-04,1.646658124978412068e-04,1.587954914009986277e-04,1.454695251373227453e-04,1.300435520459661926e-04,1.191730082355713696e-04,1.117798316660559434e-04,1.004697423594456068e-04,9.218033523711305485e-05,8.630576440829230099e-05,7.925990811446809864e-05,7.219440004173543546e-05,6.672180115241255877e-05,6.261176213705219940e-05,5.751846265793450637e-05,5.347587755930760289e-05,5.036552813880242248e-05,4.695296826640370854e-05,4.358786308245506125e-05,4.082541977735144553e-05,3.862272851385185505e-05,3.607774666041788840e-05,3.395491765100694029e-05,3.223461056152715536e-05,3.027321684138303476e-05,2.861422348095577083e-05,2.725037146353348120e-05,2.581159608264172942e-05,2.439573611173752289e-05,2.317437370120319028e-05,2.214822541283851290e-05,2.101466560806950108e-05,2.002704681317286857e-05,1.918849247768376892e-05,1.831725917940361394e-05,1.746027317486830091e-05,1.670289008598517568e-05,1.604934188642087153e-05,1.534274072428682865e-05,1.471358430997218352e-05,1.416626192237634346e-05,1.357757246507903219e-05,1.304983855424948918e-05,1.258730976130585248e-05,1.211268251523063043e-05,1.164564898352553933e-05,1.122283323806097368e-05,1.084796599638046268e-05,1.045067743101801441e-05,1.008907999683185958e-05,9.766561288425769561e-06,9.437915918850423857e-06,9.114606854859257781e-06,8.818046501195529209e-06,8.551073967548676044e-06,8.271407236235553623e-06,8.013772982735566664e-06,7.780697370694358950e-06,7.537294236380925622e-06,7.312170632538679324e-06,7.107564999952716528e-06,6.900479393286893807e-06,6.696747298335550435e-06,6.507215214528634594e-06,6.333728142412967354e-06,6.154156804373581227e-06,5.986549943721009473e-06,5.832536409460824779e-06,5.677307851855291988e-06,5.524624932121604104e-06,5.381428328095383642e-06,5.249059908555772308e-06,5.113050822621047865e-06,4.985139323529286698e-06,4.866510099489543765e-06,4.747355935473468116e-06,4.630173003383910645e-06,4.519523018549760755e-06,4.416384475277668714e-06,4.311055619061323652e-06,4.211365871300203301e-06,4.118180519880942189e-06,4.023181802147507111e-06,3.933070876695395734e-06,3.848613489087624712e-06,3.764085363762779049e-06,3.680950885820677117e-06,3.601841604787237622e-06,3.527393422621653529e-06,3.451865423428230608e-06,3.379858481812318659e-06,3.311936742138722486e-06,3.244112065433629653e-06,3.177407811003845869e-06,3.113639558338719858e-06,3.053277828351256613e-06,2.992291712794781740e-06,2.933894761005253650e-06,2.878505486380313819e-06,2.822610226787794342e-06,2.769005280587467504e-06,2.718063262846898906e-06,2.667315089356760389e-06,2.617397558932828022e-06,2.569419043115995720e-06,2.523692145231914935e-06,2.477699208309257761e-06,2.433433360459986071e-06,2.391173630423945419e-06,2.349137887025661275e-06,2.307786998510974118e-06,2.267912218750411458e-06,2.229748566418493361e-06,2.191469589077105211e-06,2.154513599218693074e-06,2.119090879354093459e-06,2.083899935116124347e-06,2.049278136969997043e-06,2.015796809025844249e-06,1.983633719478898425e-06,1.951449259583952276e-06,1.920292758812725410e-06,1.890323632757276355e-06,1.860355354282766966e-06,1.831315643922202291e-06,1.803347576796023094e-06,1.775598524376114323e-06,1.748290255534748806e-06,1.721791131970268923e-06,1.696222669324001033e-06,1.670702888551238711e-06,1.645917666543812637e-06,1.621976283661264155e-06,1.598241467597847684e-06,1.574879176427373233e-06,1.552161400867403342e-06,1.530181232455945213e-06,1.508277543884172362e-06,1.486961643337570369e-06,1.466317404289823622e-06
1.533403254007110158e-06,1.555251806077256863e-06,1.577425768908150621e-06,1.600210502576355656e-06,1.623487073449070622e-06,1.647208321482673137e-06,1.671408745848144740e-06,1.696239008807869957e-06,1.721620573767335982e-06,1.747386642540756872e-06,1.773910267271447533e-06,1.801035573820316225e-06,1.828576404633878071e-06,1.856948954774016675e-06,1.885979392738639010e-06,1.915599954892176805e-06,1.945854877414220691e-06,1.976970753324648226e-06,2.008830241734636807e-06,2.041186810148316579e-06,2.074590048693841863e-06,2.108810171802288624e-06,2.143758956666483532e-06,2.179488281614044043e-06,2.216304887810276700e-06,2.254050936633402818e-06,2.292397542610545204e-06,2.332076356803280597e-06,2.372781495073404582e-06,2.414143335406833383e-06,2.456984576815628670e-06,2.500961827829461228e-06,2.546115416051557710e-06,2.592002977599998351e-06,2.639607390077853781e-06,2.688518267300342692e-06,2.738236699270438698e-06,2.789872239542355993e-06,2.842962641728923559e-06,2.897340272747076028e-06,2.953072165836690124e-06,3.010824617815633306e-06,3.070264695338811064e-06,3.130712416911120820e-06,3.193680261538597217e-06,3.258540239374729256e-06,3.325072322934815115e-06,3.393341209154974487e-06,3.464289476046756601e-06,3.537454010831070872e-06,3.611897801566093778e-06,3.689707673312329634e-06,3.770021565863795827e-06,3.851771645862341021e-06,3.937341556319932766e-06,4.025750807259990433e-06,4.116678692265074839e-06,4.210158350023527874e-06,4.307768552437619494e-06,4.408758811345664638e-06,4.511631037965846222e-06,4.619740437068346285e-06,4.731718346656604062e-06,4.847146107496197197e-06,4.965985052897200126e-06,5.090572854130023804e-06,5.219828123827944249e-06,5.351617046047952161e-06,5.490743152981067067e-06,5.635268957668292912e-06,5.782727811478060215e-06,5.938697968584780358e-06,6.100946957899911818e-06,6.269813221398742543e-06,6.442203686299824199e-06,6.625133163145099727e-06,6.815814706614091914e-06,7.010645613230041047e-06,7.217845683560157678e-06,7.434182054882899103e-06,7.658930858874792309e-06,7.891305729020812524e-06,8.138004285760251066e-06,8.396207002440674778e-06,8.660536936552924972e-06,8.943415484803888952e-06,9.240070790350118503e-06,9.544161148548678425e-06,9.870472328430389487e-06,1.021341042342973595e-05,1.057410857439253294e-05,1.094433663752941190e-05,1.134344310367974296e-05,1.176423087032147475e-05,1.219688824577899893e-05,1.266477360966934549e-05,1.315937815100181837e-05,1.368032655560815610e-05,1.422188579715302940e-05,1.480808670309016018e-05,1.543022663010813934e-05,1.607264885965444006e-05,1.677376452127108926e-05,1.752031816168266357e-05,1.831367066618237868e-05,1.914035642973452916e-05,2.004556865285987924e-05,2.101427319361429897e-05,2.202060693742348576e-05,2.313091600511154518e-05,2.432407056131222821e-05,2.556830859752678102e-05,2.694771002684380923e-05,2.843690218718576788e-05,3.004920591921085465e-05,3.173494180397265740e-05,3.362108730986365965e-05,3.567163148723281668e-05,3.783178433332741621e-05,4.025959173480301158e-05,4.291416784266536037e-05,4.584573548768036076e-05,4.890792502124331000e-05,5.240616555809675191e-05,5.626220188258584151e-05,6.038132734158258827e-05,6.507513756127744219e-05,7.027775313969063199e-05,7.587453443105392139e-05,8.227040375914875154e-05,8.938208435934835651e-05,9.728619184922780521e-05,1.058278946554251979e-04,1.155193178355665438e-04,1.261765729796285665e-04,1.375744260091047095e-04,1.500276915052184889e-04,1.629858482575658450e-04,1.774476878468260574e-04,1.875192022662984417e-04,1.958885147626651029e-04,1.976411013353494546e-04,1.889433940585882063e-04,1.623600296283416475e-04,1.153773554546686186e-04,5.704466058295545389e-05,1.175280532093375575e-05,2.604889802114957933e-07,1.912345148482173712e-12,1.037495056245956195e-41,0.000000000000000000e+00,0.000000000000000000e+00,9.896118343722653302e-42,1.829557800371256747e-12,2.492121444987738568e-07,1.124331238449369360e-05,5.478133339881626146e-05,1.103518325267926906e-04,1.551886696171824549e-04,1.804800058420309402e-04,1.888011806080895161e-04,1.870219731117076661e-04,1.789664691420818929e-04,1.705500869310193476e-04,1.554881512442521070e-04,1.431089966461551711e-04,1.312255528700263492e-04,1.203211243812076197e-04,1.101608378414196314e-04,1.009250646114699695e-04,9.275314072527448943e-05,8.522552270697678057e-05,7.845320545309290915e-05,7.236254610626666271e-05,6.700805511560380535e-05,6.205584825455836542e-05,5.758747576358293137e-05,5.364667139560742566e-05,4.997713550029392728e-05,4.664753146493932055e-05,4.387852561565512192e-05,4.092835528004638835e-05,3.840197798282451888e-05,3.609096245582463442e-05,3.402432480272977441e-05,3.207285808635572822e-05,3.027747161886399602e-05,2.874275207934022500e-05,2.713026854155962473e-05,2.571269642484726848e-05,2.439936884786297652e-05,2.320899512977043878e-05,2.207315862479316811e-05,2.101597452020895280e-05,2.005320597802178145e-05,1.913096404675863627e-05,1.826899794710582002e-05,1.751081312389752583e-05,1.672273913503062297e-05,1.601178693125629595e-05,1.534398353693385760e-05,1.472937241292666785e-05,1.413684014738475366e-05,1.357843718996661494e-05,1.307928171373831661e-05,1.256412120374985504e-05,1.209292148262989995e-05,1.164710387063793493e-05,1.123317666885391587e-05,1.083225618906339939e-05,1.045193342241437968e-05,1.009773290512489854e-05,9.754025385943603373e-06,9.427191707303414630e-06,9.116159286243180588e-06,8.825233306013386637e-06,8.542477287824025241e-06,8.272815080413217697e-06,8.019928255453550328e-06,7.773795219823901036e-06,7.538597153511392187e-06,7.322393556165271692e-06,7.102018814080002046e-06,6.895745002563998878e-06,6.698158349524582843e-06,6.511761869142614641e-06,6.329929717547225916e-06,6.155469350427745464e-06,5.990541842430700608e-06,5.829495010181114437e-06,5.674741566141486127e-06,5.525960840843602829e-06,5.384885629375846478e-06,5.247022349385657046e-06,5.114296103103627965e-06,4.988212456100102591e-06,4.864903151100627404e-06,4.746034794507464818e-06,4.634675098824506900e-06,4.522213109443628948e-06,4.415365438081872821e-06,4.312199629839500506e-06,4.213780845550535918e-06,4.117408270344887562e-06,4.024253051016458488e-06,3.936439734795293261e-06,3.848042885521961047e-06,3.763661120724713402e-06,3.681982778845377486e-06,3.603771742170840512e-06,3.527109824481102147e-06,3.452832338129632880e-06,3.381611294095522916e-06,3.311767653247903751e-06,3.244034679894972363e-06,3.179718481869518114e-06,3.115204271877759680e-06,3.053278683680864057e-06,2.993155535482144017e-06,2.935324656676052310e-06,2.878569305306294943e-06,2.823421761627158436e-06,2.770819659487534018e-06,2.718177431281011283e-06,2.667477922736883552e-06,2.618164797783375745e-06,2.570598726823165928e-06,2.523887176115621430e-06,2.478420730878357796e-06,2.434519688099757186e-06,2.391393477574920266e-06,2.349388476581898956e-06,2.308466370961383016e-06,2.268895126366861295e-06,2.230012963398883005e-06,2.192109238921572689e-06,2.155422696150290220e-06,2.119364826123847735e-06,2.084193123284625970e-06,2.050350795434896161e-06,2.016622963452985454e-06,1.983929809665478423e-06,1.952015661591076176e-06,1.921059841622343089e-06,1.890620249838086825e-06,1.860889857171838626e-06,1.832198133962030917e-06,1.803642798913718377e-06,1.775903508692814539e-06,1.748791775857421182e-06,1.722443215356378709e-06,1.696522990128410983e-06,1.671176759086831103e-06,1.646526129389190306e-06,1.622270971871663351e-06,1.598541793502899672e-06,1.575559078487767733e-06,1.552719482959158851e-06,1.530474067674681914e-06,1.508697975753055082e-06,1.487483946112744899e-06,1.466602354595895017e-06
1.533403254007110158e-06,1.555251806077256863e-06,1.577425768908150621e-06,1.600210502576355656e-06,1.623487073449070622e-06,1.647217810510398442e-06,1.671408745848144740e-06,1.696239008807869957e-06,1.721620573767335982e-06,1.747386642540756872e-06,1.773910267271447533e-06,1.801035573820316225e-06,1.828576404633878071e-06,1.856948954774016675e-06,1.885979392738639010e-06,1.915614127829304999e-06,1.945854877414220691e-06,1.976970753324648226e-06,2.008830241734636807e-06,2.041186810148316579e-06,2.074590048693841863e-06,2.108810171802288624e-06,2.143778016306239679e-06,2.179488281614044043e-06,2.216304887810276700e-06,2.254050936633402818e-06,2.292397542610545204e-06,2.332076356803280597e-06,2.372781495073404582e-06,2.414143335406833383e-06,2.456984576815628670e-06,2.500961827829461228e-06,2.546115416051557710e-06,2.592002977599998351e-06,2.639607390077853781e-06,2.688518267300342692e-06,2.738236699270438698e-06,2.789872239542355993e-06,2.842962641728923559e-06,2.897380630082374196e-06,2.953072165836690124e-06,3.010824617815633306e-06,3.070264695338811064e-06,3.130712416911120820e-06,3.193680261538597217e-06,3.258540239374729256e-06,3.325128572350603909e-06,3.393341209154974487e-06,3.464289476046756601e-06,3.537454010831070872e-06,3.611897801566093778e-06,3.689707673312329634e-06,3.770021565863795827e-06,3.851771645862341021e-06,3.937341556319932766e-06,4.025750807259990433e-06,4.116770360559121544e-06,4.210158350023527874e-06,4.307768552437619494e-06,4.408758811345664638e-06,4.511631037965846222e-06,4.619740437068346285e-06,4.731718346656604062e-06,4.847278629243009128e-06,4.965985052897200126e-06,5.090572854130023804e-06,5.219828123827944249e-06,5.351617046047952161e-06,5.490743152981067067e-06,5.635268957668292912e-06,5.782727811478060215e-06,5.938697968584780358e-06,6.100946957899911818e-06,6.269813221398742543e-06,6.442203686299824199e-06,6.625133163145099727e-06,6.815814706614091914e-06,7.010645613230041047e-06,7.217845683560157678e-06,7.434182054882899103e-06,7.659280774020624843e-06,7.891305729020812524e-06,8.138004285760251066e-06,8.396207002440674778e-06,8.660536936552924972e-06,8.943415484803888952e-06,9.240070790350118503e-06,9.544161148548678425e-06,9.870472328430389487e-06,1.021341042342973595e-05,1.057410857439253294e-05,1.094433663752941190e-05,1.134344310367974296e-05,1.176423087032147475e-05,1.219688824577899893e-05,1.266477360966934549e-05,1.315937815100181837e-05,1.368142624334286920e-05,1.422188579715302940e-05,1.480808670309016018e-05,1.543022663010813934e-05,1.607264885965444006e-05,1.677376452127108926e-05,1.752031816168266357e-05,1.831558321940913452e-05,1.914035642973452916e-05,2.004556865285987924e-05,2.101427319361429897e-05,2.202060693742348576e-05,2.313091600511154518e-05,2.432407056131222821e-05,2.556830859752678102e-05,2.694771002684380923e-05,2.843690218718576788e-05,3.005384318101811123e-05,3.173494180397265740e-05,3.362108730986365965e-05,3.567163148723281668e-05,3.783178433332741621e-05,4.025959173480301158e-05,4.291416784266536037e-05,4.585546202565360342e-05,4.890792502124331000e-05,5.240616555809675191e-05,5.626220188258584151e-05,6.038132734158258827e-05,6.507513756127744219e-05,7.027775313969063199e-05,7.587453443105392139e-05,8.227040375914875154e-05,8.938208435934835651e-05,9.728619184922780521e-05,1.058278946554251979e-04,1.155193178355665438e-04,1.261765729796285665e-04,1.375744260091047095e-04,1.500276915052184889e-04,1.629858482575658450e-04,1.775355337533382808e-04,1.875192022662984417e-04,1.958885147626651029e-04,1.976411013353494546e-04,1.889433940585882063e-04,1.623600296283416475e-04,1.153773554546686186e-04,5.706487823215813384e-05,1.175280532093375575e-05,2.604889802114957933e-07,1.912345148482173712e-12,1.037495056245956195e-41,0.000000000000000000e+00,0.000000000000000000e+00,9.896118343722653302e-42,1.829557800371256747e-12,2.492121444987738568e-07,1.124331238449369360e-05,5.411446078322039433e-05,1.103518325267926906e-04,1.551886696171824549e-04,1.804800058420309402e-04,1.888011806080895161e-04,1.870219731117076661e-04,1.789664691420818929e-04,1.676525181356612344e-04,1.554881512442521070e-04,1.431089966461551711e-04,1.312255528700263492e-04,1.203211243812076197e-04,1.101608378414196314e-04,1.009250646114699695e-04,9.275314072527448943e-05,8.522552270697678057e-05,7.845320545309290915e-05,7.236254610626666271e-05,6.700805511560380535e-05,6.205584825455836542e-05,5.758747576358293137e-05,5.364667139560742566e-05,4.997713550029392728e-05,4.664753146493932055e-05,4.355769890855929881e-05,4.092835528004638835e-05,3.840197798282451888e-05,3.609096245582463442e-05,3.402432480272977441e-05,3.207285808635572822e-05,3.027747161886399602e-05,2.858979349945756432e-05,2.713026854155962473e-05,2.571269642484726848e-05,2.439936884786297652e-05,2.320899512977043878e-05,2.207315862479316811e-05,2.101597452020895280e-05,2.005320597802178145e-05,1.913096404675863627e-05,1.826899794710582002e-05,1.744772817470269575e-05,1.672273913503062297e-05,1.601178693125629595e-05,1.534398353693385760e-05,1.472937241292666785e-05,1.413684014738475366e-05,1.357843718996661494e-05,1.304300886971803172e-05,1.256412120374985504e-05,1.209292148262989995e-05,1.164710387063793493e-05,1.123317666885391587e-05,1.083225618906339939e-05,1.045193342241437968e-05,1.009773290512489854e-05,9.754025385943603373e-06,9.427191707303414630e-06,9.116159286243180588e-06,8.825233306013386637e-06,8.542477287824025241e-06,8.272815080413217697e-06,8.019928255453550328e-06,7.773795219823901036e-06,7.538597153511392187e-06,7.310851718328551527e-06,7.102018814080002046e-06,6.895745002563998878e-06,6.698158349524582843e-06,6.511761869142614641e-06,6.329929717547225916e-06,6.155469350427745464e-06,5.990541842430700608e-06,5.829495010181114437e-06,5.674741566141486127e-06,5.525960840843602829e-06,5.384885629375846478e-06,5.247022349385657046e-06,5.114296103103627965e-06,4.988212456100102591e-06,4.864903151100627404e-06,4.746034794507464818e-06,4.630303911895989602e-06,4.522213109443628948e-06,4.415365438081872821e-06,4.312199629839500506e-06,4.213780845550535918e-06,4.117408270344887562e-06,4.024253051016458488e-06,3.933416085784185762e-06,3.848042885521961047e-06,3.763661120724713402e-06,3.681982778845377486e-06,3.603771742170840512e-06,3.527109824481102147e-06,3.452832338129632880e-06,3.381611294095522916e-06,3.311767653247903751e-06,3.244034679894972363e-06,3.177863113094601317e-06,3.115204271877759680e-06,3.053278683680864057e-06,2.993155535482144017e-06,2.935324656676052310e-06,2.878569305306294943e-06,2.823421761627158436e-06,2.769488485844201279e-06,2.718177431281011283e-06,2.667477922736883552e-06,2.618164797783375745e-06,2.570598726823165928e-06,2.523887176115621430e-06,2.478420730878357796e-06,2.434519688099757186e-06,2.391393477574920266e-06,2.349388476581898956e-06,2.308466370961383016e-06,2.268895126366861295e-06,2.230012963398883005e-06,2.192109238921572689e-06,2.155422696150290220e-06,2.119364826123847735e-06,2.084193123284625970e-06,2.049722119386125393e-06,2.016622963452985454e-06,1.983929809665478423e-06,1.952015661591076176e-06,1.921059841622343089e-06,1.890620249838086825e-06,1.860889857171838626e-06,1.831730644217860433e-06,1.803642798913718377e-06,1.775903508692814539e-06,1.748791775857421182e-06,1.722443215356378709e-06,1.696522990128410983e-06,1.671176759086831103e-06,1.646526129389190306e-06,1.622270971871663351e-06,1.598541793502899672e-06,1.575246085979331619e-06,1.552719482959158851e-06,1.530474067674681914e-06,1.508697975753055082e-06,1.487483946112744899e-06,1.466602354595895017e-06
1.532854825297374736e-06,1.554563442991857222e-06,1.576859066543534954e-06,1.599624487952544768e-06,1.622744618998966313e-06,1.646507142934673435e-06,1.670781782156488002e-06,1.695599797615633837e-06,1.720796291616747660e-06,1.746722542080547509e-06,1.773225352001761912e-06,1.800143035354874693e-06,1.827862820987514125e-06,1.856214064355115064e-06,1.885229935467982557e-06,1.914691705183839970e-06,1.945070614940069077e-06,1.976165309506649022e-06,2.007746665774388054e-06,2.040340883108922870e-06,2.073723144613188154e-06,2.107629525221828404e-06,2.142656820129266018e-06,2.178553769569332027e-06,2.215351519097828070e-06,2.252721127902969021e-06,2.291385579507089492e-06,2.331046788602927899e-06,2.371325400471857791e-06,2.413044755350911619e-06,2.455870809102233863e-06,2.499825589602025860e-06,2.544463814624593387e-06,2.590779918543358542e-06,2.638375872291074984e-06,2.686699906040403809e-06,2.736902044724752524e-06,2.788534921241572109e-06,2.841598675449040110e-06,2.895484150678254384e-06,2.951576622983106189e-06,3.009340460698069869e-06,3.067962159998376719e-06,3.129070643814615465e-06,3.192061926105197319e-06,3.255982453989880839e-06,3.322713343808050992e-06,3.391572623000311881e-06,3.462486923598341942e-06,3.534492596598680380e-06,3.609848968974213154e-06,3.687733348448362196e-06,3.766707921581704231e-06,3.849498806759737159e-06,3.935173681770681144e-06,4.023544330588378916e-06,4.113249061892331261e-06,4.207558168681998785e-06,4.305340166376970641e-06,4.404385237588051189e-06,4.508721058955285104e-06,4.617060309926348406e-06,4.726764588723731289e-06,4.842572814334029006e-06,4.963018107261845303e-06,5.087562543213227386e-06,5.213931005348878354e-06,5.347809869877516792e-06,5.487402651888783787e-06,5.628521246462157877e-06,5.778398301736945026e-06,5.934978271424484194e-06,6.097190668705486403e-06,6.261662427594801661e-06,6.437090941787726900e-06,6.620941556297750689e-06,6.806376126617052247e-06,7.004749503807425406e-06,7.213150005442113550e-06,7.429478750949412097e-06,7.648595263895362312e-06,7.884216383796339371e-06,8.132728604637648175e-06,8.382582685942555165e-06,8.652218397203855066e-06,8.937471913580915156e-06,9.223953394732823508e-06,9.534310288024556729e-06,9.863743076728719473e-06,1.020680819525027666e-05,1.055368210249807225e-05,1.093206694864464615e-05,1.133597819444414582e-05,1.173960158849361570e-05,1.218200005504204194e-05,1.265628786348839070e-05,1.315134402049497111e-05,1.365065078317811271e-05,1.420272601295917535e-05,1.479903595297562448e-05,1.539059457437456780e-05,1.604865338666064617e-05,1.676352259961486378e-05,1.747075025047077862e-05,1.826275634161879293e-05,1.912869545909122890e-05,2.003587511270380584e-05,2.094613560863458742e-05,2.197848571672470953e-05,2.312040732961343097e-05,2.423577582222201482e-05,2.551201107539399855e-05,2.693637886848978763e-05,2.843156873913557951e-05,2.991949867355743001e-05,3.165182403867286104e-05,3.361799121330527579e-05,3.549762685654180168e-05,3.771302332450631725e-05,4.026029524240222636e-05,4.267072817870424769e-05,4.555164703544236705e-05,4.891445241583213926e-05,5.244490037136617628e-05,5.586648800720607353e-05,6.007621443397631155e-05,6.514199137050302887e-05,6.967494278674905763e-05,7.536712227707646999e-05,8.237791683643802868e-05,8.962406300979468255e-05,9.617063497856259170e-05,1.047698569482898620e-04,1.159030056288728203e-04,1.242341638326021919e-04,1.354872664997097502e-04,1.505459175853039115e-04,1.640752958976149129e-04,1.713849963599077574e-04,1.818785255303787993e-04,1.967272359064867844e-04,1.887298054977868268e-04,1.771197113693646690e-04,1.605943806312545299e-04,1.029242369572682254e-04,4.686573456533882587e-05,1.275857277263583124e-05,3.354379449838199780e-07,1.247562228910105232e-12,1.266613329077489898e-41,5.634188279143529888e-42,5.634188279143529888e-42,5.197307160988160294e-42,8.137264107465765821e-13,2.187904608480733057e-07,9.916134554223534963e-06,4.435684832108366789e-05,9.694116947249500319e-05,1.453741743935549433e-04,1.671294074633201292e-04,1.779817015998120633e-04,1.810628688828893392e-04,1.715367521209195734e-04,1.617682437024830935e-04,1.522018185395679964e-04,1.402031982822800392e-04,1.280286161578218416e-04,1.175198487282010389e-04,1.084100667873083096e-04,9.911514775068249990e-05,9.106810833333354484e-05,8.410100605322160395e-05,7.745763795022553777e-05,7.143504013721422717e-05,6.608948124734111455e-05,6.138164945850189827e-05,5.698904496910062683e-05,5.303020211925766979e-05,4.950337745758191766e-05,4.622460428562052845e-05,4.326703637535923814e-05,4.055118798586607566e-05,3.809428077275605630e-05,3.584225502334578413e-05,3.375180423877833228e-05,3.184359341477685073e-05,3.009730124137091866e-05,2.846126490107311354e-05,2.695599658215935444e-05,2.555468251336189046e-05,2.427882576790473912e-05,2.307164536471824934e-05,2.195046761174354466e-05,2.092411595415440498e-05,1.994699530001509930e-05,1.903432041481528336e-05,1.818054208553285988e-05,1.739718822567347083e-05,1.664667194913944365e-05,1.594097761050529435e-05,1.529252182223610226e-05,1.466862221622168436e-05,1.407953926193895853e-05,1.353722964091534415e-05,1.301356571022920429e-05,1.251730107379207615e-05,1.204959208150942359e-05,1.161615498723472991e-05,1.119616500340431577e-05,1.079644423823628942e-05,1.042652293696870268e-05,1.006716646825262827e-05,9.724198310064720107e-06,9.399410911522330106e-06,9.096487051332549157e-06,8.801533542939205641e-06,8.519121788007548058e-06,8.256337837944629753e-06,8.000002704164759049e-06,7.754036513909846792e-06,7.524695040506546813e-06,7.300628794701959159e-06,7.085206019221347780e-06,6.879967059392491592e-06,6.687027525801927907e-06,6.498280758959670517e-06,6.316406286966549646e-06,6.145935552002857995e-06,5.978977264118760328e-06,5.817847277392877481e-06,5.663760933156083970e-06,5.518181203188321319e-06,5.375476027252804604e-06,5.237505610734933281e-06,5.107547598882223660e-06,4.980046934423703632e-06,4.856620544688350003e-06,4.738195076591888984e-06,4.625801816455393347e-06,4.515468395905265643e-06,4.408505242585020642e-06,4.307291798564702820e-06,4.207869441468195327e-06,4.111383265205834828e-06,4.019931463033537143e-06,3.930047227684288235e-06,3.842733079381328196e-06,3.758610398266918848e-06,3.678329090119142666e-06,3.599397908218084976e-06,3.522638307167007471e-06,3.449586331493028702e-06,3.377731640010899909e-06,3.307796756540014419e-06,3.240245757862842587e-06,3.175552442228929071e-06,3.111905200698498549e-06,3.049900173933581403e-06,2.990669606812928521e-06,2.932376851358839648e-06,2.875548447693183728e-06,2.821189099614615298e-06,2.767674106944134765e-06,2.715469234158468088e-06,2.664883734156965121e-06,2.616227894841059465e-06,2.568321868733482845e-06,2.521553201103302539e-06,2.476669570391234232e-06,2.432466679611818191e-06,2.389288578655709386e-06,2.347367111293364763e-06,2.306933836236749749e-06,2.267110221157211417e-06,2.228184052905137574e-06,2.190715387996483507e-06,2.153804070484242989e-06,2.117706415396768597e-06,2.082596826374227945e-06,2.048649460921226275e-06,2.015204710740395025e-06,1.982477990054518074e-06,1.950891412671792426e-06,1.919766999123555912e-06,1.889297164623311792e-06,1.859859667496450976e-06,1.830848154178031807e-06,1.802434678079168890e-06,1.774737185765377093e-06,1.747874034855554591e-06,1.721398211456638338e-06,1.695455153177274000e-06,1.670331850121527671e-06,1.645567186294682068e-06,1.621291535786024702e-06,1.597594408014001669e-06,1.574566183918937119e-06,1.551865494228269766e-06,1.529602946158655231e-06,1.507997712775849532e-06,1.486696942400111911e-06,1.465800010817508601e-06
1.530963235441689328e-06,1.552782322493428896e-06,1.575039791379480061e-06,1.597588830983682753e-06,1.620835152825744300e-06,1.644556092879721287e-06,1.668796123251307508e-06,1.693386922420422424e-06,1.718700900676580312e-06,1.744580698478573681e-06,1.770793847507095407e-06,1.797889233409707492e-06,1.825558205070146024e-06,1.853863963091408601e-06,1.882583223481934224e-06,1.912208009781600736e-06,1.942529937553649640e-06,1.973232509398190708e-06,2.005065528373251392e-06,2.037597165350729206e-06,2.070534681386774129e-06,2.104730211390187367e-06,2.139688635830422621e-06,2.175515475479328413e-06,2.211874880212782604e-06,2.249504198934081254e-06,2.288090938515711892e-06,2.327139544542824034e-06,2.367832131548129203e-06,2.409465574285529963e-06,2.452194018319173139e-06,2.495562771606148669e-06,2.540567530130386354e-06,2.586786287329851857e-06,2.633526635882906084e-06,2.682449232148066238e-06,2.732543218233172033e-06,2.784036753981209068e-06,2.836307714833242070e-06,2.890715752848427676e-06,2.946685172365801859e-06,3.003235469146778653e-06,3.062732956370864091e-06,3.123703988334160334e-06,3.185290993734231517e-06,3.250233041898156601e-06,3.316809928836380836e-06,3.385427358174942531e-06,3.455100833725591841e-06,3.527980683687113398e-06,3.603160661792758882e-06,3.679003318611096811e-06,3.759503497870874855e-06,3.842095505303083767e-06,3.927403020353458616e-06,4.014034560760866856e-06,4.105028167968118723e-06,4.199108737988387489e-06,4.293860484474290062e-06,4.395225207574143000e-06,4.499301601376207612e-06,4.604063581835739055e-06,4.716520562435288026e-06,4.832033034763183295e-06,4.951780418859313736e-06,5.073436632456047090e-06,5.202090460448241622e-06,5.335627858020307872e-06,5.469726513420911265e-06,5.615161744961065786e-06,5.764646415443632830e-06,5.920090356779273311e-06,6.078043665121193874e-06,6.246064709453293066e-06,6.421041072402050893e-06,6.596201729809041266e-06,6.788593127912656669e-06,6.986442635281032304e-06,7.192931036509868645e-06,7.402798445301352993e-06,7.627594597160117415e-06,7.862617789599456180e-06,8.096896457256146676e-06,8.358339746232090474e-06,8.627277404104679036e-06,8.894958941521202659e-06,9.195771495049056494e-06,9.505307139829243592e-06,9.830463189079799322e-06,1.016117789535726005e-05,1.051968992246006078e-05,1.089716580233752301e-05,1.127045661482544576e-05,1.169940931047988933e-05,1.214073277681406300e-05,1.260703662120809177e-05,1.308138978871845380e-05,1.360136433623472229e-05,1.415235312070572710e-05,1.469217014747630266e-05,1.533104990279412580e-05,1.598783880994626721e-05,1.662892672277868278e-05,1.739784897268653024e-05,1.818835175649515694e-05,1.903280794287008783e-05,1.989203307569489492e-05,2.085366881370672636e-05,2.188511428330237312e-05,2.287532577477598115e-05,2.411870560358117397e-05,2.539406240423729976e-05,2.677080617669561728e-05,2.816867142873684019e-05,2.976709860104023015e-05,3.150172495878771225e-05,3.312028539393865330e-05,3.529514950205974594e-05,3.751473034771815541e-05,3.955616800431206682e-05,4.239221113271616527e-05,4.528014574612855851e-05,4.846211841582937922e-05,5.165386308836492568e-05,5.547714447758902225e-05,5.971929988046068905e-05,6.332999606233875943e-05,6.908219437525073140e-05,7.482708943760199842e-05,8.126366601509859222e-05,8.744146107311865507e-05,9.527829103584862396e-05,1.040726130923354064e-04,1.098624105686254023e-04,1.225922690609778786e-04,1.341660092350753129e-04,1.468131982291472407e-04,1.559841909772272128e-04,1.685338758399023199e-04,1.801077215318404757e-04,1.703011627645922041e-04,1.831874064462989734e-04,1.737559227744741479e-04,1.216220200742135541e-04,1.057776962820780017e-04,5.613450695451725314e-05,1.397141046877124556e-05,1.062942984530371550e-05,3.208201897229162376e-07,9.903953294896443757e-13,1.032640346136603603e-12,1.032640346136603603e-12,5.807609997892462675e-13,1.299486123127169573e-07,4.321278665891009662e-06,7.518581581217928337e-06,3.661390975505356143e-05,7.908906880252827821e-05,1.080889665885685158e-04,1.453936358675802511e-04,1.580225936970067440e-04,1.557808070708213905e-04,1.587955365367965319e-04,1.508303517571051781e-04,1.412321117848900254e-04,1.324581405523876925e-04,1.221740126276698105e-04,1.124608584362864281e-04,1.026309751729460136e-04,9.576400940435132107e-05,8.812308409328377867e-05,8.121590089554865948e-05,7.530554880954237848e-05,6.960343790248908161e-05,6.446289105906173491e-05,5.964809725276157796e-05,5.578566784794197617e-05,5.195031464670282604e-05,4.847182982439008790e-05,4.541825899432021008e-05,4.251932842488690643e-05,3.987511964243109437e-05,3.742063591219089698e-05,3.530651030023681044e-05,3.326403436882329026e-05,3.136743378175500894e-05,2.970244459064206344e-05,2.809968836798811933e-05,2.661841022539377302e-05,2.528105996842274199e-05,2.400463375960074696e-05,2.281923706900598311e-05,2.171599588432767555e-05,2.071213583453436984e-05,1.975100498181491562e-05,1.885319413534134811e-05,1.803116572416131320e-05,1.724253807126532059e-05,1.650305169601593494e-05,1.581220852477885187e-05,1.516877002493153299e-05,1.455330165819179615e-05,1.397729978482394881e-05,1.343697507309102550e-05,1.291985269633443412e-05,1.243125290521721698e-05,1.197743496422564711e-05,1.153918614087173296e-05,1.112396963081160990e-05,1.073375915381040216e-05,1.036270147778574341e-05,1.000715057395431713e-05,9.669161816567014103e-06,9.352764083109925283e-06,9.046176284869051400e-06,8.754081877983827049e-06,8.478449245338906163e-06,8.213840955215709268e-06,7.959835016034608467e-06,7.719755576288354554e-06,7.488548594514778609e-06,7.266395564662659292e-06,7.053777528954733957e-06,6.852995491725251761e-06,6.657669798560119741e-06,6.470409440118104624e-06,6.292737472491204882e-06,6.120614073047944623e-06,5.954896675062263117e-06,5.795688613240988851e-06,5.644573262750637124e-06,5.497267184696512062e-06,5.355544403725397364e-06,5.220594690109538774e-06,5.089295643700761470e-06,4.962626364240977546e-06,4.840541547142214832e-06,4.724151953597244735e-06,4.610508357861555200e-06,4.500843893997377955e-06,4.396071155947285872e-06,4.293809943262614563e-06,4.194960349707583074e-06,4.100400550298172790e-06,4.008000275414421710e-06,3.918608678835573846e-06,3.832124492092725148e-06,3.749243318348356533e-06,3.668157013167815553e-06,3.589630101088050490e-06,3.514286209116652759e-06,3.440509720663606724e-06,3.369006066596898228e-06,3.299673071355734120e-06,3.233015830755709497e-06,3.167733216735319436e-06,3.104377460514862472e-06,3.043422362046475814e-06,2.983641556307383685e-06,2.925604033938081482e-06,2.869707747376752280e-06,2.814854169135874267e-06,2.761563405210752468e-06,2.709749398761006919e-06,2.659741300465759724e-06,2.610699859321206186e-06,2.562982775026918018e-06,2.516913893024710376e-06,2.471655918471728696e-06,2.427620199968613049e-06,2.384734264161788801e-06,2.343242987897386985e-06,2.302523990331268625e-06,2.262842521151979884e-06,2.224445957376832241e-06,2.186693658838521361e-06,2.149908915453143351e-06,2.114032027593554770e-06,2.079246658122073952e-06,2.045086654134489128e-06,2.011750418514309385e-06,1.979427558613461355e-06,1.947625854316515644e-06,1.916598628945611167e-06,1.886491328386261159e-06,1.856860616880618469e-06,1.827936348193159758e-06,1.799674032525656507e-06,1.772198057851271705e-06,1.745192984069244305e-06,1.718792746262474238e-06,1.693128910961852907e-06,1.667858804227073238e-06,1.643162338320078678e-06,1.619003595751097674e-06,1.595477357052541386e-06,1.572342694066530456e-06,1.549701483270264648e-06,1.527655414830841538e-06,1.505938504369885494e-06,1.484691650595182463e-06,1.463990309792398665e-06
1.528041421160778748e-06,1.549769784376118889e-06,1.571799981325047375e-06,1.594456733628966650e-06,1.617601910681563287e-06,1.641368268151132228e-06,1.665225218286957776e-06,1.689911573015668268e-06,1.715281017655066033e-06,1.740730956276007775e-06,1.767096662636316299e-06,1.794059713488416539e-06,1.821804671805622960e-06,1.849599817195545513e-06,1.878451766335546427e-06,1.908168082412396040e-06,1.937914546439477691e-06,1.968833657799511976e-06,2.000490818252136818e-06,2.032592351942583051e-06,2.065778193607937327e-06,2.099774670962514046e-06,2.134880090471751266e-06,2.169927574159662789e-06,2.206496384630332250e-06,2.244301243610198944e-06,2.282003641115348416e-06,2.321407216468170614e-06,2.361828977706565200e-06,2.403695182063966290e-06,2.445354635154364762e-06,2.489016139328422632e-06,2.534298246264409188e-06,2.579297353023443385e-06,2.626548964876108119e-06,2.675096330810399666e-06,2.725556835756344957e-06,2.775563316447421085e-06,2.828246130975547037e-06,2.883091008364326626e-06,2.937353397920652673e-06,2.994647391454081820e-06,3.053614761759870660e-06,3.113398726132945160e-06,3.175849153333174531e-06,3.240175346517276720e-06,3.307442146154835589e-06,3.373630632211357091e-06,3.443973962630304076e-06,3.517679144253953132e-06,3.590043061301792933e-06,3.667164709281254331e-06,3.746768197496854284e-06,3.830458204601911359e-06,3.912244289713586756e-06,3.999841516435068787e-06,4.092154800799599010e-06,4.182118765882366440e-06,4.278796629560333431e-06,4.378824176051917970e-06,4.480185831826245762e-06,4.587219587764099847e-06,4.698086184612685008e-06,4.815738821601431946e-06,4.929330137874316642e-06,5.052628351124288269e-06,5.183879037875649653e-06,5.310119195575832960e-06,5.447740321123598620e-06,5.590711415875090182e-06,5.743733780513671156e-06,5.889724901018102925e-06,6.050147231466135588e-06,6.222500589363188722e-06,6.386136664873577852e-06,6.566905325972403472e-06,6.755356602427891886e-06,6.959200140797130303e-06,7.150712663749873904e-06,7.364389801563190423e-06,7.596612147514714341e-06,7.813410008457064384e-06,8.056911481995083645e-06,8.311821579057914410e-06,8.569517882560176910e-06,8.848517270620921137e-06,9.141176551700611440e-06,9.463887112205821359e-06,9.758540170234153430e-06,1.009657829078135300e-05,1.047176384728612613e-05,1.081115510063075420e-05,1.120418321767558736e-05,1.161874089887158097e-05,1.208448162667471270e-05,1.249712045435963413e-05,1.298389593376100052e-05,1.353540566827564724e-05,1.401778340839960708e-05,1.459399688876028755e-05,1.520600160578978408e-05,1.582101972631451138e-05,1.650917294948596087e-05,1.724258565878083918e-05,1.809654448878798787e-05,1.880849524807387072e-05,1.969632021750157539e-05,2.074311191505442080e-05,2.159727425337290411e-05,2.268402427186305844e-05,2.385381352231399080e-05,2.526772306716526572e-05,2.636420363234257271e-05,2.782090403458581637e-05,2.961262242599853279e-05,3.095482786918394744e-05,3.279419746188764583e-05,3.480047861331374119e-05,3.675932106767236545e-05,3.911692602056103627e-05,4.170535566239352642e-05,4.509071150401513259e-05,4.727316962299110150e-05,5.066705567114994222e-05,5.524148775415829249e-05,5.794315844032510681e-05,6.246128077757368729e-05,6.751612713962816645e-05,7.479270263748049111e-05,7.812975135205435496e-05,8.497116753613543347e-05,9.533926610302724395e-05,9.885364535007211168e-05,1.080072226287404459e-04,1.183388833492148788e-04,1.360952997808211019e-04,1.364005931351081492e-04,1.487204587755162465e-04,1.731681598941144887e-04,1.624711864689511978e-04,1.707309217555477709e-04,1.747489392371078356e-04,1.553268437422947645e-04,1.415928228437273004e-04,1.134574062892955231e-04,1.325418529444646139e-04,5.735498611622369863e-05,1.447220198905458494e-05,1.061624175051368581e-05,2.662922669082488640e-07,1.406605088146883656e-07,1.406605088146883656e-07,1.561519512066686162e-07,4.309331677653304658e-06,5.863564215217053424e-06,2.362147856149418058e-05,5.876131299047904970e-05,6.390772044905991707e-05,9.235436666013778874e-05,1.132094858977401950e-04,1.317907793113762380e-04,1.361526653247432223e-04,1.350379631399921735e-04,1.389819758613109108e-04,1.270251996667203973e-04,1.190132525088658476e-04,1.153718727062480101e-04,1.044825198440248214e-04,9.660735642326892894e-05,8.933162059677920942e-05,8.451320079471349327e-05,7.715499167371879605e-05,7.144373558428072913e-05,6.736070369897270130e-05,6.192682660424333573e-05,5.758350821549402859e-05,5.364623221626483392e-05,5.060066556097412801e-05,4.698956368616323727e-05,4.398558319565921824e-05,4.158704849695781284e-05,3.885452966764496704e-05,3.653717368517196370e-05,3.441186303657041754e-05,3.253782084553880836e-05,3.072584409272933526e-05,2.905537187105810881e-05,2.764057437971186981e-05,2.613176180732726080e-05,2.480091231453735812e-05,2.365577053637964229e-05,2.245231352517888657e-05,2.137833147262225642e-05,2.037722385542006581e-05,1.949736125950629452e-05,1.859169769394966053e-05,1.777087511713312121e-05,1.704171332849600121e-05,1.629748625401228847e-05,1.561731529391490131e-05,1.497769690673413127e-05,1.438930354026011043e-05,1.382019654114677926e-05,1.328332931091724792e-05,1.279575972339077533e-05,1.230688214851839592e-05,1.185238034666120395e-05,1.143680460192043639e-05,1.102194601983185290e-05,1.063414234527500210e-05,1.026596830204249993e-05,9.926202755730510727e-06,9.589320655377537721e-06,9.272170995567591544e-06,8.978001824549132416e-06,8.687138420348838918e-06,8.412181464548631923e-06,8.149788304062764523e-06,7.903247933160784759e-06,7.663454699489168808e-06,7.434180293138805293e-06,7.219200994700460947e-06,7.007932463180405293e-06,6.806526191588468308e-06,6.617003616971076595e-06,6.431026535373490006e-06,6.253224650757280450e-06,6.082548967837863881e-06,5.921162906039765725e-06,5.763171342604393325e-06,5.611579829261713886e-06,5.467833902263740575e-06,5.327234391749238260e-06,5.192029558533208382e-06,5.061810729216832631e-06,4.937856596919675631e-06,4.816791743739912500e-06,4.700047615954427759e-06,4.588666503445962782e-06,4.479932468870957095e-06,4.374894085828747905e-06,4.273441371807101134e-06,4.176467764230217742e-06,4.081643975257996898e-06,3.989957413965127460e-06,3.902048375493108607e-06,3.816315591925561065e-06,3.733198748517835083e-06,3.653368240533095457e-06,3.575523037598928033e-06,3.499955297884685144e-06,3.426718761326838596e-06,3.356213206808157514e-06,3.287479941863622774e-06,3.220652239414111443e-06,3.156223610400243656e-06,3.093411290975613798e-06,3.032275966884979199e-06,2.972906837326581253e-06,2.915710981001853532e-06,2.859647973431722495e-06,2.805161774775631335e-06,2.752465317585943706e-06,2.701083075148410312e-06,2.650965571425408588e-06,2.602438999600652633e-06,2.555113484535445631e-06,2.508915746229030903e-06,2.463941349896803117e-06,2.420327958625872564e-06,2.377785022978633499e-06,2.336216164775775400e-06,2.295865941528409563e-06,2.256495894628249893e-06,2.218001419667559736e-06,2.180469817085978305e-06,2.143990966490868914e-06,2.108387050635821299e-06,2.073547324753583048e-06,2.039656362123178098e-06,2.006568345117052574e-06,1.974172112463812518e-06,1.942543564120059813e-06,1.911831738164451651e-06,1.881658364398331508e-06,1.852184250606070144e-06,1.823459616073959563e-06,1.795395768098234326e-06,1.767886979540404622e-06,1.741059115008330536e-06,1.714839820501186752e-06,1.689127374067370289e-06,1.663981537921790929e-06,1.639435542967842394e-06,1.615436087053176264e-06,1.591888067879579101e-06,1.568887774586887358e-06,1.546392058056784155e-06,1.524310745675157970e-06,1.502693197541079374e-06,1.481616710012864080e-06,1.460884062036604165e-06
1.524022359103231550e-06,1.545363598440948350e-06,1.567449391378047465e-06,1.590152451708443566e-06,1.613206011231864006e-06,1.636397353245960311e-06,1.660609134310114777e-06,1.685195684031369008e-06,1.709917595801307474e-06,1.735773385239727352e-06,1.762030187973397292e-06,1.788881952727221515e-06,1.815853200466616804e-06,1.844148493631762375e-06,1.872878793484183874e-06,1.901719920596174385e-06,1.932039908126516882e-06,1.962825803075995984e-06,1.993710762381384990e-06,2.025948344128142937e-06,2.059290784849148357e-06,2.093137966209577333e-06,2.127046354784546838e-06,2.162910166195141465e-06,2.199314857384839528e-06,2.235756247202638705e-06,2.274399103044082572e-06,2.313621891969379727e-06,2.353859145234800873e-06,2.394066703085267949e-06,2.436898485386575488e-06,2.480356334871572127e-06,2.523738645271536714e-06,2.570093947196400608e-06,2.617120262333749956e-06,2.665438026503682646e-06,2.713567081316110649e-06,2.765275364249527874e-06,2.817703661823933278e-06,2.869861587128798067e-06,2.926102382325271863e-06,2.983113539854759538e-06,3.039753654840247696e-06,3.100012095322913000e-06,3.163200188318834526e-06,3.227206188420666836e-06,3.290608773377420781e-06,3.359723165314792870e-06,3.429709009887512152e-06,3.498916200270732032e-06,3.574710177682017607e-06,3.651431544644636505e-06,3.730630036164999073e-06,3.808657171962302082e-06,3.894841159971199801e-06,3.981984108319247252e-06,4.067651042744372659e-06,4.162808369026917387e-06,4.258975061306578773e-06,4.353288817178266432e-06,4.455855832775776995e-06,4.565144098395280006e-06,4.675432038981137446e-06,4.783038486032484396e-06,4.904655840298799902e-06,5.027300020233549633e-06,5.146596419798740020e-06,5.282432913083040449e-06,5.419312091089532932e-06,5.561548994663046047e-06,5.698981692847244770e-06,5.857683069972710762e-06,6.017273165252513156e-06,6.170855523456918571e-06,6.349856557565729740e-06,6.529678365914551327e-06,6.717214542368538377e-06,6.896107592857444188e-06,7.108346563600562256e-06,7.320987958773590555e-06,7.522744122929298222e-06,7.764931733884758731e-06,8.007257611379183667e-06,8.235812524254155728e-06,8.499073130782252094e-06,8.791371730083087112e-06,9.082823131695669683e-06,9.354083167482373797e-06,9.692336467230777279e-06,1.002902998285092056e-05,1.033981301272521761e-05,1.073388834947372333e-05,1.112542389818679142e-05,1.153884263160069683e-05,1.191337536230986279e-05,1.240453790370429556e-05,1.289016930950878580e-05,1.332488050877621180e-05,1.390793783084373764e-05,1.448306791635695108e-05,1.499083012335539449e-05,1.562783282780820355e-05,1.637653704486947249e-05,1.711047094363294459e-05,1.773799201328844265e-05,1.864800968771997811e-05,1.953740455379016254e-05,2.028148526923618958e-05,2.140035505860597535e-05,2.249039877430675452e-05,2.366789200664107945e-05,2.460321731766901564e-05,2.612462078312746769e-05,2.759432097886837636e-05,2.871849592399972347e-05,3.065274943792907752e-05,3.251384005164550603e-05,3.387064675997224439e-05,3.597987875866052673e-05,3.876340397446228852e-05,4.141391489926256239e-05,4.312207363120963450e-05,4.681657026101953807e-05,5.031631650158518472e-05,5.233791115545559348e-05,5.733538230000473547e-05,6.203900084308193170e-05,6.739858839681128928e-05,6.963144588569759766e-05,7.762947416505918427e-05,8.503926515665255861e-05,8.701165051384401525e-05,9.831436925265664363e-05,1.085930103029819193e-04,1.207816599244031089e-04,1.194300649836885014e-04,1.385712246306736390e-04,1.549455496609598425e-04,1.451338679302779759e-04,1.705187913846942769e-04,1.886523923160034503e-04,1.581913035727538120e-04,1.643772526630219897e-04,1.981454078871691302e-04,1.914994620697182124e-04,1.255948200786599319e-04,1.419840146605400629e-04,5.702999174757637470e-05,1.242086579053061929e-05,8.799118228024982189e-06,6.347108253880915904e-06,6.347108253880915904e-06,6.329296756548764055e-06,6.113955717671473104e-06,2.332706879561309538e-05,5.757999100855367379e-05,5.211513545520262862e-05,8.428027788303198695e-05,9.718018587613921585e-05,9.531852245799534861e-05,1.031807782287232154e-04,1.230491197318208871e-04,1.202973236982888259e-04,1.121613166403374298e-04,1.164634305212477338e-04,1.089081408785760928e-04,9.942809271323137666e-05,9.777050047555637725e-05,9.037920940170586471e-05,8.366623421683836944e-05,7.654609607422088041e-05,7.326914073611619422e-05,6.789918520033154652e-05,6.242288295179328325e-05,5.940914426580862939e-05,5.527290802575461870e-05,5.153856446072723038e-05,4.782278771849977347e-05,4.542105180556047655e-05,4.254412532488374905e-05,3.970363494101249635e-05,3.775056230867224340e-05,3.551616720229204760e-05,3.332033855197375405e-05,3.146683413583391817e-05,2.998050752610894614e-05,2.836383050416933790e-05,2.678515551479150654e-05,2.557345381987699960e-05,2.428040350484547745e-05,2.302003191024965000e-05,2.202476786050801426e-05,2.097810676307411456e-05,2.000292006100130293e-05,1.905571889626119476e-05,1.827824136341726959e-05,1.747664633031753722e-05,1.669868295089220784e-05,1.604802799085637023e-05,1.538241400074924665e-05,1.473683339814671151e-05,1.415043540560458467e-05,1.363009001168829519e-05,1.310386466436666167e-05,1.259434841014415645e-05,1.215116775361774201e-05,1.170500686889987731e-05,1.127310570012461426e-05,1.089303197639533959e-05,1.051185399316136695e-05,1.014996780620694594e-05,9.799964205734442623e-06,9.486895819628976957e-06,9.174807982143950037e-06,8.872951403217100905e-06,8.600626032015891887e-06,8.329786776626511047e-06,8.067799214537939588e-06,7.821390726676054065e-06,7.593205220661651609e-06,7.367148702166146366e-06,7.148530791319272796e-06,6.947629579700489495e-06,6.748891655887217665e-06,6.556642408995638664e-06,6.378938996072671649e-06,6.203366719900899852e-06,6.034816661273937649e-06,5.871753607067507045e-06,5.719798137369866443e-06,5.569997297573563989e-06,5.425019177558843693e-06,5.289306606285895586e-06,5.155619844628682056e-06,5.026851113597682652e-06,4.902187980940488914e-06,4.784760749844160806e-06,4.669254519375350156e-06,4.557381798348449046e-06,4.451629828018118952e-06,4.347653841523773471e-06,4.246903358729365304e-06,4.149896010489034044e-06,4.057449588671605853e-06,3.966640933532012499e-06,3.878605409810929064e-06,3.794745504905470768e-06,3.712390082422147713e-06,3.632510996560373308e-06,3.556224629202727827e-06,3.481320102767277060e-06,3.408720170929343560e-06,3.338262529573100161e-06,3.270736587711703054e-06,3.204466101282312420e-06,3.140118971289505389e-06,3.078321324290752620e-06,3.017675542759115938e-06,2.958760545426283172e-06,2.901552551301908616e-06,2.846440113652234113e-06,2.792369281360049984e-06,2.739808611323965126e-06,2.689102502412513710e-06,2.639352702603189355e-06,2.590968293709471324e-06,2.544218171351501399e-06,2.498346952161019622e-06,2.453687312696925197e-06,2.410225493398478034e-06,2.368143230284119989e-06,2.326854902337164219e-06,2.286654289105116523e-06,2.247679609130078987e-06,2.209435849810627359e-06,2.172146307048711041e-06,2.135815891586632249e-06,2.100532629853891092e-06,2.065909954746209656e-06,2.032161756746137742e-06,1.999351203904800160e-06,1.967150079046854320e-06,1.935747596877012216e-06,1.905045121875565529e-06,1.875189552969901920e-06,1.845885525177384886e-06,1.817290601679101306e-06,1.789425524099829205e-06,1.762070428987159850e-06,1.735365288859527545e-06,1.709319916586089329e-06,1.683746648408041912e-06,1.658735648581735271e-06,1.634304309049627479e-06,1.610450144179589902e-06,1.587024547923088469e-06,1.564132055596015058e-06,1.541764462457396358e-06,1.519794519202787059e-06,1.498315549921045084e-06,1.477252938396183978e-06,1.456683891321557924e-06
1.518545300544812385e-06,1.540061552873866692e-06,1.562034445755750479e-06,1.584477035278297600e-06,1.607182325267283985e-06,1.630592197759533035e-06,1.654513009690103861e-06,1.678711963598032156e-06,1.703685294920884380e-06,1.729215389899375690e-06,1.755622813072625062e-06,1.781717406672090424e-06,1.809002543086487754e-06,1.836914155801685490e-06,1.865137637113799289e-06,1.894340275900644732e-06,1.924228551524234254e-06,1.954446744196024205e-06,1.985748377427946819e-06,2.017801882294350964e-06,2.050631672463684063e-06,2.083808230692570409e-06,2.118238305385352808e-06,2.153522065101200641e-06,2.189171695277396159e-06,2.226215803729975331e-06,2.264200776697848973e-06,2.303844058813592740e-06,2.342497169965032068e-06,2.383462162216149987e-06,2.425503150629390901e-06,2.467942927547430285e-06,2.512203217638389230e-06,2.557656034461318344e-06,2.605325631718339185e-06,2.651439741425127310e-06,2.700677968134055618e-06,2.751291049544667446e-06,2.802325514656793007e-06,2.855774625230573383e-06,2.910757065586495083e-06,2.966175155533493381e-06,3.024321312618123789e-06,3.084182479902401922e-06,3.145827577368012944e-06,3.207892089350987393e-06,3.273216760387864940e-06,3.340545112449570984e-06,3.408294821673428251e-06,3.479756820592060126e-06,3.553476685215961604e-06,3.632014013204161650e-06,3.705992352687484937e-06,3.786924210670792976e-06,3.870523011546676099e-06,3.954461031551098048e-06,4.043559336304820482e-06,4.135688608657980517e-06,4.228116092922210241e-06,4.326496038721424126e-06,4.428334315636656735e-06,4.533798162467364414e-06,4.639380175000708731e-06,4.752313385231228102e-06,4.869407697424372601e-06,4.986500601276965784e-06,5.112166787833137221e-06,5.242630639391187208e-06,5.385039004175103453e-06,5.513273440540701377e-06,5.659177654953681598e-06,5.810945943764758974e-06,5.962039490625461561e-06,6.125864289142108865e-06,6.296533512444462960e-06,6.485490335496290347e-06,6.650872804640506149e-06,6.843641861517928589e-06,7.044934585607007185e-06,7.244087859654232923e-06,7.462847857323265255e-06,7.691702288937388727e-06,7.917530221266759732e-06,8.167048517684890121e-06,8.428603835540311845e-06,8.703017969888265457e-06,8.972084341321427708e-06,9.272707077441694131e-06,9.588828415562439879e-06,9.897561356708254126e-06,1.024520583092237732e-05,1.061168700050076232e-05,1.103784953843130445e-05,1.137263979878359602e-05,1.180043639451776860e-05,1.225324102944811889e-05,1.268854031517126960e-05,1.319166447115132055e-05,1.372591087945772001e-05,1.423567101387774775e-05,1.483223762480694304e-05,1.546797419173286396e-05,1.614668574095477074e-05,1.678280054062434323e-05,1.754640440838959296e-05,1.836512680617293424e-05,1.912264865171117825e-05,2.004926370534376959e-05,2.104759153135818796e-05,2.231316219382231531e-05,2.309361049822293910e-05,2.432544849308888732e-05,2.566427714746219652e-05,2.683665084214047135e-05,2.837642980219942990e-05,3.006162467643449702e-05,3.149129756332394361e-05,3.344317609344120488e-05,3.559668872236025286e-05,3.798557634101187857e-05,3.985848721406176908e-05,4.265536710464860447e-05,4.579132853352983084e-05,4.807653619207014658e-05,5.176979546808590388e-05,5.596342365422361315e-05,6.215285532457333134e-05,6.365340989986468330e-05,6.936081276496695522e-05,7.602093514451895722e-05,7.918142157570804470e-05,8.704802477921768332e-05,9.641032121575522770e-05,1.111055348528453094e-04,1.099808386983291167e-04,1.231309315149025892e-04,1.393398896732852806e-04,1.378589079934826821e-04,1.556698396140167838e-04,1.774230706815025467e-04,1.674273512709623991e-04,1.895915174539685572e-04,2.125041370065826438e-04,2.249201191362001266e-04,2.163282650365272366e-04,1.994270767796709864e-04,1.245619423279464703e-04,1.283098732519944048e-04,4.456319069512632258e-05,2.570713996297315342e-05,3.121453869523679078e-05,3.069686378972887080e-05,2.518946505746523683e-05,2.613154809124229429e-05,5.492759686899847141e-05,5.117945986784710956e-05,8.109943989988251578e-05,8.953233385681889532e-05,9.775136570649107040e-05,1.000685892400852506e-04,9.886878959637255496e-05,9.708586198247648176e-05,1.066488566269574375e-04,1.015361453843375964e-04,9.641469186864732297e-05,9.783156035948452757e-05,9.113728365302246220e-05,8.501810803216838038e-05,8.423910597223465400e-05,7.677698564180627562e-05,7.132057634583251096e-05,6.640100415204039570e-05,6.337733836255730587e-05,5.896554792152320496e-05,5.499449762873544857e-05,5.279713944585805494e-05,4.878088967705619862e-05,4.565579060092685713e-05,4.281725348437537645e-05,4.063097476765471826e-05,3.818022773815251124e-05,3.594280786334181786e-05,3.415097718889047759e-05,3.221822045419807780e-05,3.044397940467107928e-05,2.881030934246313083e-05,2.744252843520171345e-05,2.602257815828781529e-05,2.470871289553152857e-05,2.358709243922890226e-05,2.243893438157928551e-05,2.137165876481190204e-05,2.051927689519484038e-05,1.950795758829791687e-05,1.863225739010708880e-05,1.781334854573997264e-05,1.708862058407670760e-05,1.636313775056104499e-05,1.568222387522563588e-05,1.507364712610125351e-05,1.446711336789604465e-05,1.389594066298558607e-05,1.335737878027220071e-05,1.286968667563999591e-05,1.238661846058007248e-05,1.192980609304082157e-05,1.151335135194822372e-05,1.110166899349714949e-05,1.071132609162777692e-05,1.036744651418997425e-05,1.000002105742494416e-05,9.664183549390477194e-06,9.344695707651470262e-06,9.049328126567481238e-06,8.758544371800986751e-06,8.481319184918601869e-06,8.223900967781465777e-06,7.970639318171341296e-06,7.728705558453058706e-06,7.497430801606362746e-06,7.281379187982722820e-06,7.069118178347392228e-06,6.865846866076747903e-06,6.675315137904259786e-06,6.488163475294638449e-06,6.308641481033930507e-06,6.143309710179362592e-06,5.974076808326637767e-06,5.814814743260499491e-06,5.661729153434146440e-06,5.517176598439477442e-06,5.375293104670278760e-06,5.238721865258005743e-06,5.111461223237610260e-06,4.982544617675040054e-06,4.860237316557642355e-06,4.742303373326379325e-06,4.630279539249321557e-06,4.520351003359570767e-06,4.414226937444680235e-06,4.313215676604765600e-06,4.214077958696246581e-06,4.118264226466495411e-06,4.025627920851466849e-06,3.937201715499086793e-06,3.850426332758411097e-06,3.766442348885537732e-06,3.686138090332264825e-06,3.607316876016827985e-06,3.530957220923542451e-06,3.458420597414722435e-06,3.386030623817315302e-06,3.316413703709158398e-06,3.248888333515596855e-06,3.184071577459937467e-06,3.120438127277926059e-06,3.058664085772940529e-06,2.999286409041932746e-06,2.940979873930387372e-06,2.884331583259312750e-06,2.829279523638134403e-06,2.776260538637083760e-06,2.724194269360334134e-06,2.673557234519591812e-06,2.624732102817937604e-06,2.576773569338659642e-06,2.530098322074429823e-06,2.485227381532045590e-06,2.440776433212271063e-06,2.397665819482853808e-06,2.355670851158415477e-06,2.315068334940021689e-06,2.275173229711496265e-06,2.236285912323517262e-06,2.198764732577687048e-06,2.161663272947461573e-06,2.125588359403268409e-06,2.090396351136563657e-06,2.056290029366680402e-06,2.022766170802607158e-06,1.990044186930466528e-06,1.958303875331743134e-06,1.927099093337528796e-06,1.896624152671192003e-06,1.866856588686488586e-06,1.837946572019426035e-06,1.809520058011102397e-06,1.781739138048172155e-06,1.754737479676411516e-06,1.728182038760054193e-06,1.702216947186167619e-06,1.676995623213901124e-06,1.652118235969215124e-06,1.627815959793564078e-06,1.604039016900349952e-06,1.580887660086850839e-06,1.558110824504441199e-06,1.535816407346652350e-06,1.514094052236220398e-06,1.492719055181968407e-06,1.471787817316354307e-06,1.451288205121539137e-06
1.512068778934197853e-06,1.533675682644451584e-06,1.555515812962248642e-06,1.577321526402789229e-06,1.600077379418877632e-06,1.623609317854753469e-06,1.646815900222748200e-06,1.671076121423570541e-06,1.696194872273189925e-06,1.721564645699291270e-06,1.746820985816870045e-06,1.773671100317607543e-06,1.800781457490999959e-06,1.827738627806350301e-06,1.856062990372210317e-06,1.885493134050476670e-06,1.914304176780435343e-06,1.944642163296651412e-06,1.976212651201847601e-06,2.008053210981870622e-06,2.039592285028678198e-06,2.072929146332785421e-06,2.107710334996711040e-06,2.141529949563826489e-06,2.177368656756607856e-06,2.214826739840712034e-06,2.252550804986246295e-06,2.289740732753090452e-06,2.330154432265137433e-06,2.370832588522223631e-06,2.410856545951354257e-06,2.453590474157400812e-06,2.498485739685526981e-06,2.543617241929920051e-06,2.587848838259605376e-06,2.636510974766582898e-06,2.685394733199160320e-06,2.733187475362362314e-06,2.784677327588377265e-06,2.839101665936414891e-06,2.890838502311313020e-06,2.946792918121153064e-06,3.006091920170573612e-06,3.065513317589898779e-06,3.123148972466992968e-06,3.185920150146049548e-06,3.252751092921343622e-06,3.315432059902855794e-06,3.384016885146744931e-06,3.457266064039675927e-06,3.530439472134125699e-06,3.600707716172934621e-06,3.681210967921162816e-06,3.761534947636591991e-06,3.838347542517373693e-06,3.923599934280349252e-06,4.015499665249312164e-06,4.099669634257212214e-06,4.193663427454809864e-06,4.295392626137312221e-06,4.396476682759495559e-06,4.491807287219410959e-06,4.599492824966365471e-06,4.716884161967444751e-06,4.821975018378519083e-06,4.941596640977181180e-06,5.072631931229199742e-06,5.202174063448923621e-06,5.322162828742201497e-06,5.468996186182260313e-06,5.613874244469785548e-06,5.747036841504896341e-06,5.902319656479469304e-06,6.074936834778425453e-06,6.244522957710517754e-06,6.397918303685121948e-06,6.593382858522368310e-06,6.784961420599444017e-06,6.956470484965802520e-06,7.162802070003351227e-06,7.396348980876168371e-06,7.588794720169682289e-06,7.823538926788949037e-06,8.091325223448763617e-06,8.351675413413296679e-06,8.576545268520191156e-06,8.858457054055928991e-06,9.184784564634385372e-06,9.439260222691231724e-06,9.764279659885286499e-06,1.014416326933986759e-05,1.050996572582819942e-05,1.081040751641902342e-05,1.125580884604989277e-05,1.168323288680867027e-05,1.202624681164731849e-05,1.249318047607188429e-05,1.305580299350781887e-05,1.344900100410861349e-05,1.400044579960067812e-05,1.467368068855822271e-05,1.531248111071376990e-05,1.578295945795478582e-05,1.648560351817295611e-05,1.736533558088061981e-05,1.790840964952158181e-05,1.875699560412191587e-05,1.983709873894695029e-05,2.085034077264086446e-05,2.150108473695973784e-05,2.284328690692185988e-05,2.409883582150618923e-05,2.484916056783741640e-05,2.624505387129315529e-05,2.811649136123320212e-05,2.897669556842813018e-05,3.073608713482555777e-05,3.314643171730768614e-05,3.539001189956420446e-05,3.636947434555630677e-05,3.888363377849122257e-05,4.246640896046487455e-05,4.351365333967137361e-05,4.682074094365111554e-05,5.164132903970616937e-05,5.618852915577059073e-05,5.708655000817584640e-05,6.367390518977209468e-05,6.998083966718248144e-05,7.044890914049666410e-05,7.761308971322331777e-05,8.844779063505227594e-05,9.928799781792722878e-05,9.793379348839703060e-05,1.129985484443425306e-04,1.286782363428753278e-04,1.244093482999183064e-04,1.428004220413179378e-04,1.666605130752609951e-04,1.584445156497890249e-04,1.845820653317233235e-04,2.115391860456001583e-04,2.368365371081959528e-04,2.303428987996635185e-04,2.316359356806899929e-04,2.147662746994797667e-04,1.859016105085601093e-04,9.848796462264603651e-05,7.555499420967365593e-05,5.685176641159019929e-05,6.233516347042083962e-05,6.233516347042083962e-05,5.520652285174857711e-05,5.171056781994014674e-05,5.034702450595161393e-05,7.920922950020278428e-05,8.811733946367698649e-05,9.446373569654652321e-05,9.545950579921568435e-05,1.017425896636600522e-04,9.665850952546159924e-05,9.132869531747441817e-05,8.584864851359649764e-05,9.330514152956946518e-05,8.664624407936263439e-05,8.114639102530966453e-05,8.393078675679818300e-05,7.792676808595422669e-05,7.163758256160661256e-05,7.161231374849631802e-05,6.637952202963517273e-05,6.097240241234888429e-05,5.694446894886525648e-05,5.557205700234540556e-05,5.181474352295223416e-05,4.795015959076532621e-05,4.641399406437118707e-05,4.343618517593120454e-05,4.039197850947998602e-05,3.800917141641593457e-05,3.659180387899724571e-05,3.419994269193713448e-05,3.229136537232344024e-05,3.105297989323295486e-05,2.935124098405153846e-05,2.762865463111511063e-05,2.621226912955739076e-05,2.519972516079920703e-05,2.381880093822408037e-05,2.266571831600448382e-05,2.180664777819897484e-05,2.077638290158279801e-05,1.974235508958469085e-05,1.901331387514287600e-05,1.816518047113546190e-05,1.731588854428173379e-05,1.658169233902892389e-05,1.599092216466179871e-05,1.528688945593339779e-05,1.467169336312629200e-05,1.416638721790071124e-05,1.361082663894079235e-05,1.305806877167949732e-05,1.256745338486849914e-05,1.215290576957325009e-05,1.168521682567196891e-05,1.126665242103703413e-05,1.090803247018098283e-05,1.052703870724425728e-05,1.014985068645194889e-05,9.838041634437986039e-06,9.509729010599489869e-06,9.185090610959134347e-06,8.889150069702259332e-06,8.627990564218985430e-06,8.346826396939167157e-06,8.088995821683056639e-06,7.859435578236823397e-06,7.622328324951314241e-06,7.388670268488085179e-06,7.172585961099781275e-06,6.977732854129563937e-06,6.772665318647556846e-06,6.582130312087099444e-06,6.409161816053623071e-06,6.232850060766495966e-06,6.059528759851620473e-06,5.905384925371002636e-06,5.748827432219453005e-06,5.595007168908380541e-06,5.450594146729514435e-06,5.317540099473784700e-06,5.183171413627559240e-06,5.051307020785149437e-06,4.931752889670124654e-06,4.811326183756025823e-06,4.693183030844885588e-06,4.581338927624173436e-06,4.477094682621040177e-06,4.370864303913396863e-06,4.270015441208746388e-06,4.175664676642284621e-06,4.081191438367078305e-06,3.988599644699465621e-06,3.900353795339687486e-06,3.817345448614470282e-06,3.733449624988520195e-06,3.653307977129409543e-06,3.577693081227082184e-06,3.502309907913630866e-06,3.428469581522177558e-06,3.359414084070406889e-06,3.290652309681051554e-06,3.223299697066318634e-06,3.158633758995483076e-06,3.097200212910825217e-06,3.035607167667246025e-06,2.976366851115018314e-06,2.919957062014922906e-06,2.863948909643558778e-06,2.809097916448593293e-06,2.756214259709146703e-06,2.705690008858549160e-06,2.655251021445441823e-06,2.606549700776261043e-06,2.559931350527403636e-06,2.513743063928739653e-06,2.468507176069510428e-06,2.425409537559178831e-06,2.382733218073423015e-06,2.340931464838128198e-06,2.300438878010080781e-06,2.261508318286066497e-06,2.222996827945355015e-06,2.185271953711042095e-06,2.149131191496776413e-06,2.113393499379931746e-06,2.078379848062112540e-06,2.044370433047210299e-06,2.011552497478063160e-06,1.978999241160631883e-06,1.947348681911533934e-06,1.916767493946546337e-06,1.886557678455246613e-06,1.856949833733275355e-06,1.828124980633585621e-06,1.800223100683521368e-06,1.772592402921878841e-06,1.745669896068879376e-06,1.719580609587221349e-06,1.693826335689137655e-06,1.668574835927637325e-06,1.644146842110546635e-06,1.620036102418453375e-06,1.596390902369681077e-06,1.573309261894587564e-06,1.550885701529468604e-06,1.528714765809716443e-06,1.507057540735980648e-06,1.485998789855809684e-06,1.465222108181807480e-06,1.444836998180178812e-06
1.504711502892689057e-06,1.525931197823278180e-06,1.547331362828322456e-06,1.569446783095946961e-06,1.592037176847694408e-06,1.614497105912792077e-06,1.638376052568172981e-06,1.662456293891830321e-06,1.687068800578273860e-06,1.711864517608906368e-06,1.737566849381462577e-06,1.763849757370581282e-06,1.790317549376201276e-06,1.817789057459810347e-06,1.845895006629383882e-06,1.873690915618012313e-06,1.903590685476185258e-06,1.933689961133783471e-06,1.964506287660117801e-06,1.995493590115036428e-06,2.027776603784736032e-06,2.060846880905237709e-06,2.093390109043798543e-06,2.128761498203367680e-06,2.164307875224932620e-06,2.200750106110944187e-06,2.237325140406763733e-06,2.275597491821298577e-06,2.314858565199974738e-06,2.354232911632682687e-06,2.395513049521977685e-06,2.437886998078662299e-06,2.481394667113106323e-06,2.524954594423060561e-06,2.570774321400692259e-06,2.617852627986441606e-06,2.664940995931340514e-06,2.714584536334370957e-06,2.765628992622106279e-06,2.815014539043848838e-06,2.870527003765060589e-06,2.925988699821173670e-06,2.983077035553659373e-06,3.039980608871283576e-06,3.100375738236297917e-06,3.162594071879970878e-06,3.222169112475265966e-06,3.290444002061446345e-06,3.358415339892198603e-06,3.428525719292357331e-06,3.498094441986355118e-06,3.572537912201819982e-06,3.649397962341454407e-06,3.725519999654739495e-06,3.807268964982009790e-06,3.891757986961072814e-06,3.971157269215532707e-06,4.065284438318481366e-06,4.158427460135124571e-06,4.254841900124515814e-06,4.349700833110494597e-06,4.452698143115239986e-06,4.559440910674219891e-06,4.657917407751492765e-06,4.778427344995344123e-06,4.896998506719169257e-06,5.020108964075745417e-06,5.140156316835540267e-06,5.272333633628012924e-06,5.409767428214818853e-06,5.543257957929554915e-06,5.691159839071294274e-06,5.845180722805447559e-06,6.005687266666991140e-06,6.160287638290187098e-06,6.333616247183979768e-06,6.514557563118130355e-06,6.687880945256156921e-06,6.883807882205681262e-06,7.088726612016838983e-06,7.264865832365463626e-06,7.506316393103545638e-06,7.739541203235260689e-06,7.984220565204745327e-06,8.213994169489608724e-06,8.480853938648283410e-06,8.761485788902381892e-06,8.990971905866859470e-06,9.329696241082819527e-06,9.653499443800370514e-06,9.995375690257562982e-06,1.030716323386237875e-05,1.068321622347361226e-05,1.108148586864802816e-05,1.143958566746412272e-05,1.187941475699656379e-05,1.234683747063948602e-05,1.269078769900676532e-05,1.327848065905083240e-05,1.383152915111383447e-05,1.442288787568572205e-05,1.492681655497040804e-05,1.558700322419050857e-05,1.629628282307958657e-05,1.675572284070149764e-05,1.767987699514910363e-05,1.853946833609707636e-05,1.947120581541339829e-05,2.019721644580872141e-05,2.125094195222619489e-05,2.240101704239044587e-05,2.325377977033035653e-05,2.456179275184214186e-05,2.600093586857196793e-05,2.666905493702435270e-05,2.864792953011140595e-05,3.047618688041028027e-05,3.252038456172851754e-05,3.374662104301331278e-05,3.610782226433376189e-05,3.878115329408762216e-05,3.948580055395636330e-05,4.328152427250216231e-05,4.684805194220414168e-05,5.099068574819870878e-05,5.252212547296832880e-05,5.738059655624740368e-05,6.313230520755126708e-05,6.452448397614623577e-05,7.127979497283276785e-05,7.944608308748780207e-05,8.944834321959825151e-05,8.972190810468508066e-05,1.015227233861907462e-04,1.162111780010964903e-04,1.141886605770345585e-04,1.313656005430534509e-04,1.526633898237378091e-04,1.490488376634810461e-04,1.715581871292447844e-04,1.996445095053237971e-04,2.267733921076187456e-04,2.218810848598110172e-04,2.398038842568567773e-04,2.286284967006838996e-04,2.193793264569146031e-04,1.840352850843293892e-04,1.124055114719146452e-04,7.256865531929734890e-05,9.361319946308085818e-05,8.782524213621687283e-05,8.782524213621687283e-05,8.469653026037676248e-05,6.365198611659325320e-05,6.591381772558523337e-05,8.439793993068601648e-05,9.273200650253431610e-05,9.390644282557887752e-05,9.800302863962561371e-05,9.199437009414113836e-05,9.667081563576621029e-05,8.931939282218767737e-05,8.187803807757817727e-05,7.645589449698083837e-05,8.105056105495799077e-05,7.485888473620128688e-05,6.964104053742075718e-05,7.157600114430766477e-05,6.621851751832015802e-05,6.161134431230347135e-05,6.134962232670085824e-05,5.690549104852922935e-05,5.303038298714327976e-05,4.960562794994112003e-05,4.827371800281897397e-05,4.512838594309140177e-05,4.232132356243883562e-05,4.085618140623627469e-05,3.834071813615505710e-05,3.607525348063826963e-05,3.374022901328433479e-05,3.268429410053761178e-05,3.086126194681900066e-05,2.919626634075142132e-05,2.802311487213968250e-05,2.655087154452241211e-05,2.519773808821301465e-05,2.381494971764522086e-05,2.299161623602152506e-05,2.188517582389412817e-05,2.085910969748802971e-05,2.004326392717472948e-05,1.913171650133521558e-05,1.828249169787252751e-05,1.758791079910199768e-05,1.683089303796683148e-05,1.612268772537449113e-05,1.540770017417245579e-05,1.489640858639564128e-05,1.430129414279496743e-05,1.374146621616358823e-05,1.325935311709888996e-05,1.275555496510795383e-05,1.228012093934148070e-05,1.180369235491363193e-05,1.143545845618665059e-05,1.102894478937158163e-05,1.064372833266036818e-05,1.030113103491034110e-05,9.951303293097232499e-06,9.618971970687842745e-06,9.320682023962729263e-06,9.017806146558312805e-06,8.729416178694682045e-06,8.442568250710222818e-06,8.204765771536504972e-06,7.953126423191202396e-06,7.712814802246822216e-06,7.492988328781797957e-06,7.272279982679883107e-06,7.061112124417845137e-06,6.851941743583404855e-06,6.672313754463730390e-06,6.485880862935643026e-06,6.307079980826501657e-06,6.141259942519590051e-06,5.975936898851598930e-06,5.817135057431943788e-06,5.669227491651773808e-06,5.522015463290933480e-06,5.380405332677725933e-06,5.244111371816904160e-06,5.116399781621417035e-06,4.989639975600340854e-06,4.867478687957805232e-06,4.752628306043263065e-06,4.638755401297489678e-06,4.528878609723670827e-06,4.420680658602417258e-06,4.322621757697214800e-06,4.223468452775770162e-06,4.127644941865130181e-06,4.036892547655780121e-06,3.947137861569316985e-06,3.860305715859710274e-06,3.774922679578691063e-06,3.696382251666620834e-06,3.617471364156946712e-06,3.541027205572490051e-06,3.468200567945276632e-06,3.396292992697326631e-06,3.326569297064611626e-06,3.260012274464538673e-06,3.194317342274587831e-06,3.130562326262543437e-06,3.067942157208729906e-06,3.009423619273477885e-06,2.950986278135532664e-06,2.894211775384855991e-06,2.839771615084876466e-06,2.786086137973845530e-06,2.733888455126328120e-06,2.682645637956254675e-06,2.634331794369899554e-06,2.586239606076486019e-06,2.539434620731309188e-06,2.494384755674931592e-06,2.449985113539847069e-06,2.406744579566161696e-06,2.365070405394838613e-06,2.324000367079853462e-06,2.283976708833132572e-06,2.244964183376799099e-06,2.207294392069692612e-06,2.170180883327555471e-06,2.133983112431779241e-06,2.098991448218927989e-06,2.064516642713668783e-06,2.030873048973624105e-06,1.997852208533871131e-06,1.966238507384451678e-06,1.934917642412363313e-06,1.904329346546857245e-06,1.874683515634034278e-06,1.845479275819988293e-06,1.816943267829577989e-06,1.788931812177396361e-06,1.761989008579468334e-06,1.735328141314131745e-06,1.709259947709445323e-06,1.683937973085293129e-06,1.658993607203303276e-06,1.634592277627296324e-06,1.610869992167896854e-06,1.587499743915361681e-06,1.564627933824782048e-06,1.542167966422767992e-06,1.520451024719970059e-06,1.498985107129809113e-06,1.477964826054749845e-06,1.457491095752828707e-06,1.437319563292494570e-06
1.496351441163993111e-06,1.516761413385280269e-06,1.538217983295985348e-06,1.560505608978716016e-06,1.582188088767705831e-06,1.605034160043487647e-06,1.628376713600679835e-06,1.652682510753143950e-06,1.676218141461903574e-06,1.701115489235791814e-06,1.727083396785037191e-06,1.752153442542347594e-06,1.778744934518262783e-06,1.806528728413398039e-06,1.833266074956922823e-06,1.861706848989733396e-06,1.890813069510057662e-06,1.921316604592023743e-06,1.950493413756842927e-06,1.981685935061950643e-06,2.014443196393692580e-06,2.045654162421429928e-06,2.079134354550877223e-06,2.113442643684105481e-06,2.149600618883944152e-06,2.183797912818388625e-06,2.220703965422442922e-06,2.259693546120099351e-06,2.296394769873988209e-06,2.336163633004263831e-06,2.378285237724284192e-06,2.420274183961310384e-06,2.460664337785293267e-06,2.504751225528836685e-06,2.551656251234496703e-06,2.595158226314998877e-06,2.642874041127451666e-06,2.693793107851036055e-06,2.740724164040607458e-06,2.792471809480091142e-06,2.845705899400113412e-06,2.902817179843005868e-06,2.954827289852938735e-06,3.012728380775333731e-06,3.075068214127963490e-06,3.131404541033043235e-06,3.194525043535223573e-06,3.259589277108034028e-06,3.330087940791281214e-06,3.392855329910922318e-06,3.464020542716241292e-06,3.541456504528153074e-06,3.609743723238890219e-06,3.687783201970707404e-06,3.773082864124896299e-06,3.847528250597672159e-06,3.933339791492210129e-06,4.022096289343614567e-06,4.119902865327201048e-06,4.203549833820245848e-06,4.301540842592624008e-06,4.410105890299143564e-06,4.501747586418948490e-06,4.610274046929400775e-06,4.722856258922032273e-06,4.848814392997758824e-06,4.952433788847712658e-06,5.077708754828575137e-06,5.218772758319204767e-06,5.332897862964220255e-06,5.472806748473642035e-06,5.631435971985142652e-06,5.784421608840022559e-06,5.914306886603671969e-06,6.077883923062791495e-06,6.265709781044799369e-06,6.409557973532518094e-06,6.594056179661798346e-06,6.807657907610751351e-06,6.967380758496631789e-06,7.176439365700912125e-06,7.395495171117771588e-06,7.653005743831523363e-06,7.836491277530579607e-06,8.086512147325760944e-06,8.383335492372956499e-06,8.588175376941542164e-06,8.875132228336402913e-06,9.177668381435835504e-06,9.543473912509797369e-06,9.779958921691547262e-06,1.013032268748823407e-05,1.055893592830167981e-05,1.082406902751433093e-05,1.123261421539424750e-05,1.173861348292031583e-05,1.203630122093394281e-05,1.251625889746264368e-05,1.302849340630312247e-05,1.367752690218578512e-05,1.402142487166639494e-05,1.463088103032476088e-05,1.541400530322215430e-05,1.579940220772576572e-05,1.653146631507114984e-05,1.732307574924210765e-05,1.836614471358480436e-05,1.880477483747942068e-05,1.977197748122629895e-05,2.106499948095031817e-05,2.154837103068007805e-05,2.274502097288114315e-05,2.436696896094753666e-05,2.489093449090862278e-05,2.639208982036855762e-05,2.806410270501321998e-05,3.037744383587061072e-05,3.091507426973746627e-05,3.307002399845621044e-05,3.607130879010163679e-05,3.658726056031593187e-05,3.941703433294258858e-05,4.268369550006574024e-05,4.722224538662035513e-05,4.757056836092319252e-05,5.202715222782641546e-05,5.809354702926795356e-05,5.817903383262047507e-05,6.440487125286698661e-05,7.251470374477281473e-05,8.147669941520430483e-05,8.105571226116785398e-05,9.207251173544134368e-05,1.045000414521071741e-04,1.038369970797424605e-04,1.200853809766439629e-04,1.352280350351007024e-04,1.358077963038365865e-04,1.592548491467665772e-04,1.860122923822789720e-04,1.983739338499728886e-04,2.090721413110222979e-04,2.293136243360977184e-04,2.202651506676232406e-04,2.320007585907517126e-04,2.008353835781256263e-04,1.404139215171880362e-04,1.133878020077653246e-04,1.112039685266012307e-04,9.758273181160833005e-05,1.023314064778425213e-04,1.023314064778425213e-04,9.509467885394986837e-05,8.872832835145788881e-05,7.521724773568090909e-05,7.361033489234616260e-05,8.949796003412470761e-05,9.736189707781869103e-05,9.053050839960972616e-05,9.386319560050998372e-05,8.662991575006755954e-05,8.426020206793800773e-05,8.184613127726752819e-05,7.383052768704332909e-05,6.705182422967893960e-05,6.921265776222862312e-05,6.504331405243174544e-05,5.996805413741521909e-05,6.130907960866784849e-05,5.696464117629801449e-05,5.286884476012587415e-05,5.314343496318832676e-05,4.941004649229008261e-05,4.586224203975628860e-05,4.295801811708458529e-05,4.245415905398204539e-05,3.946721274645776620e-05,3.709258451750291824e-05,3.635848289390936842e-05,3.391610422340617619e-05,3.198738875755100967e-05,3.024125409903012735e-05,2.944317106968017295e-05,2.765311292955352691e-05,2.622314180616272853e-05,2.546722731538632746e-05,2.401230211385273008e-05,2.283775904634305427e-05,2.175323518480677611e-05,2.108500962462265467e-05,1.999265858893441980e-05,1.909225226456330972e-05,1.849968354537962747e-05,1.759807583274512611e-05,1.684600135106560575e-05,1.632468744853853926e-05,1.557530173164524959e-05,1.494296756283371227e-05,1.434943383547105812e-05,1.390988095854399015e-05,1.332316426878581889e-05,1.281902929432871587e-05,1.243394246729544390e-05,1.193729911971451456e-05,1.150638967930417292e-05,1.109866332242388395e-05,1.077390711617709878e-05,1.037466473116781081e-05,1.002309517867956764e-05,9.737316504773238247e-06,9.393861186265418183e-06,9.089004634470577843e-06,8.836773342420633918e-06,8.539553446623691799e-06,8.273785165074799532e-06,8.020234210840593059e-06,7.805151428536065791e-06,7.558931458987021380e-06,7.336333933778634741e-06,7.145112432543364637e-06,6.929240162470296700e-06,6.732909316886238572e-06,6.544762586706659278e-06,6.380188645220761052e-06,6.198244360631593704e-06,6.031303070884731507e-06,5.883907182369176463e-06,5.722605657554011790e-06,5.573883931766752388e-06,5.441463178319387706e-06,5.302816880057994339e-06,5.164875517508681726e-06,5.036782484898907983e-06,4.921327361887994871e-06,4.797866999014194242e-06,4.682764527770239295e-06,4.578342940207759584e-06,4.467447107093881412e-06,4.363675977164452963e-06,4.263439437334544486e-06,4.171641291979217490e-06,4.075180219506376512e-06,3.984430845132734615e-06,3.900896066607441334e-06,3.813578366536038324e-06,3.731180434525781643e-06,3.651392033013000365e-06,3.577398330753402689e-06,3.500682184005129590e-06,3.427969523482681434e-06,3.360261897311075808e-06,3.290347544134887625e-06,3.223914106067267002e-06,3.161819848301092211e-06,3.097939075128101443e-06,3.037095508665242645e-06,2.978003921090876730e-06,2.922467658071850170e-06,2.865663364795646873e-06,2.811376844478777067e-06,2.760199534395389537e-06,2.708004946135624478e-06,2.658025329432431160e-06,2.609398427740703066e-06,2.563351100885184113e-06,2.516601143843925381e-06,2.471709216590622055e-06,2.429090893174990295e-06,2.385920341200130472e-06,2.344396693014384866e-06,2.304882823452558480e-06,2.265377374433493916e-06,2.226461397116362665e-06,2.188941941785188860e-06,2.153115880038181899e-06,2.117019661053475600e-06,2.082169839493597559e-06,2.048827179013961003e-06,2.015288081995167855e-06,1.982864310260637993e-06,1.951206400119520138e-06,1.920830998904133022e-06,1.890355853471200179e-06,1.860839432318516717e-06,1.832471629620606777e-06,1.804047397749891072e-06,1.776486346274754910e-06,1.749543760511641003e-06,1.723587457194389857e-06,1.697632956090690512e-06,1.672426976729051095e-06,1.648109397506124886e-06,1.623818213823827124e-06,1.600204773185292055e-06,1.577393305802015783e-06,1.554627823014027642e-06,1.532477323288154202e-06,1.510790764842364270e-06,1.489800739262488040e-06,1.468884341694280805e-06,1.448507191951294782e-06,1.428762044430509942e-06
1.485937370287516088e-06,1.507112985032472837e-06,1.528373308564218390e-06,1.549308523322421857e-06,1.571865528456164971e-06,1.594498805083512099e-06,1.617624466247668625e-06,1.640318786300770339e-06,1.664929003627985148e-06,1.689590884858545456e-06,1.713739933110271315e-06,1.740040258020250432e-06,1.766375772728488920e-06,1.792102974598652554e-06,1.820250436742494845e-06,1.848412546539121585e-06,1.877235074245651590e-06,1.905264827107989914e-06,1.936183828106928996e-06,1.967067163690863130e-06,1.997014060420569511e-06,2.030228219404890683e-06,2.063370954640214500e-06,2.097336271090855068e-06,2.130088511773493636e-06,2.166773136002598392e-06,2.203304503105522166e-06,2.238404943872608118e-06,2.277977030891140434e-06,2.317335965468115032e-06,2.357732691910465972e-06,2.397773966439648583e-06,2.440255764205620849e-06,2.483887744283309715e-06,2.525335793413740779e-06,2.572995682168030562e-06,2.620212807424871620e-06,2.664849470254956890e-06,2.716610919112414689e-06,2.767811093803402599e-06,2.820493239049382943e-06,2.869829626997897280e-06,2.927937103507321885e-06,2.985232425890508196e-06,3.038562129177813139e-06,3.102021815033155569e-06,3.164476670736977336e-06,3.228874665937437636e-06,3.288105356220698950e-06,3.359945797505445538e-06,3.430380168816115256e-06,3.494660933389596857e-06,3.573617559489856762e-06,3.650854808445945511e-06,3.720746091674736516e-06,3.807774609880527912e-06,3.892705125146833028e-06,3.980594706340953329e-06,4.058802639615930111e-06,4.158724087127693937e-06,4.255768499126576533e-06,4.341174206840074431e-06,4.452166446636303811e-06,4.559660561915491974e-06,4.671252810906181455e-06,4.767333799531703304e-06,4.896313713500236599e-06,5.020523901293590754e-06,5.125922462740625996e-06,5.270491334687846541e-06,5.409261733522765043e-06,5.553882314429696739e-06,5.687833169274672805e-06,5.843488316789392788e-06,6.006000736151054658e-06,6.137338557145627500e-06,6.330389617082856249e-06,6.513816826175582358e-06,6.658827591632185919e-06,6.878588266397172992e-06,7.086608074080572641e-06,7.304956023873238214e-06,7.470022286715213661e-06,7.735610358644832402e-06,7.985135290502463234e-06,8.168044349115412709e-06,8.474518305026761732e-06,8.761327216501810187e-06,9.064483612163697212e-06,9.273057712662107139e-06,9.651872335846156258e-06,1.000369616064212898e-05,1.023515644837884337e-05,1.067954178442491402e-05,1.109080219598378916e-05,1.134762369295066019e-05,1.187282226950590849e-05,1.235736062729434739e-05,1.287674197966476990e-05,1.316741817972833092e-05,1.384343161240520044e-05,1.446386901498222804e-05,1.478389756544169675e-05,1.560030247271071996e-05,1.634901167817966912e-05,1.716376884154060167e-05,1.751648898863932373e-05,1.860780476834623519e-05,1.960946767031213913e-05,1.998685544263456655e-05,2.133977431524161140e-05,2.258773678417397399e-05,2.298135330973726662e-05,2.467697959574833498e-05,2.625466568978784558e-05,2.802863168631704739e-05,2.840126018344609537e-05,3.082216180221116657e-05,3.312884313614867219e-05,3.345332020250336009e-05,3.657966815916744233e-05,3.963486882770283012e-05,4.319354389109839639e-05,4.335122593034348363e-05,4.804761344414591983e-05,5.292668997412008257e-05,5.287989765121006339e-05,5.906715404747917491e-05,6.587931076498119629e-05,7.412143530614940710e-05,7.367421487080401052e-05,8.331554259954847383e-05,9.505787257057075142e-05,9.516456280885329929e-05,1.069791113620225699e-04,1.234643679821739975e-04,1.255932725810923701e-04,1.390984260071834026e-04,1.605114534506575110e-04,1.823989027997025198e-04,1.943994433755622507e-04,1.990716742455885251e-04,2.076600372311176578e-04,2.227836271508592647e-04,2.023889404333712469e-04,1.711841323827973033e-04,1.255824556032148550e-04,1.238754691688844498e-04,1.132900910257120274e-04,1.040720104008034034e-04,1.070280499995406194e-04,1.070280499995406194e-04,1.013411847920835492e-04,9.470324334089329785e-05,8.570491489680000718e-05,7.364068700712637851e-05,8.219368857279951788e-05,8.836937614858732834e-05,9.305651988126103146e-05,8.535070210309018588e-05,8.162950908664140060e-05,8.046426689382411965e-05,7.703706845096547806e-05,7.004791027702805936e-05,6.343537759009038458e-05,5.999501108204744067e-05,6.098105226952588382e-05,5.588442952684944060e-05,5.237774328926359050e-05,5.331262754724156892e-05,4.925629425647791210e-05,4.580597930765403932e-05,4.623383911975260778e-05,4.296998887028532718e-05,4.014642390651992405e-05,3.746621381010313009e-05,3.722626570981349859e-05,3.492708218573742243e-05,3.265504376983627792e-05,3.218849290587120663e-05,3.032264048365830258e-05,2.864789536745327402e-05,2.693851784558776285e-05,2.636366023304576747e-05,2.498974575566219412e-05,2.357659464422386507e-05,2.300242879288523967e-05,2.187176291926616424e-05,2.083288905366118549e-05,1.975937867092147782e-05,1.922667186268490393e-05,1.836175337734096281e-05,1.746821344868189580e-05,1.698329471883162139e-05,1.625907701222652281e-05,1.551181417592982506e-05,1.507620936682755125e-05,1.446596794509309754e-05,1.389439817934265338e-05,1.330705121954760194e-05,1.293136861696237348e-05,1.244475429931863534e-05,1.194591686535314236e-05,1.161233375066233869e-05,1.119554517261064698e-05,1.080163170920616675e-05,1.039984366812627774e-05,1.011419867653857271e-05,9.773849207411843310e-06,9.427553764734840626e-06,9.173826224799828217e-06,8.878167410017701419e-06,8.578063732300949347e-06,8.352281749557143785e-06,8.094117130481430047e-06,7.847941132328335791e-06,7.599180455769819918e-06,7.404783203638667053e-06,7.188327381945932060e-06,6.970050513636226705e-06,6.796158718840597831e-06,6.604979724537166278e-06,6.421813821188773283e-06,6.237801343563201649e-06,6.087037207755880651e-06,5.924302460530159828e-06,5.761093278082941638e-06,5.625424507155750328e-06,5.480277518940689213e-06,5.340680856981787813e-06,5.212528869594712073e-06,5.082590618411291145e-06,4.957448683353572574e-06,4.832496649149033669e-06,4.725208891659786413e-06,4.612643182263167887e-06,4.500389723722220341e-06,4.403020389457756276e-06,4.301440713839941377e-06,4.203320555011597763e-06,4.105693730543793720e-06,4.019730340871719060e-06,3.930818659064905325e-06,3.842440931223943842e-06,3.763994906074214730e-06,3.683199582583137416e-06,3.604959477123089204e-06,3.527327269910414107e-06,3.457596791888060732e-06,3.386240578849703958e-06,3.315492153592308619e-06,3.251535725487107910e-06,3.186295161969690531e-06,3.121654732112825017e-06,3.062872656800260055e-06,3.003081857737060365e-06,2.945008624218231385e-06,2.887541958318029786e-06,2.834823897830911499e-06,2.781439632842492366e-06,2.728640045946963259e-06,2.679969806465457436e-06,2.630792106260608563e-06,2.582941563904189855e-06,2.535660462520527651e-06,2.491766575297721488e-06,2.447567103144994960e-06,2.403909874490404128e-06,2.363220120160985196e-06,2.322315828515910417e-06,2.282452487650839234e-06,2.244144640236465738e-06,2.206221343428047431e-06,2.169240418301521913e-06,2.132748882829643365e-06,2.098428068949341673e-06,2.064062686774399684e-06,2.030159770678212533e-06,1.998176560567006692e-06,1.966189617384589638e-06,1.934955622084895847e-06,1.904156387786643305e-06,1.874971324180663444e-06,1.845838217957452170e-06,1.817114749755564366e-06,1.789827605252847674e-06,1.762613910142722644e-06,1.736008728036720027e-06,1.709786208795819716e-06,1.684782456604284360e-06,1.659883007140746237e-06,1.635343585816998071e-06,1.611894891815062930e-06,1.588560482051574493e-06,1.565564819437284844e-06,1.543547421171129974e-06,1.521651400757238845e-06,1.500212368311738855e-06,1.479088386724998965e-06,1.458804267045892278e-06,1.438653370919730745e-06,1.418798809174154732e-06
1.475474668315843878e-06,1.496061858841021006e-06,1.516680229652314879e-06,1.538123022602361355e-06,1.560024311610231424e-06,1.582943566457053450e-06,1.604769961106313071e-06,1.628098213419050178e-06,1.651940243586908695e-06,1.675757875538066760e-06,1.700638208232080435e-06,1.726078707131310465e-06,1.751466102362385836e-06,1.778037500049416791e-06,1.805220769239995719e-06,1.833886713736057768e-06,1.860732930071599960e-06,1.889819748610999544e-06,1.919598270351827504e-06,1.949210840829914675e-06,1.980380751988899399e-06,2.012309825818228479e-06,2.046206280971464108e-06,2.077467840814890409e-06,2.111756801063988834e-06,2.146910115000011957e-06,2.181712365466420038e-06,2.218596347262413571e-06,2.256434059176572167e-06,2.296919946984863544e-06,2.333566493927098195e-06,2.374365177096775076e-06,2.418165184736524272e-06,2.457498208047582540e-06,2.501570555073256413e-06,2.546858076239371179e-06,2.591329569311155517e-06,2.639030136341396740e-06,2.688083287617904373e-06,2.741265343896059720e-06,2.787854520839927404e-06,2.841096378364799289e-06,2.895911625308115237e-06,2.949306068399563508e-06,3.007220047809050047e-06,3.066898043776298511e-06,3.132354560650887842e-06,3.187964359240225959e-06,3.253088893918170668e-06,3.320288756009331843e-06,3.385058894547171177e-06,3.456302866776433459e-06,3.529893109610406843e-06,3.600491394193821887e-06,3.678633420179015249e-06,3.759438021847472260e-06,3.849810199194373959e-06,3.922499073948004837e-06,4.011477356948876870e-06,4.103649090774983442e-06,4.190704516123756842e-06,4.288978339959049903e-06,4.390913976855010779e-06,4.506897568310200898e-06,4.595402618049713260e-06,4.708508630200984898e-06,4.826081875017031132e-06,4.934805967000791873e-06,5.060747592868259113e-06,5.191875390650280839e-06,5.344122082238830741e-06,5.452721114730120851e-06,5.599535192252564997e-06,5.771425908688405578e-06,5.890463852239475196e-06,6.055525400908404406e-06,6.228198773284096155e-06,6.381166394553662086e-06,6.567572337762654430e-06,6.763009090476639020e-06,6.997574644472175614e-06,7.144962413150948168e-06,7.367275457980912410e-06,7.601263580228757330e-06,7.798921792964606467e-06,8.053179298108977042e-06,8.321567380151014031e-06,8.652867965098609386e-06,8.835601182857116874e-06,9.145356171103840386e-06,9.474035951437523773e-06,9.732839962965870109e-06,1.009274915334821001e-05,1.047614355558705744e-05,1.076755180024891302e-05,1.118880860238367628e-05,1.163953849333986762e-05,1.221950733186828932e-05,1.246499515078988582e-05,1.299944807410933597e-05,1.357604875616560718e-05,1.396110972583425255e-05,1.460082293010970092e-05,1.529528247121455891e-05,1.621384661502863045e-05,1.650153630470824732e-05,1.734737084410525298e-05,1.827658165313638744e-05,1.877676291548572066e-05,1.981975746114997324e-05,2.097578136141687788e-05,2.152498607261866867e-05,2.282863324155546053e-05,2.428828848751380033e-05,2.624041588326512180e-05,2.652994523172389231e-05,2.840301229654446804e-05,3.054085113672488390e-05,3.113501868041912212e-05,3.358084165517629934e-05,3.641081001905669068e-05,4.001699353660264377e-05,4.018626289756082188e-05,4.400595451800188689e-05,4.852875585937619480e-05,4.873559545182655874e-05,5.399127041452306795e-05,6.029929191268147270e-05,6.705769661458256536e-05,6.733668137460832701e-05,7.625335685254526529e-05,8.453960600651725028e-05,8.548585073701729002e-05,9.811137051112641457e-05,1.131788539821662658e-04,1.105727625403474322e-04,1.278984501618424144e-04,1.472798366047687484e-04,1.538474613487514982e-04,1.652258966884417510e-04,1.831801650479604785e-04,1.932112419504928885e-04,1.951605667112534133e-04,1.925992808409820653e-04,1.707702359687391432e-04,1.430204875676979628e-04,1.497644317190056354e-04,1.148630509247484011e-04,9.792204684683526446e-05,1.121917665875087327e-04,1.061916466384194599e-04,1.061916466384194599e-04,1.044889833131568851e-04,9.021926357248341685e-05,8.554241571796710538e-05,8.782083124606241656e-05,7.497588186596791096e-05,7.881667098280559821e-05,8.293717724632827359e-05,8.134923880744226912e-05,7.938788484809749374e-05,7.515202205458432943e-05,6.842450461596833540e-05,6.487135478118438009e-05,6.359009083740449898e-05,5.726929641316249849e-05,5.178793843154754867e-05,5.428117789397004649e-05,4.945027724556526002e-05,4.540940602909296852e-05,4.589103309814115581e-05,4.319858221184449270e-05,4.006660247515746935e-05,4.027071272630975264e-05,3.771071811344636900e-05,3.521597694125641522e-05,3.305103708479888787e-05,3.285315178669065054e-05,3.084515431986795369e-05,2.907372436405195347e-05,2.874419512692578108e-05,2.699540947758402359e-05,2.554178290950779087e-05,2.423093786148405092e-05,2.366249242936316663e-05,2.246533990154793003e-05,2.137530906420912564e-05,2.092917205319223204e-05,1.981411822801923633e-05,1.890460482213932267e-05,1.806551426678425505e-05,1.754008518083845168e-05,1.677754854979434889e-05,1.606986593968245220e-05,1.559133802809856118e-05,1.494844229870171917e-05,1.434871583571767270e-05,1.398433088921527408e-05,1.337366261742112761e-05,1.286271454556023970e-05,1.238269527279823352e-05,1.201430398044447454e-05,1.157658385747896625e-05,1.116388987795265666e-05,1.087581435986096009e-05,1.045980417007219843e-05,1.010316250391304914e-05,9.765267269611096240e-06,9.486474381446134650e-06,9.176702049616434023e-06,8.882434386890883716e-06,8.634834261759251093e-06,8.364439918426434583e-06,8.106959880853900475e-06,7.905816036612843493e-06,7.649543945478510772e-06,7.423227539510368247e-06,7.207021042924674190e-06,7.017919653353166368e-06,6.818127177713641991e-06,6.626896880444817380e-06,6.469541710034933713e-06,6.280648940278399958e-06,6.110830357020284651e-06,5.947877560723786441e-06,5.801532061889491746e-06,5.650150398271175462e-06,5.504664276332763252e-06,5.380381223368314010e-06,5.237530292031587152e-06,5.107179619596400839e-06,4.994548970733100844e-06,4.866761623254768825e-06,4.749579156554955241e-06,4.636584268262540299e-06,4.532566951757175979e-06,4.426885738349576912e-06,4.324857986024241808e-06,4.234453732834457209e-06,4.134846965106971579e-06,4.042449047765111495e-06,3.953104181621386891e-06,3.869817473341815862e-06,3.785904757180283588e-06,3.704681042852049419e-06,3.631302681526003386e-06,3.552250751278684037e-06,3.478216511998486537e-06,3.406458305821887679e-06,3.338916292103845114e-06,3.271266751100858446e-06,3.205638445522148247e-06,3.143672271535676730e-06,3.081709834361806270e-06,3.021547958853460133e-06,2.966092395027654685e-06,2.907697580118233762e-06,2.852424263623139720e-06,2.798698261462205053e-06,2.747615317605561366e-06,2.696725634159373457e-06,2.647223877541461092e-06,2.601081774632539772e-06,2.553099586331455578e-06,2.507399240527760940e-06,2.462902558618857014e-06,2.420356281285909894e-06,2.378085206145054454e-06,2.336900443458548102e-06,2.298161292708113252e-06,2.258275835327139108e-06,2.220088315044777336e-06,2.184059862012415663e-06,2.147080488912855139e-06,2.111611440149819617e-06,2.077004237546492734e-06,2.043708611565048498e-06,2.010710437363443342e-06,1.978496031559664622e-06,1.947892069405667738e-06,1.916709009673381631e-06,1.886675483146803069e-06,1.857334059547568448e-06,1.829003447079296779e-06,1.800961496577782218e-06,1.773551932775927671e-06,1.747362671632501735e-06,1.720833758708115479e-06,1.695192797596598242e-06,1.670113727951550286e-06,1.645825378637103590e-06,1.621806418481418235e-06,1.598303073894068728e-06,1.575516531225660302e-06,1.552987652677253337e-06,1.530932727874140599e-06,1.509723175368802193e-06,1.488371210669335574e-06,1.467649838141637552e-06,1.447352884700214483e-06,1.427627103933761133e-06,1.408135440548908198e-06
1.464120859133548564e-06,1.483545542799257849e-06,1.504280888809349999e-06,1.525995794166679642e-06,1.547656921394980494e-06,1.568652147738750651e-06,1.591801128645089296e-06,1.614869655037218972e-06,1.637160445176166710e-06,1.661178775056045476e-06,1.686470979061568222e-06,1.710162169356034459e-06,1.735792349338161233e-06,1.762845500323498791e-06,1.789719252748646207e-06,1.815439969927418759e-06,1.844420318906888620e-06,1.873171458057492076e-06,1.900577007657116499e-06,1.930584667895460953e-06,1.962476175386474799e-06,1.994035985715450483e-06,2.023887698572740664e-06,2.058184572763230882e-06,2.092072524166087189e-06,2.123964905134175922e-06,2.159398797712115637e-06,2.197361356201787308e-06,2.234758945890856545e-06,2.269618719629398925e-06,2.310623326978168545e-06,2.350943767587436261e-06,2.388292154012475722e-06,2.432669692289304718e-06,2.476221988890793038e-06,2.516288876563753195e-06,2.561958469883421699e-06,2.611550523086260883e-06,2.660036608081102312e-06,2.704063455315286595e-06,2.758013425697058559e-06,2.810639406520075096e-06,2.858014680530829079e-06,2.913318446262544550e-06,2.974087397931221199e-06,3.033101699338294521e-06,3.085355090485947108e-06,3.151854815053335487e-06,3.216261607016066291e-06,3.272665577539286805e-06,3.340506320517718486e-06,3.416098322500261733e-06,3.477070316485155936e-06,3.551375632365065389e-06,3.634657106395267661e-06,3.714652433897049308e-06,3.782268025183126546e-06,3.874300328794891964e-06,3.962416218849102805e-06,4.035737363657066613e-06,4.128889115912512811e-06,4.235126984970161002e-06,4.336212699055398170e-06,4.417794671872928563e-06,4.536171990838304391e-06,4.648402587970000533e-06,4.737124981546565605e-06,4.856099232757809614e-06,4.994575887822931356e-06,5.124958962754722510e-06,5.223927196849523276e-06,5.379728912908691211e-06,5.525857051583882740e-06,5.633731603010872860e-06,5.809787819798616348e-06,5.974271460365409103e-06,6.091955846744579650e-06,6.267108195901501266e-06,6.477824137767768284e-06,6.673264770555955177e-06,6.804658971328851833e-06,7.045686228821603070e-06,7.268415974511725081e-06,7.411763534207540845e-06,7.649822777840268483e-06,7.944233930724172666e-06,8.214513400031744453e-06,8.373865812948482569e-06,8.715541887562832044e-06,9.028356933928223787e-06,9.201545259617283597e-06,9.537456644211830673e-06,9.965231138290794017e-06,1.015286851038440148e-05,1.054532062910102630e-05,1.105041351643087593e-05,1.151081467523317457e-05,1.171489991936866567e-05,1.231574263695182168e-05,1.286412709944632828e-05,1.308131495426645226e-05,1.367613226798604256e-05,1.446127773719338605e-05,1.518164693653349232e-05,1.540769467657396863e-05,1.636183382273820262e-05,1.724426544158406702e-05,1.747403647204666142e-05,1.844372119920973006e-05,1.973800624257409113e-05,1.996297035706647097e-05,2.117433138566715163e-05,2.278426193892336534e-05,2.433477945370728123e-05,2.452771866614984221e-05,2.654606836548533056e-05,2.854445829020515237e-05,2.869758840072983891e-05,3.097612422711646415e-05,3.385946576338022502e-05,3.689350161658430281e-05,3.698649984819777980e-05,4.065320725441249667e-05,4.472936575868280635e-05,4.479761834125823986e-05,4.969646202991985696e-05,5.498420002047959090e-05,6.156433048944804590e-05,6.199069867586268321e-05,6.853001748054757735e-05,7.753243699399085462e-05,7.881225541096801375e-05,8.651302118006095004e-05,9.858086820319773814e-05,1.020647598539992107e-04,1.177472925646621491e-04,1.252365613851769567e-04,1.407142069451109041e-04,1.515524474951084077e-04,1.539205086872443896e-04,1.642439358138792209e-04,1.798324057936501966e-04,1.805993117670639440e-04,1.612283971351656769e-04,1.403740251510038871e-04,1.484180398989466286e-04,1.278006425354819226e-04,1.047430208294859461e-04,1.085257761990596795e-04,1.002894457423801551e-04,1.017243781552809779e-04,1.017243781552809779e-04,9.771546704936596062e-05,9.395059278157368487e-05,8.274252435893530207e-05,8.159929870263561312e-05,8.037343420161499521e-05,6.947873755407167834e-05,7.252036500030151190e-05,7.694255598678713696e-05,7.471209960356267415e-05,6.753495421425641872e-05,6.323119753154499958e-05,6.268188923543755473e-05,5.907816567482711436e-05,5.383769620656689075e-05,5.195681240655340878e-05,4.678216981709837189e-05,4.649829583203630480e-05,4.263608724274309611e-05,4.041162602382905166e-05,4.064394965388855725e-05,3.760344941559275200e-05,3.542307023707399940e-05,3.559307014232528701e-05,3.315895369192269873e-05,3.115158381965821310e-05,2.921938829032917628e-05,2.917487032737919167e-05,2.745006661726464222e-05,2.584489456342780792e-05,2.565029469626981483e-05,2.423538929339877389e-05,2.285920900756768125e-05,2.171133900878172588e-05,2.141240698251622453e-05,2.035798636526913046e-05,1.929061922409940511e-05,1.896038411438329040e-05,1.808012569118559512e-05,1.717736661419357443e-05,1.643895825631956419e-05,1.610405251777878170e-05,1.534081656608728155e-05,1.471446265838118702e-05,1.439365726432664801e-05,1.381468521988012474e-05,1.321307808035137199e-05,1.291286169695026893e-05,1.241900638857049183e-05,1.190549669786403710e-05,1.147556219676601293e-05,1.120495547267798520e-05,1.080652999512979707e-05,1.039305191062600384e-05,1.014618528512867980e-05,9.801377856109895763e-06,9.444173446995481145e-06,9.138019062168306627e-06,8.920039575611740139e-06,8.610026171473092365e-06,8.342084215877936258e-06,8.144709106977408177e-06,7.895415826243753484e-06,7.638892168715997165e-06,7.460273344392940529e-06,7.240858665962687544e-06,7.015639569368000319e-06,6.816901212993930971e-06,6.660014051849828172e-06,6.474507012202444301e-06,6.284977550739015972e-06,6.142838796381570125e-06,5.977894660842709352e-06,5.809770436729492471e-06,5.658760830903388944e-06,5.533616674607394595e-06,5.392192861351376432e-06,5.248647842906642612e-06,5.134907462155502463e-06,5.008050875037864231e-06,4.879557443025210813e-06,4.776002730686458418e-06,4.661839909456054206e-06,4.546430124203341913e-06,4.440695593280057999e-06,4.348919209790428803e-06,4.249436393368605563e-06,4.149208190552577481e-06,4.065306764404915881e-06,3.975127282045480515e-06,3.884420602715165598e-06,3.800351592426713405e-06,3.725604787664895092e-06,3.646264272243013885e-06,3.566684476274514587e-06,3.498064063364302299e-06,3.425684438361661640e-06,3.353183735893927559e-06,3.285338511245003176e-06,3.223882762132365522e-06,3.157664002366785944e-06,3.095496180089621550e-06,3.038846507323444043e-06,2.979936630995047023e-06,2.921127579276777821e-06,2.868818112871040842e-06,2.814656267938047263e-06,2.760641252699168541e-06,2.709548163308618539e-06,2.662358490474369050e-06,2.613816977645817658e-06,2.565490393288268634e-06,2.521751295470721380e-06,2.476908717234032788e-06,2.432300181280367598e-06,2.389838132839650861e-06,2.350193033812459597e-06,2.309754067371320003e-06,2.269581495580334190e-06,2.232705227119892256e-06,2.195187688209070160e-06,2.157940532294376331e-06,2.123589736284409015e-06,2.088724026697890481e-06,2.054129350031355792e-06,2.020963667338538555e-06,1.989632373352013752e-06,1.957947146935156193e-06,1.926539680924319670e-06,1.897261025028023022e-06,1.867706397435428450e-06,1.838423700289522474e-06,1.810232106447960833e-06,1.783419801927331760e-06,1.756432553353011842e-06,1.729714505947906239e-06,1.704584585752961300e-06,1.679327545905966143e-06,1.654330702851511392e-06,1.630178924152827472e-06,1.607079794875278117e-06,1.583661326872368629e-06,1.561006099246100298e-06,1.539296860543432904e-06,1.517552569528833250e-06,1.496050446565010769e-06,1.475624540815096184e-06,1.455187238706241390e-06,1.434981891843364745e-06,1.415378600255635301e-06,1.396511106989316210e-06
1.450877171921678401e-06,1.470943258346648420e-06,1.491431864734609222e-06,1.512355524683282778e-06,1.533129739081775073e-06,1.554923342063284905e-06,1.577189854885700163e-06,1.599263592164826625e-06,1.622474139994041896e-06,1.646199648043389902e-06,1.668907767945902371e-06,1.694432208139868832e-06,1.719745572077434861e-06,1.745638880116653662e-06,1.771183047515383653e-06,1.798227540324703462e-06,1.825906434961924501e-06,1.853154609808135802e-06,1.882089877578250935e-06,1.911720529125155135e-06,1.942070627759575389e-06,1.971827285246902157e-06,2.003595470587832871e-06,2.036154702108182083e-06,2.067991747638546973e-06,2.102105667564491211e-06,2.137091341658162892e-06,2.172981229507710891e-06,2.207894125449482945e-06,2.245550693866659455e-06,2.284207239272589371e-06,2.321682354818984600e-06,2.362285545587961354e-06,2.403997470527685976e-06,2.444281959313219158e-06,2.488143657084181756e-06,2.533238007214450598e-06,2.579616430971909248e-06,2.624082258320090165e-06,2.672930616620345706e-06,2.723212666359465987e-06,2.771185142114859290e-06,2.824211037865523794e-06,2.878842643603919319e-06,2.935153311273822897e-06,2.988370666483433200e-06,3.047862706260869735e-06,3.109244629295277615e-06,3.166882357466342426e-06,3.231822234565467014e-06,3.298896920692051042e-06,3.355732183161471450e-06,3.432496912811511754e-06,3.505983230861969443e-06,3.582017652285653228e-06,3.651928722588864433e-06,3.732661609229392014e-06,3.816301861616932286e-06,3.892474214174610184e-06,3.981427657086792463e-06,4.073713184226565249e-06,4.169527634062238004e-06,4.255178438980976241e-06,4.357330861780121383e-06,4.463558039584379744e-06,4.557290557888611170e-06,4.670752919453628732e-06,4.788945213884767852e-06,4.912184797426642840e-06,5.018202032896408445e-06,5.150209633577357083e-06,5.288129247872721902e-06,5.404656662579930238e-06,5.552697925068620040e-06,5.707708064990116326e-06,5.836014279194513840e-06,6.002765894730740080e-06,6.177788094389994053e-06,6.361757376546208543e-06,6.508008938889629612e-06,6.706609406928146419e-06,6.915955241090650411e-06,7.077553657954857417e-06,7.304118507173527813e-06,7.543694778751096079e-06,7.797529574729778401e-06,7.982395879299167792e-06,8.258257461054150758e-06,8.551638074143353807e-06,8.756207832356929254e-06,9.075976114790865740e-06,9.417484121817383763e-06,9.575683834260709202e-06,1.001708265572842849e-05,1.041770719037356466e-05,1.084890990581691525e-05,1.110682798280290865e-05,1.158079185332796537e-05,1.209383877117254937e-05,1.237697040669610337e-05,1.294288758440496312e-05,1.355938641153752974e-05,1.423380771036170785e-05,1.455027863956503065e-05,1.529911880812249644e-05,1.612459108950006615e-05,1.646275895288685400e-05,1.738304387482487114e-05,1.840613524010266186e-05,1.856391195181726576e-05,1.990358883551757583e-05,2.118876768771383161e-05,2.263940047214377669e-05,2.298403123399434954e-05,2.462158253936407102e-05,2.648932209553177830e-05,2.679054969883823233e-05,2.890819988008963052e-05,3.134976890542750882e-05,3.418173003659108516e-05,3.432976348945029411e-05,3.756913015396415008e-05,4.136363720546117642e-05,4.127952918378443442e-05,4.563553046632029677e-05,5.077700437134739201e-05,5.685496945454925917e-05,5.623574736558849637e-05,6.323948683659731662e-05,7.149661409384385847e-05,7.032849877839238942e-05,7.980118167115984971e-05,9.076195808475242383e-05,8.914653182925225778e-05,1.014851756710861253e-04,1.149835682218658476e-04,1.288361092392917230e-04,1.277513436189181269e-04,1.409289477124273506e-04,1.507467950844286302e-04,1.517983396370809368e-04,1.563300904101653187e-04,1.514810266487650854e-04,1.356372602584491802e-04,1.451472886329045894e-04,1.235807549502491857e-04,1.006260684301338824e-04,1.157642044408889665e-04,9.968503411016498808e-05,9.440456057925003834e-05,9.772576704029041820e-05,9.547646392413317788e-05,9.215525746309279802e-05,8.846287632855570886e-05,8.698019965835772881e-05,7.184206364760265830e-05,7.246690353095626435e-05,7.381648577906160195e-05,6.430645516870660337e-05,6.678828485937962655e-05,6.626004737054488414e-05,6.301507202186852304e-05,6.195205524293794267e-05,5.788875211523447108e-05,5.286206409012946043e-05,5.389443476601686475e-05,4.906195659864201795e-05,4.447505950501802274e-05,4.039037012368079313e-05,4.193578316173758640e-05,3.832612770233047967e-05,3.523312639925691228e-05,3.635067130686970107e-05,3.354644840714448466e-05,3.114760667943710704e-05,3.174002200555561918e-05,2.953158745793346674e-05,2.762378786500453590e-05,2.596521275956672882e-05,2.604567966023780434e-05,2.450458400121115077e-05,2.314594701729194383e-05,2.300432208174647158e-05,2.174683360766606810e-05,2.062431050779897160e-05,1.961463139487325323e-05,1.932644423799213351e-05,1.839297484249511101e-05,1.754492068894726491e-05,1.721520933998285896e-05,1.643421056086593227e-05,1.571863220466690047e-05,1.498078595173528915e-05,1.472261519741399269e-05,1.411582755122281298e-05,1.355330320619420717e-05,1.322977497030789859e-05,1.271253470561817295e-05,1.223035493914069890e-05,1.192758435529801081e-05,1.148429280162200756e-05,1.106904971414288424e-05,1.067895210681534996e-05,1.040807752504064999e-05,1.004875880841726527e-05,9.709915282261082813e-06,9.463162738672907135e-06,9.150739574448400705e-06,8.855126193826719162e-06,8.547356166830901334e-06,8.358436278206700582e-06,8.099412205931387292e-06,7.853179530080161197e-06,7.657465802797840863e-06,7.429531458783807183e-06,7.212316270054550941e-06,7.035453014057493042e-06,6.834044956543939301e-06,6.641677614402123577e-06,6.457730535951999320e-06,6.303127877359633312e-06,6.132120401698154955e-06,5.968286074631987569e-06,5.828365889766684461e-06,5.675792203451094729e-06,5.529362291251437132e-06,5.388708392628774282e-06,5.265956683702132454e-06,5.134643091153059351e-06,5.008316697957825577e-06,4.896833872431334070e-06,4.778697319130041367e-06,4.664886660108303649e-06,4.563459017571362160e-06,4.456850243383360842e-06,4.354010136774803562e-06,4.254746581756743038e-06,4.165071838602737485e-06,4.071880131524226106e-06,3.981823822958313546e-06,3.899880927675246704e-06,3.815202512234834932e-06,3.733283127712113936e-06,3.653995434288334922e-06,3.581120659614349592e-06,3.506414297849696535e-06,3.434036015784154258e-06,3.367151466147775535e-06,3.298858068833488275e-06,3.232630959509302641e-06,3.166129933782712770e-06,3.108555685869075975e-06,3.047819955843574862e-06,2.988848687621693577e-06,2.933706154771519167e-06,2.877885953948607213e-06,2.823643528531457572e-06,2.772730006243837011e-06,2.721321272465848825e-06,2.671327306521922115e-06,2.622694507603549494e-06,2.576798808654506126e-06,2.530631031487641504e-06,2.485688409808932100e-06,2.443147552924705945e-06,2.400433768366789849e-06,2.358825454612111728e-06,2.318283549063292248e-06,2.279743016382756546e-06,2.241154147426256661e-06,2.203530725339861933e-06,2.167677945300579331e-06,2.131829240885883220e-06,2.096856527073051667e-06,2.063455045570344237e-06,2.030098184446043345e-06,1.997537845394791783e-06,1.965748274788572502e-06,1.935289487034132045e-06,1.904928903498312119e-06,1.875271163616072864e-06,1.846802701810354512e-06,1.818451769374328734e-06,1.790742980609782529e-06,1.763656738153868753e-06,1.737588164248507761e-06,1.711664316691490383e-06,1.686310709236604937e-06,1.661872374579585338e-06,1.637586077065454258e-06,1.613823025892479967e-06,1.590276912863242979e-06,1.568103636663964273e-06,1.545803105499520553e-06,1.523969899037442573e-06,1.502851756083789298e-06,1.481898143014541956e-06,1.461375027406914668e-06,1.441500149679160647e-06,1.421788886564879930e-06,1.402474809400202433e-06,1.383547218962620907e-06
1.437134465332066934e-06,1.457530568632759391e-06,1.477764830166203498e-06,1.497096423677001750e-06,1.518119901860859069e-06,1.540336236490761829e-06,1.560811381311682970e-06,1.583184370002213922e-06,1.606887595838770163e-06,1.628593886527309788e-06,1.652433105560141374e-06,1.676808615833518533e-06,1.702749453561344138e-06,1.726226584480084262e-06,1.752247236951951705e-06,1.780021813231051675e-06,1.804964348124831196e-06,1.832779936694801973e-06,1.862564600557675356e-06,1.891816338009749574e-06,1.918867722197238370e-06,1.949372880568911594e-06,1.982219823222650939e-06,2.011024103296488397e-06,2.043750853108943410e-06,2.079120188838498765e-06,2.113662679975016256e-06,2.144989323948092579e-06,2.181072280934304863e-06,2.220323760143245500e-06,2.253756967451613604e-06,2.292623794560583341e-06,2.335085693173270728e-06,2.370804497596635537e-06,2.412746036893650169e-06,2.458775809587061902e-06,2.503319167904901809e-06,2.542322573023017095e-06,2.588972908588028578e-06,2.640585473312207767e-06,2.682351699711450663e-06,2.732933915952950197e-06,2.789192834155123880e-06,2.843203406037379156e-06,2.888928555737890126e-06,2.945603750510607194e-06,3.009234999679914971e-06,3.058307576085084422e-06,3.120097349108626905e-06,3.189895681190867916e-06,3.242612784342651810e-06,3.310145794205850785e-06,3.379973172742550079e-06,3.459714266510195014e-06,3.517613423780370276e-06,3.594227835688215222e-06,3.682334232417629983e-06,3.744646471281844093e-06,3.828949741290039968e-06,3.926612177607730300e-06,4.018254046173044263e-06,4.086772297642159580e-06,4.183455516913714604e-06,4.296931496849404008e-06,4.370757041676194088e-06,4.477997136469092706e-06,4.604904447287106356e-06,4.722708848132002910e-06,4.803858921764238263e-06,4.928476356379478073e-06,5.078109115019161428e-06,5.165536759400657562e-06,5.305098458248948438e-06,5.474186548019917076e-06,5.568343141808306829e-06,5.725324956827487188e-06,5.917265661476464426e-06,6.093018719475841696e-06,6.195994452915874961e-06,6.382797086898243630e-06,6.614823435096147724e-06,6.725306651359679302e-06,6.938138356751036500e-06,7.204925658059404905e-06,7.447508757275473491e-06,7.567051711011305136e-06,7.826097268875568808e-06,8.155736152738150637e-06,8.282798573390343631e-06,8.582754573782226960e-06,8.967471915269210775e-06,9.101680244347688757e-06,9.451560396837976655e-06,9.827492431746091714e-06,1.031521012013473860e-05,1.045526345120644666e-05,1.089969362949964577e-05,1.147865885799890430e-05,1.162250045343455072e-05,1.215283473730353515e-05,1.284479667545709978e-05,1.348739284487209889e-05,1.362894759424655322e-05,1.433167697501487512e-05,1.524555869524374556e-05,1.538253355111458826e-05,1.624593572734910491e-05,1.735822068013184464e-05,1.748504290123405465e-05,1.855940315482482790e-05,1.976692310664145653e-05,2.128080346571191404e-05,2.138633040821021652e-05,2.292431432753601773e-05,2.479402892889406024e-05,2.488222988507288492e-05,2.686997546875788249e-05,2.918244276220127473e-05,3.175528274796489680e-05,3.186896673503390363e-05,3.490354155931189547e-05,3.810031165572344970e-05,3.829520270991242569e-05,4.236354361592597020e-05,4.624813990907319981e-05,5.145007637119431159e-05,5.218401445296395901e-05,5.865630720294444763e-05,6.361685468465449328e-05,6.523774264044536757e-05,7.390450901068414992e-05,7.914800375552213344e-05,8.256029299700153436e-05,9.368900083765439890e-05,9.816443979267817715e-05,1.089629996493427324e-04,1.173137366794606583e-04,1.291287687637597916e-04,1.270911941250681457e-04,1.390719823528175508e-04,1.440215767765197019e-04,1.331865183031362854e-04,1.257658630685790199e-04,1.366412587152481537e-04,1.187808521980674825e-04,1.040246185060261455e-04,1.101643384069526721e-04,9.302950586100697966e-05,9.090090115472314975e-05,9.258226533186962343e-05,8.848425190482699641e-05,8.848425190482699641e-05,8.746377808908292349e-05,8.227870797592857458e-05,7.657545749900450524e-05,7.589649408484728805e-05,6.576448310522215672e-05,6.488711033329579419e-05,6.653624227399073331e-05,5.795491825838222920e-05,5.807982829148746514e-05,6.063845965312540133e-05,5.759048771981026694e-05,5.226404001131286611e-05,5.302776654875401613e-05,4.848035327710677683e-05,4.555066657609159459e-05,4.177369732564224482e-05,4.064229650265956410e-05,3.685027690960871534e-05,3.617810828063804161e-05,3.472861675473090160e-05,3.183639413997979334e-05,3.172948505646065552e-05,3.019517036223845420e-05,2.797265991038064254e-05,2.800085162083638078e-05,2.615012841871196264e-05,2.476964811767542316e-05,2.325783410383883203e-05,2.326465727073374949e-05,2.201169523577916048e-05,2.078663437748783067e-05,2.071248363724587010e-05,1.961511260416161560e-05,1.860058911126579326e-05,1.769896711295352828e-05,1.755162018344413904e-05,1.667056086972175459e-05,1.591437423300397138e-05,1.573115115022992146e-05,1.497212888141787886e-05,1.433347536593925913e-05,1.374640393654737650e-05,1.354192791267950711e-05,1.293804383703707223e-05,1.243551986522366429e-05,1.222844051732912567e-05,1.170841830482095779e-05,1.127609832540738312e-05,1.107360134175380410e-05,1.067095361810554039e-05,1.025131780916464808e-05,9.900307906500397826e-06,9.709113146602067599e-06,9.345031174637166241e-06,9.038830212794657170e-06,8.859316086083962293e-06,8.542404124833217707e-06,8.274148227807878676e-06,8.019793109963229937e-06,7.856079598451213550e-06,7.594169700966315360e-06,7.369759320031991554e-06,7.218467134649911444e-06,6.988191970509689955e-06,6.789451357007319646e-06,6.650067804549669926e-06,6.463665214980094059e-06,6.270194824737680552e-06,6.101189788980269470e-06,5.976161257926942055e-06,5.804425379887595359e-06,5.653373275336586846e-06,5.538554760457316485e-06,5.396524722810531354e-06,5.250128322564631279e-06,5.119951596583172301e-06,5.017203916182939024e-06,4.886119484714859023e-06,4.768845392156569273e-06,4.674468177227424071e-06,4.556717566270966172e-06,4.450760157814594139e-06,4.364006536701040943e-06,4.264020818416246481e-06,4.161905581337381416e-06,4.069192955682072331e-06,3.991397347584982372e-06,3.898984013010896856e-06,3.814661370404243860e-06,3.742988181824849790e-06,3.663219957096789825e-06,3.582239844635821779e-06,3.507787472249742987e-06,3.443319432733879407e-06,3.369548463584213265e-06,3.301436370434944499e-06,3.241874251238677069e-06,3.174503839496492075e-06,3.112052996549758250e-06,3.051438416734506457e-06,2.997669670163730617e-06,2.937895822594569855e-06,2.882153782515838795e-06,2.832325880985828019e-06,2.777432204522134624e-06,2.726068096562450133e-06,2.679829756916311875e-06,2.630962700845823486e-06,2.581889258359650615e-06,2.535739033634122911e-06,2.493765888309708368e-06,2.448474059617976988e-06,2.405758192424409958e-06,2.366690438690161995e-06,2.325963863413937525e-06,2.285202938754465817e-06,2.246596643834724723e-06,2.210997039243733351e-06,2.173209215379922097e-06,2.137331868380237578e-06,2.104098916511209569e-06,2.069006961052893565e-06,2.035612976468739242e-06,2.004550813173795515e-06,1.972620752975627232e-06,1.940778722554507804e-06,1.910375199811554852e-06,1.881921007832375684e-06,1.852236910927271620e-06,1.823838624035015432e-06,1.797170028631910548e-06,1.769966364682184194e-06,1.742894091503561010e-06,1.716920471174736398e-06,1.692406314054550743e-06,1.667080984028862375e-06,1.642742974377734971e-06,1.619707516114119139e-06,1.595984121359585122e-06,1.573149811003085083e-06,1.550797184655702385e-06,1.529553151062837063e-06,1.507778893345064468e-06,1.486772738792546598e-06,1.466761353570000417e-06,1.446302477782441192e-06,1.426538713148175660e-06,1.407669402562610566e-06,1.388660590881866454e-06,1.369807656123510562e-06
1.423145845258705618e-06,1.442664419024933862e-06,1.461874368095093123e-06,1.482182568225194349e-06,1.502925699717245888e-06,1.522527175361776280e-06,1.544894052128318973e-06,1.566965489805285502e-06,1.587718593236250470e-06,1.611586803546808939e-06,1.635101452380337484e-06,1.659148597771347718e-06,1.681551732528921415e-06,1.707684885771596499e-06,1.733352202154795100e-06,1.757118307344989426e-06,1.785105029842745897e-06,1.812540236990248708e-06,1.840635164668966799e-06,1.867794019507251549e-06,1.897161965877350172e-06,1.927254652208165536e-06,1.954592639143356063e-06,1.987717685232907942e-06,2.020000771458798440e-06,2.053112295616613840e-06,2.084765735759305573e-06,2.119455535865382173e-06,2.155060838544688717e-06,2.186647099980870315e-06,2.226270703998256173e-06,2.264625123559422130e-06,2.298298488212360584e-06,2.341177896066855035e-06,2.382570166974803473e-06,2.425137976017700857e-06,2.465000433053028808e-06,2.509758040191428102e-06,2.555827514133523539e-06,2.594974779249755103e-06,2.647162788119197385e-06,2.697126969204251277e-06,2.748629517649580737e-06,2.795888040879964756e-06,2.850196499292114080e-06,2.906236105034139043e-06,2.951913783189577599e-06,3.016356695515120302e-06,3.077480726942772167e-06,3.126389101491942336e-06,3.197115477550321946e-06,3.263956172433838678e-06,3.333136014356218323e-06,3.386577120086449787e-06,3.467490941861251144e-06,3.543451046996898187e-06,3.600732710053136031e-06,3.690191594816812555e-06,3.773846660301020728e-06,3.860752263312902972e-06,3.934494031849729298e-06,4.026917859447432474e-06,4.123096956499408016e-06,4.190188455105625296e-06,4.305685445252010676e-06,4.412506582531744467e-06,4.523998143633132510e-06,4.613680867037533432e-06,4.732773667293908688e-06,4.857341192481166793e-06,4.935637131985102632e-06,5.088367406072203618e-06,5.228141975561356984e-06,5.311848969833871519e-06,5.484580495527437301e-06,5.642142794158426251e-06,5.808034210009948747e-06,5.927713276011446272e-06,6.106210208815380864e-06,6.294714913639052740e-06,6.390809055523222624e-06,6.628602920664851355e-06,6.844019607395128701e-06,7.072766973577521266e-06,7.219314244035694882e-06,7.466995651067520636e-06,7.731045424534016788e-06,7.838226198518314001e-06,8.177180155667881605e-06,8.484130052633889779e-06,8.595481741032944348e-06,8.991279072364959495e-06,9.350820431850971232e-06,9.738869067369164664e-06,9.851757625661408405e-06,1.035467149431571404e-05,1.081554194499795616e-05,1.092850231574695652e-05,1.152543821371594553e-05,1.207794811948032419e-05,1.268373994817021113e-05,1.290102186382458406e-05,1.357006014184312732e-05,1.430881024347671364e-05,1.440699556804616530e-05,1.534891010733937481e-05,1.625989075736823084e-05,1.634566030061580357e-05,1.748912785782663610e-05,1.862559263425163844e-05,1.990616445498501557e-05,1.997318142628228538e-05,2.152390541781727619e-05,2.315380626358702569e-05,2.321031197828105525e-05,2.511317032569227939e-05,2.721174769195173232e-05,2.962425138565780367e-05,2.960749544466540606e-05,3.233783669701506980e-05,3.549536666828927579e-05,3.571380406827403474e-05,3.888038929993557064e-05,4.303582679219522446e-05,4.785234088953321704e-05,4.730550304862316522e-05,5.276946191765294043e-05,5.906056043845144552e-05,6.074968141427625234e-05,6.530290257292459483e-05,7.330017437070760367e-05,7.665620906456403370e-05,8.109774199377173557e-05,9.057813361819833271e-05,1.002566411630690860e-04,9.961419383984551352e-05,1.090031147177796547e-04,1.167717029057939785e-04,1.275122676191750386e-04,1.226721301055049766e-04,1.233477945509403107e-04,1.179861330143968111e-04,1.231882523242289348e-04,1.133129657919158714e-04,9.876416153505238851e-05,1.048243284515174332e-04,9.455955500997859564e-05,8.322954025870291290e-05,8.594868992166714375e-05,8.449099974539699489e-05,8.146767774955878403e-05,8.146767774955878403e-05,8.040289477107276643e-05,7.732649674287256857e-05,7.084682469400550137e-05,6.903832754334663789e-05,6.656419305071344442e-05,5.791462407861335324e-05,5.850514915382665573e-05,5.830591613491934892e-05,5.310376497160808134e-05,5.314689435866721233e-05,5.151459868395824512e-05,5.269517736637517054e-05,4.798932927238619628e-05,4.479855970329943464e-05,4.118017103344876514e-05,4.179031836684314025e-05,3.833349935389209205e-05,3.502680345498972734e-05,3.379433795030097873e-05,3.300503542951205982e-05,3.031629410270071537e-05,2.898644080035417473e-05,2.876955037906395724e-05,2.663514233825074230e-05,2.477964106135677416e-05,2.530280562073154241e-05,2.359958263306353865e-05,2.211351355825148701e-05,2.098146400153944898e-05,2.100151958303198566e-05,1.979360863706895144e-05,1.872570914240474500e-05,1.874173970182766170e-05,1.774894852248141123e-05,1.686206663307292220e-05,1.603646393517276999e-05,1.594363518742185202e-05,1.520097994442186127e-05,1.448013738627906555e-05,1.435199258574193021e-05,1.372573691650596435e-05,1.315278172454572032e-05,1.257320229211838430e-05,1.241935627190655261e-05,1.192950836572945677e-05,1.142617963273632891e-05,1.126432700800969134e-05,1.084330447227188755e-05,1.045128468988263717e-05,1.024340912726226746e-05,9.879652385694597514e-06,9.539227428831900752e-06,9.182773435331211771e-06,9.024481273557502574e-06,8.727535145042762235e-06,8.415926917011534353e-06,8.264725123348873827e-06,8.004558766156301416e-06,7.758452472147370061e-06,7.500193253627110772e-06,7.359656716268763692e-06,7.142412563622891456e-06,6.914702506230462878e-06,6.783308011171748922e-06,6.590805178316374011e-06,6.407309709622746255e-06,6.267106618144898295e-06,6.095891798062728346e-06,5.932305105955804821e-06,5.761844686533818945e-06,5.650864332753824776e-06,5.504534794385777970e-06,5.364265504599052882e-06,5.249767465938002744e-06,5.118448231623627299e-06,4.992341098645745144e-06,4.861894095307041244e-06,4.769190906292581965e-06,4.655477861132222470e-06,4.538163949875364087e-06,4.452525189461084859e-06,4.349693433049771067e-06,4.250554715932391593e-06,4.164754447976952507e-06,4.071505943608049339e-06,3.981487537052101756e-06,3.889275319658857924e-06,3.817871004578855291e-06,3.735925176341766723e-06,3.656674340642668203e-06,3.586124927558525650e-06,3.511344846096522367e-06,3.438945368274143112e-06,3.365250522483747798e-06,3.305533000043789284e-06,3.239241671362431753e-06,3.171903285567202086e-06,3.116544749515756404e-06,3.055713264954439338e-06,2.996676858951285499e-06,2.936912354281036977e-06,2.886729802963138439e-06,2.832394952395606828e-06,2.777486157706846196e-06,2.730852035019226532e-06,2.680745905135785722e-06,2.632019731879483689e-06,2.586807077731354609e-06,2.540513226423207709e-06,2.495460835147268104e-06,2.450129727144691014e-06,2.410617766637645680e-06,2.368888182994899490e-06,2.328237158960118102e-06,2.290100387850137032e-06,2.251382547089951996e-06,2.213640889533282901e-06,2.175802389447639626e-06,2.142124538436097101e-06,2.107027616851998383e-06,2.071880152895537035e-06,2.040382379085608043e-06,2.007694304957754496e-06,1.975784429601086290e-06,1.945501298772108324e-06,1.915011348261769563e-06,1.885230933328548884e-06,1.855489832385472227e-06,1.828413863362498691e-06,1.800581582447090104e-06,1.773377233522660340e-06,1.747394112872095612e-06,1.721347155181284316e-06,1.695875351869068708e-06,1.670494324012924122e-06,1.647086798515552790e-06,1.623206431253873468e-06,1.599427465781288670e-06,1.577402556635196238e-06,1.554986329778946746e-06,1.533041178416882359e-06,1.511213993895203152e-06,1.490867455690705170e-06,1.470234287441657686e-06,1.449723264639409259e-06,1.430534772809111532e-06,1.411112975876419571e-06,1.392080623211897248e-06,1.373702292190460151e-06,1.355400557238615729e-06
1.408472356272256753e-06,1.426188979363532925e-06,1.445754346443384877e-06,1.466556660843570467e-06,1.485273263602699824e-06,1.506065647068836327e-06,1.527309834966551694e-06,1.548025783106529720e-06,1.570149127971670481e-06,1.592764527261501504e-06,1.617003771709298781e-06,1.638320775460712153e-06,1.662427116482425562e-06,1.687088566883868227e-06,1.710929871604063707e-06,1.736660181237768616e-06,1.762998004394392367e-06,1.791491964792312065e-06,1.815865635213712145e-06,1.844034326342063719e-06,1.874629098681040227e-06,1.900489884087118182e-06,1.930662087199455723e-06,1.961594363811047999e-06,1.995423809278075686e-06,2.023398892683859439e-06,2.056606471221429872e-06,2.093089708647684865e-06,2.122822727590878529e-06,2.158533262150640065e-06,2.195209326816526968e-06,2.229580471239111682e-06,2.268050736072181984e-06,2.307593229154979970e-06,2.351615039773159909e-06,2.385918280248047379e-06,2.428632928130347720e-06,2.476448329876975982e-06,2.512991120415114640e-06,2.559225461643357019e-06,2.606856817951310676e-06,2.660695710610987415e-06,2.700385369786679082e-06,2.752104452044759693e-06,2.810930685954774990e-06,2.853263353716298290e-06,2.909551190543665800e-06,2.967699447542266877e-06,3.019168414559817858e-06,3.080578888558728618e-06,3.144098393648071781e-06,3.217662501843373283e-06,3.266767659706361845e-06,3.336341896529146219e-06,3.408458397119749943e-06,3.469930403322426773e-06,3.546355172845105163e-06,3.625694468991595337e-06,3.719440741712985960e-06,3.776360596951296522e-06,3.863924377514895435e-06,3.968212472580534256e-06,4.028933509738533939e-06,4.125903420792062923e-06,4.227034540868493239e-06,4.349141531550044125e-06,4.414847932941143687e-06,4.527487477976544766e-06,4.664618542235870632e-06,4.734529409251891933e-06,4.860501858960538807e-06,4.992650310797306212e-06,5.089391273534917326e-06,5.230896274348151722e-06,5.379738803119872707e-06,5.564955230217622767e-06,5.644401840399212150e-06,5.812888888016361497e-06,6.024144496289118709e-06,6.107873248847480123e-06,6.299630846257127950e-06,6.503015593753410774e-06,6.761034705339317316e-06,6.849076361987723748e-06,7.082799211809765163e-06,7.380934687699936431e-06,7.472324414124384520e-06,7.742714680241153134e-06,8.032604930149343621e-06,8.182989540826417866e-06,8.498070207668482668e-06,8.837543309717689285e-06,9.273930366396296738e-06,9.367928002630374897e-06,9.768770161936632978e-06,1.020448313212323873e-05,1.037622189496845075e-05,1.085375854775596911e-05,1.137606619848408336e-05,1.204038425138614167e-05,1.212761208594587518e-05,1.276002972926983883e-05,1.355441250884216615e-05,1.363561010051902044e-05,1.440950605226315894e-05,1.527146821188533600e-05,1.543673576831764338e-05,1.639431255105055791e-05,1.746905331191328606e-05,1.873880614153641092e-05,1.880709856512021228e-05,2.016269833587247071e-05,2.170240651037350939e-05,2.177205968509777690e-05,2.350145892049503089e-05,2.547978102327775720e-05,2.753471567033162216e-05,2.768742368258645550e-05,3.025380760325221049e-05,3.271104587777722320e-05,3.299580269135475499e-05,3.634879985796746898e-05,4.022255083123743618e-05,4.335099012287743468e-05,4.419247947413524052e-05,4.924916772827889324e-05,5.270529737856012218e-05,5.431560219720521905e-05,6.081222688293529057e-05,6.808846838562853017e-05,6.725230584024325330e-05,7.524339151764814697e-05,8.376938246363582535e-05,8.570931863226549923e-05,9.194483846438533724e-05,1.003628287498459427e-04,9.916740866128201392e-05,1.078885305035585978e-04,1.129444638983932996e-04,1.142007951475044509e-04,1.047366138408517328e-04,1.143154615481214645e-04,1.064076765956883838e-04,9.468533692735906513e-05,1.021530800850589687e-04,8.872278915024063291e-05,7.685843597782612184e-05,8.585743589320109269e-05,7.760627623895791180e-05,7.452404256998026251e-05,7.471013633884431579e-05,7.471013633884431579e-05,7.295990315098847541e-05,7.094589401175066252e-05,6.986190692352841052e-05,6.086290700815343967e-05,5.996722631430284590e-05,5.990186257473954177e-05,5.197313763343230540e-05,5.265279245247860690e-05,5.269313204331331393e-05,4.650101860146802299e-05,4.874406912540345309e-05,4.721474851014703775e-05,4.457731368086024809e-05,4.077543195945343082e-05,4.122786934964908231e-05,3.796272369318433153e-05,3.571054318604050117e-05,3.528868506026719252e-05,3.225716038724326073e-05,2.947309729656654928e-05,3.027290902061106692e-05,2.777740835982192154e-05,2.557494162246964941e-05,2.531951051966486172e-05,2.427822650945912175e-05,2.254719412642906958e-05,2.248103052872436159e-05,2.144659595913295881e-05,2.007004726745609225e-05,1.886668277930337039e-05,1.887129918880371915e-05,1.796429604880532606e-05,1.698464709038029102e-05,1.695737950698173875e-05,1.613734594635185502e-05,1.532890093297898320e-05,1.460444407512019333e-05,1.453780625650330422e-05,1.386340277138028317e-05,1.325317608872511705e-05,1.315568828514430292e-05,1.256437402577538883e-05,1.204620807324894968e-05,1.157082515949748588e-05,1.141271220208547920e-05,1.096963178241218938e-05,1.056021874536357772e-05,1.043004108103720797e-05,1.001021226265333187e-05,9.655698637565354441e-06,9.522139264339212961e-06,9.155304692375276158e-06,8.846762124549065369e-06,8.557371899545880795e-06,8.393067880766136754e-06,8.123232741584709038e-06,7.869050642761765598e-06,7.740792556399758218e-06,7.475576363733414453e-06,7.251403962113844948e-06,7.038949653932155604e-06,6.895075344559492138e-06,6.696586432820938708e-06,6.507896465814762021e-06,6.393606291902457834e-06,6.197474292357466412e-06,6.029307385110549684e-06,5.922000387205814643e-06,5.747688249772227319e-06,5.597306409371288874e-06,5.453407932399031858e-06,5.354997868885537235e-06,5.206652304620996534e-06,5.077290680850153989e-06,4.985613563356283585e-06,4.852701952714748024e-06,4.736066052559878987e-06,4.623912807963097083e-06,4.531359858966154797e-06,4.425898802737863895e-06,4.324331539290180354e-06,4.246812449405972190e-06,4.143404911381864189e-06,4.051184493659819855e-06,3.979201210003498986e-06,3.885603155911129011e-06,3.801658787842325625e-06,3.720534551323850628e-06,3.655179077823066552e-06,3.573272657033558569e-06,3.499163530918781238e-06,3.438456558825140906e-06,3.363836537782321498e-06,3.295983845398598063e-06,3.230228489125968105e-06,3.171417668003095869e-06,3.109158933367479973e-06,3.048766229745112154e-06,2.997460304679016014e-06,2.937063696165153455e-06,2.881484339838133498e-06,2.827499367290500921e-06,2.778258543708654240e-06,2.727009517952685915e-06,2.677189811928820711e-06,2.633663636700291789e-06,2.584122078087555044e-06,2.538062437793130209e-06,2.497460310119954725e-06,2.451737215306790428e-06,2.409079080800659026e-06,2.367535055154720724e-06,2.330435362123174167e-06,2.289313967426275042e-06,2.250747052128300829e-06,2.216061819032371839e-06,2.177940243053659022e-06,2.142080023406223295e-06,2.107101378481260653e-06,2.074218195528676479e-06,2.040823493349375678e-06,2.008230554948462789e-06,1.978446454940999962e-06,1.946340234031037774e-06,1.915926167229612312e-06,1.887987667960804098e-06,1.858057771653205197e-06,1.829637152019475520e-06,1.801862472844062915e-06,1.776152959724461317e-06,1.748867230978794878e-06,1.722864918833062260e-06,1.698693587639664526e-06,1.673168740396087669e-06,1.648794473057532551e-06,1.624946410050787569e-06,1.602137219431363065e-06,1.579260765060984404e-06,1.556868117733033896e-06,1.535849395600005854e-06,1.513910292771594164e-06,1.492859468857119486e-06,1.472241579348648095e-06,1.452422445474375568e-06,1.432610506543108047e-06,1.413198131700943664e-06,1.394830764800795082e-06,1.375839509082923979e-06,1.357542326242490219e-06,1.340183511660837852e-06
1.390752857690176498e-06,1.410387532942659538e-06,1.429671439598224955e-06,1.447546213215017132e-06,1.468448939557358015e-06,1.488940192959534539e-06,1.507812390899572536e-06,1.529079977142152246e-06,1.551896068330042203e-06,1.574186596854678878e-06,1.594474904640637234e-06,1.618846791624590316e-06,1.642605843954732417e-06,1.664059815084545644e-06,1.688750351555650471e-06,1.715491554878427790e-06,1.741456824739018298e-06,1.764562538318686261e-06,1.793235382355791808e-06,1.821006690334369997e-06,1.845477062125734592e-06,1.876272328134578427e-06,1.906020949334779097e-06,1.936531011397219017e-06,1.962928858900429218e-06,1.997004580050279657e-06,2.029763857579792041e-06,2.057760217707023501e-06,2.094521559072709713e-06,2.129756917574093329e-06,2.159466997053757223e-06,2.196207092842162226e-06,2.237170938223197604e-06,2.276220307585214625e-06,2.308332971238729726e-06,2.352748476906836886e-06,2.394946124047434014e-06,2.429061853515234650e-06,2.477326210325115788e-06,2.523021134782254019e-06,2.570134830548823666e-06,2.607033007227727529e-06,2.661440518151420971e-06,2.712628795461562687e-06,2.751854572722380855e-06,2.811333967332546570e-06,2.867083557488178976e-06,2.908792966797640869e-06,2.967151127574747432e-06,3.034860642628677282e-06,3.097899477573690467e-06,3.142985859511753453e-06,3.217518954971134331e-06,3.286640175257026378e-06,3.334560146823357817e-06,3.407054655500663285e-06,3.492868464295813977e-06,3.571910952013566900e-06,3.623580108785154405e-06,3.718791475520400069e-06,3.806161002087181996e-06,3.860974424050200615e-06,3.966972151562920918e-06,4.063892619364832946e-06,4.165179603693007809e-06,4.223964946573201834e-06,4.348327622138048560e-06,4.461378747239505611e-06,4.523475390049797765e-06,4.663254193233707462e-06,4.789981793680902053e-06,4.855406668854011833e-06,4.989199589764736615e-06,5.155866611123262093e-06,5.306410147418642002e-06,5.375474725961264802e-06,5.564853840285396870e-06,5.735781983111651404e-06,5.807765178593342559e-06,6.023928828559623663e-06,6.219098328573594790e-06,6.426806747737118610e-06,6.501095502300854551e-06,6.765724880626163088e-06,7.005289556864462657e-06,7.081181501689248268e-06,7.387107680160631202e-06,7.665310057009574505e-06,7.741869696183358620e-06,8.039982441725442467e-06,8.422769831008595264e-06,8.774750579018005184e-06,8.848869031976341941e-06,9.297507894969727756e-06,9.714694228059228941e-06,9.785951879102717591e-06,1.023860088003238410e-05,1.081320140211537253e-05,1.136053832709295479e-05,1.142412041200818017e-05,1.210682485620377942e-05,1.277118981025903443e-05,1.282787085835503088e-05,1.364252070933271696e-05,1.445666429180306873e-05,1.450556160048368643e-05,1.541457117559822795e-05,1.648835710357586838e-05,1.761921795757673249e-05,1.766807132906510883e-05,1.895965742787990266e-05,2.038077723170288812e-05,2.044096431806207564e-05,2.207905029246276011e-05,2.379395134922250452e-05,2.584355483501018044e-05,2.600008239575981998e-05,2.804782246797974318e-05,3.067007536829805827e-05,3.097462973032375286e-05,3.338758420109794249e-05,3.674629764793247534e-05,4.057141007637525651e-05,4.143845287471195290e-05,4.440218110161133397e-05,4.923120984426590930e-05,5.083651078334681771e-05,5.397709123743472330e-05,5.989723889853986578e-05,6.273434600148465145e-05,6.996903553068155356e-05,7.244903385187904704e-05,7.934935351477509968e-05,8.503683085232901140e-05,8.569919128364232119e-05,9.157477124768689108e-05,9.937832101547003458e-05,9.652680399424845971e-05,9.868783238884926655e-05,9.753010143788043049e-05,1.061429084425249416e-04,9.651198112256086472e-05,8.890333557106388249e-05,9.577746879461567690e-05,8.618398954766436147e-05,7.623372162321233011e-05,8.004875222886589719e-05,7.118430511168532171e-05,7.022384180569007776e-05,6.823383785505933495e-05,6.855545086958467877e-05,6.855545086958467877e-05,6.695053550952400039e-05,6.503384618906003724e-05,6.176738421301823266e-05,6.087090184601837422e-05,5.444686927728727106e-05,5.363567639790580886e-05,5.306526950116822940e-05,4.643977114956905356e-05,4.640234103383055018e-05,4.790737182557708985e-05,4.267425949176910800e-05,4.194096888603228511e-05,4.029017632181408512e-05,4.099465526012671082e-05,3.762748279937463432e-05,3.522454259916217513e-05,3.507065301892877497e-05,3.298303110442688782e-05,3.047679694119526393e-05,2.980935045552948363e-05,2.724383235033353085e-05,2.647031173359557402e-05,2.444494126177813360e-05,2.353163881304235950e-05,2.321847968514370806e-05,2.157237523087806956e-05,2.065128953876284795e-05,2.054729276788194034e-05,1.921262383298794082e-05,1.803503247768838461e-05,1.721005425079146043e-05,1.721045998742220233e-05,1.624558085750150646e-05,1.548918205305365603e-05,1.547690403058699172e-05,1.467818824536202098e-05,1.399758114050115405e-05,1.333268364599084148e-05,1.329342642849134879e-05,1.269119376600940479e-05,1.213130666143963098e-05,1.206612056608927710e-05,1.155530283936961803e-05,1.106140802638335757e-05,1.062909993494799799e-05,1.054094599980771521e-05,1.013940554220874434e-05,9.734952150569626514e-06,9.635433338593371694e-06,9.288237019380894617e-06,8.932554107436140123e-06,8.827002081028195789e-06,8.525216514376903089e-06,8.212407140606773313e-06,7.949276815139550930e-06,7.841136164093800940e-06,7.593574840041042792e-06,7.334132555383997562e-06,7.227381366477580887e-06,7.009186378311665862e-06,6.779709143342840284e-06,6.585797241787617988e-06,6.482950373364540841e-06,6.299801293820671319e-06,6.106829723306947011e-06,6.008457625694272320e-06,5.845235487196678552e-06,5.673314214148210924e-06,5.579935759775384492e-06,5.433966102721589956e-06,5.294513290722771960e-06,5.147985829848794603e-06,5.061258034469160705e-06,4.935847117820774033e-06,4.804335861025379926e-06,4.722891640327641960e-06,4.609770716830345096e-06,4.491419316398938198e-06,4.387645467811684574e-06,4.312795838123500755e-06,4.214335293581455562e-06,4.111779526475729084e-06,4.041828178980127589e-06,3.952373352627350245e-06,3.859443645502139431e-06,3.794128848843916559e-06,3.712650957396201692e-06,3.633956916289439046e-06,3.552583472452882531e-06,3.492883969745803853e-06,3.420943366230468043e-06,3.346745829273604968e-06,3.291048841492348439e-06,3.225135160793385591e-06,3.157324901955799014e-06,3.095712065286324980e-06,3.044831272358485086e-06,2.986141724612680779e-06,2.926016489428516523e-06,2.878521128944980911e-06,2.824469813399181107e-06,2.769221651188582539e-06,2.718415288741630357e-06,2.674986950630239206e-06,2.626510918761382008e-06,2.577144987927225043e-06,2.536553265036194748e-06,2.491703634468283493e-06,2.446120719229797554e-06,2.408152058489911603e-06,2.366585745900979829e-06,2.326108206804586398e-06,2.285100294063654051e-06,2.250287758296729758e-06,2.212684914474742190e-06,2.174653474850245012e-06,2.142031153074215569e-06,2.107044094303015847e-06,2.071714264796664209e-06,2.038496043728413807e-06,2.008515444624979480e-06,1.976695858719853566e-06,1.944646413256612970e-06,1.916496459931016855e-06,1.886785404681549682e-06,1.856899456722740494e-06,1.830444764108964060e-06,1.802664332553417567e-06,1.775514399656341708e-06,1.748262944201479172e-06,1.723861609397575129e-06,1.698429249249145872e-06,1.672929963168710180e-06,1.649951582580568872e-06,1.626098136254157315e-06,1.602206543169152908e-06,1.579398669189321827e-06,1.558149261935246590e-06,1.536221894247791669e-06,1.514295825883936952e-06,1.494245406207699666e-06,1.473621166795211131e-06,1.453015616075282597e-06,1.433248991640959405e-06,1.414660021626254352e-06,1.395630056278169434e-06,1.376643298602564862e-06,1.359068913809985030e-06,1.341123445911748366e-06,1.323231108024264602e-06
1.374564769566362581e-06,1.393120457606339046e-06,1.411041351946668260e-06,1.430328881589343225e-06,1.450031764387737499e-06,1.468989413233671259e-06,1.489483738185663244e-06,1.510430159073376559e-06,1.531843934290940585e-06,1.552305683181464863e-06,1.574602328431297641e-06,1.597409175725173580e-06,1.619099431579155429e-06,1.642864693613105859e-06,1.667188097606869481e-06,1.692090056312844841e-06,1.715567146558913604e-06,1.741544624796419613e-06,1.768157160654581867e-06,1.793097338552885630e-06,1.820882403866412656e-06,1.849366200792972369e-06,1.880824236656661753e-06,1.905650064914511974e-06,1.936185219732003805e-06,1.967522951555887966e-06,1.996347304310116040e-06,2.029136219504279761e-06,2.062814019331511862e-06,2.093531935572219736e-06,2.128802727010282659e-06,2.165060797760222041e-06,2.202351140851941163e-06,2.235838611585598166e-06,2.274948994434606758e-06,2.315211382050196311e-06,2.350978392628096096e-06,2.393250182694540274e-06,2.436811813349179677e-06,2.486663345796463139e-06,2.520834909420619589e-06,2.568069654525997145e-06,2.616830071218776335e-06,2.658688166937704553e-06,2.710024810316888043e-06,2.763085662192531583e-06,2.807927719744836843e-06,2.863859933770948681e-06,2.921748519990346100e-06,2.981709338304924202e-06,3.030924374089756451e-06,3.094252020897515455e-06,3.159947075173871089e-06,3.212762875473338611e-06,3.282241495114140189e-06,3.354437257210345771e-06,3.429531864410444125e-06,3.487612641497860851e-06,3.567208935596367343e-06,3.650158941909584464e-06,3.712558187231391065e-06,3.800616821278924996e-06,3.892576127709640093e-06,4.004886589325944980e-06,4.057405502119893440e-06,4.159748513183567572e-06,4.267017983560050229e-06,4.340788658827228632e-06,4.455162036064461813e-06,4.575353770095898604e-06,4.654547303890874773e-06,4.782935994296678689e-06,4.918240464611656906e-06,5.061089893168923987e-06,5.147964289556449866e-06,5.301051597311418036e-06,5.463206356363993171e-06,5.556093797518390404e-06,5.730241018862821779e-06,5.915363733378594703e-06,6.150005007641648254e-06,6.213608653272454125e-06,6.426250295868173619e-06,6.653734004484945451e-06,6.760642811582740549e-06,7.006500210862301014e-06,7.270685969345455545e-06,7.382964097856484110e-06,7.669222306516516887e-06,7.978294874678338878e-06,8.312991536301863558e-06,8.430695155398197727e-06,8.795112976407954290e-06,9.191847431428568630e-06,9.311287268999179635e-06,9.744513948778197788e-06,1.021882448447039952e-05,1.073986157300281694e-05,1.085617736231581895e-05,1.142830580918933021e-05,1.206057503695260614e-05,1.216808960291238979e-05,1.286456635937020685e-05,1.363898028171992224e-05,1.372926085092271371e-05,1.458503472388722633e-05,1.554239695588693128e-05,1.661683109406017429e-05,1.666471763075470179e-05,1.785896634555937275e-05,1.920666320191146767e-05,1.920221034239063399e-05,2.070450217530018391e-05,2.240782738424254388e-05,2.434236832289871227e-05,2.423132174716497131e-05,2.639671467336112933e-05,2.886113323227053296e-05,2.863891656332861785e-05,3.139980471107671353e-05,3.453898313319877291e-05,3.685383252285516644e-05,3.769752756345880857e-05,4.166842833911964115e-05,4.612540124736325315e-05,4.560574650867977019e-05,5.053217039038972153e-05,5.594431672833821641e-05,5.538549748948449596e-05,6.123715230722897283e-05,6.739329288938200146e-05,7.362229872969224930e-05,7.330399673297835212e-05,7.938638022410063311e-05,8.472867543624821131e-05,8.498620035352832610e-05,8.925040678678448805e-05,9.145737288565650408e-05,8.557978029088351675e-05,9.310451624198029768e-05,9.001436501274117893e-05,8.363105354973325058e-05,8.867208346761193936e-05,8.059528314398789386e-05,7.127532647082595685e-05,7.838788749183271643e-05,6.990666037552565693e-05,6.393021337728016593e-05,6.140028616124156859e-05,6.466212525908217139e-05,6.276247528210716149e-05,6.276247528210716149e-05,6.204626928540286359e-05,5.878443018756226079e-05,5.668159481450983633e-05,5.533361009941928832e-05,5.460045436624022189e-05,4.748789334523346230e-05,4.726051892948537235e-05,4.697066068779209283e-05,4.192963068073518682e-05,4.211526555585712225e-05,4.153731295256354113e-05,3.715927879819796905e-05,3.862068281865644074e-05,3.713072237280915823e-05,3.505547619508483817e-05,3.479149752377068237e-05,3.261080989693510137e-05,3.023855160975208114e-05,3.053991047160955032e-05,2.824817120060868353e-05,2.602634320654393870e-05,2.395260191317563362e-05,2.448704601388795255e-05,2.260374658737259265e-05,2.090936952152904317e-05,2.140651353913512381e-05,1.986866567748145346e-05,1.850529031880119863e-05,1.838429139125180437e-05,1.764227287138138929e-05,1.654123831582606072e-05,1.556893964401064842e-05,1.578153631972601962e-05,1.488387096526033171e-05,1.408685195923460576e-05,1.419309121658713276e-05,1.345363176432327760e-05,1.279235805469177711e-05,1.219864952166324961e-05,1.220290961240827265e-05,1.164856729969670812e-05,1.114679047050236094e-05,1.110097699022564943e-05,1.063209782020333572e-05,1.020438500591117092e-05,9.812476266574703124e-06,9.726104034167793794e-06,9.358826267379631450e-06,9.019972178535427858e-06,8.917112026453896935e-06,8.599646254524173712e-06,8.304940221851054652e-06,8.193659860242246849e-06,7.917594734943007677e-06,7.659910437214841207e-06,7.418588375290668965e-06,7.304319208620712415e-06,7.077885765059244405e-06,6.864869693216259561e-06,6.752261582373640952e-06,6.552363489203548953e-06,6.363555402820813199e-06,6.184789966358659880e-06,6.077372471147881173e-06,5.909364750824512825e-06,5.749771756212296128e-06,5.647491139081335357e-06,5.497435119763038726e-06,5.354478090398118271e-06,5.272991839062255966e-06,5.123344556112042117e-06,4.994875307866660950e-06,4.871974719055797013e-06,4.783108468810420591e-06,4.667301141023240877e-06,4.556273171378005483e-06,4.473159655133568288e-06,4.368456896198438749e-06,4.267878281478421708e-06,4.171152853966832150e-06,4.095387688035065488e-06,4.004033487679744090e-06,3.916033428331882750e-06,3.845456359918871134e-06,3.762269311369658011e-06,3.682015148017130778e-06,3.622854203338908541e-06,3.540379731549684439e-06,3.467020106020694173e-06,3.396095371764627037e-06,3.336397452638258820e-06,3.269190515136009327e-06,3.204136000805632193e-06,3.148569599073053373e-06,3.086867275028674204e-06,3.027074491050205018e-06,2.969098748193315142e-06,2.918569397099222443e-06,2.863503895165021532e-06,2.810059273118993267e-06,2.762974805816029884e-06,2.712166082530636119e-06,2.662807672041576220e-06,2.614836440633192264e-06,2.571935640929418336e-06,2.526269989502835751e-06,2.481851259859200807e-06,2.441805243274780586e-06,2.399483658378667639e-06,2.358285880354187211e-06,2.322864996130070697e-06,2.281585273289150092e-06,2.243313470761820297e-06,2.206018247036515111e-06,2.171799626380774581e-06,2.136190837751723197e-06,2.101467692023773491e-06,2.069429927635847168e-06,2.036249264980826529e-06,2.003873557008349729e-06,1.972274459993697066e-06,1.942886353294472706e-06,1.912656763585559686e-06,1.883135290292468963e-06,1.855558772808683338e-06,1.827294546762648745e-06,1.799677254887038284e-06,1.774680345740577093e-06,1.747314386891480865e-06,1.721445093166402733e-06,1.696149119501717875e-06,1.672288627031148575e-06,1.648026445585539731e-06,1.624290444909429964e-06,1.601829701552611407e-06,1.579047328564609071e-06,1.556748693979168165e-06,1.534919381937467916e-06,1.514168119111718264e-06,1.493195778425252138e-06,1.472655930801232935e-06,1.453079991634807419e-06,1.433333161497973227e-06,1.413985498836203894e-06,1.395025797892996415e-06,1.376888844764892859e-06,1.358644891763530854e-06,1.340759770058206102e-06,1.323614689288658817e-06,1.306393857637291445e-06
1.357869930486549840e-06,1.374092264246729684e-06,1.392630560236622588e-06,1.412596939433212510e-06,1.429673857110574412e-06,1.449357359394848489e-06,1.470634909000931154e-06,1.491268511004835748e-06,1.509546089261862051e-06,1.530941587820599811e-06,1.554217770476509780e-06,1.573480047437843603e-06,1.596267063753523606e-06,1.621161604466202157e-06,1.645133711875054203e-06,1.665773849816716056e-06,1.690659799930766745e-06,1.718047705131776352e-06,1.739821463312701784e-06,1.766417691928532604e-06,1.795829023015440521e-06,1.823925590778180913e-06,1.847276113367822724e-06,1.878916320253919339e-06,1.909045579157479640e-06,1.933697433705528169e-06,1.965030383916887781e-06,2.000163359878662528e-06,2.026197128258018871e-06,2.059873901319594899e-06,2.097851247445586055e-06,2.133682461815659494e-06,2.161613568625391388e-06,2.198926086715630821e-06,2.241423697027842959e-06,2.270926868824710017e-06,2.311222597813028508e-06,2.357411528976832245e-06,2.400556591164490535e-06,2.432185551766881162e-06,2.482504498959828473e-06,2.529328382459206960e-06,2.562722241103790485e-06,2.611586752542168344e-06,2.668615823483579651e-06,2.703861235206152731e-06,2.757059302066084454e-06,2.819592326515727000e-06,2.877178284697282771e-06,2.914840484114354453e-06,2.975044654810248303e-06,3.046683239654816037e-06,3.086351470691700800e-06,3.152358979551098741e-06,3.231493718088993279e-06,3.303650654667991949e-06,3.345820290431293849e-06,3.421426837377829866e-06,3.513211984881690513e-06,3.557447986924057281e-06,3.641049073504454265e-06,3.743291722083636513e-06,3.835767176862746383e-06,3.882374968260931171e-06,3.996667233748104828e-06,4.099833770421801665e-06,4.148371840543306712e-06,4.256944195846075983e-06,4.392195809080413496e-06,4.442532920292526443e-06,4.564380610123778244e-06,4.717065924969967673e-06,4.854588477024050326e-06,4.906405397254043112e-06,5.051817295077423275e-06,5.235549031782975001e-06,5.288448022509413214e-06,5.453868093331522531e-06,5.663544861729141275e-06,5.853507205746619450e-06,5.906338517546100307e-06,6.146653797951235743e-06,6.365599699043199055e-06,6.418098930666199613e-06,6.652005505761742625e-06,6.948725896483557538e-06,7.000040014511828543e-06,7.272471011455176255e-06,7.616533525672192011e-06,7.937857584728796604e-06,7.985320190130996385e-06,8.332686835487323107e-06,8.765869413979138864e-06,8.809792841221187929e-06,9.222871104902289599e-06,9.730809250374263585e-06,1.022738994654970772e-05,1.026566999195656014e-05,1.081174190776792245e-05,1.146275156632052026e-05,1.149717869245828295e-05,1.216179771883555200e-05,1.293162275992777389e-05,1.296407936705969243e-05,1.378029037866563030e-05,1.469160789891877466e-05,1.569071493094357535e-05,1.573849585168543309e-05,1.687557250209531856e-05,1.805582163233954639e-05,1.813002342075174502e-05,1.955731677572837581e-05,2.094694007850451828e-05,2.268866453366866995e-05,2.288121307354091426e-05,2.492655646264261188e-05,2.668386214558117876e-05,2.703228513301566979e-05,2.962691015591076258e-05,3.161975360794787901e-05,3.467813199767906545e-05,3.552398146956647901e-05,3.770189300059915028e-05,4.145217405278882615e-05,4.288682475568734526e-05,4.742035382665684020e-05,4.957471617178712674e-05,5.191148563106891901e-05,5.724052858661513943e-05,5.889018941520308644e-05,6.392916372886160866e-05,6.819659506903824359e-05,7.368913728376471110e-05,7.304598978606006814e-05,7.874986916951777255e-05,8.268331681028359486e-05,7.929851370694300365e-05,7.972233657555943571e-05,8.644967056164857850e-05,8.018078998207581632e-05,7.649396759490243629e-05,8.270874949876783999e-05,7.566972430665298171e-05,6.865040671750092063e-05,7.310800062302090030e-05,6.495166522234565513e-05,6.175408667549198442e-05,5.775232637733250068e-05,5.937291549713961827e-05,5.754195024931120083e-05,5.749050664140632533e-05,5.749050664140632533e-05,5.649041563881229759e-05,5.528810096354885818e-05,5.210320475423298360e-05,5.054671573687356410e-05,4.827885122804382976e-05,4.789606637286634695e-05,4.252284189966595271e-05,4.210548891834866854e-05,4.212565699283313015e-05,3.726373193105073328e-05,3.689977029588929633e-05,3.802931682703430526e-05,3.427939517681113680e-05,3.339689712493051281e-05,3.430482698276955190e-05,3.243996309229123937e-05,3.000482520657144021e-05,3.025304558444695985e-05,2.810201259368465661e-05,2.651234372182571729e-05,2.465828093332567830e-05,2.421095237507421330e-05,2.229510918647605229e-05,2.160290165654236150e-05,2.098766973532207903e-05,1.940490632253380967e-05,1.906803293220279307e-05,1.777976902302936957e-05,1.711201244354245785e-05,1.696550395674159680e-05,1.590342865723449783e-05,1.525318082081250387e-05,1.433955748797583653e-05,1.431668664099932979e-05,1.370491182679405038e-05,1.295927108825587500e-05,1.294807346990600165e-05,1.229457409705285353e-05,1.177013519250428694e-05,1.121811389456433740e-05,1.120303687239474960e-05,1.072996988081458881e-05,1.026548371148944285e-05,1.023431845476739218e-05,9.810850175593195544e-06,9.416831611939399129e-06,9.056010986774018737e-06,9.008039839101194364e-06,8.657432380488650387e-06,8.346058201688857919e-06,8.287088551565425308e-06,7.975986753175006398e-06,7.705426299219848838e-06,7.638958880288281695e-06,7.385601117181263980e-06,7.126683628542861086e-06,6.905491363482373727e-06,6.833358397281055108e-06,6.603291225026188341e-06,6.407897280173108513e-06,6.334048488872971178e-06,6.149476035697325534e-06,5.956015020584950028e-06,5.791991196171347588e-06,5.718040571056558119e-06,5.545272697377220657e-06,5.398594719874165400e-06,5.326095664908264186e-06,5.186922057701537375e-06,5.039873916809973193e-06,4.969574767123484147e-06,4.844564179381810196e-06,4.712419628660571800e-06,4.599064005054958376e-06,4.532155787658623402e-06,4.413133242129043173e-06,4.310510153658625234e-06,4.246673900891405736e-06,4.148998826510285025e-06,4.046052935285229189e-06,3.956458190641924235e-06,3.896679322071617117e-06,3.803353133218156310e-06,3.721663123013801596e-06,3.665106464430195764e-06,3.587231795169020734e-06,3.505646233776758695e-06,3.452249136427484931e-06,3.381040830432387866e-06,3.306628875225694952e-06,3.240499245107944873e-06,3.191029732037055879e-06,3.123011730335485597e-06,3.062232390697399977e-06,3.015665898897232302e-06,2.957615604793658144e-06,2.897386199360388811e-06,2.843098639689988990e-06,2.800088774802974345e-06,2.744737216453741215e-06,2.694597908336829464e-06,2.654154999592504902e-06,2.606203592168608298e-06,2.556796056128907733e-06,2.511695067683262539e-06,2.474377438395267584e-06,2.428749937976151179e-06,2.386916275895228515e-06,2.351822936613461767e-06,2.311762004161055546e-06,2.270745600688850764e-06,2.237733593033437868e-06,2.200494969065470782e-06,2.162450211712865432e-06,2.127198962745307238e-06,2.096715059700744290e-06,2.061368684820143230e-06,2.028498713252733908e-06,1.999795100213897749e-06,1.968258837068469842e-06,1.936211240536830314e-06,1.906244996813673209e-06,1.879705309384432539e-06,1.849817076045040511e-06,1.821782392455154153e-06,1.796760348286810063e-06,1.769828093662643964e-06,1.742584554507687759e-06,1.718978151052394302e-06,1.693735755875745648e-06,1.668240148121794572e-06,1.644148239922392231e-06,1.622266797078753373e-06,1.598375456095517077e-06,1.575742038682876302e-06,1.555067152798302089e-06,1.533284136539338327e-06,1.511363199511856570e-06,1.490517563438531227e-06,1.471316228938913573e-06,1.450712551037609150e-06,1.431076744216702866e-06,1.412905372677754324e-06,1.393984068634055544e-06,1.375001596784251537e-06,1.356852118715840286e-06,1.339941741349395144e-06,1.322050792114615228e-06,1.304912822988319442e-06,1.288883816894470826e-06
1.338529329308462251e-06,1.356395660135033333e-06,1.374644656434842080e-06,1.390870152512665879e-06,1.410885256872314551e-06,1.430262079038041171e-06,1.450069839303889017e-06,1.468657698652421924e-06,1.489257752279903659e-06,1.510328233137646237e-06,1.528556667899828832e-06,1.551907818133402505e-06,1.574351554305155198e-06,1.597329460145512078e-06,1.618517016174360612e-06,1.642457048053417699e-06,1.666983541797835152e-06,1.687492639514634159e-06,1.714995914423301002e-06,1.741214993402108582e-06,1.768106372506705157e-06,1.792357744121178875e-06,1.820430773823840022e-06,1.849246761639665857e-06,1.874975640754421103e-06,1.905083953179562411e-06,1.936015605464353559e-06,1.960340579206648960e-06,1.995680109298716292e-06,2.028943167509021653e-06,2.063165024023204223e-06,2.092784777464631712e-06,2.128623628340370439e-06,2.165533442246463964e-06,2.192907314097714420e-06,2.235724548157430541e-06,2.275617212775201631e-06,2.316773919841146003e-06,2.350997995643884008e-06,2.394210635296051591e-06,2.438848064424386928e-06,2.475293682707120463e-06,2.522213148929415387e-06,2.570744761499943689e-06,2.603037274780728272e-06,2.660646473170762593e-06,2.713549917676377473e-06,2.768398640028254667e-06,2.810675073177885959e-06,2.868504501926597994e-06,2.928559194261790145e-06,2.964487111172092631e-06,3.037031875847351012e-06,3.102990262350819677e-06,3.171684499843861071e-06,3.220770851326184736e-06,3.293452544725148411e-06,3.369302952222120192e-06,3.408782146096456417e-06,3.501988461389600490e-06,3.586050049404720626e-06,3.674090920281268932e-06,3.730977727835803972e-06,3.824507212993557667e-06,3.922710268938082343e-06,3.983205895550469066e-06,4.087708538518191150e-06,4.197731591859234870e-06,4.241356842780417719e-06,4.379238346956016772e-06,4.503086681065038997e-06,4.634102449739658089e-06,4.703353424022302555e-06,4.843467118551652892e-06,4.992182504591972999e-06,5.036637857898642436e-06,5.224503329090659018e-06,5.394258340676412808e-06,5.575480717438766092e-06,5.652992633899872325e-06,5.847919630356064492e-06,6.056843129988404691e-06,6.137191337283485515e-06,6.362434831550064987e-06,6.604874404630318691e-06,6.645014005923646858e-06,6.949195023364583039e-06,7.232465078192661406e-06,7.539548461481897280e-06,7.622290952092621421e-06,7.955645667995457965e-06,8.318756066379165361e-06,8.350297704770181275e-06,8.794479139601124102e-06,9.227097351525739326e-06,9.701991538628769535e-06,9.774233186894852455e-06,1.029363999416159867e-05,1.086665378195118287e-05,1.088989722980696800e-05,1.155534619281997447e-05,1.225203302500568234e-05,1.227511722246355277e-05,1.305943913411704781e-05,1.391270500780702320e-05,1.486520753795867540e-05,1.486648415623721963e-05,1.591859158738167095e-05,1.709748581468366379e-05,1.717214716678080734e-05,1.835920121012224153e-05,1.982536111026609679e-05,2.147373815663076240e-05,2.134854234898939432e-05,2.317713119395569155e-05,2.523305364588795751e-05,2.559303800008542941e-05,2.730988970528197416e-05,2.986586858039546333e-05,3.272050455030494980e-05,3.240573173081736914e-05,3.555192499381503585e-05,3.902707293952033366e-05,3.864897330491248929e-05,4.243917454985860773e-05,4.653861085814152952e-05,4.874879859153709804e-05,5.053110874346925435e-05,5.508290202372602938e-05,5.966385300147737577e-05,5.945492225324343631e-05,6.394051154410416895e-05,6.797939915354660797e-05,7.312199963018527519e-05,7.155327339079140751e-05,7.377855627809846539e-05,7.437377650541678422e-05,7.571470367389943675e-05,7.479604604427853140e-05,7.173382550301164999e-05,7.482649431342563247e-05,7.038278075251379264e-05,6.434725017449167679e-05,6.850268540377697681e-05,6.296987686107140974e-05,5.697710757876823400e-05,5.257129430138461531e-05,5.706809335009824377e-05,5.398054888127861865e-05,5.274715658720843169e-05,5.287810341001867090e-05,5.287810341001867090e-05,5.188376537297637286e-05,5.073251371572185241e-05,4.984495629438395720e-05,4.534815724567032875e-05,4.407960238900205220e-05,4.329928642619980861e-05,4.237512058594201567e-05,3.773278430579274655e-05,3.754061006346001846e-05,3.709200389821332557e-05,3.399933371033191451e-05,3.379201588295839152e-05,3.306790954877344963e-05,3.172670078423331705e-05,3.093017800990188689e-05,2.966533479576797055e-05,3.008669357013085520e-05,2.790525657327615243e-05,2.626027605795689209e-05,2.450335450035755506e-05,2.470076422838366457e-05,2.299762494972193679e-05,2.133483216512271894e-05,2.081295633375341244e-05,2.012889424452250791e-05,1.868395678803120609e-05,1.736304267142632516e-05,1.772475270521212243e-05,1.651642621025042779e-05,1.542944266175094096e-05,1.573058692183887527e-05,1.473304915582954248e-05,1.384096276696013551e-05,1.327308542237695579e-05,1.323932108886579883e-05,1.250358761244053631e-05,1.184556362858845530e-05,1.196533958192690554e-05,1.135401932045748910e-05,1.080471833958618217e-05,1.035761756474753572e-05,1.035116946056300486e-05,9.888431491026547753e-06,9.468897554846936711e-06,9.467676202659475149e-06,9.074605857272968941e-06,8.715899315755061273e-06,8.379955087764381639e-06,8.347803559764321694e-06,8.038825706080759384e-06,7.739033656413930651e-06,7.696369625336654037e-06,7.428447608569333839e-06,7.180050661934952999e-06,7.110936427403706143e-06,6.877196677334216863e-06,6.659329524463473429e-06,6.435777206040383114e-06,6.378586595955386229e-06,6.186513735834943600e-06,6.006089850157226469e-06,5.926929365325737175e-06,5.756790050720584266e-06,5.596308703665233435e-06,5.427476674220043070e-06,5.365807392693802218e-06,5.222490762877774022e-06,5.086504602050302630e-06,5.009634749597548731e-06,4.881164380815689255e-06,4.758887183141451185e-06,4.684730835634987097e-06,4.569160278325246599e-06,4.458854692148239409e-06,4.341855678889070598e-06,4.283602422722301046e-06,4.183791456295179122e-06,4.088146676376131117e-06,4.021893646538560927e-06,3.931316219457643031e-06,3.844337172981016973e-06,3.752370326588698057e-06,3.699272395165832762e-06,3.619971238654468185e-06,3.543590987836848927e-06,3.485714277848129802e-06,3.413236285478494424e-06,3.343315204393681772e-06,3.288891084050016263e-06,3.222494313834345321e-06,3.158345488346857186e-06,3.091120766182915157e-06,3.046268557367564157e-06,2.987291325220243336e-06,2.930190958428131470e-06,2.883229604554574927e-06,2.828897315092657180e-06,2.776232600389178903e-06,2.721450999532520222e-06,2.682031372423953320e-06,2.633367780882560549e-06,2.586119469965220624e-06,2.545673226198935965e-06,2.500626633326083314e-06,2.456848649257015316e-06,2.411637851134277699e-06,2.377133578656550604e-06,2.336504116298885415e-06,2.296965989797674606e-06,2.262098139048319457e-06,2.224330759524220975e-06,2.187548920291382110e-06,2.154806439209924261e-06,2.119645662149267367e-06,2.085377135438228734e-06,2.050298999866531174e-06,2.021830927086539153e-06,1.989858160792563277e-06,1.958664617714467060e-06,1.930327133240575175e-06,1.900454976586221337e-06,1.871292536640697426e-06,1.841606497008024191e-06,1.816680482195628229e-06,1.789381327762683179e-06,1.762707539023651072e-06,1.738092489006884999e-06,1.712505324260229226e-06,1.687490713863204101e-06,1.664289208558484948e-06,1.640277402876768853e-06,1.616790773802192941e-06,1.593034491035533354e-06,1.572345159642173989e-06,1.550267699038271955e-06,1.528657798650174534e-06,1.508387473267672802e-06,1.487611415306095223e-06,1.467266099861785581e-06,1.446766021345605268e-06,1.428538869868083654e-06,1.409363774906828915e-06,1.390574578554322687e-06,1.372791406363725441e-06,1.354700601918925382e-06,1.336966686174781790e-06,1.319155528923756390e-06,1.303047534114410765e-06,1.286293193058562641e-06,1.269860350873719636e-06
1.319699763716601023e-06,1.338323622964693969e-06,1.353699585440159965e-06,1.371897416710177933e-06,1.390493307750726609e-06,1.410810911477097648e-06,1.427191181427581761e-06,1.446947212976329371e-06,1.468627336232612043e-06,1.485828119491031846e-06,1.506843859307141857e-06,1.528351651875096529e-06,1.552134394081742247e-06,1.570466372779327514e-06,1.593391960006490726e-06,1.618868896839803424e-06,1.638127480041306179e-06,1.662600111979895840e-06,1.687690254035060561e-06,1.715813675370992702e-06,1.736337548891951152e-06,1.763183250102310913e-06,1.793442890161285448e-06,1.815005715827678951e-06,1.843777839604978042e-06,1.876397693402857912e-06,1.899051495172884796e-06,1.929942621111891637e-06,1.961710418459491328e-06,1.998088086719262010e-06,2.022201377926635947e-06,2.056406938849016578e-06,2.095826498886115996e-06,2.121141084203232706e-06,2.158046622271223185e-06,2.196104048718267738e-06,2.240442291508024913e-06,2.267325971465115278e-06,2.308526812559330017e-06,2.356855907670936569e-06,2.385031598364117113e-06,2.429741985885563998e-06,2.482552707432923864e-06,2.512054639396764994e-06,2.560696629187077233e-06,2.611101371811126663e-06,2.671333058779554075e-06,2.702470076155676440e-06,2.757544666565481624e-06,2.823819743351868614e-06,2.856296840484521532e-06,2.916654907498860022e-06,2.979480918765719098e-06,3.055953267542434854e-06,3.089954851849860634e-06,3.159167257712450729e-06,3.243969445932022329e-06,3.279205830977050024e-06,3.355727505722329417e-06,3.435819393080651234e-06,3.534960945109136096e-06,3.571381267309215027e-06,3.660490085064953736e-06,3.771384179141945257e-06,3.808729655023416390e-06,3.908296339951530427e-06,4.032771172777947870e-06,4.070836317608197161e-06,4.182598179988060383e-06,4.300726756660065918e-06,4.449266134686415259e-06,4.487392628720340913e-06,4.621069900620196863e-06,4.789416136025248703e-06,4.827461814284269888e-06,4.979557371399321177e-06,5.141747454456891924e-06,5.345931565842393721e-06,5.382611334229509258e-06,5.568928713880000768e-06,5.802677030031521745e-06,5.838049570854191094e-06,6.053439503734783477e-06,6.322022504589817091e-06,6.355450457407688531e-06,6.606104777274414976e-06,6.877379746041045109e-06,7.210652807045635451e-06,7.240342912170331307e-06,7.559683187332518785e-06,7.946193969226785319e-06,7.972896829103408081e-06,8.351572594256413085e-06,8.766335042893037095e-06,9.252969951318381175e-06,9.277182505347810623e-06,9.775047802533655300e-06,1.034323735489198425e-05,1.036712511392834828e-05,1.096918370448512892e-05,1.163647503071546390e-05,1.166043814468860102e-05,1.239374113214020443e-05,1.320994036427150098e-05,1.405269132486913502e-05,1.410633288645465681e-05,1.511088686834435514e-05,1.609161072486628744e-05,1.618077883529542787e-05,1.742354947071952676e-05,1.881693232524219345e-05,2.004039739674598095e-05,2.025433640563977755e-05,2.198528062434606403e-05,2.337209607952001733e-05,2.373519140518125090e-05,2.588259874166681202e-05,2.828069700655768190e-05,2.988407180989747589e-05,3.066978510736715333e-05,3.360134550669549808e-05,3.525274244414128917e-05,3.650085726659661061e-05,4.000388976082525582e-05,4.154309854256090309e-05,4.345499510671604405e-05,4.746369845120738213e-05,5.161817483590288224e-05,5.236936320864841890e-05,5.561859031399227671e-05,5.969675964280326321e-05,5.927111153003315628e-05,6.350900235205689487e-05,6.664880941595066274e-05,6.876568803343710513e-05,6.539835313727341063e-05,7.053830292227219448e-05,6.990777655467990100e-05,6.470283580556709544e-05,6.982798444329089060e-05,6.598663113804789919e-05,6.036210967347061147e-05,6.468145691902385660e-05,5.882789120289302231e-05,5.298448772608532796e-05,5.055578184116442793e-05,5.266506879599555039e-05,4.933504640260083165e-05,4.925707764806558234e-05,4.977938028427345089e-05,4.857317697443123457e-05,4.857317697443123457e-05,4.806788689492621217e-05,4.664853104235974887e-05,4.487923252086360845e-05,4.394193308182642234e-05,4.046933880304372049e-05,3.866155568481083657e-05,3.822763805085988698e-05,3.792876083884365556e-05,3.374665104654099026e-05,3.389803855457717375e-05,3.366454849954129979e-05,3.013688388388983724e-05,3.110800919910140187e-05,3.050307845742096554e-05,2.779361656123027988e-05,2.871924770571297386e-05,2.757374965285224058e-05,2.613172293417266725e-05,2.433684185519386167e-05,2.450261081650625475e-05,2.289991523000979625e-05,2.167614047027496249e-05,2.149700067376385132e-05,1.996347563696688015e-05,1.850572165897009679e-05,1.790767380418236782e-05,1.746557882358897680e-05,1.622849436232188291e-05,1.590149422402594074e-05,1.540488414770072481e-05,1.438117518276034042e-05,1.421637739819906071e-05,1.370894838624794022e-05,1.286746048357471858e-05,1.211501565345111532e-05,1.207276744482466356e-05,1.160351597625852238e-05,1.098290925587003976e-05,1.096531400158292483e-05,1.052796091555749128e-05,1.001159942849936662e-05,9.546758979610821900e-06,9.540412715883197679e-06,9.164873802496599069e-06,8.772306638326587530e-06,8.758198305158271019e-06,8.418386571086362884e-06,8.083856863790388171e-06,7.777995424164393243e-06,7.755069697537296885e-06,7.467667396013002362e-06,7.203242009508695108e-06,7.169973458111791439e-06,6.913581864454553068e-06,6.683368306743131068e-06,6.643016546344455537e-06,6.413654353885924474e-06,6.211957631007433696e-06,6.023665500950316996e-06,5.976939217019226552e-06,5.783661122507391790e-06,5.616949915117063630e-06,5.567074064385755287e-06,5.393880462905257778e-06,5.245569987485785134e-06,5.105491118824281475e-06,5.053375443098675676e-06,4.906070712530373048e-06,4.780447780414638829e-06,4.727943092944251276e-06,4.595346367113894619e-06,4.482272323103068587e-06,4.430163784271259206e-06,4.310600575291971345e-06,4.208472517668977903e-06,4.110886647324989866e-06,4.059973352196516714e-06,3.956778794463242224e-06,3.868139423728491359e-06,3.818728268219019017e-06,3.725131144610078047e-06,3.644395499914272197e-06,3.566788205881101226e-06,3.519584252380306980e-06,3.437936347503809237e-06,3.366932490549902915e-06,3.321685002821590952e-06,3.247200607027966267e-06,3.182088906417533652e-06,3.138862718582661891e-06,3.070773451239940968e-06,3.010934077070740905e-06,2.953069298817181343e-06,2.912447525106477738e-06,2.852266281642032093e-06,2.798905788724807610e-06,2.760305272815271039e-06,2.704996210962273426e-06,2.655696503187138335e-06,2.607871226733967249e-06,2.571803594944222568e-06,2.522507167608621383e-06,2.478195090590716568e-06,2.444017401832299801e-06,2.398490386927142415e-06,2.357365314522317190e-06,2.317368868611041284e-06,2.285529043456702352e-06,2.244649687742445133e-06,2.207438810150707275e-06,2.177304088525652025e-06,2.139383346637570750e-06,2.104712756382703935e-06,2.076195902704268807e-06,2.040962582888555378e-06,2.008612658995382819e-06,1.977063186850080320e-06,1.950532709591530293e-06,1.918612807953762186e-06,1.889114738197972923e-06,1.864007220753317646e-06,1.834234927391419761e-06,1.806619178224554466e-06,1.779643508674717368e-06,1.756280514978636310e-06,1.729157759143229755e-06,1.703857388950497082e-06,1.681734882228578021e-06,1.656348692369202337e-06,1.632591558948267278e-06,1.611635642700239032e-06,1.587843644416514469e-06,1.565510097337644672e-06,1.543653560412885818e-06,1.524128471159987360e-06,1.502306024340083345e-06,1.481726707052916411e-06,1.463213018625169846e-06,1.442698581024199317e-06,1.423301475138134712e-06,1.404297365078927078e-06,1.387025757209025246e-06,1.368129316074921245e-06,1.350191180346219411e-06,1.333795457560563417e-06,1.315982353368326157e-06,1.299033960214702018e-06,1.282412546602422092e-06,1.267094310097104509e-06,1.250623119540559747e-06
1.301496231214305623e-06,1.316068804589183950e-06,1.334713978227870070e-06,1.352625578168107886e-06,1.370936063194027222e-06,1.386422940044633945e-06,1.406776302271796389e-06,1.426233291639993909e-06,1.442465502704493992e-06,1.464189848654475586e-06,1.484892920728728393e-06,1.506091616506365343e-06,1.523342647738093394e-06,1.547192296917457162e-06,1.569796812378499919e-06,1.587880258174876978e-06,1.613438054113496336e-06,1.637578472230964331e-06,1.662344699940001160e-06,1.681552429038054268e-06,1.709792082310495380e-06,1.736306472772498470e-06,1.756434559976841944e-06,1.786832996126055902e-06,1.815268783960271889e-06,1.836356724576028609e-06,1.869141955312806797e-06,1.899694905892126061e-06,1.931145065431393373e-06,1.953496086647364841e-06,1.990103577387681439e-06,2.023999057774454386e-06,2.047385413210158193e-06,2.087077227933460349e-06,2.123686892653387645e-06,2.161485309343947407e-06,2.186192600609720334e-06,2.230903180582459023e-06,2.271876490237812399e-06,2.297665554654905360e-06,2.346434269682567739e-06,2.390961388379118153e-06,2.417843863694273454e-06,2.471173267928378456e-06,2.519692366323673139e-06,2.570053038123788648e-06,2.598224968781298429e-06,2.659157883863987681e-06,2.714287024357155193e-06,2.743505672384766309e-06,2.810606599964489038e-06,2.871147223199972424e-06,2.934289938356659461e-06,2.964602665221445107e-06,3.042184329917480758e-06,3.111908224829565421e-06,3.143091058522777289e-06,3.229197783122597473e-06,3.306477988526076711e-06,3.387554512370730365e-06,3.419397661818409711e-06,3.520282393753230367e-06,3.610737782670546909e-06,3.643065475435639335e-06,3.756005384782572217e-06,3.857371422966963072e-06,3.889945589983082435e-06,4.016817579527770716e-06,4.130943165065645375e-06,4.251895401445339056e-06,4.283894817824005421e-06,4.435611923093122471e-06,4.572912658450013197e-06,4.604313135646347136e-06,4.776363367408753868e-06,4.933067523863358947e-06,5.100618733919910821e-06,5.130034382377172343e-06,5.339072447784907262e-06,5.532110510124562284e-06,5.559752623189149542e-06,5.799098194086863335e-06,6.022854119883131455e-06,6.048158798307427858e-06,6.323145041374237667e-06,6.584136379625823651e-06,6.867139939751566410e-06,6.888545493143527140e-06,7.229899638494644979e-06,7.563508381334672352e-06,7.581988383095859033e-06,7.977451525810776213e-06,8.373285777402482441e-06,8.807084719310296199e-06,8.823939282513614842e-06,9.321083325488333944e-06,9.841211918492148310e-06,9.858853631191904417e-06,1.043776173840678943e-05,1.106517699012007467e-05,1.108801855150755700e-05,1.179161610840016577e-05,1.252313787687459727e-05,1.336778374581587733e-05,1.342062875246150505e-05,1.427041063301012259e-05,1.530224293296128423e-05,1.539393909537737536e-05,1.637592795629203956e-05,1.763968957037204729e-05,1.904701312276584641e-05,1.926645788367547564e-05,2.047314573831944515e-05,2.219505439657260408e-05,2.256316067942972311e-05,2.391107234574208347e-05,2.600619896594566282e-05,2.831621984583637805e-05,2.908838893343425306e-05,3.058937231401452649e-05,3.333431543358638554e-05,3.453660058851010001e-05,3.601637691895403094e-05,3.917728308788887920e-05,4.098162230591143864e-05,4.224657052338430183e-05,4.568761520053152709e-05,4.913469892997279753e-05,5.212158638789958612e-05,5.237164903655234399e-05,5.546223830510877870e-05,5.930889136930933233e-05,5.826703053289472415e-05,6.024042387119087885e-05,6.121460631134244160e-05,6.584524802198484417e-05,6.208046798032697754e-05,6.072513071259805217e-05,6.533355614134455768e-05,6.032028256581963157e-05,5.666992046322210427e-05,6.060360261906479266e-05,5.580561840818636554e-05,5.113469648403115613e-05,4.675931384179161606e-05,4.884916219415484152e-05,4.723045783365157859e-05,4.494570483090441326e-05,4.592115241922381101e-05,4.562564762783570890e-05,4.469917725793132174e-05,4.469917725793132174e-05,4.422659477253086804e-05,4.331260581351797754e-05,4.139100388643052875e-05,4.036152947240895250e-05,3.876271915603413408e-05,3.548427068028333042e-05,3.478110153945034152e-05,3.427342144094537623e-05,3.398814399220722346e-05,3.040367017358706252e-05,3.016631706080506243e-05,3.076760703268260276e-05,2.774845554978400773e-05,2.739711670918934592e-05,2.824079386480450476e-05,2.586711247596396553e-05,2.512341499051865039e-05,2.409376634985542221e-05,2.437920736123447757e-05,2.275827721172037684e-05,2.150154272734121407e-05,2.144086985702635227e-05,2.030716730355104556e-05,1.901439997230255669e-05,1.774454473257838560e-05,1.737071851842270589e-05,1.678796161991749067e-05,1.566093960726696409e-05,1.521638680516215769e-05,1.488267216052496016e-05,1.392001862749763487e-05,1.345514411645699257e-05,1.327785358573669848e-05,1.246891404582385577e-05,1.173752305688206417e-05,1.129885181315969869e-05,1.124692158895140669e-05,1.063651986049748551e-05,1.022487911881698783e-05,1.020350115951972701e-05,9.691752299701233988e-06,9.229402091353284903e-06,8.872943994281327936e-06,8.869395388699011343e-06,8.477884488257399150e-06,8.153498358301183025e-06,8.145831258353479232e-06,7.811880042761029387e-06,7.518681158197915339e-06,7.232195179630044663e-06,7.217296698949288466e-06,6.953778067526175574e-06,6.706559193813456534e-06,6.683694869202079168e-06,6.454644570025656311e-06,6.232559047428392461e-06,6.202953199369622207e-06,6.002660734042489933e-06,5.816180191509613280e-06,5.628500457638633883e-06,5.592365422326981986e-06,5.427613003997201065e-06,5.258911100616389038e-06,5.219138983758589358e-06,5.072872733334198798e-06,4.935108125645747551e-06,4.791367572571113748e-06,4.748549621426973052e-06,4.625223717062242255e-06,4.495535128413486692e-06,4.451617670790835500e-06,4.340787923964197440e-06,4.223613007388494158e-06,4.179377607923200626e-06,4.079415865363356507e-06,3.984110249521606187e-06,3.882883647190004941e-06,3.838949957796745929e-06,3.752468591066366892e-06,3.660516042270461326e-06,3.617440471107921143e-06,3.538735318586646230e-06,3.463208281261581573e-06,3.382941732957326821e-06,3.341301002590017446e-06,3.272233922616918877e-06,3.198921345076160771e-06,3.158705027358840485e-06,3.095391683878914046e-06,3.028302286252297987e-06,2.989624426227438954e-06,2.931451467861339369e-06,2.875260380023231236e-06,2.815936264720273463e-06,2.779295433917390537e-06,2.727478509193821050e-06,2.672909330101879881e-06,2.637909319832803859e-06,2.590032199471833134e-06,2.543623194344557916e-06,2.494966401023418582e-06,2.462053898333930410e-06,2.419043884925306833e-06,2.374074234704381782e-06,2.342755401832058399e-06,2.302827499184621116e-06,2.264016058634693924e-06,2.223621510755810543e-06,2.194293683323287869e-06,2.158171161968967401e-06,2.120676145524275331e-06,2.092823429102113918e-06,2.059152961633326594e-06,2.024294735579965895e-06,1.997853587449430866e-06,1.966423268528816273e-06,1.935779801930333191e-06,1.904188687317495327e-06,1.879491605333811981e-06,1.850826546922551309e-06,1.821345653289698974e-06,1.797910868259757062e-06,1.771061650681828576e-06,1.744839485364332148e-06,1.717972960032453076e-06,1.696093368975614485e-06,1.671486642521092594e-06,1.646328679942654892e-06,1.625563842382994913e-06,1.602445851324154099e-06,1.578857600238280711e-06,1.559145970654628488e-06,1.537401908073176687e-06,1.516123826016705192e-06,1.494481361883034057e-06,1.476066234800749432e-06,1.456020822154030243e-06,1.435667695987599647e-06,1.418174441540251976e-06,1.399270613184272344e-06,1.380750158164508214e-06,1.361996495811639819e-06,1.345638853025392241e-06,1.328147967106813477e-06,1.310463265981595812e-06,1.294910334288512644e-06,1.278375944319817294e-06,1.262160265242906102e-06,1.245802925230164178e-06,1.231242518395182620e-06
1.280205116824519200e-06,1.297019382862863607e-06,1.314202270468446732e-06,1.333140072141723946e-06,1.347742616873983666e-06,1.365978840218101065e-06,1.384632449708148894e-06,1.401448993267539796e-06,1.420828370845372142e-06,1.440664643148798905e-06,1.462811307401437326e-06,1.478998444368264742e-06,1.500122168331812655e-06,1.521768191594667636e-06,1.540762236070666846e-06,1.563290396979070162e-06,1.586393992399930399e-06,1.612562961526858969e-06,1.630485335470462166e-06,1.655184587924622375e-06,1.680548870329820310e-06,1.702057700465345558e-06,1.728507930670123148e-06,1.755696230158709477e-06,1.778397645387603994e-06,1.806774095966939093e-06,1.835972193141431324e-06,1.869784068278412204e-06,1.890441280329796265e-06,1.921859927213251323e-06,1.954245080796334968e-06,1.980022826211751565e-06,2.013901923512737195e-06,2.048866346591925347e-06,2.090059973269743648e-06,2.112709081552356457e-06,2.150545832683544807e-06,2.189678247445529111e-06,2.218971465147260057e-06,2.260017461612603118e-06,2.302532641742619735e-06,2.333471086171509897e-06,2.378115204063933023e-06,2.424431955438757994e-06,2.480330024190032117e-06,2.505790089967508295e-06,2.556395216980391302e-06,2.609044269911683474e-06,2.644130674904177506e-06,2.699592484123949937e-06,2.757407516087495759e-06,2.828316562447294627e-06,2.855372691735689565e-06,2.919079307667099999e-06,2.985716305171293587e-06,3.025297593011662924e-06,3.095753394789709351e-06,3.169624510462225751e-06,3.261404144088040200e-06,3.289406787800967018e-06,3.371630314322303763e-06,3.458194153052171356e-06,3.502358109118397947e-06,3.594273168847451078e-06,3.691313258068910945e-06,3.737340012822613064e-06,3.840558203284166233e-06,3.949859289368913443e-06,4.086635465152089191e-06,4.114060128969549827e-06,4.237788283062994962e-06,4.369480536401740064e-06,4.419053887270178820e-06,4.559851185096496973e-06,4.710231053614726657e-06,4.897028395931551230e-06,4.921784815238251429e-06,5.094480128473216141e-06,5.279995800920280402e-06,5.330554741519645697e-06,5.530047517106670978e-06,5.745173565373767047e-06,5.794665436416941123e-06,6.026517654097896371e-06,6.277526049510899336e-06,6.577415543906143211e-06,6.595700146286934648e-06,6.890423052928553412e-06,7.211484442291485642e-06,7.252221215947099917e-06,7.600469719731312434e-06,7.981346663472002018e-06,8.411128533148361087e-06,8.428377095791158506e-06,8.883018386024615524e-06,9.383145039177909536e-06,9.400072176825961180e-06,9.945998317073638371e-06,1.054861095897717219e-05,1.054810404517825472e-05,1.120727786894641873e-05,1.193708983703100554e-05,1.274606293050786044e-05,1.271321892725045688e-05,1.360085232737340521e-05,1.458660373932264029e-05,1.452172703055594862e-05,1.560459652975030101e-05,1.680808464123569680e-05,1.780381173773976832e-05,1.802723726371384562e-05,1.949609776200756625e-05,2.112454775212568311e-05,2.096235157575425788e-05,2.274855932187116016e-05,2.471947082920131536e-05,2.595637388220535055e-05,2.666785495627054122e-05,2.902247883184914495e-05,3.157846019663781766e-05,3.133923317282547532e-05,3.408665727637830834e-05,3.700919153492698149e-05,3.678227267186294090e-05,3.985767696310671426e-05,4.301816660804500800e-05,4.354602655739015014e-05,4.606042255076727397e-05,4.915222858548754702e-05,5.198794199187475071e-05,5.206780521195746925e-05,5.455786016343070301e-05,5.640865821845346910e-05,5.412920104959184051e-05,5.805895699365235202e-05,5.819045257741606498e-05,5.709777708796609730e-05,5.864582389085976999e-05,5.662584507915975439e-05,5.339039301455461844e-05,5.612650280399200230e-05,5.229924422177813107e-05,4.791501758780453547e-05,4.495351535373790300e-05,4.727756568591197351e-05,4.361840170623283399e-05,4.109804252390804514e-05,4.388505090620303101e-05,4.206584773692130844e-05,4.128474109191300890e-05,4.121510197430890452e-05,4.121510197430890452e-05,4.069527084283362328e-05,3.995094690078294399e-05,3.936454543276851495e-05,3.657753705047352908e-05,3.564585398645428080e-05,3.500534766941475656e-05,3.187644646815730319e-05,3.092421719375328874e-05,3.066791659662266786e-05,3.036823280343736009e-05,2.763212300684939524e-05,2.755520391410061444e-05,2.722626852910927083e-05,2.567821025407101374e-05,2.540236425461597699e-05,2.480502704729791426e-05,2.281453314513675105e-05,2.345736774727513925e-05,2.252199378167834453e-05,2.140296152389851918e-05,2.131980248127841252e-05,2.016760151092395753e-05,1.894904003341680546e-05,1.799379838937345468e-05,1.786612110182129768e-05,1.668952432198713269e-05,1.556012900179479469e-05,1.577702762798642434e-05,1.472341503335695677e-05,1.374289749187314069e-05,1.397173811798166511e-05,1.306586020601543335e-05,1.223729614479839982e-05,1.206867740107949641e-05,1.168058789951524661e-05,1.098779426539775049e-05,1.036192928918265302e-05,1.051710366720723712e-05,9.938711057647500789e-06,9.416742407760512950e-06,9.391181879232327574e-06,9.044993307092255629e-06,8.607161625511284723e-06,8.211062063820250784e-06,8.273130194225312970e-06,7.903326802289794347e-06,7.567375925253153139e-06,7.598798078507396458e-06,7.284190018001980858e-06,6.996999825440281573e-06,6.734164950402565068e-06,6.734649919392275564e-06,6.487308868684830483e-06,6.259729744715410672e-06,6.243535399909745362e-06,6.029025122596719116e-06,5.830614571890507913e-06,5.807297784860154205e-06,5.615043704570525562e-06,5.440972789535372629e-06,5.278689365632563597e-06,5.239716127949636321e-06,5.086114900033753145e-06,4.942251302183617102e-06,4.909566630664778397e-06,4.762150538550207882e-06,4.633981023700577880e-06,4.513121639955016386e-06,4.465772321870947600e-06,4.351062378929069196e-06,4.242491027300729936e-06,4.194120834176597243e-06,4.091023665177172255e-06,3.993112481326633481e-06,3.955167013667364908e-06,3.851674179537352134e-06,3.763059360963938300e-06,3.678488281617086548e-06,3.631061011051477553e-06,3.550592374257752564e-06,3.473594709890267891e-06,3.435870962901918052e-06,3.354138997061270239e-06,3.283836143077388041e-06,3.216311108362535688e-06,3.172276898192762198e-06,3.107914832891442825e-06,3.045971723730249293e-06,3.003719669816053375e-06,2.944648171383106308e-06,2.887693168727415480e-06,2.853061228314797479e-06,2.792959903116715749e-06,2.740476005102432065e-06,2.689739367041953148e-06,2.651871593029210511e-06,2.603406965735627037e-06,2.556489421523958972e-06,2.524774412444967039e-06,2.475652753530773606e-06,2.432186263620668917e-06,2.390021304509895387e-06,2.356453825338077438e-06,2.316113240319776437e-06,2.276936786674486400e-06,2.248276355310744650e-06,2.207615553759989121e-06,2.171157461689098382e-06,2.135694427584037211e-06,2.106095339584072600e-06,2.072114851052945712e-06,2.039032001061489319e-06,2.011006916266147059e-06,1.979288955736645607e-06,1.948383023151137136e-06,1.923909939152878082e-06,1.892204274677514029e-06,1.863292807586450959e-06,1.835087825258938397e-06,1.810426024412898091e-06,1.783344928309466309e-06,1.756907295533668617e-06,1.735074582553158714e-06,1.708157999594454087e-06,1.683346804541302330e-06,1.659101308739729762e-06,1.637382660647122136e-06,1.614070451657015076e-06,1.591276467003260006e-06,1.570698775793833302e-06,1.548770081614731508e-06,1.527317057529308254e-06,1.508809961608940972e-06,1.487162883360365575e-06,1.466950346995417213e-06,1.447160949710652805e-06,1.428989176555977301e-06,1.409925677361446443e-06,1.391252407629847311e-06,1.374752570736398219e-06,1.356012557348043868e-06,1.338375208386683066e-06,1.321087450011610222e-06,1.304998911565092703e-06,1.288324183525288930e-06,1.271973183567033798e-06,1.257244413716420964e-06,1.240910294811343763e-06,1.225431328513321536e-06,1.210244143100875705e-06
1.260008831818057815e-06,1.277803259022726460e-06,1.294727212234673759e-06,1.308495597434564814e-06,1.327449146629705221e-06,1.345416963504747444e-06,1.359791194857309276e-06,1.378356781114737215e-06,1.399111306584976212e-06,1.418675917598654995e-06,1.433861855691648732e-06,1.456053900349698165e-06,1.476899686860096441e-06,1.492745656591346670e-06,1.514305145343244620e-06,1.538759554055162193e-06,1.561591553216644735e-06,1.578306119446634815e-06,1.604568156942097952e-06,1.628996141706492042e-06,1.646417737909932865e-06,1.671708806054237414e-06,1.700855818347224979e-06,1.719003364201181655e-06,1.746124089662104192e-06,1.777578902371466141e-06,1.806541938811284628e-06,1.825607276082460423e-06,1.859622651770813806e-06,1.890825430772340408e-06,1.910637221384218584e-06,1.943001206258789108e-06,1.981191104587130736e-06,2.016008380957603104e-06,2.036717885891903982e-06,2.078253500924713024e-06,2.115989537328710404e-06,2.137426496850694714e-06,2.176633064883754076e-06,2.223714827276800717e-06,2.245858981737301236e-06,2.288496483994399990e-06,2.340030700747846681e-06,2.386469784701551669e-06,2.409349144049818590e-06,2.465905341537458681e-06,2.516750903613343413e-06,2.540214128652865307e-06,2.593214152053035371e-06,2.658301152487772364e-06,2.716642069496175377e-06,2.740554107936494590e-06,2.812506685228542375e-06,2.876953371038454120e-06,2.901200645239316847e-06,2.968607993266727211e-06,3.052438278513276484e-06,3.127536484242880679e-06,3.151737329682834793e-06,3.245145712000137935e-06,3.328968644868679286e-06,3.353078864291828381e-06,3.441170098081183801e-06,3.551454752687009346e-06,3.575234121317876735e-06,3.674211459450962533e-06,3.798128690186953509e-06,3.910465250007330247e-06,3.933043003209013539e-06,4.072722799543878372e-06,4.200243023107255478e-06,4.221757895729425189e-06,4.357074959213408761e-06,4.525202690185953073e-06,4.680941562396658052e-06,4.700221577538557246e-06,4.891333939557896187e-06,5.070588974597117803e-06,5.088018699668201840e-06,5.280155477533934873e-06,5.513359717098942663e-06,5.528657578272901480e-06,5.752065477201141923e-06,6.019184448943143472e-06,6.280887335629225820e-06,6.293566563280573861e-06,6.600233444686010834e-06,6.907617459227073080e-06,6.918757381248454270e-06,7.254589916180727416e-06,7.634498133222967264e-06,8.031418514071132891e-06,8.044400475985409899e-06,8.482370251764039882e-06,8.955096899386114786e-06,8.972108743553639464e-06,9.497827755673140396e-06,1.004260151707764803e-05,1.006888315148503037e-05,1.070279707977639075e-05,1.132960172299262268e-05,1.207929950783222906e-05,1.214150413963724534e-05,1.299218247981842310e-05,1.376423024331536221e-05,1.386849350086174422e-05,1.490324571167250117e-05,1.577804681900812312e-05,1.698341981422368783e-05,1.720995937156104209e-05,1.818802674104286123e-05,1.963752494325184659e-05,1.999732041043967456e-05,2.168471822552236482e-05,2.279906326032852097e-05,2.468582863765972818e-05,2.537992052295875024e-05,2.653251910931533029e-05,2.872851138422181347e-05,2.975845083902501273e-05,3.231096388359486855e-05,3.334512723493536978e-05,3.482370480204678443e-05,3.766080003071776874e-05,3.840037775411195867e-05,4.104859640415849212e-05,4.337122967142927000e-05,4.354565418908518381e-05,4.594565782040931117e-05,4.887716467835702373e-05,5.117310319387504829e-05,4.983197009607544172e-05,5.086490021524184767e-05,5.442540131095932555e-05,5.182589830227859719e-05,5.133540953183998793e-05,5.501883569216770942e-05,5.328919339469951033e-05,4.925683996944979352e-05,5.267825507598198297e-05,4.922008090549942206e-05,4.554069962890023844e-05,4.200808819026429029e-05,4.420175777136477332e-05,4.197351888563339380e-05,3.929463973603403122e-05,4.062367081853526232e-05,3.868344792972084386e-05,3.866742445978928481e-05,3.812539303415168413e-05,3.819291626972967516e-05,3.819291626972967516e-05,3.763454044933508446e-05,3.693745930127103662e-05,3.581750493739168257e-05,3.515485822731444031e-05,3.292835066735277439e-05,3.215654742093058851e-05,3.112468888578417351e-05,2.830888952695383241e-05,2.789291842236185366e-05,2.767415061122243400e-05,2.754324640855107179e-05,2.482547100319522384e-05,2.533314544063976594e-05,2.510818467213858803e-05,2.287520922851291654e-05,2.249619300795337244e-05,2.311107284153750567e-05,2.134701593633553783e-05,2.070148812794958041e-05,2.109381387863536037e-05,2.007386911121578128e-05,1.884507559385828078e-05,1.787032184769304826e-05,1.782794222118591756e-05,1.693997736692192408e-05,1.593944491697426926e-05,1.572690930253372923e-05,1.467588991957134397e-05,1.418298067510078154e-05,1.387507244916651381e-05,1.295467507761553116e-05,1.265139797819792257e-05,1.187441702416904755e-05,1.151718464755961892e-05,1.134158914641822525e-05,1.067787504993810116e-05,1.032129626242303617e-05,9.726363481114767609e-06,9.662613907195495393e-06,9.150741491350940319e-06,8.823038006802251233e-06,8.793013201569317372e-06,8.359920911433086610e-06,8.054340332946052254e-06,7.677835996292653399e-06,7.672378354993562502e-06,7.390894892406526197e-06,7.072347463562129120e-06,7.068288742702552607e-06,6.781208250772271745e-06,6.539681400789169283e-06,6.291370168532050843e-06,6.285585351013529150e-06,6.066485273960360563e-06,5.852086313240814915e-06,5.840990284061167186e-06,5.642809128604787952e-06,5.456445754759831464e-06,5.440185119404596233e-06,5.266577123111115291e-06,5.098219152084023731e-06,4.946251185826881009e-06,4.924501936839453974e-06,4.781612036567791728e-06,4.638005758380232483e-06,4.612601146411318589e-06,4.485568695227949624e-06,4.355689907356773231e-06,4.242962520349273467e-06,4.214066660703644453e-06,4.096526043448675260e-06,3.995313097211071364e-06,3.964626633532556363e-06,3.868215475161607105e-06,3.766880160719852131e-06,3.735074839915184720e-06,3.647971384319503805e-06,3.555865520204882432e-06,3.477102198657524419e-06,3.444520154736174399e-06,3.369115738307894975e-06,3.288927673376376847e-06,3.256336816299128618e-06,3.187574892844068503e-06,3.114326397239247760e-06,3.051400008759340205e-06,3.019166824175797210e-06,2.952141343198107684e-06,2.894362346198803899e-06,2.862764866258030551e-06,2.807254592007452437e-06,2.748142000791377263e-06,2.717346947144503774e-06,2.666225589752485813e-06,2.611860268560254494e-06,2.564442040364809885e-06,2.534802292810795305e-06,2.489177754719621204e-06,2.440811283008106475e-06,2.412200806676683742e-06,2.369942303002983033e-06,2.325247516526116498e-06,2.285742527352827114e-06,2.258493282235227445e-06,2.220443347650547311e-06,2.180368308983010255e-06,2.154217885196586216e-06,2.118806882564693279e-06,2.081611189020778077e-06,2.048293887568286155e-06,2.023548535819534622e-06,1.988971545408986836e-06,1.957848337506229692e-06,1.934182687727102855e-06,1.904172608454785404e-06,1.872877084478254479e-06,1.850264797047403335e-06,1.822183911844016532e-06,1.792978671070812644e-06,1.766369588574842240e-06,1.745076990597913139e-06,1.719400326529223984e-06,1.692810248198226279e-06,1.672495210264280278e-06,1.648389136412646865e-06,1.623487841693265383e-06,1.600550713347744732e-06,1.581452861631000601e-06,1.558103175309042021e-06,1.536512586250627251e-06,1.518302966082676870e-06,1.497447014787718327e-06,1.476036132735159931e-06,1.458674240776078321e-06,1.439015457169742612e-06,1.418876996886466426e-06,1.400083490300192058e-06,1.383773210743199844e-06,1.365605302044109944e-06,1.347056369956872372e-06,1.331503696208541780e-06,1.314335496934980665e-06,1.296840283053084963e-06,1.280381901706391750e-06,1.265768463277626981e-06,1.249845622447104209e-06,1.233666823147939358e-06,1.219726160493679148e-06,1.204645182589189630e-06,1.189346766441984559e-06
1.240843990157448132e-06,1.257077384580779910e-06,1.271449209761927003e-06,1.288285659643991930e-06,1.305511590363600055e-06,1.320595116768427203e-06,1.338472607790258897e-06,1.356776908009298262e-06,1.375526035883133809e-06,1.391622557563838203e-06,1.411100907059472444e-06,1.431068684244098014e-06,1.447975659851478443e-06,1.468735001907207895e-06,1.490034284355962405e-06,1.511898643279896882e-06,1.529957580480694830e-06,1.552715111071361728e-06,1.576098869671322591e-06,1.595077628748295519e-06,1.619436172603565223e-06,1.644490788328615250e-06,1.661281784102013972e-06,1.690559812585120485e-06,1.717456794062299742e-06,1.745171430934118471e-06,1.766491092315480202e-06,1.795425296525204327e-06,1.825275990575433377e-06,1.847684107113343551e-06,1.878877675241503635e-06,1.911102045922740236e-06,1.944418317050203457e-06,1.968356497233011699e-06,2.003227069751751039e-06,2.039332878360485094e-06,2.064475262276362432e-06,2.102305758784790955e-06,2.141538895171622334e-06,2.161524929676574430e-06,2.209082952125790474e-06,2.251834801183760952e-06,2.296294577556620988e-06,2.324409120224388958e-06,2.371134974872116632e-06,2.419820390440655931e-06,2.449259009123872912e-06,2.500490664596253642e-06,2.553979922265600983e-06,2.609896548278235886e-06,2.641115360296489727e-06,2.700088556486297056e-06,2.761877603165732100e-06,2.794415680510266204e-06,2.859676162217068758e-06,2.928217411656517797e-06,3.000310243615959698e-06,3.034529899486244405e-06,3.110870031739052303e-06,3.191377740991236271e-06,3.226746905231165199e-06,3.312136522189760097e-06,3.402438457416287345e-06,3.422235670983786033e-06,3.534739161232681942e-06,3.636495056334478591e-06,3.744607838642543905e-06,3.781913715311318957e-06,3.897129019643573779e-06,4.019924613426226626e-06,4.057524554331380076e-06,4.188632292574296646e-06,4.328818639056472871e-06,4.478992894381438918e-06,4.516172236466911386e-06,4.677055035359121769e-06,4.849980138707146191e-06,4.885998855826106230e-06,5.071627493702432946e-06,5.271832635116612701e-06,5.282320522719138519e-06,5.521055997020638704e-06,5.754114873354339876e-06,6.006806432598874595e-06,6.035761322798912974e-06,6.308547895863778392e-06,6.605303355029270588e-06,6.628535839131016756e-06,6.949539593182648325e-06,7.299875883075026001e-06,7.682834073311092953e-06,7.694843811887716153e-06,8.110506949911007023e-06,8.566169061924006786e-06,8.566372155634521433e-06,9.061825831844196657e-06,9.606308952843647470e-06,9.632194089569244176e-06,1.018414824742953447e-05,1.083709412529886006e-05,1.155651320855894504e-05,1.151464851056808027e-05,1.229971616569604703e-05,1.316539259286127623e-05,1.327291480505468003e-05,1.404371168675733824e-05,1.508557114353767541e-05,1.623285362551737859e-05,1.612739692932456284e-05,1.737866193958828836e-05,1.875250007613257197e-05,1.861681582022249311e-05,2.011145823500593078e-05,2.174345090261771852e-05,2.351720230413911056e-05,2.334820181038261826e-05,2.525951542531774884e-05,2.731198274189081815e-05,2.713317647161924502e-05,2.931873018725270942e-05,3.162066153924121873e-05,3.301505711822460068e-05,3.385863214413167746e-05,3.631010066821064794e-05,3.875223400412668802e-05,3.866930141893809992e-05,4.105897860426813519e-05,4.327224417760740238e-05,4.332500633141767916e-05,4.530820026540031259e-05,4.687232625844459859e-05,4.787068720459529934e-05,4.831008164082980816e-05,4.875313553324136715e-05,4.838524148879961797e-05,4.939395975537819839e-05,4.838262408681422844e-05,4.648409535553878365e-05,4.959121102022854665e-05,4.590535502013025929e-05,4.286175135205399399e-05,3.949858293415412023e-05,4.231388262138144460e-05,3.913015412910205912e-05,3.638379921449354281e-05,3.911953511431831722e-05,3.690300547793198696e-05,3.554333513333479499e-05,3.499452706321705615e-05,3.597297986171201997e-05,3.535655525316540500e-05,3.535655525316540500e-05,3.501807715654751100e-05,3.403962435805254718e-05,3.321003795229518518e-05,3.250369373894816118e-05,3.193151532472839505e-05,2.919577942490361386e-05,2.859545967856519768e-05,2.815948890327313382e-05,2.534418921604580946e-05,2.513383577928671568e-05,2.493450155095636097e-05,2.515984208131276156e-05,2.280914937326390172e-05,2.266114148367889732e-05,2.231979659092249159e-05,2.131105381606883937e-05,2.099213332168025237e-05,2.045727947935224245e-05,2.001748234162528775e-05,1.942775635806205027e-05,1.867069105608750229e-05,1.779357795707990037e-05,1.773827206418284344e-05,1.683987445992380305e-05,1.589573508909383583e-05,1.597372036324636325e-05,1.504527992860116195e-05,1.412584015529695070e-05,1.386739326872404644e-05,1.339288273521450079e-05,1.255548986223444789e-05,1.176791725928778754e-05,1.193894888343383389e-05,1.120560671975135744e-05,1.052757152409377698e-05,1.068925067245630859e-05,1.006024970980694674e-05,9.484242197375313780e-06,8.958949974196945445e-06,9.088760008525102724e-06,8.601655661320356484e-06,8.158611021285761992e-06,8.259502359700489528e-06,7.847422070807289572e-06,7.472613035306394045e-06,7.202332458510296120e-06,7.195646792865346321e-06,6.877031158134517432e-06,6.586472035842968724e-06,6.626524368809245415e-06,6.354140573214485233e-06,6.104866904700505562e-06,5.892944874517683546e-06,5.890806924550313618e-06,5.675556291014906377e-06,5.477348877166080514e-06,5.477154575586842974e-06,5.290103817468376343e-06,5.117087496460910496e-06,5.105597671566737463e-06,4.942062695649053785e-06,4.790119484142263467e-06,4.648594715030918656e-06,4.626367988572001986e-06,4.492173612430748808e-06,4.366638757044247017e-06,4.338937353212194830e-06,4.219789537061643118e-06,4.107873130640937789e-06,3.993029385813932496e-06,3.970094900527784572e-06,3.869850866837046705e-06,3.775118536692743753e-06,3.740659106125693468e-06,3.650478912420109475e-06,3.564964665495116383e-06,3.529394854585648962e-06,3.447940043475627363e-06,3.370455926640830146e-06,3.296611710663776773e-06,3.260639509081275166e-06,3.190186004783532599e-06,3.122857904454349710e-06,3.087167036771172382e-06,3.022898093905056889e-06,2.961326411025637688e-06,2.895541766704040816e-06,2.867464030391639484e-06,2.810998741823514492e-06,2.756706075165403852e-06,2.722868077678843480e-06,2.670950128980851301e-06,2.620932029996194396e-06,2.588193777503860758e-06,2.540340031985749523e-06,2.494155058339462861e-06,2.449533437476998205e-06,2.418403966281893190e-06,2.375667104957438259e-06,2.334313604627878465e-06,2.304446286433956888e-06,2.264820393415445173e-06,2.226423424802461048e-06,2.189186640791561148e-06,2.161022449569707743e-06,2.125307018738606006e-06,2.090628888397671080e-06,2.063731452606589507e-06,2.030454065109964361e-06,1.998107277785226659e-06,1.964050901540967810e-06,1.941396283541355614e-06,1.911178249989295723e-06,1.881758021722962954e-06,1.857704076937038437e-06,1.829433755450297280e-06,1.801885229694181989e-06,1.778983357448520794e-06,1.752498548610942607e-06,1.726668582886794878e-06,1.701465649554414981e-06,1.680027602956968691e-06,1.655778301988773798e-06,1.632100379800413744e-06,1.611703668039200821e-06,1.588910601820479061e-06,1.566639440936662677e-06,1.543592027197974166e-06,1.525785640572445267e-06,1.504814094734965262e-06,1.484302741562707082e-06,1.466145592086733878e-06,1.446376401480470843e-06,1.427029994372561319e-06,1.409752846757049337e-06,1.391097572581736289e-06,1.372831471901217361e-06,1.354941487115946928e-06,1.338766431515904991e-06,1.321503422429403240e-06,1.304587670867536150e-06,1.289187983827175326e-06,1.272857518908610310e-06,1.256848211607688174e-06,1.241150168725331406e-06,1.226719623374791298e-06,1.211554653509840047e-06,1.196678297646384668e-06,1.182928643256532788e-06,1.168551034097480744e-06
1.221651916124669220e-06,1.233825477616926847e-06,1.249965350955350656e-06,1.268088172880630782e-06,1.280744210765083083e-06,1.297874074812639250e-06,1.317213616943398524e-06,1.335286631492613023e-06,1.348572865279240745e-06,1.367230650773759326e-06,1.388490093865678770e-06,1.402286164031918637e-06,1.422163025975834192e-06,1.444945751588824030e-06,1.466027952967987546e-06,1.480472330580552203e-06,1.502258977922660868e-06,1.527478970423172511e-06,1.542447818288252588e-06,1.565760017936199704e-06,1.592915146478828698e-06,1.608411463996332775e-06,1.633403539970113321e-06,1.659146468049530599e-06,1.689444112547869387e-06,1.705569704962850545e-06,1.733257370945105743e-06,1.766052306200797117e-06,1.782685020296948335e-06,1.812530715940796045e-06,1.848106515824441686e-06,1.880290762858315395e-06,1.897477488273400756e-06,1.930855277915116489e-06,1.971046723706583061e-06,1.988676129364188834e-06,2.024888331541411181e-06,2.068752961593244446e-06,2.086783732763319769e-06,2.126180140748189737e-06,2.167133447963680251e-06,2.217195964392943983e-06,2.235536327475538044e-06,2.280306458784454502e-06,2.335307696637887673e-06,2.353881708602025021e-06,2.402983539701421434e-06,2.463571778500976705e-06,2.517763885039478960e-06,2.536320226297392066e-06,2.592909518745269344e-06,2.663145503357543579e-06,2.681658382174842953e-06,2.744311260145618416e-06,2.822247163024109035e-06,2.892201991044260165e-06,2.910205307395235719e-06,2.983603195812476072e-06,3.075054330647948581e-06,3.092603081595403491e-06,3.174753504293607429e-06,3.277001467813442641e-06,3.293880186161108040e-06,3.386242278509084719e-06,3.484295238800215024e-06,3.605786205485137798e-06,3.621187477035407190e-06,3.732284726125825584e-06,3.869148893578062878e-06,3.883318603055232036e-06,4.009823540022145226e-06,4.164421638980930463e-06,4.309828147576822179e-06,4.321906107366203994e-06,4.477352137461618580e-06,4.664118847806693239e-06,4.674578856759448529e-06,4.854015123491863074e-06,5.066372245699822334e-06,5.075193085085034835e-06,5.283427179061883076e-06,5.508869468965845085e-06,5.767992710069469095e-06,5.775664138856449161e-06,6.039529590158455643e-06,6.335533284590214869e-06,6.343087993491424219e-06,6.653513944963906222e-06,6.991883769584323791e-06,7.355557391701915506e-06,7.367907308916925917e-06,7.769472049077059289e-06,8.184831927122837835e-06,8.203742313798680473e-06,8.681835139109648548e-06,9.155881097868808697e-06,9.186894610708566577e-06,9.758187315845658907e-06,1.038644769874138444e-05,1.096385793256631653e-05,1.103370746362963134e-05,1.178727929074854402e-05,1.243852951547411994e-05,1.255085916959814924e-05,1.345540291932832951e-05,1.445028028789704571e-05,1.521911374233591102e-05,1.544447350562836295e-05,1.663457620047256900e-05,1.747185918451312633e-05,1.781410732160732265e-05,1.922906875183022621e-05,2.011605428142408404e-05,2.167142418237677083e-05,2.228869836770630292e-05,2.408246591321890862e-05,2.496649150510270163e-05,2.584718909860189451e-05,2.788589829737697558e-05,2.866676321270648020e-05,2.988616101640368604e-05,3.211329475306205490e-05,3.438090926877396866e-05,3.473170846024914844e-05,3.656628069438486520e-05,3.877025622823246191e-05,3.858357053417224694e-05,4.085803771608754423e-05,4.269302521619105947e-05,4.174337945083026402e-05,4.271338717619368943e-05,4.547824478934916472e-05,4.593827522128557383e-05,4.357456568707124148e-05,4.649852597759808584e-05,4.563869969402811869e-05,4.262038952312003943e-05,4.547875101505590388e-05,4.330189820218383794e-05,4.050551529656153707e-05,3.763619799272288765e-05,3.976126663252306829e-05,3.668922968577912480e-05,3.497141559128714734e-05,3.646341907114172723e-05,3.418867421231329651e-05,3.372474976971417374e-05,3.278258718466886068e-05,3.337799379380998314e-05,3.287112778246312927e-05,3.279810129795916339e-05,3.279810129795916339e-05,3.246015536339563517e-05,3.195116072595924079e-05,3.086580688929945246e-05,3.015158358035524352e-05,2.905574366286531245e-05,2.854519603495371389e-05,2.642228243215693833e-05,2.557271329233625292e-05,2.529981535495630444e-05,2.299618283946916928e-05,2.282557962686042034e-05,2.275994933275758732e-05,2.259147635252752641e-05,2.053543467122543106e-05,2.100753276449026678e-05,2.074296350693649978e-05,1.906933926918689162e-05,1.964506673256599523e-05,1.916831721249345185e-05,1.783390504224103754e-05,1.728870801614331419e-05,1.757157814880832308e-05,1.676735179505406983e-05,1.581807217506321468e-05,1.589231440222894858e-05,1.501974157107491888e-05,1.431416119342278489e-05,1.422350182392142426e-05,1.336743742685236347e-05,1.253626740284027940e-05,1.211959626388937493e-05,1.188495157955106728e-05,1.114353061676354197e-05,1.087240691421083980e-05,1.059990346611776004e-05,9.957786324658856662e-06,9.790171770042570783e-06,9.239789553457174745e-06,8.956742605380490176e-06,8.455976023118613378e-06,8.385504813005240595e-06,8.110071854237217761e-06,7.687135625602487345e-06,7.650309798845879726e-06,7.388689299658426153e-06,7.030904114946750100e-06,6.705202295289233106e-06,6.696015264221928800e-06,6.464326039171883526e-06,6.187160040311620585e-06,6.183099595639110550e-06,5.969817229919751285e-06,5.732511882296084042e-06,5.515064340905611801e-06,5.513448084792882083e-06,5.329575490306012252e-06,5.141456784492784039e-06,5.136915534574784404e-06,4.969561448649739225e-06,4.805740852251315481e-06,4.797685579675823156e-06,4.645598431514573324e-06,4.502182742293047286e-06,4.368648947902756471e-06,4.356489080182622752e-06,4.226312074003064621e-06,4.108087868784222208e-06,4.092678344214410309e-06,3.974561232270855731e-06,3.869323005390450713e-06,3.770377656079095286e-06,3.751607429186027446e-06,3.649870942920747082e-06,3.561013550851150059e-06,3.540207419004124967e-06,3.447653039716252805e-06,3.367503217801048450e-06,3.345191609475946244e-06,3.268686596399159845e-06,3.188310897417896057e-06,3.119204125806144298e-06,3.095522753687741733e-06,3.022098865647506979e-06,2.959095216195361986e-06,2.934862372754159529e-06,2.867690193541078701e-06,2.810065121846062670e-06,2.754817759493406874e-06,2.730234817450913027e-06,2.671178317180356559e-06,2.620381505768229736e-06,2.595883208851446484e-06,2.541593380972155875e-06,2.494768451641018690e-06,2.470542192659204718e-06,2.425441693174843316e-06,2.377283883015211196e-06,2.335497561243662436e-06,2.311776182064921938e-06,2.267294787477607279e-06,2.228534774869629316e-06,2.205376681984500991e-06,2.167983521386153932e-06,2.128200674562419628e-06,2.093272623870818309e-06,2.070912977580787522e-06,2.034002563262324842e-06,2.001440141388778636e-06,1.979786791878631645e-06,1.945488186605319784e-06,1.915081906415224338e-06,1.885508127948904259e-06,1.864789015299372769e-06,1.833805773178549463e-06,1.806119907386509455e-06,1.786157047548292774e-06,1.757250479661559764e-06,1.731296214108167671e-06,1.712090491397226696e-06,1.686998885666706393e-06,1.660720216759192349e-06,1.636946421734037790e-06,1.618706060196250144e-06,1.594099357597685305e-06,1.571738188606310163e-06,1.554234568153586252e-06,1.531163514973304221e-06,1.510106815126102878e-06,1.489521550165982589e-06,1.472946940435465496e-06,1.451813004734577008e-06,1.432395099487342469e-06,1.416513554773464481e-06,1.396635413037032626e-06,1.378299916457888555e-06,1.363087845484755238e-06,1.345334990142400360e-06,1.327038747484627159e-06,1.310061711808012130e-06,1.295687444853892349e-06,1.278428848648968848e-06,1.262359133820316748e-06,1.248597885754221695e-06,1.233029109710165467e-06,1.217076402298505331e-06,1.202144705717801724e-06,1.189148879595786393e-06,1.174061687918255869e-06,1.159897162469297736e-06,1.147456531639007580e-06
1.197034310214811033e-06,1.214041025001977607e-06,1.229961560943575200e-06,1.241816725366710543e-06,1.259945344436308737e-06,1.276853840930732146e-06,1.294181415707689738e-06,1.308499862329756464e-06,1.326484581287478533e-06,1.344931101966941774e-06,1.357776302087120255e-06,1.379077225622458179e-06,1.398747245254969848e-06,1.418952400674842380e-06,1.434879366004906569e-06,1.455890498403025849e-06,1.477495657155816221e-06,1.491332252128427470e-06,1.516650989350791925e-06,1.539797313003712497e-06,1.554072270979164655e-06,1.581352532384791803e-06,1.606200131455289442e-06,1.631827553599505871e-06,1.646602382768868534e-06,1.677088630394199020e-06,1.704695166092308803e-06,1.719870025529702263e-06,1.752895486818153270e-06,1.782704175492383534e-06,1.813559517067826471e-06,1.834109113179487620e-06,1.866376070462368868e-06,1.899828608012297031e-06,1.915718911881163953e-06,1.956303011708521281e-06,1.992671131523332095e-06,2.008826225513862159e-06,2.053159767120031714e-06,2.092812578497219979e-06,2.134110415004040996e-06,2.150383571738183707e-06,2.201085004637051581e-06,2.246340225044505340e-06,2.262690016689491753e-06,2.318446311965114075e-06,2.368204732748224704e-06,2.420304480844894704e-06,2.446003576979021658e-06,2.500906611875057887e-06,2.558524164633105599e-06,2.574427902863091068e-06,2.645845589992719469e-06,2.709809256050405228e-06,2.777193314052322872e-06,2.804657377451235081e-06,2.875950141421955765e-06,2.951248784491340674e-06,2.965797561959798855e-06,3.059053967567883978e-06,3.143556307104329330e-06,3.157270467062363596e-06,3.261610878584915323e-06,3.356861074666127074e-06,3.458177243484359186e-06,3.470250687304909407e-06,3.594429530460005828e-06,3.709484548620662202e-06,3.720218887919929856e-06,3.860163559738764730e-06,3.991437413659257282e-06,4.132122288787521432e-06,4.158741803526036905e-06,4.309237593101699503e-06,4.471003311379847577e-06,4.478039386539649440e-06,4.669157427910424846e-06,4.856055836153860429e-06,4.861581839044875006e-06,5.078783411367408633e-06,5.295744470696175242e-06,5.530681928122707045e-06,5.535502996327103847e-06,5.800342865487902976e-06,6.075081620353222375e-06,6.080257761533497378e-06,6.382339541883184357e-06,6.704993011145780642e-06,7.056636899792299833e-06,7.056926218613879678e-06,7.437335775524324192e-06,7.852789782074255149e-06,7.871230148927086675e-06,8.292624594158319861e-06,8.784959444475637388e-06,8.816584794471102896e-06,9.295636794206319279e-06,9.880404095104800439e-06,1.052093778629007744e-05,1.059266779573541136e-05,1.117150815467940029e-05,1.193319732072511184e-05,1.204800310064941372e-05,1.269610060143340499e-05,1.360074809486320222e-05,1.458905918794118159e-05,1.481496569018870738e-05,1.556779822813487833e-05,1.673323177273095534e-05,1.707208599620237566e-05,1.787957162832684279e-05,1.924130594751148379e-05,2.070767055216203472e-05,2.057545176868022689e-05,2.214286398132901120e-05,2.381061931492716894e-05,2.465304690321676643e-05,2.543707152491113342e-05,2.727715957288129607e-05,2.842874827514111158e-05,2.906298897152426611e-05,3.099762206035237448e-05,3.291895029334224561e-05,3.462362865034865946e-05,3.473870229964623864e-05,3.649173770681033200e-05,3.858722750116251615e-05,3.812038670693046905e-05,3.942716502283646749e-05,4.035149325904730259e-05,4.064819522893411464e-05,4.119604797873646564e-05,4.119204745227996074e-05,4.385473748681766487e-05,4.141095487442837252e-05,4.031749246855702328e-05,4.291567086169066712e-05,4.006306926256896628e-05,3.801469584685262420e-05,3.556323760796142815e-05,3.752450742864537546e-05,3.515145479163915207e-05,3.270752410594003412e-05,3.414445898843299190e-05,3.286347189837294440e-05,3.118458102871985918e-05,3.013858309681421914e-05,3.170647493176790844e-05,3.090127033861437655e-05,3.053869582952742492e-05,3.057382962653283024e-05,3.057382962653283024e-05,3.019273021942525567e-05,2.971540236999427326e-05,2.928572190836785041e-05,2.771783007341416450e-05,2.700842631095742461e-05,2.642551580445690463e-05,2.559532582930278290e-05,2.362827423326186322e-05,2.324455654017234884e-05,2.288449227539172823e-05,2.085403758884997482e-05,2.072013551719820997e-05,2.054712302334366704e-05,2.083071623291053067e-05,1.903687478811915914e-05,1.886264762265003997e-05,1.934953763238538910e-05,1.786962129223163866e-05,1.755781849742659578e-05,1.709698814169638732e-05,1.679988971934447343e-05,1.629952704273729730e-05,1.568580329545142071e-05,1.582424230887658317e-05,1.495221368248030330e-05,1.424117171650633810e-05,1.421170689190387006e-05,1.355309005109465880e-05,1.281861349110354839e-05,1.208825178920008218e-05,1.189206074088513114e-05,1.149196465940090669e-05,1.081705529111753670e-05,1.057257172339960328e-05,1.030586637669887659e-05,9.705218124564420350e-06,9.144638942637277619e-06,9.271127331399056057e-06,8.748071597157772942e-06,8.264814485353413459e-06,8.003038860059704185e-06,7.927729833754846580e-06,7.514014727872632113e-06,7.263657807293346521e-06,7.222867777615401855e-06,6.869359449977623832e-06,6.545842715729009194e-06,6.322395135612232505e-06,6.311194107490652872e-06,6.034317442089548678e-06,5.827978654173336617e-06,5.823664965676716328e-06,5.585731595088458290e-06,5.367323921161045637e-06,5.188840260212242863e-06,5.188858996041877635e-06,4.999705534615383544e-06,4.836889893302675244e-06,4.835055417124744280e-06,4.670330233115945123e-06,4.517870414617932573e-06,4.517593620699591508e-06,4.373352904253334606e-06,4.239338522906343029e-06,4.112264691701829823e-06,4.104178196836808964e-06,3.985741016483989902e-06,3.870253344406699671e-06,3.859124070528062676e-06,3.753914626062689836e-06,3.655200558417580758e-06,3.555682605555658702e-06,3.541271667637680824e-06,3.452832026644552818e-06,3.362183525085074748e-06,3.345657191095440110e-06,3.266071832441281558e-06,3.190716497023414345e-06,3.165249367896330083e-06,3.093335120883068710e-06,3.025027831403188209e-06,2.953040078017276769e-06,2.933254456944085032e-06,2.871109888390507390e-06,2.805194323704117419e-06,2.784637742104566529e-06,2.727907604946066151e-06,2.673630476268355839e-06,2.615687092347911561e-06,2.594485659436539251e-06,2.544661453205824559e-06,2.491356275752880871e-06,2.470009917167661639e-06,2.424147124589219049e-06,2.380008148711580091e-06,2.353733032286466100e-06,2.311408034218693039e-06,2.270596016160430016e-06,2.226899255876323095e-06,2.205828954941586723e-06,2.168008447729433090e-06,2.131438109333966988e-06,2.106851552962591655e-06,2.071729599816953865e-06,2.037717159314574566e-06,2.001438990157596617e-06,1.981287908070284845e-06,1.949596029637525101e-06,1.915866775013473770e-06,1.896251882777020275e-06,1.866670849884741036e-06,1.837926433140009542e-06,1.807456567999341913e-06,1.788570238514858122e-06,1.761666522894594808e-06,1.733224432437986008e-06,1.714952587300601142e-06,1.689734779273684765e-06,1.665163550692464340e-06,1.645503567299608556e-06,1.621833102485004806e-06,1.598748997360497653e-06,1.574523056982735793e-06,1.557686337820377688e-06,1.535972056625854912e-06,1.513247500018537645e-06,1.497040468408368210e-06,1.476590167010238285e-06,1.456606164635904558e-06,1.435785612149269637e-06,1.420378883677057511e-06,1.401523759415393159e-06,1.381931664330485298e-06,1.367130496902671669e-06,1.349321695917178892e-06,1.331890209930292541e-06,1.316652738975329964e-06,1.299815125789343809e-06,1.283324980741942250e-06,1.266303284064695852e-06,1.252832645268493392e-06,1.237218318465519087e-06,1.221913861129149328e-06,1.208215274486778040e-06,1.193416815838786224e-06,1.178905142207982236e-06,1.164014749512476983e-06,1.151777978251844579e-06,1.138006319959191437e-06,1.123904646690522081e-06
1.177470808936938653e-06,1.192739894944018337e-06,1.205459925804966474e-06,1.221283954731873615e-06,1.237495482377173745e-06,1.256046482936887021e-06,1.267596018619845902e-06,1.284834490579751628e-06,1.304676984285160549e-06,1.316606954043918708e-06,1.334967065185731869e-06,1.353821075399251062e-06,1.375735374029478027e-06,1.388126217651789965e-06,1.408262119897323036e-06,1.431809909056981860e-06,1.444570990615175799e-06,1.466116412519564143e-06,1.488303715806757413e-06,1.504590153382825568e-06,1.527689707896200920e-06,1.551506767784593251e-06,1.579810198385066935e-06,1.593324602425432827e-06,1.618947286267314363e-06,1.645422015361577484e-06,1.663406152108038531e-06,1.691035482419101052e-06,1.719625422496456933e-06,1.754128230754654670e-06,1.768235049784110519e-06,1.799188304614470729e-06,1.836746613315356641e-06,1.851071920577639989e-06,1.884674702199945368e-06,1.919593802312523791e-06,1.940144716929518990e-06,1.976728371412956262e-06,2.014815012293326659e-06,2.061604145247409839e-06,2.076086770856970325e-06,2.117758680395842116e-06,2.161278821082991123e-06,2.183597911220389805e-06,2.229343340526099438e-06,2.277219473698152719e-06,2.336511538688589634e-06,2.350632427209733817e-06,2.403489690593340251e-06,2.469038623266286850e-06,2.482862064034874049e-06,2.541438145912388017e-06,2.603111844726909580e-06,2.679604603495486330e-06,2.692643453066996741e-06,2.761431496442728291e-06,2.846580983052555994e-06,2.858960908557781503e-06,2.936005170028349603e-06,3.017666705494499695e-06,3.042579896125626227e-06,3.129244831355466412e-06,3.221356408464166466e-06,3.333980829832037066e-06,3.344015848588008554e-06,3.448384722965016321e-06,3.559802449495655818e-06,3.583735491977090393e-06,3.702538287403594463e-06,3.829729325965801699e-06,3.981245187946782733e-06,3.988359769840841001e-06,4.134237814296922640e-06,4.305421179226479839e-06,4.311317242847217802e-06,4.479412023481871895e-06,4.660686737466095730e-06,4.678013266676316409e-06,4.872607177049377611e-06,5.083036983089266560e-06,5.317565640870041329e-06,5.322735601365316581e-06,5.568089794396381064e-06,5.834449371561380447e-06,5.840615087162968104e-06,6.127892087994398054e-06,6.440487468510422334e-06,6.763577388843810470e-06,6.777061417419266905e-06,7.145244311439612764e-06,7.511436866856121075e-06,7.533312432237825395e-06,7.968313198701100421e-06,8.443672019290890995e-06,8.418046957205993009e-06,8.933237730364218811e-06,9.496707775727839315e-06,9.992694048492809341e-06,1.006806614231602249e-05,1.073651667580078840e-05,1.146733502087627408e-05,1.140574297213193760e-05,1.219823797635044216e-05,1.306341504894493016e-05,1.370240457822176145e-05,1.392120553812487657e-05,1.494130678989039887e-05,1.604890510084351274e-05,1.594698480105347931e-05,1.714097843355926948e-05,1.842924975144924027e-05,1.914940537649084798e-05,1.969550419681555139e-05,2.117090989919004332e-05,2.186427126316642893e-05,2.261836055376515757e-05,2.426774379618837739e-05,2.598607471390256376e-05,2.588205271709056416e-05,2.765781871671897538e-05,2.945624769115340574e-05,2.971879415491406008e-05,3.118894795305796275e-05,3.293151525472203396e-05,3.455857286350662153e-05,3.458824751061585908e-05,3.606789447038272965e-05,3.729059468387114069e-05,3.624385816487425048e-05,3.841745369745603689e-05,3.895456871782658264e-05,3.722569965553641850e-05,3.955318065976801454e-05,3.917456431925458928e-05,3.821421806127762283e-05,3.924694414065998423e-05,3.789259514816914584e-05,3.601755166748469493e-05,3.357044690564027375e-05,3.550905430756367648e-05,3.314849425315451208e-05,3.076340180399587439e-05,3.285369961158776355e-05,3.070018388494127805e-05,2.895319729643546427e-05,2.861091102180815160e-05,2.943624394968992060e-05,2.859989564255026949e-05,2.868722939074887671e-05,2.889126009312119583e-05,2.847062612768383618e-05,2.847062612768383618e-05,2.822199618574719083e-05,2.769461614376221418e-05,2.701223336676788410e-05,2.650809348551297535e-05,2.518433288117362626e-05,2.420612748455049556e-05,2.371250631683435118e-05,2.334213391165875401e-05,2.125183610406686146e-05,2.100946902036494334e-05,2.082226487463733125e-05,1.898161757263190890e-05,1.902086541845488633e-05,1.894037075043215361e-05,1.876320851901124804e-05,1.773048133977852246e-05,1.760949446388887770e-05,1.734775020060973152e-05,1.607371060194594497e-05,1.651500739095416840e-05,1.609963833026180677e-05,1.507238366143926347e-05,1.539154327774172146e-05,1.482586729602460436e-05,1.418420108128174230e-05,1.415277338160000357e-05,1.349306044333405477e-05,1.280189096296068637e-05,1.223359888766653441e-05,1.216465802053184050e-05,1.148184167668096695e-05,1.081473922689612843e-05,1.091409306497732405e-05,1.027903204721458909e-05,9.674463559683515700e-06,9.434066290826216610e-06,9.218886362704834986e-06,8.686760562448218786e-06,8.530184988603089415e-06,8.301654779990092615e-06,7.841066244274656503e-06,7.416322526971084539e-06,7.513829960416073811e-06,7.118516711473294760e-06,6.755563667912724354e-06,6.713979473359661180e-06,6.498931388589360952e-06,6.188976247142379753e-06,5.905184946781397254e-06,5.964110608737691730e-06,5.698906654192612302e-06,5.455891253625129022e-06,5.450134272696265680e-06,5.271155015339971505e-06,5.062114590150223812e-06,4.870033865791433160e-06,4.894549593104505347e-06,4.713815124496995623e-06,4.547236939557159334e-06,4.545938487650157422e-06,4.403247909635799531e-06,4.257952528431378944e-06,4.254653101959195486e-06,4.124390962482362278e-06,3.996937001341047310e-06,3.878404310068232492e-06,3.872505514506819701e-06,3.760082408711247144e-06,3.655127877031230279e-06,3.646508145116143835e-06,3.544116749970684260e-06,3.450694465412438541e-06,3.362967059023582108e-06,3.346390612718856626e-06,3.262818993287576252e-06,3.184057567556679854e-06,3.170521960009393179e-06,3.089615140184545080e-06,3.018584833357871556e-06,3.003431937640702107e-06,2.929501562035650792e-06,2.865174709538694487e-06,2.804031697624158949e-06,2.781134740663603898e-06,2.722651231795692596e-06,2.666900021986421756e-06,2.649261741111485427e-06,2.589996090595268691e-06,2.538987556932779709e-06,2.490153560074651545e-06,2.466318886565273903e-06,2.419501737188221025e-06,2.374573684439225901e-06,2.355870870224086554e-06,2.307738345290550111e-06,2.266290326105460331e-06,2.247491411016138466e-06,2.203067855937106531e-06,2.164732817648721077e-06,2.127746312922238720e-06,2.108987723856046317e-06,2.069384823227222244e-06,2.035035374516413745e-06,2.016493759735043760e-06,1.979777631299862309e-06,1.947811417343215237e-06,1.916837517553866847e-06,1.895484643314361863e-06,1.865678945708775305e-06,1.836758650543361965e-06,1.818989853613739329e-06,1.788275348986467946e-06,1.761226817790252884e-06,1.734928997232100527e-06,1.715267752413335168e-06,1.689929571769871976e-06,1.665267612579243906e-06,1.648556908130954834e-06,1.622578647320450223e-06,1.599418104060568695e-06,1.583222997598493606e-06,1.558907953787708626e-06,1.537128297989045979e-06,1.515877332796634383e-06,1.498671747448431362e-06,1.478164617597539778e-06,1.458139011238579977e-06,1.443152892340864280e-06,1.422310672589132469e-06,1.403418094704102885e-06,1.384947327913421817e-06,1.369365946628142373e-06,1.351522738281166235e-06,1.334066320521403068e-06,1.320293080297931956e-06,1.302274767617091727e-06,1.285760433183770974e-06,1.272503609942402883e-06,1.255508678796284258e-06,1.239870524250494740e-06,1.224548201271458101e-06,1.211944357114295728e-06,1.196248514071525253e-06,1.181718184378550194e-06,1.169601275430114712e-06,1.154756593735194450e-06,1.140965461815748134e-06,1.127435850307788715e-06,1.115266482397878802e-06,1.102166066039559984e-06
1.158086124195656602e-06,1.168428219897856286e-06,1.183600682045516503e-06,1.200987622851920340e-06,1.217028710591079832e-06,1.227772510452134052e-06,1.246350046731246397e-06,1.263424891445654766e-06,1.274490697331753437e-06,1.294374046821162790e-06,1.312580540353403816e-06,1.331297377044700659e-06,1.342739534512023709e-06,1.364730725353156413e-06,1.384746643345180915e-06,1.396489615496282334e-06,1.420137512668178642e-06,1.441585450132350002e-06,1.453615082024053211e-06,1.475763354645824471e-06,1.502124861041236804e-06,1.525904581760883205e-06,1.538219373266581406e-06,1.566714457860104147e-06,1.592342309038442631e-06,1.604881577374385874e-06,1.631392930718950064e-06,1.663435608108755881e-06,1.692132141400063703e-06,1.704828237454781105e-06,1.739661686860744270e-06,1.770795532462635783e-06,1.783609224775110492e-06,1.821563363877131665e-06,1.855436917247268224e-06,1.868308721322106034e-06,1.903470543913834249e-06,1.946724020092148531e-06,1.985278963648179149e-06,1.997998332341531369e-06,2.045423641910648543e-06,2.087711631311521233e-06,2.100291340355594979e-06,2.144342301857683095e-06,2.198958258454509435e-06,2.247760968268809052e-06,2.259850485152129250e-06,2.320130681875140299e-06,2.374149199116811052e-06,2.385822064283353361e-06,2.452523020592929724e-06,2.512538962994052209e-06,2.575850927600870086e-06,2.586599519998035194e-06,2.664584912631585649e-06,2.735373027194930006e-06,2.745358304317708879e-06,2.832231724993606127e-06,2.911700552519873563e-06,2.920760695861158376e-06,3.004671372668896120e-06,3.107357750230593223e-06,3.202720429511900281e-06,3.210210242921600092e-06,3.325338001241705773e-06,3.433578302078723136e-06,3.439840976892476334e-06,3.555105937318029003e-06,3.692584671856279581e-06,3.824806697530424993e-06,3.829434945895310594e-06,3.984441776595703290e-06,4.136196302598937657e-06,4.139717373560431475e-06,4.314780524942442569e-06,4.489677619874172516e-06,4.492373862319027990e-06,4.681415169178411449e-06,4.892738655464601709e-06,5.111517777177684328e-06,5.114977081579356480e-06,5.354374801289157037e-06,5.609057145896452324e-06,5.614153905148450511e-06,5.892987028139129511e-06,6.182866664083193787e-06,6.506025362150203018e-06,6.519081861628472329e-06,6.847243263059408541e-06,7.226351652478966132e-06,7.248509327663236738e-06,7.619235796057302284e-06,8.064859950039112010e-06,8.101659305204368669e-06,8.599216861056515566e-06,9.043463364535915612e-06,9.614682146523303587e-06,9.691684789618225295e-06,1.018756795976924992e-05,1.085935605552065431e-05,1.097752172822070838e-05,1.173750116201582389e-05,1.231417762232039541e-05,1.316907970349998026e-05,1.338699031866441829e-05,1.401072000268638456e-05,1.500498763135656364e-05,1.532022981234299288e-05,1.645349377531148119e-05,1.712405732115512366e-05,1.834691001238506451e-05,1.887507533602236445e-05,1.954085180916360565e-05,2.091096916797939185e-05,2.163213960659730460e-05,2.224483405647566820e-05,2.373550729668478146e-05,2.469401523459407440e-05,2.634998021831034371e-05,2.673087013899309197e-05,2.826653953278184461e-05,2.963843038670645403e-05,2.972414903056491245e-05,3.113197274895795961e-05,3.279374577707878030e-05,3.417050049224969486e-05,3.353878132476870128e-05,3.436126302858208116e-05,3.636043064996772386e-05,3.512541757955371256e-05,3.529833707360980759e-05,3.742922322772591947e-05,3.561021333291975631e-05,3.499926121252485122e-05,3.714102660597355730e-05,3.592442356030293055e-05,3.357280414449289994e-05,3.183574345073445617e-05,3.361586409199769784e-05,3.149439478744221239e-05,2.951580685349877931e-05,3.094150578880611570e-05,2.881883881533598153e-05,2.781813511466266331e-05,2.651608572001521439e-05,2.737692999626887828e-05,2.715350456539210815e-05,2.656474957746314376e-05,2.696373071895171575e-05,2.690184032291042661e-05,2.656317531002529543e-05,2.656317531002529543e-05,2.633643135857561521e-05,2.597111747196504983e-05,2.523968534319560259e-05,2.473406450420318462e-05,2.395035185563434955e-05,2.261152390957282685e-05,2.206711639317102155e-05,2.135604580848040861e-05,2.108947088796931423e-05,1.940744468114276791e-05,1.915317259610853538e-05,1.902703475900942461e-05,1.740626228698471253e-05,1.730541516100360221e-05,1.755295728216216039e-05,1.743973617049590454e-05,1.606095268929189841e-05,1.588493335611363162e-05,1.627727359497239184e-05,1.513914106073065221e-05,1.485382675908385559e-05,1.518932039770844541e-05,1.425696766308412239e-05,1.383608988904629081e-05,1.403289421772299135e-05,1.343966829405374744e-05,1.275027758710458976e-05,1.217959163571175551e-05,1.215746093961364566e-05,1.162508898279482262e-05,1.103517405041286792e-05,1.092016255968660183e-05,1.029442556379115815e-05,9.955701123129309931e-06,9.404832659314612739e-06,9.212024145701428704e-06,8.976840363305520714e-06,8.479589469346645596e-06,8.267739867120749142e-06,8.111140875735668742e-06,7.672154879325251663e-06,7.455434671960598784e-06,7.049493744055050556e-06,6.972793854359650522e-06,6.618719786578533914e-06,6.412219962102155967e-06,6.367456573774734806e-06,6.061953627190508050e-06,5.866374981284066948e-06,5.593765048650131639e-06,5.578353470268538892e-06,5.335965907810072159e-06,5.162156009011159108e-06,5.155414533918969660e-06,4.945975968364824522e-06,4.785548088042818488e-06,4.601208367964704940e-06,4.601287266580135902e-06,4.433668068196632136e-06,4.294393346524857318e-06,4.294424132289906975e-06,4.148098103221996047e-06,4.020742032439549434e-06,4.019458174278954540e-06,3.891107352428259318e-06,3.774874791492465155e-06,3.661849646255071396e-06,3.658525268908060789e-06,3.553015910286728297e-06,3.452689848659340200e-06,3.447001292265297724e-06,3.353241558724278936e-06,3.261716054165080838e-06,3.178496263862369574e-06,3.170098175821666205e-06,3.091350732645962743e-06,3.011991639032480302e-06,3.001622844286533512e-06,2.930766960703492588e-06,2.858193713912121892e-06,2.846173433079943010e-06,2.782152209980831523e-06,2.715719268611882320e-06,2.658035477424853569e-06,2.644286154316045140e-06,2.589042915076015318e-06,2.530849307603732694e-06,2.516119150137889494e-06,2.465683864462748368e-06,2.412191540026030359e-06,2.366233677344932546e-06,2.350541825966258108e-06,2.306295514923531330e-06,2.259030223230629219e-06,2.242903148627526620e-06,2.202155585947887459e-06,2.158512611283257418e-06,2.142134870867742759e-06,2.104507305678521308e-06,2.068265049239819079e-06,2.029373693549790632e-06,2.012837800746691654e-06,1.979223006581933508e-06,1.943151440439998797e-06,1.926684687695861018e-06,1.895437496774800472e-06,1.861930489339926469e-06,1.832801714035221454e-06,1.816522871198733360e-06,1.788316398945463336e-06,1.758137600429596445e-06,1.742127354924549942e-06,1.715765502629948944e-06,1.687615431779461016e-06,1.662859253293339043e-06,1.647249261339159989e-06,1.623251231015049868e-06,1.597719890675017192e-06,1.582491637274141936e-06,1.559963326116075749e-06,1.536057250676906732e-06,1.521238528996028944e-06,1.500059584308431775e-06,1.477645836033725764e-06,1.457592615384047307e-06,1.443318381732189772e-06,1.423861860660765284e-06,1.403362575943326682e-06,1.389534702172294005e-06,1.371180059401031007e-06,1.351895900375732042e-06,1.334433407456887073e-06,1.321183552643156560e-06,1.304232125280333500e-06,1.286501837829662080e-06,1.273704367498853956e-06,1.257665923238713782e-06,1.240936193560025310e-06,1.228586521008937784e-06,1.213396619220537327e-06,1.198518413604116843e-06,1.183064864934923808e-06,1.171284990649807770e-06,1.157172474948803962e-06,1.142551311699446523e-06,1.131201434399504551e-06,1.117803319276954773e-06,1.103956181153604671e-06,1.091100501693320224e-06,1.080294518829849268e-06
1.134009635853142570e-06,1.148652131840046202e-06,1.163662757307803383e-06,1.179058917132077649e-06,1.190980570192051742e-06,1.206941297431002365e-06,1.223327945529970774e-06,1.235736412416286658e-06,1.252736206738091522e-06,1.270207840032948089e-06,1.290713487675557577e-06,1.301258367476289802e-06,1.319921598605860488e-06,1.339137174092812131e-06,1.352742670290368373e-06,1.372718137185860037e-06,1.393310142386522111e-06,1.407451490391505271e-06,1.428876113162290297e-06,1.450991012822615068e-06,1.473836717121788167e-06,1.488708420178201842e-06,1.512513298821489909e-06,1.537140484009077832e-06,1.552567487980274064e-06,1.578253550156985964e-06,1.604867819405239329e-06,1.632469659538234791e-06,1.648638295522576216e-06,1.677476167219463354e-06,1.707434595757821931e-06,1.724152294531914139e-06,1.755486720684288555e-06,1.788096772328007812e-06,1.805348375029644179e-06,1.839495364037589673e-06,1.875099312503292255e-06,1.912264348917199616e-06,1.930185777279475273e-06,1.969181966212070097e-06,2.009970654599920701e-06,2.028345175433355392e-06,2.071198674581958882e-06,2.116117234816577452e-06,2.163259570519682015e-06,2.182138752080590318e-06,2.231781192175962968e-06,2.283999042407486147e-06,2.303152495187864256e-06,2.358217953147846572e-06,2.416275775759266313e-06,2.487782231527936313e-06,2.496896003850771940e-06,2.561697763529165207e-06,2.630280645233317372e-06,2.649539101862415133e-06,2.722156681565980052e-06,2.799203296399402627e-06,2.818177663882644694e-06,2.899885383090567293e-06,2.986796473463752393e-06,3.079372255463359579e-06,3.097527958431145674e-06,3.195974902611131086e-06,3.301105965741931801e-06,3.318225159331093053e-06,3.430206269088328993e-06,3.550094358506195969e-06,3.678620539300564021e-06,3.693627076010351221e-06,3.830910588146661961e-06,3.978447478746308405e-06,3.991183356348723656e-06,4.149026916873198026e-06,4.319062766328640001e-06,4.328801071110849644e-06,4.511001852650932997e-06,4.707720022241303426e-06,4.920341041868078582e-06,4.924703896438774281e-06,5.153116280763723473e-06,5.400480916009229294e-06,5.399576289477506995e-06,5.665674435163588675e-06,5.954351202673336901e-06,6.267737445045399619e-06,6.257865535435974490e-06,6.595648567245363951e-06,6.962787228847226392e-06,6.944563574276386609e-06,7.340632131946121669e-06,7.771451750275693699e-06,7.743412137889227610e-06,8.208456456012342824e-06,8.714408431283392380e-06,9.264678506224739184e-06,9.221420530273457877e-06,9.815433677969397184e-06,1.046084521252681211e-05,1.040500369431981631e-05,1.110119684864906622e-05,1.185608882917265825e-05,1.267316341073145286e-05,1.260041302645353290e-05,1.347889054915658097e-05,1.442560098970615325e-05,1.434181792553069427e-05,1.535573876804606104e-05,1.644125158520608191e-05,1.759791987727984497e-05,1.750556354561598094e-05,1.873067600660728840e-05,2.002079134222925451e-05,1.993018341828755750e-05,2.128037374523496561e-05,2.267771102431358421e-05,2.259948531303425801e-05,2.403524029592488123e-05,2.548283304541928862e-05,2.691511096404122465e-05,2.687732554288938867e-05,2.827597094633016862e-05,2.958836665627679393e-05,2.960913085221496561e-05,3.081411194830648026e-05,3.183573476388066182e-05,3.261595080629960445e-05,3.278831593918854644e-05,3.332600386410940316e-05,3.351483104621243489e-05,3.390057014471859099e-05,3.378759935720893759e-05,3.325341571768387081e-05,3.397147131052160652e-05,3.313687860312194045e-05,3.189013537666374458e-05,3.028065433246312921e-05,3.156933592672462436e-05,2.982479765356623575e-05,2.792772556298267643e-05,2.956415089856760119e-05,2.773673298470647982e-05,2.605713178856911005e-05,2.468749791946050400e-05,2.629698588194340146e-05,2.522542671037435430e-05,2.458060948913253925e-05,2.564364714005293522e-05,2.512426425465701072e-05,2.487750142743704320e-05,2.504155738611282340e-05,2.479250842024421130e-05,2.462845246156843110e-05,2.428793900832316429e-05,2.397656900420935258e-05,2.291353135328895660e-05,2.239164929631408166e-05,2.194416626741214975e-05,2.033467830492925567e-05,1.988476781713689176e-05,1.954421578384437345e-05,1.927504965799842413e-05,1.763862432241349598e-05,1.748905592349128956e-05,1.734829926320121264e-05,1.605961766809491055e-05,1.603097923207295872e-05,1.594288035905546528e-05,1.577318371809481733e-05,1.505512532204657943e-05,1.491813790829258405e-05,1.467657229149879036e-05,1.429077405382640033e-05,1.403434526899511964e-05,1.367856983283582462e-05,1.350584609378511542e-05,1.311599808107856866e-05,1.265237316715851538e-05,1.213425579009913499e-05,1.211210861176785278e-05,1.158024497931496020e-05,1.102457951962837415e-05,1.105995513187097599e-05,1.050748647903205719e-05,9.955055697742298489e-06,9.412480721122892552e-06,9.487170857429528756e-06,8.967289056196332708e-06,8.468789830765585520e-06,8.555438005761308105e-06,8.083715501829417632e-06,7.638630700612311641e-06,7.726980657862713556e-06,7.308754139612851196e-06,6.918304210803388015e-06,6.555479352715655404e-06,6.635634476293776184e-06,6.296519019613286839e-06,5.982998720724589837e-06,6.052599522922500235e-06,5.759506511398474035e-06,5.489270778692032471e-06,5.240449788339358268e-06,5.293873860384042073e-06,5.060902352721515545e-06,4.846430929272584257e-06,4.887816222579075559e-06,4.686581809628079721e-06,4.501157855035488458e-06,4.330240152063389005e-06,4.357065901316997890e-06,4.196135868239329615e-06,4.047476373329793497e-06,4.064911107528693812e-06,3.924629355989004511e-06,3.794702802232813000e-06,3.804147346929119058e-06,3.681295378062216031e-06,3.567175850527259141e-06,3.461007292356416393e-06,3.461872756694182154e-06,3.361136397155151547e-06,3.267109135815610377e-06,3.262935153614729570e-06,3.173573712182208566e-06,3.089884237741131113e-06,3.011365052123668448e-06,3.002048328366543967e-06,2.927202445951092197e-06,2.856744825286162010e-06,2.844560296656189453e-06,2.777315991129360307e-06,2.713808147328441023e-06,2.699451258711477771e-06,2.638772359838551863e-06,2.581285974624308501e-06,2.526728120289151456e-06,2.510350033837564009e-06,2.458106500652067657e-06,2.408380375860957064e-06,2.391010651565997844e-06,2.343353972954877803e-06,2.297869827789120858e-06,2.254390914564050925e-06,2.236237966565291735e-06,2.194495356103629828e-06,2.154494880618646962e-06,2.136070141979367205e-06,2.097642369233381187e-06,2.060734322226608219e-06,2.046382270539695367e-06,2.006767952193131345e-06,1.972620573680552809e-06,1.939713632873177191e-06,1.921389352360218397e-06,1.889716168891098228e-06,1.859136791791021480e-06,1.841074909020121454e-06,1.811627428691447518e-06,1.783148214264334534e-06,1.755577598089184757e-06,1.737998528774433839e-06,1.711420650961863070e-06,1.685652265333529566e-06,1.668506673660384742e-06,1.643655562683954948e-06,1.619528253627739730e-06,1.596084643098763132e-06,1.579579879658577697e-06,1.556951088839443854e-06,1.534937240695704052e-06,1.518943267944146665e-06,1.497686417970154730e-06,1.476984472494246482e-06,1.461515793051105851e-06,1.441518098787101226e-06,1.422022697272285478e-06,1.403005682359228176e-06,1.388246528932211122e-06,1.369863185751568071e-06,1.351915062563317494e-06,1.337687170515031780e-06,1.320330893924072316e-06,1.303371654644663616e-06,1.286792510903836932e-06,1.273263356100993861e-06,1.257220628034524513e-06,1.241526181496625043e-06,1.228509680936610001e-06,1.213317830404185889e-06,1.198445873584768570e-06,1.186957461356960632e-06,1.171528998391266833e-06,1.157422846898452715e-06,1.143600320065922291e-06,1.131729028212291184e-06,1.118336919974823472e-06,1.105206853951058335e-06,1.093801301262775635e-06,1.081075873476828040e-06,1.068593023141106818e-06,1.056344647853076121e-06
1.112946392635943137e-06,1.129208900269458139e-06,1.144091365609539836e-06,1.153331233127261133e-06,1.168651186651787710e-06,1.186551939627977773e-06,1.196012256136336152e-06,1.212329281029618667e-06,1.231509468813407880e-06,1.248897375615633843e-06,1.258590037861474301e-06,1.279178503899251489e-06,1.297780659367379074e-06,1.307657034463060616e-06,1.326841463980944305e-06,1.349741479779393535e-06,1.359780383322995028e-06,1.380360484821469667e-06,1.405065693642099534e-06,1.427215929271271560e-06,1.437368167179539255e-06,1.460253724529006882e-06,1.487964439520609796e-06,1.498202139541126084e-06,1.522905146892928042e-06,1.552963517196217197e-06,1.579771379621259641e-06,1.589979278919511468e-06,1.617744453643455129e-06,1.651767155166980028e-06,1.661942904188814355e-06,1.692127840279195875e-06,1.729248180941786677e-06,1.739329308523856237e-06,1.772243195705313789e-06,1.812835959674793805e-06,1.849011743589980399e-06,1.858752076857492432e-06,1.896394998929386600e-06,1.942963738244935071e-06,1.952417515296136530e-06,1.993814059719270036e-06,2.045053031224695496e-06,2.090999645259181341e-06,2.099806725254103888e-06,2.147838345380206911e-06,2.207216851997281398e-06,2.215492367512555047e-06,2.268813451275192928e-06,2.334552377964964071e-06,2.394319884427797608e-06,2.401598098458023002e-06,2.474544940829202640e-06,2.541396148185651340e-06,2.547874127451489789e-06,2.618356455497330214e-06,2.704057961980981834e-06,2.709624159685715878e-06,2.788986204546488964e-06,2.884634675530262512e-06,2.974725037026541942e-06,2.978918080647393971e-06,3.074655356979470592e-06,3.188047699788006325e-06,3.191219344207312492e-06,3.300170380753231135e-06,3.427352934698590579e-06,3.551943663334984935e-06,3.554035184542139547e-06,3.687686519896201285e-06,3.839573603442502410e-06,3.841068933976997676e-06,3.994746816068678753e-06,4.165696861947720741e-06,4.167038622771469774e-06,4.344409484648836936e-06,4.536929943788812575e-06,4.740919752653192287e-06,4.744300453172022539e-06,4.966509953499925419e-06,5.197478081028631624e-06,5.203548361584049349e-06,5.462219927872603129e-06,5.722171451345237840e-06,6.019402805181843818e-06,6.034990209685791102e-06,6.362717252503647047e-06,6.673325208950878428e-06,6.699039138442049589e-06,7.082705830149758965e-06,7.430096717210991748e-06,7.471136825970474017e-06,7.920746795961882837e-06,8.307300215950759437e-06,8.817680075727819111e-06,8.897771022514132781e-06,9.469787873687796580e-06,9.918899576958658512e-06,1.003744920032603356e-05,1.070588320857736257e-05,1.119376585602704502e-05,1.193645063326069636e-05,1.214356367175125481e-05,1.298232690757911862e-05,1.351771432554772238e-05,1.380828254878071049e-05,1.477249950795418476e-05,1.532093502303155772e-05,1.634914473026341045e-05,1.681492282661074648e-05,1.797208784880611386e-05,1.848849119016588262e-05,1.910808110259006466e-05,2.037763300602807239e-05,2.081643400650090583e-05,2.162052845893495034e-05,2.296481847188913271e-05,2.325980664040763207e-05,2.450456869172405733e-05,2.562284430374225583e-05,2.692754305346237867e-05,2.683319698382556127e-05,2.817016404785581139e-05,2.929560375004453337e-05,2.882114140180629724e-05,2.954016987380627708e-05,3.114045483037344083e-05,3.165823518820110228e-05,3.046644163915726455e-05,3.218388106507286231e-05,3.210514645389080861e-05,3.048502162726195270e-05,3.224400244255015479e-05,3.149349561701906902e-05,2.962568169846922772e-05,2.840807837285166184e-05,2.997171321273166597e-05,2.833763188712975836e-05,2.662422923409392403e-05,2.796558801089394744e-05,2.619820402066296244e-05,2.504612956426641377e-05,2.372762712740598997e-05,2.462534931052715422e-05,2.349866681298295410e-05,2.334964672308136111e-05,2.392335523140538855e-05,2.339507203906853657e-05,2.346569317421564154e-05,2.328656632431430786e-05,2.331042081585283878e-05,2.331042081585283878e-05,2.307368771238089563e-05,2.275675036640645481e-05,2.228143264053704902e-05,2.190895244639649896e-05,2.098888304220830744e-05,2.026325278328098704e-05,1.986070443081813011e-05,1.859182905395931210e-05,1.819975669293655060e-05,1.774389247288156676e-05,1.756257008336534669e-05,1.616556595550481059e-05,1.606369085210612507e-05,1.599768666301088835e-05,1.471070048287422300e-05,1.462715547453865319e-05,1.488339040100473819e-05,1.476044571086349859e-05,1.368948693800478216e-05,1.404948954599997363e-05,1.384050298539329520e-05,1.295224271173110535e-05,1.328377081155788203e-05,1.295786736765375269e-05,1.222283682952603433e-05,1.186916403492319856e-05,1.201913197560703918e-05,1.153778321170763173e-05,1.098460381544394416e-05,1.102266862907277364e-05,1.050359927652000202e-05,1.006798691152387003e-05,9.587742474691398516e-06,9.497661992118354974e-06,8.987027222565004389e-06,8.698796232253225088e-06,8.561351577291115793e-06,8.089541330286170937e-06,7.882507030376661794e-06,7.718216561068666739e-06,7.294831168654911902e-06,7.151492964493568158e-06,6.779947870232547273e-06,6.601999767754161038e-06,6.254608083438541146e-06,6.178798559644600960e-06,6.002337910907298271e-06,5.701340266559917686e-06,5.654407557891757781e-06,5.388656220153950540e-06,5.224158317609873236e-06,4.984529343516109581e-06,4.965611641119034099e-06,4.810777272836574942e-06,4.604152515124051061e-06,4.594804028044933652e-06,4.409227852549765768e-06,4.271918828287163469e-06,4.107237129539552938e-06,4.106278861714264184e-06,3.979532272227515528e-06,3.836462416291172300e-06,3.836824969645727620e-06,3.720308119180925495e-06,3.595448795742224050e-06,3.595687672677322595e-06,3.480585147140488658e-06,3.379393487519297243e-06,3.277601016591113007e-06,3.277073871046714835e-06,3.184466390857292224e-06,3.094484980228889815e-06,3.092279907619804163e-06,3.008015893408190884e-06,2.927651526410153328e-06,2.852730852662660896e-06,2.848469078172674634e-06,2.774913584891339164e-06,2.707806232453323869e-06,2.701835899176767311e-06,2.634485390821077827e-06,2.574096066828389723e-06,2.566606347074289410e-06,2.509143562719676552e-06,2.450308539461109725e-06,2.398566040794941108e-06,2.389405816974478659e-06,2.335363378067883808e-06,2.288259870348290719e-06,2.278047501502708424e-06,2.232875154935777983e-06,2.185304679305651620e-06,2.144203225892968704e-06,2.132882766053697971e-06,2.089009805629977919e-06,2.051223149849569343e-06,2.039297571624098832e-06,2.002867059381962691e-06,1.963929135418431599e-06,1.951563416377617813e-06,1.917920485913400914e-06,1.881852257507157021e-06,1.850816371782966674e-06,1.838037082908035270e-06,1.804577027623774589e-06,1.775738688695998234e-06,1.762820466496707110e-06,1.734897013965430546e-06,1.704873564005149329e-06,1.678885493126953222e-06,1.665889155268701882e-06,1.637916858163846430e-06,1.613621245535864577e-06,1.600692320909989803e-06,1.577123550180013338e-06,1.551836349410478885e-06,1.529732649497403900e-06,1.516952788735961613e-06,1.493298138802940627e-06,1.472531865438715587e-06,1.459951059163399667e-06,1.437793177579134580e-06,1.418253162995021216e-06,1.405908968001877326e-06,1.386926066242937217e-06,1.366712348949139892e-06,1.348754112817944027e-06,1.336741748158666508e-06,1.317739025560883092e-06,1.300777912473543114e-06,1.289061684789841704e-06,1.272572988350128645e-06,1.255136631609484737e-06,1.239458122099819312e-06,1.228136037166329857e-06,1.211691104369205251e-06,1.196837194593687670e-06,1.185839090689820102e-06,1.171391817496108874e-06,1.156224668048787144e-06,1.145554788411128817e-06,1.131851445029917695e-06,1.117504986018536021e-06,1.104400293549990424e-06,1.094154230296939714e-06,1.080570170519885187e-06,1.068111300499798465e-06,1.058194214936404943e-06,1.046070004802560605e-06,1.033464406194275886e-06
1.093919950496991468e-06,1.108220064300412067e-06,1.118716890860531101e-06,1.133532669006834557e-06,1.148757347108171701e-06,1.157475677788609592e-06,1.175425409013186563e-06,1.191664518652654340e-06,1.208381773845622847e-06,1.219791424364229431e-06,1.237146522103951027e-06,1.255034612535979192e-06,1.266846462820530632e-06,1.285432637331292506e-06,1.304614634012153978e-06,1.313737590411793329e-06,1.336780122467517667e-06,1.357396148636862601e-06,1.378720395800621686e-06,1.391478494158429102e-06,1.413688544266422210e-06,1.436696322337147640e-06,1.445877105426443880e-06,1.473841853456118632e-06,1.498730344891665765e-06,1.524578681188941118e-06,1.538253341013990228e-06,1.565249395609831104e-06,1.593334981344334990e-06,1.602299680364131839e-06,1.636740659628617599e-06,1.667346434967512789e-06,1.676146224112342295e-06,1.713761874426045485e-06,1.747215764253803242e-06,1.782187747700347784e-06,1.796953619349543716e-06,1.833636732662207980e-06,1.872061523129703735e-06,1.880074368295186736e-06,1.927410465177448020e-06,1.969770940240570708e-06,2.014288519960812654e-06,2.029465018592254073e-06,2.076326233476274879e-06,2.125680703602085229e-06,2.132374570891843938e-06,2.192903705052226353e-06,2.247818294788944248e-06,2.305855879922648382e-06,2.320877155823147376e-06,2.382203372717603123e-06,2.447164399756054171e-06,2.461855744033350721e-06,2.530598248164529333e-06,2.603581876291449055e-06,2.607465411761233186e-06,2.695076061377011951e-06,2.777382816902174584e-06,2.865075891321141743e-06,2.878081708061799262e-06,2.971252710347196705e-06,3.070744431415381159e-06,3.072329714736525857e-06,3.188368825400522210e-06,3.301663478186205744e-06,3.423047029795570096e-06,3.432496933144462690e-06,3.561974446349657530e-06,3.700983232065504832e-06,3.701230505564679850e-06,3.856592949669003771e-06,4.016321369725943550e-06,4.016646532105803340e-06,4.191356487647587638e-06,4.375471958395915058e-06,4.574045015322658655e-06,4.573196276346506084e-06,4.786035620782881677e-06,5.015928639437027426e-06,5.021815934153146441e-06,5.257007364502368308e-06,5.523771119800216913e-06,5.812378158787198751e-06,5.798998138744664465e-06,6.109107808764351558e-06,6.444838746766028912e-06,6.471410671931725074e-06,6.785397924301625850e-06,7.176247019411554244e-06,7.218527070165102549e-06,7.568186110026801425e-06,8.023157876949741393e-06,8.515383393789693087e-06,8.475152890411440933e-06,9.004130474086909935e-06,9.575579816079630315e-06,9.694777840473428731e-06,1.013934082398385674e-05,1.080034449473362074e-05,1.151124728603481963e-05,1.144963483240570228e-05,1.220975100595986495e-05,1.302344172005464828e-05,1.330811431827961337e-05,1.382097864528142568e-05,1.474216114453209735e-05,1.571707188197802977e-05,1.564384095641058986e-05,1.667016821223268118e-05,1.774392908815583555e-05,1.833648197657525010e-05,1.879084157044569049e-05,1.994050890672175152e-05,2.070288208715190980e-05,2.105634248638140417e-05,2.223699304167310440e-05,2.340272564807975860e-05,2.337431341585565663e-05,2.451210540266593330e-05,2.558383191911355579e-05,2.683014370615972323e-05,2.658975388014455838e-05,2.744628239508399930e-05,2.812754922593260000e-05,2.825075536685953503e-05,2.875593984993096233e-05,2.900921739614221515e-05,3.059471126979317735e-05,2.931411407613190005e-05,2.903689810355911647e-05,3.065494233114885727e-05,2.903824355210869940e-05,2.821214406126879078e-05,2.708565103865109578e-05,2.802329196689312565e-05,2.675493614688455470e-05,2.529964043365971036e-05,2.654429318482847102e-05,2.508662418055398043e-05,2.362452255949804258e-05,2.228922778935818979e-05,2.370290598621762140e-05,2.256925438509464077e-05,2.172686229831185774e-05,2.233830034883281556e-05,2.224088628383606923e-05,2.186479001710192090e-05,2.172282672297168649e-05,2.210304584578157269e-05,2.186273750440057925e-05,2.186273750440057925e-05,2.169282637051760638e-05,2.131260724770772018e-05,2.092280894437540423e-05,2.055185731157850609e-05,1.997753666795976189e-05,1.902729650567976962e-05,1.859684456702112581e-05,1.823873918761320222e-05,1.682506099075377061e-05,1.652243422591483321e-05,1.628814317128065163e-05,1.608562990623939825e-05,1.483553489711313686e-05,1.473610425401622302e-05,1.462470089494468906e-05,1.368705995739081434e-05,1.365356235539516877e-05,1.356485960964575912e-05,1.385941083997121206e-05,1.290195607351148814e-05,1.276477252026315747e-05,1.308056793419182554e-05,1.227595057101101082e-05,1.204566265464109042e-05,1.174273812628452753e-05,1.161920696212531611e-05,1.129021263650063672e-05,1.090733797466013730e-05,1.098298398124898866e-05,1.046825827331184274e-05,1.003409733307007308e-05,9.581402233642623802e-06,9.607958439396596778e-06,9.156572923575553657e-06,8.703929242374380717e-06,8.590289731951166184e-06,8.314235698703131003e-06,7.883870604829781964e-06,7.737116990103100016e-06,7.535834831264204562e-06,7.140607355501083914e-06,6.765130489721363529e-06,6.835182215673737391e-06,6.480490524954302018e-06,6.147066483131416791e-06,5.978273739242433251e-06,5.900925751685267057e-06,5.608122855102208224e-06,5.335686857039268953e-06,5.394631829321204353e-06,5.139107526127777505e-06,4.902159154192629803e-06,4.751192386310911539e-06,4.730294902366017953e-06,4.524477577445873827e-06,4.334129035471908431e-06,4.372617916994601809e-06,4.193738338864681008e-06,4.028285594429981115e-06,3.903868278093207853e-06,3.902380878827161121e-06,3.758182953740799946e-06,3.643651516386084645e-06,3.644129867514676702e-06,3.518034989581068628e-06,3.401031189940021581e-06,3.413831975432898086e-06,3.303148647803621394e-06,3.200209888782436261e-06,3.109016315484180764e-06,3.109718032645297476e-06,3.018758441583984453e-06,2.933834352052775094e-06,2.934646348263564278e-06,2.853915427640310384e-06,2.778323327542518420e-06,2.705871287273565310e-06,2.703429874152816577e-06,2.635841280890993594e-06,2.569481813382795486e-06,2.565451965905720016e-06,2.504754001312341745e-06,2.447489510916498255e-06,2.438448703404087213e-06,2.383707103682677825e-06,2.331909933885246411e-06,2.278697380078442148e-06,2.271567368981148530e-06,2.224528184483197361e-06,2.179820732071514676e-06,2.167377950240548937e-06,2.124497466870841420e-06,2.083632685430859961e-06,2.040471804647197956e-06,2.031094059814933011e-06,1.993612630349629506e-06,1.957749441412426273e-06,1.943694100230004074e-06,1.909204388033656966e-06,1.876126566801357903e-06,1.861755577068098497e-06,1.829922312962992274e-06,1.799325389455384773e-06,1.766434799553113005e-06,1.755339239950537289e-06,1.726960827785175226e-06,1.699596480765925031e-06,1.685076988050127547e-06,1.658690026043891898e-06,1.633199738069401210e-06,1.605722329503322369e-06,1.594205987341696195e-06,1.570408913767714101e-06,1.547359096079198279e-06,1.533232453889890356e-06,1.510970340765593693e-06,1.489375327370398669e-06,1.466149669116369092e-06,1.454653555932019784e-06,1.434384955368364185e-06,1.412625081181834748e-06,1.401248441530764490e-06,1.382192667865575191e-06,1.363645512087823854e-06,1.350562842063429987e-06,1.332619038656572913e-06,1.315134870025700232e-06,1.296476417159224088e-06,1.285498853030134664e-06,1.268993787700800182e-06,1.252885461047877045e-06,1.240679673621398929e-06,1.225078492582794711e-06,1.209838718624585678e-06,1.193690792442343638e-06,1.183255642759669535e-06,1.168820807382626086e-06,1.154701914337475388e-06,1.143401410951843918e-06,1.129713967046731774e-06,1.116316387719344692e-06,1.105400672466585916e-06,1.092408419667282241e-06,1.079682747090389006e-06,1.066336709126101320e-06,1.056801746463822292e-06,1.044702941536327609e-06,1.032840731633798472e-06,1.022798323270719914e-06,1.011285233480510003e-06
1.075341016121662544e-06,1.083225349012987353e-06,1.097465248979317908e-06,1.114259175610398727e-06,1.122279077144768362e-06,1.137452990239794026e-06,1.153070186619623316e-06,1.171657375680839370e-06,1.179791339132471657e-06,1.196485750643400381e-06,1.216464858285475642e-06,1.224687164762426346e-06,1.242571096209560551e-06,1.264087452089201364e-06,1.272372470744090456e-06,1.291573690611069588e-06,1.311429772101674081e-06,1.335508659076065602e-06,1.343772509518800551e-06,1.365173701464200598e-06,1.391241238120671702e-06,1.399483022979129574e-06,1.422608780512436536e-06,1.446620019793296259e-06,1.476046367422090588e-06,1.484119660264323687e-06,1.510180189787748461e-06,1.542213325165560406e-06,1.550145027321548272e-06,1.578511701572329992e-06,1.608099178800771279e-06,1.621186798564998510e-06,1.652156937204171150e-06,1.684521629379891662e-06,1.724473607078028296e-06,1.731739764048417791e-06,1.767256032303269734e-06,1.811092142547070617e-06,1.817980055348356029e-06,1.857084187025639580e-06,1.898162454431014045e-06,1.948748619320748874e-06,1.954912799215993470e-06,2.000392333869522916e-06,2.056213875058530336e-06,2.061796627029314162e-06,2.112328114301851841e-06,2.165704944449327696e-06,2.230713961183497634e-06,2.235314417416561597e-06,2.294967568453108981e-06,2.367094027077441045e-06,2.370926996483364564e-06,2.437840501646109997e-06,2.518013883338937623e-06,2.521017306729990755e-06,2.596353088617905357e-06,2.676559951924794821e-06,2.770997664763843533e-06,2.772898162903482251e-06,2.863733054861810756e-06,2.969169528969310080e-06,2.970302923510023397e-06,3.073546569651919899e-06,3.184061609769097980e-06,3.309056310043798718e-06,3.309676109558808700e-06,3.435985466022236960e-06,3.575958155869644152e-06,3.576478500966679229e-06,3.721316320399541806e-06,3.877098510823825519e-06,3.879121114188867159e-06,4.045721908110062117e-06,4.225207140558831544e-06,4.411842280379715451e-06,4.415915258983961345e-06,4.623261502939420271e-06,4.832252534757429000e-06,4.839835086629709943e-06,5.079921129336435711e-06,5.339368749913246467e-06,5.587229492815909033e-06,5.605359707489739412e-06,5.906551768381484020e-06,6.182651292292827792e-06,6.211458300731570163e-06,6.561434497013641961e-06,6.939954804382661956e-06,6.911968202952001203e-06,7.318690324936739628e-06,7.758360080565065151e-06,8.113486709772189408e-06,8.194868783443758905e-06,8.704783926618277722e-06,9.091380996527229720e-06,9.208155190891157928e-06,9.797774546429993965e-06,1.043198106645502944e-05,1.086128859154515496e-05,1.105616051630599366e-05,1.178302168721639669e-05,1.223088224281440929e-05,1.249715777606106483e-05,1.332256004953693372e-05,1.419834428090074646e-05,1.464689546046951073e-05,1.505789833403230452e-05,1.602978089375209524e-05,1.644778628861143043e-05,1.698237585539549705e-05,1.803608083603101277e-05,1.911841059034555585e-05,1.906615114857298043e-05,2.017069815392910645e-05,2.127862902910017184e-05,2.142466149908737932e-05,2.234680990057894362e-05,2.341251301909576702e-05,2.333972717753568326e-05,2.442943432413538195e-05,2.535846557748884424e-05,2.616429381946322122e-05,2.561882349353657317e-05,2.691525243214119517e-05,2.739849082075804755e-05,2.648702247832948592e-05,2.788329645935876789e-05,2.793032912950340455e-05,2.769360263429144147e-05,2.812314899331348720e-05,2.766791857104752825e-05,2.691451332805549468e-05,2.532950723607028584e-05,2.667789131689997191e-05,2.549241906247533623e-05,2.399288389382092844e-05,2.520939075534806703e-05,2.380439121448926486e-05,2.237696158854823891e-05,2.144567431434790875e-05,2.233451343494135559e-05,2.118058967687259169e-05,2.079893360677888086e-05,2.144916248414051964e-05,2.075426509113643855e-05,2.034909932726694615e-05,2.048312118809253731e-05,2.075025466921329897e-05,2.057950075424418610e-05,2.053921208889253770e-05,2.053921208889253770e-05,2.039669506074562211e-05,2.014589468750085778e-05,1.968160148170182728e-05,1.916781173463886454e-05,1.877412176459658492e-05,1.842430630160464327e-05,1.746715257061638241e-05,1.688259280982310639e-05,1.658516562089223936e-05,1.545343964676316415e-05,1.506929726512517157e-05,1.491153708049903213e-05,1.478261310733466858e-05,1.363947802068614742e-05,1.365099274021726116e-05,1.359397279468024875e-05,1.257097254292493809e-05,1.279604250672671086e-05,1.274194404725867639e-05,1.262117168333407175e-05,1.219161850678591389e-05,1.207649063781952909e-05,1.188572462458310419e-05,1.118257159105560375e-05,1.144341309481569427e-05,1.116411591229966299e-05,1.057628200561520142e-05,1.075195075515774794e-05,1.039482299729536492e-05,9.999923296565025587e-06,9.550070840520734198e-06,9.579564503684393544e-06,9.155023522516079389e-06,8.794605567406262427e-06,8.753575107960824144e-06,8.327132366690833461e-06,7.905559723541126011e-06,7.955430845569716976e-06,7.548059213544627736e-06,7.154107488910788153e-06,6.971798212186282635e-06,6.837676260222697296e-06,6.479799573616665636e-06,6.349367058322773207e-06,6.203684666128216714e-06,5.884643343583108229e-06,5.585466862490119096e-06,5.512018810793577715e-06,5.364098060809426564e-06,5.102098825727481135e-06,5.054391653500348661e-06,4.910437054581926435e-06,4.682122323737690533e-06,4.470445189237522362e-06,4.448832702972118447e-06,4.316442536399580182e-06,4.132606595322020256e-06,4.120854734991740186e-06,3.996740723821136413e-06,3.836921712956779240e-06,3.689015686740774467e-06,3.715790719714392634e-06,3.576550596657049941e-06,3.447556328498738726e-06,3.447382127141078720e-06,3.345820188671557128e-06,3.232922690717530011e-06,3.233558676483610357e-06,3.140072148969625709e-06,3.040873609484833460e-06,2.948549547785158958e-06,2.949483452047741311e-06,2.867967934214012451e-06,2.786298002856652767e-06,2.786190258702625396e-06,2.711406926622092255e-06,2.638834914103911736e-06,2.570839222759682033e-06,2.568904179932027303e-06,2.504125624602884249e-06,2.443254359943289031e-06,2.440348926348345668e-06,2.380501978895233453e-06,2.325765541714440181e-06,2.321546716440860510e-06,2.266585791288391267e-06,2.217153658691643859e-06,2.170356828007169811e-06,2.164634706619683692e-06,2.116402784328963999e-06,2.073845684946419630e-06,2.067092897899277135e-06,2.022658827563357340e-06,1.983808554186016346e-06,1.946768346812918156e-06,1.938879887147139544e-06,1.899602502765687675e-06,1.865579380527901566e-06,1.857004016269648203e-06,1.820675934376351075e-06,1.789321743996818396e-06,1.780199435645320185e-06,1.746551729723395205e-06,1.717568569366048349e-06,1.689699942488519156e-06,1.680008375963778018e-06,1.649945978084804088e-06,1.624058449936688616e-06,1.614088348586834814e-06,1.586124158952126985e-06,1.562016171416579208e-06,1.538718333715520168e-06,1.528485335757430536e-06,1.503306784379270556e-06,1.481522910673043501e-06,1.471210523804577480e-06,1.447691187177866152e-06,1.427280979656173565e-06,1.407474677858850766e-06,1.394953634339620329e-06,1.375793874093778866e-06,1.357175581298588793e-06,1.346883663806562031e-06,1.326880625627931436e-06,1.309349772142028184e-06,1.299159268724556893e-06,1.280375788663337655e-06,1.263843085030312332e-06,1.247727604232791660e-06,1.237700464274844842e-06,1.220513509291199536e-06,1.205277930765352619e-06,1.195425584841478184e-06,1.179229911476308067e-06,1.164807686365129205e-06,1.150714115488868358e-06,1.141105845883813971e-06,1.126202192056527402e-06,1.112833929637300289e-06,1.103443273920139356e-06,1.089354778308572797e-06,1.076660912453622228e-06,1.067498533115959468e-06,1.054166090737276774e-06,1.042100411528281376e-06,1.030277855386239546e-06,1.021416313608100904e-06,1.009063928794214321e-06,9.978087140157360256e-07,9.891901195361149328e-07
1.048801613985956987e-06,1.064541583667694367e-06,1.078730731944270136e-06,1.086085139907617669e-06,1.102938545286929252e-06,1.118083121873110136e-06,1.133691010576214961e-06,1.141105742912202436e-06,1.159792192899108899e-06,1.176506888870608712e-06,1.183966722033521965e-06,1.204071736485741002e-06,1.222011695539756370e-06,1.229488929739552314e-06,1.251162167616980983e-06,1.270462343735331150e-06,1.290451973747264458e-06,1.297846305407374178e-06,1.322149163484497921e-06,1.343740799427897990e-06,1.351063834227986502e-06,1.377401209712704511e-06,1.400784890146562353e-06,1.425104555630401335e-06,1.432194212883728738e-06,1.461986762093365461e-06,1.488443371695103088e-06,1.495340361115700129e-06,1.527806214649318197e-06,1.556671927385825815e-06,1.563315127679037995e-06,1.593299185796174510e-06,1.630359747411809503e-06,1.663427852906861270e-06,1.669547011251776336e-06,1.710162387055978911e-06,1.746535213624085690e-06,1.752229996790565813e-06,1.796836538463034666e-06,1.836974917938446556e-06,1.879205741121295025e-06,1.884130111917596671e-06,1.935699398999515066e-06,1.982553376948209490e-06,1.986864519352723286e-06,2.043815638358391074e-06,2.095976193598576438e-06,2.151145131264178944e-06,2.154459003606125680e-06,2.220881284823590957e-06,2.282637624306654800e-06,2.285181779885523210e-06,2.358913778029385887e-06,2.428281812944389000e-06,2.430012497011689840e-06,2.512000958640276151e-06,2.590184760937513409e-06,2.673477592338555610e-06,2.674181865398353583e-06,2.770820864029367998e-06,2.865198310216235777e-06,2.865215466283279681e-06,2.973099630452684578e-06,3.080379899636985515e-06,3.195213404406496454e-06,3.194902526059023538e-06,3.322767608559373358e-06,3.453925013220471745e-06,3.453687818005582507e-06,3.596769093619964198e-06,3.746985651971584924e-06,3.747427949509177721e-06,3.910060014559686396e-06,4.080048608406857072e-06,4.265641197437635368e-06,4.269559239654115909e-06,4.459740850166482211e-06,4.673538927081618915e-06,4.681285978955497350e-06,4.893805995563288228e-06,5.140486811292770871e-06,5.406455092134443581e-06,5.425178160422502291e-06,5.676178063770061062e-06,5.983458503859289833e-06,6.013147619140512728e-06,6.291728659303742764e-06,6.646744107391159228e-06,6.692065679727422119e-06,7.085845499117863758e-06,7.409538116283243313e-06,7.850728183432427600e-06,7.932836869716619843e-06,8.286288619119829837e-06,8.793638611277803464e-06,8.910447139524345009e-06,9.292196742178018360e-06,9.873095667674769340e-06,1.049424332679231555e-05,1.068638571090168343e-05,1.110308174750190218e-05,1.180622860578082889e-05,1.206651583732979330e-05,1.249435096417784787e-05,1.328136534018047018e-05,1.410930171452778859e-05,1.450585984784063111e-05,1.491778184011255025e-05,1.581960345790566061e-05,1.633130276204130502e-05,1.669806866365834173e-05,1.765400528398480845e-05,1.829975502679733479e-05,1.933868254252644157e-05,1.955555382715199744e-05,2.051585943603645649e-05,2.138363597365079200e-05,2.143098415643002931e-05,2.231606601823133218e-05,2.333609780257118178e-05,2.314986305477844284e-05,2.387169794355444778e-05,2.446312950117906680e-05,2.566999548095791082e-05,2.501319007299593631e-05,2.528750776420649851e-05,2.658254681840717152e-05,2.559295776289190568e-05,2.547108461981745727e-05,2.680836917866722527e-05,2.640131617150548075e-05,2.499250692171660259e-05,2.420536819340037943e-05,2.544950091661141587e-05,2.397452942435856151e-05,2.287611279126766130e-05,2.400193187376241987e-05,2.268261329529940322e-05,2.147419674033613802e-05,2.028600289674032433e-05,2.112483192955636496e-05,2.039439585106661175e-05,1.949019967631597321e-05,2.013678260046901277e-05,1.986683917865353390e-05,1.935292083604176679e-05,1.907309567261937161e-05,1.942537292978182404e-05,1.948394835064559514e-05,1.935763121188549904e-05,1.937275895961847649e-05,1.937275895961847649e-05,1.919995984553484784e-05,1.896603925577337662e-05,1.862385322339111062e-05,1.806937983547768250e-05,1.768148519227133821e-05,1.732166677455367374e-05,1.680500156430651433e-05,1.587347574369032797e-05,1.554331960403561972e-05,1.513259726197162036e-05,1.409135193982283801e-05,1.388990728574581574e-05,1.372696974316731534e-05,1.364852600063280237e-05,1.262611952884148130e-05,1.255561768574293112e-05,1.269096624152411430e-05,1.177867633233782437e-05,1.174166447571279998e-05,1.200643251204352069e-05,1.191190388096921907e-05,1.115315159166329758e-05,1.102327601153318807e-05,1.127815878927956595e-05,1.063651982973611692e-05,1.043306451755705295e-05,1.062775944831059638e-05,1.008526804822276030e-05,9.806904005534764184e-06,9.488145471088105124e-06,9.547600813881466697e-06,9.127172888543841266e-06,8.768730716604305109e-06,8.755784173789940558e-06,8.415731077790006165e-06,8.042597663532869670e-06,7.974299817233433500e-06,7.576133453043121062e-06,7.339802012944524433e-06,6.979935227675506938e-06,6.860393868624060615e-06,6.683442402158413487e-06,6.349415543568979017e-06,6.214447494013983534e-06,6.086036747515781490e-06,5.782967817167338119e-06,5.496311541919021899e-06,5.354769661051978090e-06,5.280538151119777762e-06,5.026211345640493507e-06,4.887060865282541388e-06,4.837900318733268348e-06,4.613910131327753045e-06,4.405086025495515115e-06,4.275731697114103478e-06,4.252452399077318185e-06,4.069714202556561455e-06,3.948025415823195442e-06,3.934950398376415806e-06,3.775137630220271758e-06,3.661636755178046582e-06,3.518484181692125408e-06,3.515235921717426739e-06,3.385335243835819562e-06,3.285216438851304139e-06,3.284769398693326151e-06,3.170779715281533839e-06,3.078522709541626266e-06,3.079327335261493947e-06,2.979004900550262428e-06,2.885557500209091297e-06,2.805052390541490298e-06,2.806638806810190297e-06,2.723954104190742550e-06,2.650066794156187664e-06,2.650897845471386559e-06,2.577453058747852235e-06,2.509678811269796708e-06,2.444271735887361142e-06,2.443983245919112821e-06,2.382486666539322154e-06,2.323371794594292743e-06,2.321831849106666187e-06,2.266624683176061195e-06,2.212334764771463508e-06,2.209574404307937445e-06,2.159813145185815512e-06,2.112775264576161098e-06,2.065180920038080877e-06,2.060989380130550920e-06,2.018310060631825464e-06,1.974468352027472536e-06,1.969258364059480441e-06,1.930387562754467241e-06,1.893395481562381562e-06,1.854688169492881453e-06,1.848330835014552125e-06,1.814433109213602734e-06,1.778637832782918291e-06,1.771560423893675043e-06,1.740394495344562556e-06,1.707245632006164575e-06,1.699576780996738022e-06,1.670832055112659912e-06,1.643243533802311137e-06,1.613661223733970938e-06,1.605355844605384435e-06,1.579781365246187536e-06,1.552267241470465829e-06,1.543623881785818774e-06,1.519853126684669706e-06,1.496919554571848470e-06,1.472171391592655980e-06,1.463184943150873443e-06,1.441777647365500459e-06,1.418661755648620495e-06,1.409532644454556266e-06,1.389505786938477797e-06,1.367883352323480427e-06,1.349152175805500787e-06,1.339903244340891999e-06,1.321683929431378023e-06,1.302039877593592969e-06,1.292788432277947616e-06,1.275652492639896709e-06,1.257205518135953989e-06,1.247996408159288832e-06,1.231852020018186676e-06,1.216132047068298793e-06,1.199262380674260683e-06,1.190142432223596815e-06,1.175292080140707908e-06,1.159393672406850240e-06,1.150395079000350110e-06,1.136346585140089649e-06,1.122629884335714564e-06,1.108005128423704292e-06,1.099184113688104649e-06,1.086179292286621472e-06,1.072352014727476884e-06,1.063701429046161255e-06,1.051357192959600811e-06,1.038269511309774261e-06,1.029802721546422113e-06,1.018072686843024641e-06,1.006585711392268762e-06,9.944619602954296752e-07,9.862410288002334694e-07,9.753068848208382307e-07,9.637996348565537402e-07
1.030655071319189655e-06,1.044320522024456182e-06,1.053184348847381191e-06,1.067344503318542731e-06,1.081934961977236149e-06,1.099436511489416695e-06,1.106189734799406954e-06,1.121800716539111963e-06,1.137919411289765043e-06,1.147384560932385617e-06,1.164124529656104881e-06,1.181433197941351404e-06,1.191146845317759870e-06,1.209139281107342023e-06,1.227770416906838941e-06,1.250482278104042344e-06,1.257108049645831152e-06,1.277213100881887409e-06,1.298083188369743339e-06,1.308328894799208013e-06,1.330081402740356625e-06,1.352699012557284362e-06,1.380483961785451223e-06,1.386739803009033039e-06,1.411319928787408198e-06,1.436947399907980622e-06,1.447604449065384443e-06,1.474394985631118466e-06,1.502377817770534337e-06,1.513151847233892369e-06,1.542439284268300263e-06,1.573087467307765169e-06,1.605194039397315815e-06,1.616045346575639595e-06,1.649718378716334729e-06,1.685062315113407292e-06,1.695896624100757502e-06,1.733012292733171689e-06,1.772046917989151711e-06,1.819764896219970496e-06,1.823828373250366125e-06,1.867082107730851454e-06,1.912714289656576716e-06,1.923164294626881391e-06,1.971254194721288093e-06,2.022091320618070989e-06,2.083255853597598552e-06,2.085829164850543391e-06,2.142656655494477333e-06,2.202917387053852005e-06,2.212285549457133484e-06,2.276023958013036452e-06,2.343747541633341020e-06,2.352353508886628386e-06,2.424082945947712634e-06,2.500445871717447366e-06,2.588668229278698973e-06,2.589050065723251718e-06,2.675433989555655930e-06,2.767659503698095272e-06,2.773528333673184910e-06,2.871556216566580925e-06,2.976397458037789409e-06,3.092243025783729009e-06,3.092155517223456304e-06,3.211685972444852844e-06,3.339833484054961958e-06,3.341161648044094085e-06,3.477811702840572910e-06,3.624522408142553269e-06,3.623192405980921086e-06,3.779804989076208398e-06,3.948158801615548692e-06,4.129222513338843702e-06,4.123558602429654251e-06,4.317137206717777625e-06,4.525518100751814722e-06,4.515956098848162287e-06,4.738902158419054360e-06,4.979046446713196049e-06,5.201622934242060697e-06,5.222073014428933345e-06,5.499053669173280037e-06,5.797450841830386053e-06,5.776550735393523467e-06,6.096082300954283964e-06,6.440195502621228118e-06,6.413579930323874620e-06,6.781983805956664471e-06,7.178368901510671412e-06,7.604490879560500596e-06,7.569806795638958576e-06,8.025379925188291382e-06,8.514149480210200818e-06,8.473469677206179961e-06,8.995148688026217444e-06,9.553184173290521654e-06,9.919067975547885487e-06,1.010115470857673497e-05,1.073396962896213583e-05,1.140608995140875737e-05,1.135478524483820131e-05,1.206551253190251929e-05,1.281521768084123448e-05,1.318688358775885827e-05,1.355013226837841010e-05,1.437298596261451645e-05,1.522743739103430557e-05,1.517860522940759061e-05,1.606152061827399347e-05,1.696421972679714008e-05,1.692370854379652483e-05,1.784118023809322620e-05,1.875866368684793700e-05,1.966223075816741559e-05,1.964322527444810438e-05,2.052387578170105894e-05,2.135623857051348632e-05,2.136541857771210269e-05,2.213951886531206694e-05,2.282032543041598804e-05,2.239627631397234398e-05,2.345843745782493002e-05,2.389766960127877386e-05,2.416628682889124070e-05,2.433432808887435773e-05,2.444777459981597545e-05,2.434866955795792387e-05,2.465978412115726870e-05,2.439262313322007863e-05,2.389491394582655317e-05,2.316930327551154051e-05,2.375833192931410450e-05,2.290123587329502688e-05,2.186588248994868585e-05,2.269456356354395568e-05,2.160243969946459350e-05,2.043506805133005365e-05,1.948323082729372751e-05,2.033042315692181571e-05,1.926318787659182883e-05,1.833419917005174260e-05,1.940131143924061724e-05,1.862980721116875091e-05,1.807890745726834097e-05,1.810409274995156346e-05,1.849663127816046301e-05,1.825238291697634291e-05,1.815953105527132164e-05,1.842828542212443600e-05,1.825443370461808201e-05,1.825443370461808201e-05,1.812474954471391539e-05,1.785599517786080103e-05,1.756663187172891819e-05,1.728631920558020495e-05,1.668490726143016917e-05,1.616344495289694322e-05,1.581945972417462084e-05,1.552405106488378623e-05,1.445693879569491159e-05,1.418564781782440054e-05,1.397137912123763397e-05,1.299499043027045455e-05,1.277125860934095629e-05,1.266752185131789487e-05,1.257272492198322145e-05,1.174404384822441667e-05,1.171734503604797587e-05,1.166647251687740994e-05,1.107744376929341971e-05,1.106683292862850658e-05,1.100718877002491205e-05,1.089410723980935620e-05,1.058298275220307472e-05,1.047025728158483039e-05,1.029973519640535442e-05,1.013161971515742547e-05,9.943784831899915030e-06,9.704705800561247726e-06,9.228395335004497893e-06,9.366766916340232482e-06,9.068271856817541418e-06,8.740937884840556770e-06,8.730965088225549963e-06,8.393912087807599878e-06,8.042672364609792788e-06,8.060393991548417259e-06,7.708291121464208614e-06,7.353826017725790813e-06,7.002128211180741799e-06,7.040773905561038300e-06,6.699279691223707843e-06,6.367343798296268261e-06,6.414027527187212418e-06,6.095747270727312976e-06,5.790901698076311659e-06,5.672603707852219026e-06,5.551051380607218772e-06,5.276322099329271781e-06,5.017143832483861188e-06,5.066225985674271695e-06,4.821737894930299211e-06,4.592499039410383311e-06,4.545049469491748667e-06,4.422283802774804223e-06,4.220743727458149111e-06,4.032927167149268317e-06,4.071845860490562142e-06,3.895227663384472986e-06,3.730949943017576932e-06,3.764132510814266401e-06,3.609541480409471856e-06,3.465874839370248295e-06,3.332430986716549659e-06,3.357894343444962063e-06,3.232117589771321439e-06,3.115245570969090577e-06,3.135240890651138745e-06,3.024909366056834987e-06,2.922289423832155894e-06,2.922647772040164449e-06,2.840239475018140563e-06,2.749855596139142943e-06,2.665613961024965952e-06,2.674762014232074167e-06,2.594879888260611097e-06,2.520276808389831219e-06,2.525695522889459848e-06,2.454832740949512452e-06,2.388504480964990152e-06,2.326351136615430490e-06,2.327623561643543639e-06,2.268413686006894053e-06,2.212790444738061179e-06,2.211519778306106148e-06,2.158448707253090615e-06,2.108462457604918202e-06,2.106547535622374642e-06,2.057318082233259248e-06,2.012213541104894731e-06,1.969558597702799126e-06,1.963943835290009507e-06,1.923081440669183419e-06,1.884335651988123805e-06,1.880193838805022763e-06,1.840258188228712800e-06,1.804928737895222373e-06,1.771294206179785957e-06,1.763060799919159814e-06,1.730728599599384324e-06,1.699870684667979904e-06,1.690908079453293028e-06,1.661215750961463959e-06,1.632809564627236395e-06,1.626285099303767028e-06,1.595944084196511089e-06,1.569711408962011811e-06,1.544525481697474027e-06,1.534527867970415004e-06,1.510229654484899423e-06,1.486852100045040763e-06,1.479312708508671137e-06,1.454061527441551147e-06,1.432304078193469529e-06,1.411306066967071836e-06,1.400940786131041015e-06,1.380640218687466502e-06,1.361013429036053832e-06,1.350631885877861956e-06,1.331646169418550918e-06,1.313260215110953250e-06,1.295437958614844027e-06,1.285130347741481904e-06,1.267871074313851609e-06,1.251116320921013745e-06,1.240920626158306347e-06,1.224687717003038010e-06,1.208907825938956869e-06,1.200581039179237391e-06,1.183566592283560083e-06,1.168679634022244517e-06,1.154179131912873560e-06,1.144376972436997117e-06,1.130310226905418122e-06,1.116593399890341440e-06,1.108377499427290703e-06,1.093688053488202024e-06,1.080694526168647361e-06,1.068003527329227059e-06,1.058710393533965578e-06,1.046386055972765219e-06,1.034337790260490861e-06,1.025282396481767395e-06,1.013578594624680005e-06,1.002127408416629893e-06,9.943113104171801396e-07,9.821891092402393818e-07,9.712937150315715521e-07,9.606204289797832852e-07,9.521403261500748816e-07,9.417632746943545191e-07
1.013132182969454137e-06,1.019272885195869517e-06,1.032919690142580157e-06,1.049315668532799961e-06,1.063942861138477432e-06,1.070058437989646861e-06,1.087673118175136006e-06,1.103353854171826557e-06,1.109446673819665233e-06,1.125604883422721003e-06,1.145255063248895772e-06,1.151295949861019064e-06,1.168673349260553390e-06,1.189889616030703733e-06,1.208710965162371804e-06,1.214580478918050626e-06,1.237532688179711382e-06,1.257887852962962363e-06,1.263616990894509007e-06,1.284669607375315355e-06,1.310569308495920261e-06,1.333556913722481315e-06,1.338971394905704596e-06,1.367137966972182785e-06,1.392177200567728145e-06,1.397337283318293999e-06,1.423326772636168665e-06,1.455384162684990895e-06,1.460234366395641416e-06,1.488670259559159524e-06,1.523719296313257588e-06,1.555129512382465928e-06,1.559409050550576558e-06,1.592155738577105076e-06,1.632389441112782389e-06,1.636214648239411200e-06,1.672340088484253825e-06,1.716558052418958683e-06,1.756783961377548638e-06,1.759847471208137816e-06,1.808536247228826598e-06,1.853189945842227675e-06,1.855659046902975412e-06,1.902572041570600054e-06,1.959094581848015661e-06,2.011714237317693706e-06,2.013289013008436995e-06,2.075817700776309438e-06,2.134709593016781458e-06,2.135614559232092445e-06,2.197904068518903918e-06,2.271012131154586060e-06,2.271248390287182652e-06,2.341379842236911385e-06,2.422573156311753368e-06,2.501859583334050902e-06,2.501393969497863022e-06,2.591670656234459530e-06,2.681364864777997101e-06,2.680495684115339644e-06,2.776402071783174076e-06,2.882711529805604299e-06,2.991493264134543762e-06,2.990835342266692456e-06,3.109280468234533163e-06,3.233165319069130064e-06,3.233027327909834012e-06,3.366651453855725481e-06,3.506413870698007373e-06,3.507465845779965689e-06,3.660527321350168760e-06,3.816213470618000253e-06,3.989788073871718603e-06,3.995083232508494454e-06,4.184014472981934027e-06,4.367286533610441243e-06,4.376948314144186289e-06,4.594297794591051587e-06,4.797682942994874914e-06,5.042976713779918667e-06,5.064074384398339025e-06,5.289105089760679670e-06,5.570628878210392410e-06,5.602754211719463838e-06,5.912981986499010459e-06,6.173616703957759410e-06,6.220952308882878989e-06,6.577902653732116346e-06,6.862482305938015742e-06,7.258778045638416086e-06,7.340379368271799075e-06,7.780106542790445713e-06,8.100150718129781673e-06,8.213217961979945781e-06,8.715379108504838035e-06,9.055232222370902521e-06,9.600222733070264971e-06,9.779311364050842143e-06,1.013359104456371564e-05,1.074437676797853830e-05,1.098169866328961851e-05,1.166030199111672803e-05,1.201822997402028821e-05,1.272631426282911977e-05,1.307680611950962982e-05,1.341726577336244168e-05,1.418100387611018070e-05,1.462496310093596646e-05,1.546064828506123410e-05,1.572701790662373801e-05,1.627794095212516007e-05,1.714366111761094470e-05,1.731769611030450399e-05,1.811736398493287822e-05,1.884273639518115834e-05,1.967151693836029718e-05,1.961875154440663731e-05,2.046304908123782658e-05,2.119197371208406385e-05,2.092830142278633148e-05,2.144110440033921412e-05,2.243399857760792156e-05,2.192055391999223816e-05,2.219339780213926773e-05,2.326058857573152927e-05,2.337833098522480881e-05,2.245598180177340987e-05,2.356642681709409645e-05,2.332866569086251480e-05,2.219971223636123345e-05,2.164963349131105320e-05,2.271588388236546702e-05,2.191761856933957628e-05,2.066906956729374706e-05,2.166672419437447401e-05,2.062935543706887503e-05,1.953459114609783483e-05,1.852777745690925963e-05,1.932057202232268534e-05,1.853630791627368927e-05,1.766641944258326601e-05,1.831449159813597246e-05,1.751984568166582503e-05,1.731238707454383407e-05,1.690637796843291616e-05,1.733208885413211687e-05,1.735508909163721738e-05,1.718466162994029510e-05,1.737894760851152454e-05,1.725900919091235945e-05,1.722617058417089434e-05,1.722617058417089434e-05,1.712245073959213119e-05,1.693295729952242168e-05,1.659497135701336925e-05,1.632169509402315718e-05,1.591290336561072258e-05,1.527882837900046404e-05,1.492913130766555708e-05,1.446039752721136320e-05,1.420247273520456254e-05,1.334591451382345919e-05,1.310200933446308420e-05,1.283233162529941238e-05,1.194252013537680461e-05,1.180847694459778155e-05,1.174338469956813947e-05,1.169314698841826455e-05,1.085983656616680923e-05,1.097913936370445126e-05,1.095903739088640888e-05,1.022572563372074151e-05,1.018721579698059710e-05,1.042066879116639708e-05,1.032753210508770487e-05,9.719316645886619436e-06,9.962033338822115879e-06,9.807597985686491952e-06,9.289493245474383888e-06,9.111069910565033030e-06,9.266393726196271323e-06,8.824488421340642973e-06,8.587937880083739957e-06,8.675074758243233431e-06,8.367890605177897751e-06,8.020501810819173307e-06,8.041995357529020601e-06,7.711109953619330753e-06,7.426104533170585835e-06,7.114410217310898491e-06,7.059028968614101146e-06,6.725941106076172914e-06,6.522437039858153442e-06,6.435921225498185702e-06,6.120220968133672927e-06,5.964322950402427300e-06,5.679770907902653205e-06,5.567302192586869690e-06,5.451184796334430538e-06,5.190438894989006840e-06,5.071556999329297867e-06,4.822653628337930922e-06,4.752213094028264922e-06,4.530091256859430636e-06,4.411343533186043016e-06,4.362933817203066344e-06,4.165606864791013466e-06,4.050591497413630527e-06,3.868994846740432872e-06,3.844115956354595132e-06,3.734479362890957411e-06,3.575417038966832495e-06,3.560448247002907900e-06,3.417036373525439289e-06,3.317896466956550624e-06,3.188467003921863964e-06,3.183479975575287822e-06,3.091141394810690951e-06,2.977777367319054287e-06,2.976141382261966277e-06,2.872591314201582696e-06,2.791053837523547244e-06,2.791276372320599971e-06,2.699872742231996172e-06,2.624658015683599950e-06,2.543030500224151324e-06,2.544800738329606461e-06,2.475553822968312874e-06,2.403348809553216546e-06,2.404890024779294734e-06,2.337663365741757406e-06,2.277105583537813622e-06,2.217062705764695039e-06,2.218071208506024838e-06,2.162401872631504410e-06,2.108752303028633442e-06,2.108842308198825510e-06,2.058280551800810060e-06,2.009529892890135914e-06,2.008652799792664780e-06,1.963099889080088041e-06,1.918222442839554915e-06,1.877253174940895610e-06,1.875196831886771182e-06,1.836190150390428132e-06,1.796697769656423795e-06,1.793727843152597822e-06,1.758237578440951484e-06,1.721773615765116896e-06,1.689603578723488902e-06,1.685571867825311761e-06,1.651863729963160367e-06,1.622390557711432362e-06,1.617646030076780871e-06,1.589289832555223041e-06,1.559347193733303983e-06,1.553990727243361034e-06,1.527864711980031322e-06,1.500073068245217491e-06,1.476097520677978981e-06,1.470055784734957388e-06,1.446866453738765867e-06,1.421989169190695167e-06,1.415545631531986110e-06,1.394008926616335790e-06,1.370820695742511909e-06,1.350881409974979669e-06,1.344001691973598580e-06,1.322355933342934796e-06,1.303728698530051014e-06,1.296622365239204145e-06,1.278521046087603137e-06,1.258943963470424363e-06,1.242047257832588425e-06,1.234709017818106776e-06,1.216358654385723831e-06,1.200477188088897620e-06,1.193046497826093715e-06,1.177580068143206030e-06,1.160865593142440442e-06,1.153387744047243530e-06,1.138814782804165087e-06,1.123087056510659800e-06,1.109349164306768390e-06,1.101846187107078010e-06,1.088448534772717147e-06,1.074029925298098034e-06,1.066562898966051420e-06,1.053883098276580053e-06,1.040267664580387009e-06,1.028242545738717572e-06,1.020845537291382030e-06,1.007973119614401837e-06,9.965528675839347041e-07,9.892479840653002978e-07,9.780984588875724950e-07,9.662050433167853847e-07,9.590092225023824866e-07,9.484060435538202102e-07,9.371270266311361996e-07,9.270024371691794011e-07,9.199593027749523984e-07
9.885864596435030595e-07,1.001850732707848172e-06,1.015534766758485783e-06,1.029662626765686676e-06,1.037596269452386472e-06,1.052253880542087807e-06,1.067407788436972674e-06,1.075518583674818106e-06,1.091255088486578250e-06,1.107547915221663276e-06,1.112925837249868142e-06,1.132759798194893435e-06,1.150320221844674597e-06,1.168544931185791119e-06,1.177018533114203453e-06,1.195993572453854274e-06,1.215717874978554189e-06,1.224315514228423001e-06,1.244873501906617530e-06,1.266278592785531058e-06,1.288586957216115003e-06,1.297308117231725305e-06,1.320602135403616198e-06,1.344921091613311347e-06,1.353695042525057162e-06,1.379117550373401541e-06,1.405705660081450832e-06,1.409719973251030451e-06,1.442316854909890081e-06,1.471472584273265624e-06,1.502051141141594994e-06,1.510765618849209194e-06,1.542834102293908901e-06,1.576529568636958576e-06,1.579470831033714073e-06,1.620496453523585511e-06,1.657741610458059096e-06,1.696988845174153464e-06,1.705276030089407166e-06,1.746573285310210895e-06,1.790171173147130009e-06,1.798118439669337359e-06,1.844051785674066029e-06,1.892633435376609001e-06,1.944065917662264650e-06,1.951370024053796932e-06,2.005672474612453539e-06,2.063264468455838903e-06,2.069915519000425574e-06,2.130797462771540607e-06,2.195480337251177159e-06,2.194918741386153905e-06,2.269766699899261705e-06,2.342626045866465319e-06,2.420229131245513808e-06,2.424630574035578975e-06,2.506931697531765780e-06,2.594727629294698508e-06,2.597781479927606722e-06,2.690998485804295535e-06,2.790583624707119524e-06,2.897042230000296087e-06,2.897860051597731520e-06,3.011090298765263372e-06,3.132286760923634688e-06,3.131052075178795399e-06,3.260080629632977834e-06,3.398337413917900609e-06,3.399337531963816438e-06,3.542007600776338909e-06,3.700004384193896813e-06,3.869505352508502577e-06,3.862029957731604138e-06,4.042843231430430251e-06,4.236928570032876019e-06,4.247058051467895857e-06,4.433237888483092933e-06,4.655640460005329285e-06,4.894410088218849020e-06,4.878472508005242896e-06,5.133380581734934512e-06,5.406975201964275227e-06,5.386776953365697551e-06,5.678819105032337079e-06,5.992050328554679529e-06,6.040190880016463091e-06,6.301504253064141367e-06,6.659492850275583486e-06,7.042596853998694664e-06,7.011692044162475820e-06,7.419675331348736026e-06,7.855286529988629474e-06,7.967751315380298179e-06,8.282982604478866836e-06,8.775755275267634010e-06,9.299064781588158160e-06,9.258943836279411363e-06,9.812376419077957070e-06,1.039711849594622200e-05,1.035482720920716506e-05,1.097024249390802218e-05,1.161602917442509999e-05,1.229065626771874788e-05,1.224857187867984874e-05,1.295045358960787153e-05,1.367581549517654325e-05,1.363710248784844206e-05,1.438336001362211342e-05,1.514326376115270529e-05,1.566787500007215482e-05,1.588112006008967009e-05,1.664869270435704403e-05,1.740353244665746916e-05,1.738877734406042843e-05,1.812413803860656110e-05,1.882082452336370789e-05,1.961504113956177986e-05,1.947831747024347579e-05,2.005691889005145037e-05,2.054398089482356303e-05,2.060136864821467500e-05,2.099524391263277872e-05,2.125979132618012433e-05,2.138391804497851296e-05,2.152974597736997394e-05,2.151380451493633121e-05,2.254708388875015660e-05,2.159577028591171797e-05,2.126973305218673421e-05,2.076231610013225720e-05,2.119912596169273115e-05,2.057905814179916259e-05,1.980320688527455373e-05,2.072903319912108581e-05,1.959087153400688319e-05,1.865697326488162307e-05,1.767746888426397945e-05,1.853265447738837939e-05,1.760037768505453402e-05,1.672628712350987935e-05,1.765112030465024881e-05,1.688418189140103253e-05,1.626251692633394648e-05,1.581825969989830835e-05,1.659985566404321243e-05,1.626180000710894836e-05,1.608473536618204781e-05,1.656755150491453368e-05,1.639469680902274674e-05,1.630467919161460324e-05,1.637722339672101587e-05,1.625848584994586229e-05,1.618594164483944965e-05,1.600889298387996623e-05,1.583094027568723595e-05,1.534812413695475008e-05,1.505017537201291677e-05,1.476735928728422579e-05,1.398576332313932171e-05,1.366153454956318993e-05,1.338312564806946570e-05,1.314819932886514914e-05,1.222336614772477968e-05,1.203252226324939399e-05,1.187949178963711966e-05,1.102430619651271633e-05,1.094032062120673559e-05,1.087065228857760923e-05,1.091980019844128650e-05,1.017093021625939687e-05,1.015001428065950784e-05,1.010429141762815928e-05,9.667481296846138584e-06,9.648137527194225791e-06,9.587821691909495633e-06,9.810428258577720445e-06,9.255816260604405097e-06,9.149799491452839908e-06,8.998918201659187081e-06,8.874716854747088425e-06,8.708992250588546883e-06,8.503970266358132888e-06,8.446342429029188322e-06,8.224060653233872630e-06,7.972629873476722807e-06,8.017645298321736890e-06,7.691260166441039975e-06,7.409203366874013349e-06,7.115592387497371522e-06,7.129329720522994457e-06,6.834348760217905789e-06,6.536783832162337719e-06,6.465946780017366795e-06,6.270855172723517737e-06,5.982025815072016234e-06,5.700023064679836558e-06,5.737027655426341678e-06,5.465371904310562884e-06,5.203848860552673588e-06,5.244101570742274333e-06,4.994305757168049861e-06,4.756287974419501000e-06,4.530522741603171616e-06,4.570981461447268474e-06,4.357160998885226247e-06,4.155619550063506771e-06,4.194003191150848338e-06,4.003594883906022284e-06,3.824914081051689494e-06,3.717448331402185497e-06,3.691368422994263730e-06,3.533615391723731171e-06,3.386242070659666517e-06,3.415808968403915603e-06,3.276835296204197451e-06,3.147181267236270985e-06,3.055830291651264480e-06,3.049972809182423327e-06,2.935894872828645720e-06,2.829565405924401525e-06,2.848889251789129800e-06,2.748408760766500264e-06,2.654713186847776585e-06,2.669960813126320457e-06,2.581298240701907968e-06,2.498547992382021506e-06,2.429777068309005502e-06,2.431647858094881989e-06,2.358364848097161151e-06,2.289841066934710358e-06,2.296992844340192648e-06,2.231894665795852031e-06,2.170916075355910343e-06,2.115630312352012883e-06,2.117237331442466114e-06,2.062781533822215942e-06,2.011620185045638763e-06,2.012801420000671790e-06,1.963993173622022319e-06,1.918034461534888243e-06,1.917252044258337368e-06,1.873343184738471567e-06,1.831901159214123002e-06,1.792739794772902680e-06,1.789818148410560655e-06,1.752307705627526938e-06,1.716775372174323872e-06,1.712564472276968551e-06,1.678486191595879093e-06,1.646126685335460969e-06,1.612772637561872309e-06,1.609787263751540029e-06,1.580210863092818552e-06,1.552022140909032984e-06,1.545659021043264729e-06,1.518532177784760450e-06,1.492617851605538951e-06,1.485629947338375173e-06,1.460666587425842291e-06,1.436765391363321949e-06,1.413852505532385518e-06,1.406249284184568300e-06,1.384136424098242908e-06,1.362893058388197025e-06,1.354964634057027320e-06,1.334446168166888424e-06,1.314694854308721335e-06,1.293373981838841644e-06,1.287446148141247674e-06,1.269033114432081560e-06,1.251255536280809265e-06,1.242918317092745500e-06,1.225709908053449386e-06,1.209066543646060265e-06,1.191021677150109143e-06,1.184549944072059804e-06,1.168933584633361478e-06,1.153791253608543200e-06,1.145397135871271810e-06,1.130713808952161106e-06,1.116455395505970371e-06,1.108111783293754941e-06,1.094278841813680238e-06,1.080827946847134417e-06,1.067738201106383675e-06,1.059512762321517510e-06,1.046801813842714339e-06,1.034417200567036388e-06,1.026310429403017275e-06,1.014279459811447290e-06,1.002544235219554526e-06,9.899158760566243991e-07,9.831716997507224466e-07,9.720361063183610095e-07,9.611563611951235620e-07,9.533966904545189493e-07,9.428161674679320097e-07,9.324692665865620265e-07,9.248790792846878281e-07,9.148135914927175571e-07,9.049620034106544222e-07,8.953149703458701453e-07
9.696913719532768655e-07,9.851841620318328163e-07,9.989469307670949167e-07,1.003921531144598372e-06,1.018093024645858960e-06,1.035346026098317391e-06,1.040245494676031051e-06,1.055470067047451255e-06,1.074070178222525130e-06,1.078865322662551444e-06,1.095261268779485268e-06,1.112274253745336917e-06,1.133151571847873191e-06,1.137711967469877157e-06,1.156109676838729678e-06,1.178729308949258652e-06,1.183100876980796550e-06,1.203049533763637435e-06,1.227603853830417981e-06,1.249430159249064195e-06,1.253435785957876780e-06,1.276074975445866614e-06,1.303945503407373209e-06,1.307659438565295413e-06,1.332388605128419304e-06,1.362794639701769797e-06,1.366168640759181972e-06,1.393260521819379976e-06,1.421665671540014385e-06,1.456455045885227601e-06,1.459247802191041414e-06,1.490517054563739168e-06,1.528655463852317782e-06,1.530992577668698952e-06,1.565520043764722788e-06,1.601888974069925630e-06,1.645858061120246282e-06,1.647479064910636624e-06,1.687834407160852978e-06,1.736252282347587083e-06,1.737325842926597516e-06,1.782241870205805194e-06,1.835640526541021007e-06,1.885972717910097993e-06,1.886285539310271559e-06,1.939438193115923623e-06,2.001566487036459803e-06,2.001330343292079686e-06,2.060949148556239358e-06,2.129709759996520342e-06,2.128964749060483442e-06,2.196028587924685818e-06,2.267411283276248832e-06,2.347812525766099590e-06,2.346686946254055030e-06,2.427328378189932167e-06,2.516524252282453145e-06,2.515266527877328878e-06,2.606600056960505239e-06,2.705596176351470901e-06,2.808752734622001247e-06,2.808185705361296595e-06,2.919081334133580887e-06,3.035190802929547992e-06,3.035526560778924073e-06,3.161833679103663957e-06,3.290674194312808300e-06,3.292617448793796727e-06,3.436731753173584100e-06,3.591209218651322812e-06,3.742003454348316842e-06,3.748754819538752036e-06,3.925365812034452012e-06,4.092149685954218072e-06,4.103625606749508865e-06,4.305707888508328131e-06,4.522493812548343194e-06,4.716126496309748957e-06,4.739184567248413488e-06,4.987272660563236270e-06,5.199693017605166853e-06,5.233601689424354029e-06,5.517329184533128973e-06,5.749124938432228398e-06,5.797595904592741532e-06,6.121616492398715428e-06,6.468266308731938684e-06,6.729563505060050379e-06,6.809658346916697689e-06,7.203791767700224196e-06,7.482713471822389164e-06,7.591173238285818523e-06,8.037298634284470959e-06,8.511376863031030180e-06,8.811002243610771518e-06,8.977238927592453451e-06,9.508142371464297865e-06,9.813655441924069102e-06,1.002972845436187107e-05,1.061828818144716971e-05,1.092001045832325412e-05,1.152957266246684205e-05,1.184010770508043323e-05,1.250815407435088086e-05,1.277590969418530853e-05,1.316291310404958435e-05,1.387103794658598931e-05,1.408975384939700938e-05,1.456296580880599145e-05,1.529123721446767645e-05,1.601690189869894344e-05,1.610508266630028058e-05,1.671701905752889350e-05,1.741127858711081816e-05,1.736911663171161879e-05,1.807510047670488006e-05,1.868965412729500390e-05,1.923730998949896694e-05,1.892502542600688699e-05,1.975014517068841011e-05,2.012611610662451832e-05,1.960282852843675549e-05,2.048999211068516991e-05,2.063512364967646395e-05,1.990000863991014680e-05,2.082762609726210119e-05,2.069865272487762751e-05,2.040235106068779205e-05,1.940209381051434754e-05,2.031317742867090731e-05,1.973519311952971289e-05,1.868155095821808067e-05,1.955496015029097238e-05,1.875769447380438458e-05,1.786428320901647371e-05,1.694755503704900129e-05,1.767928525038813076e-05,1.676611454398006985e-05,1.611689482628716395e-05,1.674355506891727415e-05,1.596945435907455021e-05,1.563990522429893176e-05,1.515869095302493318e-05,1.561097920180003231e-05,1.524797274283429862e-05,1.529757647581860163e-05,1.559050241549888465e-05,1.543007767199779028e-05,1.549134619788019259e-05,1.556459799802085455e-05,1.543662490750355725e-05,1.543662490750355725e-05,1.533608285834445005e-05,1.515619164133018901e-05,1.492059578965157141e-05,1.470357247849349710e-05,1.425786225825639221e-05,1.385772626994815916e-05,1.357965419594899258e-05,1.293697287028474709e-05,1.264628936489672954e-05,1.227815681905561680e-05,1.208355562163429943e-05,1.132403750362641359e-05,1.109189757743514841e-05,1.098431094901761980e-05,1.023396439625779680e-05,1.017945778210193117e-05,1.014700592932888618e-05,1.010927605415161348e-05,9.429557732141941425e-06,9.565179932892171297e-06,9.542144488219008098e-06,8.948504418806192933e-06,9.159610235849961464e-06,9.113775504171583427e-06,9.025781920078438324e-06,8.532760483835490192e-06,8.733521939505327542e-06,8.595480657304598705e-06,8.172241687848104020e-06,8.333504455580241800e-06,8.141786732306907420e-06,7.777715074683317920e-06,7.882467242632813963e-06,7.645775920489806569e-06,7.387818363430144963e-06,7.097781907445794025e-06,7.115006310786161644e-06,6.837554204263599911e-06,6.596545153838092585e-06,6.570346348998011914e-06,6.288222834084023788e-06,6.007007675880284322e-06,5.830782474298978799e-06,5.759062908815732719e-06,5.490297548702869396e-06,5.352580855094272982e-06,5.263948835794663361e-06,5.013781943342336413e-06,4.908862654976605242e-06,4.683105977074387363e-06,4.582183189603867411e-06,4.365090538959519048e-06,4.298770795863108227e-06,4.196014134823383746e-06,4.001659012175505356e-06,3.954624839255262916e-06,3.853100080063158037e-06,3.680387948003092793e-06,3.518418748546051953e-06,3.492596436326551122e-06,3.397065923600998886e-06,3.254176520162800225e-06,3.237773639578459902e-06,3.147242728011042034e-06,3.021396910953427489e-06,2.903968553714046467e-06,2.897402103238691446e-06,2.815832693284817910e-06,2.712487516021417546e-06,2.709600337026049779e-06,2.633687341640419175e-06,2.542621845128589298e-06,2.542015864544952543e-06,2.471646899596249104e-06,2.391247037456660370e-06,2.316170129823800857e-06,2.317686415237897901e-06,2.255704068345583720e-06,2.189171817366474610e-06,2.190893736473142227e-06,2.133745047654370683e-06,2.074600330515575549e-06,2.019170663537546660e-06,2.020866301502487941e-06,1.970721781582605523e-06,1.921183724104811603e-06,1.922270949702443333e-06,1.876083960493345837e-06,1.831648010640579308e-06,1.832017857269784094e-06,1.790050026287949916e-06,1.749460452986527675e-06,1.711684471542860191e-06,1.711138719266441804e-06,1.673696238679755240e-06,1.639475332546469045e-06,1.638145222648602317e-06,1.603577343822566255e-06,1.572460425935132731e-06,1.542903508847958012e-06,1.540635393145774450e-06,1.510048253241858785e-06,1.483009365669498669e-06,1.480070683483987725e-06,1.451737140720520586e-06,1.426914687594765008e-06,1.423379674941123445e-06,1.399477524970414414e-06,1.374234806182550802e-06,1.352337321086186788e-06,1.348115048252483383e-06,1.324639729426916257e-06,1.304360667484154608e-06,1.299707859594674990e-06,1.277844787686237732e-06,1.259008740560416563e-06,1.240872543626433678e-06,1.235734149787032287e-06,1.216058284036108135e-06,1.199133220775058333e-06,1.193715342879936010e-06,1.175314008208218686e-06,1.159479256138229006e-06,1.144160705681944174e-06,1.138436777965856718e-06,1.121754371096326039e-06,1.107365283720134638e-06,1.101485179046804162e-06,1.085819829430770973e-06,1.072275358202338238e-06,1.066282706637099020e-06,1.053078252206277102e-06,1.038777366557441239e-06,1.026352500854656130e-06,1.020249456370741483e-06,1.006769014607040434e-06,9.950142480639855223e-07,9.888813566270566845e-07,9.761577120013344864e-07,9.650190284568623238e-07,9.541511749687846437e-07,9.480042360333622776e-07,9.362886041778932177e-07,9.259641986489670470e-07,9.198468174573225801e-07,9.087512637212688935e-07,8.989302450576163510e-07,8.928614775814077298e-07,8.832607152969395581e-07,8.729874290141149322e-07
9.536788584824786890e-07,9.670000902202502969e-07,9.737965670250527321e-07,9.876174449518101200e-07,1.001925104678498908e-06,1.006272405391550257e-06,1.023692420771275029e-06,1.039096512559743704e-06,1.043315001479405957e-06,1.062116080949161462e-06,1.078741927299060320e-06,1.096019781159113911e-06,1.099972807758474581e-06,1.121119526028605412e-06,1.139845342310470633e-06,1.143586074788495385e-06,1.166522827065108329e-06,1.186872492306254900e-06,1.208107701597675773e-06,1.215286277481343962e-06,1.237461442356015473e-06,1.260640327008982056e-06,1.263676730281323723e-06,1.292024020167123593e-06,1.317396109103701024e-06,1.320075391590390497e-06,1.351032027268054683e-06,1.378884516710132723e-06,1.408124656218379481e-06,1.410209824842404253e-06,1.445690918353618751e-06,1.477937928050550727e-06,1.479560615767220159e-06,1.518489072245489745e-06,1.554155416272994414e-06,1.591761733572786913e-06,1.592675511864993447e-06,1.637618120969292497e-06,1.679402530124406941e-06,1.679779786129401159e-06,1.729297610762782940e-06,1.775855963043006233e-06,1.825151943239940891e-06,1.830317642192945122e-06,1.882339685707874991e-06,1.937507161463358483e-06,1.936652492151364848e-06,2.000263693449175691e-06,2.062165469910035599e-06,2.060855511048687574e-06,2.131261645728606650e-06,2.200896350980559290e-06,2.275009229797392313e-06,2.273428255049520318e-06,2.355749622569131985e-06,2.439429378798816385e-06,2.437813400025462328e-06,2.529098964636624149e-06,2.623783487679959619e-06,2.724855001899250074e-06,2.723690744492661207e-06,2.831036157617779516e-06,2.945731764095867236e-06,2.946026117233936967e-06,3.064606296688109901e-06,3.194964788268629373e-06,3.197029453730038701e-06,3.328425837919862316e-06,3.476772559135848403e-06,3.635519470604891502e-06,3.642620897117672743e-06,3.795970345094900358e-06,3.976831771740314348e-06,3.988822887995846839e-06,4.158019686217206655e-06,4.364122968625780905e-06,4.584669307475708168e-06,4.608372469955602005e-06,4.803857609374145186e-06,5.054967719800796163e-06,5.089549262358557847e-06,5.303149607274008542e-06,5.588666753020270718e-06,5.637707602672761510e-06,5.869670611349629905e-06,6.193581967667154276e-06,6.538758732516096104e-06,6.618762625005067271e-06,6.877701814621364140e-06,7.267023109048860163e-06,7.374578631724470424e-06,7.648710998772944257e-06,8.085390978984693385e-06,8.546979179387609516e-06,8.710018476884877678e-06,8.999347887804253686e-06,9.510557050682276459e-06,9.721069133288868442e-06,1.001132040002201912e-05,1.057085707962038020e-05,1.115272275511464551e-05,1.111865620105344333e-05,1.172148986974505771e-05,1.234186731437776670e-05,1.271310238209036640e-05,1.294671526195201532e-05,1.359183206136522809e-05,1.404328628588217972e-05,1.421803343217315747e-05,1.486613094454286201e-05,1.550267845412913167e-05,1.608245760759128472e-05,1.611094528306334221e-05,1.669934181338102283e-05,1.736559859098357422e-05,1.725589416202231427e-05,1.775063650177321158e-05,1.817408034611479059e-05,1.894942778430176754e-05,1.856829935913235447e-05,1.881936252374537488e-05,1.965062701523384865e-05,1.907105085591445461e-05,1.910471810670062801e-05,1.997120768933122011e-05,1.920576494199041591e-05,1.899571195885956020e-05,1.864109832089862315e-05,1.948967261428813171e-05,1.851867071663195805e-05,1.793710974072721499e-05,1.874915493969675332e-05,1.776988403661886769e-05,1.703047024443355963e-05,1.622735533486024901e-05,1.690994327093283582e-05,1.611814736832692315e-05,1.533922312927326381e-05,1.593079890657876158e-05,1.540335708187871223e-05,1.477520386764099997e-05,1.426674086695370821e-05,1.501495445528724145e-05,1.460839184251696837e-05,1.434215277693148922e-05,1.466451064100583257e-05,1.470266363849308952e-05,1.459104312098374266e-05,1.473651799186001627e-05,1.473238843829550646e-05,1.462480826457550939e-05,1.462480826457550939e-05,1.453295348686657703e-05,1.440136343531001608e-05,1.414892517977048587e-05,1.393775511508676212e-05,1.362479642344362146e-05,1.314871870802115009e-05,1.286873556380814023e-05,1.261313914108436193e-05,1.186492555275082869e-05,1.160907350313999641e-05,1.139382416319312325e-05,1.113794158391800952e-05,1.043634875241692249e-05,1.030394751813526644e-05,1.019635263014167538e-05,9.515609401225272340e-06,9.464082290689646254e-06,9.416504765034174173e-06,9.497161716692761917e-06,8.883752391245617699e-06,8.865976770934396475e-06,9.036083523446288346e-06,8.497772876525464144e-06,8.473496684121792851e-06,8.415165814830070473e-06,8.603971589813203593e-06,8.151572229184257586e-06,8.054000591507084336e-06,8.220109140520234073e-06,7.827993508528604475e-06,7.682271418345057920e-06,7.802350690450882094e-06,7.462285777863620473e-06,7.271803180459644633e-06,7.058424333000090750e-06,7.094965747958172340e-06,6.821540531987806855e-06,6.583361514285984035e-06,6.575156453341132845e-06,6.346389086179547618e-06,6.096990440470877763e-06,5.844953444098803896e-06,5.786406800791076558e-06,5.617291149732180747e-06,5.371022191753508270e-06,5.292522673112720731e-06,5.159184861269136794e-06,4.925668266346226402e-06,4.699837955928766567e-06,4.732419958740136093e-06,4.515818642673301087e-06,4.308438340369278273e-06,4.210194821180624377e-06,4.144207636212315820e-06,3.956285605136647495e-06,3.858013374895864157e-06,3.810595575097126440e-06,3.641882734800282303e-06,3.482832031798003473e-06,3.389142961778469620e-06,3.362403641720543570e-06,3.220975543726332088e-06,3.131769464306462032e-06,3.114427865656126922e-06,2.989045762538321917e-06,2.871632008077185266e-06,2.790808139090405957e-06,2.783418707395127840e-06,2.679585094291453945e-06,2.604224816467038518e-06,2.600725092789364727e-06,2.508876942861718621e-06,2.438926618649405605e-06,2.437935656107453908e-06,2.356605574742094580e-06,2.280533003037480349e-06,2.218832738470622732e-06,2.220248929495318052e-06,2.152721584115879293e-06,2.095813550271379759e-06,2.097637308636744164e-06,2.037549246764042031e-06,1.981204750174435693e-06,1.931275536084036070e-06,1.933300280948214358e-06,1.882945728843689785e-06,1.836966293081480510e-06,1.838520688941153484e-06,1.793376103524749915e-06,1.750865079632999048e-06,1.751978935163499431e-06,1.711371080760578364e-06,1.673054932345010614e-06,1.635835339102591832e-06,1.635980094568422092e-06,1.601324347027591186e-06,1.566981121951371958e-06,1.566398116854999602e-06,1.534943377257937017e-06,1.505102862344740931e-06,1.474761914003582698e-06,1.473292913689993633e-06,1.446053940811785584e-06,1.417966880836464460e-06,1.415845972572883708e-06,1.390896825306262250e-06,1.367094339992373119e-06,1.362152269351338073e-06,1.339224573074253994e-06,1.317302973080732571e-06,1.294087303290009920e-06,1.290687843362547290e-06,1.270434884748960147e-06,1.248827636476581494e-06,1.244985370047327774e-06,1.226217603362626893e-06,1.208177994787759208e-06,1.188764667137196045e-06,1.184414654587139572e-06,1.167617502695770664e-06,1.149472124046796093e-06,1.144819775949359061e-06,1.129138251296411417e-06,1.113992562870327373e-06,1.097566889143641480e-06,1.092575732992418301e-06,1.078376775350096558e-06,1.062959681679020354e-06,1.057784620232129343e-06,1.044443346450563521e-06,1.031503694422914073e-06,1.024635886321460069e-06,1.012074134720632335e-06,9.998729077761962464e-07,9.866276082226023691e-07,9.811633811326574975e-07,9.696368937669573092e-07,9.571389346617452353e-07,9.516159626451963354e-07,9.407078699518798599e-07,9.300773454249852073e-07,9.185804818764149403e-07,9.130062341229519591e-07,9.029182752493417015e-07,8.920318230817939713e-07,8.864594980188743726e-07,8.768726220454171903e-07,8.675036428361362211e-07,8.610013923594697325e-07,8.518784743456576275e-07
9.384917156424751347e-07,9.424700345586378286e-07,9.558628973942826249e-07,9.722340286783979699e-07,9.760980828202371554e-07,9.905070329179333904e-07,1.005455573881716657e-06,1.011886116347383071e-06,1.027426680064434124e-06,1.043573872979989099e-06,1.063413952994836021e-06,1.066858411835616762e-06,1.084345740854526486e-06,1.102560493482536865e-06,1.109071098287657554e-06,1.128060346293313734e-06,1.147871637098370148e-06,1.172216358189672932e-06,1.175047447515978200e-06,1.196654669170428860e-06,1.223162359380843096e-06,1.225683864054367116e-06,1.249315915803984269e-06,1.274075939921141418e-06,1.280401046486628515e-06,1.306321069295767785e-06,1.333524150361577995e-06,1.366597841635546262e-06,1.368204826296923395e-06,1.398177630084162434e-06,1.429715737008970993e-06,1.435582157202409148e-06,1.468701337517482175e-06,1.503608279991394208e-06,1.545336114571190293e-06,1.545861745858931779e-06,1.584606749968281755e-06,1.625545092152360718e-06,1.630543512353446701e-06,1.673668682837461754e-06,1.719307264893236566e-06,1.772467986970974503e-06,1.771900835407159727e-06,1.822916077420545642e-06,1.881569219608142292e-06,1.880583471026683775e-06,1.937757299474303409e-06,1.998488204754850769e-06,2.001198398895048610e-06,2.065434511443093197e-06,2.133758788898958834e-06,2.209211704798175724e-06,2.207803424846733087e-06,2.284845879856369164e-06,2.366939549350306089e-06,2.367010823757611188e-06,2.454067996442397567e-06,2.546932014411721543e-06,2.644289623647522362e-06,2.644101832604104422e-06,2.749337749221492036e-06,2.856999298486449031e-06,2.858032135770272061e-06,2.977473618961749678e-06,3.105132552315958170e-06,3.099404867381247306e-06,3.235142509013474698e-06,3.380289676729217320e-06,3.518517595843365977e-06,3.526685791082141300e-06,3.691837661775674328e-06,3.868476082420965796e-06,3.857030796841992245e-06,4.045003951603089003e-06,4.246022231201217282e-06,4.421040951258554799e-06,4.445636730229531833e-06,4.674285575250483053e-06,4.918568199378285081e-06,4.900195250545607412e-06,5.159974494441532604e-06,5.437215491812534759e-06,5.415687242427958075e-06,5.710265376150255982e-06,6.024144481592798918e-06,6.254718262310457039e-06,6.332593472374290496e-06,6.686703745462293007e-06,7.062607460981589532e-06,7.034286223632655932e-06,7.431841044360079593e-06,7.852412776377225441e-06,8.111465699160181079e-06,8.265357339343038212e-06,8.732297413226159551e-06,9.222600010761720048e-06,9.190786776039182524e-06,9.703917503141263950e-06,1.023906261768271466e-05,1.048815082651183145e-05,1.076403633196366468e-05,1.133895912665128569e-05,1.156316758227811313e-05,1.190208113879488528e-05,1.250677071341014882e-05,1.311961435896497246e-05,1.309724849763091990e-05,1.371518592777137668e-05,1.432958170683979115e-05,1.440182698709984281e-05,1.492239653470333633e-05,1.550928653492868815e-05,1.606653246141951779e-05,1.607096456238318240e-05,1.659322385589161275e-05,1.706259872160265784e-05,1.681150988982622524e-05,1.750359586383071436e-05,1.783860985449010696e-05,1.808107139710282121e-05,1.816198632789646746e-05,1.831740766008843659e-05,1.835664547385204296e-05,1.850451039789084991e-05,1.844561341925653888e-05,1.825516513891879919e-05,1.743424385185536756e-05,1.821292958642268056e-05,1.779349895460920748e-05,1.724766586086983199e-05,1.766558238715464329e-05,1.705378333140451316e-05,1.634821519257515451e-05,1.551583992677754654e-05,1.617957494535702197e-05,1.541254829018173079e-05,1.464474022586682754e-05,1.535083832561843109e-05,1.464145276181225163e-05,1.400244162065883045e-05,1.373093139011419090e-05,1.418438110454681413e-05,1.375607606395851390e-05,1.371420371082162115e-05,1.405462663583553133e-05,1.383092656531354419e-05,1.371911254089870940e-05,1.407793659926192018e-05,1.395890594590991684e-05,1.389415716576088910e-05,1.387312823290143546e-05,1.387312823290143546e-05,1.380340287508956124e-05,1.366659755820306638e-05,1.352681648971609417e-05,1.316799243135288338e-05,1.293447277164809033e-05,1.270830621132019510e-05,1.221760137505484129e-05,1.184977235347689099e-05,1.161415897973661974e-05,1.100495128590157328e-05,1.068041176368725358e-05,1.050305114157585024e-05,1.035924377182108359e-05,9.653145672069478336e-06,9.560280324553110780e-06,9.487591309901595568e-06,8.859196424279603430e-06,8.863036064242107482e-06,8.843269462261231812e-06,8.813988322018954488e-06,8.396071778952633258e-06,8.396340590239432966e-06,8.372084513640091683e-06,7.887667607694425360e-06,8.074491211728977659e-06,8.027260181464976696e-06,7.945979851579478633e-06,7.798098454616897944e-06,7.709339054474075481e-06,7.586728920559356432e-06,7.505742615159300730e-06,7.369171851016648600e-06,7.203547337646037768e-06,6.900488359434834589e-06,6.985595200731008104e-06,6.784099979728657562e-06,6.565637839879554794e-06,6.560729992428698710e-06,6.335170088164008287e-06,6.100413781641884090e-06,5.894948124792985217e-06,5.873178369419877341e-06,5.633631660427767535e-06,5.394228641887751498e-06,5.415544609500984839e-06,5.180739350531016839e-06,4.950233891904207529e-06,4.828218877474231269e-06,4.753355756289907302e-06,4.536989428802678186e-06,4.442175774164255789e-06,4.358525781747574439e-06,4.159208095061344836e-06,3.968906195182536391e-06,3.999340217322268577e-06,3.818211118687186840e-06,3.646388125311741534e-06,3.601139028884123500e-06,3.513005048797969588e-06,3.359103212368376277e-06,3.214131501604147190e-06,3.241226594045588266e-06,3.104119360148569989e-06,2.975339128392713882e-06,2.957923250152030069e-06,2.878112112479051256e-06,2.763998592036034584e-06,2.657132744474758286e-06,2.677729011522062082e-06,2.576727768442953096e-06,2.482218306788045835e-06,2.499795871614737690e-06,2.410410306913784802e-06,2.326789822655066517e-06,2.325262474812393143e-06,2.262257498915867198e-06,2.188184228264881213e-06,2.118870366909811242e-06,2.129820174535976659e-06,2.064089711655924434e-06,2.002529997002758113e-06,2.004090102224552981e-06,1.952518355567651972e-06,1.897708751821185459e-06,1.846291178791747725e-06,1.851770906475047968e-06,1.802834673824339467e-06,1.756855094821157799e-06,1.758480775506093728e-06,1.716575361792650775e-06,1.675326466242733966e-06,1.676468292250670217e-06,1.637802332889742258e-06,1.600673614668261541e-06,1.565627705136641354e-06,1.565559516270235263e-06,1.532024874432416383e-06,1.500305476602552577e-06,1.500143900322244418e-06,1.468642462392753598e-06,1.439832530910258466e-06,1.412493332731486199e-06,1.409900465626060830e-06,1.383641390577156796e-06,1.358667835130501212e-06,1.357105791221465908e-06,1.331249654688351888e-06,1.308358406190289696e-06,1.306239891712237663e-06,1.282245788801944382e-06,1.261192875885427236e-06,1.241059419964994495e-06,1.236277386410179566e-06,1.216852413707158385e-06,1.198236559599143646e-06,1.195028061183571133e-06,1.175062687239647691e-06,1.157797556841419005e-06,1.141199046289147516e-06,1.135586589336134365e-06,1.119527645949605302e-06,1.104058935220214116e-06,1.100040164854426124e-06,1.083240018156870042e-06,1.068785739186796472e-06,1.054822663482029712e-06,1.048771377152126964e-06,1.035231022547081151e-06,1.022128576207396683e-06,1.017560848691980251e-06,1.003264048326599617e-06,9.909412952796774584e-07,9.862153517011288451e-07,9.727690774936715358e-07,9.611550143304443652e-07,9.498718891028512848e-07,9.436431349389928107e-07,9.326752878761343665e-07,9.220054699115403928e-07,9.170287174875054233e-07,9.054173909896881441e-07,8.953097773432681749e-07,8.854571136870614565e-07,8.793049558833217116e-07,8.697142237674349748e-07,8.603547997448103534e-07,8.552803679980676310e-07,8.451546618782845862e-07,8.362509297775312690e-07,8.311770260421139160e-07
9.122882189032095152e-07,9.276470879169636098e-07,9.412138197613507258e-07,9.445973082358673390e-07,9.611515726290393688e-07,9.757791423233488763e-07,9.790020532922331440e-07,9.941037618902448879e-07,1.012687672205904627e-06,1.029139250621900373e-06,1.032063328465949642e-06,1.052188683044891463e-06,1.070043915595649112e-06,1.072731646170080550e-06,1.091230342389323853e-06,1.113995175890778827e-06,1.134293422626486903e-06,1.136571672074708937e-06,1.161340242841837750e-06,1.183522743193897062e-06,1.185480145222784483e-06,1.212475590933237402e-06,1.236782947139167762e-06,1.238382353860967607e-06,1.263716522835283197e-06,1.294562914777254375e-06,1.322623477725796044e-06,1.323657199917645200e-06,1.357423044773101019e-06,1.388387954512508981e-06,1.388988226157424484e-06,1.421427515355672551e-06,1.460268119168458646e-06,1.496406786584417613e-06,1.496380578765610676e-06,1.539062136804544595e-06,1.579214236509458797e-06,1.578725538785694120e-06,1.621033592657262744e-06,1.670413275608976993e-06,1.717762128353573298e-06,1.716710950264150113e-06,1.771145821233803919e-06,1.824088871600460179e-06,1.822663453362587087e-06,1.882727166449105830e-06,1.942061412913210574e-06,1.940347478207650488e-06,2.003431177173477081e-06,2.073313759140654220e-06,2.144174056871056560e-06,2.142490428065110397e-06,2.219726011790772722e-06,2.299556476034350211e-06,2.298081894478639085e-06,2.383547044468660474e-06,2.473551433340908554e-06,2.569568046145842826e-06,2.569349555494523234e-06,2.668821507409702166e-06,2.777420362662751441e-06,2.778546772080648970e-06,2.888408983178013534e-06,3.011375490104755431e-06,3.014572748913113524e-06,3.147527352312896563e-06,3.275124702896336430e-06,3.423866529284676314e-06,3.432432871975362538e-06,3.572832305393000942e-06,3.741462442082986793e-06,3.755077137116517240e-06,3.938636360771239215e-06,4.100293636246344014e-06,4.304176513735548214e-06,4.329330447951020862e-06,4.505748062551378613e-06,4.736477810987906453e-06,4.772103287409894677e-06,5.024703384916325253e-06,5.224286892384943009e-06,5.273528234415507909e-06,5.559401241640494373e-06,5.773778785752031541e-06,6.085470549069651741e-06,6.163019400433964811e-06,6.391070551750090133e-06,6.739990449884735474e-06,6.842227649246740836e-06,7.225760951571155839e-06,7.470092258511299933e-06,7.878810110972827817e-06,8.029556085891080357e-06,8.279182150611690046e-06,8.728181476729880524e-06,8.919648142948420725e-06,9.411326412410321913e-06,9.655361958248114782e-06,1.016022277607018533e-05,1.042656538543197023e-05,1.065357067160623246e-05,1.118780705789270023e-05,1.151328733314415151e-05,1.170852363258259007e-05,1.226042092897214486e-05,1.265134423915771030e-05,1.323807348201875128e-05,1.334784808590855397e-05,1.388922186736850397e-05,1.438368380237790834e-05,1.440699242333541787e-05,1.490802290099991381e-05,1.547193189894694422e-05,1.596701315452442758e-05,1.580838394558008015e-05,1.617753338364701139e-05,1.682999979843967036e-05,1.652236913708149616e-05,1.675578677479592915e-05,1.745508073860258959e-05,1.760744087531425887e-05,1.704921570585285362e-05,1.778043069715110297e-05,1.773155500278062114e-05,1.702685380854346113e-05,1.677983467982602564e-05,1.750750200407595318e-05,1.670068024136580541e-05,1.626376879584105843e-05,1.697192732090368683e-05,1.639357499831365226e-05,1.555045859172967976e-05,1.489915305063649968e-05,1.551824441026796044e-05,1.478064154476305082e-05,1.410793111566190750e-05,1.466194420249915504e-05,1.395855630736182417e-05,1.351889217005773254e-05,1.299766933235687469e-05,1.343436832275921992e-05,1.323613981682298379e-05,1.290607606003962755e-05,1.325372344696799812e-05,1.323413022526466128e-05,1.307301954305197763e-05,1.329708251221486114e-05,1.319108825263017214e-05,1.324102128243832161e-05,1.319263553017328054e-05,1.320125663199680282e-05,1.320125663199680282e-05,1.311289034250305304e-05,1.298513581162205674e-05,1.280585567668689397e-05,1.263443465408206249e-05,1.229664110778017777e-05,1.207223109964242585e-05,1.175712111120121827e-05,1.126342376398993115e-05,1.102076321948023983e-05,1.070838821854660230e-05,1.012915179064551382e-05,9.934787493756790477e-06,9.710376494418064853e-06,9.601295942278754921e-06,8.996238363142507237e-06,8.905457130384537536e-06,8.861600907771914680e-06,8.291294598535340726e-06,8.260301154319415364e-06,8.332661143943700623e-06,8.323697741226165195e-06,7.819230608014518668e-06,7.803366345816780216e-06,7.960926340384384109e-06,7.519036815244284893e-06,7.492344320008840564e-06,7.669618758975548894e-06,7.597971852934879471e-06,7.225228889300324802e-06,7.387885821672125034e-06,7.274169451272986854e-06,6.948842276322072323e-06,6.820770449835801970e-06,6.919185159735167658e-06,6.634982703161750725e-06,6.470892775240342956e-06,6.525152539783241737e-06,6.318536030908114383e-06,6.087392823306211152e-06,5.884601976599298601e-06,5.877802144526495370e-06,5.682317510107955187e-06,5.469704480206155605e-06,5.433541175410274506e-06,5.205604984855847226e-06,5.058211470979808340e-06,4.846679270755107094e-06,4.780525508293356312e-06,4.662389926281954099e-06,4.460342864381190180e-06,4.383266437344223324e-06,4.290671683030502652e-06,4.101776609101914595e-06,4.018744428051057420e-06,3.835529953977244440e-06,3.773959313142266697e-06,3.608041197432895095e-06,3.522776062059438584e-06,3.477395580559531758e-06,3.327299236897794444e-06,3.243512685497413015e-06,3.103021761646314763e-06,3.076110079260027154e-06,2.948884904680559766e-06,2.870194156412861265e-06,2.852016454911474941e-06,2.738530738421769073e-06,2.663978151434239354e-06,2.559969940491541121e-06,2.551304624098658454e-06,2.481232381718962094e-06,2.389172273315801450e-06,2.384484317954079665e-06,2.300257486951426758e-06,2.237522211783787923e-06,2.235554607874450146e-06,2.160698075752246808e-06,2.102459144054144688e-06,2.034872626278569025e-06,2.035656871511215496e-06,1.973197951073283060e-06,1.921732072784085736e-06,1.923236157292630657e-06,1.867545850490208881e-06,1.820017324539095914e-06,1.769929545352753552e-06,1.772024472981480347e-06,1.725244729506539001e-06,1.683424538007120284e-06,1.685313102790882363e-06,1.643348428411121970e-06,1.604772455147998256e-06,1.606281073365190244e-06,1.568527183454825276e-06,1.532938693858003544e-06,1.498931186165752069e-06,1.499892986650623157e-06,1.467687935471349174e-06,1.436311054878734201e-06,1.436688525666360957e-06,1.407480599204874086e-06,1.378477535508115740e-06,1.352047090513991523e-06,1.351691267572578065e-06,1.326445267046028729e-06,1.300750114942557711e-06,1.299816053057428335e-06,1.276723018256554053e-06,1.252896633298073929e-06,1.251423410172537647e-06,1.230231418256577854e-06,1.208109507140424293e-06,1.188751296214677844e-06,1.186633662488625912e-06,1.167966225456457863e-06,1.148191859844319352e-06,1.145639530423608717e-06,1.128367103612721252e-06,1.109933865404590877e-06,1.094031948708449763e-06,1.090969551611660272e-06,1.075555419777439115e-06,1.058958466777963176e-06,1.055575403005499924e-06,1.041204600514022411e-06,1.025668536980582920e-06,1.012331798175448658e-06,1.008578725613501917e-06,9.956007614573456485e-07,9.815099355485785405e-07,9.775395629944180596e-07,9.653584239331359177e-07,9.521137599590849217e-07,9.479651940399962813e-07,9.365062500858480221e-07,9.240390117487766161e-07,9.132926180771764689e-07,9.089452475184914325e-07,8.984508635136597403e-07,8.870352930793334821e-07,8.825870806082121793e-07,8.726610415372118512e-07,8.618742573801044053e-07,8.525022726883554860e-07,8.479474313150657279e-07,8.387799612033240798e-07,8.288400690267005840e-07,8.242440781919656151e-07,8.155334308935616309e-07,8.061079050759657070e-07
8.981774971346339144e-07,9.113634589374519938e-07,9.167276899491363221e-07,9.304250885611174756e-07,9.446539569185180634e-07,9.500383972108925270e-07,9.648340181434643077e-07,9.802268836247629843e-07,9.962546245849531536e-07,1.001633566768947384e-06,1.018328420288789769e-06,1.035738699000107548e-06,1.041084250823243300e-06,1.059238559095243734e-06,1.078200437243022968e-06,1.098022768598892862e-06,1.103276308700810620e-06,1.123983077747467693e-06,1.145663559439204737e-06,1.150805742095837045e-06,1.173478651251681256e-06,1.197255124345591146e-06,1.202243023085131898e-06,1.227135590860798933e-06,1.253280703006699308e-06,1.280764069055518436e-06,1.285467563829234862e-06,1.314294133549533439e-06,1.344642714199672083e-06,1.349063713843577166e-06,1.380930912016094570e-06,1.414531190998629217e-06,1.449985933090894040e-06,1.453920984165450159e-06,1.491217011911976226e-06,1.530628022542693387e-06,1.534103513186703205e-06,1.575605625496687597e-06,1.619521957205533224e-06,1.666024217721573057e-06,1.668738636493442618e-06,1.717791176079064447e-06,1.769798426169947830e-06,1.771814648974586270e-06,1.826728045347651123e-06,1.885018998132653028e-06,1.886212989565904449e-06,1.947819003808990809e-06,2.013286777241749614e-06,2.082892257482374431e-06,2.082772821076023507e-06,2.156440339481776370e-06,2.234837555311067494e-06,2.233552024128957083e-06,2.316588652903280488e-06,2.405028876782602098e-06,2.499253082419176488e-06,2.496146451950171237e-06,2.596053522772128315e-06,2.702557771680640513e-06,2.697871630222759329e-06,2.810859395524211579e-06,2.931359546639087635e-06,2.924903359260332348e-06,3.052791717585028864e-06,3.189215452659448646e-06,3.334737646838870090e-06,3.325626393415996833e-06,3.480122791051453145e-06,3.644904495036326630e-06,3.633595554343105093e-06,3.808536506019855842e-06,3.995052315219125739e-06,4.193827549949752067e-06,4.179366955535306023e-06,4.390286097645760122e-06,4.614869216174737595e-06,4.597945791593108815e-06,4.836085434671843296e-06,5.089324159287172749e-06,5.138855842889180199e-06,5.338184064139170675e-06,5.622924823174742824e-06,5.924807235557991102e-06,5.902358533324667569e-06,6.221276163561500766e-06,6.558469789760265823e-06,6.534085578292420158e-06,6.889427539118962075e-06,7.263800460016079433e-06,7.657325290059900885e-06,7.631231490696800194e-06,8.043611684243225492e-06,8.474835253047721442e-06,8.448421347005658934e-06,8.897998343808025175e-06,9.364966165536202448e-06,9.847953636317071898e-06,9.822885559328512655e-06,1.032076190809191645e-05,1.083058392320433265e-05,1.080820393184691615e-05,1.132823759932989724e-05,1.185371537377948236e-05,1.183581619013887603e-05,1.236425202656211454e-05,1.288866566846596926e-05,1.340291246096992040e-05,1.339472529075955720e-05,1.389496016767545285e-05,1.437068727818050115e-05,1.437406683726009166e-05,1.482117178509235211e-05,1.522583371030578278e-05,1.557781551613253283e-05,1.560695505734818449e-05,1.590479125627995816e-05,1.612974103979627558e-05,1.619153463250532478e-05,1.634749234321667658e-05,1.641203831627281430e-05,1.709883910507401666e-05,1.651046704492212838e-05,1.639215942413624412e-05,1.616488720429364999e-05,1.638073954679142673e-05,1.607581299404134856e-05,1.566552112440180972e-05,1.598619251372397916e-05,1.551599776537575611e-05,1.496014120101460283e-05,1.433528888504429475e-05,1.481246106576256487e-05,1.417759887906133224e-05,1.351968251787629743e-05,1.409786473997588301e-05,1.347106274203459052e-05,1.287573912843298279e-05,1.234199501930355161e-05,1.297598995257510818e-05,1.252374445476051420e-05,1.217136752926714604e-05,1.275355063245599576e-05,1.247532449277183180e-05,1.230098916658616239e-05,1.273949993793404932e-05,1.259467265383320904e-05,1.252166038831560002e-05,1.249969885821865884e-05,1.263203956137044750e-05,1.255089091979911816e-05,1.255089091979911816e-05,1.247852560892869007e-05,1.234618490577690141e-05,1.218470979508020687e-05,1.201820037320554182e-05,1.184799839252698916e-05,1.140948762117910223e-05,1.118232407283360720e-05,1.097048517781870070e-05,1.038830207462985098e-05,1.016816133309643357e-05,9.978398069396318801e-06,9.344403136124762233e-06,9.184690265673220165e-06,9.056290046889856082e-06,8.951497064378680600e-06,8.373314842279091635e-06,8.313646333390149040e-06,8.264902808570172049e-06,7.787730627813575383e-06,7.780017832264460141e-06,7.767917096910308808e-06,7.744615348154525617e-06,7.423943909706166408e-06,7.421415355516372153e-06,7.397068372008027245e-06,7.181214823399895311e-06,7.162717169584149462e-06,7.116308418586421020e-06,7.274867429216841193e-06,6.929861354379697472e-06,6.848297899654578844e-06,6.739661912733330567e-06,6.677800737230011229e-06,6.557299831808269129e-06,6.413673077290574397e-06,6.384362623059843580e-06,6.228974329476852806e-06,6.056262302124583070e-06,5.869800429929344088e-06,5.866028698536794379e-06,5.673484040711575963e-06,5.473221985189635415e-06,5.480816754468611346e-06,5.278472230788876307e-06,5.073470653361865135e-06,4.868116191618439082e-06,4.885168663769532585e-06,4.683093072107363506e-06,4.484057849759120104e-06,4.505442005655433145e-06,4.311859171597319564e-06,4.123612791830341445e-06,4.147586185092692585e-06,3.966080534683758804e-06,3.791287998752040215e-06,3.623684554913123761e-06,3.648952872857685508e-06,3.488857327331522409e-06,3.336334153256960833e-06,3.361297696623110910e-06,3.216124256593141924e-06,3.078491258778361542e-06,2.948307618161327275e-06,2.971636099275459598e-06,2.848177998518383867e-06,2.731765339139602031e-06,2.753242185494734356e-06,2.642946839640600331e-06,2.539176745290341720e-06,2.469571976427539905e-06,2.460201332658919564e-06,2.367870602269660244e-06,2.281202895100047600e-06,2.297393686657971366e-06,2.215306752297401023e-06,2.138300990049352290e-06,2.152135570574158078e-06,2.079153661733939515e-06,2.010698601676134712e-06,1.946500440731273852e-06,1.957319805967957529e-06,1.896399341875740806e-06,1.839240642625271195e-06,1.847957460704554577e-06,1.793656664930799639e-06,1.742669216784219513e-06,1.694778459830359694e-06,1.700955152352747131e-06,1.655370776862588643e-06,1.612503817512568855e-06,1.616987091185537285e-06,1.576130548742804585e-06,1.537655795784821513e-06,1.540627937090975289e-06,1.503908490953960904e-06,1.469275357219387811e-06,1.436585364929110644e-06,1.437815244171211457e-06,1.406545033804550844e-06,1.376976255151042975e-06,1.377090521035034489e-06,1.348767786161047369e-06,1.321935519244513836e-06,1.296490984749399807e-06,1.295348682408206246e-06,1.270919916558665465e-06,1.247708132644160292e-06,1.245779194156021262e-06,1.223465712885826149e-06,1.202220743827399223e-06,1.199623834978863225e-06,1.179176134001421010e-06,1.159667904122443828e-06,1.141035848386792280e-06,1.137710815234219095e-06,1.119740108347536627e-06,1.102541648254618442e-06,1.098776949505531385e-06,1.082171083348213358e-06,1.066247136267186957e-06,1.050960577343019979e-06,1.046730967227730384e-06,1.031943428076436897e-06,1.017720495346315911e-06,1.013220619599989897e-06,9.994493930253898535e-07,9.861794077246914523e-07,9.733793004204768431e-07,9.686073328425367367e-07,9.561938061652576402e-07,9.441989551572487207e-07,9.392793827684240667e-07,9.276380172456689562e-07,9.163706191153003100e-07,9.113445100571862201e-07,9.004014936649407742e-07,8.897933493595661754e-07,8.795006941189889487e-07,8.743865566197674270e-07,8.643777376578216272e-07,8.546525927789549230e-07,8.495065104212364535e-07,8.400442210013687082e-07,8.308376692890817654e-07,8.218730126484306747e-07,8.167216702009829123e-07,8.079904377325751532e-07,7.994782159718270455e-07,7.943462079249479821e-07,7.860519062414407129e-07
8.850076600646252690e-07,8.875630432433513633e-07,9.008943837243389343e-07,9.172898382742947570e-07,9.196638736199888211e-07,9.340768583215662064e-07,9.518068389975407119e-07,9.675369536755891957e-07,9.695943588480399321e-07,9.858831231498579531e-07,1.005895328799558624e-06,1.007704755920634070e-06,1.025433298756499992e-06,1.047170261420960465e-06,1.066647940589156020e-06,1.068048268416063168e-06,1.088299867494506588e-06,1.113005200057585949e-06,1.114088568390699544e-06,1.136281558425423616e-06,1.163228422299621508e-06,1.163966337914239678e-06,1.188351396023146451e-06,1.217787076156003493e-06,1.244800582106753809e-06,1.245017729213024533e-06,1.273291132834366382e-06,1.307038487250433867e-06,1.306863383506228798e-06,1.338138925376451943e-06,1.375134672625624424e-06,1.409948370016850409e-06,1.409241338051520800e-06,1.445877015191528918e-06,1.488514457132168322e-06,1.487426690287681594e-06,1.528210501777994801e-06,1.575086473916140587e-06,1.620643876615930083e-06,1.619154325563103171e-06,1.667378569664219086e-06,1.721617273445266626e-06,1.719887533021597674e-06,1.773879859397778919e-06,1.833624609771653918e-06,1.831764905991951011e-06,1.892337199051070601e-06,1.958171642158454021e-06,2.025981732325055217e-06,2.024423471449534106e-06,2.096831877925230919e-06,2.173191369736098878e-06,2.172055982368074903e-06,2.253643818935020859e-06,2.337781448663695549e-06,2.429040672960259336e-06,2.429485440327213388e-06,2.527558698238873506e-06,2.625007516857497630e-06,2.627032235902498935e-06,2.737863039572523908e-06,2.845001743576143282e-06,2.849319941756852947e-06,2.974653537708197461e-06,3.092246414929206400e-06,3.231678419457595229e-06,3.241559751530756159e-06,3.392695886857951882e-06,3.527653037103514538e-06,3.542632127340234439e-06,3.713542608879675985e-06,3.860624885574369966e-06,4.049272156294167482e-06,4.075466081647522254e-06,4.281020761662188755e-06,4.447327699061119745e-06,4.483495350933951027e-06,4.715175275108132616e-06,4.894045701966371144e-06,4.942935919900309727e-06,5.203405106125070040e-06,5.479573806503571331e-06,5.676362914364428644e-06,5.751029265094485931e-06,6.059685798943808285e-06,6.266260049396855968e-06,6.363006280546947615e-06,6.706129863934124514e-06,6.919763212487480348e-06,7.283008475716489836e-06,7.422201540159159116e-06,7.818912037707125283e-06,8.034884288529806090e-06,8.209104289632047186e-06,8.640505006135408653e-06,8.849648199832541883e-06,9.290134279114937863e-06,9.527581046879751410e-06,1.000351522865878982e-05,1.018349678764630762e-05,1.047013404116043572e-05,1.096607802160920613e-05,1.111017411284624018e-05,1.145065026790099193e-05,1.195357192492869328e-05,1.204499916095033052e-05,1.250899481059552644e-05,1.293382463933005556e-05,1.340908514713214951e-05,1.338295381542834063e-05,1.386411320213308348e-05,1.428898836392899878e-05,1.415910479194568582e-05,1.448201409941255333e-05,1.503561854716137939e-05,1.532050139873426437e-05,1.499884895072684679e-05,1.559166571919578319e-05,1.574346233525329459e-05,1.528715976893649201e-05,1.590819636197982170e-05,1.590009152255248654e-05,1.579405267651503751e-05,1.514902618218080811e-05,1.577436310635224194e-05,1.549032453967740520e-05,1.477135984941086358e-05,1.538750141156212218e-05,1.494282442555446468e-05,1.421092767468312358e-05,1.368522861930790454e-05,1.424078667452027202e-05,1.362804729246320826e-05,1.299839740707276812e-05,1.350868538325099615e-05,1.289231974875725281e-05,1.242851628355554983e-05,1.192804493980355183e-05,1.234620926987460060e-05,1.188098871724604855e-05,1.171858578990513934e-05,1.207086541552323801e-05,1.177564746327104660e-05,1.177384896512355193e-05,1.203823788412933853e-05,1.189004644664329422e-05,1.194964172141432781e-05,1.190254647774813497e-05,1.200983846209129465e-05,1.196290665849860559e-05,1.194591152354143598e-05,1.194591152354143598e-05,1.189261544779655920e-05,1.178505811814534318e-05,1.160677154054729687e-05,1.144616749898802776e-05,1.121485693034468504e-05,1.103128155401305485e-05,1.065225112380917174e-05,1.035445388822093599e-05,1.015417196811914543e-05,9.675937162960515769e-06,9.395695527242918957e-06,9.232977873340426819e-06,8.712364698955627930e-06,8.568414705638634330e-06,8.418348166959521421e-06,8.342422405159668903e-06,7.825500679575878539e-06,7.788063100583083505e-06,7.763308850704647962e-06,7.286060254610246188e-06,7.268145874225880068e-06,7.355269187589326396e-06,7.347283648628118893e-06,6.930188015419174992e-06,7.073503543943453201e-06,7.059098476373978464e-06,6.693458278144569053e-06,6.858052322484543592e-06,6.818521622621362936e-06,6.752041409648646474e-06,6.442015891349997032e-06,6.578302597454665449e-06,6.476955451112621778e-06,6.204504041588107045e-06,6.308963296460155645e-06,6.173340245368588105e-06,5.933674178104947140e-06,5.791570466279001610e-06,5.836405188910814856e-06,5.659571773668538522e-06,5.462558301044081551e-06,5.473287684805003569e-06,5.282893366310276355e-06,5.114638954035405741e-06,4.932017790060406907e-06,4.901617840661272825e-06,4.705691980341375270e-06,4.576572694861083308e-06,4.527877676810472680e-06,4.337430948571359510e-06,4.232422891010360532e-06,4.171176533245688129e-06,3.990523549713929275e-06,3.906854034393598995e-06,3.741246898763254550e-06,3.669573983104341911e-06,3.508033487972734486e-06,3.450756689996341957e-06,3.376599278003735543e-06,3.229208203692374196e-06,3.186047357879145468e-06,3.052008746092921130e-06,2.978402199201907427e-06,2.852138071306117613e-06,2.825427139518396406e-06,2.753957157297531052e-06,2.640838538952445369e-06,2.622174476055930662e-06,2.553701078998663806e-06,2.452714832014372299e-06,2.357713972474986182e-06,2.348028838147914408e-06,2.285302190719513896e-06,2.200786200878572307e-06,2.195060139221487566e-06,2.136216654222026433e-06,2.061071439410978584e-06,2.058173674981276287e-06,1.989074108650964125e-06,1.936414814327117724e-06,1.873713494963496996e-06,1.873788237883852791e-06,1.824888661277931777e-06,1.769066475992380171e-06,1.770098788568891732e-06,1.718304371457930577e-06,1.675013095507242099e-06,1.628253176553798947e-06,1.630187241746857390e-06,1.590160273824580887e-06,1.548334447736635523e-06,1.550287442932473140e-06,1.513305748018164910e-06,1.475798217083321900e-06,1.477572388856280266e-06,1.442309196758438010e-06,1.409687602932628540e-06,1.377865491351396956e-06,1.379326732781793048e-06,1.349184132879515571e-06,1.320436613965863232e-06,1.321452994551821556e-06,1.294183954951618496e-06,1.267535936573207162e-06,1.242848375348638996e-06,1.243285980080749544e-06,1.218615390475606878e-06,1.196127099136300111e-06,1.196068635041791243e-06,1.173206646939755968e-06,1.152654166985953510e-06,1.152118208416500427e-06,1.132412025336626193e-06,1.112064034406786397e-06,1.094081814261995049e-06,1.092963492379374916e-06,1.074043402813900307e-06,1.057468718410975159e-06,1.055939122500146018e-06,1.039945988033169754e-06,1.022997787146819934e-06,1.008299748390792079e-06,1.006278244025181937e-06,9.904578691035544782e-07,9.768000622438611280e-07,9.744555227863927607e-07,9.612096819340749761e-07,9.469387251165519072e-07,9.346727601183217122e-07,9.319474278161680337e-07,9.185714180401516459e-07,9.070890831459331496e-07,9.041280334839133061e-07,8.915722579475677282e-07,8.807963026033878688e-07,8.776342437330458082e-07,8.671303250798844424e-07,8.556937940585749286e-07,8.458654096465983885e-07,8.424715341310672895e-07,8.316928812222614718e-07,8.224124294147606283e-07,8.188880745083432738e-07,8.098188095140767917e-07,7.999342233909417137e-07,7.913893311172292570e-07,7.877183117157009418e-07,7.783666550118460637e-07,7.702560815781504789e-07,7.665114247217375342e-07
8.595333384843340810e-07,8.749294868174551937e-07,8.885306276749537315e-07,8.905075151104454035e-07,9.071469138728633150e-07,9.218822369358324454e-07,9.372428418209569082e-07,9.416544567050607846e-07,9.576585037287423441e-07,9.743663346061738333e-07,9.757604539858917691e-07,9.961311832977443796e-07,1.014350400722773051e-06,1.033414140970655682e-06,1.037609442491734362e-06,1.057527189371557237e-06,1.078398835113084223e-06,1.079060920005011342e-06,1.104275273708358981e-06,1.127183863282705501e-06,1.127502072824745079e-06,1.155026628561622003e-06,1.180233740197166971e-06,1.206744024776194580e-06,1.210274664211018223e-06,1.238079198394616539e-06,1.267361576831776706e-06,1.266791064707058077e-06,1.301327101048427930e-06,1.333748186204120672e-06,1.367960859574288624e-06,1.370671796533713377e-06,1.406650717495099936e-06,1.444665457264382557e-06,1.443240355157166714e-06,1.486923967429186638e-06,1.529254500914281041e-06,1.574058601798754354e-06,1.575546356141410681e-06,1.622779459919163811e-06,1.672826292804932419e-06,1.670862474050355257e-06,1.726442982878940213e-06,1.782449337312971693e-06,1.780413437404475669e-06,1.841619716587953545e-06,1.904401845260092851e-06,1.971073796046734500e-06,1.969879260481284673e-06,2.040364924335763234e-06,2.115271734379190450e-06,2.114140527641387280e-06,2.192252219953109169e-06,2.276513907996438845e-06,2.366131163688895029e-06,2.362236720771109383e-06,2.457116095929641732e-06,2.558063540673696550e-06,2.560313269652494501e-06,2.659692134608385412e-06,2.773467622080539144e-06,2.778107568332999626e-06,2.887177824663178190e-06,3.015445119118043618e-06,3.151925856373344208e-06,3.142849683485831546e-06,3.287440535364224846e-06,3.441240550041271792e-06,3.456697504848625927e-06,3.593242237376472233e-06,3.766424285465457686e-06,3.950436044114644426e-06,3.936963659037020583e-06,4.131714751425138131e-06,4.338421954532519086e-06,4.374923140307773561e-06,4.541575449208845339e-06,4.773235113694820378e-06,4.822241292034555174e-06,5.000569870059394163e-06,5.259371259958658362e-06,5.532772663221574749e-06,5.606862571787444514e-06,5.801069945302369544e-06,6.104358612555029089e-06,6.199800662006945235e-06,6.401935572818821174e-06,6.736282978400972767e-06,7.086410535881416794e-06,7.064392463335590164e-06,7.430025927605908650e-06,7.810930855918967063e-06,7.980458779772650483e-06,8.184658508663296688e-06,8.594193914169917742e-06,9.016280047756695731e-06,8.995714054900212704e-06,9.429370716049050784e-06,9.872005301197282604e-06,1.014764836085674940e-05,1.030397035248820350e-05,1.075763274697594810e-05,1.108370028399229543e-05,1.119833547820775617e-05,1.164925333414427419e-05,1.209102872054761436e-05,1.208446165312079093e-05,1.251404791037190199e-05,1.292314527835632909e-05,1.338016321246095891e-05,1.331113050016132972e-05,1.366198933721460468e-05,1.397037256750218743e-05,1.399303210862563009e-05,1.425775266133665855e-05,1.446426549395647619e-05,1.502417398875220185e-05,1.466306268402135455e-05,1.474128056728904843e-05,1.532643197172666740e-05,1.484235829995393529e-05,1.477343381362086035e-05,1.461647604424736038e-05,1.520404254698198012e-05,1.456026883146668156e-05,1.425092323859573777e-05,1.482830408555644418e-05,1.413614371830978159e-05,1.369794052346767516e-05,1.319450171788600475e-05,1.357123489501971282e-05,1.304957232622575223e-05,1.249423269115752002e-05,1.297253932916908529e-05,1.242182076295858290e-05,1.188665796046758931e-05,1.138212557097694837e-05,1.192889439124851346e-05,1.148354157468132077e-05,1.110608265723411857e-05,1.144849471754123452e-05,1.133478813318025997e-05,1.110890374975806188e-05,1.138181310838225044e-05,1.139001342550686547e-05,1.128476080664077985e-05,1.124332828916308520e-05,1.149260039347018283e-05,1.143125168386255429e-05,1.139595146911096964e-05,1.140250500178418006e-05,1.140250500178418006e-05,1.133380967689974187e-05,1.123315004451070997e-05,1.112482863568183737e-05,1.087555653137474143e-05,1.069527944215399363e-05,1.051388405709758531e-05,1.026021526706787025e-05,9.874595894883598520e-06,9.670556841457854166e-06,9.405846090596610957e-06,8.945792480597872918e-06,8.771517115899691438e-06,8.623545283598197265e-06,8.076776463326632176e-06,7.962760298626009013e-06,7.871460510244700242e-06,7.799642601672216033e-06,7.326531995118068966e-06,7.289410183362471046e-06,7.257224668392146466e-06,6.880491490958019532e-06,6.879937394636750976e-06,6.872534193047853657e-06,6.987132309261197621e-06,6.605908107270616451e-06,6.601302009107697479e-06,6.748475816837082215e-06,6.411968906423771693e-06,6.390798869657748928e-06,6.346409093595104783e-06,6.481304685427312077e-06,6.192978103544278509e-06,6.118667523465235808e-06,6.229892857632347454e-06,5.974646307731409448e-06,5.868239132142031396e-06,5.743163032846398590e-06,5.720354853961598311e-06,5.585441299971131658e-06,5.436442316715287909e-06,5.460208394528804786e-06,5.273219019714299742e-06,5.107653250522530241e-06,4.935540934773323349e-06,4.941624384652925801e-06,4.767448790275468285e-06,4.590750072667604575e-06,4.551301478225514488e-06,4.427125413670634208e-06,4.252068560109990406e-06,4.198150142589557458e-06,4.096508048532063798e-06,3.927747306515387332e-06,3.763064346051519578e-06,3.782730895474883684e-06,3.623396092062786865e-06,3.469373926318153461e-06,3.398689707790481002e-06,3.342157268013276766e-06,3.200059525234548188e-06,3.064149809633268269e-06,3.085214003202545687e-06,2.955452007642695129e-06,2.831953987074379453e-06,2.761845012055016679e-06,2.734755896308179968e-06,2.623253073037548830e-06,2.555682920733528656e-06,2.536493186667596893e-06,2.436279349494770390e-06,2.341669940374328183e-06,2.279332921508690954e-06,2.269043492663111187e-06,2.184426395755223819e-06,2.125790048734478727e-06,2.119516088179389415e-06,2.043941378518800050e-06,1.972849430566909342e-06,1.985738582193596881e-06,1.918277817512098562e-06,1.854847441634765694e-06,1.805904442163732697e-06,1.805660096846610716e-06,1.749036967150182389e-06,1.695807294159423797e-06,1.704490550370754548e-06,1.653892881505291434e-06,1.606306739452835002e-06,1.566188982745157738e-06,1.568071673209661320e-06,1.525458151658740030e-06,1.488393874866785782e-06,1.490398464523078518e-06,1.452160805443142925e-06,1.416125213737826645e-06,1.419851062298139808e-06,1.385461629441222162e-06,1.353011904427072518e-06,1.322832261133401221e-06,1.324537540463217752e-06,1.295239360819632441e-06,1.267535990240257129e-06,1.268678813157617516e-06,1.242152128568747610e-06,1.217028581993749192e-06,1.192378372974082924e-06,1.193186802910451415e-06,1.170334548602147469e-06,1.147511062046696633e-06,1.147858926434802901e-06,1.127009235656425662e-06,1.107174934364489380e-06,1.105751586406197185e-06,1.086670503094137283e-06,1.068484600888159845e-06,1.049649351891235633e-06,1.048989426104615988e-06,1.032263404380507813e-06,1.016275939725682115e-06,1.013682361958422647e-06,9.982521437858786245e-07,9.834751367053198889e-07,9.677731729518375597e-07,9.662268805977399824e-07,9.525282159895428031e-07,9.393714291272871043e-07,9.359936346306152940e-07,9.232581304123192965e-07,9.110039595097561865e-07,8.977677080033359024e-07,8.955110108692726054e-07,8.840665052214065531e-07,8.716532355127074900e-07,8.691526970895449484e-07,8.584365596416114311e-07,8.480794987988962105e-07,8.440658161073114281e-07,8.340068188386789126e-07,8.242691430534927477e-07,8.136412284081098770e-07,8.106829409749611552e-07,8.015067528416331176e-07,7.926022922494215497e-07,7.883816606182265933e-07,7.797159915949394374e-07,7.712949462999322638e-07,7.620954223040403503e-07,7.588290825585794551e-07,7.508497238800434404e-07,7.421399121873085236e-07
8.476436643349308450e-07,8.609212456991188384e-07,8.649781501210342514e-07,8.787918088151761343e-07,8.931893980920254243e-07,9.108513953225335347e-07,9.121852225755726485e-07,9.278362656301415644e-07,9.469909103122732581e-07,9.480749695775035870e-07,9.651313074594984765e-07,9.829745638469680455e-07,1.004692748172356429e-06,1.005381089157440184e-06,1.024903605361931223e-06,1.048549559275764166e-06,1.048934806391466732e-06,1.070347862788601146e-06,1.092830020379070530e-06,1.096190643280844600e-06,1.119735270205128392e-06,1.144489726733561037e-06,1.173957086929433877e-06,1.173554389393952598e-06,1.200876112808748721e-06,1.233109410765775104e-06,1.232363412474160462e-06,1.262589188964176702e-06,1.294473292336531432e-06,1.331492354316261862e-06,1.330314863212084150e-06,1.365711334775816045e-06,1.406311124411854629e-06,1.404837467680234103e-06,1.444216754513224756e-06,1.485878369940211258e-06,1.532672146277516715e-06,1.530952772194547617e-06,1.577444471908419531e-06,1.628852314447803668e-06,1.627020115763769040e-06,1.678996316312005132e-06,1.734118328196789936e-06,1.733675851882113433e-06,1.791881007203176286e-06,1.853659198469478115e-06,1.918910036896980727e-06,1.917633645210570313e-06,1.986969343984800801e-06,2.058671300383309462e-06,2.058000530198446316e-06,2.135913031804911802e-06,2.218730516206570354e-06,2.301432813267586200e-06,2.302601673998581772e-06,2.395791822400437982e-06,2.486490299932176592e-06,2.489418130738716656e-06,2.594343394305055057e-06,2.705936691823646377e-06,2.699039350581332825e-06,2.817214072407451766e-06,2.942890922614969762e-06,3.056526361741782852e-06,3.067548720397193633e-06,3.209052538835496677e-06,3.332727337176284749e-06,3.348812709717018328e-06,3.508031613202351011e-06,3.677145873282078680e-06,3.816854391589231775e-06,3.843726299315189367e-06,4.033609503528369063e-06,4.183973232025008199e-06,4.220268560184149563e-06,4.433026744952249877e-06,4.658281548531341568e-06,4.641925718645894691e-06,4.879637082592915745e-06,5.130807143731530095e-06,5.306010444747736843e-06,5.377531407052448995e-06,5.656387804663145460e-06,5.949795439791141748e-06,5.930347527284679228e-06,6.238215793992970640e-06,6.560964072218346098e-06,6.749859064079555139e-06,6.878299548969101742e-06,7.230446212502009932e-06,7.418092346773780844e-06,7.576753155568244371e-06,7.956997916282305776e-06,8.350041400847478415e-06,8.523681532853518409e-06,8.736000826598530540e-06,9.151250719642666355e-06,9.304710843310964096e-06,9.558216701524799319e-06,9.988343571454853643e-06,1.042143522445940330e-05,1.040844338605233287e-05,1.084253075366685720e-05,1.127232463658433463e-05,1.131984899121401893e-05,1.168733066333601188e-05,1.209641810714416973e-05,1.207475789503693258e-05,1.248834959427611289e-05,1.285539662666672761e-05,1.318996367468417146e-05,1.303144702938260954e-05,1.350474585613192534e-05,1.375821579847508698e-05,1.349311306883033963e-05,1.399931001384750195e-05,1.414581819777228652e-05,1.422409302810075078e-05,1.429993291264721876e-05,1.431783176487121571e-05,1.425697389271853529e-05,1.371955038482851799e-05,1.425869152685582126e-05,1.405197103091761158e-05,1.376192031607285914e-05,1.398015220915093636e-05,1.363713612814873478e-05,1.322068388199832212e-05,1.257961629002718576e-05,1.307479316229426022e-05,1.257241223790547433e-05,1.199194178018048224e-05,1.245630111576569448e-05,1.192618871586052373e-05,1.139719721859152099e-05,1.100205799120894932e-05,1.139567466218365347e-05,1.094448566605779420e-05,1.072149441863520996e-05,1.106621435811058928e-05,1.074152767912150234e-05,1.049800592521620803e-05,1.095680844975056469e-05,1.076663905537851729e-05,1.065345567904291788e-05,1.072804851806883123e-05,1.089562189475789918e-05,1.084832562243128117e-05,1.089326082269074513e-05,1.093653951012007432e-05,1.087456109663233333e-05,1.087456109663233333e-05,1.081685996981372643e-05,1.071813460269289654e-05,1.058782334923103880e-05,1.045428470098480454e-05,1.021151129402134531e-05,9.976543789129383043e-06,9.790019657061718969e-06,9.612744871672030140e-06,9.153942347137673474e-06,8.964285044183195695e-06,8.797014218418799689e-06,8.352339648715510217e-06,8.135503540392429519e-06,8.012902341988737212e-06,7.553486494812547804e-06,7.422101503460778831e-06,7.356204069354248042e-06,7.304289180560860138e-06,6.864872902135297711e-06,6.865290198161637138e-06,6.851566685317414513e-06,6.451719676399724384e-06,6.530121201345106310e-06,6.535296523680112521e-06,6.527944582368891259e-06,6.309712533269110370e-06,6.312874651647376057e-06,6.296730258800987032e-06,5.991772228385967940e-06,6.134989289022045860e-06,6.096093977277524021e-06,6.035056496884354687e-06,5.959197214515461798e-06,5.889957832770905721e-06,5.799727952423142399e-06,5.569584216404052002e-06,5.656858238778582011e-06,5.538400461869120252e-06,5.334619624838476815e-06,5.389958890668203766e-06,5.248334075324922102e-06,5.095936619812013800e-06,4.926750378932229410e-06,4.935657621231474125e-06,4.771655694460244660e-06,4.625877919237262494e-06,4.610905201064644597e-06,4.442156903702558405e-06,4.272608227875976760e-06,4.284978399525649743e-06,4.117392588740490989e-06,3.951649345515297739e-06,3.858006737778660802e-06,3.805372286480053457e-06,3.647113543167477353e-06,3.571399826096850404e-06,3.511638526727277911e-06,3.363234198153464591e-06,3.220185121733281314e-06,3.167007827664542280e-06,3.102159978799362362e-06,2.970705228914830845e-06,2.929844605825629918e-06,2.864439097851967654e-06,2.744722204418654747e-06,2.630905397011671767e-06,2.649511241197903122e-06,2.541210315039273272e-06,2.438594909753182008e-06,2.419731052817188463e-06,2.358621837796188180e-06,2.266477231288322303e-06,2.179505246199007241e-06,2.195153008496863987e-06,2.112636087041945538e-06,2.034873339775672273e-06,2.028273701438638469e-06,1.975153012749104896e-06,1.905704794862355189e-06,1.901963150843344659e-06,1.852195581210919025e-06,1.790197010720819727e-06,1.731888558209198175e-06,1.731241566577846988e-06,1.686704260426923959e-06,1.634638754898564061e-06,1.635123551074216614e-06,1.593749117154764421e-06,1.547207753794219858e-06,1.503422110723823140e-06,1.510020859113647586e-06,1.468355719471970341e-06,1.429129645427350220e-06,1.430963359993535877e-06,1.396998621369590018e-06,1.361785394822359289e-06,1.363613915582282139e-06,1.332193287443842332e-06,1.300509696068986492e-06,1.270604144865947570e-06,1.272327619275267712e-06,1.244542629180169050e-06,1.217529600284728645e-06,1.218938779642669784e-06,1.193228781187347141e-06,1.168760055961482960e-06,1.145580033589782879e-06,1.146003354659014723e-06,1.123774711298674405e-06,1.102681061052476294e-06,1.103249456482203066e-06,1.082125738216135240e-06,1.062871903895055118e-06,1.063030209352120517e-06,1.043427811404374396e-06,1.025799054082235196e-06,1.008994685085472916e-06,1.008642684462229062e-06,9.911583586118752817e-07,9.756957924408347145e-07,9.749661165194146792e-07,9.586876994604561973e-07,9.444161217696453106e-07,9.307471180172052186e-07,9.295579355720682058e-07,9.149487728996016279e-07,9.022708878439520571e-07,9.007680297771589584e-07,8.871147323464715416e-07,8.753219821876429132e-07,8.639738467768321288e-07,8.607587086262073399e-07,8.497585655642285940e-07,8.391542982196360340e-07,8.370327346827505262e-07,8.254571821722042098e-07,8.155219418326387204e-07,8.131878371813418460e-07,8.023100262775229112e-07,7.929782503997192440e-07,7.839436528800482568e-07,7.813589414842933904e-07,7.714367908715705193e-07,7.629175488732927198e-07,7.601829041330100809e-07,7.508214547083203729e-07,7.427706746405861725e-07,7.349462426383194496e-07,7.310649656960441834e-07,7.234412938671794176e-07
8.367799501998040442e-07,8.380974337145599320e-07,8.516023198688038881e-07,8.681948826526550541e-07,8.829721115983703379e-07,8.839623895388991622e-07,9.019472174855871170e-07,9.180398350513741537e-07,9.187773285056331623e-07,9.383010298481114369e-07,9.558682176008542955e-07,9.742637754791467645e-07,9.746070542783165214e-07,9.967788081654616657e-07,1.016935155140855120e-06,1.016978156217175356e-06,1.041137171245645404e-06,1.063274432376940727e-06,1.063000302834917477e-06,1.086137597077079973e-06,1.113727830871616567e-06,1.139363732315404780e-06,1.138642093420262497e-06,1.168803430167489210e-06,1.197121126540159604e-06,1.196072307150645544e-06,1.229079981991764754e-06,1.260426370774278937e-06,1.293500746806178154e-06,1.292054386973738072e-06,1.329986574533343162e-06,1.366712495656884306e-06,1.364999796706139771e-06,1.406607162073248176e-06,1.447464042946326296e-06,1.490682837922485239e-06,1.488779656587247880e-06,1.536737406593358222e-06,1.584944339259984554e-06,1.582975111832323748e-06,1.635649220338456884e-06,1.689502387530635183e-06,1.687604092892059701e-06,1.744922792842098451e-06,1.805711275158284048e-06,1.869605851436062945e-06,1.868336009591316494e-06,1.935104526879337530e-06,2.006704575873464996e-06,2.006111755925691096e-06,2.079414447396157675e-06,2.159720242574695970e-06,2.244979191533144249e-06,2.246329260424256609e-06,2.330720971306474232e-06,2.426426282191756840e-06,2.429612341972264840e-06,2.522019264047207003e-06,2.629475965275854847e-06,2.635184100233199300e-06,2.751081403050152605e-06,2.856827370416699004e-06,2.984881966955807240e-06,2.996298066578226177e-06,3.111442529707707022e-06,3.255074163781559792e-06,3.271575991640123114e-06,3.396536033894872265e-06,3.557460793299221805e-06,3.727960262089952976e-06,3.755164860928451942e-06,3.895550968595840704e-06,4.086031690458394647e-06,4.122532592040436912e-06,4.272968936026472716e-06,4.485212164927597991e-06,4.533300264518533639e-06,4.764291728142043954e-06,4.929006538036764986e-06,5.177151421068081993e-06,5.247984974490602651e-06,5.420585745799586071e-06,5.694101099060022558e-06,5.783995179682066928e-06,6.081602834244945245e-06,6.262006792725479065e-06,6.574611915079671747e-06,6.700174922646063484e-06,6.881404892064466244e-06,7.219241673633950088e-06,7.373622315865383665e-06,7.550715839748739795e-06,7.911583404009307332e-06,8.282321340708871923e-06,8.487554057149447479e-06,8.645121224897049764e-06,9.031620834449772839e-06,9.275680212013415925e-06,9.408758085227776391e-06,9.802889761576982970e-06,1.008886042332503723e-05,1.050312549132683413e-05,1.057608384379986528e-05,1.095820295309850949e-05,1.130902519194029303e-05,1.132434774502728295e-05,1.167850014013044408e-05,1.207226365169683620e-05,1.201480521329325794e-05,1.232066682625904828e-05,1.259185141766707226e-05,1.304104983549176254e-05,1.284516661182820888e-05,1.303361331511468503e-05,1.351303292747591876e-05,1.321419270589723378e-05,1.329877503204823228e-05,1.380037606124252197e-05,1.382118030877316664e-05,1.336344026554015257e-05,1.325670710837191651e-05,1.376476520849247079e-05,1.322383878526729046e-05,1.298997040404161297e-05,1.349372294954356921e-05,1.316979411498388481e-05,1.255591977103792184e-05,1.215038914145732755e-05,1.261464882113562042e-05,1.202091820863957970e-05,1.155590997560252339e-05,1.199125242367885177e-05,1.147285324169148973e-05,1.100212486199602134e-05,1.054164960039525219e-05,1.091281576063417308e-05,1.058547123013104844e-05,1.020850121395358019e-05,1.053888837611345603e-05,1.036852145911485083e-05,1.011010069117058910e-05,1.038937797949279599e-05,1.018635480037766313e-05,1.020727537276055989e-05,1.013049088918433059e-05,1.031899703413377006e-05,1.037424623531607694e-05,1.034498710036700864e-05,1.042929094817635652e-05,1.043451926213875882e-05,1.038140414973162127e-05,1.038140414973162127e-05,1.032838953511792554e-05,1.025416472817850792e-05,1.011482796898731001e-05,9.986043146306965799e-06,9.802459810086284139e-06,9.537387194239476833e-06,9.353835673962671832e-06,9.110459364658705160e-06,8.939402246874618492e-06,8.558795470448902039e-06,8.385397068400113969e-06,8.169733606193756284e-06,7.748406514501779695e-06,7.614347730608814477e-06,7.464244264237769868e-06,7.038224167817996562e-06,6.958655986162296780e-06,6.895006405726097283e-06,6.864183545634319457e-06,6.461899183554511834e-06,6.440087523446346685e-06,6.486752208022407141e-06,6.121419174927869377e-06,6.124834390987635992e-06,6.228707248429638196e-06,6.230611552223225035e-06,5.911965303587803940e-06,5.905890465994290577e-06,6.036988695313826699e-06,5.754940360110296849e-06,5.732586171297412634e-06,5.862014879063819092e-06,5.806183500713610289e-06,5.563199213850227059e-06,5.495808661116574540e-06,5.589564245996409350e-06,5.373165917323412846e-06,5.279030092219828852e-06,5.344373644112943931e-06,5.151710919799996847e-06,5.033987173477233982e-06,4.904665337469479622e-06,4.924625260790891581e-06,4.763656195021595359e-06,4.620333866109751193e-06,4.615656506286680105e-06,4.476315554847132172e-06,4.325382873445273510e-06,4.300635465691572929e-06,4.138491094819037179e-06,4.029065533613089549e-06,3.876495753659294252e-06,3.830254321374664048e-06,3.739576070742174044e-06,3.591652069728696878e-06,3.536845106719904417e-06,3.463060419518944079e-06,3.322511794009486941e-06,3.186183226160127783e-06,3.124465352479667134e-06,3.072073657434372720e-06,2.945455337102221721e-06,2.882312187349244573e-06,2.841719977220468046e-06,2.725333362146296651e-06,2.662429139555304688e-06,2.551955149355624369e-06,2.525491708053589438e-06,2.424502920665024879e-06,2.364217621957267539e-06,2.344960837837867330e-06,2.253673460249323712e-06,2.195953319652411447e-06,2.111147856934190897e-06,2.100176063719749639e-06,2.022451691875494844e-06,1.969492891549566088e-06,1.962408000600430163e-06,1.892672741511761011e-06,1.842944222837413485e-06,1.838773662647952931e-06,1.776273962678798051e-06,1.717365153949485366e-06,1.672737524501792747e-06,1.671756496630867152e-06,1.618999475480265755e-06,1.577502599509132382e-06,1.577746301621032148e-06,1.530475147033140325e-06,1.491974716364921110e-06,1.449102336088402952e-06,1.450607677257122497e-06,1.410650993069212860e-06,1.376547706137139417e-06,1.378347198684543763e-06,1.342441859406286092e-06,1.310895851056887901e-06,1.312769315791438071e-06,1.280445399151985974e-06,1.249924440590212158e-06,1.222043430449467979e-06,1.223903841411248582e-06,1.196338972589492587e-06,1.170554152930957590e-06,1.172157804233374740e-06,1.147202308516298038e-06,1.123346937750352200e-06,1.100745108698898580e-06,1.101983277382583395e-06,1.080499185173692764e-06,1.059358324187918693e-06,1.060222041596006732e-06,1.040638511315084059e-06,1.021037869760973224e-06,1.021520560004116922e-06,1.003618640214228476e-06,9.865703677297567694e-07,9.691197657528773800e-07,9.691222203889239572e-07,9.534656918076640340e-07,9.372354585157742252e-07,9.368745753994330738e-07,9.224540378541431383e-07,9.086602854485309579e-07,8.941242054862617848e-07,8.933169121114261549e-07,8.805522952015773712e-07,8.669818579158469211e-07,8.658647617917871403e-07,8.540187544669288710e-07,8.413313546155698837e-07,8.304006920462068053e-07,8.289086697937478167e-07,8.182973415655049818e-07,8.068280894698548756e-07,8.050904822087395367e-07,7.951717020067270025e-07,7.844045832864523132e-07,7.824492700834690825e-07,7.731540782932033474e-07,7.641686147976038048e-07,7.543667540584406433e-07,7.521521752716978057e-07,7.436976296244754085e-07,7.344579504996548378e-07,7.320848351601797446e-07,7.241117236828951611e-07,7.153891910311821737e-07,7.079046004852113789e-07,7.053451383521440927e-07
8.146280586487538956e-07,8.279195015520901006e-07,8.417868745178457273e-07,8.562657540972003463e-07,8.594662858218294584e-07,8.745598002869515021e-07,8.903404384933588047e-07,8.934279140218908556e-07,9.098950920208875666e-07,9.271352219409125248e-07,9.479711867399654932e-07,9.480903286727838044e-07,9.669690574783259669e-07,9.867737078988936395e-07,9.894836047513034417e-07,1.010204402888733822e-06,1.031969325445776535e-06,1.034459333206376801e-06,1.057253426791041589e-06,1.081225902082361737e-06,1.106453108376010481e-06,1.108585075725537325e-06,1.135046147910479251e-06,1.162924725551344255e-06,1.164733103222929285e-06,1.194002176481082080e-06,1.224873517699221974e-06,1.260223995637996999e-06,1.258745158040907486e-06,1.292997018905275495e-06,1.329179405477643633e-06,1.330016181175636845e-06,1.368088724086208943e-06,1.408344976701768300e-06,1.452840539511547841e-06,1.451050865895485483e-06,1.495913458153927966e-06,1.543407414480749131e-06,1.542908544939000981e-06,1.592980117580394614e-06,1.646026903609534297e-06,1.644825203483661486e-06,1.700786604940330226e-06,1.760110188767174254e-06,1.823011929608309337e-06,1.820738053963382731e-06,1.887153134358692560e-06,1.957605865597614037e-06,1.954420997564712330e-06,2.028841408594314129e-06,2.107811868551846438e-06,2.185162109782051056e-06,2.187068202827622603e-06,2.275633298662731020e-06,2.369627871321797693e-06,2.363950761991737670e-06,2.463303230542060699e-06,2.568740497894411220e-06,2.561844182039484599e-06,2.673295478479691908e-06,2.791544098993373940e-06,2.916970132010166357e-06,2.908329045474766176e-06,3.040870675608875663e-06,3.181377333591970982e-06,3.171362180333075653e-06,3.319778779636172310e-06,3.476984752425715877e-06,3.604281478983771057e-06,3.631520444572208792e-06,3.807100944592890003e-06,3.992726949249320061e-06,3.979480536535825726e-06,4.175116784554300009e-06,4.381601267235698932e-06,4.367077240026715949e-06,4.584380540754801886e-06,4.813248503028157288e-06,5.053971782956165245e-06,5.038010918531901844e-06,5.290534781945496569e-06,5.555350865391182850e-06,5.538627563162761549e-06,5.815647870775025898e-06,6.105078229232303775e-06,6.406786688593751674e-06,6.389660527623031334e-06,6.703407950945588928e-06,7.028779754611230389e-06,7.011952111095511839e-06,7.348552689422262066e-06,7.695368222475285614e-06,7.845459486647656100e-06,8.035873922434878214e-06,8.400086892149060582e-06,8.770412382452652867e-06,8.756943058037754043e-06,9.132177729150781599e-06,9.509144867977150292e-06,9.498564312866727443e-06,9.875629624907640526e-06,1.024844091681327083e-05,1.061326560933673177e-05,1.060848216180026332e-05,1.096296185875081617e-05,1.130097775031875021e-05,1.130276731459981816e-05,1.162180717108315081e-05,1.191402017335146192e-05,1.178193235323780509e-05,1.218941174950826115e-05,1.241518862928826934e-05,1.259675281201325920e-05,1.262975457963568580e-05,1.276851308466883272e-05,1.285206082729450874e-05,1.291118028293787256e-05,1.294532967901747614e-05,1.291552033446363419e-05,1.281804092846230820e-05,1.293117991373146911e-05,1.278105649287613070e-05,1.256162514463117240e-05,1.273194008903116919e-05,1.246637865353031478e-05,1.213723273546649098e-05,1.175015708252047604e-05,1.201546068606053691e-05,1.160431778093562044e-05,1.115460973205212899e-05,1.149591491627572343e-05,1.104480220785229024e-05,1.058228946407803227e-05,1.018410593757580058e-05,1.054974599376230451e-05,1.012918916548000840e-05,9.745126977522464333e-06,1.019793965028396595e-05,9.865916759770505400e-06,9.593777505294409573e-06,1.002908857737009559e-05,9.808294643798471613e-06,9.654664573072147085e-06,9.567285394818478649e-06,9.896467975445983608e-06,9.828709829304385940e-06,9.806131574379083231e-06,9.999745029932260475e-06,9.957022121955539360e-06,9.931207060432797074e-06,9.959732855271679017e-06,9.910761740924415084e-06,9.882235946085533141e-06,9.801758093082713861e-06,9.713945208335385192e-06,9.520331752782207948e-06,9.374534085385562268e-06,9.225904792265792652e-06,8.896722211638287693e-06,8.713617087700119884e-06,8.540857130674280539e-06,8.381623132562413770e-06,7.946312060486726060e-06,7.790643247850060526e-06,7.655843577251069494e-06,7.203030904489567875e-06,7.092127409620612614e-06,7.001700363454818539e-06,6.600949149125456665e-06,6.519788489443201402e-06,6.476595942767519274e-06,6.442035268250031354e-06,6.100730084015278101e-06,6.094682329966312996e-06,6.088182179305158279e-06,5.822878573044956132e-06,5.836784423465800036e-06,5.841743362242006495e-06,5.834843554027602094e-06,5.664528336967503075e-06,5.664356800961667341e-06,5.647461787309904909e-06,5.534320225336371703e-06,5.515909362998118074e-06,5.478555833838326007e-06,5.422846317400106360e-06,5.363707252959678630e-06,5.300553474728738988e-06,5.220180120780098181e-06,5.187122540090914467e-06,5.097775882402485594e-06,4.993884830526367428e-06,4.819303260265667790e-06,4.865788229303679560e-06,4.742585533491076729e-06,4.610403766765714654e-06,4.608366394111501366e-06,4.471573766474130518e-06,4.329369426341037756e-06,4.333791685155845726e-06,4.189481704344354460e-06,4.042803723271341627e-06,3.895172868491892188e-06,3.905243285368021945e-06,3.758945589812599165e-06,3.613889074242594259e-06,3.626753673764782796e-06,3.484579134238427460e-06,3.345243031686372919e-06,3.276615178329995459e-06,3.224582453864620519e-06,3.093082318932867982e-06,2.965891971965282182e-06,2.981988893309895306e-06,2.859569077927081865e-06,2.741912360137755408e-06,2.758296341221722823e-06,2.645523532255605892e-06,2.537681393263335788e-06,2.434795483757225634e-06,2.450794646269211803e-06,2.352636370606327931e-06,2.259316210887195703e-06,2.274586061520131956e-06,2.185708491952342523e-06,2.101440534355136543e-06,2.021651131079555373e-06,2.035546388808920660e-06,1.959694744329348483e-06,1.888001763485009485e-06,1.900674723054917982e-06,1.832546519099942166e-06,1.768235461327054729e-06,1.763755558959526433e-06,1.718490503798188054e-06,1.660853150022778983e-06,1.606518437159105461e-06,1.616100024247191273e-06,1.564457473427102824e-06,1.515788299185068407e-06,1.524055304357264536e-06,1.477771554032035636e-06,1.434152110877209017e-06,1.393047214727405639e-06,1.399644982118470711e-06,1.360512553125622657e-06,1.323620515721440730e-06,1.329051857268554621e-06,1.293897541788427041e-06,1.260734503751832760e-06,1.262470543631793576e-06,1.233451341314543479e-06,1.203585165977226229e-06,1.175377110965538130e-06,1.178424102852622508e-06,1.151470832592290092e-06,1.125985515885791239e-06,1.128160953163182778e-06,1.103780788088733161e-06,1.080699391781466347e-06,1.058834771665307701e-06,1.059984448982052680e-06,1.039026321437918577e-06,1.019144104203434884e-06,1.019621377180123978e-06,1.000539931074854101e-06,9.824099952685749326e-07,9.830670078916794416e-07,9.648711188969679905e-07,9.482918276850528118e-07,9.325008572507696138e-07,9.317003064157703142e-07,9.164950975958283165e-07,9.019879461555183255e-07,9.018735008280452272e-07,8.867649678577851828e-07,8.733979909949754970e-07,8.606107783022310880e-07,8.588806871219380981e-07,8.465282201330167295e-07,8.346904485140592158e-07,8.326507761789893286e-07,8.212028418101305843e-07,8.102124503462120584e-07,7.996513944892212608e-07,7.972691816731889493e-07,7.870368114451398065e-07,7.771869611941578191e-07,7.745943785066326426e-07,7.650417211438716393e-07,7.558304435266636242e-07,7.541861674415290773e-07,7.441209190687906895e-07,7.354844834840759695e-07,7.271352863097840738e-07,7.241814707074255086e-07,7.160638839514277178e-07,7.082038502917725078e-07,7.051418728099468679e-07,6.974938685312537536e-07,6.900772670201840357e-07,6.828790277376283737e-07
8.028925982168404470e-07,8.188297663805036961e-07,8.330953475088666612e-07,8.335440579609197937e-07,8.483537054975799654e-07,8.663717285109149377e-07,8.665769139846048557e-07,8.827473074335305324e-07,9.023221195393715289e-07,9.201256524766795154e-07,9.199640811420373875e-07,9.412576934980199514e-07,9.607770032397455674e-07,9.603395838014810553e-07,9.807246904333168327e-07,1.004977394771783241e-06,1.004255115856393067e-06,1.026693061192146225e-06,1.053154974678144392e-06,1.077997948401281077e-06,1.076894378584284336e-06,1.102962034081943864e-06,1.133231880966289079e-06,1.131856742106198780e-06,1.160701278139563013e-06,1.193807139473526853e-06,1.225828470468818887e-06,1.224159049835844134e-06,1.260391899521638020e-06,1.295917452483537382e-06,1.294066078539697214e-06,1.331604546321368389e-06,1.373219535776066692e-06,1.414947223507056249e-06,1.413050677192527821e-06,1.458649863849175340e-06,1.505118754447010044e-06,1.503271348014617784e-06,1.552628441698247914e-06,1.605055727303771755e-06,1.603406550747308808e-06,1.658553782165277879e-06,1.715999562185990290e-06,1.777255530703813181e-06,1.776428538872261211e-06,1.841829191582636906e-06,1.907805538223909079e-06,1.907797958510311279e-06,1.981038402811435048e-06,2.053214263580367764e-06,2.134345670426118466e-06,2.136462231276018498e-06,2.215324746479620096e-06,2.306082206063736975e-06,2.310147428207490684e-06,2.407716510948045658e-06,2.497697135953948531e-06,2.504362888615079070e-06,2.613701244388827428e-06,2.711534631100309611e-06,2.831737972374248405e-06,2.844073769015012431e-06,2.973855518182277913e-06,3.084354336073941754e-06,3.101653342389122526e-06,3.246784856251545174e-06,3.365881609967760052e-06,3.524011666467315088e-06,3.551489431627003534e-06,3.679217648912499202e-06,3.854960930822545949e-06,3.891144878227603107e-06,4.081686846439479826e-06,4.222048863797700361e-06,4.268929066473760871e-06,4.480202647822691625e-06,4.627986836321863721e-06,4.853690583603373800e-06,4.921166053673382712e-06,5.165966740998920581e-06,5.322410908247307611e-06,5.406900843505272567e-06,5.674913518915928690e-06,5.834288990060358154e-06,6.114325311920757923e-06,6.230128441586255232e-06,6.532716477919161714e-06,6.690000593006898486e-06,6.830763135038145803e-06,7.154711023650540090e-06,7.304569030082199475e-06,7.631749426009504198e-06,7.815939154061373825e-06,7.951925491177568047e-06,8.291197381768284345e-06,8.508160665263190135e-06,8.867519709484930214e-06,8.966641546153146506e-06,9.218687664410941073e-06,9.579227009410385503e-06,9.641184755449422111e-06,9.973778022258329183e-06,1.027971494168139556e-05,1.061821786237202199e-05,1.060113822613861143e-05,1.094263134590693654e-05,1.124733866761609582e-05,1.116238691512158578e-05,1.140176451690791034e-05,1.178942066052093980e-05,1.162577466751145993e-05,1.179717804813325976e-05,1.221037095813591482e-05,1.234479925457635171e-05,1.204718035996428692e-05,1.247970997685413945e-05,1.251514695821066738e-05,1.213141111674719031e-05,1.206073782268981746e-05,1.250167948226479350e-05,1.236208706468666871e-05,1.186729096953961042e-05,1.230743611471394335e-05,1.205644600557993572e-05,1.152594761616194675e-05,1.119876289491093704e-05,1.161189292408352413e-05,1.121736649470201261e-05,1.069701653044507416e-05,1.109030909063906188e-05,1.065187516257179630e-05,1.020245190897241815e-05,9.791272634385473901e-06,1.013535565925654401e-05,9.795450140358996744e-06,9.435299815616937262e-06,9.748743191169945320e-06,9.409017030764208565e-06,9.266224659725465177e-06,9.541720715743848584e-06,9.309494223268907851e-06,9.283320615980922223e-06,9.170276914049259206e-06,9.378928713895799571e-06,9.306829366894978818e-06,9.374989556355164136e-06,9.508662840039801230e-06,9.478691494757507749e-06,9.515961662083074536e-06,9.496987667297709346e-06,9.502693149905350439e-06,9.502693149905350439e-06,9.453347070879695009e-06,9.377930707162893895e-06,9.274738282356954151e-06,9.166090937971962526e-06,8.974354961748783470e-06,8.785394449802717316e-06,8.630595242478945783e-06,8.344483744067472748e-06,8.171981165412355155e-06,7.951222636537790269e-06,7.803705199640037832e-06,7.443576554021772611e-06,7.249021551053812325e-06,7.133399312920974910e-06,6.755191726934897351e-06,6.654375480551222118e-06,6.552198870806200935e-06,6.181791069667851116e-06,6.127777732048744332e-06,6.101056026943378137e-06,6.082685417330217647e-06,5.740914506604695399e-06,5.783103468712180256e-06,5.788344027328751975e-06,5.480349232954102718e-06,5.485810605410602917e-06,5.586726289342551331e-06,5.586900626595486371e-06,5.318869388156035683e-06,5.440467661597704720e-06,5.428265567102201627e-06,5.190117562031033216e-06,5.167527274192432031e-06,5.279219743754148520e-06,5.227787971332971868e-06,5.021409915157203782e-06,5.115967027846612554e-06,5.040063377360009182e-06,4.855203031860579753e-06,4.771717653620347414e-06,4.826924603859742566e-06,4.661406774524740477e-06,4.558184560575775452e-06,4.588270614179743033e-06,4.462209362032948841e-06,4.322716614516045980e-06,4.329749401633229311e-06,4.193882407758408751e-06,4.072202879737868734e-06,3.940609000114871695e-06,3.919421020648308563e-06,3.777991273033173280e-06,3.681130389250967197e-06,3.646767748015038508e-06,3.507490717985984868e-06,3.426330289260838918e-06,3.296015780599300309e-06,3.248381004022767204e-06,3.181514404517217481e-06,3.056979080792508211e-06,3.004477222407399080e-06,2.881629922011034706e-06,2.833114948068980290e-06,2.778005701348846868e-06,2.664105566190192891e-06,2.625896249435701440e-06,2.521168094022264457e-06,2.465290332228128427e-06,2.365359993524440317e-06,2.339693203604001652e-06,2.284786996144760441e-06,2.193977755575227663e-06,2.174862162340853141e-06,2.091507624957988681e-06,2.039551574249183343e-06,1.961703264669489949e-06,1.950255581485886374e-06,1.900746067958586336e-06,1.830705813386410202e-06,1.822976121692027870e-06,1.758499625128535972e-06,1.713248933598869988e-06,1.708378513967752197e-06,1.650358398533516382e-06,1.607918326291278832e-06,1.554701633203236251e-06,1.553032443138002259e-06,1.513382055470738143e-06,1.465691926853513533e-06,1.465346159184327941e-06,1.421083664275905597e-06,1.385660160118627632e-06,1.345357830365569455e-06,1.346428047331302673e-06,1.313540275747290040e-06,1.277371763817141577e-06,1.278874470342289486e-06,1.245064330686984315e-06,1.215878931930250539e-06,1.217591106104108106e-06,1.187114702448783047e-06,1.160087249180445050e-06,1.132455143095335015e-06,1.134323882427348989e-06,1.109302494923884943e-06,1.084356120128455310e-06,1.086082220925123192e-06,1.062513458785704903e-06,1.040344908513914662e-06,1.018969196055152611e-06,1.020465594093324115e-06,9.999296887489122942e-07,9.805134926750409995e-07,9.817184693652476318e-07,9.632381133966320967e-07,9.449996887995999341e-07,9.458934403072756472e-07,9.290153305928314151e-07,9.120851661042247548e-07,8.967125026396755338e-07,8.972049406275220166e-07,8.824718001264702824e-07,8.673698428640703002e-07,8.675414976685600635e-07,8.539913972554727846e-07,8.399300968186135181e-07,8.275262038086675327e-07,8.272973380758796284e-07,8.141882030941931936e-07,8.027216989492761728e-07,8.022043204566258507e-07,7.911234161072409983e-07,7.793355807057303780e-07,7.691290585507303699e-07,7.682575006302906716e-07,7.572260834631937109e-07,7.477198427705648614e-07,7.466086228367875716e-07,7.373768866804185317e-07,7.273915176612942401e-07,7.260636397346244189e-07,7.174279363756393291e-07,7.080455812732362073e-07,7.000147721092232892e-07,6.984249784139904584e-07,6.895960033125737267e-07,6.820440907832009131e-07,6.802881137643029709e-07,6.729160722105600144e-07,6.648488242137183207e-07
7.945443793377726213e-07,8.085499800404059110e-07,8.110823266194302191e-07,8.256864253059904198e-07,8.409661933625636120e-07,8.409118503623965528e-07,8.593164850183506007e-07,8.760230776323981040e-07,8.935352281822573434e-07,8.957232293314424471e-07,9.140293904409832958e-07,9.332409816577869627e-07,9.352336827256205746e-07,9.553349250615169759e-07,9.764545472765800426e-07,9.754988773044895736e-07,1.000336104495484070e-06,1.023599822952637227e-06,1.048081877110094780e-06,1.049482295461669708e-06,1.075157226677275206e-06,1.102204179188646759e-06,1.100637656311393142e-06,1.131671209410450527e-06,1.161605073326419927e-06,1.193182286649399807e-06,1.193758650724611954e-06,1.226943286213740038e-06,1.261979416121590548e-06,1.262118191064481843e-06,1.298964372643195855e-06,1.337896428846723670e-06,1.379045674546305263e-06,1.378511450124683719e-06,1.421831728667025941e-06,1.467648592299659098e-06,1.466536873944214825e-06,1.514798983683713244e-06,1.565870701758072287e-06,1.564242598954021187e-06,1.617939912778284517e-06,1.674924367799642544e-06,1.735261685103100599e-06,1.732537606268385115e-06,1.796169572527372883e-06,1.863564618458783553e-06,1.863710132421259931e-06,1.931127041170884842e-06,2.006440653824938039e-06,2.086218301309563259e-06,2.081490505491732343e-06,2.165673000169759980e-06,2.254840350724437672e-06,2.249137062292077042e-06,2.343230685206143357e-06,2.442874695842372725e-06,2.449867601104474036e-06,2.541272599471408506e-06,2.652569134752423043e-06,2.770343758931457664e-06,2.762144641750996176e-06,2.886350631614721212e-06,3.017692557886080666e-06,3.035324168478978474e-06,3.146804778381865596e-06,3.293056066892331368e-06,3.447458792006324418e-06,3.436637553506460916e-06,3.599161363384913705e-06,3.770501595443148695e-06,3.758612426196216318e-06,3.938744762115922851e-06,4.128311892650730813e-06,4.175005925860110338e-06,4.314433965428959512e-06,4.523374389335956902e-06,4.742471890631209172e-06,4.728578759908472964e-06,4.957782585454311232e-06,5.197401931999301423e-06,5.280499042524628710e-06,5.432964537124294369e-06,5.693299858588520498e-06,5.963840272364089436e-06,5.949317793371156715e-06,6.229839179743411997e-06,6.519869777964751033e-06,6.656821642295579659e-06,6.804916599947737993e-06,7.112274655991215463e-06,7.426824225653032631e-06,7.414020301597339842e-06,7.735036184501144950e-06,8.060620606027967287e-06,8.049519007273543139e-06,8.378643144604305002e-06,8.708616781399354574e-06,8.950814260764766969e-06,9.029402628509367609e-06,9.354733355278371831e-06,9.672881376884024946e-06,9.668976496411791377e-06,9.978018934221603598e-06,1.027300412032577592e-05,1.059905104355553784e-05,1.055330476995828233e-05,1.080980750237569864e-05,1.103927777397822910e-05,1.105186006207303137e-05,1.125333581584094395e-05,1.141852668948959496e-05,1.144462755570408066e-05,1.157452384414282202e-05,1.165926557718283913e-05,1.206960827460475672e-05,1.174969405476957280e-05,1.174118794324162411e-05,1.167702614713583809e-05,1.176573120677544487e-05,1.165729516548052127e-05,1.149100576255678198e-05,1.190657080308363151e-05,1.141852998396646549e-05,1.115750811871595663e-05,1.084527450537858255e-05,1.105615332339228584e-05,1.071950944162191221e-05,1.034499001970974961e-05,1.071475184469007658e-05,1.023884746097685760e-05,9.838950753501922634e-06,9.433351302460402985e-06,9.787855355238543817e-06,9.405637837534731188e-06,9.042906045543730852e-06,9.435228645905477729e-06,9.111551508656776639e-06,8.829433253334709238e-06,9.095334666287788916e-06,8.989852245393608997e-06,8.806541251575575102e-06,8.680959641501552780e-06,9.021209241821557669e-06,8.926341303925059074e-06,8.879863751018532024e-06,9.031496224393217802e-06,9.081857542567529611e-06,9.064635163654312803e-06,9.064645808553966049e-06,9.137325749701090733e-06,9.096042502525274821e-06,9.096042502525274821e-06,9.053205536960150552e-06,8.980525595813025868e-06,8.883399193561107105e-06,8.778632199084320141e-06,8.630861629786837136e-06,8.419971588443876307e-06,8.268057121574441096e-06,8.118879373133405916e-06,7.778629772813401027e-06,7.613767322725568949e-06,7.462495792024523406e-06,7.272686560584095502e-06,6.928258705982601241e-06,6.804377809473356627e-06,6.698505804801127777e-06,6.306183204439382593e-06,6.225410940150982795e-06,6.160126413895737868e-06,5.805622361117593647e-06,5.769492955331078446e-06,5.742559859313013459e-06,5.758649820873311405e-06,5.444899875312144163e-06,5.445534687550334181e-06,5.443731870007039541e-06,5.232853044080103734e-06,5.246187499734510895e-06,5.250593686963750208e-06,5.358149489578445416e-06,5.110193342785749685e-06,5.107657584481895369e-06,5.090642255287213291e-06,5.001934105837990730e-06,4.982519081712217719e-06,4.947174381064279602e-06,5.043855984420145811e-06,4.849958524624752066e-06,4.792532934278422797e-06,4.720834427656055207e-06,4.694682608832678848e-06,4.615240153200364531e-06,4.523746468649304109e-06,4.511059486256467697e-06,4.412513175438599311e-06,4.304747494978251234e-06,4.320914825162359583e-06,4.187803129054593576e-06,4.068427295305731775e-06,3.944374016037421556e-06,3.947979343265730612e-06,3.821934926829468502e-06,3.693692303858194750e-06,3.666028249850121243e-06,3.572662486709490661e-06,3.444251463091130165e-06,3.316639016591015766e-06,3.327240343260650256e-06,3.201825621878263974e-06,3.078577484614627973e-06,3.090819097509850563e-06,2.970703106838039399e-06,2.853700943653307218e-06,2.801374708698825610e-06,2.753695201137367836e-06,2.644112774270509483e-06,2.538454071306791383e-06,2.552347049982680189e-06,2.450792196214056624e-06,2.353363204329141042e-06,2.299595969082545968e-06,2.273873746314376915e-06,2.184679208237151846e-06,2.099612238796474726e-06,2.112903860316040010e-06,2.031698905194888848e-06,1.954470825405102433e-06,1.905249195553287886e-06,1.893428995958762299e-06,1.823567659492567335e-06,1.757349321753326720e-06,1.768723793324494213e-06,1.705689226801917134e-06,1.646029055004942692e-06,1.656381830223146893e-06,1.599606729921929143e-06,1.545927480881378483e-06,1.506124841111113439e-06,1.504127880587338200e-06,1.455864438311587283e-06,1.410284021441012178e-06,1.418128190540666218e-06,1.374741909878990260e-06,1.333777016453093062e-06,1.300669101239924975e-06,1.301555098151892405e-06,1.264718459276884992e-06,1.229939195262472911e-06,1.235395582591576624e-06,1.202241105152701018e-06,1.170926324066118833e-06,1.175449448839648530e-06,1.145572454180081231e-06,1.117336846165093834e-06,1.092137411166797056e-06,1.094028365247190798e-06,1.068526302588012104e-06,1.044399435201965342e-06,1.047005585919489762e-06,1.023928518991140947e-06,1.002073836003426742e-06,9.814193071878959260e-07,9.830474431464128150e-07,9.632067841706815736e-07,9.443857216731838724e-07,9.454493126209963072e-07,9.273942433032645633e-07,9.102442524638515428e-07,9.107553497720452797e-07,8.942841297016011827e-07,8.786163734070176886e-07,8.637025704773796066e-07,8.635698032415781605e-07,8.492179767567597163e-07,8.355356642880035605e-07,8.349842515942776722e-07,8.218020136150538204e-07,8.092146558029328414e-07,7.961141502440445578e-07,7.961535801077691220e-07,7.845411874365945306e-07,7.734254093649729777e-07,7.720856165347193058e-07,7.613427481178522229e-07,7.510420561610121496e-07,7.400551378829207926e-07,7.394691448857190151e-07,7.298972871021084419e-07,7.206958835821834622e-07,7.187894485511657705e-07,7.098706139173621888e-07,7.012826352893205870e-07,6.991893549142324537e-07,6.908568674383496592e-07,6.828203030759229609e-07,6.740672840406216302e-07,6.727640806994405008e-07,6.652243467081704844e-07,6.579343879830630452e-07,6.555116692387114513e-07,6.484206697511254418e-07
7.872797676746696251e-07,7.872891971549787097e-07,8.016462766855356595e-07,8.189932286989587901e-07,8.187733897752088188e-07,8.344630343339702317e-07,8.509057847450460447e-07,8.705794886871854421e-07,8.700261060076479386e-07,8.880543697092898068e-07,9.094608004985145005e-07,9.086600550291329830e-07,9.284671426188764808e-07,9.517823965407422596e-07,9.507324448467097137e-07,9.725369139288935703e-07,9.954766239876965819e-07,1.022071572513103685e-06,1.020708527372345668e-06,1.046034616948733036e-06,1.075064159768239817e-06,1.073485723687290113e-06,1.101495549410595844e-06,1.131032740742971585e-06,1.164241144452043242e-06,1.162468042651842884e-06,1.195216346274709737e-06,1.231515440669316840e-06,1.229640405645179680e-06,1.266002369244269530e-06,1.305690701369875455e-06,1.346006795226949443e-06,1.344219142505096083e-06,1.386959924545758272e-06,1.432436049104153761e-06,1.430800642557579475e-06,1.478404670625038003e-06,1.528124245042237292e-06,1.526798200865415437e-06,1.579869853628278768e-06,1.636039202495881458e-06,1.692949491757098359e-06,1.692606753319887857e-06,1.755294618129822741e-06,1.817423098231382818e-06,1.818014220077385268e-06,1.888010881947898421e-06,1.962124052190639830e-06,2.032981588919544024e-06,2.035828370321871517e-06,2.118600964840044113e-06,2.195691180386425095e-06,2.200559379800689952e-06,2.292990875900458219e-06,2.376689546674453826e-06,2.384193018737105282e-06,2.487366558588148470e-06,2.596508968436681023e-06,2.690897231940697588e-06,2.703971023634557582e-06,2.825625683172166846e-06,2.927327805503673610e-06,2.945202065125682704e-06,3.080617802328049277e-06,3.223560091915451723e-06,3.336537878908224854e-06,3.364037696568164978e-06,3.522650021587735865e-06,3.642853263261819013e-06,3.678472390059623943e-06,3.853992114606345837e-06,3.980981628638795336e-06,4.026447221249674168e-06,4.220007168967294683e-06,4.423061640397784277e-06,4.558722675126204795e-06,4.622821603195642307e-06,4.845168084401518663e-06,4.984747052170365329e-06,5.064040576590670743e-06,5.306058014337351475e-06,5.557878506858262416e-06,5.699085087820250612e-06,5.805924493789836609e-06,6.076747887252594913e-06,6.214982549206655616e-06,6.343510182565656439e-06,6.631785261177762969e-06,6.927659221221876002e-06,7.052704210531760576e-06,7.218491213636162189e-06,7.526945462123033065e-06,7.635818625908287751e-06,7.829429404678588897e-06,8.145140386114470488e-06,8.230409237536378059e-06,8.453581085629685712e-06,8.769156103246425119e-06,9.080630516512604947e-06,9.113311907827262933e-06,9.381596350161034291e-06,9.677271559206027565e-06,9.662836391670801415e-06,9.960785093600527321e-06,1.022764512787233894e-05,1.047329486934876082e-05,1.036801464272321626e-05,1.070465724233645153e-05,1.089816333992765630e-05,1.072245153519087834e-05,1.108074671125647246e-05,1.120648104708869086e-05,1.095594217041542040e-05,1.133102765573119067e-05,1.137521538809463166e-05,1.136987750119126999e-05,1.100644987064848762e-05,1.139067988958226681e-05,1.128992420000524209e-05,1.086760625875742065e-05,1.125306824212307694e-05,1.105791997046874619e-05,1.081016130773698198e-05,1.033398451676817653e-05,1.070103184956858053e-05,1.037813530818980269e-05,9.911565700023227958e-06,1.026515948933984687e-05,9.894882127489203858e-06,9.504736610991782679e-06,9.113016043711053346e-06,9.429280492824732731e-06,9.050375412401506271e-06,8.756479605161915814e-06,9.050066531980852086e-06,8.722618263583640431e-06,8.543432997593022554e-06,8.808923661259705193e-06,8.562769460510926209e-06,8.367720446808318670e-06,8.351035242071534374e-06,8.566092442794903504e-06,8.462860827819162381e-06,8.510003168296117107e-06,8.671691037812244364e-06,8.629314749022077641e-06,8.619083876743012797e-06,8.677311315743591996e-06,8.742142060298659811e-06,8.723258726269730415e-06,8.714273358528775421e-06,8.714273358528775421e-06,8.684275171141151104e-06,8.619114316984792729e-06,8.515837666129242727e-06,8.394288458292491163e-06,8.274833166179117172e-06,8.151610107097364259e-06,7.929166680784573243e-06,7.735956463871616665e-06,7.588720774505511853e-06,7.300629015254913653e-06,7.096673338073939006e-06,6.957902621163770425e-06,6.835414713123182444e-06,6.503780552764510828e-06,6.352754002269984324e-06,6.264497910976796014e-06,5.929422320405976967e-06,5.838820118089016631e-06,5.790694907098063274e-06,5.470306378752515938e-06,5.447015546782933693e-06,5.434170597206411298e-06,5.424873995724460653e-06,5.134252303836899471e-06,5.187793920401363684e-06,5.194985388552482493e-06,4.934287644043428218e-06,5.026305319379542732e-06,5.036451808011924177e-06,5.035336985624664463e-06,4.808431887000567235e-06,4.917405041571533465e-06,4.904095935344138003e-06,4.701589638760024782e-06,4.808463806542705862e-06,4.776154498887550782e-06,4.729002341725043979e-06,4.552436633668646997e-06,4.633344937177149343e-06,4.565404825526182350e-06,4.406375448281442525e-06,4.466354316830499718e-06,4.379135333155513007e-06,4.235984156794585824e-06,4.273612146890064610e-06,4.170642967602869816e-06,4.060432690918369123e-06,3.938811744891602680e-06,3.944760736530400799e-06,3.826015524751201618e-06,3.719177097609260780e-06,3.708492655125726244e-06,3.585528183350505700e-06,3.461480783640839801e-06,3.375379992888465734e-06,3.345602504728166245e-06,3.222901694197659471e-06,3.150031305331330774e-06,3.111816871750254675e-06,2.993056692220680676e-06,2.932342969734917742e-06,2.888356735988409971e-06,2.775368518098872542e-06,2.665619832241027343e-06,2.620709147783150565e-06,2.571970606941708780e-06,2.469604059329233705e-06,2.433711220803615446e-06,2.383925662109655059e-06,2.289340873674531910e-06,2.198710601184722251e-06,2.173955725334809754e-06,2.124727539768180335e-06,2.041902541804239671e-06,2.023088429615351236e-06,1.975186132607826017e-06,1.899871098604203627e-06,1.828275090130540893e-06,1.816527572658504544e-06,1.771612015887090800e-06,1.706884323824704636e-06,1.698661462725201976e-06,1.656009498330918457e-06,1.597626513457209217e-06,1.592173167747358712e-06,1.551915814617404325e-06,1.499337622740299048e-06,1.449622492637582578e-06,1.447330880215643888e-06,1.410897294535338632e-06,1.366194481677406482e-06,1.365285538834685674e-06,1.331254091739715649e-06,1.291061864921614152e-06,1.253104509250807583e-06,1.253717712892182177e-06,1.223289660558408140e-06,1.189148752062748628e-06,1.190302767599303170e-06,1.162033602206884595e-06,1.131296518469989724e-06,1.132770670187398304e-06,1.106537753410281540e-06,1.078830590403285465e-06,1.052639041948037758e-06,1.054412338212399322e-06,1.031115779190765715e-06,1.007452474207197454e-06,1.009183549393109206e-06,9.875919068204883606e-07,9.661719955757010958e-07,9.458823282123337671e-07,9.475059105257748227e-07,9.283366464096270618e-07,9.099113316621538026e-07,9.113213075822440556e-07,8.935432008473338627e-07,8.767711884345065179e-07,8.779371905779705058e-07,8.619542507887707626e-07,8.461342597501458361e-07,8.315736616365112396e-07,8.324163450285460309e-07,8.177151120382632274e-07,8.043738351324999186e-07,8.049402648255281157e-07,7.912651521001627649e-07,7.790077358627122432e-07,7.673024793956379075e-07,7.675182348737260584e-07,7.552751181203404553e-07,7.444736132812974437e-07,7.444266192136238472e-07,7.330016970065644267e-07,7.230061950423939213e-07,7.134216829005452119e-07,7.130477655738598865e-07,7.027602314627170709e-07,6.938513078545524945e-07,6.932492516837301037e-07,6.836137421638739687e-07,6.753100376101127549e-07,6.744981461486348097e-07,6.654603026769266174e-07,6.576999120667839603e-07,6.502149577383768103e-07,6.491461294654501098e-07,6.409353472639399957e-07,6.339105824707045039e-07,6.326737337231188055e-07
7.645285289175213200e-07,7.808670806749011609e-07,7.957031021821970923e-07,7.952721901028922190e-07,8.130103004721388931e-07,8.292415754210206663e-07,8.462615300204623574e-07,8.455076867231994061e-07,8.656482699283450329e-07,8.843253060364609013e-07,8.833336927724507515e-07,9.052602445744510011e-07,9.257938584192157160e-07,9.245654079479027012e-07,9.484581174552574545e-07,9.710731356782488902e-07,9.948693819544858449e-07,9.933517022254812469e-07,1.020621355258567483e-06,1.046896995584803500e-06,1.045184250352352793e-06,1.074955556962906642e-06,1.104013592726855176e-06,1.134651206880531770e-06,1.132779766521027179e-06,1.166839885950195358e-06,1.200793864209754774e-06,1.198850294707748305e-06,1.236074795267961685e-06,1.273750664620012190e-06,1.313536347293537394e-06,1.312504364322458331e-06,1.354356230382723733e-06,1.398573441305806791e-06,1.396958277495270203e-06,1.443546568789755915e-06,1.492731557481613335e-06,1.491469163046339990e-06,1.542369114005666467e-06,1.597118465544902953e-06,1.655006030618278670e-06,1.654790478013037316e-06,1.712967933525148130e-06,1.777446785809787964e-06,1.778212905703858428e-06,1.841648958534732756e-06,1.913484239792613281e-06,1.989440540488606355e-06,1.992521165060020326e-06,2.064702491201087887e-06,2.149305922849634183e-06,2.154446603769324700e-06,2.232834326450937722e-06,2.327027803065959380e-06,2.334832326840256495e-06,2.419760066264380038e-06,2.524552109740842714e-06,2.635192471230010200e-06,2.648561545000628168e-06,2.743954454421315102e-06,2.866806077778731324e-06,2.884946864497342027e-06,2.987415530271072761e-06,3.123588366259369094e-06,3.266984508974711243e-06,3.294609801769942843e-06,3.407779815588264756e-06,3.566128317675114648e-06,3.601716628092376498e-06,3.721577916754853754e-06,3.895880259341572715e-06,3.941078823421949670e-06,4.067028247464155272e-06,4.258132924198523710e-06,4.457961536143308390e-06,4.521225488694336767e-06,4.654377746805496378e-06,4.871733295868899583e-06,4.949660273799511444e-06,5.085470371611507011e-06,5.320313842061785693e-06,5.563668065762228298e-06,5.668026553120367467e-06,5.802981653330450006e-06,6.062442435017692461e-06,6.187517125114308599e-06,6.317473487049137373e-06,6.590977396089323686e-06,6.870165770490334685e-06,7.030663243533551186e-06,7.143726298972587155e-06,7.431352396046419329e-06,7.618192736586039311e-06,7.712287484488007617e-06,8.002637027778779032e-06,8.217378493055078423e-06,8.284907202584087396e-06,8.570377876030019625e-06,8.849379351111285395e-06,9.106576950754675660e-06,9.117119628291286130e-06,9.375971539345519018e-06,9.660990024099263515e-06,9.622174414097344950e-06,9.848398052965361482e-06,1.005201233103069183e-05,1.037323491166983044e-05,1.024229043267114252e-05,1.039240060996336933e-05,1.073371871697262841e-05,1.053393097476929647e-05,1.061735363061956555e-05,1.097404139504340261e-05,1.070362784522333506e-05,1.070965266615492673e-05,1.066954136473743598e-05,1.103410762228945727e-05,1.066208712009561628e-05,1.053601772934875295e-05,1.090086959442275301e-05,1.048113308401209103e-05,1.027339568837307841e-05,1.002081179630645045e-05,1.036724323471997584e-05,9.912953466534025655e-06,9.601157294400201851e-06,9.934172064851944884e-06,9.501631480048708270e-06,9.158048085859900298e-06,8.802383987131147204e-06,9.100076288391327400e-06,8.754928185089914122e-06,8.420920433472775705e-06,8.698423203211902243e-06,8.450822627848219288e-06,8.172213988330556938e-06,8.426103721144866289e-06,8.285040824127162671e-06,8.084301890659339462e-06,7.930509247875448264e-06,8.143107560545044857e-06,8.141873543180696039e-06,8.067945365934544579e-06,8.237888541803235605e-06,8.280403772388271515e-06,8.255134058901512036e-06,8.255858818621607329e-06,8.345209903316545721e-06,8.376562294272828674e-06,8.362735634964567111e-06,8.367374100300689277e-06,8.367374100300689277e-06,8.327832795817497518e-06,8.266638798153801807e-06,8.183736253702196452e-06,8.055674954766190642e-06,7.940587772652852284e-06,7.820304901495652550e-06,7.657052054291691741e-06,7.426201320682738906e-06,7.279874040035876314e-06,7.092701333728424984e-06,6.809518546048573870e-06,6.667702560316328364e-06,6.540308796701774439e-06,6.386451276316353716e-06,6.072535682474940201e-06,5.976294230361407246e-06,5.871365918455963395e-06,5.559300765575311124e-06,5.501949718217355364e-06,5.457366623432807779e-06,5.161657342964715164e-06,5.140619165104159984e-06,5.125264815497809554e-06,5.156858668797247011e-06,4.889424446642233184e-06,4.894202945251880990e-06,4.967546371154108381e-06,4.727089271333386836e-06,4.739372413353235270e-06,4.743087964798159486e-06,4.841695622966342784e-06,4.630905688535021885e-06,4.626717885031052729e-06,4.729250207036222606e-06,4.539872860266994690e-06,4.520221760413696495e-06,4.487086720714239245e-06,4.570553962092747130e-06,4.404110757885200948e-06,4.351962232179930349e-06,4.417692600004512478e-06,4.267012862943863468e-06,4.196193220397224700e-06,4.241314126625054567e-06,4.105110706504322957e-06,4.018134862843176568e-06,3.923387685880784353e-06,3.937207063106100269e-06,3.820920054198238137e-06,3.716167719649911857e-06,3.712820800811850918e-06,3.610300827002531898e-06,3.499604443535631495e-06,3.386874227134707805e-06,3.362948219238421695e-06,3.279867189261953854e-06,3.166587504513868082e-06,3.133184887188007269e-06,3.062560340518318345e-06,2.951421033476814099e-06,2.911263510874584346e-06,2.852135549213817237e-06,2.745144364694625228e-06,2.640639508534503547e-06,2.594435031527617045e-06,2.550337802538202696e-06,2.451912052835082446e-06,2.403998149595127191e-06,2.368535199780294964e-06,2.276807858721270871e-06,2.188543209897759450e-06,2.140388131523596077e-06,2.115656437890251717e-06,2.034409761923884350e-06,1.987214619085423688e-06,1.968258057412381448e-06,1.893902579498512688e-06,1.822985177030142589e-06,1.778352219455890485e-06,1.766310614241542135e-06,1.701849431835191860e-06,1.659305679970401704e-06,1.650755738012913114e-06,1.592334418218817519e-06,1.552060201098104710e-06,1.546279019529401880e-06,1.493444078191784546e-06,1.443371348478866536e-06,1.406784653170386122e-06,1.404187530982563423e-06,1.359008550490142099e-06,1.324782606520754385e-06,1.323611318602307866e-06,1.282871384169199903e-06,1.244332332089479569e-06,1.213672534288162748e-06,1.214086295409122308e-06,1.179344630836515112e-06,1.150843710259899790e-06,1.151852515166728005e-06,1.120518290667490307e-06,1.094061818840196566e-06,1.095443702518228789e-06,1.067159246286961951e-06,1.040399173813146431e-06,1.016899594422632346e-06,1.018646214877293421e-06,9.944509403007253725e-07,9.726764777981635176e-07,9.744260298609687758e-07,9.525161552538585642e-07,9.317561905324343458e-07,9.124376639584301439e-07,9.141332421262022462e-07,8.952841642416861055e-07,8.773794044491511788e-07,8.788954078910084927e-07,8.617461848195428884e-07,8.454575708193816903e-07,8.464448782079494615e-07,8.308079007912920566e-07,8.159376020822550743e-07,8.011653061448553256e-07,8.021762776014248865e-07,7.885680547080811179e-07,7.748408816415855706e-07,7.755946991568411446e-07,7.631103156494205708e-07,7.511980664430994276e-07,7.389318568396081436e-07,7.393558098933688939e-07,7.283830355536075651e-07,7.169500610452014704e-07,7.171222132303226439e-07,7.069880036827263053e-07,6.972815512670290117e-07,6.870090278375431869e-07,6.868654154142900083e-07,6.778626406623233353e-07,6.682532127734424302e-07,6.678862820742030439e-07,6.595138575860836652e-07,6.505117277507941599e-07,6.499377487773561678e-07,6.421309861535051572e-07,6.346118142004884688e-07,6.264519985284762399e-07,6.256227828939287608e-07,6.185823561726006920e-07,6.109074190129906964e-07
7.588242687044075133e-07,7.734404903183043936e-07,7.750030645629085452e-07,7.902650793107105693e-07,8.062653644311303971e-07,8.252317866686805835e-07,8.243823690716542144e-07,8.419311704858340953e-07,8.603569966477628527e-07,8.614895308866290469e-07,8.807720612394559793e-07,9.010376639222019000e-07,9.019402081628444683e-07,9.231650063995761629e-07,9.454920856555093458e-07,9.710580730662110426e-07,9.695352020691013688e-07,9.941731678483760386e-07,1.020122350166767188e-06,1.020362074995455214e-06,1.047591314104042937e-06,1.076291092953375236e-06,1.108105211014698966e-06,1.106321346963250561e-06,1.138105802027286568e-06,1.171638714926961909e-06,1.171010064193041743e-06,1.206253646656629664e-06,1.243456813625464982e-06,1.283111428516251121e-06,1.281506133782142011e-06,1.322822848081748358e-06,1.366090396229331874e-06,1.364728013004474568e-06,1.410652609384498361e-06,1.459178226831702013e-06,1.456886539456600690e-06,1.507968756838282419e-06,1.561957263399262866e-06,1.615753498477105002e-06,1.615910015840490117e-06,1.676001854760787922e-06,1.739519369684978487e-06,1.735739899043390276e-06,1.802640105080159185e-06,1.873351160191809343e-06,1.939810601075698342e-06,1.943334758610666894e-06,2.022044115370681435e-06,2.105205565312655050e-06,2.099687250435480927e-06,2.187265992647639794e-06,2.279761279263527628e-06,2.273437864954240466e-06,2.370819827223709294e-06,2.473609493581646454e-06,2.560989768605099020e-06,2.574634234397175204e-06,2.688727306740219483e-06,2.808998771599172904e-06,2.800743959038285081e-06,2.927180982801073733e-06,3.060315792329926803e-06,3.163767574969020939e-06,3.191084305310932200e-06,3.338113608108939961e-06,3.492579165542995493e-06,3.482535990582367776e-06,3.644434595762904387e-06,3.814199176817561518e-06,3.803529531718115127e-06,3.981155070585691902e-06,4.166981306450456179e-06,4.289074936491662680e-06,4.349838671315095875e-06,4.552239557887808729e-06,4.763037224145003889e-06,4.751540219051906652e-06,4.970657958724823741e-06,5.198013521840889692e-06,5.323374835949963562e-06,5.422003291659061201e-06,5.665197447884347438e-06,5.915705892402322596e-06,5.904767955202050922e-06,6.162265231011052127e-06,6.425868132783661100e-06,6.535313745553044877e-06,6.684959593467519636e-06,6.958444781325507850e-06,7.234980942053815266e-06,7.226595938793212329e-06,7.505323292093305079e-06,7.784083955700913906e-06,7.777586992649782808e-06,8.055262652654571206e-06,8.329036838920197337e-06,8.357139166354821236e-06,8.593618844911896548e-06,8.853301697719961192e-06,9.101418111299066963e-06,9.102415459755398112e-06,9.337333055550687139e-06,9.554334834134650383e-06,9.464932486113581298e-06,9.758969151621009491e-06,9.932238596210228701e-06,1.007706867624293744e-05,1.009570618698351956e-05,1.021252503734862280e-05,1.029409307745672231e-05,1.032704507560172512e-05,1.037605691307728873e-05,1.038401793281783091e-05,1.007454895241420289e-05,1.041074892377824014e-05,1.033881399339583994e-05,1.022066536462839465e-05,1.031509931089690537e-05,1.016292237917378798e-05,9.965631242925084883e-06,9.549539856517397747e-06,9.875585344238980323e-06,9.610729055139734383e-06,9.310663532765284866e-06,9.511101141929423938e-06,9.198894545846297870e-06,8.864519210196980493e-06,8.495401783252151776e-06,8.784250883072347341e-06,8.447056860388078926e-06,8.114704901174000354e-06,8.424038444239026192e-06,8.117324184142685916e-06,7.834121615737620262e-06,8.166895699386603059e-06,7.919026079656031421e-06,7.709284644913327484e-06,7.652532412052913562e-06,7.865612740365848533e-06,7.736758995470543527e-06,7.653520112996275681e-06,7.928971878669358969e-06,7.866903107524151991e-06,7.840855579083046159e-06,7.906157653698010437e-06,8.010026352144224566e-06,8.000959364720330061e-06,8.003230709763275996e-06,8.060936789896652689e-06,8.028557285496007716e-06,8.028557285496007716e-06,7.993616369178515143e-06,7.935910289045138450e-06,7.856734649877160533e-06,7.770443178165389850e-06,7.626290540316863306e-06,7.479927845545001594e-06,7.352921278553400338e-06,7.226596924188876321e-06,6.951145158515793879e-06,6.809220886076479154e-06,6.676857479816726950e-06,6.399130202135152934e-06,6.225944911832157292e-06,6.112119099091326491e-06,6.013177423745119033e-06,5.680403340096137931e-06,5.600254826994038705e-06,5.534342950252485962e-06,5.225009407187458429e-06,5.182893118909525965e-06,5.151024215635573462e-06,4.874638599615183757e-06,4.874400370044438463e-06,4.870108844724753227e-06,4.867058987324149284e-06,4.666621377459510576e-06,4.679064768284994303e-06,4.687163552133664888e-06,4.465492027515965719e-06,4.553570058472377916e-06,4.561671995196953836e-06,4.559603208667606093e-06,4.465168576246704675e-06,4.463769605701538208e-06,4.449982332580796546e-06,4.276620939219884347e-06,4.369959669119691480e-06,4.339350749816412150e-06,4.296231379481492547e-06,4.263260846665687394e-06,4.213808267183606909e-06,4.152894097033812448e-06,4.134212578041594235e-06,4.066567546155034944e-06,3.989278208840935802e-06,3.864706069077002411e-06,3.896871400709654715e-06,3.806172136260480221e-06,3.709306093569635350e-06,3.708147449939141195e-06,3.607737697886876154e-06,3.503391276274440689e-06,3.409109165218490243e-06,3.399825515151830186e-06,3.291565867013200078e-06,3.182206143785051890e-06,3.188383973173773500e-06,3.079408908690536649e-06,2.970800400014497573e-06,2.978805409363182528e-06,2.871688916097309256e-06,2.766064300963854211e-06,2.710828666233658658e-06,2.672076953939182873e-06,2.571058715445879089e-06,2.472664041323658868e-06,2.483126276578656506e-06,2.387793665810203560e-06,2.295506419987180027e-06,2.261837732111041957e-06,2.217383234195360207e-06,2.131639514351020650e-06,2.049238510491994793e-06,2.060237579680981704e-06,1.981169566465242282e-06,1.905461689146329445e-06,1.887069516140795366e-06,1.843768418136769170e-06,1.774573594041723416e-06,1.708611119299614434e-06,1.718818847631417780e-06,1.655833792253179275e-06,1.595919376019972216e-06,1.605527766512279650e-06,1.548373178190789911e-06,1.494096817374774822e-06,1.488171772614593435e-06,1.451265868414139228e-06,1.402191355760562507e-06,1.355681751420974924e-06,1.363579204538964850e-06,1.319265451235110667e-06,1.277301826432696288e-06,1.275872102916251160e-06,1.244422610942068099e-06,1.206578860829682737e-06,1.170773522725650756e-06,1.176823190046383051e-06,1.142696540104112450e-06,1.110413217279459434e-06,1.115692638743064253e-06,1.084907891448785919e-06,1.055784336713933632e-06,1.056974857916479654e-06,1.032536085575806426e-06,1.006240529121568024e-06,9.813566227271502793e-07,9.849724762768649941e-07,9.612033620600947880e-07,9.386985203344625392e-07,9.403502372717795596e-07,9.201578277325983802e-07,8.997732855910898930e-07,8.804547408118084616e-07,8.826472187316297894e-07,8.641509982361191552e-07,8.466062761624897972e-07,8.481161746550781207e-07,8.314526359165169923e-07,8.154862209573097066e-07,8.168152849462505983e-07,8.013447343669678340e-07,7.867827572828811089e-07,7.729329288612388084e-07,7.735343646715398109e-07,7.602224980584889183e-07,7.475453797931687587e-07,7.483942823027108497e-07,7.355659594987998824e-07,7.239332687933268703e-07,7.128328179647055295e-07,7.126034710653673918e-07,7.019017616872215875e-07,6.916747027825485496e-07,6.919898611838577820e-07,6.812805248784657227e-07,6.718330746484309140e-07,6.627840926026294556e-07,6.619206204114517728e-07,6.531699875102945995e-07,6.447752755265713128e-07,6.436917698359014258e-07,6.355648729642722062e-07,6.277561890025952532e-07,6.273643422372837353e-07,6.189122752177655750e-07,6.116293974967364513e-07,6.046148026473338269e-07,6.031198738160273916e-07,5.963096397524548744e-07
7.542124471211564802e-07,7.534903015505721959e-07,7.685433946046922699e-07,7.864197395988647112e-07,8.029953629554195887e-07,8.019890852251871100e-07,8.214201337247540654e-07,8.396109165052466559e-07,8.383990666147343633e-07,8.574405514616897809e-07,8.795341504781642942e-07,8.781238259543788448e-07,8.990902201359876358e-07,9.231530661988545459e-07,9.463121159487833663e-07,9.446809729430253299e-07,9.709038037173191918e-07,9.964575423058231989e-07,9.946863895842941785e-07,1.021595424345602373e-06,1.051509199159763784e-06,1.081258145649835448e-06,1.079420876716415082e-06,1.112050694374879403e-06,1.144976132963940512e-06,1.143139382634516231e-06,1.177961514008067281e-06,1.215213191531675932e-06,1.253695564012695712e-06,1.252109844017388498e-06,1.292742994111030590e-06,1.335428582911917027e-06,1.334121224644012257e-06,1.378427950128786453e-06,1.425805477671290801e-06,1.424940729077330029e-06,1.475345402226891787e-06,1.525836349287405797e-06,1.581380314684161816e-06,1.581683019843192664e-06,1.636638181078029564e-06,1.698333488770997594e-06,1.699698216157749610e-06,1.765596998215837121e-06,1.827966498651803213e-06,1.900294580505197630e-06,1.904047449748390419e-06,1.971683911196647894e-06,2.051972929380159776e-06,2.057813004707389580e-06,2.143878037827623800e-06,2.220074341016453745e-06,2.228564474794652240e-06,2.324160966024256256e-06,2.406280191475269739e-06,2.510269659473215786e-06,2.524160516536172105e-06,2.612361848531112377e-06,2.727347981301374755e-06,2.745808205318953692e-06,2.869532920861013859e-06,2.967052020362363611e-06,3.100358489485928060e-06,3.127730923068472214e-06,3.231215431738971284e-06,3.377739273804304714e-06,3.412502828191861889e-06,3.570341134265656920e-06,3.682103794190375176e-06,3.725686854903456910e-06,3.898582730579811063e-06,4.014872098307450611e-06,4.197496314866412230e-06,4.257411802640818888e-06,4.377067494873595921e-06,4.574698898002386550e-06,4.647718362213115922e-06,4.860087485762501264e-06,4.981552711898856927e-06,5.201108471196697121e-06,5.297441802944885693e-06,5.417075909201667475e-06,5.649981547396052476e-06,5.764390202712180281e-06,6.012856663633450713e-06,6.123265542802192756e-06,6.372075840004868717e-06,6.517053179157135119e-06,6.615883541972909620e-06,6.871114960212669018e-06,7.038616580871511611e-06,7.306501605987259303e-06,7.377135583199190035e-06,7.568339154550255017e-06,7.834880252060651037e-06,7.878505188974505277e-06,8.124444600913179114e-06,8.351512891421968802e-06,8.360579076082179939e-06,8.588882001226784050e-06,8.839382849759168059e-06,9.064684423896728093e-06,9.006619708039104340e-06,9.187949969149927421e-06,9.469067118702341980e-06,9.357647933380812579e-06,9.494032084981468924e-06,9.792309228202286133e-06,9.905428471826467521e-06,9.703037906864696302e-06,1.001470367016784550e-05,1.006337220830104912e-05,9.800322252702115604e-06,9.777605368557602830e-06,1.009733310882733277e-05,9.778853105331686369e-06,9.683397098372386775e-06,1.000460905497987727e-05,9.860823578896804048e-06,9.476239994992305903e-06,9.271245329561649611e-06,9.579693195507303210e-06,9.179013534197877786e-06,8.919145726095995870e-06,9.218302917345604476e-06,8.916514468561211482e-06,8.533271402283021999e-06,8.223553735085369822e-06,8.495675509798020046e-06,8.164660159851517930e-06,7.862143436201960700e-06,8.119187165205535978e-06,7.812562430008176243e-06,7.597700443052440794e-06,7.837081098101727534e-06,7.584090419765665291e-06,7.463771196164701879e-06,7.292522171370519438e-06,7.499645183332031252e-06,7.464242656792219096e-06,7.365925503276038656e-06,7.542810722752469925e-06,7.474897920730354447e-06,7.523514609497956268e-06,7.512267412771528434e-06,7.630894120819573751e-06,7.679422478197085213e-06,7.677707881170519897e-06,7.730456414829472690e-06,7.716677172838018765e-06,7.709419451028630326e-06,7.709419451028630326e-06,7.685360145869983187e-06,7.632013731436690260e-06,7.548585741705470740e-06,7.465627116083800188e-06,7.351027007438427467e-06,7.191205094210435934e-06,7.067445375643407329e-06,6.906749922380028020e-06,6.780498560456681617e-06,6.544758431167075642e-06,6.411614877363589125e-06,6.246242973414270624e-06,5.977819888203115013e-06,5.859796928724231879e-06,5.720184781641940487e-06,5.635130745574448095e-06,5.353112387405986894e-06,5.259054361778442029e-06,5.207461873700045397e-06,4.933999399760222811e-06,4.894593761190694467e-06,4.874912326161330701e-06,4.619701198645220048e-06,4.609350943913142066e-06,4.638216624163432539e-06,4.643618590132738308e-06,4.415093555612092162e-06,4.422324623665186043e-06,4.495645386099694816e-06,4.290431463765725333e-06,4.301461484779143960e-06,4.393030113368979817e-06,4.394344598270659853e-06,4.214055804448453338e-06,4.208737031328917514e-06,4.299408307722813484e-06,4.136694277898758731e-06,4.117296827941393245e-06,4.199369263101128927e-06,4.158847103797797649e-06,4.015043774311276420e-06,4.082320534801061949e-06,4.024312021598561802e-06,3.893505021327958848e-06,3.830195481128296055e-06,3.868937176957134201e-06,3.750146243892562693e-06,3.673053440761411591e-06,3.694047218999252908e-06,3.601245077406141994e-06,3.499100207951768673e-06,3.406710339399021818e-06,3.403800339292031958e-06,3.313192507587519336e-06,3.215481827007484173e-06,3.200205061322569963e-06,3.095074292576204901e-06,3.020855452894733110e-06,2.995832321912358254e-06,2.891237390031475165e-06,2.827596872914794230e-06,2.728686639030726274e-06,2.693365390218680550e-06,2.639565531278028512e-06,2.543897275904102080e-06,2.504455017812451236e-06,2.409236739069311987e-06,2.368442012061549640e-06,2.279752965778212498e-06,2.237028277828722965e-06,2.203806564307696645e-06,2.120720627983034938e-06,2.077396582783027216e-06,1.997265894559893938e-06,1.973577790358020231e-06,1.899399935046291890e-06,1.856777205614378361e-06,1.838310682016729576e-06,1.770087483171388665e-06,1.728669088152739265e-06,1.664247969743584106e-06,1.652121833596543419e-06,1.612287829430561464e-06,1.553691677917924344e-06,1.544841210400702280e-06,1.490610217982268399e-06,1.453695186051004785e-06,1.447487659321371637e-06,1.398245677219492924e-06,1.363370304505330753e-06,1.317748420695666032e-06,1.314629898134934162e-06,1.272277544468698421e-06,1.240637226406327812e-06,1.238958425164779648e-06,1.200646595639697630e-06,1.171054776007221334e-06,1.135865675703941025e-06,1.135821381360797650e-06,1.108215747247485118e-06,1.076477006501407089e-06,1.077099055712652113e-06,1.047432596186272283e-06,1.022759929441885430e-06,1.023834148120077550e-06,9.970047020296438807e-07,9.740839725176872741e-07,9.496109699801012532e-07,9.511572105821934775e-07,9.281485864311045278e-07,9.077547039830064308e-07,9.093850848326571308e-07,8.885297750613079872e-07,8.696137039096112669e-07,8.506277687856593660e-07,8.523064624648504280e-07,8.343451573953420516e-07,8.175309807157154678e-07,8.190988358063057288e-07,8.027559712639362266e-07,7.871557902735548923e-07,7.885703952918145267e-07,7.736719680803892077e-07,7.591912145132900751e-07,7.456162788984777848e-07,7.468143051118114204e-07,7.338585740182560451e-07,7.209517217348469834e-07,7.219373255181310090e-07,7.100627553289193923e-07,6.980575731946900754e-07,6.872078602659097845e-07,6.879156819804776261e-07,6.774982597719206159e-07,6.667546522991800296e-07,6.672402066888025248e-07,6.576333354657210227e-07,6.476111966340462058e-07,6.387959899917247940e-07,6.389990552025071590e-07,6.296381784849408415e-07,6.214716605274770678e-07,6.214685735995649966e-07,6.135678702030235904e-07,6.051278407556370526e-07,6.049305751059235603e-07,5.975778493946303347e-07,5.896658391467290880e-07,5.828663848630058607e-07,5.824270808326833658e-07
7.349251453400039961e-07,7.498036365109370087e-07,7.654049398741722345e-07,7.817715298557358198e-07,7.826512823865590782e-07,7.997642665930906956e-07,8.177324844398900591e-07,8.184125557115576355e-07,8.372142627448952454e-07,8.569719334926666032e-07,8.554498947326267876e-07,8.781159409166263591e-07,8.998735705903636507e-07,9.227627882813523573e-07,9.228748253841915239e-07,9.468681630936775173e-07,9.721264201120659469e-07,9.719461615716763154e-07,9.984389756868813308e-07,1.026345502000490767e-06,1.055748313534603080e-06,1.055127658357886905e-06,1.085994225998491728e-06,1.118532076585902706e-06,1.117540580457458910e-06,1.151714733027507922e-06,1.187754574938342941e-06,1.225767207188688583e-06,1.224223963944642340e-06,1.264173495699010759e-06,1.306322430768620713e-06,1.304320754644296728e-06,1.348631761313104256e-06,1.395392117784512075e-06,1.392893006595054489e-06,1.442064552678443618e-06,1.493960073097880922e-06,1.548728580860859499e-06,1.545505972076777951e-06,1.603111579473317058e-06,1.663903495232598995e-06,1.660094918512686369e-06,1.724038515112869242e-06,1.791507976913200669e-06,1.862684415803352810e-06,1.858042692562983100e-06,1.932896857620760044e-06,2.011835043858202042e-06,2.006536484626489256e-06,2.089533316913224134e-06,2.177013478706641948e-06,2.185765930838269303e-06,2.262982744650142104e-06,2.359826519879070275e-06,2.461783801555865248e-06,2.454899993440878816e-06,2.561959143593157600e-06,2.674561038670126829e-06,2.667007608856742601e-06,2.785146882615332002e-06,2.909252422520806498e-06,3.039525849173317695e-06,3.031134326251577131e-06,3.167574137165445075e-06,3.310562267326033712e-06,3.301615474241568595e-06,3.451151393548784448e-06,3.607557205434477998e-06,3.650784100585766668e-06,3.761421713372077845e-06,3.931791534157129889e-06,4.109317888983181921e-06,4.099505688066694291e-06,4.284148860156350409e-06,4.475952317560484813e-06,4.466038281311315470e-06,4.664925377053257252e-06,4.870755403418877408e-06,5.083301038160462613e-06,5.073591170505050972e-06,5.292660807197868567e-06,5.517756648116204663e-06,5.508500101995038523e-06,5.739323619932655765e-06,5.975061732222542944e-06,6.214952347402592893e-06,6.206762755317761142e-06,6.450258045117698674e-06,6.695977777720933556e-06,6.688983324386157980e-06,6.936183289420282947e-06,7.183019646496517155e-06,7.367297086217634507e-06,7.423145905761970613e-06,7.664984315676473810e-06,7.901156185980924752e-06,7.898744455510576506e-06,8.127971914450389775e-06,8.347158764893247295e-06,8.347957923150544322e-06,8.555747272901630622e-06,8.748278032021933592e-06,8.922685294725690762e-06,8.930020637902911978e-06,9.085551127147604964e-06,9.217223752261446252e-06,9.232249878116361339e-06,9.340338063528494210e-06,9.418973482866588496e-06,9.716287603668029971e-06,9.496629335792878803e-06,9.513542455170890597e-06,9.493867246870427832e-06,9.543796548268377916e-06,9.493352679665516752e-06,9.403912373167525081e-06,9.479364777090193610e-06,9.360435692424142083e-06,9.202789532010595473e-06,9.007406785144313118e-06,9.128428686584670216e-06,8.910555081935227581e-06,8.660575519093129958e-06,8.823116387267089506e-06,8.559827932367836633e-06,8.273934559802425010e-06,7.971604552980214096e-06,8.193218976622480257e-06,7.895774697304905470e-06,7.596368493650953899e-06,7.857929110206771445e-06,7.576044527923038299e-06,7.307661733389953141e-06,7.534891500308676312e-06,7.356525963041133665e-06,7.142653014905725818e-06,6.962451369088518253e-06,7.259528412252656223e-06,7.112937851302512197e-06,7.005252018620254156e-06,7.277733151809148005e-06,7.195554825301916537e-06,7.148980006831535815e-06,7.134699750585526562e-06,7.331803040416806130e-06,7.319010436931676834e-06,7.324695426352237454e-06,7.438376146461005604e-06,7.424422190855755523e-06,7.414423918076674534e-06,7.431042247598555964e-06,7.402884634492901860e-06,7.386266304971020430e-06,7.336067334100879330e-06,7.278439595127670958e-06,7.164758875018902808e-06,7.069360395307032541e-06,6.968727065163921317e-06,6.771623775332641749e-06,6.644647968208408459e-06,6.519651816783777520e-06,6.399143269828863673e-06,6.126662136639969824e-06,6.001376501335832506e-06,5.887039204938553207e-06,5.589962161774415237e-06,5.484902042319343480e-06,5.393842281763980824e-06,5.290303444662222412e-06,5.025790584121040963e-06,4.966599890386872388e-06,4.918552851960584463e-06,4.656992235404765223e-06,4.630027899749406700e-06,4.610244688877873238e-06,4.388630265231986859e-06,4.387939334058367044e-06,4.389432346834606211e-06,4.390623343770376910e-06,4.228082473532356465e-06,4.241180162709297743e-06,4.249530464883756172e-06,4.128508515463649763e-06,4.143130218960462001e-06,4.149495612644425635e-06,4.146725903905383442e-06,4.071272628333267347e-06,4.068159977661846395e-06,4.054307810141911518e-06,4.004374472764737641e-06,3.986748881272997083e-06,3.957982012262456145e-06,4.028310992700787729e-06,3.892136837269907979e-06,3.847093347822356851e-06,3.792364936392217089e-06,3.777299088022635582e-06,3.716706928765266806e-06,3.647955805121467211e-06,3.640546447379171917e-06,3.566614907754887037e-06,3.486350698679509178e-06,3.400791951374080068e-06,3.399855971341065335e-06,3.311153250525414309e-06,3.218998297613001213e-06,3.221218050816321447e-06,3.127291644498745150e-06,3.031513460217052004e-06,3.011471333755776130e-06,2.939772159914870667e-06,2.843062996335009112e-06,2.746505859246986398e-06,2.753182126431162557e-06,2.657742293888976306e-06,2.563425658400997677e-06,2.571253923711814396e-06,2.478775218853082440e-06,2.388136227326006749e-06,2.299625991625767105e-06,2.308479679800258182e-06,2.222509690087494799e-06,2.139064178832305433e-06,2.148352845754219300e-06,2.067667328015173517e-06,1.989737257683816611e-06,1.914640043443307764e-06,1.924124657391612454e-06,1.851896856016312832e-06,1.782550405853149025e-06,1.791937742364950133e-06,1.725401881739889181e-06,1.661713156541913027e-06,1.622158025890016055e-06,1.609838042727422749e-06,1.551597252435207310e-06,1.496054370531151309e-06,1.504613841302210855e-06,1.451534787035896491e-06,1.401005828621698655e-06,1.409034071986463897e-06,1.360784998354856788e-06,1.314919862882575456e-06,1.271354064477644881e-06,1.278580498291287548e-06,1.237016149634871948e-06,1.197573627628246161e-06,1.204159428637442738e-06,1.166533845311415080e-06,1.130853908190132566e-06,1.102998216852846297e-06,1.102748621999972076e-06,1.070485274679312702e-06,1.039913628523713355e-06,1.044982807782874591e-06,1.015809617646557959e-06,9.881698271595471737e-07,9.926106055231398997e-07,9.662234614426497175e-07,9.412219281038859566e-07,9.175345417462730241e-07,9.211782413427602656e-07,8.985455049849792031e-07,8.770956145395314105e-07,8.801787133426218899e-07,8.596691605110207389e-07,8.402223470030580861e-07,8.217802604489413132e-07,8.241711825972189500e-07,8.065156316806253626e-07,7.897607206275044177e-07,7.916757421757738073e-07,7.756208254466116553e-07,7.603724847386517826e-07,7.618489194278896573e-07,7.472236316885640739e-07,7.333201902864059856e-07,7.200975220223650648e-07,7.210460952845046926e-07,7.083431696912460749e-07,6.962490185420536943e-07,6.968428049308775545e-07,6.852116948659030248e-07,6.741249070815760125e-07,6.635510611339403869e-07,6.637235161005112184e-07,6.535363943489533904e-07,6.438078949158249691e-07,6.437007080120419507e-07,6.343176149433447809e-07,6.253447021888489833e-07,6.159574311523938959e-07,6.163228937723998832e-07,6.080259863616023588e-07,6.000749322962059359e-07,5.994243019950412491e-07,5.917328728311403933e-07,5.843511523790824071e-07,5.835094852216440641e-07,5.763610465886946117e-07,5.694901652419443891e-07,5.628809835097889903e-07
7.299312739380535569e-07,7.472123020451186571e-07,7.633831624712432656e-07,7.621984004911720676e-07,7.791109236274581906e-07,7.987140429060403143e-07,7.973565184637816765e-07,8.159437286427899142e-07,8.372597019270860790e-07,8.357419025269430698e-07,8.561995177846835919e-07,8.777151569425550812e-07,9.019519082266700791e-07,9.002790565967395047e-07,9.240077908497648970e-07,9.503923136394680546e-07,9.486316448824734671e-07,9.748325522409633977e-07,1.003561593782466725e-06,1.032464366736063985e-06,1.030722675702531585e-06,1.061242883790370594e-06,1.093949557747242626e-06,1.092274141503222922e-06,1.126057467995169146e-06,1.161668300747806452e-06,1.198900066828337339e-06,1.197575855694291049e-06,1.237046122673513368e-06,1.277551023564038135e-06,1.276579364135126196e-06,1.320339228626607322e-06,1.364388754554953207e-06,1.363934591917254932e-06,1.412468540103708854e-06,1.460332499751779924e-06,1.513632221245732826e-06,1.514439612911170252e-06,1.571238003910093903e-06,1.625428635234679308e-06,1.627357055910959628e-06,1.690356676172545604e-06,1.749044778760031352e-06,1.817928098813796072e-06,1.822284296850115832e-06,1.895930341764772049e-06,1.961934951823817104e-06,1.968380159524817163e-06,2.049957565794779460e-06,2.121045241625820340e-06,2.130101438577798520e-06,2.220376200532745198e-06,2.315400410484444294e-06,2.394498556537727389e-06,2.408762911087431114e-06,2.513686052416568663e-06,2.598132883754116941e-06,2.616750419167931389e-06,2.732386114848846137e-06,2.822120267941236124e-06,2.946172250319156277e-06,2.973138047453022035e-06,3.106403861258972224e-06,3.203705861580147166e-06,3.237517457529639573e-06,3.383363533590950152e-06,3.485060639713134338e-06,3.526956953013346152e-06,3.685958394467340691e-06,3.851735187908263857e-06,3.958511096782818427e-06,4.015176701616879043e-06,4.194557303437151432e-06,4.303136246881645167e-06,4.371526104961181885e-06,4.564430683145919530e-06,4.673079481478023669e-06,4.871729959086408609e-06,4.960731668979716312e-06,5.172684340403805158e-06,5.276940451131447361e-06,5.381764079610887478e-06,5.604726973624491352e-06,5.702215228951457694e-06,5.924798665059574510e-06,6.056113799457846826e-06,6.290779718939514006e-06,6.370360335702408669e-06,6.521031764069454518e-06,6.758943714408871867e-06,6.820530263622585677e-06,6.991450015624203509e-06,7.227477355519109182e-06,7.459877745479126290e-06,7.483175824317157256e-06,7.684579388915369300e-06,7.904744082366250613e-06,7.894737902143069414e-06,8.116002950524552889e-06,8.315598012143421780e-06,8.265752073480504657e-06,8.427807461436119345e-06,8.675110854753525537e-06,8.824925025718031977e-06,8.703627113854710851e-06,8.965639511707808727e-06,9.070310859334085790e-06,8.897134591819541355e-06,9.170806486546345099e-06,9.221313700540995979e-06,9.239266004073742395e-06,8.985690558537064683e-06,9.267217706242433998e-06,9.220742409778989596e-06,8.921030489590844198e-06,9.204690081190574003e-06,9.092264219801732012e-06,8.757461230322011200e-06,8.590529963014271355e-06,8.865373472228870185e-06,8.656736363014327920e-06,8.294749106046166271e-06,8.563185828248729814e-06,8.308851090691136965e-06,7.959673120326731213e-06,7.691004921234062406e-06,7.938759182584643814e-06,7.647143382612172784e-06,7.355227959345906862e-06,7.591834067374640035e-06,7.311625221076965141e-06,7.088333807543207196e-06,7.311877656068983719e-06,7.068071654240947011e-06,6.848691121276187422e-06,6.745137902984899067e-06,6.943332906738821752e-06,6.788610275729408662e-06,6.761440650557800037e-06,6.938086381059213690e-06,6.848782563271274087e-06,6.875835504450800598e-06,6.846908492954352373e-06,6.981545952870658203e-06,6.969282054851644023e-06,7.026865045925819453e-06,7.112296121895890104e-06,7.108755327619253790e-06,7.136102179507790877e-06,7.158927951308138345e-06,7.133325042671322691e-06,7.133325042671322691e-06,7.104582128963875311e-06,7.056635722799799111e-06,6.992895901000613097e-06,6.921051195368621743e-06,6.803628789745412391e-06,6.682953048697417438e-06,6.575810568564173079e-06,6.398089602980306771e-06,6.275061021973497739e-06,6.119981819785658707e-06,6.003811281223205636e-06,5.773477063994785338e-06,5.620839605984271794e-06,5.516679551226668653e-06,5.268002857735934297e-06,5.141515518766520340e-06,5.063353289507627639e-06,4.997819915779187472e-06,4.746916172512651480e-06,4.681987303430965727e-06,4.646001695377332822e-06,4.407321932737555284e-06,4.389965292212949367e-06,4.380187095965633117e-06,4.159949988939624064e-06,4.157085251212448934e-06,4.195085266816299620e-06,4.202872537032935009e-06,4.006966792737020893e-06,4.074240495590456432e-06,4.086924728628444782e-06,3.910943498490358526e-06,3.920673457028309709e-06,4.004740150675983240e-06,4.004623991950091499e-06,3.849506586627414365e-06,3.935660837668798148e-06,3.923768495299280652e-06,3.783111193166918945e-06,3.862876297945864532e-06,3.835946930327756615e-06,3.798755953742392767e-06,3.673762009007771552e-06,3.732049522694702837e-06,3.679804124964043389e-06,3.565590592302766816e-06,3.608181569036656602e-06,3.542309739181942485e-06,3.438132666267862178e-06,3.369521750849411000e-06,3.387651390838429888e-06,3.305545284883601366e-06,3.215368793373197993e-06,3.219495925105270722e-06,3.130950388901867523e-06,3.050503536285864270e-06,3.042647328234704829e-06,2.950498925991843157e-06,2.857248102066284711e-06,2.790702149548540530e-06,2.768744671469571566e-06,2.675642225462247499e-06,2.618127774496388972e-06,2.589637008954209024e-06,2.498535675906596528e-06,2.449483484820455833e-06,2.363630601256862800e-06,2.328597007050266616e-06,2.242871519879174748e-06,2.205113317944312768e-06,2.167683511252179095e-06,2.086713881391565675e-06,2.055613340590367103e-06,1.980152536458206173e-06,1.941186163134372074e-06,1.868117682592400798e-06,1.845497113643408091e-06,1.806598901191367958e-06,1.739011953558464330e-06,1.721109648060948022e-06,1.682878778075481759e-06,1.620708753783839089e-06,1.561233528237163558e-06,1.549134171503912068e-06,1.512747234420183996e-06,1.458405640392043913e-06,1.449365428572070805e-06,1.414524375763564393e-06,1.365027074332427201e-06,1.358493123346076205e-06,1.312536691941021139e-06,1.280379628734791614e-06,1.237626979326645496e-06,1.234064942510209086e-06,1.203729815695196002e-06,1.164990135180709362e-06,1.162859936085074776e-06,1.134355747519761206e-06,1.099287013624528413e-06,1.066027989839585656e-06,1.065552479049529724e-06,1.039837035335011659e-06,1.009759098700894903e-06,1.010000545019892181e-06,9.860051911358264432e-07,9.588034627576844125e-07,9.595576217826271000e-07,9.340662470691819888e-07,9.125971447059897545e-07,8.892758950352714227e-07,8.905875000920957416e-07,8.706278724886241554e-07,8.495114315735098531e-07,8.509755675502262238e-07,8.310809295977114822e-07,8.132933597770615217e-07,7.951417557771327960e-07,7.967422606870518412e-07,7.802280045544107032e-07,7.637446992895620586e-07,7.652956973110188105e-07,7.499644395513010112e-07,7.349722640863907200e-07,7.364260665537492259e-07,7.221869646100960029e-07,7.085307648892395115e-07,6.955432245380307110e-07,6.968487807748900572e-07,6.841603631820073160e-07,6.722921261468913184e-07,6.734281496337386406e-07,6.620900969102129749e-07,6.507628444777246551e-07,6.404019433090294865e-07,6.413111030600659063e-07,6.307660395799668546e-07,6.212445199734889353e-07,6.219615136843254103e-07,6.121350827784116597e-07,6.033638155003343609e-07,5.949757213933601292e-07,5.954450221770723398e-07,5.866232729193210207e-07,5.788661412180064535e-07,5.791484711420194270e-07,5.709029471674106687e-07,5.637109516403265394e-07,5.638143647516631972e-07,5.568542898720819423e-07,5.494122774191558906e-07
7.279914392674048353e-07,7.439768203789592328e-07,7.444799469530392490e-07,7.611928557157857568e-07,7.787385999075407430e-07,7.772899277269364277e-07,7.974036943757909710e-07,8.166885100354074439e-07,8.150936501811381882e-07,8.369689449396452969e-07,8.581922646121221146e-07,8.805092384631609274e-07,8.787834478207225639e-07,9.036586811687161118e-07,9.282613811170506976e-07,9.264674291545862142e-07,9.535443129763616157e-07,9.806941144923171715e-07,1.009277595386396267e-06,1.008358407227494577e-06,1.038345653287236692e-06,1.069928329494516336e-06,1.068276838273898532e-06,1.101814750894656650e-06,1.136735448371209123e-06,1.173528017062693309e-06,1.171766196082089068e-06,1.210399156564163325e-06,1.251110316552447719e-06,1.250230837911002422e-06,1.291693707830830896e-06,1.336755344404091320e-06,1.336424071453079825e-06,1.381472557220675065e-06,1.431357508966379876e-06,1.483926200966232142e-06,1.480672932690154536e-06,1.535896456434491311e-06,1.594081885279013870e-06,1.596200894538225196e-06,1.651439820807340142e-06,1.715821061960338432e-06,1.783621110997720621e-06,1.779144050356228132e-06,1.850341544901232706e-06,1.925285043963279823e-06,1.931958096637549760e-06,1.998924699508753777e-06,2.081685728851515250e-06,2.090969626511254378e-06,2.162926975675909201e-06,2.254207087887753985e-06,2.350107908010636669e-06,2.364556453180130546e-06,2.444281867622307076e-06,2.549774833022052718e-06,2.568522902870898437e-06,2.653363612767346639e-06,2.769153472717233498e-06,2.890423517932737399e-06,2.882886445566518740e-06,3.009638432984175653e-06,3.142165645342742098e-06,3.175796262075295236e-06,3.272512557589059882e-06,3.416826837002752319e-06,3.458329089091876343e-06,3.558860183121211700e-06,3.715338400836983101e-06,3.877996335629909515e-06,3.933804311633354065e-06,4.038251163879956194e-06,4.213169890362481395e-06,4.280290594076821540e-06,4.385574247456311322e-06,4.572405866268694460e-06,4.764875382225748427e-06,4.756576850042371978e-06,4.954504471922811454e-06,5.157409145946479260e-06,5.259473237033765706e-06,5.357160253080794932e-06,5.568728105341491846e-06,5.783576154391905723e-06,5.776680503972084869e-06,5.994323788893944849e-06,6.213554877355151391e-06,6.359278950638692827e-06,6.427866764978406950e-06,6.647396975010157426e-06,6.812319488870981480e-06,6.860969960553296658e-06,7.075586255883912205e-06,7.285078860058381644e-06,7.478839901526126975e-06,7.486365402495880700e-06,7.680888911650678559e-06,7.893386408001235320e-06,7.866147607216699363e-06,8.037668272285849300e-06,8.193734795594424125e-06,8.199714903240847876e-06,8.339680553107499530e-06,8.459466259444026279e-06,8.710245053108476023e-06,8.571428958378793150e-06,8.646385954221200539e-06,8.907963544231808339e-06,8.719433597405642925e-06,8.742235957840182795e-06,8.734200441204913751e-06,9.002809099562969106e-06,8.740006229212764308e-06,8.672564537408947703e-06,8.942682281167598537e-06,8.640161219851154523e-06,8.513801037087506094e-06,8.354634656241873597e-06,8.452335197316663309e-06,8.272535821238911804e-06,8.063813021356009108e-06,8.318107785228180301e-06,7.973676585597921056e-06,7.729375823219160590e-06,7.467648592047651914e-06,7.650863976460240928e-06,7.389862441792130587e-06,7.122638365744535546e-06,7.346087535456366162e-06,7.087025084914122206e-06,6.837569242762493552e-06,7.049324300953784565e-06,6.858839541415861468e-06,6.648433506530221392e-06,6.462572274942976980e-06,6.652401309044046159e-06,6.574413938808058901e-06,6.449402092535131698e-06,6.622168400198028287e-06,6.609706420039033397e-06,6.543209996247706881e-06,6.508312478047732595e-06,6.719441641823738012e-06,6.695231622711695306e-06,6.693664818558132064e-06,6.791809357657964061e-06,6.834653760777850631e-06,6.836474619942700281e-06,6.879957926741663994e-06,6.886447642557963118e-06,6.864107040037113783e-06,6.864107040037113783e-06,6.837472270723423487e-06,6.800491470033672228e-06,6.732295113762897442e-06,6.663188555970532141e-06,6.568573101477556998e-06,6.437693864800681588e-06,6.333382118399939243e-06,6.227362166603768534e-06,6.016233002827763117e-06,5.894847235638763014e-06,5.778605197363477231e-06,5.634204813635013588e-06,5.409959915777672219e-06,5.303031944625586060e-06,5.175266263795080541e-06,4.938654412416418389e-06,4.855196280379622979e-06,4.783907026434576949e-06,4.707906665923228002e-06,4.473342414979056507e-06,4.430829307302505647e-06,4.398181508848023054e-06,4.176666079958233605e-06,4.160938200013037449e-06,4.150065266176259381e-06,3.966849881742109143e-06,3.971545840571833063e-06,3.976864791329030649e-06,4.030325474298137021e-06,3.848676717504747170e-06,3.861731907847622092e-06,3.869926290175044725e-06,3.772225670969539547e-06,3.784694789717755389e-06,3.789597405967205227e-06,3.871159170961714647e-06,3.725656950179081054e-06,3.721350097463318752e-06,3.800233411323933584e-06,3.667534383220942969e-06,3.650184115085563335e-06,3.623286545252010409e-06,3.684607852369405416e-06,3.565932156222574207e-06,3.524894842447537529e-06,3.572248577508385577e-06,3.463378850212374762e-06,3.408955567077798031e-06,3.347574244095232014e-06,3.341529585238925298e-06,3.275627260363683149e-06,3.204287193797947378e-06,3.214179471885033637e-06,3.127607215443172662e-06,3.048884567686688517e-06,3.046413441952508152e-06,2.968962380985820337e-06,2.885548777759114274e-06,2.800430004761152176e-06,2.782871731220125350e-06,2.718522924553901564e-06,2.632333866594884376e-06,2.607538594339448080e-06,2.551731431559221154e-06,2.466361958299380909e-06,2.381828324655722558e-06,2.388419144963003471e-06,2.305349986095337829e-06,2.223750665801094401e-06,2.188404361355332147e-06,2.151395387836574793e-06,2.073636433261578024e-06,1.997974905156610140e-06,2.005913334095847725e-06,1.932585071234574852e-06,1.861582433705276487e-06,1.823640745532796739e-06,1.801175245974103026e-06,1.735053205429926496e-06,1.697472551014742087e-06,1.679579859566486609e-06,1.618384824114647861e-06,1.559661456158873542e-06,1.523559884983488547e-06,1.511320718102855019e-06,1.457383037781766938e-06,1.422664073744518416e-06,1.413431154727629706e-06,1.364067716697199792e-06,1.316966268369100200e-06,1.324177050636582247e-06,1.279128678820094562e-06,1.236210877229634319e-06,1.205736808276963955e-06,1.201938726580456391e-06,1.162907340763892919e-06,1.134214056776639042e-06,1.131860625480147312e-06,1.096413014000507356e-06,1.062734275019425785e-06,1.036778867658036884e-06,1.036105679848237932e-06,1.005566641736807242e-06,9.813214181078484805e-07,9.813947553344826888e-07,9.537121688696685903e-07,9.274446993680144785e-07,9.317279435415369047e-07,9.066348999499194943e-07,8.828274182565158570e-07,8.626250577370410125e-07,8.638423499235281577e-07,8.422546840358083300e-07,8.217730810308563369e-07,8.248855120456007553e-07,8.052967939175709442e-07,7.867064468635792134e-07,7.699881968902966328e-07,7.715659526323144359e-07,7.546739667134639588e-07,7.391582300192136132e-07,7.407137484765386817e-07,7.253452496929198464e-07,7.107427398594876733e-07,7.124282898348563934e-07,6.984253355136496265e-07,6.851104680722740147e-07,6.722874591920789490e-07,6.736515843742331610e-07,6.614896432791690939e-07,6.499112367111804144e-07,6.507906322886274123e-07,6.396608388210733140e-07,6.290544250398048268e-07,6.184219509281724379e-07,6.194297584762429023e-07,6.096933684408562343e-07,5.997960392709135244e-07,6.006245602174601039e-07,5.916671961351738551e-07,5.831070435033169352e-07,5.742385611428705892e-07,5.748339420358134783e-07,5.669306975122979099e-07,5.586518274932031444e-07,5.590683882530690578e-07,5.517541414734863756e-07,5.447414705463941982e-07,5.442601248285916678e-07,5.374744733340123891e-07
7.270979842608895211e-07,7.257962946862730859e-07,7.423305394364846543e-07,7.612818112920038120e-07,7.598399108921959476e-07,7.780040844050237293e-07,7.970877975916957671e-07,7.970254368517838476e-07,8.170052811944487640e-07,8.380091059419692010e-07,8.613730832404070119e-07,8.597151805270396861e-07,8.828576621425047121e-07,9.072042787013776160e-07,9.065590654986058212e-07,9.320831962571223225e-07,9.589470913720338937e-07,9.877875375893469879e-07,9.861865683788439126e-07,1.015851948586860272e-06,1.047200723332143942e-06,1.045724698501329173e-06,1.078506111854854200e-06,1.113033647019151576e-06,1.148598859693520817e-06,1.147560411867570633e-06,1.185742527957119209e-06,1.224357672348019010e-06,1.223734324850551974e-06,1.265971688417131998e-06,1.310469330041765407e-06,1.307820838670438850e-06,1.354552140509550613e-06,1.403782059931479424e-06,1.451106752114610862e-06,1.452394289645125060e-06,1.506854405708799302e-06,1.558041661110342966e-06,1.560490802622112894e-06,1.620719181373385269e-06,1.684128659515367230e-06,1.741603382407666122e-06,1.746491803337975403e-06,1.816551575175033317e-06,1.878408593440390457e-06,1.885367523799516743e-06,1.962707050382526666e-06,2.044017285129770695e-06,2.038614778674617150e-06,2.123891593714491353e-06,2.213474158792822550e-06,2.286945422406852679e-06,2.301453362969657402e-06,2.399986379798088981e-06,2.503327137878140127e-06,2.496768852930967613e-06,2.604925392937538451e-06,2.718210303633627522e-06,2.803195151695805373e-06,2.829634278826378493e-06,2.953480143519429234e-06,3.042602847699952186e-06,3.075372873199456759e-06,3.210318253543092994e-06,3.351020831924514488e-06,3.343244326475312632e-06,3.489703556085251328e-06,3.642043666751366748e-06,3.738764908558256829e-06,3.792303591584597253e-06,3.956390904814090959e-06,4.126294572540878812e-06,4.118336865363047877e-06,4.293982882312689246e-06,4.475181111805602589e-06,4.571715344585586450e-06,4.654023680692063361e-06,4.845690070215283394e-06,4.938579441160108595e-06,5.034780866216866164e-06,5.235518884804347140e-06,5.439938357890127775e-06,5.521795534086604366e-06,5.641047976845608491e-06,5.851046213358916024e-06,5.921109684141436633e-06,6.057075101524431333e-06,6.269247342456847265e-06,6.480695233675212759e-06,6.476577821413526435e-06,6.686510100589436738e-06,6.893044341009367045e-06,6.913355825439537159e-06,7.092769857373231001e-06,7.288313200368345599e-06,7.475437226350904334e-06,7.476017207977611048e-06,7.653609052743774645e-06,7.818701739451529390e-06,7.755872304595963116e-06,7.974484492743945350e-06,8.109455175679054195e-06,8.004986797559374500e-06,8.236256208398776114e-06,8.332897390430459960e-06,8.405968360270506818e-06,8.425211192286454021e-06,8.475977307578347940e-06,8.499274807929177222e-06,8.280472753586349570e-06,8.529342000044950038e-06,8.497899179185214845e-06,8.434874085135418790e-06,8.489385356639654096e-06,8.401387201184112977e-06,8.281422715596597014e-06,7.972532021224739348e-06,8.217783660061709665e-06,8.045556723300103269e-06,7.723616399550142743e-06,7.964465801680406819e-06,7.749781682831442613e-06,7.513157261232891062e-06,7.200344465521708931e-06,7.425325775803176002e-06,7.170030036969243781e-06,6.892343517220654890e-06,7.109133267065532311e-06,6.855911828982792846e-06,6.607156208315519343e-06,6.838826928786355657e-06,6.608938605240254662e-06,6.395243980272513437e-06,6.270111725015406237e-06,6.457422243835666300e-06,6.294529847961098637e-06,6.161477647484696944e-06,6.411735685209038113e-06,6.305844229156343726e-06,6.231882213604406457e-06,6.261433207624717039e-06,6.402914937721306584e-06,6.375495116067222922e-06,6.428070931580755464e-06,6.533705220485149659e-06,6.529345238045413978e-06,6.538087894560051038e-06,6.630482947932138114e-06,6.621458616850941008e-06,6.614319550806912715e-06,6.609510556531733146e-06,6.609510556531733146e-06,6.591424171110967054e-06,6.549844364834425656e-06,6.501537118238613943e-06,6.409142064866526867e-06,6.329268619807038906e-06,6.244289888860525583e-06,6.104601231324707416e-06,5.975114844533473032e-06,5.867652650365746848e-06,5.683315955914392220e-06,5.536720451068158661e-06,5.425851981266680055e-06,5.323194009147433596e-06,5.072935971423092426e-06,4.975947346950911889e-06,4.890399983961231042e-06,4.663612144329369315e-06,4.565159137946384231e-06,4.505427879481429076e-06,4.456063938547222080e-06,4.224393218076386613e-06,4.192685713526170783e-06,4.168746783109280360e-06,3.960859894403213992e-06,3.960043494931705542e-06,3.957177869553553893e-06,3.766927042797153228e-06,3.801695494387702989e-06,3.812734252341466180e-06,3.821884128804196599e-06,3.653318216359926574e-06,3.719253953104591894e-06,3.730790063589373129e-06,3.579131802533098523e-06,3.657473916421457295e-06,3.664457878231049952e-06,3.663274706664744341e-06,3.608762299267669827e-06,3.605871657255407602e-06,3.593832241949060783e-06,3.471541284632974561e-06,3.541634690610456595e-06,3.516304625786800278e-06,3.482196342254212327e-06,3.462937284817183565e-06,3.423712708912434770e-06,3.376559525366458666e-06,3.276297648552287737e-06,3.313275561669320218e-06,3.254364035828673301e-06,3.162534983780911604e-06,3.185549077806976628e-06,3.116986885955419432e-06,3.044018603733555762e-06,3.043330986075268305e-06,2.967600992774860628e-06,2.888923105656488489e-06,2.817193397425968188e-06,2.810282515868341127e-06,2.728280661082348793e-06,2.645210335282751885e-06,2.649121819798943738e-06,2.565974857286660338e-06,2.482769246681299736e-06,2.430646190592849074e-06,2.405413359687798111e-06,2.323679244613369138e-06,2.278865157361411626e-06,2.249346074295082410e-06,2.170316321939170243e-06,2.092896969787244938e-06,2.057925892205600869e-06,2.024388799552857315e-06,1.950921649588016520e-06,1.921817478278427402e-06,1.887006555591274583e-06,1.817946368105917715e-06,1.751168059780009907e-06,1.758781019299841690e-06,1.694363252920100687e-06,1.632303995415803191e-06,1.615016017586452125e-06,1.580221649678873823e-06,1.522875380102463364e-06,1.467880087713749385e-06,1.475319915338063357e-06,1.422573194083910583e-06,1.372107334148819758e-06,1.362970927739187451e-06,1.330946780617645317e-06,1.284791189055179621e-06,1.278019205282860915e-06,1.247458209498756971e-06,1.205355764547567600e-06,1.165249016237933050e-06,1.171523385772963670e-06,1.133196415288989882e-06,1.096728222970260899e-06,1.094204205961331095e-06,1.067705367954221842e-06,1.034587882480166773e-06,1.003120879448275046e-06,1.008289505917065726e-06,9.782405573094514822e-07,9.497053510854890459e-07,9.495833699685782598e-07,9.271305967370755860e-07,9.012614652927856522e-07,9.016968329422082462e-07,8.807395530646699104e-07,8.572867507480104930e-07,8.350317915042008803e-07,8.360907996221302457e-07,8.173199733870964098e-07,7.971363308335931064e-07,7.984045024777033698e-07,7.809408717613366520e-07,7.626225902896537233e-07,7.452349522425792515e-07,7.477687877541437397e-07,7.311277450587096887e-07,7.153255689232194882e-07,7.168091557085101615e-07,7.023257860478161512e-07,6.879461302686763692e-07,6.893828082220563754e-07,6.759248140436139113e-07,6.628205036693941242e-07,6.503585173582028503e-07,6.517092803618479612e-07,6.397027209323101177e-07,6.283180810657088236e-07,6.295396145590864134e-07,6.183741440373998880e-07,6.079542136107403720e-07,5.980234802428066282e-07,5.986407615159966162e-07,5.890847070246137250e-07,5.799675435888658337e-07,5.808484553182147376e-07,5.715483440282720349e-07,5.631597775268045778e-07,5.551429534519702674e-07,5.552026145326247476e-07,5.474668617880228221e-07,5.400646277851817900e-07,5.405662188479566578e-07,5.327711673494646416e-07,5.259200177627819640e-07,5.262594341844879717e-07
7.079736339765386760e-07,7.258852169477943528e-07,7.430371208909865425e-07,7.415326813789377461e-07,7.609837307333440329e-07,7.798242176507371927e-07,7.782106081791632048e-07,7.979935943966490930e-07,8.200590649354617495e-07,8.418322532693962167e-07,8.401488295481725155e-07,8.641288181992944082e-07,8.881051241703288732e-07,8.864011132980466581e-07,9.116692163985539082e-07,9.388874639557292645e-07,9.666830501516139450e-07,9.651043791287648725e-07,9.946827077578192382e-07,1.025344682696690778e-06,1.023913892881947485e-06,1.056047993001277387e-06,1.089888639875587394e-06,1.125503546716274366e-06,1.124544178006332787e-06,1.160960726853154905e-06,1.200284790794245705e-06,1.199766081143981864e-06,1.239270743890712743e-06,1.282695908887615564e-06,1.282781628691661567e-06,1.328925605633958548e-06,1.373548556708035493e-06,1.424006462167116405e-06,1.425456054363095694e-06,1.473725446175884432e-06,1.529418361989199516e-06,1.532050433598633752e-06,1.584181228716823968e-06,1.645621033399474638e-06,1.710213323757516914e-06,1.715299705856358571e-06,1.773671641642474487e-06,1.844837912408926534e-06,1.851998687274983121e-06,1.914690305127773592e-06,1.993011973118689156e-06,2.002717310042401423e-06,2.086467110641749609e-06,2.155925019485106562e-06,2.246177806020066577e-06,2.260827395498663519e-06,2.334792292374021864e-06,2.433694786198104939e-06,2.452416326334509139e-06,2.558315528787471846e-06,2.638955009326259954e-06,2.751958094909244448e-06,2.778325349822853638e-06,2.863085017317838870e-06,2.986068252760909723e-06,3.018618097382415146e-06,3.107086955792505284e-06,3.240441529780268658e-06,3.280198373306253952e-06,3.422911951711672556e-06,3.515731725477244045e-06,3.665050058167877865e-06,3.717749262349718064e-06,3.812233551966955397e-06,3.972104730251779331e-06,4.034941157902416421e-06,4.205455542982266516e-06,4.299759110196091526e-06,4.474516810681170228e-06,4.554911089027918306e-06,4.646742439583723667e-06,4.830195149280367077e-06,4.923898434381357549e-06,5.010827584830668755e-06,5.201339125995515298e-06,5.394435562502687383e-06,5.510148179852534793e-06,5.583859201292291311e-06,5.780206005912316975e-06,5.911827757179081064e-06,5.972154471715575854e-06,6.168200054998881458e-06,6.316338058112921961e-06,6.518515904653218704e-06,6.550217282219679894e-06,6.736851845088867679e-06,6.909690479822911962e-06,6.916253539514886217e-06,7.089629564058689163e-06,7.278476891126380693e-06,7.449396113156145412e-06,7.408253616303245585e-06,7.548374062134151965e-06,7.758232836256471199e-06,7.679564329097626277e-06,7.788651974175955133e-06,8.010385338797243888e-06,7.890580915343441164e-06,7.961492791813986516e-06,8.192671791025713576e-06,8.242557508443991898e-06,8.056410727496513891e-06,8.056770342510054313e-06,8.294672157943291547e-06,8.067000169930431061e-06,8.016496745784609771e-06,8.256290832184871541e-06,8.173207677615560601e-06,7.891167070897971939e-06,7.761076915960102862e-06,7.994497348655096533e-06,7.691450342322789471e-06,7.516707553472817329e-06,7.745340237829822445e-06,7.436446292144099221e-06,7.227558716889945128e-06,7.001259921652112857e-06,7.214181649661327038e-06,6.924429234005132272e-06,6.687323078877368140e-06,6.892233849379963014e-06,6.641995802353176227e-06,6.413159555770767578e-06,6.609296388182886698e-06,6.379084606152008430e-06,6.211872343375841144e-06,6.027090249261624717e-06,6.205615838742307905e-06,6.105761402663247562e-06,5.970254569363837165e-06,6.136542619313132987e-06,6.023551501706254755e-06,6.016409181136838027e-06,5.962170682352920106e-06,6.104076722644208979e-06,6.136558142851007044e-06,6.122127669884126747e-06,6.234701915274048254e-06,6.279615848109384013e-06,6.282540258969721981e-06,6.353618721256319024e-06,6.353805027412379442e-06,6.377179161360804497e-06,6.372422484235345563e-06,6.375881463841210874e-06,6.375881463841210874e-06,6.351720665727452646e-06,6.312519102655607061e-06,6.259939160171550165e-06,6.199553227067033932e-06,6.102828853182592129e-06,6.020323815747423012e-06,5.911232215018000206e-06,5.764136857935425684e-06,5.658583451689386268e-06,5.525959470933884160e-06,5.341762890652794844e-06,5.230967278987356311e-06,5.096453631917480964e-06,5.001408787763517924e-06,4.791126857194334004e-06,4.702197737707294748e-06,4.599116258056270136e-06,4.384663654582199840e-06,4.319766951695590013e-06,4.251063522229396290e-06,4.211994553828806185e-06,4.005045327040235312e-06,3.975628823175034009e-06,3.960750226562636466e-06,3.767744883609894023e-06,3.760268441170222703e-06,3.780764226969463842e-06,3.604365480391873748e-06,3.612570539106664217e-06,3.620328337485345295e-06,3.675042059886460812e-06,3.518265830660846826e-06,3.530855026202750527e-06,3.601097204052254039e-06,3.459403935802577959e-06,3.469971563154393878e-06,3.546755354396832936e-06,3.547263356140471480e-06,3.420947329548070329e-06,3.415827259952816634e-06,3.485744584446799169e-06,3.370035399284017035e-06,3.353195300253854325e-06,3.414269739291956262e-06,3.381847618683601017e-06,3.277861767994905314e-06,3.240444226284160973e-06,3.281732621616339630e-06,3.185961750230383245e-06,3.136943863125646288e-06,3.164965653480789882e-06,3.076988077087352164e-06,3.018022655834115977e-06,3.033152102421703533e-06,2.962981710810781825e-06,2.886078339381367349e-06,2.815912739449445585e-06,2.813736471379839754e-06,2.744589017500024535e-06,2.670195699485253777e-06,2.658868605856589604e-06,2.578772383431234285e-06,2.520823171764507750e-06,2.443705286265186437e-06,2.421777257589671542e-06,2.371170019272000530e-06,2.294528304317734746e-06,2.267727503762254941e-06,2.224066596582452859e-06,2.149200230497843498e-06,2.075506673952820834e-06,2.043882421641127817e-06,2.009615199993874546e-06,1.939083926357508596e-06,1.905741575858756690e-06,1.877098285726245009e-06,1.810288672439170324e-06,1.776112388462784994e-06,1.711102071997570406e-06,1.689732436226095354e-06,1.629075094785426194e-06,1.594910272900027100e-06,1.577669595688967366e-06,1.521284260654515298e-06,1.487767191069123462e-06,1.434016890645719070e-06,1.421938947423130469e-06,1.371912471958298108e-06,1.340024513086654611e-06,1.330738712546150595e-06,1.284769865121663600e-06,1.254226046311325509e-06,1.247272490932668459e-06,1.205161543454615141e-06,1.176090648183515418e-06,1.136716348331255174e-06,1.132578825513091604e-06,1.095886887084389825e-06,1.069216855064038776e-06,1.066491687387239847e-06,1.033060989929133894e-06,1.007969690470550393e-06,9.770048739139726063e-07,9.759465435933527278e-07,9.470092512050137276e-07,9.243167752675093717e-07,9.240308512629782791e-07,8.977331909658788797e-07,8.765318690544580558e-07,8.768282640595849030e-07,8.529365602493461461e-07,8.302372417916522381e-07,8.112247585357786028e-07,8.121788494950537706e-07,7.915585819359749699e-07,7.738642492744445283e-07,7.750544645092238088e-07,7.563151091151220790e-07,7.398617472538879020e-07,7.227161165737947249e-07,7.241515946993080135e-07,7.079589077009910737e-07,6.932821592630306977e-07,6.947462936780911641e-07,6.800028898826029829e-07,6.663694779395137112e-07,6.678090136651439132e-07,6.543693810312515258e-07,6.415852036916241391e-07,6.294305602626574644e-07,6.308112156974226647e-07,6.191339599897618905e-07,6.078384328808973230e-07,6.091073680660051095e-07,5.984239828621935928e-07,5.879216689932733464e-07,5.781579304752764258e-07,5.792693769577388676e-07,5.699304919050356489e-07,5.605430209511464902e-07,5.615048258158204960e-07,5.529211352625034961e-07,5.441760200409621510e-07,5.363137011219164114e-07,5.370776576043451567e-07,5.295174785453709010e-07,5.216720486655115133e-07,5.222779359230052008e-07,5.152915088602024780e-07,5.079629962911834236e-07
7.086523121850726808e-07,7.256365461180577537e-07,7.255144597787225110e-07,7.432808208452734803e-07,7.619386053950803344e-07,7.616159542519135284e-07,7.811430572658176170e-07,8.016598401483903208e-07,8.232203912125197968e-07,8.226005251892358088e-07,8.451818359026075608e-07,8.689211944071348214e-07,8.680548799397073623e-07,8.929281620168965526e-07,9.190855557295486593e-07,9.465959996118503959e-07,9.453682557769622763e-07,9.742076373163780200e-07,1.004545548922730722e-06,1.003021426059246966e-06,1.034833364462592575e-06,1.068303331011334482e-06,1.102305200176661672e-06,1.101564400800450157e-06,1.138500245706578075e-06,1.177362528379582530e-06,1.175061959642145154e-06,1.215828284442786021e-06,1.258718682028595959e-06,1.256050259772904661e-06,1.301043651692653111e-06,1.348374754946685933e-06,1.398157337470273906e-06,1.394969102889107114e-06,1.447186141379441228e-06,1.502091876474659213e-06,1.498495105866514979e-06,1.556075433335723148e-06,1.616596508279471052e-06,1.670680467614242381e-06,1.676030716391187301e-06,1.742688119915017984e-06,1.812688380933217505e-06,1.808101117002450281e-06,1.881440364149681933e-06,1.958401745250512155e-06,1.953388659686525554e-06,2.033973145111870415e-06,2.118463014682014842e-06,2.206998261654239931e-06,2.201436549890992819e-06,2.294023886108184330e-06,2.390932092976621154e-06,2.384987615076911969e-06,2.486227114888505701e-06,2.592045922825325032e-06,2.702559874586582698e-06,2.696168761261928621e-06,2.811386878306616538e-06,2.931505855078347129e-06,2.924847769182066657e-06,3.049873292031502330e-06,3.179947598827832310e-06,3.173100046599188261e-06,3.308220124403074696e-06,3.448455125842881481e-06,3.593792220666315875e-06,3.586844393262668838e-06,3.737244696972421260e-06,3.892632636590700471e-06,3.885747704974539523e-06,4.046049500703509444e-06,4.211058226349795901e-06,4.380549159080047949e-06,4.373964840695079796e-06,4.547771705262061045e-06,4.725445462064805281e-06,4.719268774106834875e-06,4.900561810666921864e-06,5.084820754913564535e-06,5.157527106250152577e-06,5.266097789523915070e-06,5.454698449100798865e-06,5.644250983291784288e-06,5.639724393175591889e-06,5.829677673082366400e-06,6.018741811352590824e-06,6.015284603391424066e-06,6.202776677367619210e-06,6.387094865101451379e-06,6.566903839086807983e-06,6.565367079087647129e-06,6.739781845037064825e-06,6.906789679566472794e-06,6.907261477766728126e-06,7.065918615665007953e-06,7.213755081713900836e-06,7.348921092165971787e-06,7.353371298944262633e-06,7.475281330777566147e-06,7.580807991879880240e-06,7.589827869521880644e-06,7.678954282465209603e-06,7.748034077866552003e-06,7.763726360530420292e-06,7.813717902438128821e-06,7.840369405483862714e-06,7.842083682998123029e-06,7.871400245259418740e-06,7.851253166641723437e-06,7.804132228859660486e-06,7.848341189840352515e-06,7.779470933348998037e-06,7.683018457576510423e-06,7.559072594153055972e-06,7.630564218679599791e-06,7.487916770549780685e-06,7.320088929820948127e-06,7.417637162572679666e-06,7.236022779320647275e-06,7.033828340628466465e-06,6.747964066926285063e-06,6.951965348652924944e-06,6.728974608744229063e-06,6.496471625021548792e-06,6.665812315953259856e-06,6.438643313209848557e-06,6.211500209435197870e-06,6.409528367786887984e-06,6.195995498780083492e-06,5.992420990086125164e-06,5.804077959680264261e-06,6.028481025195254706e-06,5.863696726793777927e-06,5.721931859251492406e-06,5.951459193191754913e-06,5.834372225160184872e-06,5.744336182082999448e-06,5.682568359317807310e-06,5.892918600323978740e-06,5.849499783312382597e-06,5.830871200219532383e-06,6.005707711549518201e-06,5.993627295161217585e-06,5.998427198721533806e-06,6.121242794286582543e-06,6.118390812627423420e-06,6.122523659533356946e-06,6.129374297953487588e-06,6.164755058958149337e-06,6.146890391172627799e-06,6.146890391172627799e-06,6.124760132408262266e-06,6.089379371403600517e-06,6.037788222102733951e-06,5.979673507300466553e-06,5.915284591694756372e-06,5.792468996129707635e-06,5.703819092962528152e-06,5.612898288508471984e-06,5.438061777178486166e-06,5.332891752571030596e-06,5.231002077624261793e-06,5.020651836618090362e-06,4.915814539663671409e-06,4.819039452427818880e-06,4.730993380049677866e-06,4.501466046109415360e-06,4.422339623752847379e-06,4.353580443162683282e-06,4.129177377647693684e-06,4.074821304836844544e-06,4.030271108277810706e-06,3.994064409393996076e-06,3.796036251042304692e-06,3.775576092219200687e-06,3.760847973913405935e-06,3.591507282980376888e-06,3.591108335344764084e-06,3.593125062391350419e-06,3.428471808387846740e-06,3.468466584246340718e-06,3.480679030254800996e-06,3.490490267040668413e-06,3.392942020748848397e-06,3.408344145416367926e-06,3.418721350474295811e-06,3.347229588419410141e-06,3.359448405834941248e-06,3.364752243620378829e-06,3.362776667379668939e-06,3.318566416062000713e-06,3.314601304471794877e-06,3.302657819530193640e-06,3.273336828555301078e-06,3.257581374991811986e-06,3.233856228913614081e-06,3.202573801474580478e-06,3.186866345575408676e-06,3.151021481125649589e-06,3.108368651677446003e-06,3.099318349800683816e-06,3.052194139295029829e-06,2.999327580295140068e-06,2.994824669602486616e-06,2.938068029311502131e-06,2.876790940799302524e-06,2.811672577237552145e-06,2.811108659925996148e-06,2.743518507831729579e-06,2.673312951919964560e-06,2.674723180727842500e-06,2.602992405385512414e-06,2.529719769086943835e-06,2.455421102232826408e-06,2.458704182068108215e-06,2.384224174460058108e-06,2.309584307408644499e-06,2.313902990135547328e-06,2.239779159732299399e-06,2.166196580696790468e-06,2.125172959217081684e-06,2.098806618330565830e-06,2.027374350908255832e-06,1.957250643360179674e-06,1.963157994328256594e-06,1.894682070855663168e-06,1.827847661456857263e-06,1.834146099859591673e-06,1.769180491216783046e-06,1.706076412702045943e-06,1.644915764708981957e-06,1.651502382461524691e-06,1.592379797468477274e-06,1.535288958887657399e-06,1.541935905520574085e-06,1.486896004887433894e-06,1.433912033758427024e-06,1.382982546191763320e-06,1.389533632850024478e-06,1.340594894893886820e-06,1.293666212759309173e-06,1.300036053169723236e-06,1.255009865554457338e-06,1.211919567591868858e-06,1.218033999588156818e-06,1.176738985293673905e-06,1.137285494943793122e-06,1.099623595412484889e-06,1.105310730034134995e-06,1.069268898363574193e-06,1.034906764136955495e-06,1.040227703523489255e-06,1.007360663474199549e-06,9.760569817897341068e-07,9.462588543278307379e-07,9.510549183104964792e-07,9.225692456395092360e-07,8.954723599480438944e-07,8.998610365848942082e-07,8.739591502433598308e-07,8.493325181416075748e-07,8.494598155049051183e-07,8.297691597594727341e-07,8.073932612350792801e-07,7.861311715872808427e-07,7.895722343712978449e-07,7.692408178365606790e-07,7.499233113025902130e-07,7.529735239964578376e-07,7.344945579071587022e-07,7.169363088803260675e-07,7.002537789175065454e-07,7.028066824853539676e-07,6.868370658836777321e-07,6.716601538475852586e-07,6.738611286466129239e-07,6.593239023227321229e-07,6.455031356128220308e-07,6.468808029347581681e-07,6.341246998428077505e-07,6.215241682250753960e-07,6.095366882107569847e-07,6.109948302599701262e-07,5.994913742181190155e-07,5.885404010182821209e-07,5.897149945856409239e-07,5.791973267319215267e-07,5.691772148758801603e-07,5.596280508644627772e-07,5.604568617058082814e-07,5.512725263877698736e-07,5.425119465606620368e-07,5.431049779593009053e-07,5.346709951680954541e-07,5.266182076490824535e-07,5.189259138554275726e-07,5.192345971055448292e-07,5.118172106024156328e-07,5.047240221279478347e-07,5.048408232266547741e-07,4.979940471307016744e-07
7.103186580959451420e-07,7.088033309599414897e-07,7.264056178136915997e-07,7.460485787686969747e-07,7.444591947372523140e-07,7.638060990114997351e-07,7.851217619278166640e-07,8.063745434494747538e-07,8.047718796701624749e-07,8.271406560289443642e-07,8.512782511208473471e-07,8.496984486779903439e-07,8.743329939349874448e-07,9.005236656446804554e-07,9.275583628641546227e-07,9.261701211110189705e-07,9.547187367570502378e-07,9.843523458956635238e-07,9.831611795387204313e-07,1.014640424029146921e-06,1.046762727069616027e-06,1.081238749163892803e-06,1.080587777906223503e-06,1.115384029734149425e-06,1.153368253201519911e-06,1.153205843063085475e-06,1.193491526130757381e-06,1.232713361912399904e-06,1.233199594899841760e-06,1.277634188923182676e-06,1.320009369801259988e-06,1.368441763172877604e-06,1.370334718080465990e-06,1.421843157668327467e-06,1.469360048334357983e-06,1.472454437896148664e-06,1.529207264798111919e-06,1.580327274482265807e-06,1.641872941316766498e-06,1.647401493177883600e-06,1.702274885323824555e-06,1.769870589033244691e-06,1.777432654037407298e-06,1.849544808195408331e-06,1.910326615746469209e-06,1.920354285056880744e-06,1.999507988868199291e-06,2.064261187847890781e-06,2.149246531864367074e-06,2.163989205381141604e-06,2.254774366934865574e-06,2.325493134807609374e-06,2.344080698138461300e-06,2.443231773705694191e-06,2.517722863429100199e-06,2.623129584557842860e-06,2.648841792184633207e-06,2.761465091477577767e-06,2.841105551232141783e-06,2.872525260175225883e-06,2.994574968542234840e-06,3.077020425448141641e-06,3.115037423036619506e-06,3.246762997803628342e-06,3.331308319378555522e-06,3.468634121095138024e-06,3.518369611170481941e-06,3.664681671023780811e-06,3.750495758297627040e-06,3.809328877678346899e-06,3.965053365758443124e-06,4.050028203131729825e-06,4.209110392398305883e-06,4.283549917548834431e-06,4.452037197134112464e-06,4.532274082844363526e-06,4.618446638911291931e-06,4.793951164756909969e-06,4.868181505954145736e-06,5.042302940438402295e-06,5.147723647072474450e-06,5.213128494622922778e-06,5.389610752177117203e-06,5.508849696182403835e-06,5.692186492916199989e-06,5.737894709474428997e-06,5.871411456189411250e-06,6.052207275114526978e-06,6.080057469130920179e-06,6.247000625672729355e-06,6.401784897018868517e-06,6.569851676870024831e-06,6.562685132516897338e-06,6.731220962012207910e-06,6.884119068981845870e-06,6.848313368942310957e-06,6.974519298311208595e-06,7.161150306122164263e-06,7.278890206321693093e-06,7.192281440910569056e-06,7.389196129202343630e-06,7.475609821930297128e-06,7.351946316500685995e-06,7.557133388250640036e-06,7.606137641581942518e-06,7.444505044687921749e-06,7.450878945360102780e-06,7.662368676605165214e-06,7.644273244524361411e-06,7.426742335993729229e-06,7.640293178092915239e-06,7.575271654045459419e-06,7.327919055499308083e-06,7.221267407453176855e-06,7.430367048819980351e-06,7.293843597422115496e-06,7.015455005465337184e-06,7.221149806769824018e-06,7.046057737513405808e-06,6.765345695424498716e-06,6.569681125151989052e-06,6.763105073967341877e-06,6.495599720543911990e-06,6.285952470523586848e-06,6.473332525980793490e-06,6.249712017118267328e-06,6.026858920615680201e-06,6.207692769900691857e-06,5.994898357292325314e-06,5.821964914607557999e-06,5.642855015363826679e-06,5.809572568145382881e-06,5.640833072214311155e-06,5.553821173948220904e-06,5.711796089622508012e-06,5.588834479909331367e-06,5.558613471217561975e-06,5.488380608347416284e-06,5.628466996541916125e-06,5.579177638674374038e-06,5.613411441683467295e-06,5.732784360043926705e-06,5.718765820520732443e-06,5.767682681648662092e-06,5.856392743760898157e-06,5.857692846305689464e-06,5.896350193072330737e-06,5.903678619839422735e-06,5.938646111457318452e-06,5.933649748440499349e-06,5.929762484850417087e-06,5.929762484850417087e-06,5.914899277762683424e-06,5.880159643487777768e-06,5.827045784416485600e-06,5.771206848482862323e-06,5.695938696299648642e-06,5.623586140283777160e-06,5.507479124143915423e-06,5.397974614645070914e-06,5.305040620353313954e-06,5.150801978617670892e-06,5.024323464833568406e-06,4.926018357132463595e-06,4.746547027496156131e-06,4.648831865977808204e-06,4.532598765982452435e-06,4.452675984913327538e-06,4.258732998381393567e-06,4.164762751456469025e-06,4.105537596692336272e-06,3.912899499350644781e-06,3.863542331564080609e-06,3.815536275630293858e-06,3.788086741187575729e-06,3.606073495275963092e-06,3.592823146793381494e-06,3.585416263376345874e-06,3.417263654708522687e-06,3.415775249609296927e-06,3.443612815546569136e-06,3.290615712575430692e-06,3.300998966397874761e-06,3.351471801386493618e-06,3.364620446972947140e-06,3.228767146927707273e-06,3.293977699744017042e-06,3.306437307141823946e-06,3.183324052884831879e-06,3.192229209020426286e-06,3.261945151110146519e-06,3.261325023213808314e-06,3.151089084513375228e-06,3.218395409953065527e-06,3.207575993228101793e-06,3.106156694372866273e-06,3.089967727294569671e-06,3.143749193462037528e-06,3.113920340352369984e-06,3.022345164357277003e-06,3.065312331153429909e-06,3.024371319878846700e-06,2.939715174353498803e-06,2.970819378626531414e-06,2.919960901626349460e-06,2.841910702402825067e-06,2.788964500947803477e-06,2.802197184239413850e-06,2.739488046134880078e-06,2.670883398247123387e-06,2.673839037066780257e-06,2.606167840903033627e-06,2.544193763818304619e-06,2.477581863493955908e-06,2.467570975421983929e-06,2.395847914005141867e-06,2.343494038895176883e-06,2.326908177776807590e-06,2.254760874839437757e-06,2.208747215775497611e-06,2.139704518802137349e-06,2.115798909633338280e-06,2.075818222251242596e-06,2.008132540276702978e-06,1.981019576203610664e-06,1.912986877532279613e-06,1.881229808491488124e-06,1.851959005080515840e-06,1.787014965048210968e-06,1.760228703012148292e-06,1.699212637956318161e-06,1.668260095859171947e-06,1.608688281645671721e-06,1.588392369985865103e-06,1.557189987329795337e-06,1.501497590155143704e-06,1.484931273780174739e-06,1.432887202730991369e-06,1.402216235415694991e-06,1.352422987889325109e-06,1.340568811620092248e-06,1.310695632729638669e-06,1.264752334766451357e-06,1.255485622178126822e-06,1.226649329182439399e-06,1.184411411580775802e-06,1.177331190239895186e-06,1.137921319349378732e-06,1.110981326850330293e-06,1.073997294005701736e-06,1.069587459819014399e-06,1.044001280477721145e-06,1.010224517930972407e-06,1.007184312633646840e-06,9.756260496770122289e-07,9.521952517719773526e-07,9.228627296972824915e-07,9.214600190326377776e-07,8.994287168750734457e-07,8.727368623191648904e-07,8.721194717368054697e-07,8.471134722236593292e-07,8.271886113333040515e-07,8.271788894328809184e-07,8.044074507498310485e-07,7.857872679773271911e-07,7.648141952188152931e-07,7.655046849996121319e-07,7.481314879755643311e-07,7.290718457811415914e-07,7.300400645134290855e-07,7.120892609397492082e-07,6.965246172500960717e-07,6.800593871433038028e-07,6.813300275136188811e-07,6.668462981787999038e-07,6.518682260383435902e-07,6.532113439616828919e-07,6.390418658093900346e-07,6.261035497540946769e-07,6.274641923893222246e-07,6.145387890369928904e-07,6.025101267200039923e-07,5.906864908135388592e-07,5.920417966347245655e-07,5.808584461747090709e-07,5.700627345636901315e-07,5.713423486964034108e-07,5.610597861797076092e-07,5.510708642501996440e-07,5.416652124787317471e-07,5.428318572035189990e-07,5.335369582112208753e-07,5.249150045892936860e-07,5.259603471097326625e-07,5.177068394793187559e-07,5.093877623496873004e-07,5.018271445193113510e-07,5.027089014054167196e-07,4.949536563892289463e-07,4.879892352280711866e-07,4.887337169646076745e-07
6.928707744802995888e-07,7.114637620832021746e-07,7.297156707410902633e-07,7.281115905665506628e-07,7.482828533543144647e-07,7.683327349513305127e-07,7.893884380965886508e-07,7.885848608327510042e-07,8.106256316257893513e-07,8.337787787692687117e-07,8.322224050352666527e-07,8.569924670652837957e-07,8.824659633261698427e-07,9.092324015071214022e-07,9.078723281345745998e-07,9.359108810645890024e-07,9.653762968836291016e-07,9.642536396192326349e-07,9.946200450410533043e-07,1.027064489462035209e-06,1.061160469315012574e-06,1.059148607586225978e-06,1.094877249770776101e-06,1.132422484115375188e-06,1.130103105751335934e-06,1.169447218732373008e-06,1.210786070848492586e-06,1.211408092587289533e-06,1.251461323465701883e-06,1.296964888652270570e-06,1.344755525586781808e-06,1.341661829387014570e-06,1.391727663319050446e-06,1.444290500913947423e-06,1.447554637250134124e-06,1.495897161934009168e-06,1.553666339054268153e-06,1.614268071621696196e-06,1.610347193165374341e-06,1.673778095233481689e-06,1.740275537096282209e-06,1.735996977083901075e-06,1.805561585097088407e-06,1.878431487388758967e-06,1.888609688662653993e-06,1.949982152824147407e-06,2.029706438915949326e-06,2.113091281077431271e-06,2.108018415680030628e-06,2.195073034251814606e-06,2.286014450307599925e-06,2.304628787069640354e-06,2.375479660445088997e-06,2.474413333051436453e-06,2.577530421191005947e-06,2.571815279880343508e-06,2.679124480458674876e-06,2.790770696277813709e-06,2.821925968249426006e-06,2.900850923161784986e-06,3.021273555019067221e-06,3.058844532756889598e-06,3.140096295611149538e-06,3.269406128190076928e-06,3.403142987953315943e-06,3.397082810741235308e-06,3.535206538355160330e-06,3.677616632820781210e-06,3.735319679167706984e-06,3.818274628547415593e-06,3.968897159125104002e-06,4.123302064930212270e-06,4.117643398668476134e-06,4.275674712138074156e-06,4.436911956884739034e-06,4.520881434459271833e-06,4.595848430056899258e-06,4.762450940698957242e-06,4.930918319205226496e-06,4.926363490193715035e-06,5.096320356647595186e-06,5.266881108719548559e-06,5.263052360945710207e-06,5.433732659511950263e-06,5.603416595687295829e-06,5.732564281503158210e-06,5.768597004316582650e-06,5.933733130511765602e-06,6.094772994066971238e-06,6.093480001621224933e-06,6.249666247145483543e-06,6.399303167009912008e-06,6.561696592163270391e-06,6.541969865394190137e-06,6.674825370739331379e-06,6.796704956676955778e-06,6.800383968826865528e-06,6.910778390179298806e-06,7.007084664261136512e-06,7.196294092303077905e-06,7.096677995084213786e-06,7.161676168932675945e-06,7.358617328570575277e-06,7.223103598160004586e-06,7.251698306632717472e-06,7.258962586664282090e-06,7.282902967668388235e-06,7.271253547402388402e-06,7.236443951679411643e-06,7.440813566835818503e-06,7.218675517075365644e-06,7.140974573047820824e-06,7.039316176730844495e-06,7.097704506633611848e-06,6.979168152497845850e-06,6.838230854658253367e-06,7.034183720756268021e-06,6.764206254433745663e-06,6.591153263092014109e-06,6.401333576262231927e-06,6.515578297734294845e-06,6.320966463907296928e-06,6.115793624436547775e-06,6.257770916071548442e-06,6.054914130181834733e-06,5.849119841692336687e-06,6.020373825280905151e-06,5.821475109525864629e-06,5.630529014378143596e-06,5.449430761568464948e-06,5.646096819902981626e-06,5.483982006897277757e-06,5.339073279935512738e-06,5.490262822014921123e-06,5.422876964251934779e-06,5.321632092554175494e-06,5.244487584819153067e-06,5.445357214753707284e-06,5.387604965374713823e-06,5.353239756024435689e-06,5.473660798731648520e-06,5.508672797602935610e-06,5.504277391984047102e-06,5.599321652676094173e-06,5.640806974081106315e-06,5.647460861754010029e-06,5.661306894417373928e-06,5.732558548744594426e-06,5.730040982502138064e-06,5.726871842596921370e-06,5.729844370920726069e-06,5.729844370920726069e-06,5.709860971897931308e-06,5.677047608674017926e-06,5.637794012141233773e-06,5.566542357814013275e-06,5.501582190251673775e-06,5.431349917715904316e-06,5.339118095171347505e-06,5.216218765427263237e-06,5.125086907784303705e-06,5.011051335665852117e-06,4.856012678816314667e-06,4.758172039647042891e-06,4.665431776510186908e-06,4.464562146575632691e-06,4.373896252083563314e-06,4.291608125735428158e-06,4.195174646448092092e-06,4.010683710467025991e-06,3.947453657394803570e-06,3.893299842920430593e-06,3.696633784585913915e-06,3.656419462515548219e-06,3.624174252675248894e-06,3.599588399941191429e-06,3.429883588909400987e-06,3.418005663160436123e-06,3.410252658385525551e-06,3.268275366743234472e-06,3.272428999551835245e-06,3.277824033734617723e-06,3.163579311792470154e-06,3.177851782179132960e-06,3.190536724199992111e-06,3.247495875531317299e-06,3.120524768230512901e-06,3.134563506811955610e-06,3.143819933597818138e-06,3.085431419654788947e-06,3.095609632223832115e-06,3.099542847478437062e-06,3.165161480447363650e-06,3.060931909052007628e-06,3.056228912172983942e-06,3.044540864259343947e-06,3.020596032618569038e-06,3.005342718150521993e-06,2.983180205939873858e-06,3.029031021965340061e-06,2.941588403464489464e-06,2.908800356107756165e-06,2.943759305563915742e-06,2.862672882204213525e-06,2.820048903909649587e-06,2.772451784291855936e-06,2.768726652993941464e-06,2.717695558965436742e-06,2.662724431392755774e-06,2.670005977922068455e-06,2.603919661791629608e-06,2.543358357151422493e-06,2.480465933875083072e-06,2.481651100896569509e-06,2.417346593084645332e-06,2.351622916452584712e-06,2.338412320365290302e-06,2.287687015036934598e-06,2.220728105025294484e-06,2.153536932448926549e-06,2.157189145762994763e-06,2.090350992915707440e-06,2.023892605673425895e-06,2.028245063093435786e-06,1.962629383430766259e-06,1.897874248734334834e-06,1.870332177404051076e-06,1.839230731649830433e-06,1.776910334013077859e-06,1.715958541152777661e-06,1.721371416381712449e-06,1.662004220472075802e-06,1.604215189053770041e-06,1.573873562587556793e-06,1.553791512391013461e-06,1.499422967062035825e-06,1.446807999070385649e-06,1.452605717358663353e-06,1.401783017213626350e-06,1.352752019939764955e-06,1.323179807857769945e-06,1.311287922375660241e-06,1.265819106341768769e-06,1.237136356765058729e-06,1.227775603310734498e-06,1.185780464700088834e-06,1.145506634741572062e-06,1.150974357552584513e-06,1.112316956877600056e-06,1.075308420001577755e-06,1.049626352069944974e-06,1.045051642128076336e-06,1.011127286898400655e-06,9.787216855963574007e-07,9.835749411838080974e-07,9.525391345244949375e-07,9.229254163416979227e-07,9.006832397086300791e-07,8.991144027546845872e-07,8.720883681237847912e-07,8.463365753535042874e-07,8.504299121677721575e-07,8.257897995453847653e-07,8.023259760314561828e-07,8.060771157018147526e-07,7.836273224945238906e-07,7.622589845150881118e-07,7.446432521315977060e-07,7.452212049367135386e-07,7.257656820434688043e-07,7.072570702765133835e-07,7.102168372505878985e-07,6.925025124388187000e-07,6.756519202793814513e-07,6.609470847621443734e-07,6.621527920498336481e-07,6.468058217478377005e-07,6.322074258132549650e-07,6.344263959511903086e-07,6.204406248389923839e-07,6.071341105508056642e-07,6.090588767584551399e-07,5.963035838669701837e-07,5.841637503437246551e-07,5.728131836018738828e-07,5.741659163865934281e-07,5.630786015601161446e-07,5.525200034654124549e-07,5.538211978914265989e-07,5.436826399961592380e-07,5.340217944793293369e-07,5.246009578932038693e-07,5.257998305769333330e-07,5.169473046194897694e-07,5.085036302045158070e-07,5.092724197990207312e-07,5.011474571631148793e-07,4.933913101798206878e-07,4.855484234935445524e-07,4.864890983345704646e-07,4.793515079443981949e-07,4.720411698089278358e-07
6.960490474590821427e-07,7.141417801980402331e-07,7.135300313035413679e-07,7.324581630520410051e-07,7.523310225337946203e-07,7.738139125511931064e-07,7.723207717785870346e-07,7.941630256115946077e-07,8.174403158214229299e-07,8.160092506050037564e-07,8.400290467011227529e-07,8.652614282887984762e-07,8.915412656766509308e-07,8.903599180205502439e-07,9.181231557490767384e-07,9.465708170086265913e-07,9.456289977968798543e-07,9.761844299756314175e-07,1.008286776966506563e-06,1.040332114896199019e-06,1.039987423235490836e-06,1.075320659426907548e-06,1.109941036700675551e-06,1.110123289745684459e-06,1.149008874275470290e-06,1.186369618530784401e-06,1.187234090696014210e-06,1.230018630605636927e-06,1.274943126947696477e-06,1.316771753421017896e-06,1.319069130457230118e-06,1.368460567137515910e-06,1.413425599260657549e-06,1.416930969516431902e-06,1.471196122859660838e-06,1.528112145594566031e-06,1.578087900405832461e-06,1.583990372764638463e-06,1.646427989559891972e-06,1.699840461591394947e-06,1.707724543378352846e-06,1.776133925734797224e-06,1.833049281544444832e-06,1.843311102202784803e-06,1.918149787516804211e-06,1.996424006405594215e-06,2.058659332526746230e-06,2.073403419112960458e-06,2.158780981008846753e-06,2.224442274666598488e-06,2.242808175706399698e-06,2.335714523813502927e-06,2.432569022981913074e-06,2.503054670176061208e-06,2.528051507901893944e-06,2.632978360831837060e-06,2.706247791286464700e-06,2.736510559839391705e-06,2.849781068453947563e-06,2.967303817436776487e-06,2.961645294242996735e-06,3.083416355459775120e-06,3.209449073798742072e-06,3.287123358859746562e-06,3.334046284961569530e-06,3.468492384209280901e-06,3.546360234940017685e-06,3.601460770870386437e-06,3.743990888736740412e-06,3.890310367325373162e-06,3.965949980130072968e-06,4.034955173024343973e-06,4.188271254675970731e-06,4.260333008343463376e-06,4.339712630627991502e-06,4.498826068173337811e-06,4.660155458928369996e-06,4.722720777946325530e-06,4.818995094193353201e-06,4.983383123049743160e-06,5.036419731159084084e-06,5.144746318884109848e-06,5.309664850706718059e-06,5.350148623251726878e-06,5.470874320007509390e-06,5.633158236662901781e-06,5.792542879640635822e-06,5.807632440995264595e-06,5.946759729090052623e-06,6.097449492089918284e-06,6.091181636213102582e-06,6.242181040127227706e-06,6.379467110836306110e-06,6.507718541464949716e-06,6.462163419478463618e-06,6.628819480719289686e-06,6.735544660272255808e-06,6.659976883537222044e-06,6.835571870819217296e-06,6.915275195776506027e-06,6.978598591845987767e-06,6.990278207133728766e-06,7.037803623875185671e-06,7.066273759672785355e-06,6.907369570528596496e-06,7.096056810303106873e-06,7.085904371985520369e-06,6.895422789455223093e-06,7.086206853153801909e-06,7.035414576200899223e-06,6.961678116406937929e-06,6.730024633166593420e-06,6.917727275576942735e-06,6.804232860570609873e-06,6.556273889282580206e-06,6.741549514227466883e-06,6.593043377272826278e-06,6.425828045726724137e-06,6.170390959357437908e-06,6.346013228745835396e-06,6.156542759601702606e-06,5.915084409810769776e-06,6.086126256171916780e-06,5.886878513808407189e-06,5.673149087842316481e-06,5.839315681189606382e-06,5.644434614232215037e-06,5.453637811582219760e-06,5.299979466363534600e-06,5.454841016927072035e-06,5.290207128512930329e-06,5.188483680751251783e-06,5.337160256729652124e-06,5.209208357850214998e-06,5.102153974096593255e-06,5.077289570856477087e-06,5.212714731163500492e-06,5.149098726711142818e-06,5.165159113174243493e-06,5.286134676925700380e-06,5.259442521178833614e-06,5.252186124140949185e-06,5.398207190700664251e-06,5.394534517026703917e-06,5.403435153075917601e-06,5.448793719302946429e-06,5.506309442063049174e-06,5.511909881393995112e-06,5.532167315651727763e-06,5.547966929357128432e-06,5.533596273495048597e-06,5.533596273495048597e-06,5.515081712139901552e-06,5.484072177679513455e-06,5.442484172442967481e-06,5.393200804451390042e-06,5.316985088733839054e-06,5.236337803753302155e-06,5.160436234852859378e-06,5.081950118220486388e-06,4.935929051660771322e-06,4.844355899770945621e-06,4.754707737314263610e-06,4.600106463381124649e-06,4.483663715366587110e-06,4.396112260941765259e-06,4.225523564190119046e-06,4.118355138408352816e-06,4.043870649509271874e-06,3.978097881175670732e-06,3.801323575195613788e-06,3.727761149751519509e-06,3.682140739039940935e-06,3.510169379383528752e-06,3.466751229508848692e-06,3.442411860412237485e-06,3.424134496717041925e-06,3.264317921392603503e-06,3.263304527184778294e-06,3.261503182380433762e-06,3.114879537725298872e-06,3.140528649171958588e-06,3.150278813324276663e-06,3.017226869051019386e-06,3.063732290743523848e-06,3.079299829539238128e-06,3.091895110302371534e-06,2.973682453352312542e-06,3.035108746332537646e-06,3.045979375713336815e-06,2.938503391527793456e-06,3.004282184373619815e-06,3.009231334526737473e-06,3.007766362227268235e-06,2.911081550834896821e-06,2.971220696363180765e-06,2.960481487624554388e-06,2.871151495655776773e-06,2.924362621372238522e-06,2.903240402110391076e-06,2.875791758949938155e-06,2.864098564670087033e-06,2.832581938251619302e-06,2.795398676156584859e-06,2.720229159453932811e-06,2.747547657875543157e-06,2.701693722966206456e-06,2.632152445336287059e-06,2.649087362010358656e-06,2.596082484586740571e-06,2.539827740314571156e-06,2.478383863270196177e-06,2.480968684865079783e-06,2.420272255497330505e-06,2.364525573976111338e-06,2.359262450607006638e-06,2.295773170674195432e-06,2.231311781219725418e-06,2.183869578806718346e-06,2.169101005840121430e-06,2.104088572305052508e-06,2.062145599126883467e-06,2.042733917982355404e-06,1.978345184495666505e-06,1.941662520831400497e-06,1.918741290426259598e-06,1.855914535987489208e-06,1.794076065183542724e-06,1.764616567492413573e-06,1.738196087325998451e-06,1.678930760640023724e-06,1.653875572591448447e-06,1.626185796023453630e-06,1.569912707674087063e-06,1.515213304504135688e-06,1.495959500158773146e-06,1.467509455758028867e-06,1.416161770490430288e-06,1.400278877330739359e-06,1.371947747416929555e-06,1.324031064672498182e-06,1.277837355577095141e-06,1.283250883222367834e-06,1.238756623827657269e-06,1.195967133674488270e-06,1.186778140621002966e-06,1.160143338133574128e-06,1.120655983161596116e-06,1.113511188318467598e-06,1.087904647157330457e-06,1.051577904450250439e-06,1.016808121082160367e-06,1.012186246387248747e-06,9.883602098782155201e-07,9.564988687607389165e-07,9.531966047518527036e-07,9.306051737429004700e-07,9.014628923084736587e-07,8.736565909526377007e-07,8.719505057370475204e-07,8.512896649735504406e-07,8.259146625030290834e-07,8.249963555496831447e-07,8.055770545568943563e-07,7.824420600287265057e-07,7.821463875591116475e-07,7.639383331238599717e-07,7.428586369748005597e-07,7.227922709175329864e-07,7.232259725553546089e-07,7.068063981550348465e-07,6.885342461142369866e-07,6.892783498803052834e-07,6.739515012918909038e-07,6.573124335983490890e-07,6.414825210594165393e-07,6.425753937893794293e-07,6.288291155285454547e-07,6.144096444885574201e-07,6.156122256228596056e-07,6.028116349091031319e-07,5.896691709410166714e-07,5.909258311286497225e-07,5.790114967164988918e-07,5.670236042408740433e-07,5.556127494413679077e-07,5.569112899265757922e-07,5.462579314123798248e-07,5.358351021320082646e-07,5.370905781410766521e-07,5.271781028184747916e-07,5.176461052388991698e-07,5.085624418675360246e-07,5.097458244198356530e-07,5.008801687380835426e-07,4.925558490013883813e-07,4.936445880795752367e-07,4.853888378931996283e-07,4.777481541446341318e-07,4.704539886899383470e-07,4.710392543584748336e-07,4.640139402310320306e-07
7.001335033235719442e-07,6.986038742812298075e-07,7.173730452134739603e-07,7.377259253194132297e-07,7.582935025445428115e-07,7.568219732069005892e-07,7.788706506484049000e-07,8.014553565110009150e-07,8.000612359486147089e-07,8.239411200137904817e-07,8.487502989845275132e-07,8.747937426139820312e-07,8.736720448726749810e-07,9.006073855382288811e-07,9.292248969915797856e-07,9.283598790185195488e-07,9.574957041898643655e-07,9.889443812966340320e-07,1.021955371035569366e-06,1.021710839738836487e-06,1.054484982506792064e-06,1.090755249591215847e-06,1.091054372717758881e-06,1.126424109188093434e-06,1.166265048705772849e-06,1.167261959286593383e-06,1.205384728013174760e-06,1.249129662732029650e-06,1.295007554107545201e-06,1.297452558530800955e-06,1.340038834625639426e-06,1.390360791824659235e-06,1.394021656456888629e-06,1.439725128124413944e-06,1.494873557881742641e-06,1.552633672447697074e-06,1.558687883362328282e-06,1.609332339391519685e-06,1.672518386159167092e-06,1.680544377183834718e-06,1.734551271963483284e-06,1.803572579705862341e-06,1.813955417043088854e-06,1.871360612108990105e-06,1.946625494165641602e-06,2.025205104754175255e-06,2.040006071241675496e-06,2.102495865489200830e-06,2.187900600887628593e-06,2.206260462462752621e-06,2.271967033433932615e-06,2.364547411201422012e-06,2.460859946738601497e-06,2.485705427002822390e-06,2.555807086505487483e-06,2.659703368902734749e-06,2.689683687753264350e-06,2.762206852692021972e-06,2.873852056377983227e-06,2.909704595645313011e-06,3.028483100327457001e-06,3.103513507395282739e-06,3.226794118953966847e-06,3.272934170108441081e-06,3.348591379385861805e-06,3.479370844541938242e-06,3.533408463074321440e-06,3.608593171671948230e-06,3.746396313203196748e-06,3.887396993354810071e-06,3.954820067167474373e-06,4.026575417868669338e-06,4.173287851588936505e-06,4.250669808121221827e-06,4.317927628951311641e-06,4.469007773693160136e-06,4.621537799301809836e-06,4.715095446641790690e-06,4.771301574475610219e-06,4.925280621888319019e-06,5.030348830881996171e-06,5.075917400427873172e-06,5.228742575901653421e-06,5.345631474969248516e-06,5.377523220867197124e-06,5.526015051382295378e-06,5.670777694058878703e-06,5.805181487427955979e-06,5.810066560567662318e-06,5.944629470472665750e-06,6.090308531921039570e-06,6.072996812089326402e-06,6.192790472419543445e-06,6.303019291444066590e-06,6.463547912738576500e-06,6.406293560460140812e-06,6.494320607398146692e-06,6.663287430594920096e-06,6.576228179326791740e-06,6.637192470582741472e-06,6.812962078708761286e-06,6.859498274970266519e-06,6.724063540409785232e-06,6.735250382530484372e-06,6.916388492028936913e-06,6.749646914904700077e-06,6.724399872367940002e-06,6.907291204427205924e-06,6.712028812566546645e-06,6.649352964108417120e-06,6.565748712559257924e-06,6.745314988076719351e-06,6.514839869739583818e-06,6.396127260543291850e-06,6.572961710138429555e-06,6.330987521712911184e-06,6.182574387858661279e-06,6.018415669734464632e-06,6.185503334480399743e-06,5.943393179912670862e-06,5.762590390785605031e-06,5.924924935013638230e-06,5.700987052995713664e-06,5.515495592225487860e-06,5.672992859616551232e-06,5.479628576626052555e-06,5.302469661232823530e-06,5.131096073745002254e-06,5.277982163166667181e-06,5.145934817991288296e-06,5.002022129700275853e-06,5.143803862250768785e-06,5.061215475672391956e-06,4.953185158670794207e-06,4.865048401362023292e-06,4.996083928377948267e-06,4.983243467795727543e-06,4.934959683909526768e-06,5.054694228684948844e-06,5.075543096973098972e-06,5.059772087018955218e-06,5.161411647550131639e-06,5.156731710993091228e-06,5.201844716364567116e-06,5.215407100120613252e-06,5.282082134073877783e-06,5.316108892213802424e-06,5.324087421536494138e-06,5.353585876504157279e-06,5.359704306168957516e-06,5.347064291617762488e-06,5.347064291617762488e-06,5.329813925961425378e-06,5.305490738531942971e-06,5.261086486026023196e-06,5.213695549640184537e-06,5.150273503504770407e-06,5.064465385487474735e-06,4.990823898973549822e-06,4.897548849499391751e-06,4.816741525245293698e-06,4.686609224759901792e-06,4.598022909176139495e-06,4.489641578891829999e-06,4.336996593219253599e-06,4.249056305223835976e-06,4.144317921711590226e-06,3.979709446225818085e-06,3.903119640285409489e-06,3.834634167024766027e-06,3.756643756695131214e-06,3.589273258176919631e-06,3.539766155593314942e-06,3.488172076186661332e-06,3.326823288724743674e-06,3.298052175186981329e-06,3.275658702514672195e-06,3.264161693166887382e-06,3.115110266933837531e-06,3.109713887984091066e-06,3.124720062938829777e-06,2.988141081664141248e-06,2.995417676612806213e-06,3.032339244702525967e-06,2.908230094665042055e-06,2.922874703141265012e-06,2.935559553966959290e-06,2.990370295946574268e-06,2.879562058901590907e-06,2.892261847287706191e-06,2.953793913126973457e-06,2.852561732569491277e-06,2.861009646044463996e-06,2.863823835995177917e-06,2.922951251827192143e-06,2.831288758574413260e-06,2.826096852922864363e-06,2.880174558982644833e-06,2.795105693232924253e-06,2.780456811982923743e-06,2.826610286929330677e-06,2.800315188217893018e-06,2.722792451288879993e-06,2.692763167245151009e-06,2.723568205783863165e-06,2.651444805012337396e-06,2.612790875379489643e-06,2.633588200667465399e-06,2.566707020597032419e-06,2.520673346919568130e-06,2.471185671476123527e-06,2.477606780803765056e-06,2.418342471472389644e-06,2.363880547201509338e-06,2.362214889587124832e-06,2.308332029472808311e-06,2.250475687945379710e-06,2.191312015133481966e-06,2.179563768125005678e-06,2.133559011215538824e-06,2.073156837955034655e-06,2.056345974330816150e-06,2.015570972782419548e-06,1.955111080952463656e-06,1.934371665368639413e-06,1.898611896547058215e-06,1.839066141329665429e-06,1.780200776190137908e-06,1.755373405362116900e-06,1.726523681619312523e-06,1.669662979702569298e-06,1.643228294904977766e-06,1.618606272208732783e-06,1.564232881439803376e-06,1.511199601110675404e-06,1.483568706978644775e-06,1.464536117238014730e-06,1.414445907710378096e-06,1.386704076602449601e-06,1.370933723637782259e-06,1.323927685203124950e-06,1.296470517694062487e-06,1.251293288766689959e-06,1.239700786005776403e-06,1.197399368734680378e-06,1.170931129450535378e-06,1.161677652576068447e-06,1.122463368792562318e-06,1.096913017443443697e-06,1.089665779416748234e-06,1.053439656564198705e-06,1.018691286715957594e-06,9.947915447897949261e-07,9.900305371873988076e-07,9.580715542943529766e-07,9.353508625293175836e-07,9.319012822874549426e-07,9.025710943271686062e-07,8.745350401789664168e-07,8.536832340092755769e-07,8.518268746984763000e-07,8.261668975224667690e-07,8.065356181238310890e-07,8.054753181276334590e-07,7.820181316152196243e-07,7.635862168136335466e-07,7.631605630462978051e-07,7.417360550783825824e-07,7.213139555525256184e-07,7.046620459876664279e-07,7.049840898360284145e-07,6.863506792932252599e-07,6.707955024013707842e-07,6.714447650152923421e-07,6.544470044982822438e-07,6.382591319440253898e-07,6.242949243644692858e-07,6.253155103933249455e-07,6.105497646284804627e-07,5.975431843515872282e-07,5.986907469728639026e-07,5.852175887447147362e-07,5.731106897332653971e-07,5.743289376857500295e-07,5.620286591400360034e-07,5.503136488225970068e-07,5.394887217890623710e-07,5.407697559203485745e-07,5.300637775577571264e-07,5.199949339084349351e-07,5.212472534858563781e-07,5.114537901327048381e-07,5.021186254602678972e-07,4.931191024236480113e-07,4.943169473714894186e-07,4.857631148408259925e-07,4.773882469083907487e-07,4.785029804511506723e-07,4.706543252730255739e-07,4.628570699477026664e-07,4.556665871883172458e-07,4.566642925705057200e-07
6.843729922136262958e-07,7.036667697991274963e-07,7.231006087704349026e-07,7.434910092659018035e-07,7.424974884933307074e-07,7.638279999336578672e-07,7.862120317537819314e-07,7.850205231002005192e-07,8.084416909668802687e-07,8.330221363162337654e-07,8.583090675451542872e-07,8.573435239349973660e-07,8.843415221946587643e-07,9.126756590584908741e-07,9.109727712443906614e-07,9.406287767611064639e-07,9.717506151783070632e-07,1.002429410662747682e-06,1.002382825936780731e-06,1.036563060785809401e-06,1.072423248409951817e-06,1.070144512546042153e-06,1.107674606978001391e-06,1.147039673818192757e-06,1.144497622933149795e-06,1.185689807805599814e-06,1.228881861840884498e-06,1.268594192843703385e-06,1.271255868720210525e-06,1.318616622107308606e-06,1.368241730544308087e-06,1.365061109297953919e-06,1.416950181160340121e-06,1.471289227426690296e-06,1.518411168570501258e-06,1.524623944653966414e-06,1.584057105546724766e-06,1.646227481980108665e-06,1.642407822209641437e-06,1.707323548692614630e-06,1.775169719508988576e-06,1.771090445185665637e-06,1.841878693513622353e-06,1.915787017335096990e-06,1.973840143753321551e-06,1.988508615699308828e-06,2.068852139297910305e-06,2.152578683691117696e-06,2.147973933297098298e-06,2.235098853182608833e-06,2.325758240367680866e-06,2.390950578828267499e-06,2.415190248203374268e-06,2.513053137961795606e-06,2.614611851774459828e-06,2.609678483261013794e-06,2.714937061008057100e-06,2.823939069928028280e-06,2.818954498551011381e-06,2.931693062582461206e-06,3.048154241281176630e-06,3.168291617316512276e-06,3.163345821113943237e-06,3.287118800043241724e-06,3.414405647360833202e-06,3.409580808778834283e-06,3.540310024865161732e-06,3.674266622276661674e-06,3.742677409736748700e-06,3.806720591574025080e-06,3.946580333340576023e-06,4.088938711514682062e-06,4.084746867078829025e-06,4.229397762149419830e-06,4.375825682563572824e-06,4.431871771798810579e-06,4.519995070652410225e-06,4.668748911588790337e-06,4.817757729866256502e-06,4.814760101506880660e-06,4.963607418741347607e-06,5.111372912633096021e-06,5.109101505538193495e-06,5.255282342914854033e-06,5.398765344891375493e-06,5.412132050020268898e-06,5.537618162920987984e-06,5.673217247221596254e-06,5.803205503565920429e-06,5.803493634175542486e-06,5.927192023923995365e-06,6.042963396465259302e-06,6.002967245896463710e-06,6.152358123746471061e-06,6.249338263969477515e-06,6.334656637691801272e-06,6.340262216987391643e-06,6.413791190417013719e-06,6.473179575534701664e-06,6.482834808790421560e-06,6.528517834265353765e-06,6.557776443831277622e-06,6.569484668819773971e-06,6.587329297419137621e-06,6.583152126368780470e-06,6.559824096897015959e-06,6.586627206583445163e-06,6.547094566842324659e-06,6.487607784914234647e-06,6.282541377802585793e-06,6.451417484387007739e-06,6.356773810382137572e-06,6.242826651998787349e-06,6.302656920100243202e-06,6.176346169183139250e-06,6.032957858409706346e-06,5.801013116230267346e-06,5.960494819927568724e-06,5.795242081286001187e-06,5.618857847257437646e-06,5.727888947575653404e-06,5.550758207723979372e-06,5.368184223519872146e-06,5.500208479725275591e-06,5.322855733056997415e-06,5.146561019478969325e-06,4.991056983145941104e-06,5.134329662588776350e-06,4.976562639121606429e-06,4.829960490720913934e-06,5.003894055164031101e-06,4.874874282185564799e-06,4.762264018866205372e-06,4.719307834285612848e-06,4.848391120550062355e-06,4.773794812460735272e-06,4.719686586437666307e-06,4.891137639239312550e-06,4.852290295018366380e-06,4.832378792674411692e-06,4.983036156591085693e-06,4.971139634268126717e-06,4.973629513824318834e-06,4.987986000112798922e-06,5.092642197344875210e-06,5.101649392902404355e-06,5.115557420745977583e-06,5.174850056061512681e-06,5.174156691238734613e-06,5.172182148344133650e-06,5.169624202369857718e-06,5.169624202369857718e-06,5.158116242263809312e-06,5.130438426431997274e-06,5.096981240576006329e-06,5.037688605260471230e-06,4.982340329636462039e-06,4.922108612226985522e-06,4.817452414994909234e-06,4.739982531342741493e-06,4.660847618354600243e-06,4.581435983753249951e-06,4.430778619836575949e-06,4.344125846377305316e-06,4.261104174230841737e-06,4.089653121429195494e-06,4.007068912706573733e-06,3.931127050105339575e-06,3.771805728279706014e-06,3.682038991874096656e-06,3.621067673218463655e-06,3.567989191079477782e-06,3.394055626636361462e-06,3.352364255165975166e-06,3.318094886744030271e-06,3.165215884106731460e-06,3.137046294447206502e-06,3.121285940289478918e-06,3.110177441340425191e-06,2.978153185134506750e-06,2.978071643624702961e-06,2.980361919145858134e-06,2.871330818774268290e-06,2.882463093931659785e-06,2.893568251292457022e-06,2.777511672039049567e-06,2.824235391299304756e-06,2.839156631620912183e-06,2.851042422498510060e-06,2.791212111698415986e-06,2.805238504617446961e-06,2.814694167453903399e-06,2.720435764617546694e-06,2.780444817995995482e-06,2.784067758167163952e-06,2.781974188409522398e-06,2.755169511240804631e-06,2.750630300597327830e-06,2.740105853103699049e-06,2.722256851916274964e-06,2.708324529986698846e-06,2.688562753603433752e-06,2.663288422535655709e-06,2.653620648103296339e-06,2.624707265622075006e-06,2.590862132567789801e-06,2.585233440498424263e-06,2.547939384362096340e-06,2.506472094573420390e-06,2.444262907857156534e-06,2.459197020635347861e-06,2.411421057614217841e-06,2.360776262405290006e-06,2.360424861813326714e-06,2.307813031289495215e-06,2.253176405671727348e-06,2.202860723960871683e-06,2.198163745185131403e-06,2.140950187066418984e-06,2.082815845234965643e-06,2.084970875427563027e-06,2.026500042009150009e-06,1.967727158410781193e-06,1.970585772708606463e-06,1.911991692854567312e-06,1.853610402443877837e-06,1.819889411651612659e-06,1.799255872682865349e-06,1.742100633935723526e-06,1.685746031256924170e-06,1.689754694260304535e-06,1.634471010738289225e-06,1.580261208350266154e-06,1.556816746069375852e-06,1.531653009226147411e-06,1.479983899674246647e-06,1.429660418812103253e-06,1.434276118771676187e-06,1.385407291564354530e-06,1.337984000851282007e-06,1.342715574669757667e-06,1.296794331111677583e-06,1.252369681497053430e-06,1.209455884915049564e-06,1.214224634279875307e-06,1.172817472280706379e-06,1.132917116582563668e-06,1.137636900751058125e-06,1.099205137224689567e-06,1.062250206695940036e-06,1.055093122952505598e-06,1.031321823044606921e-06,9.972060103610022120e-07,9.644902114905392266e-07,9.688956161815347572e-07,9.374861187408227043e-07,9.074086951719679920e-07,9.038929648436060980e-07,8.827624908943059928e-07,8.551666029305001655e-07,8.287899048834807959e-07,8.326925831889953645e-07,8.074149125561581067e-07,7.832764388830532941e-07,7.869307416931186509e-07,7.638064615116868150e-07,7.417411047578739990e-07,7.411825017383181115e-07,7.240030334149812025e-07,7.038494749704279036e-07,6.846373474027980804e-07,6.876802763482525368e-07,6.692832203124418692e-07,6.517524856825114723e-07,6.522764808173782224e-07,6.377426179391629827e-07,6.217491425817118177e-07,6.065159254800513656e-07,6.089479284210796769e-07,5.943564731275900026e-07,5.804598425644064353e-07,5.826399296569621836e-07,5.693244759799689969e-07,5.566427692012519837e-07,5.577785898062792533e-07,5.464236309522813746e-07,5.348444714816195549e-07,5.238150060182719608e-07,5.254441741032867997e-07,5.148642208890577999e-07,5.047836313901348394e-07,5.059886256308147991e-07,4.965197087705203037e-07,4.872974142715749811e-07,4.785059253904407397e-07,4.796458524339975781e-07,4.711992858238452990e-07,4.631430419004722790e-07,4.640935521578549552e-07,4.563476415076216564e-07,4.489551298872375022e-07,4.415860698647745353e-07
6.892730089602445486e-07,7.091497219113627316e-07,7.296609843754197257e-07,7.283311947601169389e-07,7.494810866517935277e-07,7.716629711853820477e-07,7.704440993934877282e-07,7.936592551895365641e-07,8.176373382466241641e-07,8.429766917249778910e-07,8.420779763937719559e-07,8.679828053607463343e-07,8.957751212507105570e-07,8.951669229161940274e-07,9.245278931558117778e-07,9.536140251654626087e-07,9.855719153031537422e-07,9.856264887869440967e-07,1.016981801423125687e-06,1.052017610049722084e-06,1.052642566534677185e-06,1.089742142081921113e-06,1.124799557744519297e-06,1.126143066104992330e-06,1.166834668617967252e-06,1.204499627561501413e-06,1.248541454319733989e-06,1.251339818989815606e-06,1.291735746654176805e-06,1.339915255838392195e-06,1.343921789229265042e-06,1.395076650575485824e-06,1.439812693509810021e-06,1.494874608267837619e-06,1.501218890372767807e-06,1.548923659144891617e-06,1.608980066034058639e-06,1.617232507104599065e-06,1.681080321902901721e-06,1.733356606085712668e-06,1.743869216592054086e-06,1.813423740500102661e-06,1.868710810652873338e-06,1.942806358638219250e-06,1.957503565234590023e-06,2.015729248065727887e-06,2.095994230841021510e-06,2.114034403639506880e-06,2.199408270434191415e-06,2.261769086920779847e-06,2.351816665415117160e-06,2.375884595580373115e-06,2.440647217592462327e-06,2.537446669583580118e-06,2.566249267530389355e-06,2.669090323354479623e-06,2.736663835745160490e-06,2.770843225364171016e-06,2.880859682777097554e-06,2.949550724191789512e-06,3.063387664561479830e-06,3.106902637178068763e-06,3.227463526677169862e-06,3.296242750332289494e-06,3.346871170149962856e-06,3.474051642734889210e-06,3.541539539280560456e-06,3.670595944711724685e-06,3.733186207502707852e-06,3.798016299037237090e-06,3.931851523352554606e-06,4.003280653124215136e-06,4.143587897343269475e-06,4.201201051660932404e-06,4.339701153175010118e-06,4.425393345141533185e-06,4.475699970194536237e-06,4.615141709219814021e-06,4.710926134941312171e-06,4.854943419782555049e-06,4.889659691013203082e-06,4.995768356299614690e-06,5.137100273323519946e-06,5.158094683488920216e-06,5.288675178830954811e-06,5.410032251067510297e-06,5.414362039012938676e-06,5.535783898869061986e-06,5.666937820903966565e-06,5.786478259598175946e-06,5.760033197289819045e-06,5.860010419874370518e-06,6.004092779214862607e-06,5.953763986382294852e-06,6.034356193071594611e-06,6.185815390742694851e-06,6.257209812682976652e-06,6.166421614575468045e-06,6.323877671739154541e-06,6.368567538587269204e-06,6.249650340584732596e-06,6.263554173202115763e-06,6.425964819821238612e-06,6.422825223689245384e-06,6.261509268590402560e-06,6.425676191774345534e-06,6.388455363073488452e-06,6.202789469596107011e-06,6.133872597578053675e-06,6.295705087359168285e-06,6.090733580472361716e-06,5.990444062031647080e-06,6.150260655902565602e-06,6.028594642913148968e-06,5.805557739099804262e-06,5.663371172626999932e-06,5.815385143850594979e-06,5.593889543438484183e-06,5.434622296933343076e-06,5.582912048859729150e-06,5.409529896120873792e-06,5.207227387699024335e-06,5.351788311312647274e-06,5.176613382999843795e-06,5.002973404460277576e-06,4.842635450576829937e-06,4.978511758010467998e-06,4.842275303647713477e-06,4.702257771762701588e-06,4.834489925016199320e-06,4.702475811638400160e-06,4.629747732739346095e-06,4.534591542816069430e-06,4.658679173407516565e-06,4.628946016635673566e-06,4.569420956253080770e-06,4.685869869914645836e-06,4.642182003110117924e-06,4.664384229124402078e-06,4.768141699876731505e-06,4.753546621677889703e-06,4.792739433811108668e-06,4.801180529240221795e-06,4.879207230213199871e-06,4.890653367884196902e-06,4.930643649747571910e-06,4.979494326616289623e-06,4.985978163034133604e-06,5.003544437005029448e-06,5.002758890151209293e-06,5.005419548729693200e-06,5.005419548729693200e-06,4.989940333945597887e-06,4.963744950083169543e-06,4.928716650853983669e-06,4.886607422607920595e-06,4.822464155535324488e-06,4.754060650844953611e-06,4.688636331976292783e-06,4.590168905257525835e-06,4.512886842968226361e-06,4.417453272027550975e-06,4.338290629363942347e-06,4.206592456831042069e-06,4.103928800308637707e-06,4.024714284656920129e-06,3.878183333803342971e-06,3.801205926185984957e-06,3.711177067401610578e-06,3.558561609725493120e-06,3.495140232716835979e-06,3.423652620033523880e-06,3.377777803023726379e-06,3.226997194090433013e-06,3.189091997343814242e-06,3.152670658971257930e-06,3.009401143973542776e-06,2.989781912823788857e-06,2.979457666662342895e-06,2.973844180034274316e-06,2.842938215085044386e-06,2.856823414502885926e-06,2.863317454076760847e-06,2.743826885560542584e-06,2.753168441747311267e-06,2.791883700825625524e-06,2.683358769375987598e-06,2.697907337741733065e-06,2.748947727586820265e-06,2.762490605151898346e-06,2.665388749207404152e-06,2.676812075334821757e-06,2.733599683944001049e-06,2.644567724044046850e-06,2.651549145384480343e-06,2.708164855676099430e-06,2.706800311959333033e-06,2.625821172692889951e-06,2.678456104336238483e-06,2.668627460249506934e-06,2.593188331056922867e-06,2.579199069566244197e-06,2.620168809830651499e-06,2.595903201084225637e-06,2.526880945793368876e-06,2.559226302815597761e-06,2.526602455345798863e-06,2.462188371552562122e-06,2.427045494577268919e-06,2.445433742521713132e-06,2.385519807563533380e-06,2.343865033039730310e-06,2.353768560438110114e-06,2.304853519487371113e-06,2.251514760725880267e-06,2.202370073873595100e-06,2.200881371246272548e-06,2.152197265360442212e-06,2.099965613228994826e-06,2.092294523487345488e-06,2.036039360723124859e-06,1.994198059609046497e-06,1.981410217791622486e-06,1.924476124943511013e-06,1.887196345611922106e-06,1.832342669243538809e-06,1.813695423000555774e-06,1.780810414251135570e-06,1.726624123977361314e-06,1.705283522287472764e-06,1.650523852472839873e-06,1.623733738309567886e-06,1.571730628771478092e-06,1.547737203576344914e-06,1.524704619845355095e-06,1.474798075806353293e-06,1.449872902257924964e-06,1.400807005127082149e-06,1.382781401356376935e-06,1.357431674317275921e-06,1.311130819408734182e-06,1.296055954100870468e-06,1.252511035449017439e-06,1.227262105076880051e-06,1.185279655110866557e-06,1.174016453278085758e-06,1.149224407240671139e-06,1.110140989006267304e-06,1.101037202688384079e-06,1.064378130570932816e-06,1.040679368156353133e-06,1.033444803238322593e-06,9.994630549760965667e-07,9.766711781784164342e-07,9.445306906638688119e-07,9.396343569094780982e-07,9.095022257285521583e-07,8.882636139897325528e-07,8.846209358783437251e-07,8.568819132178360539e-07,8.367228126551644474e-07,8.107448339697075920e-07,8.086408075987131513e-07,7.895782271846522635e-07,7.657855004616852193e-07,7.644678279147317589e-07,7.421222607165273218e-07,7.247344946059304204e-07,7.240540946844461408e-07,7.035944066997222288e-07,6.872707613693603570e-07,6.683004788942003564e-07,6.683808555805088801e-07,6.505220260520209735e-07,6.357690661923972157e-07,6.361982431849505158e-07,6.198750476951521002e-07,6.060883519662973005e-07,5.910295080508188346e-07,5.918627601378825777e-07,5.789946102790929280e-07,5.652541333079488532e-07,5.662430316076020416e-07,5.532495316784465507e-07,5.417030833469674593e-07,5.427918325554890047e-07,5.309154614318628628e-07,5.201602397680030665e-07,5.092522406650539636e-07,5.104424598057671793e-07,5.000888289119348454e-07,4.904601947677377740e-07,4.916495043740563000e-07,4.821728678975483575e-07,4.732101181309978190e-07,4.645195900673856811e-07,4.656899912236846230e-07,4.573464895070911217e-07,4.493863058668291323e-07,4.504975605324895987e-07,4.427287960776097855e-07,4.351844894563728169e-07
6.954206829533833354e-07,7.158926524421044248e-07,7.148181423459558647e-07,7.358660346599387720e-07,7.577068460850302698e-07,7.565399378852601860e-07,7.792894646261381895e-07,8.032334098765640675e-07,8.283370857966809993e-07,8.268277822771786683e-07,8.530790963291486548e-07,8.806000804962797368e-07,8.788879197379584754e-07,9.076675251646719360e-07,9.378351525760455896e-07,9.694536236983564327e-07,9.674570739163692434e-07,1.000517943956062146e-06,1.035160687286431884e-06,1.032941763635048844e-06,1.069159797922073745e-06,1.107099034266074275e-06,1.108568419862369923e-06,1.144307660279071776e-06,1.185832155951441412e-06,1.229301484122961350e-06,1.226543057101792868e-06,1.271956926843025087e-06,1.319472892078438802e-06,1.316479857240213148e-06,1.366100597077979844e-06,1.417985792289705957e-06,1.472217607850837699e-06,1.468916005606322450e-06,1.525501438422696304e-06,1.584599232394223965e-06,1.581074537717737235e-06,1.642694741207720689e-06,1.706991636971605732e-06,1.717588515523618010e-06,1.770242726409334380e-06,1.840064668591722519e-06,1.912796474727343641e-06,1.908809127193332319e-06,1.984465116043194762e-06,2.063170668309478210e-06,2.059024272301003808e-06,2.140793929948895653e-06,2.225731338122222297e-06,2.313882488601301903e-06,2.309577310713291893e-06,2.400950533610941562e-06,2.495605147819411642e-06,2.491230595222633811e-06,2.589168234831334769e-06,2.690406658823185491e-06,2.724133381213300854e-06,2.790543569183206637e-06,2.898330705172240500e-06,3.009321246341477862e-06,3.004996325783729237e-06,3.119148856138686512e-06,3.236334465649402181e-06,3.285979149618603438e-06,3.352286815078621384e-06,3.475188692547673132e-06,3.600651605410407994e-06,3.596740831360278478e-06,3.724629247238489950e-06,3.854591717288056248e-06,3.850986196284259559e-06,3.982833098420020562e-06,4.116099073571523402e-06,4.250381260551415264e-06,4.247313070157428014e-06,4.382316870511516372e-06,4.517385948303407624e-06,4.514829325426058343e-06,4.649594461327813234e-06,4.783253065130164302e-06,4.886111235867947775e-06,4.913431984299592399e-06,5.043033457827848036e-06,5.169326076232421539e-06,5.168472521108532341e-06,5.290906376793856084e-06,5.408328297449985412e-06,5.408566849548218889e-06,5.520387864533619463e-06,5.625218120729350879e-06,5.722002623967084943e-06,5.724337021525577927e-06,5.812674620944352903e-06,5.890845418937754200e-06,5.895519032230616720e-06,5.963389413504059116e-06,6.018981906064714694e-06,6.170638082498648000e-06,6.070639725823855536e-06,6.100040597391079164e-06,6.114234215249029349e-06,6.128995410700553180e-06,6.129301085223072411e-06,6.112977861144952549e-06,6.270733793834193652e-06,6.104520807506533691e-06,6.056513544239077120e-06,5.990836711978368122e-06,6.026718843124025206e-06,5.947566616040048194e-06,5.851272401881847204e-06,5.900787568504791944e-06,5.793048948373788392e-06,5.669799196615057261e-06,5.532157849859785915e-06,5.604205927577607506e-06,5.459925638255473668e-06,5.304700962227984956e-06,5.396230635687575985e-06,5.238931303328875454e-06,5.075226160018061441e-06,5.212558084481197580e-06,5.026507406478978539e-06,4.864715813709961695e-06,4.704823549523580732e-06,4.842668856736394269e-06,4.693424897319739511e-06,4.551777667834152719e-06,4.705052253144422057e-06,4.577866266497997838e-06,4.463246846725819773e-06,4.363610728838492297e-06,4.527611015106121692e-06,4.445358950413638580e-06,4.380603993525395496e-06,4.542466633228958623e-06,4.493157636635555590e-06,4.461366059715940183e-06,4.564558941366568247e-06,4.589537548420488437e-06,4.583228438113247926e-06,4.590213326263422973e-06,4.706467612719019584e-06,4.713623851737465296e-06,4.728513000580155164e-06,4.785351472155576340e-06,4.815421461304466326e-06,4.823685058863320421e-06,4.831389707469806039e-06,4.854346133624300343e-06,4.844095844060204228e-06,4.844095844060204228e-06,4.829542533749463338e-06,4.806586107594969034e-06,4.771561060251992268e-06,4.731038185764558221e-06,4.677171977943328918e-06,4.604693480822830885e-06,4.541216212590615507e-06,4.474674090538523582e-06,4.358419804082926124e-06,4.279985076145722030e-06,4.201928764109662076e-06,4.106767169073209085e-06,3.976058308675847476e-06,3.896836665958443215e-06,3.822263159400243926e-06,3.660400519696680798e-06,3.589248153941940824e-06,3.524772325915427886e-06,3.360772039647798915e-06,3.304372367418512943e-06,3.255408893094234705e-06,3.213407893355151763e-06,3.060133308044883272e-06,3.029046771684120210e-06,3.004115288214473126e-06,2.866269981001657895e-06,2.852635847058125229e-06,2.843570868264991257e-06,2.848268911868070169e-06,2.726006317893053276e-06,2.729749142331552048e-06,2.734970024867237826e-06,2.643440351256406946e-06,2.655828422336265329e-06,2.667655365869003362e-06,2.595607285047127892e-06,2.612099282731934815e-06,2.626206144951691701e-06,2.637300301714018140e-06,2.587785075788272778e-06,2.600226736653122227e-06,2.608428701203342664e-06,2.572546262474956186e-06,2.580119608279023723e-06,2.582668083880579487e-06,2.635047125980482486e-06,2.557979804368194122e-06,2.553036128871818964e-06,2.542814095565068406e-06,2.528048637122322054e-06,2.514689923911610116e-06,2.496223974608515521e-06,2.531109990111166114e-06,2.464898194475475079e-06,2.438338758223269206e-06,2.407463826328609073e-06,2.402769527348135405e-06,2.368821247264576435e-06,2.331212239208851905e-06,2.328844600360007265e-06,2.288580283970358553e-06,2.245378064963224452e-06,2.199631037733802337e-06,2.199337773467345737e-06,2.151810759800137865e-06,2.102463019633271465e-06,2.103243214372004897e-06,2.052696352237625094e-06,2.000968496491884791e-06,1.990816273784404299e-06,1.950203198257936713e-06,1.897240266713569538e-06,1.843946285283405698e-06,1.846383889608444855e-06,1.793178046149384662e-06,1.740093947594722410e-06,1.743025099209800076e-06,1.690405397700952096e-06,1.638274712818801351e-06,1.586790749230158969e-06,1.590238566303937620e-06,1.539645951266831871e-06,1.489949817653872267e-06,1.493690529111968481e-06,1.445074837279961997e-06,1.397538286840647095e-06,1.372962400756634843e-06,1.355168402538847320e-06,1.310044916184165969e-06,1.266173650557915370e-06,1.270311224275745002e-06,1.227755398658730230e-06,1.186508369286285239e-06,1.162028496772616954e-06,1.150790737383320760e-06,1.112207326044067332e-06,1.074957500832473797e-06,1.079142659453886864e-06,1.043206108535298722e-06,1.008585882561471669e-06,1.012704678931426530e-06,9.793556374845280501e-07,9.472875274580636488e-07,9.164793683623763074e-07,9.204462610301615754e-07,8.908264779765944936e-07,8.624126296695579046e-07,8.662273602893295146e-07,8.389342425013557750e-07,8.127856269064430205e-07,7.935553337705110160e-07,7.913237071964657667e-07,7.673030228060760446e-07,7.443277560281343132e-07,7.476998630664001678e-07,7.256662544248103985e-07,7.046092244590822209e-07,7.077678969978243285e-07,6.875805144324465618e-07,6.683011826024197533e-07,6.498963288904011767e-07,6.527597922309985536e-07,6.351214310451809376e-07,6.182913632800716366e-07,6.209303752151779463e-07,6.048016707733243906e-07,5.894177286652412110e-07,5.763342845674385438e-07,5.770892768220762949e-07,5.630297665486543995e-07,5.496253908186742694e-07,5.517482550296107601e-07,5.388989420418819825e-07,5.266494672654003501e-07,5.285595843958368556e-07,5.168139104633619912e-07,5.056164115181044324e-07,4.949421596474042820e-07,4.965801992415407599e-07,4.863394397718133800e-07,4.765756545024633929e-07,4.780196187520249993e-07,4.686478396688207625e-07,4.597102942829556833e-07,4.512216492711495263e-07,4.523861079256859943e-07,4.441976146533095714e-07,4.362972800882208529e-07,4.373252735597687289e-07,4.295941010477359953e-07
7.028111257853410853e-07,7.017073156567045936e-07,7.227287524977855794e-07,7.443821935694330528e-07,7.431077507426220338e-07,7.657474338790396127e-07,7.894784921836442951e-07,8.135114476190514270e-07,8.128358791475905127e-07,8.388418693829447232e-07,8.647468085711033083e-07,8.643898972116393577e-07,8.928859250717404463e-07,9.207830469277221018e-07,9.517185133420043299e-07,9.520573388606470912e-07,9.847619455507696210e-07,1.015907787969254576e-06,1.016836537990733175e-06,1.052641171993798393e-06,1.086077360409279015e-06,1.087737767482766505e-06,1.126913947788441609e-06,1.167918430781625077e-06,1.205031502221897678e-06,1.208142468443085499e-06,1.252953163738077980e-06,1.292614841598286545e-06,1.296918578665227356e-06,1.345840337018745466e-06,1.388128914490690800e-06,1.440629574827852038e-06,1.447206432257074844e-06,1.502918838422414041e-06,1.549276893572242826e-06,1.557693378285904370e-06,1.618306752986848613e-06,1.667371155888721356e-06,1.677948627591281893e-06,1.743776883942388142e-06,1.812354365926766228e-06,1.865422629987701818e-06,1.879956031901257941e-06,1.954187665696028471e-06,2.009765630165444017e-06,2.027435001480217785e-06,2.107580379638238507e-06,2.165473730971072087e-06,2.249748053148724973e-06,2.273016946058275384e-06,2.362425267195762756e-06,2.423235975563494700e-06,2.450870687189041852e-06,2.546594403813681897e-06,2.608800686081337253e-06,2.641361143048679830e-06,2.743410840716445245e-06,2.848578263969619109e-06,2.911718933696250465e-06,2.952761288476354487e-06,3.064010558686962975e-06,3.126772962688364443e-06,3.174233348043777929e-06,3.291190878147149191e-06,3.410759949785245180e-06,3.470939600392986609e-06,3.529114111350880710e-06,3.653394847945481555e-06,3.710235252629172305e-06,3.776276275405980110e-06,3.904265220445826135e-06,3.956187029935725536e-06,4.082291916569648051e-06,4.160950741133987471e-06,4.291811724211609902e-06,4.332777460810957200e-06,4.420317587497698144e-06,4.550836106642788755e-06,4.581862660377315686e-06,4.678455947598674147e-06,4.806315804140694912e-06,4.931719911964005292e-06,4.943193480138431037e-06,5.053118349716724042e-06,5.171551994478730200e-06,5.166888497588102301e-06,5.285362597927181738e-06,5.393540131292833795e-06,5.370155669915578108e-06,5.461082371622561388e-06,5.590858441692335541e-06,5.676452495860476984e-06,5.620328303172284881e-06,5.756575472537311155e-06,5.822512602470469547e-06,5.742468044575729341e-06,5.884012969181552031e-06,5.926677751246753208e-06,5.955706167717275577e-06,5.837526648153647235e-06,5.983616845233427661e-06,5.984662205705251140e-06,5.842100861799666006e-06,5.989897997740137669e-06,5.961141457528839428e-06,5.915626580639684385e-06,5.739561107351737754e-06,5.885742632615825874e-06,5.809966158027640926e-06,5.618002885392446905e-06,5.762687646700924189e-06,5.658886825723606802e-06,5.457640824913928139e-06,5.334257229841074569e-06,5.472641617433908301e-06,5.332537510119120034e-06,5.129925081971402406e-06,5.265356764668724771e-06,5.111565128578274508e-06,4.921644895274054478e-06,5.054174728489537238e-06,4.895765044198524650e-06,4.735640853537079759e-06,4.579248988260545179e-06,4.704642229750121796e-06,4.555237694241089894e-06,4.433181745212920710e-06,4.556000147585931531e-06,4.426798056912009960e-06,4.343600416120989376e-06,4.244739273199271959e-06,4.361337950683009978e-06,4.274736578656012025e-06,4.249540887469139695e-06,4.361108464807704202e-06,4.307182356489620595e-06,4.314831384370662560e-06,4.417672617613523912e-06,4.392938301917792206e-06,4.383498943341929963e-06,4.423383064377486425e-06,4.507601361319129838e-06,4.514744086864758163e-06,4.557017837441508261e-06,4.619012637304435655e-06,4.629423837374907007e-06,4.643069320338377963e-06,4.669192207166207679e-06,4.693436428502151874e-06,4.692359417722309696e-06,4.690304250928044631e-06,4.690304250928044631e-06,4.680661457491413130e-06,4.657152246263610051e-06,4.621675801026570508e-06,4.578671447938885377e-06,4.531175529885978233e-06,4.479173319190248386e-06,4.400778045391902821e-06,4.323841941628276098e-06,4.254760379265964814e-06,4.149312605870710174e-06,4.056806621080015860e-06,3.979839856045012332e-06,3.905377613040083205e-06,3.776170662850240274e-06,3.683069790578876971e-06,3.613116591156304597e-06,3.474985545654222152e-06,3.391724322810773155e-06,3.333405952985188808e-06,3.193414986443368954e-06,3.141854690441083201e-06,3.085591043685943330e-06,3.050039815693867080e-06,2.914874899772586730e-06,2.881704069284800554e-06,2.862708254386173552e-06,2.735742979000459163e-06,2.726444267215599129e-06,2.722330752371338742e-06,2.721295377008941446e-06,2.606243993840960941e-06,2.625648231609006152e-06,2.634246850275521635e-06,2.529472629643768557e-06,2.565321445655154996e-06,2.579444665343706015e-06,2.484233801616481142e-06,2.498377562267986195e-06,2.547228160863825821e-06,2.559610038417783980e-06,2.474169861152915921e-06,2.527738157491355964e-06,2.536713451020123366e-06,2.458073524694828656e-06,2.512072595935402900e-06,2.515132376755672383e-06,2.513178553465771931e-06,2.441327121526608691e-06,2.488550933984932852e-06,2.478930339293795220e-06,2.411750685969057867e-06,2.452682846520069406e-06,2.434944562430432759e-06,2.412536053316569675e-06,2.350835534832870078e-06,2.379564992725706182e-06,2.349763310511054822e-06,2.292013546596234585e-06,2.312654877300158839e-06,2.276310685062532025e-06,2.222441334499275427e-06,2.184637810408609915e-06,2.193430266514014248e-06,2.149196425153884449e-06,2.101028065557787643e-06,2.102949556478881510e-06,2.055203082592951217e-06,2.011078362387359357e-06,2.006991641793791074e-06,1.956904302330947202e-06,1.905957907819664604e-06,1.867801681582531232e-06,1.856320054913881872e-06,1.804647857099264332e-06,1.770485694517655945e-06,1.755283564952172225e-06,1.703758206097113712e-06,1.673460657515261423e-06,1.624022911520828732e-06,1.604705859324026354e-06,1.554645525482911040e-06,1.529740275813793710e-06,1.508620074951208069e-06,1.460236838533429609e-06,1.438679270226154900e-06,1.416354371550004831e-06,1.370014238866705914e-06,1.324768180822620173e-06,1.307704115152944493e-06,1.284469948045969308e-06,1.241620115429020193e-06,1.227227768856887555e-06,1.203900760795686264e-06,1.163563358197462256e-06,1.124497805686122280e-06,1.113584504520776320e-06,1.090665343362677650e-06,1.054168917376237012e-06,1.045247964235880351e-06,1.022882038581142151e-06,9.889228226789000406e-07,9.817410096427877428e-07,9.498339049720947708e-07,9.285950955955340274e-07,8.983234882462257147e-07,8.933361721103056215e-07,8.729702793066950865e-07,8.450232072986951232e-07,8.412297855691611787e-07,8.217990085754299417e-07,7.960559917093979402e-07,7.713950108654556389e-07,7.690806736541680530e-07,7.511433080259191788e-07,7.284931768805584190e-07,7.269497324470607753e-07,7.100014990713415780e-07,6.892270752102757858e-07,6.883172672414926909e-07,6.687676614803016265e-07,6.533157383854097063e-07,6.351379555292573155e-07,6.349933997429472542e-07,6.204875089956042526e-07,6.038563069221285086e-07,6.040758599203991893e-07,5.904830342998715523e-07,5.752742420570914743e-07,5.607663514283327125e-07,5.614147541699028276e-07,5.491530075569889274e-07,5.358928136770730365e-07,5.367202968745634432e-07,5.252697693643050593e-07,5.131496538735393852e-07,5.141014909209781654e-07,5.026226669760198851e-07,4.923374888125943545e-07,4.817731224990212037e-07,4.828595325450500516e-07,4.732728858162148035e-07,4.636101402246629279e-07,4.647201335358546957e-07,4.557877743984927436e-07,4.469440980235575678e-07,4.385094277098859912e-07,4.397286986227593977e-07,4.316290586713928093e-07,4.237540342951307252e-07,4.248100593712413117e-07
6.892555615267659356e-07,7.102569742209809336e-07,7.318932734756348200e-07,7.306046848492760907e-07,7.528139828158312392e-07,7.756431581026064974e-07,8.000696325387429500e-07,7.994680338711368676e-07,8.240746398576025286e-07,8.508023684784506719e-07,8.505312991494705909e-07,8.770305296500555667e-07,9.062693487458533716e-07,9.368786368089109433e-07,9.349313039535726288e-07,9.669055806066156959e-07,1.000368715082669040e-06,1.001407501342722507e-06,1.033175955808580863e-06,1.069738326902884405e-06,1.071516549942954800e-06,1.105574578273333459e-06,1.145494745474385013e-06,1.187227770577756496e-06,1.190460121018830121e-06,1.228171458311527244e-06,1.273671183629212865e-06,1.278095451837728931e-06,1.318324702664633268e-06,1.367874266732103595e-06,1.419588203532639319e-06,1.416528342183642686e-06,1.470415445007775923e-06,1.526609383388204909e-06,1.535113956587985857e-06,1.581878785203210682e-06,1.642837107603985313e-06,1.653475694306625560e-06,1.702842767798462647e-06,1.768839470112538000e-06,1.837475654759770949e-06,1.852003729460318243e-06,1.905155271737252864e-06,1.979196516077014885e-06,1.996799686683386194e-06,2.052272999748393651e-06,2.131921587983473790e-06,2.214445276167991035e-06,2.210604587399286962e-06,2.296009831941629057e-06,2.384332555364413288e-06,2.411660286916682629e-06,2.471692704665046424e-06,2.565847217445334063e-06,2.597963105428229621e-06,2.659031486183092470e-06,2.758944206287267007e-06,2.861653026197125025e-06,2.901988885848905882e-06,2.963329901873435399e-06,3.071415371821041212e-06,3.117955360120541582e-06,3.178399784673061687e-06,3.291391388377216005e-06,3.406554388976414957e-06,3.463424571027408330e-06,3.520376257413761992e-06,3.639304706173898361e-06,3.703741595078688526e-06,3.756671006584448530e-06,3.878272213816846062e-06,4.000638517234717206e-06,3.998005847266316708e-06,4.120872141336372306e-06,4.243658041235798161e-06,4.328713578220496728e-06,4.363847965321193067e-06,4.485113857441030813e-06,4.578828582490454759e-06,4.603231296105365237e-06,4.720663204266628504e-06,4.835068563934166464e-06,4.941518211239067561e-06,4.945240332076717339e-06,5.051644801578151909e-06,5.166246045593417553e-06,5.153239207533096790e-06,5.248440938036357691e-06,5.336546069866663570e-06,5.338506890743518756e-06,5.419160725811116498e-06,5.490904213451229013e-06,5.622410560196381126e-06,5.557515197156804127e-06,5.609494678013875036e-06,5.746000366658466869e-06,5.657685337503517590e-06,5.686778188179056402e-06,5.702626203629471385e-06,5.843366690487531740e-06,5.718544881706168017e-06,5.707689999139400700e-06,5.849918329736074584e-06,5.702589019584786803e-06,5.663867918242176862e-06,5.609612451859688466e-06,5.750058212262942577e-06,5.572991184337568083e-06,5.491382324345127275e-06,5.630124001913841639e-06,5.440350655149075974e-06,5.334147438278278084e-06,5.214726402238732081e-06,5.274890158976474164e-06,5.148739488570924375e-06,5.012057983282609569e-06,5.141210852165281523e-06,4.949341796269533279e-06,4.802784217302105968e-06,4.928869923884304721e-06,4.752531018230715146e-06,4.604745637387996563e-06,4.456877322706897437e-06,4.575919585773687404e-06,4.435868949608614429e-06,4.300832712205531323e-06,4.417546498687341359e-06,4.311833137978417269e-06,4.197885900829430082e-06,4.095595906380354625e-06,4.243478579481577636e-06,4.156519644679598712e-06,4.084136351997680973e-06,4.191811587057997232e-06,4.176734850274328736e-06,4.134747142431008161e-06,4.235697853370040423e-06,4.248591000651187743e-06,4.232853340418846246e-06,4.230756499836962645e-06,4.316650320354635642e-06,4.354294900204054998e-06,4.365894532678691987e-06,4.432943219190665971e-06,4.468439828917106627e-06,4.481252130081047050e-06,4.496323260971307647e-06,4.530039711468500264e-06,4.545384984258914555e-06,4.545236835203570831e-06,4.547569685009028867e-06,4.547569685009028867e-06,4.534547345949927612e-06,4.512259923908587227e-06,4.482523305328863094e-06,4.437628912586081085e-06,4.391884003860366019e-06,4.341494069122088196e-06,4.276703427141060530e-06,4.192896426059275865e-06,4.125474700789851293e-06,4.042579861847859391e-06,3.935361776918212394e-06,3.859486613593970520e-06,3.785561246330341623e-06,3.697037131849618560e-06,3.570423650414920966e-06,3.499891884723871749e-06,3.417256245243079688e-06,3.284277310077101711e-06,3.224170149787226501e-06,3.170439355079058980e-06,3.022556681977835546e-06,2.977438334111404741e-06,2.938892973659458095e-06,2.899239653247007379e-06,2.772050026555981295e-06,2.749675149262756047e-06,2.732413576513603929e-06,2.613482164952748312e-06,2.606089046870787767e-06,2.602195733532324554e-06,2.613469022454968622e-06,2.505876055566603711e-06,2.512344628423383664e-06,2.540758400005992508e-06,2.442670439021313413e-06,2.455700042283468039e-06,2.467796658155587521e-06,2.407632896054060545e-06,2.423276398930191983e-06,2.436480895904316231e-06,2.486291031272115679e-06,2.405626478645295968e-06,2.416638371073396503e-06,2.468570904788175889e-06,2.393983248840622261e-06,2.400185163785189355e-06,2.401862157628225786e-06,2.449146085001565499e-06,2.380614226391956301e-06,2.375421465416209959e-06,2.417594779561029053e-06,2.353285232630895325e-06,2.340535746354334786e-06,2.323291333316731942e-06,2.354379543244845752e-06,2.295095366804989384e-06,2.270663484375836794e-06,2.294117927775777679e-06,2.238504207403942761e-06,2.207527508328333139e-06,2.173323427633523019e-06,2.171333373240565518e-06,2.134752613807044764e-06,2.095567076893288038e-06,2.100453039566484257e-06,2.053868207270965325e-06,2.010799303829396443e-06,2.009499489420048020e-06,1.966751387624953939e-06,1.920928692935715182e-06,1.874016029676121382e-06,1.864910471420314374e-06,1.827846369869579545e-06,1.779730908172074506e-06,1.766604155903431883e-06,1.733351293992093506e-06,1.684904253182514241e-06,1.636507689080207630e-06,1.639022520102661509e-06,1.590979389875091949e-06,1.543314537334212957e-06,1.523529177361302503e-06,1.499142260813892738e-06,1.452738803210570613e-06,1.431490295509678174e-06,1.410321923644194265e-06,1.365585100544094844e-06,1.321766995141540279e-06,1.299268508428191991e-06,1.282433547586270075e-06,1.240697299327495001e-06,1.217919071592017857e-06,1.203669551780373350e-06,1.164172840956863640e-06,1.125822343208233026e-06,1.103216137324824924e-06,1.092344318609579906e-06,1.056347734022681311e-06,1.034173417741831041e-06,1.025244382622640580e-06,9.916047173663881480e-07,9.591396207790837483e-07,9.628140355464809904e-07,9.314944193985424227e-07,9.013250764418281252e-07,8.809315397791929785e-07,8.758589268726144318e-07,8.479056996431984811e-07,8.283918037043039755e-07,8.244986782180172544e-07,7.986637595109825879e-07,7.738713131920607293e-07,7.557867608609545355e-07,7.533600745671047258e-07,7.305210727500102237e-07,7.133999233679888657e-07,7.117440010618369530e-07,6.907385066968509717e-07,6.706337473871171423e-07,6.735611442307715572e-07,6.542675227847449558e-07,6.358152884524968508e-07,6.211025690010771857e-07,6.208566872845048822e-07,6.039368722452051085e-07,5.901352884925485694e-07,5.902628604515262034e-07,5.747590110169531050e-07,5.599527593261101041e-07,5.474842958588570430e-07,5.480541988454781873e-07,5.344982485180382822e-07,5.228477422649021045e-07,5.236081801002886782e-07,5.111991804178082805e-07,4.993575883226337162e-07,5.012206191767448657e-07,4.898615048099938608e-07,4.790227971779173570e-07,4.692594268480103077e-07,4.703054503147358368e-07,4.603820379630418663e-07,4.512846733174286798e-07,4.523652471301324614e-07,4.432759498823847725e-07,4.348018874766903086e-07,4.265476321355451280e-07,4.277804364620522671e-07,4.196971962411515761e-07,4.118413291462639725e-07
6.984168089413857916e-07,7.200416581891980569e-07,7.187445190903197820e-07,7.409482727627778976e-07,7.637750182907742422e-07,7.872148019246225065e-07,7.857018770431725090e-07,8.109876273402603935e-07,8.374594385822566508e-07,8.357771443837023250e-07,8.634290880884293101e-07,8.923717760546134285e-07,9.201378761750410035e-07,9.207436855976330938e-07,9.523749422357389351e-07,9.821602389001227138e-07,9.833692496362836582e-07,1.017920176082741092e-06,1.054052256168955779e-06,1.051771548014748701e-06,1.089485971356809181e-06,1.128907945403149380e-06,1.164191947382677752e-06,1.167576317799778260e-06,1.210548307049968694e-06,1.255425767794932013e-06,1.252717788737240993e-06,1.299508376360700199e-06,1.348340028853010046e-06,1.389580844114014629e-06,1.396338335211799229e-06,1.449398813058043651e-06,1.493070789075943881e-06,1.501596254774673162e-06,1.559158816750906923e-06,1.619097485088293624e-06,1.615838367141421892e-06,1.678168704210948747e-06,1.742999628308055511e-06,1.792634061598816923e-06,1.806954674059519237e-06,1.876915951333777493e-06,1.949538505679630810e-06,1.946002116082426187e-06,2.021300595691827886e-06,2.099342821669834256e-06,2.154070661356305290e-06,2.176530406415681643e-06,2.260125112849454409e-06,2.316387539535637561e-06,2.342873790120904687e-06,2.432083243839712745e-06,2.524091245661235008e-06,2.520453178206990323e-06,2.615247879331933688e-06,2.712776405524586938e-06,2.770716812769005967e-06,2.809434437035507654e-06,2.912268155547023455e-06,3.017600912093703915e-06,3.014187663463482148e-06,3.121951157144368813e-06,3.231946387852672230e-06,3.286707793930978586e-06,3.340843923307819012e-06,3.454822955437007473e-06,3.570417377917047400e-06,3.567528560824477718e-06,3.684566321880150625e-06,3.802642991732145223e-06,3.846615487717707643e-06,3.918968711970639389e-06,4.038166394450493206e-06,4.075018746789245793e-06,4.155214996026717345e-06,4.273844234449672646e-06,4.391360214032887634e-06,4.389835758744718353e-06,4.505860028279837429e-06,4.619600630159660366e-06,4.629857026436091623e-06,4.729724111907545524e-06,4.837108102451773266e-06,4.940146517468141141e-06,4.940327715380377725e-06,5.038518381161423932e-06,5.130742818780712764e-06,5.100665302818620766e-06,5.217941928122322671e-06,5.296158148714897942e-06,5.246434919683140971e-06,5.369407062113123995e-06,5.430353844998443890e-06,5.481019940228750176e-06,5.487143437784764451e-06,5.527704486732066859e-06,5.556366335123835612e-06,5.451708361828845438e-06,5.583525021752293174e-06,5.587691689641925310e-06,5.577925193953392974e-06,5.594668856307766545e-06,5.572665973532592447e-06,5.535965683788803823e-06,5.379066813738828390e-06,5.511417780987372743e-06,5.447854980025687678e-06,5.369531172543147175e-06,5.407058974800731495e-06,5.318249132063859608e-06,5.215731756503548689e-06,5.029184602211546377e-06,5.155283210673692189e-06,5.032821256753615736e-06,4.846722050675467116e-06,4.970446134308963467e-06,4.834029134193401151e-06,4.690494458594437810e-06,4.777999971669129595e-06,4.635078436237474172e-06,4.489158927360914727e-06,4.337300939633187706e-06,4.452831186617036613e-06,4.313340665420431877e-06,4.177878501949762898e-06,4.303419782331426344e-06,4.178859701277104453e-06,4.062794184381528584e-06,3.988504417107902941e-06,4.097449082828191439e-06,4.007012166400620546e-06,3.968592907349533439e-06,4.074359981028542364e-06,4.012620511385937746e-06,3.966084897769663030e-06,4.106448528682816170e-06,4.072460331671525777e-06,4.053025788627287975e-06,4.083153102977700969e-06,4.169807724603390633e-06,4.170233173047123258e-06,4.181043925112566721e-06,4.279852500878208367e-06,4.289662189189089668e-06,4.305136606064762120e-06,4.340294842304895761e-06,4.380629174241304639e-06,4.388930172024847919e-06,4.396185876189588370e-06,4.415534747968419817e-06,4.407186844214255342e-06,4.407186844214255342e-06,4.394838656700148415e-06,4.375489784921316967e-06,4.345553723716755366e-06,4.310669200154856419e-06,4.258882837727722743e-06,4.202898633627191097e-06,4.147844439630746756e-06,4.089778426673403567e-06,3.990969850907761921e-06,3.922123401874153010e-06,3.853081598755295000e-06,3.745174056581206547e-06,3.656622353111746034e-06,3.585168409117347164e-06,3.517235346866377135e-06,3.376871715953223995e-06,3.310948315845047886e-06,3.250480378933886668e-06,3.121988969727899918e-06,3.052228810719872000e-06,3.004340803687202564e-06,2.876935007862850836e-06,2.825392728672627983e-06,2.792778637468409303e-06,2.765933593032217166e-06,2.640392312650552872e-06,2.623415337098517338e-06,2.611109538617467065e-06,2.498700658088891402e-06,2.497905409614975858e-06,2.498089144782312711e-06,2.500484208588992750e-06,2.412978695495741202e-06,2.422469026971856143e-06,2.432440696452127578e-06,2.340334044391173895e-06,2.376920886354745673e-06,2.390820067086283959e-06,2.307003133638280335e-06,2.352650748806416871e-06,2.366943599144602947e-06,2.378214218751163707e-06,2.340686328704676194e-06,2.352302118458617698e-06,2.360000370071321155e-06,2.290250693405218533e-06,2.339418613958904895e-06,2.341510936958816959e-06,2.339121402519302031e-06,2.322376058208360114e-06,2.317581827268012118e-06,2.308239583824149820e-06,2.248178814261126220e-06,2.284787496386750674e-06,2.268187022316411150e-06,2.247474104027240320e-06,2.241340467445719726e-06,2.217725580083909626e-06,2.190444856610224881e-06,2.138483327021797249e-06,2.156865393919249898e-06,2.123774791884872483e-06,2.075173557530313093e-06,2.086535356916743531e-06,2.048606180860719026e-06,2.008482289307691853e-06,2.008256883144622704e-06,1.966549369102648089e-06,1.923245297182575364e-06,1.883135117122062565e-06,1.879458479780877356e-06,1.833991175310694862e-06,1.787715096318761336e-06,1.789160151437283016e-06,1.742488238553383296e-06,1.695459312938037434e-06,1.664085687858306683e-06,1.650351112573898718e-06,1.603340013502687323e-06,1.575376196984577367e-06,1.558976495835759143e-06,1.512625070074248178e-06,1.466754664906597104e-06,1.469516945990126910e-06,1.424339903306250135e-06,1.379865879610834965e-06,1.359676313625980882e-06,1.339274870566877156e-06,1.296538720370007553e-06,1.254740837704577083e-06,1.258006061649341524e-06,1.217251013412740355e-06,1.177532284332803649e-06,1.163804657134432213e-06,1.142308412970153289e-06,1.104791418537793067e-06,1.068393181018841981e-06,1.071873712998790964e-06,1.036618284112037256e-06,1.002499235373773208e-06,9.937864519215254689e-07,9.730103860011181095e-07,9.411584832379139205e-07,9.340621559373859745e-07,9.138861453902266808e-07,8.842550327333596264e-07,8.557216772306763842e-07,8.591049708717669308e-07,8.316226865240395189e-07,8.051993589031109067e-07,8.012927694586725593e-07,7.830602178493590768e-07,7.586488781694547514e-07,7.352256991694456741e-07,7.383437263961979629e-07,7.158364538613709723e-07,6.942636769252460818e-07,6.925245864084021991e-07,6.765196994136113686e-07,6.566815981543804908e-07,6.555675362028215052e-07,6.404543479944107908e-07,6.222343663340516784e-07,6.048085731827841902e-07,6.073993210919795969e-07,5.906823154404819341e-07,5.747036666753414220e-07,5.747263880566996298e-07,5.617943517971337174e-07,5.471523700293483618e-07,5.331681452970965912e-07,5.353501192970536019e-07,5.219391242337346911e-07,5.091348469667475116e-07,5.098021519359083488e-07,4.988611620461993356e-07,4.871392239997459404e-07,4.879511664941683583e-07,4.777290405710104154e-07,4.669978550193321380e-07,4.567573080334864920e-07,4.583667740213126112e-07,4.485408745149470751e-07,4.391642403504375924e-07,4.406116691895383313e-07,4.319215937998195696e-07,4.234498559661982540e-07,4.152009049010727584e-07,4.164418895415295627e-07,4.083696036451386597e-07
7.087945373400322477e-07,7.074938381446780881e-07,7.296969294449209497e-07,7.525260096592488176e-07,7.759712256389012583e-07,7.744669325130309823e-07,7.984638593704811338e-07,8.230503008843484853e-07,8.230206642171430308e-07,8.504036871759970076e-07,8.768139774695817268e-07,9.064426959157077229e-07,9.071450239977449026e-07,9.354797783698316297e-07,9.678003605086220093e-07,9.691131339073146508e-07,9.994697716761877307e-07,1.034703163937356894e-06,1.036759411953593724e-06,1.074019896245260056e-06,1.107607131709328603e-06,1.147674296765892034e-06,1.151167721838201566e-06,1.186988399174066732e-06,1.230561549749460770e-06,1.235222824834357357e-06,1.281357959739015271e-06,1.320666712576755604e-06,1.369990800632301934e-06,1.376836002589007060e-06,1.418494781122358221e-06,1.471944749579723384e-06,1.480538876919007289e-06,1.524549995765936489e-06,1.582367916068840867e-06,1.592995135763286871e-06,1.654258150600020779e-06,1.701740288197683702e-06,1.766551665567462792e-06,1.780847639676925306e-06,1.830508179658460341e-06,1.900214152977449042e-06,1.917390285422383429e-06,1.991214348282680356e-06,2.043821335366062883e-06,2.121152951195305280e-06,2.143408300221686020e-06,2.197638720387128990e-06,2.280147564955206410e-06,2.306325987348400938e-06,2.361809964942247629e-06,2.449491460474967744e-06,2.480059529802670258e-06,2.572653552507753919e-06,2.629071550849011491e-06,2.724267888076879136e-06,2.762315962122939942e-06,2.818548293595643255e-06,2.918417750329963902e-06,2.962075622148882411e-06,3.067054009323966560e-06,3.121388373879500092e-06,3.227316238006871378e-06,3.280253833423740821e-06,3.332031024205738712e-06,3.441109037267976271e-06,3.500804597072340062e-06,3.614527546618274812e-06,3.659996667722895170e-06,3.771788758580223626e-06,3.842243110328360083e-06,3.881638717487130315e-06,3.993562006949352627e-06,4.071537695303260610e-06,4.103124153449702915e-06,4.213461425279649323e-06,4.299068437146567845e-06,4.411500962936897980e-06,4.427663046037417649e-06,4.531609617507015709e-06,4.628410500851954201e-06,4.631739883324933691e-06,4.728446403363491690e-06,4.832400388763855819e-06,4.927518503147224210e-06,4.907520078659378104e-06,4.987929239824381595e-06,5.101344974955791616e-06,5.063388178877793565e-06,5.129346017544973077e-06,5.248175584302834975e-06,5.190611708830839819e-06,5.239183737052088652e-06,5.362449695021246191e-06,5.402108537319876346e-06,5.312607282291636531e-06,5.329491875311955278e-06,5.456642139127044838e-06,5.345858763372068062e-06,5.339275596246236557e-06,5.467864108794755364e-06,5.447264830535738207e-06,5.305630458133779348e-06,5.260749658684615880e-06,5.388091983731342178e-06,5.229728008548807091e-06,5.160377875776027939e-06,5.286417170132953822e-06,5.200899571239246861e-06,5.023864685436019517e-06,4.920031362953940743e-06,5.040809480999116612e-06,4.859913421277569443e-06,4.739438321845351889e-06,4.857628823798802819e-06,4.680182101719460331e-06,4.549067126310007032e-06,4.664776491175129311e-06,4.524377351446005984e-06,4.364050062637105756e-06,4.228000116115871571e-06,4.337789425644630473e-06,4.200108424190716127e-06,4.072634093772026153e-06,4.180709482481706723e-06,4.055269446682450499e-06,3.960406670436328769e-06,3.857928121280461704e-06,3.961779480510796459e-06,3.900955281369247384e-06,3.823625509721751912e-06,3.925205969244503759e-06,3.897515864280581683e-06,3.847364924676148315e-06,3.944569904824863964e-06,3.906635508398657385e-06,3.920695194105489204e-06,3.909237242414797095e-06,3.995892157819224398e-06,4.026538936746308985e-06,4.032294569264012985e-06,4.105202717969771941e-06,4.115411982309308553e-06,4.153748657172795926e-06,4.171283094521364092e-06,4.218350833194926820e-06,4.244933044782644698e-06,4.254314235441422902e-06,4.275140052203213337e-06,4.274735230161048938e-06,4.273092448925123809e-06,4.273092448925123809e-06,4.264954820257851909e-06,4.244858983937107891e-06,4.214664150003369750e-06,4.181094261497996840e-06,4.136938828617753803e-06,4.078169351029804201e-06,4.024821701572103669e-06,3.958387371551555784e-06,3.897787333242762903e-06,3.807332734338763526e-06,3.739561923506400127e-06,3.657913111422729976e-06,3.550165562577151442e-06,3.479244454781621862e-06,3.395654534749569927e-06,3.331299341081383584e-06,3.210918144524002744e-06,3.149446506239227310e-06,3.078602031622870662e-06,2.955597406343469990e-06,2.905711441350737156e-06,2.850210071265743931e-06,2.729462241391402504e-06,2.694093548294881033e-06,2.657756747305249183e-06,2.636194967727367853e-06,2.522671047981657091e-06,2.507375349620029136e-06,2.499189144100359156e-06,2.393859763629098474e-06,2.391287102587199122e-06,2.401778043085546197e-06,2.407446698756074963e-06,2.312618841592930418e-06,2.320972912027458994e-06,2.351240817890183110e-06,2.264828924392649957e-06,2.278061023913349285e-06,2.318628017485827616e-06,2.239739988200790139e-06,2.254437366324969044e-06,2.301252346724497803e-06,2.313321741126499216e-06,2.241877284861904996e-06,2.251606442567672628e-06,2.299276180284829380e-06,2.232962819119902980e-06,2.238012293664709126e-06,2.283721628775465380e-06,2.281747171240996771e-06,2.220564070863581291e-06,2.215237930278738781e-06,2.253116541176274591e-06,2.195518553445357060e-06,2.183390490472711878e-06,2.215076346287895633e-06,2.195090858338404525e-06,2.141815358584784341e-06,2.119306744954445285e-06,2.140243962721427998e-06,2.090137564074895505e-06,2.061806717648075933e-06,2.075886647918842550e-06,2.028937968610413284e-06,1.995612949062891208e-06,2.003185619580952128e-06,1.964334309352211786e-06,1.922087831362829734e-06,1.882943161618147046e-06,1.881771984799264040e-06,1.842877837294098029e-06,1.801215647911801444e-06,1.795227050275656134e-06,1.750351693989863031e-06,1.716442124230454912e-06,1.672608877989978859e-06,1.660761080326664718e-06,1.630205194652338686e-06,1.585975785919173130e-06,1.571196248019757926e-06,1.543904534186154638e-06,1.499933124529776666e-06,1.482886303920028336e-06,1.438249911511608694e-06,1.415550544871811210e-06,1.372898456132705845e-06,1.353502435497364706e-06,1.333679353035452138e-06,1.292432169770557962e-06,1.272119420231278745e-06,1.231326472517314853e-06,1.215401539225297438e-06,1.176734993158789120e-06,1.155767614321629269e-06,1.142186684357126270e-06,1.105475732155120002e-06,1.084487063543732398e-06,1.048857515792425761e-06,1.038361183532981286e-06,1.004737865051577233e-06,9.841604944478528798e-07,9.754551958129519559e-07,9.439326219714207291e-07,9.238613877945874905e-07,9.167366203951188568e-07,8.872959643337198986e-07,8.678608581656687183e-07,8.398206488712378999e-07,8.347128378278219314e-07,8.083131247368895670e-07,7.900165947083345933e-07,7.860267610149713682e-07,7.615564154018743750e-07,7.440847806427944090e-07,7.210094276939266151e-07,7.184212570344591041e-07,6.966944677630900546e-07,6.805351934727491627e-07,6.786957723120062519e-07,6.586607821787826893e-07,6.433744317511411442e-07,6.421613013420336863e-07,6.237133930037255065e-07,6.092930280179542902e-07,5.920779883164537316e-07,5.916319463923014329e-07,5.753942257145063240e-07,5.622659943613913634e-07,5.622010676582158014e-07,5.472908393646935810e-07,5.349741208016184239e-07,5.211382717508201635e-07,5.215306238023822627e-07,5.084532177421316224e-07,4.973198692631110488e-07,4.979195694742826251e-07,4.859284245540570206e-07,4.755207879776451185e-07,4.762749111683982393e-07,4.652817736908728619e-07,4.555618935113169664e-07,4.454178802025956300e-07,4.463475365754989918e-07,4.372768460295959160e-07,4.284156678878944247e-07,4.298548386488096366e-07,4.211595660850090286e-07,4.126855946359793128e-07,4.044372772683081774e-07,4.056816678850776197e-07
6.968209363616552977e-07,7.190276927320701343e-07,7.418633164748949100e-07,7.653180462800783584e-07,7.638263299575691610e-07,7.878389899874375301e-07,8.124444149993830579e-07,8.108032989184915386e-07,8.359346300580201242e-07,8.639835468213715913e-07,8.933029438247180432e-07,8.914569035473616956e-07,9.220459458478603221e-07,9.540088039083184840e-07,9.520061976268065861e-07,9.853440059831202023e-07,1.020163885199855474e-06,1.018003782507013373e-06,1.054309057830855825e-06,1.092208927474635530e-06,1.131760831210977922e-06,1.129392265523987645e-06,1.170602887671490931e-06,1.213582482154670647e-06,1.211061413528491209e-06,1.255819074541281430e-06,1.302463884304162846e-06,1.351054329516769188e-06,1.348339787551287672e-06,1.398887850146848869e-06,1.451497587326288979e-06,1.448649127900917373e-06,1.503334410241821724e-06,1.560192693344216374e-06,1.557223597881905971e-06,1.616270153737841433e-06,1.677592804606019022e-06,1.741237543976694290e-06,1.738134693943744301e-06,1.804115950495874538e-06,1.872501374251323331e-06,1.869323750192755275e-06,1.940126259898400339e-06,2.013394104363814061e-06,2.089146209466407948e-06,2.085910996173411661e-06,2.164152347723196310e-06,2.244894138420354508e-06,2.241652843847045866e-06,2.324892398971434266e-06,2.410607977362321180e-06,2.407396937396495941e-06,2.495574577304354057e-06,2.586153047205578227e-06,2.679069770624050393e-06,2.675961812819884532e-06,2.771174691087678949e-06,2.868552268938982201e-06,2.865572478992914512e-06,2.965048435396344959e-06,3.066433586793676702e-06,3.169562367023645002e-06,3.166825319024597363e-06,3.271580116119808173e-06,3.377673088025140435e-06,3.375174076871598467e-06,3.482446672595304288e-06,3.590533825994902833e-06,3.699122098682149289e-06,3.697019352255977836e-06,3.805874734858902307e-06,3.914505055794740289e-06,3.912765453911612413e-06,4.020884600635122192e-06,4.127904911992137770e-06,4.126598308702407805e-06,4.232184586913750869e-06,4.335646480201590968e-06,4.436407768200198575e-06,4.435832475818654076e-06,4.533483667461852366e-06,4.627219587317519130e-06,4.627371215198077202e-06,4.716751080641125048e-06,4.800814459660949009e-06,4.878821782626693645e-06,4.880342331804838024e-06,4.951976054366240889e-06,5.016065190201014754e-06,5.019087014888228025e-06,5.075476392578556390e-06,5.122833562503864204e-06,5.127975533010362541e-06,5.166421964605182006e-06,5.194434667109917191e-06,5.211314141053705200e-06,5.220683037858750833e-06,5.227156566608538856e-06,5.221407615320224920e-06,5.235383474606229813e-06,5.218784664387604150e-06,5.189248009272345015e-06,5.146494423784040350e-06,5.169119463126225026e-06,5.115679204753797858e-06,5.049097430830382678e-06,5.080428627144566786e-06,5.004236205958587425e-06,4.915661056029421244e-06,4.815252415009172680e-06,4.861383848315424496e-06,4.754149354737112665e-06,4.637008013637296559e-06,4.696484125151384864e-06,4.575412486942336897e-06,4.447136623889317390e-06,4.521410967411187168e-06,4.392630585742017351e-06,4.260017349791787782e-06,4.125463930786732625e-06,4.220319098688767056e-06,4.090875932693220679e-06,3.963510631253690139e-06,4.072905695296011348e-06,3.954150589663601603e-06,3.841436829462384120e-06,3.736800736596145679e-06,3.861558756268924812e-06,3.769645766868089845e-06,3.688911931375903619e-06,3.820087803977060103e-06,3.752844272411677036e-06,3.698651040081330949e-06,3.830227627536722991e-06,3.788425986849952717e-06,3.759954958986476892e-06,3.744728084045667497e-06,3.865692799356271299e-06,3.858436832150244979e-06,3.862155088083551096e-06,3.966326925289827342e-06,3.972525500026108353e-06,3.986082481231619594e-06,4.005230738754745011e-06,4.076229848981781381e-06,4.089181893113619329e-06,4.103413353228814954e-06,4.143301080889720335e-06,4.145906813880250640e-06,4.146231567067413715e-06,4.152001597066001639e-06,4.143041985182444247e-06,4.137271955183856323e-06,4.118190338192285917e-06,4.094339821788509164e-06,4.054452094127603784e-06,4.014911616103546478e-06,3.971129950919241224e-06,3.900130840692204854e-06,3.843337329113672988e-06,3.784221404476784944e-06,3.723678223374619288e-06,3.619506386168343043e-06,3.552034054042228522e-06,3.485765506447890444e-06,3.364800791137286218e-06,3.296641475498415906e-06,3.232041922906042304e-06,3.171524933844060881e-06,3.039948346388669263e-06,2.983252745266141021e-06,2.931931608453900531e-06,2.800755735852744048e-06,2.756328700416977070e-06,2.717713552034164513e-06,2.592955532361384957e-06,2.563035628927388345e-06,2.538575597076089844e-06,2.518980783017984841e-06,2.409585718975663209e-06,2.398861470711028480e-06,2.391873464600703281e-06,2.297018296698455398e-06,2.298129417376375651e-06,2.301528003970439664e-06,2.306449261469948625e-06,2.232174917895976157e-06,2.242949983616839351e-06,2.253747477688153575e-06,2.194271365143885165e-06,2.209094061845741756e-06,2.222553696238791578e-06,2.176422252519997622e-06,2.192049827956209935e-06,2.205154570844434492e-06,2.215378311617390235e-06,2.184047007280522616e-06,2.194236119678062093e-06,2.200827725234296778e-06,2.178202270494454357e-06,2.183523636327025989e-06,2.184833399121965920e-06,2.182127070659924195e-06,2.168149523188434562e-06,2.163169929166743485e-06,2.154150182984078194e-06,2.144777426428591312e-06,2.133098461940031433e-06,2.117569056847213622e-06,2.098402428407097603e-06,2.093251183649332476e-06,2.071468614715920990e-06,2.046444031863963611e-06,2.043406539945167111e-06,2.015963283243742365e-06,1.985757539379167028e-06,1.984212817142705787e-06,1.951920678931395889e-06,1.917384731834246393e-06,1.880883240858315471e-06,1.880693145875632659e-06,1.842749952617557631e-06,1.803360286178448350e-06,1.803884726679659735e-06,1.763479556985204446e-06,1.722088302866706894e-06,1.679936427331046631e-06,1.681174541270376272e-06,1.638621457368671814e-06,1.595704553914493325e-06,1.597362396982750403e-06,1.554386608592526243e-06,1.511387359745140004e-06,1.513395680533253601e-06,1.470628687481407293e-06,1.428121430036833180e-06,1.385997541828525089e-06,1.388386983698726181e-06,1.346838181111465593e-06,1.305875395926931940e-06,1.308493269532987739e-06,1.268268035081884349e-06,1.228784082439998735e-06,1.190105561494730767e-06,1.192956096315364166e-06,1.155183155194781534e-06,1.118310627205279346e-06,1.121283918901751981e-06,1.085380445406429617e-06,1.050439583679719638e-06,1.016484092422664810e-06,1.019556081937902831e-06,9.866161692366761489e-07,9.546847186946239646e-07,9.577856763101291364e-07,9.268701915516422163e-07,8.969663699845172223e-07,9.000615199498957072e-07,8.711575740581081156e-07,8.432527989881921747e-07,8.163377227652809913e-07,8.193777819142401608e-07,7.934189071620413989e-07,7.684200647663789616e-07,7.713885883491940315e-07,7.473043182934993728e-07,7.241427256281396850e-07,7.018839796882159805e-07,7.047245397485428953e-07,6.833107019203816038e-07,6.627548322084335072e-07,6.654799788545171454e-07,6.457178099912562223e-07,6.267660765029729816e-07,6.293631031748655567e-07,6.111530554495641473e-07,5.937046182015515416e-07,5.769936190281718717e-07,5.794055480442618342e-07,5.633596336775685236e-07,5.480021835645274097e-07,5.502682116534333354e-07,5.355257645539071023e-07,5.214237674383344940e-07,5.079388285161369500e-07,5.100054181864119942e-07,4.970642579471759742e-07,4.846944393659989561e-07,4.866103508037711499e-07,4.747396217288453049e-07,4.633965585591917643e-07,4.651626818930309145e-07,4.542766694657064459e-07,4.438768973416180707e-07,4.346307196632725729e-07,4.362007901756286904e-07,4.271119379464019852e-07,4.182357077371653191e-07,4.196628461572067618e-07,4.109584716309664173e-07,4.024782399293801199e-07,3.942264161561169331e-07
7.089099799526764744e-07,7.317558504123807067e-07,7.552236702254166241e-07,7.537479714350818959e-07,7.777796611965038169e-07,8.024072131125703064e-07,8.007914062229965418e-07,8.259513139265778172e-07,8.516723748743133222e-07,8.779340306175635507e-07,8.788796848955383528e-07,9.091425355029644956e-07,9.372380690666921219e-07,9.387999537468228654e-07,9.717603501369151600e-07,1.001769805726457738e-06,1.004074012981396949e-06,1.039943034157540956e-06,1.071938631097297099e-06,1.110408257702983327e-06,1.114125876601481385e-06,1.154793615587034030e-06,1.189901861334794545e-06,1.194758924399850426e-06,1.238891904357600975e-06,1.276109287826771143e-06,1.323165564775032723e-06,1.330128605577712769e-06,1.379906659995112759e-06,1.420327822763016915e-06,1.428965323512138452e-06,1.482770452587100116e-06,1.525283401527572207e-06,1.535854221106896237e-06,1.593897824251627489e-06,1.638436065557454106e-06,1.699674221644117084e-06,1.713701852727669217e-06,1.778469093521883689e-06,1.825827194529909235e-06,1.842550661035641883e-06,1.911983150544813435e-06,1.960974611379831027e-06,2.033511393132189047e-06,2.054950758163382185e-06,2.131562379763054353e-06,2.182469265114878488e-06,2.207527909037734848e-06,2.288951278654994163e-06,2.340649315269591041e-06,2.369735443320152914e-06,2.455901129668729793e-06,2.507886996997942032e-06,2.596256179067744840e-06,2.632157908998630842e-06,2.725055271672916030e-06,2.776247959323901802e-06,2.817230771029611239e-06,2.914189530885721085e-06,2.963865436506209009e-06,3.061492026846605107e-06,3.110829069676982005e-06,3.212783673225115877e-06,3.258278906741564354e-06,3.313667034366291549e-06,3.417975354771401262e-06,3.459225405753467565e-06,3.561604016150111688e-06,3.626577574790879640e-06,3.732293266932844333e-06,3.764494494423419758e-06,3.836139535632687394e-06,3.941065357540207820e-06,3.965291103957382266e-06,4.043685174060604080e-06,4.146094596775125230e-06,4.160615503912072837e-06,4.255325172105687674e-06,4.343594994732392606e-06,4.438269318637110454e-06,4.434721780871451101e-06,4.529292254777033349e-06,4.615955528000879193e-06,4.598108600408647586e-06,4.671672956037949867e-06,4.774589758997461237e-06,4.844137575749925235e-06,4.801501969212575144e-06,4.909207157823797101e-06,4.964071776928684956e-06,4.903325546912230182e-06,5.014976428973530427e-06,5.052562945124596287e-06,4.972907104171544291e-06,4.990369480855333808e-06,5.105573264697457390e-06,5.112376315156450496e-06,5.003640483338594051e-06,5.120212915961400250e-06,5.104730506381459521e-06,4.978208485710048460e-06,4.941051589705372243e-06,5.056773403494090193e-06,5.005615443242208428e-06,4.855677289364180161e-06,4.970395276017824221e-06,4.897004889279222005e-06,4.736913466480292936e-06,4.646433845042394794e-06,4.756804622390899739e-06,4.652820031660183490e-06,4.485435586409573879e-06,4.593664458204385860e-06,4.475618174821008751e-06,4.312536531866510746e-06,4.418727394256090028e-06,4.292374805287213369e-06,4.140553800135581092e-06,4.015826077279934428e-06,4.117002987055917372e-06,3.988561762549856747e-06,3.863721492707720158e-06,3.963626449755263029e-06,3.844543778424455390e-06,3.746223507854085827e-06,3.645377210609137801e-06,3.741894931073735116e-06,3.647601152953018337e-06,3.593306834714002595e-06,3.688555025576286008e-06,3.617957278506130725e-06,3.594042238076526812e-06,3.686595958187233608e-06,3.641120707171076098e-06,3.643621933244173747e-06,3.623422465059581963e-06,3.708719195411067654e-06,3.698505911960670662e-06,3.729374712451419422e-06,3.804898346090244498e-06,3.810060443509579181e-06,3.846982760400543148e-06,3.863302016362553433e-06,3.919319952066570288e-06,3.934881020807416775e-06,3.966020785763728239e-06,4.000844434175812615e-06,4.009017183509924250e-06,4.022408506699827050e-06,4.032264738918362556e-06,4.025440744058427510e-06,4.025440744058427510e-06,4.014908075941547479e-06,3.997008398930259216e-06,3.972726874078635113e-06,3.942511961225713558e-06,3.898172844318016368e-06,3.849955468152771091e-06,3.801937496286542391e-06,3.733346324827372692e-06,3.675774520469535274e-06,3.605777956174671252e-06,3.544488951908125149e-06,3.451197213145240357e-06,3.372780563921852249e-06,3.308244139773432628e-06,3.202771924839752987e-06,3.138215173080749093e-06,3.063127544363574405e-06,3.006587787739217509e-06,2.893700909072628992e-06,2.827977237245553347e-06,2.781555710219960728e-06,2.668732231427178292e-06,2.617608308992253571e-06,2.584136728480462280e-06,2.475119038121321431e-06,2.448045336498972104e-06,2.422175788512180622e-06,2.407135837458117009e-06,2.305973770958499901e-06,2.298551046724444815e-06,2.295388566065472578e-06,2.202086461251404005e-06,2.203192438228780026e-06,2.218189197559995383e-06,2.225773970610140443e-06,2.142036370531937111e-06,2.170183687757598340e-06,2.182834204980907427e-06,2.106490886883991373e-06,2.144346264513575618e-06,2.158974577820120165e-06,2.089115144730674254e-06,2.102825740169104406e-06,2.146822269445913005e-06,2.157662120902936619e-06,2.094141653251182324e-06,2.139526054462070317e-06,2.146479501528710108e-06,2.087295874260189858e-06,2.091375536354220057e-06,2.132878906146849123e-06,2.130523936129333229e-06,2.075696417976591624e-06,2.113050959716827701e-06,2.104437682919154651e-06,2.052665055550810522e-06,2.041154817705533486e-06,2.069584529753048023e-06,2.051063356878635954e-06,2.003022719477816436e-06,2.025239925966392159e-06,2.001010151892414499e-06,1.955716723765304395e-06,1.971621291217186600e-06,1.942355179411022280e-06,1.899813250711672212e-06,1.869375421141801297e-06,1.876156411263057190e-06,1.840778557169228980e-06,1.802354116623165624e-06,1.803814055326073640e-06,1.765617950880940502e-06,1.730133807279422499e-06,1.692149437160500400e-06,1.686745540085799469e-06,1.645834953480323620e-06,1.614738103088097799e-06,1.605662860613109438e-06,1.563975610676452598e-06,1.535839930002100831e-06,1.523748066959314147e-06,1.481942369643749922e-06,1.456699104221572271e-06,1.416361360644701679e-06,1.400837156174688153e-06,1.359821451831457155e-06,1.338668336016359496e-06,1.321566906206020854e-06,1.281638306073914613e-06,1.263061528086443967e-06,1.224961315788611057e-06,1.206317209753807077e-06,1.168552100911307090e-06,1.153488469248954676e-06,1.134315077810129672e-06,1.098272364296252155e-06,1.085336486665983904e-06,1.051166813448566826e-06,1.031750020383731737e-06,9.985020421345719856e-07,9.883852680653861380e-07,9.691183020429785244e-07,9.378176320952188405e-07,9.293519932471021395e-07,9.104188474234830906e-07,8.810743147121466756e-07,8.740757837935764381e-07,8.463767381966728563e-07,8.282095257178278122e-07,8.017557185629584046e-07,7.966432062307229354e-07,7.791119933906412950e-07,7.545176135827727291e-07,7.504624084895630848e-07,7.272702464331024174e-07,7.108268912411160461e-07,6.888964993467388533e-07,6.861772554062109181e-07,6.705010413571092424e-07,6.502312021232944723e-07,6.482359782874121044e-07,6.333453533887938613e-07,6.146425785074682231e-07,6.132592705648053536e-07,5.956127299986601803e-07,5.819274704455990505e-07,5.654165677153291484e-07,5.647895060202598883e-07,5.518838598977702855e-07,5.367006869224472902e-07,5.364582639706360974e-07,5.221133118042552965e-07,5.103642827244565269e-07,4.970197663719031409e-07,4.972440432870405922e-07,4.862195165542209235e-07,4.739728980910994315e-07,4.744174580632142006e-07,4.640877206653792769e-07,4.528533421526435776e-07,4.534672344937640081e-07,4.438002541502766267e-07,4.343257690234329581e-07,4.250522518892761453e-07,4.265981088707003059e-07,4.174880876333211453e-07,4.085936515087796476e-07,4.100054658117500185e-07,4.012885679572839255e-07,3.927985331295145627e-07
7.221741644074875709e-07,7.456581917972916492e-07,7.442014943455127065e-07,7.682550557965204887e-07,7.929074264100743826e-07,7.913194617973249492e-07,8.165103116773178926e-07,8.422654905910533793e-07,8.685645153566474146e-07,8.667980556295520945e-07,8.935731529191236294e-07,9.244427659398148280e-07,9.260993463002555751e-07,9.547058529387903242e-07,9.882594775773865649e-07,9.906605914640124617e-07,1.021170857471384122e-06,1.057607543232094637e-06,1.095583979561012316e-06,1.093371466281190825e-06,1.132895658957360165e-06,1.174062328987908973e-06,1.179005879201647311e-06,1.214541842323318756e-06,1.259106392033735672e-06,1.305466622329843396e-06,1.302968068449707639e-06,1.351136369825412826e-06,1.401199506423884862e-06,1.409881495332593356e-06,1.450565043286380003e-06,1.504525285732828642e-06,1.515111740194446079e-06,1.557787683464013371e-06,1.615824375939400051e-06,1.675971228488636737e-06,1.673169448812259759e-06,1.735439612066181069e-06,1.799883756364704290e-06,1.816503698133300713e-06,1.863659144504788509e-06,1.932506027733375603e-06,2.003581367442951255e-06,2.000695787778380747e-06,2.074002524711034833e-06,2.149539047132839542e-06,2.174289533354977237e-06,2.224423963907735178e-06,2.304379196590071355e-06,2.333045376143078058e-06,2.383676193689083406e-06,2.467920763631659734e-06,2.554213193298735751e-06,2.551484497581650360e-06,2.639782850916276150e-06,2.729958655515495106e-06,2.770151900419804957e-06,2.819342516408764455e-06,2.912966174168291268e-06,3.008069922383429789e-06,3.005689068257872852e-06,3.102162827144723273e-06,3.199742811705516628e-06,3.253835254634048909e-06,3.296116352328800937e-06,3.395286574332365271e-06,3.494804882480789144e-06,3.492989162473308588e-06,3.592643825568234349e-06,3.691997388270510798e-06,3.761719330406156476e-06,3.789295088549274872e-06,3.887015822560828369e-06,3.963211818891854444e-06,3.982240197495502187e-06,4.076610311352388460e-06,4.168499074206087153e-06,4.168005231196266609e-06,4.257051561294777859e-06,4.342558497517932956e-06,4.434246123399954939e-06,4.424264615588652540e-06,4.501086843151910922e-06,4.572512653368338950e-06,4.573801923417450482e-06,4.639548342307030416e-06,4.698610718117343202e-06,4.802840521751900053e-06,4.753395857591714129e-06,4.797653871796813095e-06,4.905627859065996185e-06,4.838354499545337948e-06,4.865530173680834408e-06,4.882905785314291148e-06,4.890773306811921083e-06,4.898928281988151395e-06,4.896316616377707403e-06,5.008857897218114023e-06,4.895763722773280202e-06,4.872068903260088105e-06,4.836672885038478590e-06,4.855611916584533377e-06,4.810592713153164183e-06,4.753851306885110143e-06,4.864294366358353652e-06,4.714557765445838052e-06,4.637835642462980795e-06,4.550333238541487784e-06,4.589106398560382969e-06,4.495023672322670060e-06,4.391667789869343547e-06,4.495356712267261631e-06,4.334328748498640506e-06,4.219672574118372277e-06,4.321142607274658997e-06,4.166801895667075988e-06,4.046487744132380809e-06,3.923383782966495329e-06,4.004903667874232276e-06,3.885309757311545090e-06,3.766331571790292869e-06,3.861365610634002014e-06,3.749135938062865040e-06,3.640941274030521727e-06,3.538645016642846886e-06,3.649229048286647022e-06,3.557659080568623858e-06,3.474966805129703136e-06,3.566005695083289009e-06,3.522734183976782062e-06,3.462998579133621307e-06,3.552186858409504885e-06,3.536714763156756823e-06,3.500597912809774974e-06,3.476632485233357880e-06,3.593474371071547050e-06,3.578565593218816506e-06,3.574567551750191005e-06,3.650400859807089907e-06,3.680988894450425592e-06,3.690220941354197300e-06,3.706464065281056953e-06,3.786830409782051951e-06,3.800646703784162973e-06,3.817731643630939177e-06,3.858480728986011531e-06,3.882080164305866248e-06,3.891066133483154974e-06,3.909082963018949513e-06,3.913917423302351917e-06,3.907874048115909027e-06,3.907874048115909027e-06,3.897994261573714928e-06,3.883682855249381679e-06,3.857810007866853649e-06,3.828709462891783489e-06,3.790632787540299237e-06,3.740167616795277587e-06,3.693622329490937425e-06,3.644030021103875591e-06,3.563663676602880594e-06,3.504446481450769134e-06,3.444348141386239647e-06,3.372223360500910843e-06,3.278679218472686998e-06,3.214775779520030405e-06,3.153078409688170502e-06,3.036236523849981332e-06,2.975061274505140409e-06,2.917886486414637817e-06,2.851845529405607488e-06,2.743310798464829713e-06,2.695381831477344051e-06,2.641431091796465130e-06,2.534062458040030768e-06,2.498359146421937510e-06,2.467828886594899904e-06,2.357244854951099345e-06,2.334938301216077893e-06,2.317261120994820528e-06,2.303617888884782604e-06,2.208550892801656194e-06,2.202798178360467854e-06,2.199994815629589046e-06,2.118474930720886058e-06,2.122602987266883297e-06,2.128362712025449183e-06,2.150642445997416363e-06,2.072000138954327983e-06,2.083534551299306836e-06,2.116412013743182082e-06,2.044538837881382495e-06,2.058905514590942896e-06,2.071786793409221163e-06,2.033013618490409537e-06,2.047431265431556822e-06,2.059406054340842110e-06,2.102758826340898515e-06,2.042408681823544475e-06,2.051341095258116614e-06,2.056973252090470232e-06,2.038033771320055224e-06,2.042328487644253699e-06,2.043005077683625320e-06,2.080915407414870745e-06,2.028360807045361316e-06,2.023290413004895874e-06,2.014618702361943134e-06,2.006747512919750058e-06,1.995639474742763449e-06,1.981112496790103848e-06,2.005334640123321612e-06,1.959012344005129310e-06,1.938890437075888769e-06,1.957072394717392745e-06,1.913319688605971833e-06,1.888139568873072156e-06,1.860499525268068446e-06,1.859188922391932912e-06,1.829667185569368457e-06,1.798137037297873937e-06,1.801926510165919654e-06,1.764678996450697186e-06,1.730065777869078264e-06,1.694138082231992457e-06,1.694587803159776837e-06,1.657718139349217148e-06,1.619936080360727357e-06,1.612757309686913733e-06,1.582502923803261677e-06,1.543604965718660064e-06,1.533189781020553763e-06,1.505769585760252880e-06,1.466409681339692526e-06,1.426986996891383702e-06,1.428721002368890611e-06,1.389462529110263696e-06,1.350395187002726420e-06,1.334418253470069109e-06,1.313701871129318348e-06,1.275412974825408354e-06,1.237611789621368872e-06,1.239888921896901506e-06,1.202714475307661248e-06,1.166171780138961543e-06,1.147656568236087391e-06,1.132813190426938879e-06,1.097749391730993676e-06,1.063468794666264627e-06,1.066079243251054036e-06,1.032649736313606823e-06,1.000065638550986290e-06,9.811105572459543177e-07,9.710638545970807961e-07,9.402519344329675016e-07,9.215263915653571218e-07,9.130880785422772113e-07,8.840823199185801865e-07,8.559813650340644830e-07,8.587420167701394877e-07,8.315427852526738302e-07,8.052425928490922516e-07,7.877233365276728793e-07,7.825657796405017376e-07,7.580287627221350024e-07,7.343627133637316845e-07,7.370432000907484649e-07,7.142140804228230890e-07,6.922263093157701273e-07,6.764459359422078690e-07,6.736479061521672732e-07,6.532647461588635425e-07,6.382418830554862475e-07,6.361629909009313945e-07,6.173035243333218382e-07,5.991917397644126281e-07,6.015821286828789755e-07,5.841610956707586802e-07,5.674457305252107573e-07,5.543652219477478999e-07,5.536535660921889514e-07,5.382466434927762311e-07,5.234815982957385885e-07,5.255983296422051024e-07,5.114124803379731815e-07,4.978260786699993212e-07,4.866157581037506472e-07,4.867665061711108083e-07,4.742741966170680535e-07,4.637609418278022194e-07,4.641389522540030877e-07,4.526593314178539392e-07,4.428133470823342999e-07,4.445033349880659585e-07,4.348006033648438970e-07,4.252934772731098177e-07,4.159903574805235704e-07,4.175095775053317419e-07,4.083758119968795403e-07,3.994604510302268469e-07,4.008540865817289850e-07,3.921216827928204102e-07
7.365933068575002977e-07,7.351581810746199953e-07,7.592360455801401326e-07,7.839155196060294078e-07,7.823575274571904817e-07,8.075812871077704297e-07,8.333723807429096304e-07,8.597103920289323222e-07,8.579860564754274259e-07,8.848064802399831575e-07,9.121260730175553381e-07,9.102764323079242662e-07,9.420772746116645013e-07,9.752384719984785227e-07,9.732644546818846885e-07,1.007792712429158498e-06,1.043777572685527296e-06,1.075224384902646203e-06,1.079131904793754866e-06,1.118136853865522722e-06,1.151478423478909763e-06,1.156493706204948408e-06,1.198717534766048899e-06,1.242643139990935871e-06,1.278882185788414468e-06,1.285923200155516233e-06,1.333361889469775424e-06,1.371511905808730970e-06,1.380152829929970204e-06,1.431293897345691671e-06,1.484366929829345762e-06,1.481791931681456217e-06,1.536812540726756397e-06,1.593844429392579240e-06,1.636529105492348422e-06,1.650260036594081784e-06,1.711396459070901533e-06,1.755679211797145730e-06,1.771932333303633364e-06,1.837287657779175424e-06,1.904785055899242001e-06,1.951075416878268153e-06,1.971707682003568365e-06,2.043509102274945820e-06,2.090774572849397058e-06,2.114747531273199463e-06,2.190838876036618764e-06,2.269038129970922035e-06,2.266371846543227809e-06,2.346662894562751525e-06,2.428977511773722464e-06,2.476804263537938398e-06,2.510694095714532241e-06,2.596886329037218131e-06,2.643931950195026231e-06,2.682431788387103421e-06,2.772141025094213945e-06,2.863401872942448236e-06,2.907804442082605351e-06,2.953841269252529833e-06,3.047794436024999755e-06,3.089296968477313040e-06,3.140765293140910129e-06,3.236647166865713681e-06,3.333103835441682309e-06,3.368141371070729190e-06,3.428173849825248912e-06,3.525027573618830510e-06,3.554196742288074671e-06,3.620165312149602150e-06,3.716120767179247348e-06,3.811007474039925983e-06,3.809965318221425979e-06,3.903493037674372085e-06,3.995086477380931946e-06,4.003104268377130061e-06,4.083804794622460796e-06,4.170212576632997242e-06,4.167037414300736996e-06,4.253307587376017509e-06,4.332476102632709414e-06,4.407050655774762356e-06,4.383950922081846604e-06,4.477608745544150884e-06,4.541489798306270279e-06,4.503381334169189112e-06,4.601287223440396380e-06,4.652133658933616459e-06,4.695310181935566680e-06,4.699295400106560439e-06,4.734848251215988086e-06,4.761560288581233388e-06,4.681398273185747298e-06,4.786065869522873834e-06,4.794427774307825700e-06,4.697204701220840660e-06,4.803160934582380022e-06,4.791784730681938493e-06,4.769385209504862605e-06,4.647644022398420585e-06,4.753041714098606891e-06,4.709934264551559260e-06,4.574904933438683470e-06,4.679523431903983018e-06,4.616375606270780542e-06,4.542339296280820158e-06,4.392357808721244235e-06,4.493354539442343884e-06,4.402126412730193488e-06,4.248719478966891719e-06,4.347918526190718771e-06,4.243101063798929333e-06,4.131145968398442627e-06,4.189331672712711703e-06,4.075659159463987259e-06,3.957440640372256201e-06,3.818485957387852721e-06,3.911697198289610267e-06,3.793297146655228037e-06,3.671397432075813805e-06,3.763647753759675644e-06,3.651445548579313302e-06,3.542756224858556203e-06,3.453774613514054125e-06,3.543269459695512610e-06,3.449981257982469797e-06,3.388327051728783975e-06,3.477238653034003990e-06,3.403800017490088480e-06,3.340800230736647658e-06,3.457381770653954614e-06,3.406125846975028771e-06,3.366409279718428741e-06,3.370114157102744393e-06,3.452655831487216706e-06,3.434567133862689721e-06,3.456746522735627644e-06,3.532552178307955580e-06,3.531521786152610377e-06,3.539305203633399872e-06,3.576737164713968433e-06,3.638167815725007675e-06,3.652834514761672397e-06,3.687637933109173572e-06,3.732445644160960422e-06,3.745245124613364453e-06,3.758614671263329270e-06,3.792683788229369509e-06,3.795660713761083278e-06,3.796332383428233411e-06,3.795298365253471012e-06,3.795298365253471012e-06,3.788787190822888225e-06,3.772356014287253839e-06,3.751629666200937434e-06,3.717560549234897196e-06,3.683182646560583868e-06,3.644931307063572991e-06,3.589923786151706377e-06,3.534354785632803684e-06,3.482280455309474956e-06,3.407556807756166547e-06,3.338803514491531474e-06,3.278617475037246803e-06,3.219072096213053580e-06,3.125851909707696390e-06,3.052158714139261668e-06,2.992995612548820325e-06,2.891715365536447913e-06,2.821408563533940809e-06,2.768127429407060413e-06,2.719341891167549444e-06,2.602760351250242064e-06,2.559450263045217491e-06,2.521223487202571175e-06,2.418389782945184156e-06,2.377968038220162320e-06,2.352029123726447186e-06,2.253939180319759135e-06,2.230214140427186131e-06,2.216703223037495854e-06,2.206977120393375033e-06,2.116902084215006555e-06,2.116109947134750799e-06,2.116492556136250837e-06,2.033781409860955754e-06,2.047734278655049476e-06,2.055897878786471585e-06,2.064796701246544938e-06,2.006610996749632688e-06,2.019803750879090145e-06,2.032491609452105077e-06,1.964841607463794230e-06,2.001713762201100429e-06,2.015501947671749627e-06,1.953423698268922795e-06,1.994888409595736844e-06,2.007362929584866225e-06,2.017085550489351285e-06,1.960400364260526955e-06,2.002220317852478075e-06,2.008134695447484602e-06,1.955119787573810210e-06,1.995230125471667633e-06,1.996128435299208627e-06,1.993497216748135620e-06,1.944190156494172393e-06,1.977950700949926961e-06,1.969638842938891376e-06,1.922944063352709291e-06,1.951676943864302035e-06,1.937624330628796436e-06,1.920441660807930303e-06,1.916448354345439355e-06,1.896940070069148468e-06,1.874645679175152878e-06,1.833575642740362547e-06,1.847853309903316439e-06,1.821047549798732396e-06,1.782384070457066069e-06,1.791195553068007601e-06,1.760607537627778945e-06,1.728306093616630256e-06,1.693261344746309839e-06,1.694567484029920425e-06,1.659698232448556155e-06,1.627241748822420174e-06,1.624318499407478471e-06,1.587628853302819577e-06,1.550235647957473367e-06,1.551222661439999954e-06,1.513423437137811184e-06,1.475256984208997447e-06,1.449298660287706014e-06,1.438304469331082594e-06,1.399949928460024854e-06,1.376562329523606457e-06,1.363348684731048017e-06,1.325304277174414664e-06,1.287537334728617388e-06,1.267802391077017796e-06,1.252143995989658341e-06,1.215278001938636770e-06,1.197855906527035896e-06,1.181128859693147793e-06,1.145452686138082443e-06,1.110433673672109693e-06,1.096183591424723353e-06,1.078496374650756678e-06,1.044974985090568307e-06,1.032658842561598797e-06,1.014715546121726959e-06,9.828188558940577128e-07,9.517557511978027728e-07,9.543065656952290859e-07,9.241127089943871505e-07,8.947807770250261530e-07,8.865657234492724959e-07,8.689204749058105753e-07,8.413396298660079338e-07,8.344859413192262267e-07,8.172388073673163054e-07,7.913995617262059754e-07,7.664242773515041215e-07,7.613327601585516058e-07,7.448812807851761640e-07,7.215953507036126632e-07,7.175019577878011156e-07,7.016705033794050432e-07,6.800162446249210075e-07,6.591641342364356900e-07,6.616276577740633884e-07,6.415363927121652916e-07,6.222122924619430369e-07,6.200867118330433210e-07,6.059914470376182122e-07,5.881160815496793043e-07,5.865854625478823141e-07,5.732091515189482079e-07,5.566998321598513445e-07,5.408597468440193816e-07,5.400704880362360841e-07,5.277866728098114487e-07,5.131875622133695071e-07,5.127830361957810429e-07,5.012017225527069589e-07,4.877600481889779576e-07,4.748859361938558920e-07,4.767744963107681869e-07,4.644087300847010312e-07,4.525710959881733958e-07,4.543406638875848086e-07,4.442721768312966626e-07,4.343828282495217093e-07,4.360325155795491922e-07,4.262924852016261369e-07,4.167509991729471809e-07,4.074163943068885865e-07,4.089069394059387802e-07,3.997472438191723602e-07,3.908086319017182948e-07,3.921816296435991269e-07
7.265908727504867389e-07,7.506951013372360917e-07,7.754035970879175135e-07,7.738773457500835638e-07,7.991356261452485313e-07,8.249640805455899888e-07,8.513423517676475408e-07,8.496612333460294485e-07,8.765278881374802663e-07,9.038967809968771057e-07,9.020995628182426255e-07,9.299049716953377258e-07,9.581559642831378312e-07,9.607667811151095171e-07,9.948809486034871753e-07,1.024915319069242305e-06,1.061381406002790349e-06,1.065370118996134696e-06,1.097231447127858452e-06,1.136667006052479215e-06,1.141755740525785306e-06,1.175472897483450252e-06,1.218059117956191846e-06,1.262303236054003916e-06,1.269395232029116480e-06,1.305922594029780060e-06,1.353579453792825329e-06,1.362250028241808274e-06,1.400611276487868971e-06,1.451844698178718398e-06,1.462322192401288627e-06,1.516417341978040898e-06,1.557416554579654317e-06,1.614293738638611271e-06,1.627964425071870678e-06,1.670573633706388321e-06,1.731349451074826225e-06,1.747489516022194253e-06,1.791540042650814702e-06,1.856289863592609330e-06,1.923040937149584117e-06,1.943456500408981252e-06,1.989220237804720244e-06,2.059964490205525675e-06,2.083634731481340170e-06,2.130138859622721449e-06,2.204813460509442631e-06,2.232080088983461965e-06,2.310578219482565502e-06,2.357372678346955143e-06,2.437631263327408489e-06,2.470930997591309070e-06,2.517245631131647394e-06,2.600888604268470596e-06,2.638651831614456022e-06,2.683818694006489418e-06,2.770430016596676072e-06,2.858297625187378914e-06,2.903343978922497529e-06,2.945243727268281270e-06,3.035176304810652655e-06,3.085461381857927408e-06,3.124003611688112353e-06,3.215191529883535641e-06,3.306603639181070228e-06,3.365135849772910893e-06,3.396476388737195549e-06,3.487563158932111316e-06,3.551802389938964515e-06,3.576768155130087317e-06,3.666221390999503565e-06,3.736211631952005591e-06,3.827025765320502154e-06,3.839695553850744771e-06,3.923711483754122387e-06,4.002090092401393913e-06,4.004698323799138228e-06,4.082900597344733788e-06,4.166614864000751081e-06,4.157656127628854843e-06,4.228032790935964364e-06,4.293581819702228507e-06,4.384367876497726561e-06,4.355146847758349685e-06,4.409668475803796567e-06,4.504509143125793341e-06,4.460270611324181216e-06,4.501638114952612430e-06,4.599822655469618896e-06,4.634590288560089509e-06,4.565874131644866569e-06,4.583430539563792705e-06,4.684674750920821699e-06,4.599417387069985282e-06,4.599250698891603653e-06,4.701659993609340523e-06,4.600319275966211713e-06,4.581403050656427382e-06,4.552094944120865971e-06,4.653845612834790029e-06,4.530016689194467451e-06,4.481550263701226495e-06,4.582405168824839478e-06,4.447091602210919655e-06,4.380472965141319723e-06,4.304044427880377363e-06,4.401189514979265136e-06,4.254008991840797468e-06,4.162669510925716922e-06,4.257857869858751526e-06,4.109491658258082700e-06,4.006952339593632809e-06,4.100263114128444258e-06,3.988976134608708668e-06,3.847140800111059321e-06,3.734745895821551807e-06,3.823649308220910264e-06,3.694634948514399607e-06,3.584019721767123622e-06,3.671855739568294740e-06,3.561023580996109757e-06,3.458070004471729175e-06,3.359258838449171982e-06,3.444418523618258630e-06,3.366991464380891307e-06,3.284034184505896929e-06,3.368877434831625138e-06,3.317832921097433895e-06,3.254420467065825836e-06,3.338335877399573704e-06,3.283932800721897373e-06,3.271015116275784070e-06,3.239641045402462195e-06,3.319956203418729918e-06,3.328571775205513473e-06,3.317043194377758855e-06,3.392121456366630592e-06,3.415872105985278584e-06,3.419488603658397748e-06,3.430916935939302965e-06,3.494136731679759689e-06,3.528486715953800135e-06,3.545226811775486948e-06,3.594045666322692528e-06,3.623175643529530846e-06,3.637050233191346091e-06,3.667310317860253510e-06,3.675246621629542424e-06,3.687073797308743883e-06,3.688233988226480252e-06,3.690092328045342261e-06,3.690092328045342261e-06,3.681298415623465467e-06,3.665667446759467291e-06,3.644734924796266525e-06,3.618418127290296991e-06,3.580208208460048753e-06,3.543157219440927389e-06,3.496331519365225333e-06,3.437062617888146138e-06,3.386353691542830521e-06,3.324956374721957804e-06,3.248278495997116082e-06,3.189251741577525979e-06,3.130557676165654163e-06,3.061226843338699338e-06,2.968965173583580345e-06,2.910020853685035174e-06,2.841557411852433438e-06,2.743067524176396282e-06,2.689205889010936989e-06,2.627621487860308244e-06,2.582939881877769667e-06,2.482660646195587251e-06,2.442793653212357819e-06,2.398940166048025319e-06,2.301330397344744460e-06,2.273210428821130920e-06,2.244583090423964063e-06,2.152016542756923861e-06,2.136041805944377247e-06,2.123950224862953543e-06,2.117360391707498501e-06,2.032690574614395709e-06,2.030850865764893481e-06,2.038944760695291892e-06,1.961264531744225540e-06,1.967607387812823218e-06,1.988337557008597233e-06,1.999116009575436913e-06,1.929389186821420847e-06,1.941292020249855459e-06,1.973980000066250627e-06,1.910152671323709194e-06,1.923922271510372414e-06,1.962255417923238167e-06,1.903466851652663658e-06,1.916722313397621141e-06,1.927636097751927609e-06,1.967900713681505959e-06,1.913925979750661256e-06,1.921752087243623947e-06,1.961321783521745718e-06,1.910641414725172920e-06,1.914075058788862077e-06,1.914239655692453868e-06,1.948647025636100227e-06,1.901303249073571738e-06,1.896212544650586023e-06,1.926224137373550501e-06,1.881266076787718900e-06,1.870720774615179820e-06,1.895582009684988946e-06,1.878940323656983922e-06,1.836980984979319163e-06,1.818365338031237595e-06,1.834718896108968167e-06,1.795000913080842938e-06,1.771848636256894031e-06,1.782825849506894546e-06,1.745381411692388513e-06,1.718327224522814990e-06,1.689468562158503977e-06,1.692880912398154324e-06,1.658879127459279791e-06,1.627221904905393206e-06,1.626286289889824547e-06,1.594753460719916715e-06,1.561023527452467922e-06,1.556272323392599673e-06,1.519942955407710537e-06,1.492117723134642764e-06,1.456474051319932122e-06,1.447012334403142295e-06,1.421700636576938978e-06,1.385568973303054961e-06,1.373689395009199668e-06,1.350844949617687498e-06,1.314729127583876093e-06,1.278748421595531212e-06,1.264133961588201648e-06,1.244802908966832301e-06,1.209450321004676807e-06,1.193589131668552895e-06,1.176486992825339496e-06,1.142071606784228589e-06,1.108194619049189426e-06,1.091132298448344149e-06,1.077094384035016964e-06,1.044496409978761089e-06,1.027039958173612925e-06,1.014874907097906362e-06,9.837069057377292298e-07,9.661094891704524229e-07,9.356845034370039919e-07,9.260231108324766680e-07,8.971694804078827856e-07,8.797349948899348622e-07,8.715563479035104446e-07,8.443155896298128495e-07,8.271968654623714156e-07,8.203475182305008591e-07,7.947304585434867697e-07,7.699230744022213063e-07,7.534976079823248270e-07,7.483735839976327561e-07,7.251647602586566760e-07,7.093080524901690904e-07,7.051654380504252766e-07,6.835133482310596089e-07,6.682829317697655866e-07,6.477372428243288144e-07,6.448472156197488244e-07,6.254363109646962816e-07,6.112257904670521962e-07,6.090271964928347790e-07,5.910220859273068955e-07,5.775092086503035367e-07,5.759027205354906116e-07,5.592306708337493074e-07,5.432125422457594244e-07,5.307687098447992779e-07,5.299022536040142387e-07,5.151045455784689981e-07,5.033553713962680778e-07,5.028762678501318951e-07,4.892220901843425270e-07,4.781527388414419038e-07,4.654102749263111261e-07,4.654074906756863186e-07,4.549981606114550657e-07,4.447482114169657633e-07,4.464676262094752890e-07,4.363519733215109130e-07,4.264183951005268535e-07,4.280267362118148495e-07,4.182481887910258263e-07,4.086709593822940310e-07,3.993033282094505328e-07,4.007635065891738926e-07,3.915760456573143122e-07,3.826122109862646027e-07
7.426062071612524769e-07,7.673453136730257948e-07,7.658522470711855393e-07,7.911463402326562320e-07,8.170132886030435162e-07,8.434327871225901001e-07,8.417956802214679144e-07,8.687091802344172066e-07,8.961277998759953607e-07,8.943832360692207284e-07,9.222442708819273260e-07,9.505539026519054792e-07,9.487036658133754300e-07,9.773954771302708694e-07,1.011992767798487507e-06,1.047993072172330153e-06,1.046007097262748388e-06,1.083420667685324809e-06,1.122323497794941943e-06,1.120241650994478071e-06,1.160645692641551327e-06,1.202624146611076101e-06,1.236935904274750782e-06,1.244019848830043448e-06,1.289242901523630855e-06,1.336161490771491029e-06,1.333887023836886011e-06,1.382515477875655063e-06,1.432913183428491670e-06,1.430574613629084418e-06,1.482756122703405473e-06,1.536771429311227498e-06,1.592647379150019731e-06,1.590246222687059760e-06,1.647994949678038580e-06,1.707648259742989355e-06,1.705220522790565608e-06,1.766787933203876939e-06,1.830284786150618709e-06,1.873443028699746145e-06,1.893282154396556264e-06,1.960643681465993347e-06,2.029923227112660796e-06,2.027515998135122800e-06,2.098706669944553403e-06,2.171767978722005162e-06,2.169410186741533969e-06,2.244324569859959437e-06,2.321021521618224704e-06,2.399437737875610404e-06,2.397188014884279986e-06,2.477281791981436426e-06,2.558930613114055691e-06,2.556795020278751726e-06,2.639937092590995004e-06,2.724408324743408455e-06,2.765121642021181701e-06,2.808130059275618316e-06,2.894876591393841430e-06,2.982476077373460393e-06,2.980720739151239909e-06,3.069040218913044086e-06,3.157792609379829740e-06,3.189700850124247075e-06,3.245268575615683805e-06,3.334206748801167071e-06,3.422770307240132191e-06,3.421566982199772578e-06,3.509531011408743341e-06,3.596458038696760232e-06,3.595558821870762101e-06,3.681189711544210259e-06,3.765018909343007938e-06,3.846621901040671429e-06,3.846227154802751491e-06,3.925292481650908046e-06,4.001244868811295394e-06,4.001343629433696007e-06,4.073846305411580519e-06,4.142218996611628728e-06,4.121479837138579535e-06,4.206942707039264559e-06,4.265738460402005912e-06,4.318800869967784829e-06,4.320800925943667613e-06,4.367978341877567253e-06,4.408348801211374633e-06,4.411726439717469437e-06,4.445310921944856510e-06,4.471065501985976379e-06,4.488477714172991803e-06,4.494574493471243218e-06,4.504044014362293977e-06,4.504337139785101661e-06,4.513384541513883449e-06,4.505308622227344515e-06,4.487451908133559577e-06,4.377951005684779012e-06,4.474158135089900418e-06,4.437776523179152297e-06,4.391242304582942182e-06,4.411487701203842069e-06,4.357018328120779650e-06,4.292715584132959810e-06,4.156306778579210597e-06,4.248862834724880375e-06,4.168660840223186230e-06,4.079963165805550362e-06,4.119060582068322134e-06,4.025869319806912439e-06,3.925800236833695749e-06,3.975322654192473934e-06,3.873043709822969660e-06,3.766011584750215083e-06,3.655422831872850615e-06,3.720344575380519598e-06,3.611496961622369687e-06,3.501829985764808821e-06,3.578660890760145092e-06,3.473531733718819782e-06,3.370490850812761796e-06,3.279803896712674542e-06,3.362654862799465231e-06,3.271604371814126161e-06,3.186910517569570646e-06,3.287390893428617268e-06,3.212743799796517515e-06,3.146671038871094247e-06,3.252944041539409009e-06,3.197547824076148828e-06,3.152123102268367581e-06,3.117258444677580429e-06,3.224667770663208580e-06,3.199600621684772206e-06,3.184892132536359934e-06,3.287209025308945178e-06,3.279702341906526465e-06,3.281180671768768270e-06,3.313702981561764368e-06,3.377828981248377663e-06,3.389374852874649126e-06,3.406350465470444532e-06,3.475669178771980987e-06,3.489845036888091517e-06,3.506287615889435274e-06,3.553575320890358257e-06,3.562815078255808466e-06,3.571363732029448752e-06,3.578092794184684950e-06,3.591451963688651090e-06,3.586488915667913865e-06,3.586488915667913865e-06,3.578005482798993121e-06,3.564646313295026982e-06,3.543338110438658024e-06,3.517971652276997673e-06,3.488622033945212248e-06,3.441334328944289265e-06,3.400513663369240297e-06,3.356815272296721266e-06,3.287496558995184811e-06,3.235098076734521521e-06,3.181611081380699405e-06,3.103829196178998247e-06,3.036037960915642912e-06,2.978349141589704542e-06,2.922228062182402715e-06,2.819911169409817471e-06,2.763615946813240282e-06,2.710515451105231102e-06,2.603106125119603375e-06,2.553014819998407079e-06,2.507222680084464016e-06,2.465804326837034557e-06,2.359531324168719372e-06,2.323971228288861454e-06,2.293040717938153898e-06,2.192560342079107700e-06,2.168675825759381935e-06,2.149137389847900194e-06,2.061087009433000958e-06,2.045386525425166568e-06,2.036855084437679762e-06,2.031417987185013878e-06,1.954587082189584010e-06,1.955646106396988383e-06,1.958741259041182996e-06,1.893819515527530149e-06,1.902340527791142040e-06,1.911740852270289284e-06,1.921489880123096199e-06,1.871967462403135754e-06,1.885184545278176969e-06,1.897685617125738312e-06,1.858588197210319915e-06,1.873149155492415847e-06,1.886069120080232904e-06,1.830715877439064396e-06,1.869708562026023184e-06,1.880998296937863925e-06,1.889709459443009873e-06,1.869463905551549623e-06,1.877478430551489729e-06,1.882498727684500364e-06,1.834842494020371121e-06,1.871451714431369068e-06,1.871802221391055765e-06,1.868976076295147629e-06,1.859927044923246672e-06,1.855069509893749851e-06,1.847078055870820999e-06,1.840977909688993590e-06,1.830766463957919627e-06,1.817599355291574217e-06,1.801639918510085780e-06,1.798254908726681756e-06,1.780188889211772585e-06,1.759636248599497357e-06,1.757624313797012595e-06,1.735145283505912197e-06,1.710536870182563014e-06,1.675299645404493128e-06,1.683234665292698270e-06,1.655214248757777341e-06,1.625646800265941969e-06,1.625520608686443066e-06,1.594773461694213527e-06,1.562860095382598728e-06,1.563219020597847167e-06,1.530444793593168022e-06,1.496843082025369495e-06,1.462580699418979083e-06,1.463432044829676632e-06,1.428769903196715534e-06,1.393744837832997831e-06,1.394891075078169813e-06,1.359728232929272229e-06,1.324462143280691453e-06,1.302758864660752517e-06,1.290682693748608131e-06,1.255623390401338006e-06,1.220779040671445362e-06,1.222457219570181154e-06,1.187977801746328927e-06,1.153877658304500438e-06,1.137525605658124630e-06,1.122133252543802929e-06,1.089044937370276355e-06,1.056521413276627862e-06,1.058564313747860794e-06,1.026693045015223854e-06,9.954726718556907959e-07,9.976248847288155672e-07,9.671207627173582962e-07,9.373287971646468665e-07,9.082729183153810348e-07,9.105285956286089583e-07,8.822463887581106101e-07,8.547309726938590660e-07,8.570339702145372397e-07,8.303060965656684028e-07,8.043595468563913693e-07,7.976649584723567599e-07,7.815264616545611322e-07,7.571499313726651565e-07,7.335537333901585588e-07,7.358763681366884093e-07,7.130492847520854698e-07,6.909887509766662451e-07,6.932859576633075648e-07,6.719708247049716775e-07,6.514011833817119827e-07,6.315651746936623858e-07,6.338025050486423017e-07,6.146679756520911705e-07,5.962382799190204259e-07,5.984142827259228974e-07,5.806512505575340095e-07,5.635609768785064602e-07,5.619043280395534729e-07,5.492037537232169827e-07,5.333819503404503962e-07,5.181815251406321109e-07,5.201732466776882451e-07,5.055468292171830682e-07,4.915059962672516196e-07,4.934059963154345963e-07,4.799012868214471083e-07,4.669462603754558454e-07,4.563643917320314809e-07,4.581345299520019333e-07,4.476690992546812064e-07,4.373659322272391587e-07,4.390349721085959414e-07,4.288717451608777405e-07,4.188933496951773434e-07,4.204595845889948625e-07,4.106415946419338072e-07,4.010275377058817862e-07,3.916256441374525839e-07,3.930540743818263035e-07,3.838373278595551841e-07
7.597157898186525795e-07,7.582570615310080197e-07,7.835879747765172428e-07,8.094942718604915723e-07,8.359556934448070929e-07,8.343631283747868594e-07,8.613238319156097534e-07,8.887923580392627138e-07,8.871004430546160110e-07,9.150169063347440824e-07,9.433847812224322281e-07,9.415956346263116779e-07,9.703514130130427133e-07,9.994931569611366219e-07,1.028984560105636143e-06,1.033120656504262721e-06,1.070044257230642468e-06,1.101220752401223663e-06,1.106421691306167176e-06,1.146266303244293821e-06,1.179136845133411077e-06,1.221373380058598232e-06,1.228495449987898845e-06,1.263048805014381273e-06,1.308431948838232377e-06,1.317058604639409112e-06,1.364916212920624645e-06,1.401926123580896333e-06,1.412265198211736827e-06,1.463576352830051454e-06,1.502119268225859851e-06,1.555938729751807799e-06,1.569281064255976191e-06,1.625991832944156702e-06,1.666594553610335409e-06,1.682246042004084295e-06,1.742653454632410667e-06,1.784393877718873197e-06,1.847142803032005364e-06,1.866765362875111444e-06,1.909393515431549488e-06,1.975720600213703202e-06,1.998349364992124523e-06,2.068040565108767096e-06,2.111377190360224764e-06,2.137312184265657485e-06,2.210581960375268897e-06,2.253873048299716881e-06,2.328626154535034964e-06,2.360075232869175669e-06,2.438304513813752787e-06,2.480509639001280855e-06,2.516017234532678028e-06,2.597151932591433985e-06,2.637834045658975234e-06,2.719161903564727162e-06,2.761258000005228141e-06,2.799647919078141464e-06,2.882693388393764119e-06,2.929506592793622707e-06,3.015515345533511584e-06,3.048747038905215093e-06,3.132893776378091768e-06,3.187101890111831455e-06,3.215626732842962272e-06,3.299324448739943069e-06,3.358630611519276187e-06,3.444150591439801966e-06,3.463376035538743180e-06,3.527806765488106760e-06,3.611018821686511531e-06,3.622483742636437413e-06,3.699490702696629807e-06,3.771381112977717951e-06,3.848187722987776781e-06,3.845436636048311346e-06,3.922065414266023622e-06,3.992503500049802031e-06,3.978620337207781297e-06,4.038907309586322697e-06,4.121823998632534655e-06,4.095568183494737233e-06,4.145981685574774684e-06,4.232511233939561251e-06,4.278477505094129735e-06,4.231475585848086559e-06,4.320998138800034929e-06,4.353843700137765942e-06,4.292197027496117867e-06,4.309702244414100530e-06,4.402023565178836808e-06,4.411599776615041918e-06,4.327228650268976375e-06,4.420647357717431212e-06,4.413253058756347407e-06,4.314565328299873130e-06,4.290311131778759618e-06,4.383297368631314630e-06,4.271624386737166050e-06,4.230139828041448297e-06,4.322415379282232538e-06,4.269948632422666685e-06,4.141903447605485840e-06,4.074997038606851252e-06,4.164149261314331751e-06,4.029744138036313527e-06,3.948885333951343840e-06,4.036364918088370967e-06,3.945649560008553513e-06,3.807922863626313979e-06,3.893790989813879359e-06,3.793727523243574686e-06,3.660761573132547534e-06,3.558278331190717248e-06,3.640311991365476175e-06,3.532913437327376562e-06,3.414744492082837419e-06,3.495895584761983565e-06,3.391347432198175368e-06,3.290263404168953311e-06,3.195685317362462924e-06,3.274545344704389953e-06,3.194349687976670482e-06,3.112410734535006574e-06,3.191278819007373187e-06,3.114720255865304619e-06,3.068829086504793101e-06,3.147400625278512239e-06,3.089353732712944983e-06,3.067387920655301817e-06,3.030029863058832170e-06,3.106363630160738494e-06,3.078128492335123322e-06,3.087389750465011089e-06,3.160413959769056553e-06,3.150266166721548848e-06,3.174079361950787511e-06,3.179727957778477389e-06,3.244419372610385689e-06,3.275719418367625600e-06,3.289879507154320437e-06,3.343758678464118040e-06,3.358939509830536768e-06,3.390390343971714067e-06,3.429543520768799132e-06,3.441999318285498912e-06,3.462784928979091814e-06,3.471818345343768640e-06,3.487002902699561515e-06,3.487924953895015545e-06,3.487119461296535022e-06,3.487119461296535022e-06,3.481543021357017749e-06,3.467318838648222637e-06,3.446048021934644257e-06,3.421607366822012254e-06,3.389875472431972725e-06,3.356286065368371359e-06,3.308619164992296585e-06,3.260063506214973888e-06,3.213994553787088102e-06,3.149010136206099814e-06,3.096694358704694146e-06,3.034545587227619568e-06,2.956166851904545524e-06,2.899294816982975134e-06,2.833051623598305519e-06,2.778855128954033165e-06,2.689617961209696434e-06,2.625185926632711862e-06,2.575254809038747955e-06,2.482607860072421621e-06,2.435963305377447445e-06,2.383334574109025809e-06,2.345852534042381121e-06,2.253828233838513227e-06,2.213255857603460484e-06,2.186365140282798158e-06,2.097977873730513570e-06,2.076361513705632418e-06,2.055828457424715946e-06,1.972789761919487727e-06,1.962030402689207392e-06,1.956020171651788464e-06,1.953591530414116317e-06,1.878167847705435523e-06,1.885726669132281425e-06,1.891177732482173826e-06,1.822144450580781883e-06,1.830070906524691786e-06,1.852527386873327047e-06,1.863789686157062899e-06,1.801812796140031371e-06,1.832406599379965990e-06,1.845885065733094640e-06,1.789029473521002998e-06,1.802116317663324074e-06,1.838558378154635671e-06,1.786021811606838497e-06,1.798176826923940786e-06,1.836482299003187987e-06,1.845467891928452342e-06,1.797027476667180160e-06,1.803879877546749134e-06,1.840189289725094909e-06,1.794545696283239867e-06,1.797256029062240811e-06,1.830906433993513590e-06,1.828298384665784196e-06,1.785509725144938256e-06,1.815327073403035919e-06,1.807625620223273479e-06,1.766889899417019803e-06,1.756891632767336883e-06,1.779342572872409534e-06,1.763867505036045414e-06,1.725746898853337971e-06,1.743204203869936287e-06,1.723253491559190651e-06,1.687094931795747903e-06,1.665763986016297141e-06,1.675665891117466681e-06,1.641506724757040263e-06,1.616656878249424074e-06,1.621978601167089190e-06,1.593262299704935536e-06,1.562143970846693379e-06,1.563274600869390917e-06,1.532268107792983309e-06,1.503333591190184366e-06,1.472401057399224414e-06,1.468085441967157881e-06,1.434772880392841699e-06,1.409127898034929909e-06,1.401849907563024232e-06,1.367772540359706491e-06,1.344363521790114361e-06,1.311122471087271837e-06,1.300274664005565496e-06,1.279067013319564827e-06,1.245773816222704327e-06,1.233142991227617539e-06,1.199172057394067528e-06,1.181112822623148732e-06,1.148411402424953625e-06,1.133829778728253382e-06,1.117777277103066297e-06,1.085862536318494868e-06,1.070438367646902674e-06,1.038654138232646468e-06,1.025374879234896840e-06,1.009404795694135615e-06,9.788634717671096809e-07,9.672892913761288418e-07,9.381919222676685484e-07,9.218538485841935367e-07,8.933868648408903579e-07,8.841053310492436344e-07,8.677861559413565698e-07,8.408014356387667915e-07,8.328873432624779731e-07,8.072796838688323739e-07,7.912763860068165455e-07,7.845952390138273486e-07,7.604480798269572902e-07,7.448115183429912859e-07,7.216136959319877290e-07,7.165429286426925117e-07,7.013630824827551900e-07,6.796549770899279820e-07,6.755085548713388099e-07,6.549610391617905921e-07,6.405945352941670588e-07,6.210485288194045588e-07,6.180897050105397234e-07,6.043183703486147439e-07,5.861429011048355420e-07,5.838469538079818582e-07,5.666510084608408337e-07,5.538292696131813106e-07,5.521055617209784865e-07,5.361450640212506089e-07,5.239640892640222322e-07,5.089435649027066902e-07,5.079403350900327517e-07,4.964000735335904944e-07,4.825159390704882237e-07,4.818960569248751500e-07,4.709892813106674883e-07,4.602071408919842623e-07,4.495640743772407528e-07,4.512757670126603887e-07,4.407546146006656666e-07,4.303984186598468397e-07,4.320170889395162377e-07,4.218061160115300069e-07,4.117825605061747339e-07,4.133061818295904247e-07,4.034480837094393906e-07,3.937963815052318004e-07,3.843592618312813121e-07,3.857548403016642768e-07
7.510680353900716759e-07,7.764365224486212789e-07,8.023827757088672856e-07,8.288865757317967845e-07,8.273388498984141801e-07,8.543468904789553806e-07,8.818652867437395500e-07,8.802258084080834027e-07,9.081973061652916119e-07,9.366228423885750060e-07,9.348940105143099519e-07,9.637127808120705683e-07,9.929202147070883957e-07,1.022480023484499893e-06,1.020637928308044456e-06,1.050484665499169753e-06,1.087759225992263299e-06,1.093017038807983383e-06,1.124508390690971930e-06,1.164635458256247285e-06,1.206254835318299266e-06,1.204240394290760618e-06,1.247365172065441754e-06,1.292050037064550483e-06,1.289976138684887105e-06,1.336234646644912159e-06,1.384114437589777155e-06,1.394436523378984112e-06,1.431506872254557032e-06,1.482694590744319904e-06,1.535576271457273452e-06,1.533411068731628229e-06,1.587997265327619437e-06,1.644309363773266810e-06,1.659836551685542200e-06,1.700175831256513273e-06,1.759961227818525149e-06,1.821483958331088543e-06,1.819314264365833913e-06,1.882573429654277736e-06,1.947547678390281799e-06,1.945408580944214981e-06,2.012089394836379852e-06,2.080432278074940823e-06,2.105981090693440515e-06,2.148331828861568543e-06,2.219890196751599576e-06,2.292958440521243660e-06,2.290977465081399079e-06,2.365514534525819889e-06,2.441403252190036052e-06,2.476236489555790217e-06,2.516710341616283498e-06,2.595030018536946444e-06,2.674357710600425106e-06,2.672664386290464995e-06,2.752904757173473762e-06,2.833843881792075881e-06,2.832314577220449445e-06,2.913829576054931870e-06,2.995660663647183671e-06,3.077585406937946029e-06,3.076314766499936713e-06,3.158162335306437837e-06,3.239599007251867969e-06,3.238556299083746338e-06,3.319379246449986921e-06,3.399200442444583572e-06,3.461926139298999137e-06,3.477009977094735977e-06,3.553917727181638602e-06,3.628771336771825829e-06,3.628430274928053112e-06,3.700952632200726826e-06,3.770641373369787478e-06,3.845082127999597032e-06,3.837280434594827669e-06,3.900110148630240908e-06,3.958749319721126337e-06,3.959615204470890870e-06,4.013836788489112872e-06,4.062931713633084117e-06,4.064637312641960179e-06,4.108463397966919263e-06,4.146224439981431276e-06,4.233004672060672090e-06,4.180794608105227522e-06,4.205530440276293783e-06,4.222854264818003382e-06,4.228020488612249603e-06,4.238249755486397336e-06,4.240324896422930724e-06,4.330758691154886194e-06,4.242554395127332448e-06,4.228426022860969804e-06,4.205348971214805093e-06,4.217677028438271335e-06,4.186933732557493855e-06,4.147092025155431228e-06,4.164186826841369839e-06,4.117093893162902769e-06,4.061112429420628988e-06,3.996426008196284511e-06,4.021828074618313892e-06,3.951172748492681160e-06,3.872657017364177192e-06,3.905834038916431163e-06,3.822859697328495557e-06,3.733328010579249483e-06,3.815731382026737726e-06,3.683465199783947247e-06,3.586580742915657350e-06,3.485866823508542470e-06,3.541661887485655056e-06,3.441780858684564446e-06,3.340378347153514706e-06,3.417802926864947633e-06,3.308860631643252289e-06,3.211754884328795881e-06,3.116958998612508686e-06,3.197444147604509446e-06,3.109489945799675221e-06,3.026332409115125196e-06,3.115810208337170848e-06,3.041239018115429069e-06,2.973605385794619976e-06,3.048752747926087106e-06,3.011692463467024935e-06,2.962074931978052633e-06,2.921635996932188381e-06,3.021589097204858042e-06,2.990647716529098372e-06,2.969176849198231618e-06,3.040478759095473819e-06,3.053351350526336302e-06,3.048410262958384390e-06,3.051784507632812775e-06,3.139444589842381284e-06,3.146552361129380428e-06,3.159906130195144977e-06,3.234259180735598399e-06,3.247390266553686885e-06,3.264126101386559511e-06,3.306908247974274664e-06,3.333221358317122241e-06,3.346475126968795456e-06,3.359418983613780732e-06,3.387306616124066208e-06,3.391057996419696053e-06,3.392367915643532953e-06,3.394030957117571127e-06,3.394030957117571127e-06,3.386489452342061930e-06,3.372938641957274093e-06,3.355504750224110064e-06,3.327617117713824588e-06,3.298622084006459601e-06,3.266071759553595850e-06,3.225137068994857182e-06,3.173626924367828540e-06,3.128767335718913071e-06,3.082119451868908884e-06,3.007766401328455462e-06,2.955000049365690113e-06,2.902208828466758117e-06,2.814548746257189608e-06,2.758981571121581767e-06,2.705123757449612118e-06,2.642706969840159164e-06,2.555592127477390802e-06,2.505337893276307752e-06,2.458513311329338218e-06,2.358560211056668135e-06,2.315646836243255974e-06,2.276894739582275687e-06,2.233751895259807232e-06,2.146088518123387865e-06,2.117402195330623922e-06,2.092863018187873817e-06,2.003385218965828166e-06,1.985494324820919387e-06,1.971336787758471219e-06,1.890851638766469612e-06,1.883350942963429425e-06,1.878840117747442687e-06,1.881226282487680838e-06,1.810256957467218594e-06,1.813867313642741329e-06,1.819003977932666492e-06,1.763208913939478916e-06,1.772902357056270067e-06,1.783096571756209708e-06,1.809621314890097614e-06,1.751131332382465444e-06,1.764152086949699721e-06,1.776309659519157117e-06,1.743132632613293449e-06,1.756825656160891110e-06,1.768877190493528371e-06,1.743475094761025629e-06,1.755929641204878472e-06,1.766136463795899413e-06,1.773934389287647508e-06,1.756839412855969448e-06,1.763830459433490932e-06,1.768080299933638744e-06,1.755751736460465778e-06,1.758558940183976944e-06,1.758467384455674115e-06,1.789041318303011744e-06,1.747857768562471949e-06,1.743007368950053458e-06,1.735344917621403192e-06,1.730175530008644113e-06,1.720479420392480100e-06,1.708138092066388439e-06,1.727283788458279787e-06,1.690417769176117551e-06,1.673663273083429391e-06,1.654681230760992935e-06,1.652964991245985196e-06,1.632236901437697438e-06,1.609596351721950333e-06,1.608714767837445426e-06,1.584564321521454764e-06,1.558835690482648357e-06,1.561824152673151237e-06,1.531597983674556147e-06,1.503385694758763711e-06,1.474107151275495982e-06,1.474416951057522002e-06,1.444338270752353086e-06,1.413491793186935810e-06,1.407747057569573760e-06,1.382761019344295672e-06,1.350903168882976060e-06,1.318689328463228987e-06,1.319682385105461946e-06,1.287311789214789803e-06,1.254817290118981314e-06,1.256030432036310592e-06,1.223583808929228335e-06,1.191211962218881897e-06,1.159003284917062974e-06,1.160465295160345819e-06,1.128555263724578146e-06,1.096958589647532826e-06,1.098578037935035231e-06,1.067407079353547415e-06,1.036670152952353342e-06,1.021286947592140879e-06,1.008211201119748663e-06,9.785271072895829910e-07,9.494102333491669135e-07,9.513053349593689727e-07,9.228184377282756943e-07,8.949584326905927295e-07,8.789428804175244294e-07,8.697454045965576485e-07,8.432251640753553807e-07,8.173877812721757600e-07,8.194342543765592953e-07,7.943033163120428320e-07,7.698726944686972933e-07,7.719484506760667214e-07,7.482286089782637652e-07,7.252143596631951961e-07,7.100774912246646571e-07,7.049903603818437206e-07,6.833817240364881437e-07,6.624695777150616966e-07,6.645410452016736470e-07,6.443111198674848884e-07,6.247618109671599989e-07,6.109243377093146312e-07,6.079140029649481992e-07,5.896827831002293629e-07,5.720994002373328498e-07,5.740835172760670583e-07,5.571176492042940734e-07,5.407727500853763823e-07,5.426999838538989437e-07,5.269411487945842048e-07,5.117740965664051794e-07,5.000917685527581184e-07,4.990217156863236972e-07,4.849691559149844048e-07,4.739107592383857633e-07,4.756731082501167808e-07,4.647008883510094117e-07,4.538559017688216531e-07,4.431525703259193254e-07,4.448065593242455181e-07,4.342302417937342116e-07,4.238213938736227574e-07,4.253898975395389404e-07,4.151312133989815209e-07,4.050623701219806025e-07,4.065430933444376723e-07,3.966444513909397283e-07,3.869545227535601082e-07,3.774814558747715821e-07
7.696693411328592098e-07,7.956559390085911424e-07,8.222023606761335963e-07,8.206995667280931607e-07,8.477548810880439680e-07,8.753229229571267336e-07,8.737354900867618883e-07,9.017614591314269504e-07,9.302439161623299085e-07,9.285744758544037649e-07,9.574551270521227055e-07,9.867269468799136359e-07,1.016353659226698896e-06,1.014580994537486109e-06,1.044499694858279498e-06,1.074694749037637451e-06,1.072850967945271447e-06,1.110987576848389754e-06,1.150545078525888533e-06,1.182506550674751896e-06,1.189629490617269379e-06,1.232109302696446261e-06,1.265572717293870490e-06,1.274127870168222746e-06,1.319658394739052019e-06,1.354567240711683520e-06,1.364743771618569842e-06,1.413439429815830241e-06,1.463758949794970622e-06,1.500665297094171101e-06,1.513665378882254261e-06,1.567280960620973172e-06,1.605343686216281794e-06,1.620502956582979864e-06,1.677468156938203265e-06,1.736114891131092861e-06,1.775540471526248802e-06,1.794389488664792444e-06,1.856390472217954369e-06,1.896399910741344469e-06,1.918027549956835926e-06,1.983325578165423376e-06,2.023588150342211465e-06,2.048258241023910017e-06,2.116733796305434769e-06,2.186717238342421350e-06,2.226570386138758326e-06,2.256287029219389751e-06,2.329121378082275814e-06,2.368076242134659432e-06,2.401489269978450679e-06,2.476843856404535313e-06,2.553279294097553457e-06,2.589699143264028134e-06,2.629084160872081072e-06,2.707331826307322972e-06,2.741160986137429659e-06,2.784803070752064799e-06,2.864233877143162968e-06,2.894630271008548684e-06,2.972247672816862721e-06,3.022537442509239117e-06,3.102212823577412361e-06,3.125638321313402799e-06,3.180494842240938954e-06,3.259128425943830541e-06,3.276610297171815209e-06,3.336046656604460245e-06,3.412471272004805554e-06,3.487252522392242732e-06,3.493622669043854138e-06,3.559713364511497545e-06,3.630218471669063884e-06,3.627737701387599183e-06,3.698049616500084004e-06,3.762759542737570653e-06,3.823862611670087697e-06,3.805795026643492632e-06,3.881714885427905938e-06,3.934487579542581487e-06,3.904739192434683694e-06,3.983887174965100387e-06,4.026611219003858927e-06,3.984303379000297935e-06,4.066136288621071921e-06,4.097141511622972021e-06,4.121432486669821312e-06,4.058946087107935085e-06,4.143337893814715169e-06,4.153607145739777726e-06,4.077633957025234778e-06,4.163053054204196945e-06,4.158173783982661274e-06,4.144882847869550517e-06,4.049127555446095850e-06,4.134283211446473331e-06,4.104855102710614319e-06,3.997747667043247042e-06,4.082335637696650997e-06,4.036960667741543672e-06,3.920576511175323348e-06,3.861876748634249130e-06,3.943816682310443076e-06,3.875341613063803656e-06,3.749240856543000221e-06,3.829735342275347996e-06,3.748979127406801767e-06,3.621610855895788448e-06,3.700703136935145058e-06,3.610675200259742059e-06,3.515770217695802555e-06,3.392916483673142931e-06,3.468644637006983524e-06,3.370230278061283125e-06,3.257035988961427717e-06,3.332009504192304633e-06,3.234673464802971152e-06,3.137971590356598678e-06,3.045582569663863647e-06,3.118559841937602368e-06,3.030089748271044279e-06,2.957085666685216957e-06,3.030268332115074005e-06,2.954273770620315011e-06,2.902748389661078565e-06,2.976053040504276076e-06,2.915778456009917364e-06,2.863582342150807541e-06,2.844243358304952364e-06,2.916264819478570968e-06,2.882433285790371170e-06,2.882964743368099636e-06,2.953089460027955087e-06,2.936689304189394381e-06,2.929081512086486193e-06,2.952632251676314412e-06,3.017105297686763655e-06,3.022556415052495343e-06,3.053849304404055900e-06,3.110432028590060977e-06,3.123442896519433418e-06,3.155566825637801148e-06,3.200762044010320969e-06,3.214941817570054750e-06,3.230629173355880346e-06,3.254957091113458006e-06,3.280533268616433896e-06,3.288625560864521764e-06,3.298992999872177334e-06,3.306384783551222973e-06,3.302299295834705449e-06,3.302299295834705449e-06,3.294982013550728201e-06,3.282297085893877486e-06,3.264904028179416474e-06,3.242679770854806998e-06,3.210975625304353585e-06,3.175970520275569421e-06,3.139999822817672663e-06,3.101325319783933127e-06,3.046995063126977219e-06,2.994654203562861326e-06,2.946889646415902527e-06,2.878806441703405212e-06,2.818427675263690359e-06,2.766250051005522083e-06,2.688253081787063127e-06,2.625182886636280820e-06,2.573388698328917378e-06,2.524122361161597172e-06,2.439071949137868024e-06,2.381762288484459861e-06,2.338206190865561920e-06,2.251880233497234350e-06,2.202922679542578719e-06,2.167878393314577768e-06,2.136935545445179668e-06,2.052922238322695261e-06,2.020695271693437373e-06,1.999771654619680606e-06,1.919964105128724401e-06,1.901038561557544511e-06,1.890154978611595984e-06,1.815743407506531476e-06,1.810250162228212810e-06,1.808492154049912947e-06,1.809013746962735802e-06,1.741781931490482674e-06,1.752811285096563595e-06,1.759886320803544379e-06,1.698432970253321372e-06,1.719388130546904966e-06,1.730949547009596535e-06,1.742407823991249982e-06,1.687173880774524206e-06,1.717308660721175418e-06,1.730231214957013729e-06,1.679429502478290750e-06,1.713819592580994012e-06,1.726296279448806384e-06,1.679192032121543990e-06,1.690315735485257497e-06,1.725983774786411520e-06,1.733987557448843933e-06,1.690368638917533085e-06,1.725338404202338592e-06,1.729712442580111861e-06,1.688471906568959611e-06,1.721240074640408607e-06,1.721272903276527249e-06,1.718505733438025388e-06,1.679714312071989564e-06,1.706794151843676760e-06,1.699392257486775178e-06,1.662373313685245237e-06,1.685213115232366347e-06,1.673231895900969782e-06,1.658825405028275700e-06,1.624094734077380271e-06,1.639883372741612279e-06,1.621440842730557000e-06,1.588433628660748507e-06,1.599704104809557638e-06,1.577700847795761568e-06,1.546457814599235579e-06,1.553406848124395986e-06,1.528398051687716504e-06,1.502028122878516660e-06,1.473479754515517795e-06,1.474498805420614149e-06,1.446030535528705598e-06,1.419419972818079818e-06,1.417063671750284831e-06,1.387057172564274601e-06,1.356440830200211413e-06,1.332757904578959458e-06,1.326117916955932456e-06,1.294754848177755985e-06,1.273066761699341695e-06,1.264151704572326227e-06,1.232492417006665276e-06,1.212773810531920733e-06,1.182022394526136627e-06,1.170432557588662372e-06,1.139014374291367546e-06,1.122124059647406498e-06,1.109238630657816221e-06,1.078390155909866159e-06,1.063310360664850499e-06,1.049457536920140980e-06,1.019420896014343153e-06,9.898452243980656473e-07,9.772798294336998629e-07,9.624901386364505070e-07,9.339965911487612144e-07,9.229856335770426471e-07,9.078852339895738002e-07,8.805955422453781514e-07,8.539303101720377222e-07,8.450209040485351758e-07,8.298068123705338415e-07,8.044618622356271188e-07,7.968141734382166208e-07,7.817281909188076057e-07,7.577405652352454471e-07,7.512365623060698149e-07,7.364017025785883900e-07,7.137838637231433279e-07,6.918486033115924046e-07,6.868472877388355442e-07,6.725682692665893404e-07,6.519879176315947408e-07,6.478563289309524716e-07,6.340379579167322500e-07,6.147821538265059290e-07,5.961788318519037872e-07,5.931716468414331585e-07,5.801397473436525305e-07,5.627979211536853530e-07,5.604247046633185971e-07,5.479533892217349000e-07,5.318203602114354007e-07,5.299984656859557075e-07,5.181049225246682229e-07,5.031232983864129569e-07,4.887054132998208876e-07,4.904693752261800115e-07,4.792432806885414182e-07,4.681160362372308528e-07,4.698119604763793886e-07,4.587757333300035224e-07,4.478691481463251858e-07,4.371066146895063924e-07,4.387037832418915819e-07,4.280730090626123088e-07,4.176120479717661780e-07,4.191307592728770328e-07,4.088245787361438019e-07,3.987105082091944712e-07,4.001482446928376691e-07,3.902088262286211551e-07,3.804802995347763182e-07
7.892922138040097380e-07,8.158813136656446226e-07,8.144233648879607686e-07,8.415257182241814808e-07,8.691430179820101337e-07,8.676070851365885480e-07,8.956868175165628211e-07,9.242253201441020379e-07,9.226142242413642592e-07,9.515555326090113659e-07,9.808903335427066959e-07,1.010582359117350877e-06,1.008877344772241386e-06,1.038866034143789928e-06,1.069133414049541834e-06,1.067364289484406593e-06,1.097847692087203623e-06,1.128523020088729818e-06,1.168269123298868812e-06,1.175414149442393216e-06,1.207563272812606410e-06,1.250137214989542431e-06,1.258692896030553934e-06,1.292270910383020499e-06,1.337780418384707369e-06,1.347929944718784571e-06,1.382864530655182954e-06,1.431400792794217353e-06,1.481480520824499524e-06,1.494398306170279070e-06,1.531160877491614017e-06,1.584358500462503328e-06,1.599389154823947414e-06,1.637171406402815630e-06,1.693510621018854376e-06,1.751413847895886436e-06,1.770046749212433597e-06,1.808941749249594870e-06,1.869941795332469088e-06,1.891282377192595095e-06,1.930565308431396562e-06,1.994569193051916221e-06,2.018869824285078330e-06,2.058183596531127185e-06,2.125034320781240052e-06,2.193212347194901884e-06,2.222413440000692600e-06,2.260931092203604645e-06,2.331571810961638901e-06,2.364355990870923077e-06,2.401684654718705594e-06,2.474419340450895370e-06,2.548007923493589862e-06,2.586571591160261923e-06,2.620879235648288027e-06,2.695801375080793494e-06,2.738478270838691650e-06,2.769843874417587511e-06,2.845441101124576330e-06,2.921056789804979592e-06,2.919951123498858613e-06,2.995429621671365439e-06,3.070472171911674722e-06,3.123964224587249106e-06,3.143989851460343792e-06,3.217448642809193814e-06,3.275349652046844223e-06,3.289060129012102073e-06,3.359778826484590152e-06,3.428598800913591073e-06,3.492900720875129574e-06,3.494977215028935951e-06,3.559064629014407036e-06,3.627421932299848955e-06,3.620368992880726497e-06,3.678230451322385634e-06,3.732312283214351445e-06,3.806053932794054888e-06,3.783152412158428413e-06,3.828649420827276098e-06,3.905483098961268486e-06,3.870871450405091870e-06,3.906210408197329488e-06,3.985607766829753490e-06,3.938563083207838054e-06,3.962251982900375526e-06,3.979331072048660577e-06,4.061157736749377007e-06,3.994443995446406546e-06,3.997893465266932894e-06,4.080664659494912430e-06,4.001099226198947769e-06,3.990037678861480372e-06,3.970974881003328428e-06,4.053417017799950006e-06,3.955415549638000289e-06,3.921241747337304365e-06,4.003043566031421854e-06,3.894915763667563899e-06,3.846068082688836368e-06,3.789303745462358661e-06,3.810850129892210772e-06,3.748476331605818284e-06,3.678846467361093467e-06,3.756393660531671170e-06,3.633067906010922319e-06,3.552871692233297987e-06,3.628885750492710887e-06,3.505958371615842348e-06,3.418244388271611091e-06,3.326570359151674584e-06,3.399096781791674540e-06,3.283004447192613056e-06,3.189446373482448249e-06,3.261072600364944701e-06,3.155866615377097220e-06,3.064765599158742984e-06,2.974949908539024111e-06,3.044490391381789310e-06,2.961241659247724680e-06,2.880464450916095986e-06,2.950208466162001132e-06,2.886341833696718721e-06,2.818354053320504211e-06,2.888374214091680737e-06,2.845329346400411994e-06,2.792854547063380883e-06,2.748239073162210167e-06,2.817474423711441812e-06,2.804703757790836955e-06,2.777519071356388183e-06,2.845570160015671890e-06,2.850565845616186774e-06,2.839554191787688808e-06,2.836633001931100376e-06,2.900393448797951366e-06,2.924942937002113292e-06,2.933648435068094887e-06,2.990926086828420667e-06,3.020730381153430413e-06,3.035737009085784427e-06,3.083235187584808729e-06,3.111716564729337028e-06,3.126980249533230232e-06,3.143311115303958430e-06,3.173368632746997199e-06,3.191935338801513777e-06,3.200389271116631813e-06,3.213700363692416378e-06,3.217804620652713165e-06,3.214181019846193051e-06,3.214181019846193051e-06,3.207288519536055544e-06,3.197004449714116530e-06,3.178531425317543866e-06,3.157100246861507959e-06,3.129387166937892778e-06,3.093084762091441094e-06,3.058216562294862698e-06,3.020598322093369272e-06,2.974663425073984800e-06,2.917850327891717284e-06,2.871151665263677580e-06,2.815883224127769978e-06,2.747042384284611255e-06,2.695669872976918947e-06,2.636014278908700081e-06,2.558863382342323407e-06,2.507387789216444005e-06,2.458152718161653523e-06,2.401677365785441125e-06,2.319179209765200282e-06,2.275042211473052385e-06,2.225111298903724222e-06,2.142253464670394789e-06,2.106032181029138347e-06,2.073731575607595391e-06,2.038548062753297433e-06,1.958686132876823171e-06,1.936007117831957515e-06,1.913086904605508576e-06,1.837602412806438104e-06,1.824749799856318536e-06,1.814651229224457985e-06,1.744490136172679726e-06,1.740756089946566286e-06,1.739460498839914370e-06,1.745818542894514653e-06,1.682498826864783543e-06,1.688029932580595266e-06,1.704613268389069137e-06,1.646691807318014788e-06,1.657136133840927828e-06,1.667784586697120750e-06,1.694448775978652800e-06,1.642221962427993434e-06,1.654891461408304050e-06,1.686582311266778080e-06,1.638386402744678829e-06,1.651205029597804402e-06,1.662406826125402535e-06,1.640860405814170270e-06,1.652199386002898263e-06,1.661420011349418823e-06,1.695664694097607589e-06,1.653917039413934872e-06,1.660013093513234147e-06,1.692761832818041710e-06,1.653155539925252289e-06,1.655335757029394014e-06,1.654888274111068734e-06,1.682746536190002233e-06,1.645356859807750364e-06,1.640555384416724704e-06,1.664588134265298831e-06,1.628828120984471366e-06,1.619630446990657371e-06,1.608057520946049581e-06,1.625406285070156104e-06,1.591782369465427499e-06,1.576221805891777302e-06,1.589189479371324865e-06,1.557190376349279883e-06,1.538040364936069686e-06,1.546735288552435152e-06,1.516410566973660349e-06,1.494162312162448958e-06,1.470485322726444524e-06,1.473194536477456606e-06,1.445442851297092012e-06,1.419497441285282662e-06,1.418739973469007349e-06,1.392842795337601231e-06,1.365175499104646716e-06,1.336794827563061586e-06,1.331557425932049561e-06,1.308469394734156478e-06,1.279125627224713671e-06,1.271468477365315063e-06,1.250296921559582437e-06,1.220435502246498476e-06,1.190434855590288138e-06,1.191490378393309352e-06,1.161503911430304507e-06,1.131557523758980554e-06,1.119558393261448149e-06,1.103007432456221610e-06,1.073423994355745760e-06,1.060318705405343192e-06,1.045515430117712433e-06,1.016549925929496978e-06,9.879536905534289284e-07,9.737208500050022851e-07,9.613496514262911620e-07,9.336642622270678405e-07,9.190087596824418658e-07,9.081440987360177590e-07,8.815077047560199382e-07,8.554236248291251189e-07,8.405068851564729555e-07,8.316834874716416463e-07,8.067892894844072917e-07,7.919182058318879586e-07,7.843233843306016890e-07,7.606719898478126512e-07,7.459806797538761991e-07,7.395018575102029214e-07,7.171207595498113151e-07,6.953763249553335508e-07,6.811505380265565748e-07,6.761414384248555731e-07,6.556729164077228402e-07,6.418606441975045898e-07,6.377050339932024508e-07,6.184943604022851312e-07,5.999054509005254489e-07,5.868216867059447185e-07,5.837721327477782058e-07,5.663942240046341185e-07,5.538427180662001258e-07,5.514193976419387224e-07,5.352091552086507292e-07,5.232131017641486662e-07,5.213360123467034705e-07,5.062442953549488139e-07,4.948166686157820634e-07,4.834562586879891120e-07,4.851487960407951184e-07,4.738535068283291732e-07,4.626593032212582419e-07,4.642905057666949056e-07,4.531917928670146521e-07,4.422249530922921467e-07,4.314043883750400841e-07,4.329457383099408105e-07,4.222613448040859703e-07,4.117489478466706384e-07,4.132183886106461879e-07,4.028650826086808481e-07,3.927060094700489720e-07,3.941008421758772319e-07,3.841205930995411497e-07
8.099029604895594308e-07,8.084896136885930864e-07,8.356386223458965063e-07,8.633046515495311450e-07,8.618195411963110026e-07,8.899522060239980383e-07,9.185457657914964574e-07,9.169918641196310088e-07,9.459925136982579359e-07,9.753888100258246306e-07,1.005144489511380728e-06,1.003505288872526863e-06,1.033561949776299212e-06,1.063899453627176988e-06,1.062202596363633854e-06,1.092760396721940852e-06,1.123512235979114118e-06,1.154411361387573834e-06,1.152648475572111214e-06,1.193174702322973868e-06,1.235098923992490156e-06,1.233296434433628664e-06,1.276631617467251332e-06,1.321411920550676026e-06,1.319579931134453751e-06,1.365817681948510872e-06,1.413538539010251677e-06,1.448254987370504122e-06,1.460903452457855495e-06,1.511627484733330020e-06,1.563867548436660929e-06,1.562014274206515885e-06,1.615776101781349219e-06,1.671056060881408123e-06,1.707919148508210652e-06,1.726016607766813071e-06,1.784315302372501622e-06,1.844094179843193568e-06,1.842300332036528150e-06,1.903549095144909518e-06,1.966220022274246730e-06,1.964479907299720126e-06,2.028553034834762018e-06,2.093957828788179087e-06,2.130898695953905457e-06,2.158993757494100690e-06,2.226901262726906669e-06,2.295930683373799380e-06,2.294386534189103143e-06,2.364481070948885825e-06,2.435501196102784392e-06,2.469050414296106323e-06,2.505941135231393989e-06,2.578487142353824414e-06,2.651562591637481744e-06,2.650314651841199170e-06,2.723807692425601474e-06,2.797491417386594728e-06,2.823407040426412543e-06,2.870138652879480534e-06,2.943661415526752618e-06,2.965062738143385666e-06,3.015896060525272131e-06,3.088352594014455600e-06,3.159855802415665317e-06,3.159227442990724873e-06,3.229573931487623262e-06,3.298386822943387918e-06,3.304180932902679125e-06,3.365072169430903371e-06,3.429938995787533622e-06,3.492292755572513044e-06,3.492358492503786823e-06,3.551937342054299862e-06,3.608248881808370338e-06,3.591910872422364000e-06,3.661589935913446931e-06,3.710381153968845823e-06,3.754725443323526238e-06,3.756076247891873011e-06,3.795835360495729934e-06,3.830356232617139145e-06,3.832621985539823386e-06,3.861876867643135467e-06,3.885133148050705768e-06,3.828739083400670169e-06,3.906063659754008570e-06,3.916774469425329076e-06,3.920463111227489866e-06,3.926448562099619527e-06,3.923593092691446484e-06,3.913219047234550439e-06,3.826581494217075827e-06,3.904726366073133035e-06,3.879837014680185575e-06,3.847024082833631699e-06,3.860362183557938124e-06,3.821036282306831367e-06,3.773884807662913431e-06,3.663451056899127661e-06,3.738879532022975533e-06,3.678422044995489589e-06,3.562719773673440155e-06,3.636886457190480944e-06,3.564880588795321426e-06,3.486732039447294673e-06,3.520043524299975539e-06,3.438975640122625132e-06,3.353108548514955600e-06,3.237748260627013260e-06,3.307703174103788620e-06,3.217607593748624899e-06,3.125313560322831383e-06,3.178978788226865598e-06,3.088604379185945608e-06,2.998093211963021168e-06,2.907083347024988240e-06,2.974598784238100224e-06,2.890108104680697952e-06,2.808739176283392361e-06,2.883442565779556957e-06,2.808912555847367765e-06,2.739496591675241333e-06,2.821472055687863984e-06,2.760138817181560812e-06,2.705537160052647637e-06,2.679040433626534305e-06,2.746626640328151746e-06,2.708402309507861464e-06,2.678419326644076298e-06,2.767717586438551562e-06,2.745832510757469394e-06,2.732153435751192476e-06,2.748457674633280810e-06,2.811524683610761537e-06,2.811551823863468505e-06,2.818453779872484526e-06,2.895386711143719067e-06,2.904934039059432325e-06,2.919461464315905313e-06,2.984365066132123459e-06,2.998119326836847534e-06,3.014562200179672208e-06,3.042771331296874658e-06,3.076057565551465656e-06,3.088638559793394336e-06,3.100629783297560714e-06,3.124795301397090664e-06,3.128538884971989163e-06,3.129946203078350001e-06,3.129490026384759940e-06,3.129490026384759940e-06,3.124944113190950627e-06,3.113139557415526965e-06,3.097826811076271259e-06,3.073661292976741310e-06,3.048171769957147517e-06,3.019441921656474010e-06,2.979605356464282660e-06,2.938475217723074440e-06,2.898629148284315439e-06,2.857005260593529482e-06,2.792101658777311336e-06,2.744789576257241630e-06,2.697189744288101156e-06,2.620256813016866615e-06,2.569785565228066152e-06,2.520533274083426442e-06,2.444445449720026561e-06,2.386255338340705355e-06,2.339434653708534824e-06,2.295427299613498450e-06,2.206129039819023186e-06,2.165134078949475635e-06,2.127700866694556792e-06,2.047854122604502990e-06,2.006768435488452087e-06,1.977911697506405129e-06,1.952802852221586293e-06,1.870827388208963642e-06,1.851496252572164124e-06,1.835684537475252165e-06,1.760981147979087569e-06,1.751140835338115072e-06,1.744284239300941142e-06,1.677633741080115062e-06,1.677011890013073881e-06,1.678032354017096633e-06,1.680854252318356630e-06,1.627189024411953687e-06,1.634488534617919319e-06,1.642717864395415695e-06,1.587905583987517068e-06,1.609900518804972053e-06,1.621644742253873089e-06,1.633084590536910346e-06,1.599773104346967745e-06,1.613121060933370607e-06,1.625424222581036565e-06,1.579891754697326919e-06,1.612564512064186930e-06,1.624084927176830516e-06,1.581715163692487215e-06,1.615706249920731754e-06,1.625069596281947777e-06,1.632197342643813554e-06,1.618859044724242980e-06,1.625013703986632821e-06,1.628694921927463244e-06,1.591317573670544337e-06,1.621303806601787562e-06,1.620963633683730210e-06,1.618091557986147298e-06,1.612104606833773251e-06,1.607470120065337467e-06,1.600372721574966177e-06,1.566637269885735945e-06,1.587374269924151042e-06,1.576126978589838237e-06,1.562699596718564414e-06,1.560428021792997141e-06,1.545292020682722860e-06,1.528213908662723752e-06,1.526854075367664712e-06,1.508223968025298475e-06,1.487922125490135910e-06,1.459276051564559526e-06,1.465576175869955849e-06,1.442544255907970061e-06,1.418274765531126802e-06,1.418189222626301355e-06,1.392945156391287446e-06,1.366748582527216200e-06,1.342222603436834138e-06,1.340069590032841906e-06,1.312442661705681554e-06,1.284243070615156285e-06,1.284837477097396576e-06,1.256257843647637803e-06,1.227332690320466534e-06,1.207204608757836828e-06,1.199034703640320139e-06,1.169787971184626600e-06,1.151426500377062954e-06,1.141528603629109257e-06,1.112312856096638170e-06,1.083203729599073514e-06,1.084396667690944497e-06,1.055511763045433467e-06,1.026867062958989123e-06,1.012689168603002276e-06,9.998881909023320102e-07,9.719318688800504455e-07,9.443716067339536593e-07,9.458486887985078272e-07,9.187587322059425175e-07,8.921409405199987825e-07,8.816658215943299460e-07,8.676231592737462328e-07,8.420654798323700464e-07,8.170603990351888227e-07,8.187251388032782081e-07,7.943110894633378780e-07,7.704829731266304058e-07,7.721991422009216717e-07,7.489829385523060242e-07,7.263729674748749679e-07,7.200522062531786251e-07,7.061350460779527312e-07,6.847617633644081734e-07,6.640060906634258297e-07,6.657791311758036413e-07,6.456424376927762855e-07,6.261197658514215760e-07,6.220187414952927151e-07,6.089773188179677558e-07,5.906659097823468582e-07,5.729519295627867572e-07,5.747046097646713491e-07,5.575721703110535992e-07,5.410196438705637197e-07,5.427441016052370181e-07,5.267502996995770061e-07,5.113154648940396349e-07,5.130020335073953578e-07,5.014504331572797935e-07,4.899496074072516613e-07,4.785180204742010097e-07,4.801414190469709109e-07,4.687790416235019665e-07,4.575198090386966790e-07,4.590880470182874145e-07,4.479284358486829696e-07,4.369027628769265018e-07,4.260254258889585748e-07,4.275120575884525739e-07,4.167749904213870211e-07,4.062119525150167008e-07,4.076327709435073472e-07,3.972328450424094717e-07,3.870291363384525361e-07,3.883812979319995972e-07
8.028788896187022396e-07,8.300740414747404356e-07,8.577881510783907516e-07,8.563530734121202727e-07,8.845377363332504466e-07,9.131852706073732674e-07,9.116873285974024661e-07,9.407459293141633613e-07,9.702021719948609285e-07,1.000019794039678171e-06,9.984445302403185008e-07,1.028567117247862198e-06,1.058972528184563633e-06,1.057345547261533250e-06,1.087975177861593291e-06,1.118800782099876901e-06,1.149775584075501484e-06,1.148090259085759537e-06,1.179153223524204033e-06,1.210267283121193780e-06,1.218718939649434626e-06,1.261378081162464635e-06,1.293738946992094782e-06,1.303698050390907427e-06,1.349179115514779278e-06,1.382696608721794564e-06,1.430153002802167586e-06,1.442713607607261731e-06,1.477265209704638798e-06,1.527557727629528295e-06,1.542093910248669771e-06,1.594869892714660986e-06,1.630656404994750143e-06,1.685202407845824574e-06,1.703087433563756004e-06,1.739424250312807473e-06,1.796751553390776335e-06,1.817141567687233456e-06,1.877144695567235754e-06,1.913760009845124461e-06,1.936877394254755310e-06,1.999596474880440356e-06,2.035957542220254829e-06,2.099656712483174361e-06,2.127266940807745316e-06,2.162943125520542534e-06,2.228793798943225716e-06,2.259674355657084941e-06,2.328151851843417324e-06,2.361818152600569840e-06,2.430194232929190780e-06,2.466326849713844945e-06,2.497909856233761200e-06,2.567383871393905702e-06,2.607239352082137020e-06,2.678907489873816389e-06,2.706013538010963351e-06,2.775940263996138290e-06,2.821581004168952084e-06,2.844718820599324230e-06,2.914009240855659582e-06,2.963605907469461898e-06,2.981893212081945071e-06,3.049639189244251432e-06,3.103190991081263313e-06,3.171665267835193923e-06,3.180853707606794292e-06,3.244264102452934793e-06,3.303548348080432397e-06,3.305438313490926855e-06,3.364502144160493983e-06,3.427413901834463322e-06,3.485397055624877513e-06,3.474415940720170647e-06,3.524392238430876437e-06,3.592125411646283011e-06,3.571402194343514141e-06,3.613631047593616868e-06,3.684137818435212920e-06,3.722926873820739706e-06,3.685937421546219200e-06,3.758752501824647009e-06,3.787380469685594110e-06,3.738873855434477956e-06,3.755596240769309633e-06,3.830637004400232583e-06,3.770347751587874565e-06,3.774847716133824141e-06,3.850773851292648776e-06,3.848331361502319983e-06,3.770270217863398462e-06,3.754561258684885307e-06,3.830291437800860070e-06,3.741431593105005001e-06,3.712072766717481476e-06,3.787283685787062316e-06,3.749399235283927907e-06,3.646229135357458325e-06,3.596309581842879636e-06,3.669212002340631839e-06,3.559456713615603607e-06,3.497593027421475537e-06,3.569139655295165798e-06,3.455549039605400604e-06,3.383623008152122584e-06,3.453816469031691098e-06,3.374646693251771360e-06,3.260192267682017949e-06,3.176756051683568024e-06,3.243854934024059313e-06,3.134199106988407756e-06,3.048006793828968965e-06,3.114292755102562625e-06,3.024906843538827286e-06,2.928090798564245750e-06,2.843401631482965743e-06,2.907801530085958356e-06,2.824925231349376940e-06,2.747108590253941279e-06,2.811768771995261410e-06,2.736415692362035783e-06,2.678217484210905634e-06,2.743328507623089532e-06,2.680428574840205746e-06,2.641485375718580006e-06,2.593930063048074789e-06,2.658736977411096260e-06,2.638912780595698403e-06,2.607089908717665411e-06,2.671531341064232455e-06,2.647055591251368020e-06,2.652682586509362169e-06,2.643861097456887898e-06,2.705694244498960924e-06,2.724097217096122845e-06,2.727725280733638911e-06,2.785122270687019023e-06,2.793406511279560492e-06,2.823243557732219173e-06,2.873408379975462937e-06,2.887266184906362967e-06,2.916829963715191129e-06,2.934208954169056638e-06,2.970688262547495604e-06,2.994286130418595792e-06,3.007323848907207962e-06,3.029820566163437598e-06,3.037453179827182964e-06,3.046696638951632905e-06,3.048365782713338191e-06,3.049864252784277269e-06,3.049864252784277269e-06,3.043745174962810431e-06,3.032479809987149245e-06,3.017292830915478222e-06,2.997730067801521041e-06,2.970052116509000411e-06,2.942214543978755778e-06,2.907522287714903606e-06,2.864323855223906883e-06,2.825557367794139692e-06,2.779232494712452892e-06,2.736441748872548120e-06,2.676562719254724297e-06,2.622623506173550302e-06,2.575340882612195605e-06,2.506398961390486622e-06,2.457674983015574587e-06,2.401682019585706675e-06,2.327058406999397044e-06,2.280265179755835032e-06,2.227084302587341377e-06,2.185801616781995889e-06,2.108442683150748086e-06,2.070238880987488481e-06,2.027550666389065368e-06,1.951157498159601163e-06,1.921037137866841070e-06,1.888359322146509838e-06,1.866471101626863389e-06,1.793956823665417722e-06,1.772736854111684100e-06,1.759919789774139808e-06,1.691934876292314395e-06,1.683279564171301007e-06,1.678351924141090683e-06,1.615492313407085935e-06,1.614773817377700437e-06,1.620736313476280815e-06,1.625462249355851356e-06,1.568898571018175558e-06,1.575843689867285713e-06,1.594012257422515703e-06,1.542269321872420673e-06,1.553140172020962198e-06,1.578164024471587635e-06,1.590429021268581207e-06,1.543667181812778084e-06,1.555880043825853660e-06,1.586311642913787027e-06,1.543027174457278770e-06,1.554985147203904707e-06,1.587476140767982855e-06,1.547046146122351654e-06,1.557361133257087891e-06,1.590173467584261550e-06,1.597404004908319450e-06,1.559623541093204137e-06,1.564936173796647057e-06,1.595027995484130352e-06,1.559074739254643497e-06,1.560728382283657974e-06,1.588157354706990434e-06,1.585429664487104642e-06,1.551387828681065291e-06,1.546665915771247080e-06,1.568538185948405449e-06,1.535911649627967350e-06,1.527192242276543961e-06,1.545150300750649881e-06,1.532095094793868401e-06,1.501348328486382733e-06,1.515263127313245163e-06,1.498649665114344358e-06,1.469337646879739680e-06,1.451613070911325480e-06,1.459507153081889418e-06,1.431679687991699711e-06,1.411141876648685146e-06,1.415382819436277946e-06,1.391769404860312025e-06,1.366232201252346536e-06,1.342319909003613819e-06,1.341626822137117154e-06,1.317742240320524909e-06,1.292238361223266893e-06,1.288745563770519873e-06,1.261284249016021453e-06,1.239909840933778960e-06,1.212826196214518300e-06,1.205813846527930434e-06,1.186155705776758554e-06,1.158554984900386052e-06,1.149681281624336494e-06,1.131724171758151889e-06,1.103960104146113660e-06,1.093569472510430321e-06,1.065156603390602893e-06,1.049656045702160446e-06,1.022183922446454812e-06,1.010083978766352192e-06,9.961645316986622816e-07,9.692071034671717123e-07,9.563301413702654410e-07,9.293730507808984306e-07,9.176637931550528430e-07,8.918079558879069817e-07,8.781913987666536960e-07,8.678579941672650448e-07,8.429217085264081947e-07,8.290727047271355528e-07,8.045602732088970492e-07,7.961004445104176179e-07,7.821841303817489942e-07,7.588044091029359414e-07,7.514788795553988284e-07,7.291997207954470343e-07,7.154296723498569228e-07,7.091394738876150931e-07,6.880046918601692533e-07,6.744725308516595963e-07,6.540619303012813424e-07,6.491426922799664375e-07,6.297417373323699853e-07,6.167172556135836538e-07,6.126000419988659418e-07,5.943472531566245044e-07,5.817386819954588479e-07,5.642817710124618529e-07,5.612098891021049531e-07,5.490602867788596060e-07,5.327348471298229264e-07,5.302600602941741099e-07,5.186001163818738943e-07,5.069545782260285782e-07,5.085669436922845099e-07,4.969429428838070743e-07,4.853715455082903408e-07,4.738712379333302866e-07,4.754277851798988146e-07,4.640004404345449290e-07,4.526781357517055949e-07,4.541852047806806601e-07,4.429663326066013059e-07,4.318833084189646863e-07,4.209505290554301345e-07,4.223836236427259148e-07,4.115949185794691038e-07,4.009821336292540429e-07,4.023550853360291629e-07,3.919091604837292305e-07,3.816613061664923366e-07
8.248135774373210368e-07,8.525750158080878523e-07,8.511890864498558172e-07,8.794247269824413419e-07,9.081250758873761154e-07,9.066817910583053558e-07,9.357968947089633586e-07,9.653114868052861311e-07,9.951893028521957873e-07,9.936760729691864604e-07,1.023862526202469107e-06,1.054333624978745097e-06,1.052774139563048425e-06,1.083473055980530493e-06,1.114369715415405303e-06,1.145417317301108888e-06,1.143806508373935885e-06,1.174945672412427164e-06,1.206137578322070436e-06,1.204497545786722250e-06,1.235682380270897351e-06,1.278272360404145474e-06,1.288192249202928926e-06,1.320539563133528545e-06,1.365822314219514266e-06,1.412470559721614748e-06,1.410800502397956859e-06,1.458821639472941216e-06,1.508219397258224107e-06,1.506555671102932217e-06,1.557334132687947285e-06,1.609484521569295157e-06,1.662996729820264266e-06,1.661361973136564057e-06,1.716231720293686071e-06,1.772428282760397635e-06,1.770831792501862545e-06,1.828343738016293717e-06,1.887122394423241216e-06,1.909890482985151529e-06,1.945603891124275706e-06,2.006805831351141399e-06,2.069126740397231592e-06,2.067678160200837116e-06,2.131078703293775327e-06,2.195455547607065324e-06,2.194096026532656745e-06,2.259394808132955091e-06,2.325485642816786480e-06,2.392258404313868313e-06,2.391041467612538470e-06,2.458413659615194670e-06,2.526211870088713699e-06,2.525119721213764900e-06,2.593240375468498194e-06,2.661477605320052909e-06,2.729654425475424822e-06,2.728753626468934536e-06,2.796730938167471587e-06,2.864251136344875427e-06,2.863515421903486973e-06,2.930416135891182965e-06,2.996402278945285615e-06,2.995855740695217478e-06,3.060743918647909102e-06,3.124199580738898440e-06,3.185939248566009363e-06,3.185700198256728409e-06,3.245507619652457933e-06,3.303013650017561256e-06,3.303069820732929965e-06,3.358039567651064182e-06,3.410040776930310755e-06,3.458728485156065303e-06,3.459320845461478139e-06,3.504511680620321282e-06,3.545694150778261866e-06,3.546854560857823086e-06,3.583900123724583562e-06,3.616239772479947987e-06,3.686969973231894587e-06,3.645779528645899211e-06,3.668000002059638402e-06,3.684505261917845713e-06,3.687968045859263796e-06,3.698926753615144783e-06,3.703596786575258176e-06,3.708698389246881877e-06,3.707470077440239292e-06,3.699500888319386636e-06,3.684586396194447891e-06,3.692772666554397657e-06,3.671714262834469539e-06,3.643519038077684100e-06,3.654863775761992038e-06,3.620713027844982118e-06,3.579469977060288449e-06,3.531205460882028188e-06,3.548116917251175150e-06,3.494628687549634545e-06,3.434586781588384576e-06,3.456799821696590337e-06,3.392490070404817694e-06,3.322412457787585980e-06,3.350919411951080965e-06,3.277845675516247914e-06,3.200111105396863753e-06,3.118340246550600164e-06,3.156655266251685177e-06,3.074216273778070690e-06,2.989294180778350828e-06,3.035778759634965055e-06,2.952033092185276219e-06,2.867572051868949313e-06,2.783333608780172443e-06,2.841153373993555413e-06,2.760911149375562765e-06,2.682810942695403094e-06,2.748835260593450606e-06,2.676422607008612063e-06,2.607979153427046413e-06,2.670114158681721730e-06,2.619832594566155724e-06,2.563917782089680513e-06,2.514301490196897798e-06,2.594721665767716823e-06,2.553215105977463759e-06,2.518921275581081885e-06,2.601859114072609512e-06,2.575356292595373738e-06,2.556351115916785276e-06,2.544918946381474300e-06,2.626369934710931644e-06,2.621084375700779107e-06,2.622625972548188156e-06,2.698841353251781261e-06,2.704229664318573235e-06,2.715053640947733755e-06,2.765995693862646953e-06,2.794184737477011556e-06,2.809563953981458518e-06,2.827646073248041728e-06,2.877783968826802491e-06,2.892532785445468675e-06,2.907868733349771364e-06,2.941821012107772587e-06,2.951001427314994172e-06,2.958901971384313468e-06,2.964831764908779531e-06,2.974376639044241292e-06,2.971386819273270811e-06,2.971386819273270811e-06,2.965407354817044817e-06,2.955862480681583057e-06,2.940289675281413103e-06,2.921409829646313317e-06,2.899273519474657041e-06,2.865321240716655819e-06,2.834445700306360057e-06,2.801010385621474671e-06,2.750872490042713908e-06,2.710447986330831297e-06,2.668625547288531802e-06,2.619314855385152078e-06,2.558578521248145356e-06,2.512075150050209481e-06,2.466041009335649278e-06,2.389825628632056173e-06,2.342561566899520558e-06,2.297033557906747349e-06,2.215582569577290004e-06,2.171192018570153669e-06,2.129541953003293833e-06,2.090824147214491598e-06,2.007886308722964395e-06,1.972745291012939537e-06,1.941029455031266890e-06,1.860609279460447442e-06,1.833707618056255496e-06,1.810354793309548909e-06,1.785853498136233818e-06,1.717071571960064773e-06,1.702539763630808026e-06,1.691064995778692599e-06,1.625040677880645086e-06,1.618979282007463312e-06,1.615417113606207880e-06,1.557597348392782769e-06,1.559003167686321969e-06,1.562192014401873605e-06,1.566780901017899756e-06,1.520296322155007956e-06,1.528691915998021094e-06,1.537704362604710432e-06,1.499389342796618900e-06,1.511254317066413338e-06,1.522972892552780048e-06,1.534236914840534863e-06,1.505729958677809612e-06,1.518467376669986096e-06,1.530117157171310352e-06,1.507904105888429735e-06,1.520125833533030917e-06,1.530744207162608695e-06,1.513832704851116346e-06,1.524241759083758771e-06,1.532664465251394202e-06,1.539010661042839569e-06,1.527665714047546432e-06,1.533016308024214819e-06,1.536101488772171641e-06,1.527914692516350810e-06,1.529609576695419920e-06,1.528969919791257028e-06,1.526035426660896666e-06,1.520932386852702431e-06,1.516362270501210289e-06,1.509568593580528445e-06,1.506103138978342133e-06,1.497617775147359660e-06,1.487053933408470195e-06,1.502387168528390633e-06,1.472577438273541236e-06,1.458488832669490425e-06,1.442647437606729261e-06,1.441478930028374225e-06,1.424222932095494308e-06,1.405454334193747008e-06,1.404850328584674771e-06,1.384855406764961052e-06,1.363599918616540540e-06,1.341216055923026280e-06,1.341142443493381947e-06,1.317860379497968415e-06,1.293702797146127880e-06,1.293919401119828037e-06,1.269079937127164225e-06,1.243590578331154902e-06,1.217563255797671686e-06,1.218080091162822521e-06,1.191685309592711440e-06,1.164955640712681753e-06,1.165656000652084680e-06,1.138741465786524260e-06,1.111672598223206736e-06,1.112532409504415400e-06,1.085440557761365378e-06,1.058351411328216301e-06,1.031335581015232597e-06,1.032379542079976603e-06,1.005543441482367136e-06,9.789029805810295238e-07,9.800667432809166816e-07,9.537123570487070498e-07,9.276543946611650959e-07,9.019365141780482270e-07,9.032369699455413406e-07,8.779281943190768750e-07,8.530312816347800405e-07,8.544170427273673226e-07,8.299874029492962227e-07,8.060245579036036579e-07,7.923984784584955590e-07,7.840275750384060667e-07,7.610812656888245761e-07,7.386578219027367009e-07,7.401851770027384977e-07,7.183113275159103783e-07,6.969819420544969237e-07,6.985459180998544716e-07,6.777778189759706294e-07,6.575657353188710240e-07,6.379129191892660446e-07,6.395046171546468237e-07,6.204157402467550423e-07,6.018856228354464356e-07,6.034833799405372086e-07,5.855094097377653597e-07,5.680874785519355724e-07,5.559033141697049559e-07,5.528009904017896730e-07,5.364625496719112770e-07,5.247401010257668695e-07,5.263091346343906606e-07,5.145747144423543625e-07,5.028562754340344835e-07,5.043973507052945956e-07,4.927037015619837453e-07,4.810643250360362888e-07,4.694977310926623770e-07,4.709897047774172639e-07,4.594995158829142616e-07,4.481161098057865577e-07,4.495638304277534186e-07,4.382873701095027564e-07,4.271485225104051088e-07,4.161616862812775829e-07,4.175424898516203136e-07,4.067032565557642715e-07,3.960417008659763269e-07,3.973676319442753471e-07,3.868764272347130315e-07
8.476478455283768906e-07,8.463101013066590225e-07,8.745956282576980009e-07,9.033475696861580659e-07,9.019575862073175502e-07,9.311277005253742719e-07,9.606990107328863392e-07,9.906352479621607644e-07,9.891821353230584552e-07,1.019430392075337926e-06,1.049964967941055912e-06,1.048470617419950497e-06,1.079236307568235089e-06,1.110201357254654448e-06,1.141318940108536762e-06,1.139779673432885437e-06,1.170991907805622421e-06,1.202258375029476325e-06,1.200694353652934872e-06,1.231956603847499915e-06,1.263168346077737703e-06,1.261588440143391576e-06,1.304803156848851525e-06,1.349334013243625918e-06,1.381405018810028844e-06,1.393604290350935262e-06,1.440791996799381640e-06,1.473690022857155821e-06,1.487736854942016286e-06,1.537595513360589582e-06,1.571146319959213645e-06,1.622575405001154475e-06,1.639737215420923441e-06,1.693549942717995176e-06,1.727654684410757126e-06,1.747135826377368120e-06,1.803495998242897138e-06,1.837624500029001063e-06,1.859621228009449585e-06,1.918398401547161839e-06,1.978305293052749622e-06,2.011801180672529755e-06,2.037922573147186417e-06,2.099934541875626496e-06,2.132490972602759853e-06,2.161601973705181653e-06,2.225423349148092915e-06,2.256546933025835999e-06,2.320179277873750417e-06,2.354071922059179273e-06,2.419850667142449121e-06,2.447732353732134438e-06,2.485001581088035994e-06,2.551467517137419934e-06,2.576384494479089765e-06,2.641168982581411613e-06,2.683667928634665638e-06,2.749936937074928719e-06,2.768993410477530180e-06,2.815057523076967896e-06,2.880245528498265388e-06,2.894398997188498122e-06,2.944020495621784880e-06,3.007223792208268562e-06,3.015611587660381801e-06,3.074158432556411413e-06,3.128927844365667526e-06,3.187167909466767785e-06,3.185198413482128693e-06,3.243221707278214111e-06,3.296755734067796171e-06,3.286781775906448584e-06,3.333050627740402566e-06,3.395402999125277129e-06,3.439453041296203687e-06,3.415853904837911519e-06,3.480700476838953959e-06,3.516860462284181766e-06,3.483339794789021675e-06,3.550269137531712101e-06,3.577282158359454850e-06,3.599097021368857095e-06,3.549623383356025822e-06,3.618592257143564607e-06,3.629502429654038567e-06,3.569252271074331000e-06,3.639048070616680966e-06,3.638145631975978027e-06,3.567330917717187825e-06,3.554430992685910331e-06,3.624131169530667458e-06,3.603986695037742778e-06,3.518116709959185383e-06,3.587393522539190001e-06,3.554485773345032915e-06,3.460348890912036621e-06,3.416357811840995271e-06,3.483650855209310650e-06,3.431821252133739220e-06,3.328007764501074141e-06,3.394107527232497546e-06,3.331562808253492586e-06,3.224820962687294011e-06,3.289715042621975195e-06,3.218372065955476629e-06,3.111689214460859027e-06,3.035736054963736012e-06,3.097866271365779490e-06,3.016890844821900741e-06,2.915200064647052570e-06,2.976580234279531558e-06,2.893867083910941654e-06,2.800564743712150182e-06,2.721002816486272639e-06,2.780655635881612658e-06,2.700605782437777583e-06,2.624488720475185675e-06,2.684412375396235422e-06,2.611489979387299539e-06,2.550963928474583907e-06,2.611426685343792274e-06,2.548775326191894172e-06,2.491315527412425713e-06,2.455973537723753979e-06,2.516440231802996224e-06,2.472856319341390823e-06,2.455227662179195311e-06,2.515894308711427229e-06,2.487039388950238636e-06,2.485663528957010882e-06,2.471555137993044883e-06,2.530835653540024191e-06,2.523258083896057664e-06,2.541461151938366327e-06,2.597885396129779112e-06,2.601622843129783409e-06,2.627581392650857464e-06,2.678832567410895002e-06,2.690029215540299307e-06,2.705182230892425519e-06,2.735307572967070467e-06,2.776091532665292047e-06,2.792050163370607910e-06,2.817574582197802358e-06,2.846987501702241445e-06,2.858875434994283161e-06,2.875249346430674833e-06,2.883351853141924545e-06,2.894721316324945799e-06,2.896186060557399080e-06,2.895856163558954074e-06,2.895856163558954074e-06,2.891914059035130764e-06,2.881584224923669546e-06,2.866153019846793361e-06,2.847935833945725569e-06,2.824512050000940316e-06,2.799045007108833682e-06,2.764101969359635132e-06,2.727791830806973547e-06,2.692265265321254751e-06,2.644274064613448549e-06,2.598075337264107792e-06,2.555532122701661112e-06,2.512510723107261177e-06,2.451387802969661246e-06,2.398795767744717942e-06,2.353711521060754056e-06,2.286041824951941260e-06,2.232823684545757279e-06,2.189245894464022834e-06,2.118012999188489101e-06,2.076148451111661400e-06,2.028982410102103795e-06,1.993006329212273023e-06,1.921023774743463646e-06,1.881192882276957008e-06,1.852485276654698449e-06,1.782401279932954864e-06,1.752040154074250577e-06,1.731685559896535777e-06,1.714599635551624397e-06,1.648915903010487312e-06,1.633598196530760305e-06,1.624736584080148188e-06,1.563562245194013635e-06,1.559036494319191082e-06,1.557684412363996236e-06,1.501349598599394452e-06,1.503019660967338948e-06,1.511872069089060100e-06,1.518043125972191555e-06,1.467438756127284174e-06,1.484449917975185907e-06,1.494600119360844464e-06,1.448274952803098991e-06,1.459324727678149998e-06,1.484215366064327239e-06,1.496131100389059713e-06,1.454146121241027135e-06,1.482905139708468446e-06,1.494923497436929745e-06,1.455933507797183157e-06,1.486803790312984057e-06,1.497592283784573295e-06,1.461042662177771920e-06,1.470420874555383888e-06,1.500903663320860686e-06,1.507321169133957605e-06,1.473029107324243940e-06,1.502206900254835402e-06,1.505339464465310793e-06,1.472609409420167758e-06,1.473820459505518549e-06,1.498931296717468861e-06,1.496125656261998999e-06,1.465048153566960051e-06,1.486976126765909128e-06,1.480379021022307533e-06,1.450534509682102560e-06,1.468907916094382075e-06,1.458624109118020698e-06,1.446430929501428361e-06,1.418245712872661882e-06,1.430905949332208667e-06,1.415483788461163802e-06,1.388569407330719374e-06,1.397594434941305491e-06,1.379320946203222722e-06,1.353726751922142965e-06,1.334730885940867491e-06,1.338591999833377793e-06,1.316797942975859232e-06,1.293248234383617638e-06,1.294056093920957639e-06,1.270528781484723346e-06,1.248456006359614470e-06,1.224898406674639354e-06,1.221699956033158945e-06,1.196337915328922254e-06,1.176514354693161640e-06,1.171092265587942824e-06,1.145031867922944172e-06,1.126749305916188920e-06,1.119436455828240915e-06,1.093029039747774605e-06,1.076277446391305187e-06,1.050525689937308293e-06,1.040947899963314969e-06,1.014565253773353625e-06,1.000032424264624363e-06,9.893247700974882637e-07,9.632887146751651834e-07,9.501891305649005474e-07,9.250635425612802784e-07,9.131248978829230990e-07,8.879603398159813850e-07,8.768727609957686466e-07,8.644062406108117786e-07,8.400244842562501120e-07,8.301951424233466063e-07,8.173927738958945089e-07,7.939057450355652361e-07,7.708885854994770038e-07,7.627807942706286414e-07,7.497695511407813051e-07,7.277630184583304169e-07,7.207031994849015854e-07,7.077280444221125135e-07,6.867772779568417510e-07,6.806783129970242667e-07,6.607048362537880645e-07,6.479776647005444812e-07,6.286488791347651301e-07,6.238288471910502877e-07,6.113754945005348756e-07,5.931357330228934038e-07,5.890690066772807824e-07,5.769534430768054904e-07,5.597905593064066262e-07,5.431596827700089714e-07,5.446711923509773684e-07,5.328980659578211337e-07,5.211015529862057471e-07,5.225978660201326719e-07,5.107921123357800811e-07,4.990037662715659735e-07,5.004763964194425047e-07,4.887157958482081966e-07,4.770109897485754211e-07,4.653805127725142774e-07,4.668101713147765220e-07,4.552592533155536592e-07,4.438167192541384412e-07,4.452069251667844038e-07,4.338745727768750825e-07,4.226814624498881892e-07,4.116419970199028821e-07,4.129718067086515449e-07,4.020832143811988896e-07,3.913739319059725791e-07,3.926537638306356109e-07
8.416996866386950813e-07,8.700339517870938798e-07,8.988362146800274295e-07,8.974981362081499802e-07,9.267217372185332601e-07,9.563481116941000773e-07,9.863409842829316617e-07,9.849460691122371822e-07,1.015254073835496564e-06,1.045849933818700734e-06,1.044418386329106287e-06,1.075248378187464527e-06,1.106279204898159275e-06,1.137464013472659758e-06,1.135993391220046734e-06,1.167275655228514794e-06,1.198613500199210822e-06,1.197122163855762231e-06,1.228458361715737137e-06,1.259745265661619940e-06,1.258241682891709365e-06,1.289422199566245176e-06,1.320443124559878230e-06,1.364683807025660500e-06,1.376788559604485694e-06,1.408671811747838909e-06,1.455415978012255098e-06,1.469328308300040079e-06,1.501920021137104209e-06,1.551158832736241699e-06,1.601626348781804968e-06,1.600165504715028114e-06,1.651856205608375982e-06,1.704737403635819147e-06,1.723952432208191549e-06,1.757374957042830646e-06,1.812563610716479063e-06,1.834227650779137624e-06,1.867490681084616776e-06,1.924829076621029093e-06,1.983152864184158972e-06,2.008825937074598722e-06,2.041143157140170813e-06,2.101263814021953746e-06,2.129838250476997681e-06,2.160983705353664854e-06,2.222579126699590339e-06,2.284749276522205065e-06,2.283680069227145289e-06,2.346347708754462133e-06,2.409354013852920789e-06,2.445830452263929831e-06,2.471645559949470112e-06,2.534950169043467457e-06,2.598149521725309354e-06,2.597361910934435742e-06,2.660328735476260279e-06,2.722831304556385505e-06,2.767805959509295618e-06,2.784079854110988983e-06,2.845094782830169795e-06,2.893501615381117337e-06,2.904591755431116005e-06,2.963225677168142532e-06,3.020267402500113906e-06,3.020059255243739027e-06,3.075314282331560826e-06,3.128456741152570413e-06,3.184960885519001956e-06,3.179323365784996831e-06,3.227437200926341973e-06,3.272541189272120583e-06,3.273052461357499020e-06,3.314980606833478491e-06,3.353284319038106442e-06,3.416352323874469587e-06,3.388843568766615774e-06,3.419161868155407225e-06,3.484226006390396774e-06,3.446866107876745553e-06,3.468065084710877337e-06,3.484127806334943178e-06,3.551138569558850968e-06,3.498151710668683996e-06,3.503560058423862870e-06,3.571340966723693687e-06,3.507998551972557781e-06,3.502014785577715695e-06,3.489781410414770155e-06,3.496766601608075208e-06,3.478950807732733921e-06,3.454692018124164219e-06,3.521865341334204536e-06,3.434657205818229166e-06,3.398509033862453813e-06,3.355965368633923990e-06,3.370399183129418223e-06,3.322982195941979083e-06,3.269532747681890415e-06,3.333430781457740297e-06,3.230990889854627390e-06,3.168061314023153920e-06,3.230664254919230619e-06,3.126556160408715056e-06,3.056130220344118769e-06,2.981736271651095317e-06,3.014757162606175059e-06,2.939335058355287838e-06,2.861255381448198021e-06,2.920120017349088411e-06,2.824037816606519576e-06,2.745399067968683935e-06,2.666422369346788140e-06,2.716989254409828182e-06,2.641110283267653661e-06,2.566585530945097704e-06,2.623771530002237901e-06,2.554990850535550713e-06,2.488161460454772535e-06,2.545861109314086918e-06,2.492670714054780733e-06,2.436330047298156568e-06,2.385219506906237031e-06,2.443050020600422609e-06,2.414344794669820928e-06,2.376771801913526664e-06,2.435082996648107187e-06,2.422953570194739923e-06,2.399444339013709084e-06,2.382871303881174162e-06,2.459995174209452847e-06,2.449778269785475335e-06,2.446133429739091937e-06,2.501625991584027368e-06,2.521244158611507375e-06,2.527838442548841002e-06,2.579153942923857793e-06,2.604614196239000354e-06,2.617672165688446442e-06,2.634192515398661744e-06,2.676598043430203925e-06,2.703793048751182314e-06,2.720440922761909348e-06,2.752750645993060302e-06,2.774106079105176472e-06,2.786322700621878122e-06,2.797572402440488216e-06,2.817704508648604024e-06,2.821665288304876692e-06,2.823339053678287713e-06,2.824691939691598500e-06,2.824691939691598500e-06,2.819385971804192660e-06,2.809515240952112221e-06,2.796489398659226376e-06,2.776357292451110568e-06,2.754610057822571710e-06,2.729920586997389591e-06,2.699278033154893076e-06,2.661294515137599599e-06,2.626723489410850958e-06,2.585564535076582008e-06,2.535810280278675061e-06,2.494215300138859829e-06,2.452010615515911733e-06,2.402960353242661574e-06,2.341774885244478719e-06,2.297240707386624555e-06,2.246206664597602301e-06,2.179622209577945666e-06,2.136184656917242883e-06,2.094819635744709686e-06,2.017695765416430578e-06,1.978342904795798854e-06,1.941814932469876856e-06,1.900879109212375309e-06,1.831789147758275431e-06,1.802080688389460146e-06,1.769477762809623070e-06,1.702662431484500522e-06,1.680941556486112469e-06,1.662422510619976110e-06,1.643813083849990747e-06,1.581562075923509850e-06,1.571101937599061529e-06,1.562845054721066707e-06,1.505028077792385647e-06,1.502061311132757098e-06,1.501169761684519110e-06,1.450602876621316438e-06,1.454054135835333243e-06,1.458909894312371369e-06,1.472358708835961812e-06,1.424551827859935950e-06,1.433691035420088867e-06,1.443194961210538765e-06,1.410174070063577262e-06,1.422016055893647930e-06,1.433555412477703885e-06,1.459989415259883084e-06,1.420093096052336803e-06,1.432182762507853603e-06,1.461356534580139832e-06,1.424176240139316648e-06,1.435489814581309989e-06,1.445263286820896020e-06,1.430829419836733257e-06,1.440263001158794896e-06,1.447839510054439544e-06,1.476777928190500430e-06,1.443812574446513130e-06,1.448461356401049755e-06,1.451033029465695558e-06,1.444047313383304283e-06,1.445292552621363081e-06,1.444413567108957101e-06,1.467138258961881907e-06,1.437087628992139628e-06,1.432605766348224359e-06,1.452052429669961933e-06,1.423142541876005315e-06,1.415093266073023071e-06,1.405165172816940181e-06,1.419137684214731326e-06,1.391786047268526654e-06,1.378654463522765776e-06,1.389077075937268346e-06,1.362929377309638246e-06,1.346918476886368599e-06,1.329534889935672584e-06,1.329013262254895654e-06,1.310507014799194877e-06,1.290852036963715622e-06,1.293033109960953459e-06,1.270102012900236798e-06,1.248586047871492393e-06,1.226263579871319218e-06,1.226452000496606923e-06,1.203493505393999540e-06,1.179929470644994296e-06,1.175660012040726003e-06,1.156310132599691874e-06,1.131886182017963213e-06,1.125615820362301477e-06,1.107749874762820795e-06,1.082812588772736892e-06,1.057714414204396499e-06,1.058466108532509488e-06,1.033324849163311928e-06,1.008165046490336345e-06,9.982136014547969001e-07,9.839660998459057314e-07,9.589941380564862602e-07,9.341800326426045910e-07,9.352024911121613432e-07,9.106288571689047011e-07,8.863063126766519679e-07,8.743350698716776745e-07,8.634219381726160244e-07,8.397468977651816710e-07,8.273488038572481704e-07,8.176562640331865170e-07,7.947520484092971302e-07,7.722597012497532052e-07,7.595310422393592756e-07,7.515116998582975389e-07,7.299235054475668323e-07,7.171612442540539903e-07,7.101624919052168954e-07,6.895351779077234338e-07,6.693972590530563523e-07,6.707948511038834636e-07,6.511644549426797216e-07,6.320366562427865689e-07,6.196559601074187999e-07,6.148448255363547069e-07,5.967378670403631054e-07,5.846524007833403130e-07,5.805796282272019788e-07,5.634908929314486529e-07,5.517569333708213931e-07,5.399578101589443254e-07,5.413963006538112216e-07,5.295512663480473339e-07,5.176840069608340874e-07,5.191107815544119376e-07,5.072367401251848663e-07,4.953813960685704020e-07,4.967883534714994587e-07,4.849634374423240428e-07,4.731957018669033325e-07,4.615037068624948389e-07,4.628732811765322064e-07,4.512637321084832326e-07,4.397640366239685589e-07,4.410985644937046723e-07,4.297120285448147142e-07,4.184662377364857998e-07,4.073756011062559054e-07,4.086557528075359105e-07,3.977190174820826327e-07,3.869631067348403724e-07
8.657242045527613689e-07,8.945754806216130972e-07,8.932878815890531448e-07,9.225634244250515654e-07,9.522431970941655649e-07,9.822909159750175879e-07,9.809522845632421082e-07,1.011317997406770969e-06,1.041972974179799625e-06,1.040601933759303797e-06,1.071493801765578334e-06,1.102587849581796764e-06,1.133837197068617494e-06,1.132432401248265421e-06,1.163781745682741735e-06,1.195187888208310507e-06,1.193766026250483007e-06,1.225172831506667320e-06,1.256531428435050556e-06,1.255100573131172074e-06,1.286354796908591286e-06,1.317450349995931046e-06,1.348329783770426240e-06,1.346901010317194180e-06,1.391613198336007341e-06,1.437537686680262024e-06,1.436122088454456233e-06,1.483261120347574724e-06,1.531600649665039450e-06,1.563282397336788048e-06,1.579746601753465717e-06,1.630455494581836900e-06,1.662357365756615556e-06,1.680970788462262722e-06,1.733963922379884784e-06,1.788044076023270832e-06,1.786752937538646510e-06,1.841898866282922145e-06,1.898044432492554004e-06,1.929201977893965311e-06,1.953929758533203637e-06,2.011925837990206692e-06,2.070732835283527896e-06,2.069606963757906879e-06,2.129173219539452233e-06,2.189381255838100595e-06,2.217302255349607935e-06,2.249128482615455380e-06,2.310344217811847117e-06,2.336080092940529034e-06,2.370975001006706904e-06,2.432720347428663287e-06,2.494502782516526339e-06,2.515796420810090716e-06,2.555429366815771221e-06,2.616849458977990729e-06,2.634349074296373709e-06,2.677202729932250832e-06,2.737545806649766153e-06,2.797024788060098886e-06,2.796579753216077016e-06,2.855032862406388377e-06,2.912174594653030002e-06,2.916870527326847884e-06,2.967566991058800584e-06,3.021409094103078560e-06,3.019616768888861246e-06,3.073239769538980423e-06,3.122763126149047996e-06,3.169660445209579557e-06,3.156593573054436123e-06,3.214113690894794770e-06,3.255007631218747116e-06,3.233550678999798586e-06,3.293319172557023232e-06,3.327069374651790111e-06,3.356714420546886596e-06,3.358262365430568717e-06,3.383752710440684864e-06,3.404563245840728858e-06,3.359631739451855685e-06,3.423153255282068800e-06,3.434136505371453216e-06,3.439653316389346666e-06,3.443689466558448256e-06,3.444022536443459003e-06,3.438486035405271004e-06,3.369082752767633529e-06,3.433354452140321568e-06,3.416315546939749674e-06,3.338043894918237331e-06,3.401968728860997828e-06,3.373332965652008694e-06,3.338433866743199319e-06,3.248439533801508993e-06,3.310650434425922366e-06,3.264694334775763851e-06,3.169254235998255847e-06,3.230407382002783680e-06,3.174452290605998918e-06,3.113179937794129034e-06,3.135820474457930632e-06,3.071453464756865347e-06,3.002622747168099500e-06,2.902892478462450990e-06,2.960478805055413693e-06,2.886448254748360737e-06,2.790293795546401720e-06,2.847175690768082003e-06,2.770726022975260770e-06,2.692975771490046018e-06,2.606690229416088829e-06,2.661971954273969208e-06,2.586445562677798541e-06,2.511162947871525478e-06,2.566695077223837519e-06,2.496595289819909376e-06,2.429208799553565905e-06,2.490850288852922611e-06,2.429126450033154333e-06,2.371591772896434124e-06,2.332020397127060928e-06,2.388306754176931849e-06,2.342767548140517531e-06,2.303188390632444617e-06,2.376375725313383720e-06,2.344046082691066657e-06,2.318261897340820707e-06,2.317670402885251341e-06,2.374017947861474478e-06,2.361561684872941037e-06,2.373670213531360792e-06,2.428361997396093371e-06,2.427492657284421796e-06,2.432369172963682701e-06,2.499962824737934284e-06,2.507762606767507599e-06,2.519997362327292233e-06,2.548660198608472136e-06,2.592024521454741742e-06,2.607437784664029006e-06,2.624873004269201010e-06,2.668871415490619846e-06,2.683010234223912779e-06,2.697375456899678703e-06,2.716541664603389107e-06,2.735798707003608990e-06,2.743175260501356566e-06,2.751321850012247339e-06,2.756989290421439481e-06,2.754519918142237258e-06,2.754519918142237258e-06,2.749312300502384795e-06,2.740075116777931338e-06,2.727268499641485894e-06,2.710564515105798293e-06,2.687247948540629101e-06,2.661187110512273742e-06,2.633735688564682720e-06,2.603904962848352377e-06,2.559906551626933540e-06,2.523739560811309767e-06,2.486167685300294780e-06,2.435220296891625770e-06,2.388222611632471695e-06,2.346039473909736258e-06,2.304056931262431385e-06,2.236463279488178955e-06,2.193037815644058512e-06,2.150935763292921197e-06,2.085526995496600560e-06,2.036762718732679894e-06,1.997543371736359018e-06,1.930244076574430607e-06,1.885982757916852655e-06,1.852079063045177337e-06,1.821149384282583546e-06,1.747962049601644443e-06,1.721081590883021948e-06,1.697383126795602834e-06,1.633333215309634367e-06,1.609116700780441327e-06,1.593282878033624662e-06,1.580340509873169229e-06,1.518699020573812311e-06,1.510653850586580355e-06,1.505092314975692450e-06,1.450067646143627616e-06,1.449482347949449683e-06,1.450466390238720326e-06,1.399944979584460499e-06,1.408242729650177424e-06,1.414550480630321598e-06,1.421780881383981088e-06,1.376429771218767184e-06,1.394459652787596555e-06,1.404884947584620250e-06,1.363313909022597028e-06,1.386733849552559895e-06,1.398858727779958269e-06,1.410344897004008574e-06,1.387704357028325094e-06,1.400113716433414201e-06,1.411374443106733022e-06,1.376149397023035889e-06,1.405245768515130407e-06,1.415136375109939937e-06,1.381997194014172608e-06,1.411239178226414619e-06,1.418843448511368116e-06,1.424539634990511930e-06,1.393325123481904401e-06,1.420242881543606673e-06,1.422850240125621851e-06,1.392973557933492086e-06,1.417654306683753419e-06,1.416841668932321637e-06,1.413993594730156574e-06,1.409956108496469169e-06,1.405600215766249694e-06,1.399284547424884694e-06,1.371917864263536672e-06,1.388687235341641956e-06,1.379014095242972079e-06,1.367613018340883795e-06,1.366060490492677318e-06,1.353262543504960593e-06,1.338923390742849102e-06,1.314154777778124927e-06,1.322384922395732920e-06,1.305448288810292539e-06,1.281857069176019138e-06,1.286929411194409286e-06,1.267778664550482118e-06,1.247623796973921927e-06,1.225862735066876866e-06,1.226597552687015770e-06,1.204843455641734045e-06,1.184405929159404036e-06,1.182640391364636245e-06,1.159668418434692954e-06,1.136199783308706640e-06,1.136620425531498275e-06,1.112799533696311758e-06,1.088657852850687735e-06,1.071628124446760956e-06,1.064894694460546619e-06,1.040396728937996042e-06,1.024748167741031045e-06,1.016551526516930718e-06,9.919775396620703189e-07,9.674404413519427166e-07,9.538002228910219513e-07,9.438901979444582436e-07,9.196285868203245055e-07,9.072900737987394367e-07,8.965514975775852505e-07,8.727524185419380453e-07,8.492299743948684958e-07,8.503069094471825802e-07,8.271232024841161546e-07,8.042824708620481012e-07,7.949308863388032491e-07,7.829879688352352998e-07,7.609359401050235351e-07,7.393003960282930344e-07,7.405355969874968426e-07,7.193526977111066937e-07,6.986194705768635051e-07,6.918204290000391535e-07,6.796468016321143946e-07,6.598625632388578520e-07,6.539556588056399159e-07,6.418906474359207454e-07,6.230834635036353683e-07,6.047669396774672698e-07,6.061212511640006289e-07,5.883034688065049891e-07,5.709791487289657407e-07,5.723460672146499413e-07,5.606276788144661244e-07,5.488223218457596605e-07,5.369526823523266253e-07,5.383215937985601903e-07,5.264079701486446024e-07,5.144731600115339966e-07,5.158334678200898457e-07,5.038940854932990608e-07,4.919745649796615413e-07,4.933185456346540891e-07,4.814318846410829167e-07,4.696036648602123825e-07,4.578524723844747738e-07,4.591641590380730084e-07,4.474980524029701324e-07,4.359431470387937437e-07,4.372238277286275409e-07,4.257848198376977468e-07,4.144879424964401873e-07,4.033476126537986213e-07,4.045794702209607967e-07,3.935958435489038054e-07
8.905507810993838228e-07,8.893122166129488862e-07,9.186381449576481079e-07,9.483696464635889680e-07,9.784704277453642311e-07,9.771861803057054045e-07,1.007607584371101736e-06,1.038319542866126157e-06,1.037006755390772537e-06,1.067958125662760734e-06,1.099112900440338956e-06,1.130424172142192506e-06,1.129082467439514542e-06,1.160496036545582355e-06,1.191967500865725941e-06,1.190612018232693986e-06,1.222086217515444743e-06,1.253513177040813425e-06,1.252151603410471680e-06,1.283475975030573085e-06,1.314642485767396960e-06,1.345593627150200907e-06,1.344237247911572720e-06,1.374918425481515132e-06,1.405267630805035587e-06,1.418698311960355770e-06,1.464996393616743212e-06,1.495858021612790244e-06,1.543495343383867144e-06,1.559757362000021174e-06,1.590929621252822044e-06,1.640739128837890365e-06,1.659096818672389178e-06,1.690337645598574481e-06,1.742210909532437178e-06,1.762830497254291010e-06,1.816853931217818320e-06,1.847635292545665839e-06,1.902285229293078562e-06,1.926591726599308589e-06,1.956632884572555201e-06,2.012853464158457412e-06,2.039817713863171598e-06,2.098069129153126202e-06,2.126194183947111414e-06,2.184165090953380031e-06,2.215358492370064236e-06,2.241605571545446278e-06,2.300251679683913006e-06,2.334416937495258015e-06,2.358232864424489636e-06,2.417060360050773591e-06,2.475746973750374525e-06,2.514496059148388335e-06,2.533486171773343507e-06,2.591448836739591047e-06,2.633310277148728145e-06,2.648249065538197015e-06,2.704773369906748543e-06,2.749732253428655965e-06,2.806714934463962636e-06,2.814176811693300216e-06,2.866980089209181052e-06,2.916411984912992248e-06,2.917946657025839795e-06,2.967151210101267010e-06,3.019404430880534398e-06,3.014262676408436123e-06,3.058862026129954918e-06,3.100719733906465992e-06,3.156728304147077490e-06,3.140127482742314866e-06,3.175805846183226752e-06,3.233977004276811521e-06,3.208949099723753031e-06,3.237394694130150147e-06,3.297373010695487853e-06,3.322334058841398936e-06,3.283600964044471239e-06,3.299173210822154020e-06,3.360939212672827729e-06,3.312764123414276879e-06,3.318716977764842111e-06,3.381203529919666776e-06,3.381781552324219181e-06,3.319234504074496690e-06,3.309252757581515076e-06,3.371680023790476032e-06,3.300165386020583095e-06,3.279271596836326002e-06,3.341313042897923716e-06,3.261655331602206441e-06,3.229912225672748685e-06,3.192336928726896184e-06,3.252637981162208526e-06,3.162569035918691957e-06,3.114900754235459498e-06,3.174085181632982379e-06,3.079615088498919148e-06,3.023021694005938790e-06,3.081044610126764893e-06,3.018252654612042248e-06,2.920565811249882982e-06,2.852847377896755310e-06,2.908300521962391476e-06,2.812326613936559281e-06,2.740565937841725506e-06,2.795194805106304373e-06,2.703838914527354006e-06,2.630740684274642231e-06,2.556881094071522887e-06,2.609783101302736761e-06,2.529572711952882948e-06,2.458785239292951848e-06,2.511829661365081525e-06,2.443128808205020782e-06,2.378374265293660917e-06,2.431926476213371697e-06,2.369467661955749454e-06,2.320757526205874067e-06,2.268987985100173227e-06,2.322776265644037480e-06,2.289572941484916259e-06,2.249636366830226986e-06,2.304178613432069523e-06,2.269862920712210530e-06,2.259263993887474801e-06,2.238326514407727422e-06,2.292816581911495329e-06,2.296007628027340796e-06,2.287573515365471087e-06,2.341003398728422450e-06,2.355287507852557957e-06,2.357504094709097558e-06,2.408191945883254175e-06,2.414663148468286488e-06,2.439925674714573395e-06,2.453846648653876755e-06,2.498045914768151263e-06,2.524843105115635597e-06,2.541207007669885772e-06,2.577513682758211980e-06,2.592866335402316665e-06,2.616010044254450429e-06,2.630606028914221414e-06,2.653313090587630715e-06,2.668031786788076929e-06,2.675552906843635398e-06,2.685629150858065374e-06,2.689082014497265081e-06,2.686894511207913289e-06,2.686894511207913289e-06,2.681970691217547699e-06,2.674382417623749374e-06,2.660828577846170890e-06,2.644697732234318208e-06,2.624019374524870709e-06,2.597183819133715324e-06,2.570559612660956782e-06,2.538370216719037455e-06,2.506583200351590992e-06,2.464174629938760506e-06,2.427495425530276797e-06,2.384606013051304897e-06,2.332733808890550060e-06,2.291337634821927231e-06,2.243808536803016095e-06,2.202496015241787811e-06,2.142093731742862738e-06,2.100321474345698078e-06,2.052860180693662218e-06,1.988930346920719620e-06,1.949634098275481542e-06,1.905390255600674171e-06,1.840306342403944624e-06,1.805883820942659270e-06,1.767545809042658127e-06,1.739239735061709996e-06,1.675510516841664789e-06,1.650751738320275214e-06,1.624089083826611130e-06,1.563124123375063077e-06,1.545947886204472222e-06,1.528651732736318650e-06,1.518118959204154184e-06,1.461853803597995687e-06,1.454819159263875506e-06,1.450734359637186627e-06,1.398718432969591624e-06,1.398263138569792846e-06,1.403037851471307484e-06,1.355310382847004294e-06,1.360336604610192298e-06,1.366449163210131396e-06,1.381330780793292590e-06,1.338427700965604295e-06,1.348032790426553713e-06,1.368721952700784374e-06,1.329310325467977654e-06,1.340979433246788756e-06,1.365929470294820709e-06,1.377837571403322346e-06,1.341850259215607474e-06,1.353276695107507838e-06,1.380980354930554931e-06,1.347328162156954661e-06,1.357786092118255218e-06,1.386195687800828660e-06,1.354423919739035349e-06,1.362973542646129721e-06,1.369789125341207570e-06,1.396594470997800527e-06,1.366541824230185709e-06,1.370577192604418478e-06,1.395571322486044419e-06,1.366728789916180175e-06,1.367596466048321465e-06,1.390103076034888203e-06,1.387356785783972497e-06,1.359821258886835152e-06,1.355444726780786299e-06,1.373227901572894259e-06,1.346691614492700248e-06,1.339057598139151998e-06,1.353592431351403493e-06,1.342482998046998057e-06,1.317329257826768540e-06,1.305073257337972798e-06,1.314589458152425234e-06,1.290507124633146940e-06,1.275626738690877891e-06,1.282004301750756433e-06,1.259045557160244358e-06,1.241885787143755390e-06,1.223676438898604660e-06,1.225670241497090302e-06,1.204466803040414518e-06,1.184544698580489030e-06,1.183974141103140575e-06,1.164042366955153890e-06,1.142781837958296826e-06,1.139921298695639628e-06,1.117034584000276711e-06,1.099048557970873867e-06,1.076406756989135985e-06,1.070636601598615616e-06,1.053987509022399674e-06,1.030841578789456933e-06,1.023505488743958595e-06,1.008189034311470287e-06,9.848190341219230771e-07,9.614133439985309651e-07,9.522097515066209652e-07,9.388340497822932333e-07,9.155615546345121158e-07,9.054308511888086652e-07,8.933144942341926917e-07,8.703690776057517125e-07,8.595293037563837797e-07,8.365027007598984627e-07,8.261642334186561823e-07,8.039900268181682646e-07,7.924337348496441398e-07,7.832135157071752897e-07,7.617152214053590480e-07,7.498968196208392706e-07,7.286754102852149028e-07,7.209948130234802712e-07,7.006647435332502556e-07,6.887010568138220413e-07,6.819642146047240187e-07,6.624956186533580127e-07,6.505832373364495690e-07,6.447167797895800071e-07,6.261475761521169795e-07,6.143785978949013921e-07,5.963616380699960372e-07,5.916616022008332388e-07,5.801120249444000806e-07,5.684307035975513811e-07,5.697283618349401661e-07,5.579413700760025973e-07,5.460681272474658113e-07,5.341313766495743150e-07,5.354340056683976099e-07,5.234549788844389784e-07,5.114556922572450626e-07,5.127524943533734931e-07,5.007506180656519876e-07,4.887696532208708427e-07,4.900532740279103598e-07,4.781073695742567560e-07,4.662210517579879231e-07,4.544129329252737500e-07,4.556688884589997884e-07,4.439482668953502590e-07,4.323400812362748592e-07,4.335687322892578241e-07,4.220789591208850621e-07,4.107325923352359519e-07,3.995440582225284654e-07,4.007290039978487505e-07
8.855574288258930008e-07,9.149321831235562514e-07,9.447137485649154263e-07,9.748658207642480478e-07,9.736340781246625374e-07,1.004109185585162777e-06,1.034876028506809568e-06,1.033619286562703910e-06,1.064627841094202797e-06,1.095840913949400083e-06,1.127211570021016182e-06,1.125930305759353621e-06,1.157405338386281132e-06,1.188939253473821066e-06,1.187647170113074109e-06,1.219185675462270701e-06,1.250677803114224296e-06,1.249382211866453303e-06,1.280773329212259051e-06,1.312007294966997467e-06,1.343026543451698460e-06,1.341738863025292458e-06,1.372489267582637877e-06,1.402908161389079720e-06,1.401636682215975962e-06,1.431671669522688177e-06,1.477360539673449147e-06,1.524122195999219238e-06,1.522887015538163096e-06,1.570714525728520244e-06,1.619573727830511156e-06,1.618377287834882176e-06,1.668254760158342203e-06,1.719102408699384339e-06,1.717954815847073390e-06,1.769751230599224237e-06,1.822432764060847633e-06,1.875946481674331882e-06,1.874879766939386341e-06,1.929188620812518792e-06,1.984203124326105881e-06,1.983208692143302836e-06,2.038879561514227296e-06,2.095097683323073003e-06,2.151770345510371429e-06,2.150887366710979272e-06,2.207943194746852510e-06,2.265241275728847968e-06,2.264453075057222808e-06,2.321905809389029906e-06,2.379348938087377477e-06,2.398980623856561580e-06,2.435994279114513509e-06,2.493019748408258609e-06,2.549578169974915036e-06,2.549052648896649221e-06,2.605012651201257873e-06,2.660146749906876480e-06,2.659757745834599630e-06,2.713919235055605989e-06,2.766853077953715127e-06,2.818341233058842686e-06,2.818171490617555728e-06,2.868042744688893960e-06,2.916021138602372490e-06,2.916059535312230514e-06,2.961958438476333193e-06,3.005456527045559171e-06,2.993536025342300768e-06,3.046704897066184045e-06,3.084730736644250703e-06,3.119569687525454352e-06,3.120372488490451089e-06,3.151911597596430925e-06,3.179736033382721646e-06,3.181071319177237154e-06,3.205129565590681832e-06,3.224961814975127844e-06,3.240311246091490202e-06,3.242674410988429872e-06,3.253624370680974848e-06,3.259644655201674716e-06,3.263108979978401196e-06,3.264430016528233113e-06,3.260454520739605176e-06,3.251013016625865525e-06,3.256546781521325748e-06,3.242144729260868990e-06,3.222082588434264873e-06,3.229740807109522290e-06,3.204782253055472719e-06,3.174127809713752102e-06,3.091621321117680319e-06,3.149222397933772607e-06,3.108395029830271258e-06,3.062136561942746229e-06,3.077207062780947378e-06,3.027062241543825994e-06,2.971959876845963375e-06,2.991419106450645160e-06,2.933272399944057899e-06,2.870873507612030903e-06,2.804621699408863067e-06,2.831097315871677358e-06,2.763399475899364321e-06,2.692893926361284826e-06,2.725416385137701959e-06,2.654808183771601818e-06,2.582627137469914109e-06,2.499591395406577915e-06,2.550857014962854254e-06,2.479812524448352399e-06,2.409281748594802444e-06,2.457429465011125798e-06,2.390397608601840860e-06,2.325329367803582603e-06,2.380088136371616688e-06,2.319801239732822573e-06,2.262845053187195146e-06,2.209897424073451503e-06,2.272383560654305972e-06,2.225700493407691906e-06,2.184085587892020876e-06,2.250920019851213695e-06,2.215947528876552330e-06,2.186743496806647668e-06,2.163617268971493729e-06,2.233393813944758081e-06,2.216669955023568114e-06,2.206054481748250575e-06,2.275344834860631906e-06,2.270068697248120444e-06,2.270424125386549473e-06,2.336578732928364345e-06,2.340636561728321749e-06,2.349373075829923051e-06,2.362314297997029252e-06,2.419954087373678024e-06,2.433649695965267990e-06,2.450068664090546438e-06,2.498183015148873212e-06,2.512933842642574709e-06,2.528787930827253758e-06,2.545055059089893195e-06,2.576896303612328253e-06,2.588324071662008794e-06,2.598700472117708160e-06,2.616358208153226217e-06,2.620163746332111786e-06,2.621822567068226653e-06,2.624363643055645150e-06,2.620970410634254037e-06,2.618429334646835540e-06,2.609744591228485284e-06,2.598197799954013336e-06,2.580540063918495279e-06,2.561240361117954331e-06,2.539255854078007642e-06,2.507414609555572584e-06,2.478527518441750283e-06,2.447588409195164293e-06,2.414920008058112075e-06,2.366805656999785301e-06,2.329309729403425184e-06,2.291097704148505738e-06,2.233457914771856966e-06,2.192333185618145326e-06,2.151575890821133506e-06,2.111551365136924471e-06,2.045396757595110023e-06,2.005084541895909938e-06,1.966435654006774023e-06,1.897145300894392480e-06,1.859955442739004612e-06,1.825146162208793683e-06,1.755369617235529120e-06,1.723448911536301198e-06,1.694363271149010135e-06,1.668125728117779836e-06,1.601291296158587018e-06,1.579142773502795678e-06,1.559913090887352280e-06,1.497426954306498023e-06,1.482745722170459933e-06,1.470811098386711395e-06,1.461412190245441413e-06,1.406653421677406905e-06,1.401712693638038206e-06,1.398881633943896708e-06,1.350733917527553448e-06,1.352007519699682031e-06,1.354844516864856265e-06,1.309491797092861614e-06,1.319879555213183063e-06,1.327194803180630273e-06,1.335173705485711936e-06,1.302651246667525280e-06,1.313098561316632291e-06,1.323608960091742368e-06,1.297133343228186625e-06,1.309331965229210841e-06,1.321038385996157062e-06,1.332042691124196288e-06,1.312583457129981823e-06,1.324246199034669633e-06,1.334771191466610664e-06,1.319700672115702313e-06,1.330241771370244875e-06,1.339304274820708091e-06,1.309171628811434368e-06,1.336416606919747254e-06,1.343240772226749023e-06,1.348296488538102709e-06,1.340638040696383323e-06,1.344665645163317496e-06,1.346821144775005507e-06,1.341286864128091043e-06,1.342170421676715585e-06,1.341161012191642043e-06,1.338298339232864362e-06,1.334832747894425295e-06,1.330572216772237424e-06,1.324532349720676715e-06,1.322166963685078482e-06,1.314718611556070301e-06,1.305614075639768182e-06,1.294941442480955542e-06,1.293601994063139341e-06,1.281649296558542663e-06,1.268296486401874523e-06,1.267487501839788715e-06,1.252976832395489566e-06,1.237251689419440105e-06,1.215461844450744690e-06,1.220099004838316303e-06,1.202345524128589216e-06,1.183671258062951827e-06,1.183620076596472731e-06,1.164194092166498267e-06,1.144041361762386595e-06,1.144194798042822563e-06,1.123458564400962906e-06,1.102168928886197161e-06,1.080412248915914540e-06,1.080779812913525378e-06,1.058684677313022640e-06,1.036280684972899243e-06,1.036780725899496718e-06,1.014182306744594841e-06,9.914172267261060392e-07,9.767796167404324469e-07,9.692034672259951136e-07,9.463318871996152720e-07,9.234758647836255827e-07,9.242291919318961079e-07,9.014727555511623532e-07,8.788319794869283454e-07,8.796763140340109893e-07,8.572239942306755845e-07,8.349715149495380732e-07,8.129558313497949210e-07,8.139070265197972515e-07,7.921856638075074177e-07,7.707634474250020219e-07,7.717838830660125035e-07,7.507085473925473082e-07,7.299817691728986290e-07,7.096243690614261318e-07,7.107222393539691624e-07,6.907689881809270506e-07,6.712176969082194884e-07,6.723623202551630821e-07,6.532395903024558645e-07,6.345418743736901689e-07,6.357235717936758680e-07,6.174699966378150896e-07,5.996562559849921464e-07,5.881878456703497023e-07,5.894042770205893333e-07,5.777880281032207925e-07,5.660404766187786755e-07,5.672724100351346395e-07,5.554202595561928753e-07,5.434824818683009323e-07,5.314818750028026375e-07,5.327213780561893509e-07,5.206800043171537415e-07,5.086191954793322945e-07,5.098553429061887538e-07,4.977937193950931220e-07,4.857539518368861319e-07,4.869797487221151449e-07,4.749770307011157544e-07,4.630349385842831187e-07,4.511721110518862380e-07,4.523744473183805786e-07,4.406013173274506829e-07,4.289417531451462766e-07,4.301201723820079728e-07,4.185813287302040551e-07,4.071870653262651561e-07,3.959518189844491925e-07
9.114326670836477751e-07,9.412626426720688697e-07,9.714642528870470588e-07,9.702831621501810185e-07,1.000810019366621948e-06,1.031629691733478464e-06,1.030426838553132275e-06,1.061490318514307765e-06,1.092759328457388683e-06,1.124186905841641589e-06,1.122963517190535606e-06,1.154497347241718354e-06,1.186090946465836720e-06,1.184859396180606234e-06,1.216459243049615784e-06,1.248013477406885011e-06,1.246780711991206514e-06,1.278235325409361519e-06,1.309533405743271270e-06,1.340617332724069286e-06,1.339394837265209458e-06,1.370210872972635941e-06,1.400695781003572611e-06,1.399490633239157754e-06,1.429592200517148043e-06,1.459243363578385866e-06,1.488383577401392869e-06,1.503980160591014429e-06,1.550915216431862690e-06,1.580175259182614440e-06,1.597715922288626179e-06,1.646628435914772246e-06,1.675760843571121976e-06,1.695392796748047851e-06,1.746151895742102712e-06,1.774867872765591226e-06,1.826136132496679120e-06,1.849163189373772555e-06,1.902330433090943754e-06,1.929770625766085600e-06,1.955235959469175820e-06,2.009700859979237263e-06,2.035801699477649053e-06,2.089934327444840317e-06,2.119265919131541586e-06,2.175034197649527515e-06,2.198244663195190163e-06,2.230284106183071139e-06,2.286408131388598169e-06,2.307051065686570338e-06,2.361637346985652137e-06,2.397841491946681283e-06,2.415342279152432615e-06,2.469187835822275052e-06,2.508212266031296384e-06,2.562814501985006812e-06,2.574412091433488378e-06,2.616238504051184884e-06,2.669068996331772821e-06,2.675916662058448831e-06,2.724886576692262198e-06,2.770753985343190706e-06,2.819389858546710967e-06,2.817803937507265302e-06,2.866217637626042161e-06,2.910983591953691800e-06,2.902931433926992618e-06,2.941842084080437769e-06,2.993648027778835213e-06,2.978495326697299686e-06,3.011775537456568331e-06,3.065537532607359794e-06,3.096358741087801165e-06,3.069420580821110250e-06,3.124821894870068578e-06,3.148386789506211072e-06,3.113087124335396442e-06,3.128138965981940264e-06,3.185182953485087626e-06,3.196039881476547210e-06,3.147618175581470451e-06,3.205334898758152300e-06,3.206846075502309069e-06,3.149799195802479060e-06,3.141711988527871990e-06,3.199429931428267128e-06,3.185668750014997760e-06,3.116106305754662322e-06,3.173505190974201566e-06,3.149453178419285400e-06,3.072680373707376364e-06,3.039430404528110467e-06,3.095318053462844621e-06,3.012540945002808062e-06,2.969952049608955236e-06,3.024845649088925466e-06,2.976093064446342754e-06,2.886672978516625991e-06,2.940518318730239183e-06,2.883800115090198760e-06,2.792859925865019879e-06,2.731175666569501150e-06,2.782700010558762105e-06,2.716339654260089300e-06,2.626674318232362732e-06,2.677418684097987729e-06,2.607900311848473766e-06,2.522897957740683428e-06,2.453952535242159531e-06,2.503077648689080396e-06,2.425365545769206241e-06,2.358369461092414065e-06,2.407591802390858853e-06,2.340616798195078288e-06,2.277246300607061113e-06,2.326940896653647091e-06,2.266165540989386089e-06,2.215509477992048137e-06,2.163752327021948218e-06,2.213722229779432663e-06,2.165756224479928973e-06,2.135467277999458980e-06,2.186349108862065645e-06,2.149675485447952788e-06,2.133785770159430718e-06,2.109254387976991197e-06,2.160546623411792412e-06,2.141750072029392170e-06,2.145362292003952088e-06,2.196343057153775295e-06,2.189105689776285075e-06,2.203253978803496582e-06,2.252600229562062395e-06,2.255107936244119771e-06,2.276601152610686920e-06,2.287298064327142619e-06,2.332101673964630037e-06,2.345214997508673873e-06,2.372089956727866112e-06,2.410886371549241444e-06,2.426094985402926233e-06,2.450951451513360077e-06,2.467187708279908128e-06,2.495047029737107196e-06,2.508479360390798854e-06,2.525729559981892438e-06,2.542841386172857848e-06,2.549724875043489682e-06,2.557047661667915366e-06,2.558847170145558137e-06,2.560068166422963565e-06,2.560068166422963565e-06,2.555699677888009795e-06,2.547387489337888000e-06,2.536083814086588473e-06,2.521245704816779771e-06,2.500667293601757073e-06,2.477583843334681510e-06,2.453084364635245800e-06,2.420790108353437926e-06,2.390693334209370027e-06,2.355127740526129381e-06,2.321275430838861339e-06,2.276026903693331800e-06,2.233792404188587312e-06,2.195450669751703704e-06,2.142820815424472203e-06,2.102672732550546830e-06,2.057016507719965949e-06,2.018073546746115923e-06,1.959364331529128066e-06,1.914286406343036548e-06,1.877416675288873646e-06,1.816680445501928443e-06,1.775007395593049890e-06,1.742444318480685980e-06,1.681674869987624882e-06,1.651942853649250894e-06,1.619169026801933710e-06,1.595396604765655072e-06,1.536857399203294260e-06,1.511999016785083198e-06,1.495197899010651648e-06,1.439709176273403383e-06,1.426480482462163570e-06,1.413924741943619893e-06,1.406640193420191247e-06,1.355825491908054300e-06,1.352057623344797313e-06,1.351024056934108020e-06,1.304214725439683253e-06,1.305777430526244555e-06,1.312978050375950242e-06,1.270093045738374708e-06,1.276308558923663471e-06,1.290283836514316899e-06,1.299217804342883580e-06,1.260639563371984148e-06,1.280100520398143405e-06,1.291250035563777447e-06,1.255737711945658289e-06,1.267125002480802126e-06,1.291361746300308092e-06,1.302689743448430883e-06,1.270139463944266004e-06,1.296476880537528152e-06,1.307151920493457922e-06,1.276607464038912859e-06,1.286264006671223376e-06,1.312868413261046068e-06,1.283931202290995630e-06,1.291680482402184992e-06,1.317597951800441025e-06,1.322659715457654163e-06,1.295190106559673215e-06,1.319570124705273172e-06,1.321736883939873103e-06,1.295307344682402429e-06,1.295857953367998755e-06,1.316536700938369941e-06,1.313766635873910163e-06,1.288475800272793650e-06,1.306398840897150113e-06,1.300512213512235152e-06,1.276099247237186874e-06,1.268859264133714604e-06,1.282162037718667028e-06,1.271754761249204241e-06,1.248571903160148980e-06,1.258848538667057309e-06,1.245826671787754697e-06,1.223599941851581007e-06,1.209748079369762343e-06,1.215585037342452129e-06,1.194364509960238537e-06,1.178425398844148622e-06,1.181561471667241459e-06,1.163351668242367004e-06,1.143708398377205716e-06,1.144357997485940682e-06,1.124702520704683596e-06,1.106202994571829138e-06,1.086478985681709053e-06,1.083846751620211263e-06,1.062617409164918102e-06,1.045871984535544024e-06,1.041396091298869649e-06,1.019525200505329986e-06,1.003987120349663791e-06,9.824677608999511813e-07,9.756910605444405954e-07,9.613589207179648994e-07,9.396007279347265459e-07,9.316103082010928423e-07,9.092665767092990462e-07,8.966960773068446593e-07,8.877189284494702380e-07,8.655707965159341904e-07,8.541469195929635644e-07,8.326928485753966627e-07,8.226080365700241641e-07,8.010487321209337484e-07,7.912495939447196165e-07,7.806638438170827303e-07,7.596700740846321203e-07,7.508968179477609159e-07,7.306960616176758573e-07,7.196412007656796837e-07,6.996682439300987654e-07,6.923132990896541886e-07,6.811195339995096250e-07,6.619225882391050711e-07,6.554410473996548517e-07,6.442201829499418977e-07,6.258470861119731234e-07,6.201741584413527335e-07,6.090212853228869869e-07,5.976668098265038295e-07,5.861347017896552278e-07,5.872876732222942044e-07,5.756082678446666192e-07,5.637979263960584184e-07,5.649674967208457161e-07,5.530534677018806392e-07,5.410543509838623264e-07,5.289929968243737997e-07,5.301723938132635838e-07,5.180716020088824845e-07,5.059521071691527120e-07,5.071303420431286267e-07,4.950116181693188452e-07,4.829155985762969764e-07,4.840860253360539384e-07,4.720288501765587599e-07,4.600332425392073356e-07,4.481178673498714688e-07,4.492686477479123190e-07,4.374449753488296339e-07,4.257359017073871313e-07,4.268658618116297536e-07,4.152796246933645041e-07,4.038390468652830417e-07
9.380042637437043120e-07,9.682536828887963505e-07,9.671214221784433892e-07,9.976981139301283925e-07,1.028568606762690731e-06,1.027417539342617301e-06,1.058533747599797612e-06,1.089856403429682100e-06,1.121338517099961139e-06,1.120170525638470357e-06,1.151760581929406665e-06,1.183411202182626603e-06,1.182237431003025842e-06,1.213895775850133045e-06,1.245509185329587450e-06,1.244336227901237665e-06,1.275851235323654637e-06,1.307210246250852258e-06,1.338355588404945499e-06,1.337194938117590557e-06,1.368073191858972646e-06,1.398620631126597146e-06,1.397478265659780641e-06,1.427642801726675111e-06,1.457357053138043049e-06,1.486560405662574932e-06,1.485455230538836433e-06,1.514098699436071703e-06,1.560176208678782340e-06,1.577473734870276533e-06,1.606099968326260632e-06,1.653957617659626755e-06,1.673292539772543251e-06,1.701639494789941709e-06,1.751126398252071388e-06,1.801346872990301584e-06,1.800401259240192884e-06,1.851319489702489564e-06,1.902851512029656637e-06,1.927858533039282455e-06,1.954070939329761142e-06,2.006635293149047728e-06,2.059579026684388312e-06,2.058800434660462266e-06,2.112056681596438626e-06,2.165496181248504086e-06,2.196879947417852664e-06,2.218343885594514911e-06,2.271837503287640307e-06,2.325153642678211619e-06,2.324586322096041133e-06,2.377620087533294514e-06,2.430189738110983638e-06,2.429728944176073765e-06,2.481714510684374888e-06,2.532911408444147456e-06,2.573765173887192907e-06,2.582845630237339267e-06,2.631970089535570655e-06,2.679748438175990678e-06,2.679599931926328361e-06,2.725877217659342586e-06,2.770408202898842650e-06,2.817624133303764767e-06,2.813057007238428142e-06,2.853472369012134500e-06,2.891455033392300358e-06,2.891812613561446797e-06,2.927226941674848839e-06,2.959740525715911563e-06,2.960436257430448783e-06,2.989944330734899796e-06,3.016081461918107692e-06,3.070031214315286606e-06,3.039949884918583524e-06,3.058836432136821087e-06,3.073666561666397281e-06,3.075704066367252917e-06,3.086540118321632446e-06,3.092918018376539597e-06,3.149075390884099888e-06,3.098006514732702921e-06,3.095321667850345446e-06,3.087689219525790681e-06,3.092442333429224591e-06,3.080284502820503740e-06,3.062991325414868184e-06,3.118773517184413969e-06,3.047779627999569355e-06,3.020806040497114998e-06,2.988643050121218626e-06,2.998456687025196977e-06,2.962117742791522397e-06,2.920780815646535191e-06,2.933731900952856647e-06,2.888718535760087955e-06,2.839089569559111009e-06,2.891204223758729889e-06,2.803247602018347787e-06,2.746619405916870892e-06,2.686289951430859068e-06,2.709175072694638202e-06,2.647241439517602258e-06,2.582490158615103391e-06,2.631340386674859816e-06,2.545530336903031942e-06,2.478584268987724671e-06,2.410441101218641386e-06,2.446563045138152020e-06,2.379888789265891436e-06,2.313268859972804374e-06,2.355632156203596350e-06,2.291801312512563687e-06,2.229318860798741270e-06,2.276804688077998200e-06,2.219402252661797004e-06,2.163524454592712255e-06,2.110873869789902224e-06,2.167007648443619495e-06,2.119850779318641182e-06,2.076960965194535030e-06,2.125663445562678580e-06,2.100833257475412179e-06,2.068986852431094205e-06,2.042520666062189724e-06,2.107173776488939261e-06,2.086829113704208493e-06,2.072085426765416557e-06,2.121514356961897307e-06,2.128130695306446004e-06,2.124194339659370503e-06,2.172535877162510441e-06,2.188268953379560341e-06,2.193261117119552046e-06,2.202657712544256802e-06,2.260564798846784768e-06,2.271769708213506320e-06,2.286190610382974779e-06,2.325839688093898056e-06,2.350856231563685559e-06,2.366777289493173956e-06,2.383895757052224577e-06,2.421117927706642651e-06,2.434928379595880799e-06,2.448509339059010705e-06,2.468716710573003412e-06,2.481990704232732326e-06,2.488974920978557139e-06,2.494086714255434914e-06,2.501104770491142540e-06,2.499298400621601546e-06,2.499298400621601546e-06,2.494988338440627475e-06,2.487970282204919849e-06,2.476327321013270269e-06,2.461987153987375911e-06,2.443654444192868047e-06,2.419924455832199912e-06,2.396150505749118855e-06,2.370168488198007737e-06,2.332946317543589664e-06,2.301335329371365114e-06,2.268288231880506557e-06,2.229776635059363743e-06,2.183585582462571622e-06,2.145979419239747871e-06,2.108248793707116509e-06,2.050341707404588543e-06,2.010935986614738374e-06,1.972361077076742988e-06,1.928646229888141925e-06,1.871095125593336379e-06,1.834253170667811061e-06,1.792832510459873662e-06,1.733920921816522195e-06,1.701002736707283599e-06,1.670497403425309999e-06,1.605844292998560461e-06,1.578508446772518339e-06,1.553881481027615511e-06,1.527053566766513860e-06,1.471184226150855032e-06,1.453250072144795481e-06,1.437962757118138162e-06,1.381828978464420890e-06,1.370813303475017713e-06,1.362213388174169166e-06,1.355383879378991386e-06,1.307257225368483591e-06,1.304887625514761292e-06,1.304296342728606960e-06,1.261933046497741080e-06,1.264957995809666035e-06,1.269244852457681045e-06,1.233122908535953514e-06,1.240445758009158952e-06,1.248473686091860338e-06,1.265305631854182937e-06,1.228725453198279496e-06,1.239257358138700208e-06,1.249708086750186989e-06,1.226822964880241432e-06,1.238622085933353919e-06,1.249856581569402052e-06,1.274670713029936061e-06,1.243593644092629476e-06,1.254527361335718180e-06,1.264345619010078109e-06,1.251394512110976979e-06,1.261097853717320469e-06,1.269398557402728199e-06,1.259584853418108997e-06,1.267312887534170927e-06,1.273438815341066752e-06,1.297857528890547977e-06,1.271351917794090190e-06,1.274838013341050819e-06,1.276604276208652415e-06,1.271850656839833585e-06,1.272415281735616711e-06,1.271250732978515555e-06,1.289934283806684198e-06,1.265412829792601808e-06,1.261260489457190513e-06,1.255488691167312980e-06,1.253449129522800337e-06,1.246379862618405040e-06,1.237804545689175549e-06,1.249187150133567371e-06,1.226643996487014902e-06,1.215466421621759987e-06,1.203013517357643538e-06,1.202312228509623520e-06,1.188796244386787522e-06,1.174171370716891237e-06,1.173806029995770075e-06,1.158254780109901533e-06,1.141767416173809873e-06,1.143545183183695654e-06,1.124389279189422564e-06,1.106358702519578498e-06,1.087655660257687612e-06,1.087789774395222346e-06,1.068541176435596317e-06,1.048775519984938642e-06,1.045256234221037087e-06,1.028892158559209818e-06,1.008362321549629263e-06,9.875356354362609931e-07,9.879740089880699208e-07,9.669530433255895522e-07,9.457639908549268058e-07,9.463052983326451889e-07,9.250395554594923491e-07,9.037198155422987749e-07,8.953910453415624940e-07,8.830609946764906190e-07,8.618134696660064387e-07,8.406558823202114909e-07,8.414003759149637066e-07,8.203992823818080985e-07,7.995660643979625169e-07,7.894204440544186442e-07,7.797762771015167460e-07,7.594008351011073008e-07,7.392862124280889904e-07,7.401907934381648271e-07,7.203816662388877535e-07,7.008803308778034764e-07,6.899518919557429934e-07,6.826833968191707048e-07,6.638708176347662000e-07,6.528564968227762320e-07,6.464389018761639396e-07,6.283714291475646837e-07,6.173725941914188731e-07,6.184299142553851637e-07,6.072166357255043424e-07,5.958018029820457111e-07,5.842094520811040786e-07,5.853023590685544140e-07,5.735631294410594560e-07,5.616932633907621069e-07,5.628036658396247879e-07,5.508308803329664073e-07,5.387734707342717265e-07,5.266543370583319070e-07,5.277765151827292424e-07,5.156191099854806459e-07,5.034436495861226214e-07,5.045666066551878143e-07,4.923933302376517031e-07,4.802435184851967452e-07,4.813609462470838063e-07,4.692515957254683259e-07,4.572046645802270671e-07,4.452388437514349761e-07,4.463400802433078161e-07,4.344677874447674364e-07,4.227110366529914144e-07,4.237942806299106356e-07,4.121623042768125900e-07
9.652228184388452967e-07,9.641376008391871248e-07,9.947622537753296647e-07,1.025681607035195558e-06,1.024580278538370895e-06,1.055747081495373997e-06,1.087121163055593677e-06,1.118655506662448311e-06,1.117540520392935322e-06,1.149184326009148426e-06,1.180889406387056467e-06,1.179770770550093235e-06,1.211484888098261105e-06,1.243154667475026876e-06,1.242038634657356109e-06,1.273611076589320969e-06,1.305027984775717299e-06,1.336231637460070502e-06,1.335129659180522043e-06,1.366066892322986267e-06,1.396673562044438872e-06,1.395590619532793240e-06,1.425814710350692782e-06,1.455588585517863955e-06,1.484851566007126328e-06,1.483805956349337661e-06,1.512508859699507521e-06,1.540580521734712864e-06,1.539572135420453474e-06,1.585667723083042722e-06,1.632597816064172235e-06,1.631634628044301953e-06,1.679377602363808093e-06,1.727873544378343748e-06,1.754353231645061280e-06,1.776181975342806917e-06,1.826048525429082664e-06,1.851604252329941305e-06,1.875673224180267837e-06,1.926664180587035963e-06,1.978095530097856706e-06,2.001542278372600972e-06,2.029151695958499296e-06,2.081229742088294476e-06,2.102740548839649279e-06,2.132821844882957919e-06,2.185150289801105807e-06,2.237419308123225199e-06,2.255098203254252778e-06,2.288971067286819962e-06,2.340766774791191095e-06,2.355233507417649940e-06,2.391667541687818495e-06,2.442419647959310042e-06,2.453100971384164267e-06,2.492075462377268013e-06,2.541142761675048955e-06,2.589083098443552411e-06,2.592934739300426602e-06,2.635568526816784324e-06,2.680725820438986341e-06,2.679274507050386470e-06,2.724211870640157188e-06,2.765799800592892113e-06,2.805247675472641512e-06,2.794656227414095175e-06,2.842665002404092531e-06,2.877250897342392777e-06,2.859887747384946459e-06,2.909669658481232992e-06,2.938519222253416549e-06,2.913902515801490187e-06,2.965174386117719418e-06,2.987428510334923874e-06,3.005972649566842380e-06,2.969696666165068192e-06,3.022479087731321808e-06,3.033209497464757730e-06,2.988977042404232959e-06,3.042386685194567875e-06,3.044639673889811350e-06,3.042244996699797049e-06,2.986003432126333309e-06,3.039459836033986212e-06,3.027849246291537056e-06,2.964153932980245924e-06,3.017345605837112122e-06,2.996348218034856896e-06,2.970300714646527978e-06,2.896423737197147284e-06,2.948297401704434102e-06,2.913074114879549291e-06,2.833995548089484626e-06,2.884979769722961360e-06,2.841210873693586952e-06,2.758431136341391550e-06,2.808464174595814559e-06,2.757163028864135151e-06,2.701871926996036986e-06,2.616259934885087148e-06,2.664187563271414909e-06,2.603502884440556678e-06,2.519091746814267669e-06,2.566276124267376217e-06,2.502145060194415365e-06,2.436171940184052139e-06,2.357006362641910836e-06,2.402664028847993320e-06,2.336614439535471113e-06,2.264483729183770402e-06,2.310187165373451164e-06,2.246550496933650757e-06,2.183647571318789769e-06,2.229769005183101767e-06,2.171002904833114076e-06,2.114607673164740110e-06,2.067955362498830415e-06,2.114346139131472219e-06,2.066178127196617707e-06,2.032490573549679514e-06,2.079867509026357090e-06,2.041558788743066505e-06,2.008069228802782318e-06,1.993771238474957562e-06,2.041853725741811175e-06,2.019636071467923221e-06,2.017871422284476518e-06,2.066180024999264009e-06,2.054970790905751327e-06,2.049115167699188917e-06,2.111517767435295523e-06,2.110124785487751579e-06,2.113543239763606140e-06,2.134602073625237442e-06,2.179111418134950710e-06,2.189353290833864043e-06,2.214214096631370108e-06,2.254292592749703333e-06,2.268274116970794278e-06,2.284381328499808862e-06,2.309812302797741394e-06,2.341308160170717255e-06,2.356340958333254866e-06,2.377043652039415217e-06,2.399611421988808579e-06,2.410289080237189359e-06,2.419869021364359347e-06,2.430363767016026729e-06,2.439068455083911845e-06,2.440697871049922630e-06,2.440638152437071002e-06,2.440638152437071002e-06,2.437776120517107648e-06,2.430105058480186114e-06,2.418628190616416790e-06,2.404271686628945677e-06,2.387077833737615281e-06,2.367429500227145706e-06,2.341177261474636733e-06,2.313470278363697239e-06,2.285689540381765532e-06,2.249409775444015519e-06,2.213639611293453803e-06,2.179748278838084541e-06,2.145070813219694421e-06,2.098316296094592109e-06,2.056312793531585849e-06,2.018962704921719955e-06,1.966644544797340230e-06,1.922878128737220323e-06,1.885467455675603419e-06,1.849377828779825187e-06,1.786975229043718582e-06,1.751897257061402278e-06,1.718814982949336624e-06,1.661595629968243603e-06,1.624766823398940792e-06,1.596462224715636390e-06,1.540046298721460413e-06,1.509377733498701992e-06,1.487070812020787163e-06,1.467403315968659234e-06,1.413806573251540345e-06,1.393904236120162656e-06,1.380798480764389182e-06,1.330385758741209529e-06,1.318708258118608185e-06,1.312070029631998514e-06,1.307521186935048523e-06,1.261644343773626893e-06,1.261104462865506917e-06,1.262050334274768590e-06,1.219901228699578453e-06,1.226672417438938235e-06,1.232163701862856762e-06,1.193577197650490884e-06,1.206700784936418333e-06,1.215607309114084747e-06,1.224866421406731639e-06,1.190104372812411137e-06,1.209678050510869536e-06,1.220637060038847875e-06,1.188559168387288500e-06,1.211487568331698708e-06,1.223008448669324084e-06,1.233744493077841350e-06,1.204223211915130446e-06,1.229242958540239729e-06,1.239163474647882361e-06,1.211363921636629379e-06,1.236864669609234822e-06,1.245179416244656820e-06,1.218753675388452348e-06,1.243763565822801799e-06,1.249863674317035363e-06,1.254346826074612412e-06,1.229174857768538594e-06,1.251711708078300498e-06,1.253485286578458847e-06,1.229208970847792262e-06,1.249645136665003139e-06,1.248525105927863927e-06,1.245754153850190076e-06,1.222472500779389032e-06,1.238931618295906761e-06,1.233300602870803841e-06,1.210792422255798606e-06,1.224498340253772130e-06,1.216126367929721073e-06,1.206366177409623887e-06,1.184955470875099089e-06,1.194376432409285056e-06,1.182224513257349117e-06,1.161669359752979206e-06,1.168379453482397557e-06,1.154109014194590758e-06,1.134457276866565025e-06,1.138592120661202383e-06,1.122504408972060041e-06,1.105591783824807436e-06,1.087360860498736030e-06,1.087955031913738311e-06,1.069702936828013629e-06,1.052503238269552752e-06,1.051040485011738797e-06,1.031745950018316065e-06,1.012019770145575044e-06,9.964051603815931924e-07,9.922730013078850524e-07,9.719313415493504599e-07,9.574095224114724672e-07,9.518050470887587069e-07,9.310991470819770619e-07,9.176709664228733056e-07,9.108196084215313527e-07,8.899743474613562549e-07,8.691213503751220038e-07,8.572954163803789137e-07,8.489563126120700994e-07,8.282507841198537394e-07,8.174707129961053089e-07,8.083906899815308332e-07,7.879889710005637303e-07,7.677786801225870944e-07,7.584857619976485737e-07,7.486027641972390209e-07,7.288843082491902732e-07,7.205338021641442202e-07,7.103101575035963444e-07,6.911790585958373825e-07,6.723627264047452794e-07,6.732841762956960905e-07,6.548152023494813958e-07,6.366925640644479865e-07,6.376572750266096148e-07,6.268504157475915983e-07,6.157947193232848441e-07,6.167950525504441641e-07,6.055247273737706321e-07,5.940528520009063499e-07,5.824035244840008719e-07,5.834395809452604998e-07,5.716436849611931083e-07,5.597173927420295561e-07,5.607716631120104810e-07,5.487430913596961061e-07,5.366302908999181390e-07,5.244562090839048455e-07,5.255239268970229897e-07,5.133125920913616761e-07,5.010837734298244993e-07,5.021539820060664222e-07,4.899286030852387867e-07,4.777273688597830812e-07,4.787940860694764085e-07,4.666347666909910230e-07,4.545386360814861257e-07,4.425244108438470753e-07,4.435780616568874041e-07,4.316590236452012400e-07,4.198563879545827044e-07,4.208946253625618660e-07
9.613211443438810321e-07,9.919919297499822815e-07,1.022958234623645473e-06,1.021904656158918059e-06,1.053119985010410136e-06,1.084543343894985970e-06,1.116127689903423276e-06,1.115063402799624658e-06,1.146758574035420425e-06,1.178515654146720776e-06,1.177449617759075391e-06,1.209216897993855089e-06,1.240940364717872854e-06,1.239878503222345545e-06,1.271505557652194364e-06,1.302977474602686687e-06,1.334236485308370784e-06,1.333190165218350699e-06,1.364183305577834338e-06,1.394846078389324335e-06,1.393819379720371234e-06,1.424099798105624752e-06,1.453930025698147989e-06,1.483249322845317520e-06,1.482259931784675229e-06,1.511018891811908014e-06,1.539146383291329594e-06,1.538193532545019101e-06,1.565643166957430754e-06,1.592342323297940543e-06,1.610758670126349256e-06,1.657565011075516210e-06,1.683811961946367208e-06,1.730995500014340913e-06,1.752458662939851798e-06,1.777952096527771448e-06,1.826281351545471427e-06,1.849922150244418717e-06,1.874320759334877247e-06,1.923533530779281918e-06,1.973060988482952509e-06,2.000139552392362210e-06,2.022152979919853738e-06,2.072065796978070263e-06,2.101541800963958356e-06,2.121424911946303489e-06,2.171316590545021347e-06,2.221010862299736383e-06,2.254161038489814447e-06,2.269912250751359554e-06,2.318854165952073512e-06,2.354483766103685144e-06,2.366823139681188679e-06,2.414444225535283675e-06,2.452531605388815655e-06,2.460892378379783427e-06,2.506560245956578827e-06,2.550972906745314863e-06,2.592598640973108830e-06,2.593859604717536704e-06,2.635262147201284258e-06,2.679113379856084594e-06,2.674925577875074748e-06,2.712539096442609250e-06,2.747923654171418741e-06,2.794741180704708955e-06,2.781266714579873793e-06,2.811651439110870511e-06,2.860178815528275889e-06,2.839896013947538861e-06,2.864468990281853405e-06,2.914430524040960158e-06,2.886922927593319576e-06,2.904900506839529778e-06,2.919197432051675299e-06,2.970609100062312363e-06,2.931620110264894643e-06,2.938239257640965167e-06,2.990242904315892858e-06,2.943539931776123128e-06,2.941922004649414164e-06,2.935814705613038186e-06,2.987838608823990559e-06,2.929663702771811682e-06,2.914750778743260387e-06,2.966485795525100423e-06,2.901367184596574035e-06,2.877593499449680489e-06,2.849074075189319957e-06,2.899478281469909558e-06,2.825115181622791322e-06,2.788111135340372022e-06,2.837590513527013677e-06,2.758789527788357255e-06,2.714022435873904582e-06,2.762500972728708320e-06,2.680834008572829680e-06,2.629385106793922867e-06,2.574400628431472256e-06,2.620717412481666357e-06,2.537514940050564309e-06,2.478034452077785436e-06,2.523519157329469976e-06,2.442382042157368960e-06,2.380329704875062610e-06,2.316879131545955088e-06,2.360730832977169968e-06,2.285993848509796447e-06,2.223226705904599366e-06,2.267014181773985403e-06,2.199901029719348368e-06,2.140166302894147684e-06,2.184276254468501585e-06,2.126766000040628386e-06,2.072339152947776698e-06,2.020470994291486476e-06,2.064786274208621342e-06,2.023680789300239169e-06,1.980149955638829233e-06,2.025467609566676106e-06,1.997016131149210643e-06,1.963220520159309963e-06,1.934139820883624627e-06,1.980318454694209719e-06,1.970356861276115289e-06,1.952096544232552128e-06,1.998772555099192959e-06,2.000333518296260754e-06,1.992468637830201588e-06,2.038769053903898230e-06,2.035668008380864808e-06,2.051162523786828438e-06,2.056848795173335996e-06,2.100907330634457098e-06,2.122221367145346926e-06,2.134011698092215737e-06,2.174394545517894050e-06,2.198214489898997485e-06,2.213128678421663683e-06,2.229869314246914228e-06,2.262803558253600555e-06,2.285626144579699768e-06,2.300923505005018983e-06,2.325821119605593710e-06,2.343158603996096069e-06,2.353940196819343166e-06,2.363532612953674860e-06,2.375629852802446447e-06,2.382236716051472949e-06,2.383978362343750988e-06,2.385088550531148116e-06,2.385088550531148116e-06,2.381264179843871551e-06,2.373913611970801590e-06,2.363894276402836508e-06,2.349060712263341148e-06,2.332425729641216594e-06,2.313363070537465516e-06,2.289954729040815225e-06,2.261276749798863979e-06,2.234243535385883845e-06,2.202401030899874680e-06,2.164573211361695258e-06,2.131474327607943486e-06,2.097520374906015065e-06,2.058496744981116050e-06,2.011394250145346643e-06,1.974633757761875289e-06,1.932949801806559887e-06,1.881123349150680568e-06,1.844056098719025772e-06,1.802388924006751007e-06,1.767771104295938529e-06,1.712807733014809238e-06,1.679589427335975254e-06,1.642496762782960044e-06,1.587205911573474948e-06,1.558419575750686915e-06,1.526593514940712570e-06,1.472461822331645675e-06,1.449352716922123315e-06,1.428788706086334352e-06,1.406783609268536937e-06,1.355701505825258751e-06,1.341481919286538691e-06,1.327216670451000456e-06,1.279342155081578063e-06,1.271462681142992782e-06,1.265692458488043413e-06,1.262273026923340615e-06,1.218815352100728184e-06,1.218557166247819094e-06,1.222431681289881334e-06,1.182530289212342244e-06,1.186927901493578073e-06,1.197301667988037853e-06,1.160752443442443990e-06,1.168756789791791143e-06,1.177260514272438678e-06,1.194531783397408959e-06,1.161520371744789622e-06,1.171996666722851712e-06,1.193016646522119666e-06,1.162471685311830710e-06,1.173816531942812284e-06,1.184546614094455346e-06,1.208293053196306701e-06,1.180059357059484997e-06,1.190289426021659726e-06,1.214958906036830498e-06,1.188282262890667158e-06,1.197210711592867738e-06,1.221808279623184967e-06,1.196368591434264246e-06,1.203361325498506827e-06,1.208861957249316887e-06,1.231506936377619090e-06,1.207186702572920909e-06,1.210199362280558580e-06,1.231044632212307814e-06,1.207536920958867736e-06,1.207834036166250663e-06,1.206548605704107608e-06,1.223739570640550879e-06,1.201144266006678945e-06,1.197108796721918641e-06,1.211707020954639833e-06,1.189833072189186007e-06,1.183123190748213002e-06,1.175040374561030048e-06,1.185487697914965910e-06,1.164651869765578494e-06,1.154186043422564177e-06,1.161966918212909049e-06,1.141946324049664861e-06,1.129337781705078772e-06,1.134551724127031555e-06,1.115396188584035660e-06,1.100918672496749342e-06,1.085581170548449723e-06,1.087214480207626150e-06,1.069425390016216308e-06,1.052661148212742899e-06,1.052186798049639339e-06,1.035390957824447647e-06,1.017492668189690571e-06,9.991106885746613623e-07,9.958632723082116082e-07,9.805970699028490715e-07,9.614901293262752984e-07,9.566940136420027704e-07,9.424832280837710451e-07,9.228985726329014237e-07,9.167754651734921417e-07,9.036218816639394519e-07,8.837835218737022601e-07,8.638811086749612477e-07,8.561491187636258546e-07,8.445464698128450347e-07,8.246803747399311139e-07,8.161290393280619992e-07,8.055397214025880291e-07,7.858706929745100866e-07,7.663419553122154077e-07,7.568766364763043725e-07,7.477302667602866601e-07,7.285953868375798389e-07,7.187213395623216748e-07,7.104904873286399140e-07,6.918518641947468273e-07,6.817034924941749408e-07,6.632369370318611524e-07,6.562787602749811990e-07,6.459741521472084831e-07,6.353736425913799616e-07,6.362852223072288234e-07,6.254249505640173831e-07,6.143156242355204946e-07,6.152621726183597363e-07,6.039379687627397564e-07,5.924121804806434086e-07,5.807089638306465790e-07,5.816912112570479917e-07,5.698416408981142147e-07,5.578618616998589823e-07,5.588628833408489088e-07,5.467813500369036407e-07,5.346159221669339771e-07,5.223895920560142989e-07,5.234054836546550616e-07,5.111427856609902609e-07,4.988631057620158223e-07,4.998829919576769410e-07,4.876078644122251447e-07,4.753574882265509091e-07,4.763757010801651081e-07,4.641685439475807497e-07,4.520252692731173523e-07,4.399646188712669304e-07,4.409725867954837607e-07,4.290086297496537031e-07,4.171618587077527534e-07
9.893772925306002909e-07,1.020388693140958952e-06,1.019380935001173687e-06,1.050642786478209111e-06,1.082113346265691056e-06,1.113745545659169262e-06,1.112729736822076426e-06,1.144473981770824512e-06,1.176280699745235935e-06,1.175264832192814248e-06,1.207082777158535711e-06,1.238857367523461221e-06,1.237847049678565002e-06,1.269526026955270255e-06,1.301050203230200489e-06,1.332361765129592703e-06,1.331368241627899768e-06,1.362414375660978372e-06,1.393130289127658371e-06,1.392156826246998481e-06,1.422490522019280232e-06,1.452374013445953026e-06,1.481746504183990658e-06,1.480810178330051411e-06,1.509622015686483614e-06,1.537802135879242151e-06,1.536901603363348384e-06,1.564403182651921563e-06,1.591153846770179086e-06,1.590295907754272803e-06,1.616252460842597685e-06,1.661872534904539945e-06,1.708112556403782956e-06,1.707321758682611665e-06,1.754147293412268506e-06,1.801481587176491009e-06,1.800748622842263893e-06,1.848547302506482318e-06,1.896718937727509361e-06,1.918524511686918318e-06,1.944539049257458905e-06,1.993238501004864552e-06,2.042055994016086145e-06,2.041481688092586123e-06,2.090342871385119942e-06,2.139115719092551414e-06,2.155483228251565489e-06,2.187216872650897177e-06,2.235488292686534511e-06,2.283303041896116956e-06,2.282923516342611228e-06,2.330174285429947511e-06,2.376683485230387205e-06,2.376403429389630360e-06,2.422052398664061525e-06,2.466643970540000304e-06,2.470192253521159294e-06,2.509886060383388008e-06,2.551885245691769928e-06,2.592310087201433754e-06,2.592336778170102794e-06,2.631037175064328079e-06,2.667770305336044083e-06,2.658056535158914813e-06,2.702626271565473981e-06,2.734902056747619343e-06,2.764606556852122164e-06,2.765170200894674436e-06,2.792205620751231595e-06,2.816264055905058290e-06,2.817196556052280675e-06,2.838221545519491983e-06,2.855874748136418819e-06,2.822668977409453719e-06,2.871596505403091213e-06,2.882144086986032269e-06,2.888770288498779571e-06,2.891160987391516406e-06,2.893999493475438231e-06,2.892619332449069641e-06,2.841089625432851784e-06,2.890682183376408285e-06,2.880906772678054345e-06,2.866593382493836018e-06,2.871843626943637310e-06,2.853490357278514533e-06,2.830527345188194024e-06,2.762559399596950519e-06,2.810777558243520235e-06,2.779362721427664180e-06,2.743449692565332354e-06,2.753805978994883907e-06,2.714445889983543874e-06,2.670870841541080961e-06,2.684300071046108465e-06,2.637835161884672058e-06,2.587606000608363378e-06,2.507671279238023711e-06,2.552305688490750976e-06,2.496774935001795066e-06,2.438442081021953712e-06,2.461302773003787770e-06,2.402143467469037366e-06,2.341043023397604477e-06,2.265510734028644885e-06,2.307987738965439639e-06,2.246189071604539739e-06,2.183955547122556743e-06,2.218889559880655047e-06,2.158606087521205761e-06,2.098998765939408040e-06,2.139465382532197163e-06,2.082928491719773139e-06,2.028179377553647797e-06,1.980292661556718623e-06,2.023348484120882907e-06,1.975484609254750607e-06,1.930959307608448014e-06,1.983238521247064474e-06,1.943912104048750137e-06,1.908729065172136487e-06,1.890171011346641992e-06,1.935104546360145793e-06,1.910114400508661359e-06,1.890051836336858971e-06,1.949049004042409020e-06,1.934365477060537107e-06,1.924667859832567693e-06,1.983886446643099109e-06,1.978816945491879619e-06,1.978422707131104054e-06,1.982531929372870006e-06,2.038922620643096184e-06,2.045982236280887473e-06,2.056723747526427585e-06,2.108487184292033143e-06,2.120492939063769483e-06,2.135096204258374161e-06,2.160246236742235161e-06,2.194104691376705260e-06,2.209471926100626875e-06,2.225666623039648212e-06,2.258659913125169691e-06,2.271682098427023889e-06,2.284314567840651290e-06,2.299568539752454821e-06,2.314376035370579686e-06,2.320864941036941087e-06,2.325583466732049253e-06,2.331782338678848147e-06,2.330291545757800657e-06,2.330291545757800657e-06,2.326505816462524043e-06,2.320306944515725150e-06,2.309967448754974003e-06,2.297171970137508144e-06,2.279611075230772642e-06,2.259783836512248861e-06,2.238480301193547714e-06,2.215132238170931277e-06,2.182138948085409799e-06,2.153670961173015618e-06,2.123812332700844960e-06,2.084863416448532321e-06,2.047849775048060161e-06,2.013615519576417937e-06,1.979122008695214608e-06,1.927358571929608627e-06,1.891130839307019950e-06,1.855486233975188179e-06,1.799095542704961790e-06,1.763246228886517062e-06,1.728734653242912625e-06,1.695768509856176603e-06,1.636549923045645188e-06,1.605164258867210591e-06,1.575844129401703367e-06,1.516846961696153107e-06,1.490155606801311214e-06,1.465851417063242516e-06,1.413717206693871668e-06,1.387886867916079036e-06,1.369463099885456745e-06,1.353468271195415197e-06,1.301189057556798736e-06,1.289002967126451144e-06,1.279105123032443282e-06,1.233361676292463767e-06,1.225473845114784663e-06,1.221414921215406924e-06,1.219152101645710480e-06,1.178685485052911615e-06,1.179850460772225533e-06,1.182388475540194748e-06,1.147454462781717821e-06,1.152965538825559756e-06,1.159374097316895378e-06,1.124601144677865981e-06,1.138661286440637299e-06,1.147883326506048321e-06,1.157297778355789314e-06,1.134437086213752950e-06,1.145377352622687675e-06,1.156060503040007499e-06,1.127012574209227777e-06,1.149224496062224808e-06,1.160168484804953990e-06,1.170313114853721512e-06,1.156883877713832518e-06,1.167191809520852691e-06,1.176401646874601237e-06,1.166045334334311679e-06,1.174965213693290847e-06,1.182562109092314306e-06,1.158368021611414570e-06,1.181666448181430327e-06,1.187134890739271477e-06,1.191105051486936077e-06,1.185854571830430895e-06,1.188840990720378851e-06,1.190276113799121716e-06,1.167926742782518567e-06,1.186776941723395688e-06,1.185532712911083454e-06,1.182778735745737731e-06,1.180386943570560677e-06,1.176443529145283417e-06,1.171060246214235488e-06,1.150265414184233613e-06,1.162860090336111336e-06,1.154963774490993916e-06,1.145800472891705380e-06,1.144864701262989968e-06,1.134642017397317068e-06,1.123285891325690381e-06,1.122717507412516421e-06,1.110404582076138192e-06,1.097103518976477687e-06,1.078871135945780855e-06,1.082670277967465672e-06,1.067696056773342403e-06,1.051961550125486147e-06,1.051925399525361977e-06,1.035556795861350726e-06,1.018579041105055559e-06,1.002561588116764275e-06,1.001209653787037830e-06,9.832562699432521279e-07,9.648964197062087412e-07,9.651608308257180924e-07,9.464928217982339660e-07,9.275431575058194589e-07,9.279041206129445467e-07,9.087611464885497251e-07,8.894497749212966018e-07,8.768530549159478465e-07,8.704958906544130886e-07,8.510279085991533074e-07,8.315386999670707365e-07,8.320875241022686403e-07,8.126438633971285784e-07,7.932613439176694057e-07,7.830803193757596318e-07,7.746167040301775526e-07,7.554856699501846293e-07,7.365175101660904031e-07,7.372185795725015886e-07,7.184609955261197439e-07,6.999201457178066163e-07,7.006766186613239502e-07,6.823930779349620638e-07,6.643701240290718507e-07,6.543209753906197142e-07,6.551417336631524328e-07,6.447878479494218836e-07,6.341376425059048889e-07,6.349991690506633813e-07,6.240885470283370062e-07,6.129286325210492311e-07,6.138244129490569972e-07,6.024493182912891372e-07,5.908725719916206825e-07,5.791183843505919939e-07,5.800497005805930490e-07,5.681492900394718220e-07,5.561188112789830142e-07,5.570693219134561295e-07,5.449375123773321963e-07,5.327220875125183235e-07,5.204460823213002501e-07,5.214126616233805410e-07,5.091010531633179387e-07,4.967729018440505532e-07,4.977447910498306016e-07,4.854221745025150145e-07,4.731248490444435057e-07,4.740966822961080786e-07,4.618437433929074925e-07,4.496553111845617578e-07,4.375501521638969240e-07,4.385142833674490857e-07,4.265071828217508342e-07
1.017963803900680119e-06,1.016999996332062697e-06,1.048306433010721239e-06,1.079822189095410575e-06,1.111500170713388143e-06,1.110530703199350569e-06,1.142321820056970389e-06,1.174175910309617842e-06,1.173207883469178066e-06,1.205074103915071383e-06,1.236897369127197088e-06,1.235936088359637840e-06,1.267664426077056359e-06,1.299238245571731059e-06,1.330599691187101380e-06,1.329656247942771759e-06,1.360752613181760255e-06,1.391518861614138969e-06,1.390595788724685224e-06,1.420979879292845330e-06,1.450913718680390809e-06,1.480336457562312184e-06,1.479450225796291596e-06,1.508311947782621233e-06,1.536541686684277943e-06,1.535690449542228296e-06,1.563240942621207813e-06,1.590040079986295154e-06,1.589230114128771177e-06,1.615234080287134609e-06,1.640370483563782558e-06,1.664582599662058102e-06,1.684944924032772836e-06,1.730824735241697312e-06,1.754132540454490510e-06,1.776499446201148045e-06,1.823305433317916548e-06,1.845375726968372302e-06,1.891768056165562748e-06,1.917289849280135573e-06,1.937752735225315918e-06,1.984436383412622315e-06,2.012151925163602266e-06,2.059935106028817374e-06,2.077201532087081595e-06,2.123589390575931301e-06,2.154658623688686312e-06,2.169236245866720956e-06,2.214871939159601468e-06,2.248199074192451554e-06,2.294360508727486848e-06,2.303966751473323781e-06,2.339528764406532989e-06,2.384113122799647517e-06,2.389766348353948683e-06,2.431118742958489688e-06,2.469894587998166719e-06,2.471056906884912789e-06,2.509614198710289767e-06,2.550409672409671833e-06,2.588204616221219877e-06,2.581623120320473215e-06,2.614637688250565312e-06,2.658127200580054516e-06,2.645763493398211961e-06,2.674196206921005346e-06,2.719240418053396133e-06,2.745688871864660337e-06,2.723765171117221786e-06,2.770116738597397413e-06,2.790725520047849372e-06,2.762014444351790433e-06,2.775773766470607359e-06,2.823461773622884608e-06,2.787741996098799499e-06,2.794509651746831125e-06,2.842750744705731930e-06,2.845693473806003160e-06,2.799212683105733616e-06,2.794392838317918512e-06,2.842690882678896136e-06,2.789317422321860249e-06,2.776455346198539891e-06,2.824512229052540200e-06,2.806825465229602159e-06,2.743689619746085487e-06,2.718358108677856079e-06,2.765249942792685107e-06,2.696696165531542727e-06,2.663514283632674562e-06,2.709576685398270537e-06,2.671311613598684407e-06,2.596243227201662894e-06,2.641396022758927542e-06,2.596094552698111582e-06,2.518723923684777203e-06,2.468563297030262495e-06,2.511750015983828639e-06,2.433798164397229235e-06,2.379137965310925662e-06,2.421534147366716470e-06,2.363411707172757779e-06,2.287414785162607522e-06,2.228381424302681801e-06,2.269234650625472347e-06,2.197555120878344551e-06,2.138533677255546475e-06,2.179274368021952786e-06,2.119364338262305358e-06,2.057037333110201278e-06,2.098033055516929191e-06,2.041466643274783074e-06,1.988214007113424452e-06,1.937497293755192876e-06,1.978643623789075514e-06,1.935885671036925315e-06,1.892232617411035563e-06,1.934361636233063044e-06,1.893955791728554457e-06,1.867881368151955706e-06,1.836835006272920440e-06,1.879925111216547917e-06,1.865690055731560347e-06,1.844511889944533971e-06,1.888389225567854890e-06,1.871980079518610619e-06,1.873949388645170992e-06,1.917972094680160985e-06,1.911224161225823950e-06,1.922290776569051768e-06,1.924306935748626992e-06,1.967119073147151885e-06,1.972854832788484593e-06,1.993748756974955578e-06,2.034046082049995704e-06,2.045302214359972395e-06,2.068954636120260245e-06,2.084402581126009964e-06,2.119114203346677590e-06,2.142386607141882078e-06,2.158170029916947848e-06,2.186440610084635187e-06,2.200649002061782406e-06,2.219482465706997981e-06,2.232152168582963771e-06,2.249658956527426678e-06,2.261438128446936397e-06,2.267966276857697293e-06,2.275752124971201474e-06,2.277341659641944902e-06,2.277337294656627313e-06,2.277337294656627313e-06,2.274818510611167549e-06,2.268017966169961273e-06,2.257839656222955665e-06,2.245464892630130311e-06,2.229701492005744498e-06,2.209400136384336582e-06,2.188721934932085274e-06,2.163952473561987536e-06,2.138929963089335639e-06,2.106575462806899689e-06,2.077444023284819416e-06,2.043731383052975172e-06,2.003844679447879849e-06,1.970311083790430477e-06,1.932193991385133828e-06,1.897920360805692895e-06,1.850864501846973668e-06,1.810767181432439912e-06,1.776043810956479892e-06,1.725678923418083117e-06,1.691344553840332866e-06,1.652985598923178827e-06,1.621612504873788075e-06,1.569571637368126767e-06,1.534583052937166386e-06,1.507174067896727733e-06,1.455592545666453405e-06,1.430713249071408489e-06,1.403471306563777592e-06,1.353550602696198621e-06,1.334283713840683565e-06,1.313704058529511762e-06,1.299699206779049345e-06,1.253094370265671913e-06,1.242119844607543194e-06,1.231712638524820658e-06,1.188288002677458659e-06,1.183071630862622114e-06,1.179905347791796596e-06,1.179121345110187652e-06,1.139870402111697683e-06,1.143525783968718096e-06,1.147256421469073934e-06,1.111266261420857809e-06,1.116721554153879293e-06,1.128325061279621057e-06,1.095348457483469504e-06,1.103809278892564261e-06,1.120093171007871459e-06,1.130059973793013795e-06,1.100203339920868816e-06,1.110518149499708017e-06,1.131091311720339467e-06,1.103385465799110149e-06,1.114241873563245591e-06,1.136834539947324928e-06,1.147115205400052590e-06,1.121397835751801725e-06,1.144980023876742737e-06,1.154222606581942709e-06,1.129840398378555514e-06,1.138053767917346273e-06,1.161058629430013162e-06,1.137733813070053938e-06,1.144063756040212897e-06,1.166077238643313857e-06,1.170024004512937381e-06,1.147656793096772569e-06,1.150254983661906581e-06,1.169528475997257885e-06,1.147863402670650051e-06,1.147936327215155062e-06,1.165086964365579219e-06,1.162403199737374305e-06,1.141539041458782960e-06,1.137625923244081686e-06,1.151060227472047770e-06,1.130834800686331809e-06,1.124464906486110045e-06,1.135399432038332920e-06,1.126448687273968817e-06,1.107153596929987734e-06,1.115588167966490554e-06,1.104496919768397920e-06,1.085934268009692235e-06,1.074155097322357109e-06,1.078950319538087476e-06,1.061167243098838974e-06,1.047668058154415489e-06,1.050244675082834188e-06,1.034880728402371785e-06,1.018332763817661449e-06,1.002720257733074247e-06,1.002281348005953389e-06,9.866318629696451676e-07,9.699619223376933702e-07,9.677737128326613476e-07,9.498368867288070205e-07,9.355739619578269491e-07,9.318428841004578340e-07,9.133226727463543794e-07,9.000178593702380459e-07,8.817436427793858082e-07,8.760651414953436354e-07,8.637217717570989856e-07,8.451881717585867686e-07,8.384643969493800609e-07,8.193935155801426322e-07,8.084644069640988524e-07,7.898652233961384637e-07,7.818994099751826336e-07,7.718967475906295381e-07,7.534523703221630338e-07,7.448712386357806172e-07,7.262821164373448841e-07,7.176029588469754054e-07,7.085532255070863598e-07,6.903708583948356695e-07,6.825342071592666775e-07,6.731476593515279317e-07,6.633958282646671752e-07,6.533013199015934897e-07,6.540761823824401519e-07,6.436759222675415845e-07,6.329789208235146480e-07,6.337932862094634870e-07,6.228351936224374665e-07,6.116275540926787446e-07,6.124754090738821426e-07,6.010522415596888007e-07,5.894273268930628807e-07,5.776249260688297736e-07,5.785080337077666175e-07,5.665594672174034313e-07,5.544809317760138023e-07,5.553835301451195950e-07,5.432039963790066229e-07,5.309410773719764288e-07,5.186178485787867682e-07,5.195375136465142918e-07,5.071793375037503954e-07,4.948050005824182028e-07,4.957311201351329818e-07,4.833631820916326168e-07,4.710210138470927826e-07,4.719485119301143188e-07,4.596517727542650905e-07,4.474201008363541491e-07,4.352722867477580257e-07,4.361943700408765530e-07
1.014753298665613740e-06,1.046102448901412902e-06,1.077661467982587604e-06,1.109383237550332541e-06,1.108458056927734385e-06,1.140293932063109802e-06,1.172193222866239794e-06,1.171270808166766492e-06,1.203183020087242701e-06,1.235052622274935162e-06,1.234137988579603595e-06,1.265913246499576439e-06,1.297534220814450244e-06,1.328943015830658072e-06,1.328047075035206092e-06,1.359191052778691141e-06,1.390004979362051728e-06,1.389129604494899743e-06,1.419561365873938382e-06,1.449542800536947196e-06,1.479013009667904342e-06,1.478174072548498364e-06,1.507082862007664403e-06,1.535359388738474461e-06,1.534554606516881070e-06,1.562151167656763771e-06,1.588995931700549516e-06,1.588231096162552432e-06,1.614279640969219135e-06,1.639460015694722493e-06,1.663715440414096144e-06,1.663012603060738065e-06,1.686304732529647232e-06,1.730766079442706531e-06,1.752740695795848748e-06,1.774976694324184180e-06,1.820151864549938723e-06,1.865568825859778750e-06,1.864997019246051871e-06,1.910597843378191615e-06,1.956276849366625502e-06,1.955769596537584507e-06,2.001457591814296209e-06,2.047033905828627038e-06,2.092393075435022617e-06,2.091980316462275223e-06,2.137035255392435152e-06,2.181641917452426884e-06,2.181307778902873835e-06,2.225367756781224245e-06,2.268720541649129052e-06,2.303495136967324951e-06,2.311011469439262791e-06,2.352555566698876403e-06,2.392952945757750261e-06,2.392845818763616467e-06,2.431971564182949740e-06,2.469638363744470355e-06,2.469661541761887057e-06,2.505732722184172815e-06,2.539991540533709580e-06,2.572258260263260084e-06,2.572511778678273163e-06,2.602674862908749627e-06,2.630483848926906370e-06,2.630974972037837958e-06,2.656339206759288811e-06,2.678985584077632586e-06,2.724191247133961028e-06,2.699669812256676751e-06,2.716470865185771940e-06,2.730021723616181146e-06,2.731442731876592186e-06,2.741766055798091333e-06,2.748521894334345542e-06,2.750591415773054638e-06,2.753887577323207600e-06,2.753345216149842330e-06,2.748836747459393237e-06,2.752120858340918842e-06,2.743914546641433207e-06,2.731571286153368498e-06,2.736103796248002514e-06,2.720044777891751536e-06,2.699770728711830059e-06,2.675260196784574496e-06,2.682025198080690516e-06,2.653958786499100314e-06,2.621748067687323836e-06,2.630691984349219618e-06,2.595239048178616304e-06,2.555869407115857639e-06,2.599694232485845505e-06,2.525339977796533534e-06,2.479654429937854703e-06,2.430638779087324680e-06,2.446627743046530012e-06,2.395774935536322866e-06,2.342189834423294516e-06,2.362077125143132619e-06,2.307495681009185899e-06,2.250920424631233402e-06,2.192744508765382228e-06,2.218571806218914216e-06,2.160816228750639034e-06,2.102374524759860443e-06,2.133087847724698966e-06,2.076116134228590677e-06,2.019442246942311691e-06,2.058714871270607681e-06,2.001067698521196444e-06,1.948197392966836127e-06,1.897132130188349309e-06,1.939634918863225528e-06,1.892472577355553974e-06,1.848048653160376708e-06,1.895175565318691130e-06,1.855349035393288562e-06,1.819054364134924012e-06,1.786669943827556168e-06,1.838828605966713810e-06,1.811663191552905990e-06,1.788887434314583678e-06,1.843546302818833149e-06,1.825901393541116446e-06,1.812837308010168896e-06,1.855471240330463051e-06,1.860137389992871041e-06,1.856167205842342135e-06,1.856569453325105415e-06,1.911042409200599844e-06,1.914828956548373232e-06,1.922393705445834035e-06,1.962385928040526117e-06,1.983269919071438727e-06,1.995745918619321827e-06,2.010734858254261185e-06,2.054798569434549925e-06,2.069519252873444075e-06,2.085636305480790165e-06,2.122108159949713279e-06,2.136237460450133975e-06,2.150621059676243630e-06,2.164788497356379899e-06,2.188732787551688583e-06,2.198762307346271073e-06,2.207605988789053077e-06,2.220837684552697352e-06,2.224409017000654577e-06,2.226087940504767304e-06,2.227989393847021991e-06,2.225642218120341321e-06,2.223740764778086634e-06,2.217217071194392699e-06,2.208350963944361689e-06,2.195119268180717414e-06,2.180235015692348177e-06,2.163129793181605199e-06,2.139185502986296515e-06,2.116627192848534472e-06,2.092269868859749696e-06,2.066331944514289883e-06,2.029860090045366769e-06,1.999866574432173349e-06,1.968991347331483982e-06,1.924927636151195242e-06,1.891322136867915529e-06,1.857613421626113511e-06,1.819501672912544207e-06,1.772767209506950435e-06,1.738409854965947175e-06,1.704960784201164634e-06,1.650487828325670206e-06,1.617545350018778663e-06,1.586130037778056677e-06,1.551093489053418826e-06,1.500671728840195511e-06,1.472916489223358888e-06,1.447229884492940643e-06,1.392571015988691172e-06,1.369686680733225129e-06,1.349078501793991290e-06,1.296919839654833860e-06,1.279659936418847355e-06,1.264705831673782964e-06,1.251964452291432960e-06,1.204837540133118538e-06,1.195674166199250455e-06,1.188539345319944706e-06,1.146036556645068275e-06,1.142409532877420380e-06,1.140507995522854611e-06,1.141547940272115945e-06,1.104343409826080296e-06,1.107016026498273543e-06,1.110818941340204020e-06,1.080105618374416820e-06,1.086492028554246038e-06,1.093570672230295044e-06,1.067743374762739790e-06,1.076867227545346738e-06,1.086241723686628539e-06,1.095678750532429816e-06,1.075791459567178739e-06,1.086471221761861239e-06,1.096817662838403521e-06,1.080828697497073989e-06,1.091873813946580346e-06,1.102238606751249907e-06,1.124848847691111404e-06,1.100188481086839832e-06,1.109789331126922694e-06,1.118332747170233341e-06,1.109388801557757698e-06,1.117577747368746012e-06,1.124519754028154602e-06,1.117754674904833444e-06,1.124030134247217574e-06,1.128934163885324605e-06,1.132449005857147946e-06,1.127916261413684374e-06,1.130488411166730402e-06,1.131631923914479603e-06,1.128347343836558709e-06,1.128425715074276181e-06,1.127085945051458440e-06,1.124362791404710440e-06,1.122292243772162391e-06,1.118464804379714263e-06,1.113320371837016242e-06,1.111897675636388592e-06,1.105666483733392387e-06,1.098213374373819934e-06,1.107583360500362037e-06,1.088787341743749548e-06,1.079198507025941826e-06,1.068571552543287737e-06,1.068076163168467677e-06,1.056566893836522376e-06,1.044150506604426537e-06,1.043891133376146784e-06,1.030703068112054885e-06,1.016743021107776298e-06,1.002080820633167710e-06,1.002049236530121272e-06,9.867970931969340602e-07,9.709790265319401225e-07,9.710755488211954061e-07,9.547874057358438837e-07,9.380551778572271987e-07,9.351251640958190836e-07,9.211723669410841926e-07,9.037622814442860425e-07,8.860822829799662685e-07,8.864000229311167135e-07,8.685296776901117313e-07,8.504924539924712493e-07,8.508861836548644009e-07,8.327537032763386507e-07,8.145466244856917961e-07,7.963072856569903717e-07,7.967920061051202306e-07,7.785812051627131809e-07,7.604140203710481712e-07,7.609607418707852274e-07,7.428909687058728630e-07,7.249301295534194168e-07,7.162715112488640200e-07,7.077291323859604354e-07,6.900885243684669024e-07,6.810322590189376911e-07,6.817045834174226785e-07,6.722766033409127034e-07,6.624827054722592549e-07,6.523455491209159009e-07,6.530772355998594664e-07,6.426333244409376835e-07,6.318922495500152141e-07,6.326621712814303917e-07,6.216593164729553810e-07,6.104066471334779775e-07,6.112092549299753388e-07,5.997406722060550562e-07,5.880702226995169803e-07,5.762222147597986041e-07,5.770596892440931278e-07,5.650655086075401263e-07,5.529414218240769182e-07,5.537985741432693873e-07,5.415737407515304714e-07,5.292657082782800443e-07,5.168975904822744302e-07,5.177726278560648170e-07,5.053701206941882774e-07,4.929517833000455260e-07,4.938342652940341818e-07,4.814230834661048062e-07,4.690380945651847370e-07,4.699232229728874351e-07,4.575845914650304347e-07,4.453115294437750627e-07,4.331228509063641295e-07
1.044022896947329825e-06,1.075623316229991684e-06,1.107386955132133312e-06,1.106504087815844788e-06,1.138382693654868258e-06,1.170325104560851060e-06,1.169446169935645358e-06,1.201402191042467537e-06,1.233315899240372580e-06,1.232445634669591608e-06,1.264265489710405023e-06,1.295931252634202393e-06,1.327384989873295267e-06,1.326534105705084912e-06,1.357723213971970908e-06,1.388582303211684757e-06,1.387752080166097758e-06,1.418228938417134689e-06,1.448255369805338977e-06,1.477770429306630001e-06,1.476976149062375706e-06,1.505929353914154930e-06,1.534250005812127655e-06,1.533489009130930178e-06,1.561128966226755814e-06,1.588016686233864365e-06,1.587294315916367944e-06,1.613384784217872069e-06,1.638606489605451742e-06,1.662902601027790946e-06,1.662239755371511879e-06,1.685571130653740764e-06,1.707868280091198886e-06,1.707255803772138742e-06,1.751201369140380518e-06,1.795443378392439060e-06,1.815294779234299712e-06,1.839372769968244128e-06,1.884008642313607058e-06,1.902144705000147416e-06,1.928233496149890505e-06,1.972933268124914246e-06,1.988966819817523964e-06,2.032330517650597600e-06,2.061486144666720180e-06,2.105539253943399869e-06,2.117617163376646287e-06,2.148833017592967841e-06,2.191898630445198016e-06,2.200784315282821892e-06,2.234036535294156533e-06,2.275603041523142995e-06,2.316196101858331195e-06,2.319389174560754539e-06,2.355566665138479764e-06,2.393793699433796034e-06,2.392604250268527796e-06,2.430618502949629027e-06,2.465864174657175839e-06,2.459807898720793062e-06,2.490656419763235683e-06,2.531122615854419266e-06,2.560614855832532048e-06,2.546394464820277420e-06,2.588277126640147364e-06,2.613101146127212220e-06,2.592964980147103377e-06,2.636041562668681730e-06,2.655526981343650760e-06,2.672029043103819559e-06,2.642390725791980486e-06,2.686700066567228390e-06,2.696905701133045791e-06,2.660749119957402803e-06,2.705574848283079480e-06,2.708947005027041695e-06,2.666259234262394212e-06,2.662527277149246016e-06,2.707437452331253858e-06,2.699619264120176565e-06,2.647284632708089679e-06,2.691993097556410085e-06,2.676515665583374129e-06,2.618362721831767268e-06,2.595826721367118944e-06,2.639511597939960851e-06,2.612300552331302805e-06,2.546419174728421417e-06,2.589357368109837808e-06,2.554884736498115505e-06,2.485268023835194703e-06,2.527376488586080714e-06,2.486287662364948116e-06,2.441704984110075036e-06,2.368410699135324536e-06,2.408725430548474628e-06,2.358953669805832582e-06,2.285445393680990334e-06,2.325007080467101859e-06,2.271408051999518842e-06,2.199445612290932030e-06,2.144550466965721182e-06,2.182650854791992429e-06,2.125623430375564773e-06,2.058669613343601532e-06,2.096611783190572713e-06,2.040077211912507517e-06,1.979239284774624578e-06,2.017367816667004654e-06,1.963284731803716633e-06,1.910339593412757565e-06,1.860959517872381736e-06,1.899173217289702104e-06,1.851534410754305994e-06,1.812002781031146675e-06,1.851148080951343863e-06,1.810456382638323425e-06,1.781604482121358405e-06,1.749159915672139579e-06,1.789294563852041280e-06,1.760764946282067312e-06,1.747873544280580496e-06,1.788977472479086663e-06,1.769773059685209609e-06,1.767335027105634440e-06,1.808954820482682119e-06,1.798932229294091283e-06,1.793326322477777435e-06,1.804222132206068978e-06,1.845408038656848516e-06,1.847781031647851906e-06,1.865212754795067101e-06,1.904811047629656666e-06,1.913379324525074593e-06,1.925017836646816064e-06,1.948339638141254654e-06,1.983900073455832816e-06,1.998452380765301530e-06,2.021872304892423304e-06,2.052396054529164260e-06,2.067140353361895492e-06,2.087862069301261559e-06,2.102356754815269653e-06,2.124033501120179777e-06,2.135783162783813015e-06,2.149593056402825935e-06,2.162865330285679111e-06,2.168897599243937414e-06,2.174772652678370287e-06,2.178758729755951817e-06,2.177529916808680146e-06,2.177529916808680146e-06,2.174193929121072958e-06,2.168080340066062520e-06,2.159480681632694589e-06,2.148023956055567999e-06,2.132380714195767773e-06,2.114664635680613409e-06,2.095511959856242698e-06,2.070841331702328635e-06,2.047139987839428449e-06,2.019395088843316656e-06,1.992345379043166429e-06,1.957460610827317351e-06,1.924007543264478059e-06,1.892780200852862092e-06,1.851854999501675517e-06,1.814776163473685183e-06,1.781432672791151367e-06,1.748472248311778628e-06,1.702204531528421723e-06,1.664293830970713686e-06,1.631983897963289418e-06,1.583577487832478948e-06,1.547182411837440748e-06,1.517329840905261060e-06,1.489237393331330999e-06,1.440306258427338329e-06,1.409403012598789112e-06,1.385571085629673232e-06,1.337683358285780343e-06,1.312124605472675197e-06,1.293437779995091881e-06,1.247548988962012541e-06,1.231735230223476618e-06,1.215202299468381907e-06,1.204253564353738705e-06,1.161800817196367793e-06,1.152089147904773983e-06,1.146566414301532815e-06,1.107199926496703625e-06,1.104263897250266437e-06,1.103736048447105937e-06,1.104641283171745372e-06,1.069170939009630979e-06,1.074759637260058044e-06,1.079570915762249881e-06,1.047068796147065452e-06,1.057994439203449818e-06,1.065820428535334578e-06,1.036014262869581361e-06,1.044751252932600345e-06,1.061249962982705045e-06,1.071130555596662063e-06,1.044066078403847805e-06,1.063559003726192592e-06,1.074163215476213246e-06,1.048970404503241371e-06,1.070454100385379348e-06,1.080933433856816328e-06,1.090589236264602831e-06,1.067104176582202830e-06,1.089398956461391683e-06,1.097951780308472994e-06,1.075611021426526596e-06,1.097779013706737497e-06,1.104685314013988825e-06,1.083248541944735938e-06,1.088980839027157280e-06,1.109460102394187358e-06,1.112949213072496995e-06,1.092332202046764512e-06,1.111272804617150195e-06,1.112411414899474280e-06,1.092402338181880975e-06,1.092287646710639658e-06,1.108126968260003986e-06,1.105468873787856579e-06,1.086164646398213639e-06,1.099793688321178814e-06,1.094762630800603103e-06,1.076025509180303293e-06,1.087338343301610664e-06,1.080049935705264211e-06,1.071632558227969372e-06,1.053731270222297128e-06,1.061499128212922625e-06,1.051114282536333125e-06,1.033872657551221920e-06,1.039403449667980420e-06,1.027271705842617633e-06,1.010734270936738107e-06,9.981282672366088782e-07,1.000503243013667304e-06,9.861786995979043572e-07,9.707601915891088704e-07,9.712465077753923299e-07,9.557905786709368521e-07,9.411866331073837546e-07,9.399634511027209353e-07,9.236104997377399753e-07,9.068813067318367885e-07,8.935369308898004085e-07,8.900785260778714315e-07,8.727910513847128054e-07,8.603182474089111481e-07,8.556116376127054966e-07,8.379672786473413875e-07,8.263705543664822036e-07,8.090318158754308966e-07,8.027757914496271353e-07,7.849207369710918675e-07,7.746160108147459729e-07,7.675441625459797156e-07,7.497498492375768417e-07,7.402935512142549034e-07,7.325599703024057310e-07,7.149573893791614304e-07,6.974850417500886946e-07,6.980708523393907200e-07,6.893866714277739279e-07,6.802928618323145994e-07,6.809269277809297217e-07,6.714600238568098079e-07,6.616265856847610512e-07,6.514493215711967726e-07,6.521403817904345439e-07,6.416553747028354786e-07,6.308727828089440103e-07,6.316008147214957881e-07,6.205557450984346679e-07,6.092605832307670207e-07,6.100204674331189741e-07,5.985089759703018817e-07,5.867954776881361749e-07,5.749043251499862533e-07,5.756986024582195834e-07,5.636612142762577999e-07,5.514939506879568830e-07,5.523079968996756051e-07,5.400401668533952536e-07,5.276892846913279949e-07,5.152785004070664625e-07,5.161110894210154106e-07,5.036663856254504769e-07,4.912061355738783459e-07,4.920470197769632070e-07,4.795945845478736957e-07,4.671687147891717171e-07,4.680133616683404243e-07,4.556346733851442085e-07,4.433220034133211501e-07
1.073700368632558961e-06,1.105504032475444101e-06,1.104661583881946869e-06,1.136580976645703880e-06,1.168564515799232810e-06,1.167727022563815873e-06,1.199724768722226438e-06,1.231680454859044967e-06,1.230852389056425441e-06,1.262714630368269301e-06,1.294422932491750286e-06,1.325919326063029939e-06,1.325111178373013322e-06,1.356343065124762959e-06,1.387244935607438754e-06,1.386457456254963083e-06,1.416976979338124091e-06,1.447045954445686414e-06,1.476603393429985159e-06,1.475851284511954359e-06,1.504846407896683128e-06,1.533208680267995856e-06,1.532488960195379498e-06,1.560169803786138637e-06,1.587097973580032462e-06,1.586415569500981456e-06,1.612545473506901904e-06,1.637806037032278305e-06,1.662140382041091357e-06,1.661515098571492730e-06,1.684883318007192159e-06,1.707216547212255582e-06,1.706639340251496658e-06,1.727902581221091004e-06,1.748029386931556366e-06,1.790641876336195134e-06,1.814272292557815250e-06,1.832889587602835553e-06,1.875688320324975072e-06,1.901271672608676243e-06,1.918018475818201526e-06,1.960666878898329736e-06,2.003088146476502960e-06,2.002723755705297857e-06,2.044837503612137245e-06,2.086512768041024343e-06,2.117070173284066193e-06,2.127364518221929399e-06,2.167836646097071218e-06,2.200367518004009270e-06,2.207318412125526794e-06,2.246083448229845428e-06,2.283775850827811136e-06,2.319140380640980220e-06,2.320187419078659748e-06,2.355338838218161581e-06,2.392481268358337487e-06,2.389031274346979491e-06,2.421030431481569302e-06,2.451194828085534457e-06,2.451416531570531198e-06,2.479644057231906597e-06,2.505711334448580421e-06,2.546595513388940617e-06,2.529963034533319762e-06,2.551298697871509520e-06,2.593335125126310458e-06,2.570800114600537685e-06,2.586788714903154265e-06,2.599811020549398519e-06,2.643034984758949777e-06,2.611115343029099544e-06,2.617931303614267134e-06,2.661646209163203211e-06,2.623375819874615520e-06,2.623524196645858020e-06,2.620054927913690832e-06,2.622898727245173319e-06,2.616036391679494491e-06,2.605395017590303719e-06,2.648959266734338399e-06,2.595252542858275998e-06,2.577328028746821648e-06,2.555516896973687897e-06,2.561367719525192671e-06,2.536251556370629215e-06,2.507313760307974460e-06,2.549082706793301440e-06,2.483068376837124830e-06,2.447444890612857197e-06,2.488353992803223284e-06,2.419230195952576651e-06,2.377626500481131971e-06,2.332870259418766251e-06,2.371952064041866381e-06,2.300148228815792510e-06,2.250895516468360680e-06,2.289162552795901100e-06,2.217841190398797393e-06,2.165456892275551006e-06,2.111398943054146896e-06,2.134001271521870421e-06,2.080068029935297765e-06,2.025259231030783223e-06,2.061735175079686218e-06,1.998521414036734097e-06,1.944774396190835122e-06,1.981342230931895982e-06,1.924689782932908921e-06,1.873852459933409331e-06,1.824365568573462574e-06,1.860921030662740913e-06,1.816128175408022012e-06,1.772191320419001377e-06,1.809626061844319468e-06,1.774676151055157218e-06,1.737761302655879981e-06,1.704200488079138285e-06,1.751720038673651177e-06,1.722914661453975336e-06,1.697985708805470862e-06,1.737474239879221183e-06,1.728258191623804714e-06,1.712313491694192015e-06,1.752504806757032751e-06,1.752980085126803646e-06,1.745752843887149078e-06,1.742692212223799842e-06,1.782848775619026193e-06,1.795342911735751988e-06,1.799687313492860875e-06,1.838706793240208001e-06,1.856688978926736190e-06,1.866658365324715281e-06,1.879414951674473574e-06,1.915145591651672832e-06,1.937562330977700301e-06,1.952757564597279752e-06,1.984121278675222146e-06,2.005736760780653158e-06,2.020777691351696823e-06,2.036187947272524051e-06,2.064449091899842459e-06,2.076805629201680820e-06,2.088557233688928296e-06,2.104267668305293908e-06,2.114951209106842632e-06,2.121002844583288745e-06,2.127992800231934910e-06,2.130656430855909762e-06,2.129575361459438077e-06,2.129575361459438077e-06,2.126406365431951853e-06,2.121300487619627143e-06,2.112239898949576841e-06,2.101151658664477518e-06,2.087055326098235746e-06,2.068940333041775546e-06,2.050339634162882819e-06,2.029859615539963148e-06,2.001598470912644740e-06,1.976558622148428432e-06,1.950163967458577951e-06,1.919709584610115770e-06,1.883905575499548562e-06,1.853324106114937176e-06,1.818660953012093907e-06,1.777524766662183017e-06,1.744717705225653344e-06,1.712195206215468314e-06,1.675698569973562623e-06,1.630064739266951497e-06,1.597975774540058244e-06,1.562204131245436164e-06,1.514958964947829771e-06,1.485061074284286932e-06,1.456801354501728965e-06,1.425476038078736428e-06,1.378217370583346831e-06,1.353944798936237746e-06,1.327284053884421454e-06,1.281316117391284155e-06,1.261938612275389076e-06,1.244700500846881152e-06,1.197180950252368049e-06,1.183195520927693997e-06,1.171312929790530670e-06,1.159424098009540587e-06,1.119044398910210289e-06,1.112485649346971665e-06,1.107161439287062590e-06,1.069795403954297029e-06,1.068204226473766783e-06,1.068092803097769235e-06,1.071273885166942194e-06,1.037632562501855570e-06,1.041504971519108835e-06,1.050134357884117449e-06,1.019293853783887665e-06,1.026321541664411717e-06,1.033868370372369232e-06,1.011266041879456641e-06,1.020542241640290027e-06,1.029941231049232985e-06,1.047783237735897161e-06,1.021979341229096196e-06,1.032337844950064664e-06,1.052511770612579529e-06,1.028420534717138034e-06,1.038905078091361307e-06,1.048697609740324288e-06,1.070190153466116621e-06,1.047635101528154576e-06,1.056569960937259801e-06,1.078274579143491954e-06,1.056751790431373781e-06,1.064270535687779393e-06,1.070615364357015710e-06,1.064764460929157019e-06,1.070440133069449027e-06,1.074839366773393952e-06,1.094007057343724811e-06,1.074028077767162295e-06,1.076237666670944338e-06,1.077129765137934345e-06,1.074285514033452719e-06,1.074176627889252293e-06,1.072764946701955500e-06,1.087062791754905998e-06,1.068286872865779085e-06,1.064578963126227356e-06,1.076671577699126934e-06,1.058427338029657761e-06,1.052506904284931863e-06,1.045466845442622037e-06,1.054104785653379711e-06,1.036654789402631357e-06,1.027649997303539666e-06,1.034078761459819364e-06,1.017259626843802640e-06,1.006486714539126200e-06,9.948792399995371708e-07,9.946522965779790131e-07,9.823304781512653895e-07,9.692960247493820729e-07,9.706482600859768228e-07,9.555841921093744501e-07,9.413503062821874848e-07,9.409524212820188381e-07,9.266746543334202460e-07,9.114731093402812427e-07,8.958550626305261483e-07,8.931403301663863298e-07,8.800804725644384517e-07,8.638193038594350198e-07,8.597963107317663394e-07,8.475797757508272110e-07,8.308734489788754142e-07,8.140025577735623890e-07,8.143501128083890466e-07,7.973795327164081388e-07,7.803288511901174064e-07,7.737812223648109197e-07,7.636656161061793789e-07,7.465878902321655761e-07,7.393155995513691111e-07,7.300231848428612346e-07,7.130522415848508115e-07,7.051990724158344774e-07,6.968952484072589144e-07,6.974473207399388737e-07,6.887286253010163872e-07,6.795995691310050230e-07,6.801977009599702696e-07,6.706942201119256508e-07,6.608236071336200486e-07,6.506086153635630373e-07,6.512614401375061695e-07,6.407377348189759779e-07,6.299160267616323350e-07,6.306045691875244118e-07,6.195196810262359842e-07,6.081844154102755073e-07,6.089039539758233001e-07,5.973519177031401062e-07,5.855977174656691009e-07,5.736657470898798889e-07,5.744191311055004968e-07,5.623408137021001334e-07,5.501326235289373496e-07,5.509057833435105095e-07,5.385971435771679636e-07,5.262055637581437183e-07,5.137542281269387289e-07,5.145464451816168144e-07,5.020615806981490111e-07,4.895614119002421086e-07,4.903626487406627899e-07,4.778708657366356406e-07,4.654059747511586547e-07,4.662119526670468937e-07,4.537949721566128176e-07
1.103727644819726326e-06,1.102923797380218785e-06,1.134882114712364080e-06,1.166904876084448450e-06,1.166106875770236279e-06,1.198144357426151470e-06,1.230139992340066893e-06,1.229352058139817380e-06,1.261254582284655261e-06,1.293003285758833844e-06,1.324540165394395577e-06,1.323772553619222587e-06,1.355044990252147400e-06,1.385987387720145542e-06,1.385240374665906613e-06,1.415800264694552369e-06,1.445909467915045385e-06,1.475506955951673307e-06,1.474794676120364872e-06,1.503829367120628735e-06,1.532230903611172490e-06,1.531550101701943213e-06,1.559269474694701123e-06,1.586235742068420788e-06,1.585590960522907254e-06,1.611757968720228266e-06,1.637055074816818694e-06,1.661425357601791142e-06,1.660835364120377999e-06,1.684238183014607744e-06,1.706605278714579206e-06,1.706061163198689262e-06,1.727356678843063483e-06,1.747514901097358972e-06,1.766488088511448377e-06,1.766011152079450968e-06,1.807877487829216088e-06,1.849777982511760812e-06,1.849355864784431723e-06,1.891227183219643929e-06,1.932962405846359405e-06,1.946731795776733622e-06,1.974124919841681976e-06,2.015321109919527343e-06,2.026528531251837977e-06,2.055805077596092203e-06,2.096042027109633607e-06,2.135614889013998540e-06,2.135411196649461115e-06,2.174223041552919725e-06,2.212119475767319510e-06,2.215073754396461878e-06,2.248877481966103888e-06,2.284562735930983374e-06,2.318925443507193177e-06,2.318944281585417878e-06,2.351862415981659533e-06,2.383149732920491545e-06,2.375143704191927569e-06,2.412857477175546335e-06,2.440470075338989516e-06,2.427375063860666054e-06,2.466381862577603484e-06,2.489706922549384275e-06,2.510613918008864654e-06,2.511274011804225866e-06,2.529707202018094503e-06,2.545413453998552113e-06,2.518152801173529181e-06,2.559390070620195605e-06,2.569339067324693623e-06,2.576127305632195366e-06,2.577800929462193265e-06,2.581503073969740286e-06,2.581803004783448608e-06,2.539410982706694426e-06,2.581234977873180525e-06,2.574705754869463234e-06,2.526495167415845971e-06,2.568150232179852331e-06,2.554594942950788701e-06,2.537278429839208307e-06,2.480865214835371907e-06,2.521618002934700436e-06,2.497261342522766666e-06,2.436295356612024040e-06,2.476373704993995733e-06,2.445268284501433182e-06,2.410594620634441884e-06,2.419962791437641527e-06,2.382643210046737693e-06,2.342043368031025084e-06,2.273597417175254483e-06,2.311275447218940000e-06,2.265666607358775057e-06,2.217421198441461043e-06,2.233589519692900777e-06,2.184143000484593159e-06,2.132661083548764163e-06,2.065040173465935950e-06,2.100613322104260115e-06,2.047405557270303689e-06,1.983194709773026085e-06,2.018567861839466639e-06,1.965307106655065845e-06,1.911930812671864657e-06,1.941685981042664465e-06,1.890132154530705188e-06,1.839335985464663957e-06,1.790028575510459761e-06,1.825536186480837214e-06,1.779062933456485903e-06,1.734639729724258377e-06,1.774806223267985507e-06,1.734228624399515924e-06,1.696465202380187306e-06,1.669851377813243750e-06,1.707186466517188333e-06,1.677219558693231475e-06,1.660858963522168662e-06,1.699264154745263809e-06,1.677770621056303019e-06,1.660325077705014772e-06,1.710546556652734682e-06,1.697654728310533247e-06,1.688877992027609292e-06,1.695658704703582453e-06,1.734970948321799015e-06,1.734117781236650487e-06,1.737061082098041866e-06,1.786389163734040160e-06,1.792116628450970221e-06,1.801049757199224442e-06,1.822057107703590921e-06,1.857736641335341881e-06,1.870586992723955424e-06,1.885473272787770306e-06,1.924966336191310922e-06,1.939353444403198811e-06,1.954789473750824977e-06,1.976078961117649740e-06,2.000821701817129953e-06,2.014326642566755893e-06,2.031186419926087908e-06,2.048818825834535159e-06,2.058150693994134422e-06,2.066315304042711691e-06,2.078087564875945411e-06,2.081463360394857502e-06,2.083076641653980037e-06,2.083167959367670473e-06,2.083167959367670473e-06,2.081041413620451894e-06,2.075231842487032662e-06,2.067283117617754837e-06,2.055510856784521117e-06,2.042148497597774398e-06,2.026750383090213588e-06,2.006609403627303176e-06,1.985086334967400179e-06,1.963075615505862107e-06,1.935093368867483698e-06,1.906986725930320357e-06,1.879740224091314375e-06,1.851602824396264522e-06,1.812109760992723694e-06,1.781367248086273898e-06,1.750411433041316651e-06,1.709278546289778213e-06,1.673252205337711278e-06,1.641390382866565016e-06,1.610218726707839400e-06,1.560890645071841106e-06,1.529960467569072332e-06,1.500289887588032411e-06,1.454178540944419780e-06,1.421175518323708641e-06,1.394505475943518478e-06,1.369629585968224138e-06,1.319408107020504228e-06,1.296899934157497093e-06,1.276417021403671323e-06,1.232132947043252472e-06,1.210562152292419100e-06,1.195096402095938206e-06,1.153021054399482916e-06,1.137550667777243364e-06,1.127343895925514232e-06,1.119063454958517093e-06,1.078896961414790175e-06,1.073840200476375059e-06,1.070481846232449518e-06,1.034801065668708981e-06,1.034369492768473474e-06,1.035441528932918432e-06,1.037722174464962645e-06,1.007967006093992583e-06,1.012775558302954172e-06,1.018417554972234586e-06,9.890241724302984459e-07,1.000815909820295526e-06,1.008979251217974620e-06,9.819877421701414787e-07,9.975765837526161526e-07,1.007383568248549309e-06,1.017093743080530423e-06,1.000925421405012420e-06,1.011517221518183071e-06,1.021680138012188220e-06,9.987161174701144909e-07,1.019315569844898178e-06,1.029183145848366371e-06,1.038238928470346424e-06,1.028870746403199734e-06,1.037799387578592789e-06,1.045711698799437825e-06,1.025192113188104655e-06,1.045974922770754351e-06,1.052277431471266310e-06,1.032530765690056107e-06,1.052441026480970119e-06,1.056792214404231346e-06,1.059875537057623117e-06,1.040831162899717354e-06,1.058403172189999198e-06,1.059290323091331021e-06,1.040773354462687895e-06,1.056533898282455316e-06,1.055153129847612520e-06,1.052531865165432474e-06,1.050857311751319297e-06,1.047224595982204657e-06,1.042414526336506849e-06,1.025024304587597554e-06,1.035463573207864400e-06,1.028575287806643259e-06,1.020651354057222117e-06,1.019988688533660848e-06,1.011181244635194340e-06,1.001445211917617106e-06,9.854032743265730639e-07,9.905068992640074849e-07,9.791596474175096644e-07,9.637552448542448519e-07,9.669009857452505918e-07,9.541594861161113861e-07,9.407836081649634744e-07,9.407577114736586763e-07,9.268430232134328877e-07,9.124132495276676802e-07,8.987647864504778825e-07,8.976298872812792984e-07,8.823585036030399622e-07,8.667322664988581953e-07,8.669244317721300516e-07,8.510194506352243350e-07,8.348592457155075905e-07,8.231517787508188983e-07,8.187759587511040627e-07,8.022654458178908223e-07,7.913577874378250103e-07,7.859799949181852294e-07,7.692858447636312118e-07,7.525475093050176914e-07,7.529508440666335608e-07,7.362217549497376715e-07,7.195166502964673526e-07,7.199726415734144706e-07,7.125599991217092302e-07,7.046767802088357087e-07,6.963420840566021194e-07,6.968625016917515596e-07,6.881114091412811926e-07,6.789492538946481814e-07,6.795136254289765493e-07,6.699757640812762069e-07,6.600701916281910916e-07,6.498197027929249151e-07,6.504365343788615517e-07,6.398763812213277876e-07,6.290178120667129050e-07,6.296691213650895048e-07,6.185466690230748486e-07,6.071735488137360385e-07,6.078549825938489760e-07,5.962646310637767477e-07,5.844719442397661781e-07,5.725013544413048664e-07,5.732160239736208233e-07,5.610989340216052291e-07,5.488519493922696636e-07,5.495863281112847311e-07,5.372389549419857402e-07,5.248087227671741734e-07,5.123188481685446551e-07,5.130726709411718435e-07,5.005495870880198551e-07,4.880114029687167382e-07,4.887748565643811643e-07,4.762455493008533380e-07,4.637434188219253089e-07,4.645124666591338488e-07
1.101284413259200174e-06,1.133279871772766319e-06,1.165340032344457848e-06,1.164579663513653549e-06,1.196654982134728086e-06,1.228688631636457099e-06,1.227938860745126059e-06,1.259879666994788669e-06,1.291666740444072380e-06,1.323242046026793074e-06,1.322512883332622511e-06,1.353823758439742722e-06,1.384804549174626585e-06,1.384095848767307016e-06,1.414693934650917292e-06,1.444841180061002471e-06,1.474476519109861527e-06,1.473801861030462961e-06,1.502873905940410641e-06,1.531312489493575781e-06,1.530668388451551686e-06,1.558424076506309144e-06,1.585426233349402649e-06,1.584816875799982351e-06,1.611018802629824402e-06,1.636350282176585169e-06,1.660754353558847940e-06,1.660197524369601260e-06,1.683632844077568725e-06,1.706031738266677089e-06,1.705518680428468246e-06,1.726844474823673155e-06,1.747032159145540633e-06,1.766033954504273695e-06,1.765584734693269129e-06,1.783372207673514462e-06,1.799886090568801322e-06,1.824001157009246942e-06,1.864989577134490542e-06,1.879557670966005655e-06,1.919285408402739174e-06,1.946128726522605042e-06,1.958382602140506202e-06,1.997374258585043260e-06,2.026045018800712733e-06,2.035594879454595590e-06,2.073432899652953916e-06,2.103906590609803016e-06,2.141857291498104881e-06,2.146571551594568582e-06,2.181792625475345411e-06,2.214852605471359949e-06,2.215821854169933762e-06,2.248674640563279532e-06,2.283356085206249418e-06,2.315542267582015196e-06,2.310102993126397933e-06,2.338341240430646596e-06,2.375188233805434866e-06,2.364986723645043145e-06,2.389451239282181396e-06,2.427548969070716367e-06,2.412225981468503321e-06,2.432344233927524619e-06,2.471497075971368966e-06,2.489578254964072521e-06,2.465962109042508204e-06,2.478464492448177853e-06,2.518715042789038142e-06,2.489334774888735103e-06,2.496155779659052746e-06,2.536865616300620897e-06,2.540617487243799255e-06,2.502349343809796647e-06,2.499758882191208694e-06,2.540556888603642021e-06,2.496517233056474531e-06,2.487348967181190677e-06,2.527965015307558107e-06,2.478423655417271092e-06,2.462556613251288833e-06,2.443118584674826941e-06,2.482828513524689647e-06,2.425677406188043763e-06,2.399638580801019203e-06,2.438657095250002566e-06,2.377447822382830872e-06,2.345166587158066972e-06,2.383400415573932840e-06,2.347022318599181789e-06,2.281153923285066085e-06,2.240242838928312031e-06,2.276807328832192784e-06,2.209563917639921389e-06,2.164262780338060436e-06,2.200054945329848872e-06,2.151543948224035380e-06,2.084341678207425545e-06,2.034119034686539628e-06,2.068454730730858225e-06,2.003575068095620651e-06,1.952223458570275405e-06,1.986274407849850559e-06,1.925349405861174987e-06,1.874481909859528937e-06,1.908562506471442839e-06,1.857250861940596773e-06,1.804469079464051029e-06,1.756726536285075042e-06,1.790722744847983515e-06,1.745597007014505131e-06,1.702448472747164656e-06,1.737240851062311476e-06,1.696073781087865716e-06,1.663743938543380091e-06,1.629471795950853450e-06,1.665204272655302798e-06,1.642655006775216633e-06,1.616076240632998596e-06,1.652925837615603328e-06,1.640211638557612437e-06,1.621857982568791231e-06,1.659603005329144463e-06,1.645261139036047505e-06,1.646118684420143605e-06,1.639907919938734210e-06,1.678088585900317953e-06,1.686801784292591017e-06,1.688016866911473689e-06,1.725695411452780222e-06,1.730208356623591160e-06,1.747795832343253473e-06,1.758016521139277252e-06,1.793537294558975924e-06,1.814208733736425215e-06,1.827873289300795470e-06,1.860141406247005234e-06,1.874473560506336628e-06,1.896271310703996042e-06,1.911960687203804048e-06,1.937956848544650310e-06,1.956997712521605668e-06,1.970559260433406272e-06,1.990081556077528313e-06,2.004219932817496168e-06,2.013549165755235556e-06,2.025487063038655302e-06,2.031098504648659097e-06,2.036433766492039726e-06,2.038105630171192460e-06,2.039024029087409678e-06,2.039024029087409678e-06,2.036208655605223925e-06,2.030627579992663611e-06,2.022938698613305769e-06,2.012647329041446657e-06,1.998661679227106931e-06,1.983708811559273033e-06,1.965504539778743581e-06,1.943409458714702792e-06,1.921983196046998055e-06,1.896971256294484268e-06,1.867654046411602410e-06,1.841055771454042914e-06,1.810743582635348611e-06,1.782203737309229244e-06,1.745307778841005768e-06,1.714907092519983131e-06,1.680758733145163216e-06,1.639777166728934664e-06,1.608327187442568961e-06,1.573292333438008646e-06,1.543054220008665410e-06,1.498991849219501959e-06,1.469411056157192102e-06,1.436608422141154855e-06,1.391784354075925232e-06,1.364951546306120513e-06,1.335358679660715226e-06,1.312113306312967546e-06,1.268044470897389407e-06,1.247051280600776088e-06,1.224199821136687139e-06,1.181766195892628031e-06,1.165580090587148304e-06,1.148373949241541964e-06,1.108223360757566435e-06,1.097135575024461284e-06,1.086007328815242282e-06,1.079238098850459729e-06,1.042508519216151648e-06,1.038178310813553289e-06,1.035495235006233581e-06,1.001621910597209406e-06,1.001722298766532071e-06,1.004731796876576637e-06,1.008012165999140904e-06,9.775651131146702007e-07,9.823780186191992920e-07,9.921038705091968797e-07,9.641832527108216183e-07,9.716605258491302061e-07,9.854022994581140614e-07,9.597191266509751276e-07,9.690244132144192948e-07,9.859195057074013471e-07,9.959288621191844703e-07,9.724483855017898028e-07,9.824435168482001558e-07,1.001926030684293855e-06,9.799314185048625229e-07,9.898594988112579579e-07,1.010408580643792782e-06,1.019495817609822969e-06,9.988163393945135898e-07,1.007126310408827229e-06,1.027553879949410222e-06,1.007758167214407214e-06,1.014662847887734798e-06,1.034494138212629115e-06,1.015393012848017738e-06,1.020528877512124851e-06,1.024476210983842733e-06,1.042301231437029483e-06,1.023826822263712210e-06,1.025718722076654919e-06,1.041919705553604155e-06,1.023925828550276375e-06,1.023660641373355492e-06,1.037987308660614728e-06,1.035421704291906219e-06,1.018002588614073371e-06,1.014415825720016012e-06,1.025588226958626187e-06,1.008643358129392451e-06,1.003016454353556362e-06,1.012090436899201758e-06,1.004339086340546181e-06,9.881106803590741046e-07,9.796447320722211681e-07,9.855817577065262047e-07,9.699236111536484038e-07,9.598265349153561199e-07,9.638062946724123960e-07,9.487611183788073343e-07,9.372321965246822845e-07,9.393711479283111635e-07,9.262943920572359372e-07,9.122294971440029978e-07,8.989261509745047092e-07,8.985566089810744269e-07,8.852066963917642285e-07,8.709982944357345627e-07,8.691625708402060080e-07,8.538793658303004397e-07,8.416389448349721960e-07,8.264291366454725224e-07,8.226904390244421096e-07,8.112192423914301085e-07,7.955795457509066438e-07,7.907816087905696259e-07,7.800854314708247877e-07,7.641813116598553903e-07,7.584787471595265926e-07,7.420849372525614555e-07,7.325357840583388381e-07,7.260753430077494467e-07,7.191086453797592214e-07,7.195381302607853401e-07,7.120981266029681414e-07,7.041867276499083628e-07,6.958230687613815100e-07,6.963137773490432283e-07,6.875322661212811724e-07,6.783390195651180548e-07,6.788716644663876611e-07,6.693014787567331528e-07,6.593630220519482130e-07,6.490791271048181524e-07,6.496620688750447961e-07,6.390675804103494265e-07,6.281742686502499519e-07,6.287904661406033969e-07,6.176325707072924272e-07,6.062237137872419045e-07,6.068691545682089534e-07,5.952425906735445591e-07,5.834135085624694502e-07,5.714063764490887049e-07,5.720843919206750686e-07,5.599305707718205127e-07,5.476468116917896317e-07,5.483444058107536161e-07,5.359602701733460500e-07,5.234933290798635505e-07,5.109668296298850535e-07,5.116841412056419969e-07,4.991246884399690273e-07,4.865503053429139504e-07,4.872777565486147357e-07,4.747126691245911756e-07,4.621750053348416127e-07
1.131768412640519842e-06,1.163864229560207404e-06,1.163139714623436994e-06,1.195251059173042732e-06,1.227320880172927517e-06,1.226607398947212150e-06,1.258584584710427381e-06,1.290408098308323071e-06,1.322019874596724860e-06,1.321327182254815127e-06,1.352674495654894431e-06,1.383691660163837570e-06,1.383019235844644033e-06,1.413653466306858526e-06,1.443836690361285970e-06,1.473507807154115107e-06,1.472868690474771965e-06,1.501976004587645165e-06,1.530449548954869504e-06,1.529840063881744685e-06,1.557629986415447487e-06,1.584665959491497346e-06,1.584089963139135237e-06,1.610324759382520914e-06,1.635688579927395024e-06,1.660124427444943215e-06,1.659598773327350342e-06,1.683064631141985752e-06,1.705493390911641414e-06,1.705009490932357430e-06,1.726363700641327962e-06,1.746579023263276014e-06,1.765607645749917628e-06,1.765184407967923534e-06,1.782996984065853406e-06,1.799535057306216911e-06,1.799161002761394376e-06,1.814401724214067515e-06,1.853524354870839399e-06,1.892410797618322162e-06,1.892107756515912342e-06,1.930685222572916110e-06,1.968838400142070784e-06,1.968593797568429342e-06,2.006241300208691820e-06,2.043255772096701155e-06,2.043075964235613674e-06,2.079368491748149153e-06,2.114799352613241097e-06,2.149246467170893768e-06,2.149168424836859573e-06,2.182530029769692747e-06,2.214661119194566263e-06,2.214677571141539847e-06,2.245466500891067184e-06,2.274746065948145100e-06,2.302375298019647502e-06,2.302557233343023317e-06,2.328443843691105115e-06,2.352396238996686126e-06,2.352747283840875056e-06,2.374687529267884626e-06,2.394408307714056885e-06,2.394985192926250443e-06,2.412433003280998466e-06,2.427382543839013803e-06,2.439693999513506159e-06,2.440698471212653389e-06,2.450372033271451144e-06,2.457154618178014005e-06,2.458611096471449720e-06,2.462561705307844212e-06,2.463400736460239712e-06,2.461023540298602064e-06,2.463324047394654541e-06,2.457900938136532838e-06,2.449111074731815843e-06,2.452278862490385477e-06,2.440399429254140703e-06,2.425067897872904924e-06,2.372908862712596469e-06,2.410977145445652277e-06,2.389141382892529312e-06,2.363858238740796229e-06,2.370108379386615465e-06,2.341997986117361372e-06,2.310572406509222671e-06,2.318707624519570062e-06,2.284765106491711492e-06,2.247745933697260328e-06,2.207787900411226030e-06,2.219054323084038023e-06,2.177221570659226884e-06,2.132855947030971247e-06,2.146959316517569910e-06,2.101321340116033789e-06,2.053667103892201951e-06,2.004272117909296635e-06,2.022798191466925043e-06,1.973175405489325479e-06,1.922477151734756224e-06,1.944748661520502177e-06,1.894636399070394834e-06,1.844187099392110355e-06,1.870484370794224441e-06,1.821460425159670117e-06,1.772880928039581488e-06,1.725140270965542784e-06,1.757026921797683966e-06,1.711921370376554094e-06,1.668438569500804869e-06,1.704467150614936814e-06,1.664324774302336946e-06,1.626528339066241156e-06,1.591428285558928802e-06,1.632517680123266387e-06,1.601567244963438166e-06,1.573867922621995752e-06,1.618099420978986735e-06,1.594783548362004302e-06,1.575095481254358258e-06,1.621633739829404240e-06,1.606283346470738688e-06,1.594723034611025927e-06,1.587016453333867013e-06,1.634922749828364392e-06,1.631066747367096362e-06,1.630877982805387608e-06,1.678268513471758505e-06,1.681149034151761708e-06,1.687271928420952875e-06,1.696429532310500839e-06,1.740814322699859480e-06,1.751570766353457035e-06,1.764639237701259149e-06,1.804963607936856443e-06,1.818321183314666277e-06,1.833137354801093744e-06,1.849037209753831350e-06,1.881634103191825490e-06,1.895921178898948110e-06,1.910380508620087808e-06,1.935649479975249768e-06,1.947219675706606400e-06,1.958126203240079434e-06,1.975031177443214283e-06,1.981988638121833312e-06,1.987604471713035355e-06,1.991640321960370785e-06,1.996354419224712330e-06,1.995467740025492378e-06,1.995467740025492378e-06,1.992663153627513407e-06,1.987949056363171862e-06,1.980001391787818315e-06,1.970033944542943122e-06,1.958068490019340924e-06,1.941163515816206075e-06,1.924380213944248039e-06,1.905857944695494042e-06,1.880588973340331870e-06,1.857903555249581976e-06,1.833927610229293854e-06,1.801330716791299715e-06,1.774102744013422176e-06,1.746157538117422089e-06,1.717725720999496550e-06,1.677401350763899256e-06,1.647189076783107217e-06,1.617117287852839857e-06,1.572732497463481216e-06,1.542010593983012661e-06,1.512023460069038758e-06,1.482955620649333107e-06,1.435565089982962210e-06,1.407249077567424081e-06,1.380317583478194656e-06,1.332411286983697277e-06,1.307111290318546252e-06,1.283537691558934072e-06,1.261745370630126622e-06,1.215207112055080640e-06,1.195887148442027983e-06,1.178495870140559478e-06,1.134264371783568283e-06,1.119743726846808546e-06,1.107164916885521027e-06,1.066075522321183230e-06,1.056554763837016664e-06,1.048867532541900963e-06,1.042899897463574513e-06,1.006871316349442567e-06,1.003858900599623117e-06,1.002326730610869891e-06,9.704400797787238380e-07,9.716418540761556066e-07,9.740185706914439369e-07,9.774065289874969704e-07,9.511092575849637090e-07,9.567112437985147985e-07,9.629759725645919394e-07,9.407044627729025683e-07,9.487536114774876049e-07,9.571105155555337988e-07,9.385844419444297658e-07,9.482665934354930261e-07,9.579150535731645824e-07,9.673919266193712242e-07,9.532885565533603094e-07,9.634586269769563845e-07,9.731654025057599004e-07,9.618989773234620291e-07,9.718878712696547478e-07,9.811655130188735546e-07,9.896488158615662993e-07,9.815135851501716229e-07,9.898014733167945364e-07,9.971201052290888831e-07,9.908699295285591324e-07,9.977176001384093054e-07,1.003471377540201870e-06,9.852416249434986856e-07,1.003818445470147036e-06,1.007718382442631764e-06,1.010441480425132833e-06,1.007273466811487599e-06,1.009136086515289144e-06,1.009806591013492953e-06,1.007505660095341691e-06,1.007242882555266080e-06,1.005808190308356233e-06,1.003232275151255585e-06,1.001774928519388307e-06,9.982585973202401678e-07,9.936604870694823624e-07,9.926546386176500998e-07,9.871420666300641481e-07,9.806271491089365845e-07,9.731601882263852855e-07,9.725809667592447598e-07,9.642964625486813704e-07,9.551572726133818620e-07,9.548029397461690254e-07,9.449252286447774465e-07,9.342970909016475411e-07,9.341107110645788272e-07,9.228341725064371399e-07,9.109142217437771504e-07,8.984058872491988054e-07,8.983831431140969206e-07,8.853718843920863612e-07,8.718803547380100227e-07,8.719505134936442676e-07,8.580520595490878790e-07,8.437700419396370816e-07,8.291530899030067027e-07,8.293226709305309288e-07,8.144394110861824392e-07,7.993119425782366026e-07,7.995444395057949052e-07,7.842351717767697040e-07,7.687649744938927888e-07,7.690539691973275141e-07,7.534795133163731335e-07,7.378194131699670739e-07,7.318424817291484809e-07,7.321998727736115134e-07,7.257163040271520142e-07,7.187256024860430813e-07,7.191302401611229564e-07,7.116645787943048731e-07,7.037267444538705975e-07,6.953359054831606688e-07,6.957987225211231438e-07,6.869886417987079504e-07,6.777661816442533958e-07,6.782690030037785424e-07,6.686684182689014585e-07,6.586990217805929380e-07,6.483836812351720260e-07,6.489347066979599654e-07,6.383078664211576367e-07,6.273818025795663815e-07,6.279648829140645347e-07,6.167735403327722591e-07,6.053309411693845205e-07,6.059423792512080408e-07,5.942815865139873028e-07,5.824180833347860446e-07,5.703763713867194771e-07,5.710196811965127503e-07,5.588310609218118372e-07,5.465124409858182352e-07,5.471751435750719136e-07,5.347561160689082460e-07,5.222543123409280409e-07,5.096930082672295900e-07,5.103756011786594968e-07,4.977815428018135471e-07,4.851726933627310311e-07,4.858658428147397636e-07,4.732666426324316414e-07
1.162472083519344214e-06,1.161781725574118007e-06,1.193927369034013650e-06,1.226031605746496462e-06,1.225352631077894803e-06,1.257364387464318378e-06,1.289222508176943904e-06,1.320868899729226835e-06,1.320210801722535815e-06,1.351592658752348377e-06,1.382644285750270793e-06,1.382006211730304229e-06,1.412674648688089315e-06,1.442891903308465622e-06,1.472596842156298407e-06,1.471991306044657973e-06,1.501131925930160328e-06,1.529638467702219564e-06,1.529061637897233802e-06,1.556883839667662079e-06,1.583951681999593695e-06,1.583407110988938614e-06,1.609672854811903120e-06,1.635067111477930974e-06,1.659532850175128191e-06,1.659036509080663689e-06,1.682531068860769732e-06,1.704987886985119730e-06,1.704531369564084682e-06,1.725912254217937181e-06,1.746153512702514975e-06,1.765207300801628661e-06,1.764808427436772112e-06,1.782644535919234849e-06,1.799205278624833493e-06,1.798852999483473189e-06,1.814114570617067146e-06,1.828024070044774983e-06,1.840547571503285673e-06,1.865806904910014554e-06,1.903565631342505209e-06,1.913739484491915301e-06,1.940673512670793297e-06,1.977511048104444212e-06,1.984971905460416717e-06,2.013556141406052471e-06,2.049059948626053039e-06,2.053432421537581192e-06,2.086391305888633018e-06,2.117340599127558114e-06,2.149973068536667674e-06,2.148987602596767545e-06,2.181418583387398727e-06,2.211537149997869501e-06,2.206509756540020553e-06,2.232980174547674057e-06,2.267391391157946121e-06,2.292729359191736887e-06,2.280956580465491926e-06,2.316512585001082921e-06,2.338006082675536024e-06,2.321355864696008992e-06,2.357879654568729264e-06,2.374999048786881392e-06,2.353217596944044543e-06,2.365212174952680547e-06,2.402751616391495589e-06,2.412305965032661703e-06,2.382440064085481200e-06,2.420409069370267235e-06,2.424391499051547253e-06,2.389094829331920774e-06,2.387247741808156309e-06,2.425321259910292785e-06,2.420174856387041526e-06,2.376783757589430430e-06,2.414704408072532112e-06,2.403257638185220902e-06,2.354869078595269722e-06,2.337521667427345058e-06,2.374641529142731697e-06,2.321716853004954064e-06,2.298250676606162499e-06,2.334745424172277067e-06,2.307408142115247538e-06,2.248631039739449595e-06,2.284407788708007711e-06,2.251317960397784754e-06,2.189890306850217979e-06,2.152452947332504296e-06,2.186701050394309464e-06,2.145785093348838542e-06,2.082015457276440838e-06,2.115530724108048341e-06,2.070768961929296889e-06,2.007294125273249445e-06,1.960634819545463078e-06,1.992771549967673127e-06,1.943885315763800019e-06,1.882936142513640600e-06,1.914758926756769036e-06,1.865193246191213040e-06,1.808132864573082684e-06,1.839927905500571547e-06,1.791206539997918104e-06,1.739481043386934796e-06,1.693590030779813488e-06,1.725231566701649867e-06,1.680011251055665793e-06,1.638028424303959902e-06,1.670376100773228472e-06,1.629797363686367221e-06,1.596053366627658279e-06,1.561459653729292475e-06,1.594668995585650682e-06,1.562824860645103113e-06,1.542032063550847936e-06,1.576366121749886193e-06,1.551904459793926200e-06,1.540326429654377572e-06,1.575670425820792270e-06,1.559008505632041015e-06,1.556217806810717075e-06,1.547204296323915461e-06,1.583311027146846318e-06,1.578055646735548395e-06,1.586658297046462098e-06,1.622746895671883800e-06,1.624370459728174694e-06,1.638859412634931275e-06,1.646407531065926190e-06,1.681237283259077020e-06,1.691135679754963573e-06,1.711419650861058287e-06,1.743928543347608380e-06,1.756917040722232219e-06,1.778133296025229346e-06,1.793339231407281558e-06,1.821009492725251985e-06,1.835734712235961972e-06,1.855338778647794814e-06,1.877706064582628237e-06,1.890373472142278084e-06,1.905769592435283085e-06,1.921676264878965282e-06,1.930362122872136254e-06,1.939882751741067065e-06,1.945487541436767734e-06,1.951610512419545260e-06,1.953156729233924501e-06,1.953275592210682057e-06,1.953275592210682057e-06,1.951387532726814567e-06,1.946197242741173785e-06,1.938398765255111090e-06,1.928744842835569296e-06,1.916502343606094761e-06,1.902599160307764895e-06,1.884529868650548672e-06,1.865146363662073864e-06,1.845201182164446132e-06,1.820048012919750551e-06,1.794637334490451822e-06,1.769828202613943247e-06,1.738612948014132879e-06,1.711266051638149347e-06,1.680452088827084362e-06,1.651982962295931340e-06,1.614740234263307624e-06,1.581661176833598602e-06,1.552095832352507217e-06,1.511844631297649582e-06,1.482147980421641512e-06,1.449244341608638962e-06,1.421250315937901718e-06,1.379089686835115110e-06,1.347946999470368582e-06,1.322391316011674107e-06,1.280141548382575325e-06,1.256309426257122185e-06,1.230176481434878376e-06,1.209955504882316329e-06,1.169031987842365837e-06,1.147541083955363037e-06,1.131754791107867232e-06,1.092693481354468995e-06,1.076550620148127442e-06,1.065517136323734843e-06,1.028805240169076833e-06,1.020262017860505817e-06,1.012107889724803493e-06,1.007478795324651571e-06,9.740859088488466981e-07,9.715897035303630771e-07,9.712033121560938370e-07,9.404876254167374971e-07,9.419815235911822391e-07,9.466411388971085926e-07,9.508804378431930812e-07,9.232938515416523154e-07,9.324736026586402479e-07,9.393782913971883398e-07,9.140601444451935423e-07,9.270439604076156402e-07,9.358453512408967817e-07,9.125095524536421261e-07,9.217477365721232672e-07,9.384298861251905991e-07,9.481395542138061395e-07,9.267241637299100385e-07,9.452687804237521753e-07,9.550844376530490100e-07,9.349560516373587002e-07,9.443386449813570224e-07,9.638869764370278927e-07,9.723796478873290236e-07,9.533751493927212243e-07,9.730424706470225774e-07,9.803238021653407326e-07,9.620755183184892490e-07,9.684178397291942876e-07,9.869743678485911854e-07,9.693198435068804636e-07,9.739695063448229176e-07,9.914161209864594147e-07,9.941056546457121782e-07,9.769886204607174582e-07,9.929812858938950892e-07,9.936426545886595638e-07,9.769439393947082015e-07,9.765486697217317162e-07,9.898240063397562228e-07,9.873002312971465139e-07,9.711110388031167491e-07,9.824900855734756588e-07,9.779850414695330691e-07,9.622199439124305624e-07,9.568700538150902744e-07,9.652629377457523862e-07,9.579548575973517896e-07,9.428375456651509710e-07,9.493041584646798453e-07,9.403620088686746019e-07,9.257613262282624539e-07,9.303652389494482531e-07,9.199683002781493931e-07,9.059243580888421438e-07,8.951225080862792290e-07,8.971023630839713011e-07,8.848678546942896723e-07,8.717165493354946642e-07,8.721189694791219324e-07,8.589214469209019714e-07,8.464215903597046400e-07,8.331226360285519634e-07,8.314166548402324920e-07,8.171141382916541081e-07,8.056269844826895730e-07,8.027078808999779643e-07,7.879012111474852245e-07,7.771170158057563282e-07,7.731322045832487718e-07,7.579844162744486209e-07,7.479095220385592606e-07,7.430030143251765281e-07,7.375445771974491557e-07,7.315477211282764703e-07,7.318842977596199243e-07,7.253790558170586888e-07,7.183658526890878594e-07,7.187471904370547847e-07,7.112574607235853351e-07,7.032948195709302272e-07,6.948784654303138365e-07,6.953150892866350309e-07,6.864781680078421637e-07,6.772282508769321925e-07,6.777030301167907755e-07,6.680738497044331627e-07,6.580753358462555753e-07,6.477303883437016924e-07,6.482513495573942871e-07,6.375940201685841781e-07,6.266370748535226807e-07,6.271889138623754875e-07,6.159660025540635527e-07,6.044915395877453684e-07,6.050708509245025449e-07,5.933777003771716002e-07,5.814816398802805316e-07,5.694072022844480396e-07,5.700176488566550392e-07,5.577960580036526966e-07,5.454443898563168306e-07,5.460739957209417749e-07,5.336218514660951532e-07,5.210869387854171496e-07,5.084925606711055719e-07,5.091421408353013281e-07,4.965151566240251132e-07,4.838734930975081262e-07,4.845339642382454249e-07
1.160500735239587466e-06,1.192679031194230679e-06,1.224816011430395295e-06,1.224169846745001853e-06,1.256214454272070431e-06,1.288105441272685890e-06,1.319784687570440782e-06,1.319159405428941323e-06,1.350574011493575516e-06,1.381658292172840829e-06,1.381052747427640261e-06,1.411753559717224902e-06,1.442003005757014432e-06,1.471739921763075783e-06,1.471166117877093095e-06,1.500338194121316837e-06,1.528875885249802687e-06,1.528329866526426071e-06,1.556182509758950836e-06,1.583280392581942941e-06,1.582765429797667198e-06,1.609060318409466128e-06,1.634483225434423089e-06,1.658977089303721582e-06,1.658508317721323175e-06,1.682029861203450915e-06,1.704513047421186018e-06,1.704082253051896031e-06,1.725488186645390149e-06,1.745753791225759757e-06,1.764831194135198844e-06,1.764455176065923763e-06,1.782313352200374127e-06,1.798895346734483550e-06,1.798563475170283042e-06,1.813844580704873964e-06,1.827772711627693450e-06,1.840313910766195976e-06,1.840045473017875206e-06,1.851185879250164486e-06,1.886946212217596427e-06,1.913336537149397809e-06,1.922002513540180957e-06,1.956671812854519943e-06,1.984663860868450187e-06,1.990497013194028044e-06,2.023669314392359705e-06,2.055918756697672176e-06,2.055849827658669638e-06,2.087083174853693218e-06,2.117169795731789082e-06,2.148893221212879025e-06,2.146021734026794761e-06,2.173459740005613808e-06,2.199370714772147958e-06,2.199530534616246838e-06,2.223829679306906271e-06,2.246345116270524284e-06,2.281096897705764506e-06,2.267312394922561334e-06,2.285930215943286828e-06,2.321618170839504504e-06,2.302960379097581340e-06,2.317191669006934849e-06,2.329002735071895235e-06,2.329880076396145940e-06,2.339266156350856546e-06,2.346002264750269409e-06,2.383082296083075131e-06,2.351404489090070655e-06,2.352684957248267795e-06,2.351017659963685712e-06,2.353019926201406044e-06,2.348547292072663641e-06,2.340985735487878418e-06,2.377995021345811765e-06,2.333324863756956337e-06,2.319735886148528442e-06,2.302941543618899061e-06,2.307046169539562292e-06,2.287441271259558217e-06,2.264650722953781404e-06,2.270083218596008363e-06,2.244641530757588127e-06,2.216118553676011185e-06,2.250955594455394333e-06,2.192281956381681029e-06,2.158485508815431112e-06,2.121919889663901889e-06,2.131737771080892245e-06,2.093331722962898602e-06,2.052501732290177578e-06,2.085018697694180667e-06,2.022670988339187915e-06,1.978544645497676586e-06,1.932675877413485266e-06,1.948916298788999890e-06,1.902647506805025791e-06,1.855216921951995060e-06,1.885915957332095772e-06,1.827708492105160816e-06,1.780094095257607050e-06,1.810685809945121017e-06,1.756806898559810524e-06,1.710467511670534535e-06,1.664668761075566981e-06,1.693050199553910437e-06,1.649455097590366403e-06,1.607117869209956763e-06,1.638092918337419568e-06,1.599937642351935507e-06,1.562419618876477799e-06,1.527167268843176643e-06,1.564347625915695413e-06,1.532801720877313799e-06,1.504073259454006071e-06,1.536973383388186909e-06,1.519739321939920963e-06,1.498248212489678520e-06,1.532215145162864434e-06,1.523769721228896770e-06,1.509815597954597521e-06,1.499418328247600422e-06,1.544354137215264060e-06,1.537770027157981733e-06,1.534673646429160262e-06,1.569800563559340131e-06,1.579938946534670000e-06,1.583273336159518532e-06,1.589668145151273481e-06,1.633036650103914678e-06,1.641477787822281028e-06,1.652406801335581378e-06,1.684844201534711237e-06,1.704669702204481756e-06,1.718289374211508066e-06,1.733356841850310363e-06,1.767649530329845977e-06,1.781925420134653812e-06,1.796819685224252437e-06,1.820363785596924442e-06,1.837882988573969778e-06,1.850566193414544053e-06,1.868203429266448412e-06,1.881121978345506408e-06,1.889786585113107946e-06,1.897281655502964856e-06,1.907413389821298303e-06,1.910642403633170836e-06,1.912234619158094032e-06,1.913076958667281973e-06,1.913076958667281973e-06,1.910583610250499425e-06,1.905592393335371318e-06,1.898673902491479129e-06,1.888542168173145682e-06,1.876875112733880263e-06,1.863366524803920803e-06,1.846963705481713999e-06,1.827109059097537308e-06,1.807685991219144336e-06,1.785073019868880179e-06,1.758671033074232114e-06,1.734448450456291843e-06,1.709313499200008445e-06,1.675020810720472831e-06,1.647422433168927224e-06,1.619474127062676597e-06,1.588164784936960574e-06,1.550976453171622090e-06,1.521817692355945476e-06,1.493084486594996382e-06,1.449715981642355185e-06,1.420922537823520092e-06,1.393063037799185658e-06,1.362231953347993355e-06,1.321151383209533593e-06,1.295510867968019593e-06,1.271323556599699446e-06,1.226387747632035807e-06,1.204059758814069144e-06,1.183439046955162574e-06,1.160920703350852486e-06,1.121619440233363918e-06,1.105235671038671219e-06,1.087634801191807968e-06,1.050282410192203700e-06,1.038491364692247948e-06,1.028478415703038964e-06,9.912980586305201943e-07,9.841554144988417174e-07,9.786530096761171054e-07,9.741504028823065759e-07,9.424028493576509068e-07,9.411173154077711902e-07,9.411144258147425679e-07,9.127329873363833362e-07,9.151728318001556634e-07,9.186016715789188623e-07,9.258467969141133177e-07,8.996289103117010104e-07,9.058273466998738501e-07,9.170399592691898978e-07,8.929468563000449994e-07,9.011869332050990525e-07,9.096222640957456617e-07,8.933818426379332108e-07,9.029192595001831727e-07,9.123472425627811720e-07,9.297274046499156294e-07,9.092289191826040964e-07,9.189606571759358559e-07,9.282059875588025372e-07,9.183881031076043204e-07,9.278026023192324758e-07,9.365152263139807318e-07,9.556997152755031173e-07,9.373790299356767104e-07,9.450705894421168910e-07,9.518397426789653009e-07,9.464072100308942095e-07,9.526894960222207590e-07,9.579444505570019404e-07,9.538397392239207063e-07,9.584258970987865202e-07,9.619221853043852719e-07,9.782001015251314762e-07,9.615704507273692063e-07,9.631566197975296098e-07,9.636404347962157394e-07,9.616377640857335141e-07,9.612458650352440254e-07,9.597734500508032813e-07,9.717541811673894621e-07,9.559784774887636289e-07,9.525790170994748131e-07,9.481836781278374537e-07,9.473050693900370565e-07,9.420613856152344944e-07,9.358950080911188345e-07,9.431025430336986047e-07,9.283444644828448915e-07,9.205433842982021343e-07,9.259055924621800950e-07,9.116431872832072091e-07,9.023689495197800199e-07,8.924011411404304726e-07,8.922373341934303677e-07,8.816670349145997270e-07,8.705002191549866144e-07,8.716305108418124458e-07,8.587667175082985511e-07,8.465831448489360424e-07,8.339510964696877417e-07,8.340130076708655963e-07,8.209983222277748961e-07,8.076230118063700108e-07,8.053339228199927556e-07,7.940811911909194329e-07,7.801351327964749466e-07,7.767325792478302259e-07,7.661611701444793978e-07,7.518044764220252518e-07,7.474298395653973129e-07,7.476858082651463338e-07,7.427624010005363732e-07,7.372861652563620570e-07,7.312706420172544936e-07,7.315877121638525021e-07,7.250621527661025291e-07,7.180278489749963920e-07,7.183873302861853992e-07,7.108750156703114269e-07,7.028890884879252725e-07,6.944487746759776885e-07,6.948607929356143599e-07,6.859986481354744968e-07,6.767229178728475808e-07,6.771713230068582170e-07,6.675152364637647938e-07,6.574893136891215901e-07,6.471164839789795982e-07,6.476091194006100497e-07,6.369230505037340551e-07,6.259369819397123401e-07,6.264593439819090326e-07,6.152066319999796443e-07,6.037020745899621986e-07,6.042510275147071879e-07,5.925272841934071824e-07,5.806004259128512759e-07,5.684950145653078374e-07,5.690743400948748568e-07,5.568215091698936338e-07,5.444385097194891228e-07,5.450367203404020825e-07,5.325531436428481976e-07,5.199867874758508586e-07,5.073609803667999081e-07,5.079791709124302237e-07,4.953208606658161912e-07,4.826479581931429424e-07
1.191501480768966808e-06,1.223669612325544534e-06,1.223054643705191660e-06,1.255130468151695601e-06,1.287052668407771366e-06,1.318763099178406794e-06,1.318168947039583592e-06,1.349614602414613725e-06,1.380729824993398282e-06,1.380155087562989723e-06,1.410886544998071640e-06,1.441166446066458528e-06,1.470933598724220455e-06,1.470389784594014608e-06,1.499591574975783373e-06,1.528158675755703266e-06,1.527641733243350739e-06,1.555523090265713687e-06,1.582649295510059614e-06,1.582162234923871414e-06,1.608484576805238956e-06,1.633934459669226646e-06,1.658454793697115633e-06,1.658011958637414968e-06,1.681558877379125734e-06,1.704066850317300177e-06,1.703660227214017194e-06,1.725089690057768585e-06,1.745378155638924264e-06,1.764477725343922046e-06,1.764123154110223659e-06,1.782002031457717869e-06,1.798603955866402975e-06,1.798291216881176324e-06,1.813590631264854380e-06,1.827536220104931042e-06,1.840093997907281873e-06,1.839841229707337627e-06,1.850996364472372365e-06,1.860706056882289400e-06,1.860502356583917714e-06,1.895031218940258261e-06,1.928965820313895347e-06,1.928816299234529451e-06,1.962076756347539090e-06,1.994540740047001967e-06,1.997023159415570824e-06,2.026035814233325242e-06,2.056600474152414002e-06,2.055688440481827981e-06,2.086057600173041376e-06,2.114280070725744757e-06,2.141136576959110058e-06,2.134470295067861301e-06,2.166653577637791663e-06,2.190447831806006692e-06,2.179559712747601686e-06,2.212792668944805001e-06,2.233039020831223641e-06,2.251297605876621545e-06,2.251770548118986188e-06,2.267989077656272878e-06,2.281975273360241321e-06,2.259364335412352399e-06,2.294427101522907695e-06,2.303694568203386855e-06,2.276106022172820278e-06,2.311570548277454451e-06,2.315720071588084155e-06,2.317094442765347814e-06,2.281888443744674333e-06,2.317469292940601538e-06,2.313234685480919972e-06,2.273109712562361656e-06,2.308562145529781858e-06,2.298526545028940723e-06,2.285396821868613202e-06,2.238226586654502890e-06,2.272969390128573899e-06,2.253951742198344626e-06,2.202712647943551427e-06,2.236888807487999690e-06,2.212141724854279011e-06,2.157461184592327921e-06,2.190978847461803946e-06,2.160839124535795525e-06,2.127863505325930714e-06,2.069213921366530658e-06,2.101328808455840522e-06,2.063766494106654416e-06,2.003895561808109118e-06,2.035314684614601313e-06,1.993986600531112506e-06,1.950675837147092493e-06,1.890704103000469803e-06,1.920817585014726983e-06,1.875261368228228909e-06,1.817110424603250989e-06,1.846885579511647439e-06,1.800336355780708361e-06,1.753208442939950477e-06,1.775056520987197832e-06,1.728875978745354029e-06,1.682790287898945722e-06,1.634432701085448587e-06,1.663910463022502079e-06,1.620299251144579742e-06,1.578263198704380852e-06,1.608354917156326252e-06,1.568594968038391624e-06,1.530636305037048047e-06,1.499284458241802642e-06,1.530144644622768825e-06,1.497868139627309243e-06,1.474862036676918437e-06,1.506818972686694182e-06,1.481118552922522700e-06,1.458524122062976407e-06,1.499700761044610390e-06,1.481119628196672095e-06,1.465903072846770940e-06,1.463591392246843783e-06,1.497591677552130221e-06,1.489689133051184479e-06,1.494817921860101147e-06,1.529160621472496675e-06,1.528040468721599299e-06,1.530137933409822739e-06,1.544238951151627708e-06,1.578025352634009697e-06,1.585483604935290529e-06,1.603514997694403392e-06,1.635747651857919883e-06,1.646999087228809898e-06,1.660161666878087365e-06,1.681153561188162959e-06,1.709772625272008150e-06,1.724123029445691941e-06,1.744225849990917613e-06,1.768596738460805531e-06,1.782134545889675240e-06,1.795691180292741575e-06,1.818361204423628399e-06,1.829190579275643175e-06,1.839319724329158790e-06,1.850487756566128401e-06,1.860956987369743631e-06,1.866173850688066281e-06,1.870942386982781805e-06,1.874128849505917024e-06,1.873404377730672460e-06,1.873404377730672460e-06,1.870915092330267739e-06,1.866228475033619244e-06,1.859560565050426990e-06,1.850573494070552023e-06,1.838452052536123979e-06,1.824612229132766767e-06,1.809425021250775977e-06,1.792627333383002192e-06,1.769957309252115367e-06,1.749351433135367553e-06,1.727519934862047108e-06,1.700153354993524997e-06,1.673353571961101785e-06,1.647768057302907859e-06,1.615428011831785605e-06,1.585249181227829924e-06,1.557390826767392028e-06,1.529558117654307479e-06,1.492566601832830305e-06,1.460749031088763686e-06,1.432724818179540374e-06,1.393639119513253061e-06,1.362215901043773430e-06,1.335430373260420826e-06,1.309809081984384159e-06,1.269766788597307215e-06,1.241580333764280602e-06,1.218771454396319603e-06,1.179162038298669548e-06,1.154502253664584315e-06,1.135376202852951200e-06,1.117980499674325702e-06,1.076803860692691719e-06,1.061933742836217344e-06,1.048845003482366950e-06,1.012968011623277741e-06,9.999577285982230863e-07,9.913395577953357366e-07,9.578135597401044789e-07,9.501764908014761025e-07,9.459250785113548887e-07,9.431282457531331926e-07,9.127741722343404329e-07,9.123791623545928192e-07,9.133694314461837961e-07,8.855023053088941009e-07,8.899066978948117351e-07,8.941288634890766433e-07,8.991184405168342781e-07,8.772703624682506224e-07,8.840646280206246660e-07,8.913120868144834317e-07,8.683140952292257531e-07,8.815811651180826671e-07,8.903765314884136752e-07,8.691297965326387247e-07,8.849574758138726699e-07,8.945984882389345458e-07,9.039743751359215266e-07,8.843976357400710581e-07,9.022873558758081410e-07,9.116058517141348866e-07,8.931421546925694955e-07,9.118593550283431552e-07,9.205703068678692055e-07,9.285024622817419188e-07,9.109974426741472527e-07,9.295426235145296177e-07,9.362674378489134389e-07,9.194091106678519678e-07,9.374125054870682528e-07,9.426099653645117616e-07,9.262591882604497171e-07,9.432978650585055390e-07,9.467427456498120433e-07,9.491134681504573908e-07,9.332239810831795650e-07,9.480985125019507468e-07,9.485742945910691615e-07,9.330496878434205998e-07,9.463133240590136280e-07,9.448658051804274336e-07,9.423905521602096122e-07,9.273187647710491002e-07,9.378663342308612742e-07,9.335576116093028994e-07,9.188660167616075263e-07,9.275946180223844135e-07,9.215532978549149980e-07,9.146564705921162300e-07,9.141815047649619138e-07,9.065423709555998975e-07,8.981342653261639288e-07,8.844987240104356471e-07,8.887642593430884884e-07,8.790087404308403602e-07,8.658799113780330443e-07,8.685096813776107757e-07,8.575816462937430543e-07,8.461192890551942788e-07,8.338048971335336235e-07,8.341771728709007287e-07,8.218148169818949638e-07,8.100951425278101990e-07,8.091347364527162611e-07,7.960426628863562877e-07,7.826397113496537012e-07,7.827806649454337164e-07,7.691264512168396894e-07,7.552417363118595078e-07,7.554353054316101472e-07,7.516229215430736499e-07,7.472342384505350470e-07,7.474752529849168373e-07,7.425360153676688128e-07,7.370431026949063233e-07,7.310100839322093256e-07,7.313088667349286307e-07,7.247642540970991576e-07,7.177101565376268689e-07,7.180491286040498608e-07,7.105156141950837684e-07,7.025078216256934367e-07,6.940450019270654069e-07,6.944338991161303485e-07,6.855480436533035314e-07,6.762480390348323944e-07,6.766716323375513391e-07,6.669902230193775005e-07,6.569384933531874250e-07,6.465393997288113493e-07,6.470053415358848258e-07,6.362921768305189224e-07,6.252786379049646840e-07,6.257731827549771150e-07,6.144923344989113410e-07,6.029593494515225741e-07,6.034796110079330655e-07,5.917269400773011625e-07,5.797709452394611868e-07,5.676362154299619184e-07,5.681860673357638417e-07,5.559036340195242105e-07,5.434909294107822728e-07,5.440593576703944562e-07,5.315459464970824795e-07,5.189497283166102128e-07,5.062940556883781257e-07,5.068824006666224145e-07,4.941942876607801366e-07
1.222588214016526854e-06,1.222002906445673867e-06,1.254108394854344902e-06,1.286060238887256669e-06,1.317800269622957718e-06,1.317235649512965589e-06,1.348710744391552108e-06,1.379855288931475279e-06,1.379309730513999293e-06,1.410070198261730166e-06,1.440378914889245009e-06,1.470174662045926456e-06,1.469659194844339257e-06,1.498889057922977886e-06,1.527483930408862730e-06,1.526994431809438207e-06,1.554902878161790484e-06,1.582055791430445307e-06,1.581595030961082332e-06,1.607943238622513766e-06,1.633418526721233915e-06,1.657963779494037315e-06,1.657545351045979370e-06,1.681116138952315094e-06,1.703647418642341655e-06,1.703263515265891860e-06,1.724715086542771794e-06,1.745025025309804268e-06,1.764145409264757353e-06,1.763810969845469150e-06,1.781709273155725413e-06,1.798329894203185651e-06,1.798035098825232044e-06,1.813351679618456260e-06,1.827313632771454701e-06,1.839886946827839425e-06,1.839648859403250181e-06,1.850817790122835530e-06,1.860540361859007236e-06,1.860348589356512537e-06,1.868617391655338458e-06,1.875396429432132216e-06,1.901696766229848171e-06,1.934253548692605188e-06,1.938220630345554724e-06,1.968453500616686749e-06,1.996857464537033884e-06,1.997673050389055593e-06,2.025883280150665423e-06,2.055603418031769421e-06,2.052941833394948902e-06,2.078687781515712765e-06,2.103018180055129043e-06,2.134498189971676549e-06,2.125995599979838266e-06,2.147184244061145591e-06,2.179681552183463590e-06,2.166928023003017625e-06,2.184519531903882221e-06,2.217877646122510599e-06,2.233797419324499340e-06,2.214173903761614549e-06,2.225499361438692155e-06,2.259767178543674978e-06,2.235358897570084615e-06,2.242016611783628398e-06,2.276669386015858005e-06,2.247385144084393039e-06,2.249025287135744990e-06,2.247958370411732853e-06,2.282715616105344721e-06,2.246049411359692918e-06,2.239555222885844106e-06,2.274175914978289438e-06,2.232820996039939686e-06,2.220764812231257174e-06,2.205753899509304682e-06,2.239665045330265414e-06,2.191700590520827365e-06,2.171126734193332780e-06,2.204462355884601559e-06,2.152797081443432183e-06,2.126872108285746521e-06,2.159534900743048432e-06,2.104846247724283364e-06,2.073953777789072497e-06,2.040454667285737855e-06,2.071700380880192280e-06,2.013727361954787743e-06,1.976119988779024353e-06,2.006634829270031996e-06,1.947940155531132106e-06,1.907062612177744600e-06,1.864459315513765092e-06,1.893621381754950638e-06,1.835568759620995975e-06,1.791211448197394168e-06,1.819971574295996037e-06,1.764216095959376013e-06,1.719327368656341438e-06,1.747934982156110160e-06,1.702140970108718100e-06,1.651669252692306556e-06,1.607853722633329860e-06,1.636152486465172192e-06,1.591112288857045088e-06,1.550070073258957410e-06,1.578908231647698497e-06,1.540380121460432600e-06,1.503389420954565929e-06,1.468285013039255467e-06,1.497820990301795714e-06,1.470048694822076960e-06,1.440659415904737576e-06,1.471270559928076671e-06,1.451681157364615021e-06,1.428784100110047695e-06,1.460485812073271552e-06,1.440792145116089067e-06,1.433170982492806604e-06,1.420452198671740137e-06,1.453248788494305205e-06,1.453358290799991731e-06,1.447621838407421721e-06,1.480940759806794461e-06,1.487845700988434448e-06,1.488502846197736422e-06,1.492178745967016817e-06,1.525292770110566663e-06,1.540140673949085732e-06,1.548757672587801775e-06,1.580686299331188741e-06,1.598696870174122356e-06,1.610716742427786420e-06,1.624458560289821739e-06,1.653361019680432863e-06,1.673311734667312815e-06,1.687944859290513834e-06,1.713102261439794333e-06,1.731558966070170204e-06,1.745180140272362801e-06,1.765458810701833453e-06,1.777333045643574603e-06,1.791421686554895107e-06,1.801487298621483862e-06,1.813903835907712427e-06,1.822584560628749622e-06,1.827782226495801843e-06,1.833319658697426426e-06,1.835568437153798114e-06,1.834938911665480976e-06,1.834938911665480976e-06,1.832567128718628062e-06,1.828605746748263864e-06,1.821608885841392339e-06,1.812898435106217060e-06,1.801868131877708004e-06,1.787779058794269262e-06,1.773015754223325934e-06,1.755506747562286708e-06,1.737386093642121420e-06,1.714705169858145892e-06,1.693402139592568355e-06,1.669029766442401717e-06,1.640812655903710128e-06,1.615775567752831706e-06,1.587635470324055509e-06,1.554966185830773076e-06,1.527605642947420459e-06,1.500209591464244157e-06,1.469737903469615865e-06,1.433059008984862199e-06,1.405336516934476206e-06,1.374692938472192016e-06,1.336336336178264341e-06,1.309672105559259287e-06,1.284081273387872963e-06,1.255889626544000317e-06,1.217005436434623806e-06,1.194020933246456879e-06,1.168819434546130969e-06,1.130595928053648392e-06,1.111089671975754165e-06,1.089859097822280844e-06,1.073914098752826262e-06,1.037597763112440300e-06,1.023889593840269916e-06,1.009376534874435975e-06,9.751021143734409797e-07,9.657364686606563337e-07,9.563500918000977629e-07,9.244095273467953348e-07,9.193303603201232344e-07,9.157100007481736528e-07,9.134192051776586068e-07,8.845567379699340892e-07,8.847191907373527920e-07,8.872220906886354940e-07,8.607380895677073883e-07,8.641782993814528938e-07,8.710211853929381449e-07,8.766657735849181190e-07,8.528578567672837694e-07,8.594891829939406735e-07,8.711752449317188801e-07,8.492633982970432981e-07,8.575838190872580686e-07,8.720470753594329858e-07,8.517580766547394289e-07,8.610897580667727841e-07,8.702517687811305100e-07,8.871369038615100940e-07,8.683705972835076264e-07,8.776568860280826019e-07,8.956286168346529146e-07,8.778754035471473086e-07,8.867375750673991024e-07,8.949119590228835184e-07,9.130711712605989198e-07,8.961734332281633290e-07,9.033109445002511901e-07,9.211588520360648522e-07,9.048421026780721582e-07,9.106080955634596019e-07,9.276977262613209257e-07,9.118358216524945982e-07,9.159862035789459896e-07,9.191210386615493490e-07,9.342903972213021751e-07,9.188393833302699246e-07,9.201830681023550216e-07,9.338772664110924894e-07,9.187596346546231651e-07,9.182607295900001798e-07,9.167639521759798305e-07,9.278829837550971980e-07,9.131860006447871373e-07,9.099027432825613627e-07,9.192702516357769044e-07,9.049321152050690456e-07,8.999422627795777284e-07,9.075385686985406923e-07,9.007835265101831666e-07,8.870062757888797284e-07,8.796526423853400308e-07,8.846241439142616181e-07,8.712974407984276073e-07,8.625792119130982170e-07,8.659128231557160747e-07,8.530745619055544301e-07,8.431533920542911579e-07,8.326782162042406633e-07,8.337273449278827075e-07,8.216766375920441206e-07,8.102527247386088397e-07,8.099391827013980289e-07,7.984641381606950606e-07,7.862606783719572327e-07,7.847078792155271884e-07,7.715858367289322274e-07,7.610084814245301126e-07,7.583482849341097673e-07,7.550942782038689464e-07,7.552764972468894271e-07,7.514518427945110088e-07,7.470500036082488737e-07,7.472770082924600993e-07,7.423229362890648713e-07,7.368143919067874010e-07,7.307649697832482290e-07,7.310466021022957789e-07,7.244841155768027401e-07,7.174114439122919752e-07,7.177311645379444797e-07,7.101777441120017301e-07,7.021494137306652438e-07,6.936654473377897958e-07,6.940326120745158975e-07,6.851244617916024949e-07,6.758016236745491013e-07,6.762018688026409894e-07,6.664966209482418573e-07,6.564205869966369710e-07,6.459967482235311444e-07,6.464375291450301923e-07,6.356988131449032400e-07,6.246593579999045866e-07,6.251276472992539620e-07,6.138202298135089286e-07,6.022603875168305154e-07,6.027535294189821581e-07,5.909735019473315461e-07,5.789899390527424277e-07,5.668274548452867655e-07,5.673493909424500099e-07,5.550389050480840197e-07,5.425980354006714330e-07,5.431382100974431436e-07,5.305964803633420780e-07,5.179719017054379294e-07,5.052878492876250980e-07,5.058478172628045870e-07
1.221010786341819926e-06,1.253144463171855309e-06,1.285124460988121519e-06,1.316892588658175993e-06,1.316355985988345264e-06,1.347858995765754056e-06,1.379031329249018671e-06,1.378513410075886908e-06,1.409301343336263082e-06,1.439637327465457453e-06,1.469460119631882065e-06,1.468971450312279260e-06,1.498227839402988404e-06,1.526848941232336387e-06,1.526385350503109954e-06,1.554319358492541623e-06,1.581497462500360280e-06,1.581061497351417428e-06,1.607434080584252640e-06,1.632933300408774452e-06,1.657502017237243364e-06,1.657106561654322112e-06,1.680699808043109107e-06,1.703253008983134904e-06,1.702890467118853410e-06,1.724362817996450477e-06,1.744692932580850920e-06,1.763832866949118582e-06,1.763517331095134093e-06,1.781433869753326688e-06,1.798072036502614085e-06,1.797794075521886399e-06,1.813126757307823657e-06,1.827104055249383905e-06,1.839691934080133664e-06,1.839467606226067314e-06,1.850649464308851697e-06,1.860384101877400601e-06,1.860203501447576116e-06,1.868482546252986703e-06,1.875270856819756810e-06,1.875138414813389710e-06,1.880436952939731839e-06,1.910885713910821669e-06,1.940485026534070780e-06,1.940427666397543342e-06,1.969093847634718783e-06,1.996713257099039327e-06,1.996725091356594035e-06,2.023205699200911118e-06,2.048416830902849888e-06,2.042236861327115969e-06,2.072378518763659550e-06,2.094749956134204310e-06,2.115514543568299218e-06,2.115768282599589703e-06,2.134859208763198635e-06,2.152116841673580193e-06,2.152532019093071488e-06,2.167906635906852172e-06,2.181226101976383450e-06,2.192379286673466578e-06,2.193097913997874444e-06,2.202072699828531016e-06,2.208677843844660315e-06,2.209715542393541293e-06,2.213980139656183247e-06,2.215694740314308726e-06,2.183108428336734541e-06,2.216404900725192401e-06,2.212954847891204478e-06,2.206738385921292528e-06,2.208979629861212334e-06,2.200179670251825720e-06,2.188529499898719592e-06,2.144774421555009925e-06,2.177332687246312505e-06,2.160229925698527433e-06,2.140246638941999579e-06,2.144662938783058672e-06,2.122228277303741107e-06,2.096986275868908711e-06,2.102743544009618257e-06,2.075254332219219110e-06,2.045109124335763621e-06,1.990255513339185143e-06,2.020404090760651230e-06,1.985885749495837194e-06,1.949077082787604040e-06,1.959149572096504845e-06,1.920965726599058847e-06,1.880854134716411068e-06,1.824107655807809773e-06,1.852358397873027760e-06,1.809904700787947876e-06,1.766200864434769608e-06,1.782387957764905389e-06,1.738697857432829316e-06,1.694308523871070602e-06,1.713620138677472184e-06,1.669909225735231795e-06,1.626099493292550300e-06,1.582494648760886047e-06,1.606305567592660855e-06,1.564379153725424514e-06,1.523293216006550155e-06,1.550602502253238709e-06,1.511836964369144491e-06,1.474530417367429485e-06,1.442192793426660811e-06,1.470874561655991352e-06,1.438474275275889257e-06,1.408373139943925902e-06,1.443425813463901265e-06,1.416846571624346914e-06,1.393001068694896833e-06,1.430782210107273097e-06,1.410652408126830950e-06,1.393554979140361979e-06,1.379624043585005598e-06,1.420037856503512019e-06,1.409805205035174915e-06,1.402796909528251302e-06,1.444192834799334749e-06,1.440531013200773455e-06,1.439966988953992326e-06,1.451017909659097530e-06,1.483512959142848256e-06,1.488499884195953261e-06,1.496126135475501850e-06,1.535603508804842639e-06,1.544875026573638515e-06,1.556242754484789251e-06,1.575894819631818574e-06,1.604874044264838565e-06,1.618307827953689796e-06,1.632891919347606101e-06,1.663844595900023269e-06,1.677534769433222044e-06,1.691643474466085783e-06,1.717022548519680426e-06,1.729166533762432079e-06,1.741026245286627642e-06,1.752322211446307732e-06,1.768836064554072062e-06,1.776889771521017736e-06,1.783819112408231608e-06,1.792908904543983326e-06,1.795945293925319024e-06,1.797459994215822176e-06,1.798764184748666301e-06,1.797323912899478110e-06,1.796019722366633985e-06,1.791542582210079003e-06,1.785298371012132687e-06,1.776208578876380969e-06,1.765663498580017066e-06,1.753425281425434083e-06,1.736911428317669753e-06,1.720703881770672602e-06,1.703050821922343130e-06,1.684081870128861647e-06,1.658702796075267005e-06,1.636593949402516301e-06,1.613592824433638423e-06,1.582640147881221255e-06,1.557308357525804631e-06,1.531575753936083328e-06,1.498758339871143229e-06,1.468993607315006506e-06,1.441937370782546577e-06,1.415171095390930998e-06,1.375693722061590208e-06,1.348716398563005733e-06,1.322491797076508925e-06,1.284888392056082902e-06,1.255811952283295735e-06,1.231357560643274062e-06,1.208149500358194260e-06,1.166753575087110814e-06,1.145094790018455369e-06,1.124938010680590809e-06,1.084524197762084388e-06,1.066437809736475142e-06,1.050002789718630757e-06,1.035214511219901475e-06,9.974333698075254219e-07,9.851195621771145054e-07,9.744555686192017528e-07,9.394028950992263901e-07,9.313449434902768157e-07,9.248469159543431865e-07,8.942566859340088915e-07,8.890481575665267321e-07,8.865307830135026246e-07,8.852919675516820843e-07,8.579826813049912012e-07,8.590724982264798130e-07,8.611975013883458092e-07,8.373865825564996390e-07,8.415671850816766248e-07,8.465066141764834707e-07,8.520707503272787608e-07,8.327591355182828234e-07,8.398863165209530184e-07,8.473503775553005248e-07,8.311632842022297388e-07,8.398181466151982925e-07,8.485296091684076727e-07,8.291442401786006027e-07,8.447076864731938658e-07,8.540318041107206108e-07,8.630515188751738598e-07,8.529790284757330637e-07,8.623275383035915728e-07,8.711578613424731519e-07,8.541823066928172487e-07,8.720028914768909625e-07,8.801600114452090419e-07,8.875653361177562359e-07,8.818080519835343750e-07,8.888915157722840935e-07,8.951035484801912041e-07,8.906872092873547402e-07,8.963843088365297855e-07,9.011285009464542681e-07,8.859555781994459514e-07,9.018767032784910702e-07,9.049628314408679146e-07,9.070503099623630692e-07,9.048088551705656905e-07,9.061247879817729308e-07,9.064407906178801108e-07,8.919829379794179869e-07,9.043118299487790675e-07,9.028391044639550265e-07,9.004173319893989280e-07,8.993789058074645930e-07,8.961547217596762825e-07,8.920336789011828923e-07,8.913139332316514193e-07,8.864194574995433532e-07,8.806944715899485473e-07,8.741795784460798046e-07,8.737625617580306785e-07,8.665584146761517952e-07,8.586433612901738808e-07,8.583870783739170174e-07,8.498489740052410035e-07,8.406837897285664044e-07,8.283929533755055212e-07,8.308340597044760739e-07,8.205783369814416231e-07,8.098251250877381515e-07,8.098085463514976459e-07,7.986237765770163399e-07,7.870283042529183363e-07,7.870797567516565007e-07,7.751303947041641446e-07,7.628479514867937626e-07,7.607630429828372776e-07,7.608878592599767472e-07,7.582188743040023095e-07,7.549551381087277668e-07,7.551267270763655772e-07,7.512905779000432616e-07,7.468764116427419204e-07,7.470902862229413283e-07,7.421223079960448709e-07,7.365991062915588034e-07,7.305342993115652355e-07,7.307998417197356593e-07,7.242205819376036384e-07,7.171304748695582951e-07,7.174321188488114446e-07,7.098600013166429736e-07,7.018123741689230311e-07,6.933085322717022565e-07,6.936552638891343503e-07,6.847261442502372026e-07,6.753818222079796709e-07,6.757600908148900781e-07,6.660323961242608435e-07,6.559334675997111864e-07,6.454863093723979258e-07,6.459033690626382704e-07,6.351405533724451540e-07,6.240766435712476612e-07,6.245201468721939915e-07,6.131876357553984323e-07,6.016024159430993603e-07,6.020699201838959003e-07,5.902640185870331233e-07,5.782543686812081384e-07,5.660656080043149335e-07,5.665611014071981019e-07,5.542240295899904757e-07,5.417564535098478181e-07,5.422698236668172556e-07,5.297012133369685972e-07,5.170496996934921925e-07,5.043386791506501044e-07
1.252235146697810163e-06,1.284241883889811200e-06,1.316036682842336419e-06,1.315526662115105097e-06,1.347056142902724438e-06,1.378254814558795248e-06,1.377763078539332631e-06,1.408577017513839947e-06,1.438938807298731957e-06,1.468787182287135600e-06,1.468323850067909912e-06,1.497605307582077810e-06,1.526251186181364431e-06,1.525812057617338232e-06,1.553770190288017378e-06,1.580972058731831863e-06,1.580559475174656514e-06,1.606955034760372553e-06,1.632476803547062225e-06,1.657067620071803668e-06,1.656693793348429109e-06,1.680308176513565648e-06,1.702882001235130065e-06,1.702539549579776903e-06,1.724031436834825119e-06,1.744380513994003237e-06,1.763538817400357770e-06,1.763241037478071333e-06,1.781174699457510030e-06,1.797829337350844411e-06,1.797567175545448552e-06,1.812914964321359542e-06,1.826906656182266282e-06,1.839508194015972288e-06,1.839296767096380422e-06,1.850490743180989862e-06,1.860236688770520980e-06,1.860066556603873300e-06,1.868355196784508442e-06,1.875152192644027806e-06,1.875027483783790612e-06,1.880332755069194483e-06,1.884118032547433656e-06,1.886374644100754550e-06,1.913047102158543938e-06,1.941115797575065022e-06,1.940291293224840605e-06,1.968171677993160235e-06,1.994102489455907144e-06,1.989889234730925390e-06,2.012763373450473759e-06,2.042259928207926500e-06,2.034374960850898135e-06,2.054336859544147040e-06,2.084768458463149216e-06,2.103487122547259451e-06,2.089584292713259822e-06,2.120808628869226954e-06,2.135904129542827633e-06,2.117730655300781392e-06,2.128586790181302724e-06,2.160655325003498201e-06,2.169515043508616371e-06,2.144609264783423223e-06,2.177038536253445494e-06,2.181307145603960070e-06,2.151852555356517060e-06,2.151293094065350064e-06,2.183836179084766619e-06,2.149867537749432126e-06,2.144302311175774129e-06,2.176730522871718688e-06,2.168254635013032801e-06,2.127681136396238780e-06,2.114248134313731610e-06,2.146046279577682113e-06,2.101495121322526113e-06,2.082896188032973020e-06,2.114172285086465297e-06,2.092349078831047962e-06,2.042495695757475392e-06,2.073154850254394298e-06,2.046354824572657832e-06,1.993860820104069695e-06,1.963136336909698971e-06,1.992494459821306332e-06,1.938155038326079401e-06,1.903486021023060762e-06,1.932153416075696691e-06,1.894731934799723670e-06,1.839007735324317365e-06,1.799424966543798345e-06,1.826814652047110727e-06,1.771712725621084168e-06,1.730237610905580738e-06,1.757212753546572657e-06,1.714098620209846801e-06,1.661608925566158707e-06,1.688392313803343801e-06,1.645092101371401892e-06,1.596125267267863710e-06,1.554301092115905479e-06,1.580723166489976723e-06,1.538909623619929084e-06,1.496783147327255594e-06,1.523654717590786078e-06,1.484751331041323470e-06,1.448799311824567031e-06,1.414085441758257712e-06,1.441548054307315117e-06,1.412551466320183699e-06,1.382814120023773352e-06,1.411285056349038924e-06,1.383939571600496036e-06,1.365812121844624982e-06,1.395361016710376306e-06,1.374259231938067537e-06,1.363879373971617104e-06,1.349194823322836336e-06,1.379921550863429542e-06,1.368505046648810501e-06,1.368894809828934446e-06,1.400355223279761493e-06,1.395490824773712064e-06,1.402328210797226301e-06,1.403406054075482201e-06,1.435121456337923096e-06,1.447222592141404412e-06,1.453470545066828064e-06,1.484554668575625414e-06,1.492991876274127502e-06,1.510608210408633381e-06,1.522685038339661891e-06,1.551680719018734406e-06,1.570717369594895231e-06,1.584551550811493823e-06,1.610670717269424521e-06,1.624498592551353064e-06,1.643179804403680660e-06,1.665354201888241059e-06,1.678158427881111993e-06,1.694041478935946957e-06,1.705858804805576514e-06,1.721400385801641473e-06,1.730814620821678183e-06,1.741005933766796019e-06,1.750488450610653834e-06,1.755339695072561765e-06,1.759694926695486979e-06,1.761238034007960921e-06,1.762003490036240076e-06,1.762003490036240076e-06,1.759891699780821798e-06,1.755580570648680917e-06,1.749573715679758967e-06,1.741447460938828201e-06,1.730528365747553027e-06,1.718029801906371316e-06,1.704249491795470013e-06,1.686924512739063222e-06,1.669730212586484115e-06,1.649809818093756068e-06,1.629885359124855401e-06,1.605122205335555352e-06,1.580712794330281011e-06,1.557244168656963219e-06,1.527900038693537179e-06,1.502660857610980345e-06,1.474544239258059061e-06,1.441684903329095038e-06,1.415042340757744520e-06,1.385606843276412328e-06,1.359412574471893213e-06,1.323649998039351262e-06,1.297627336796876875e-06,1.268991938734908468e-06,1.232244619332190442e-06,1.207813271693244448e-06,1.181026836940523936e-06,1.159026705108192400e-06,1.122425703670509802e-06,1.098585311474026666e-06,1.079762066616711195e-06,1.044159742321615410e-06,1.027294780213444267e-06,1.009078243110860691e-06,9.956413376201627623e-07,9.621656914387298524e-07,9.485154394180945078e-07,9.391456303106164766e-07,9.077426123301031387e-07,9.005169090439950273e-07,8.936119468146631970e-07,8.644759321885237884e-07,8.611757594323829572e-07,8.590381324900667884e-07,8.587634745235889667e-07,8.325173902202986067e-07,8.348901121620214841e-07,8.378045851177389101e-07,8.137434555843243211e-07,8.179812508042105658e-07,8.257580532447965273e-07,8.318736012680690766e-07,8.102220688849041038e-07,8.212853075404508945e-07,8.291394289464213727e-07,8.091744196532019259e-07,8.174870201460266136e-07,8.318512365229330064e-07,8.133138396664191833e-07,8.223945904972373723e-07,8.384831498504315240e-07,8.476065112959026492e-07,8.303874153958865827e-07,8.392283775295272728e-07,8.564212562863247625e-07,8.400758488749252813e-07,8.484099560806165832e-07,8.658847480588896347e-07,8.732555295701730352e-07,8.576368010313292455e-07,8.748958357637195393e-07,8.810496152994137567e-07,8.659269032013568983e-07,8.712213499155950351e-07,8.872275167371113906e-07,8.724933288240102227e-07,8.762511376709751075e-07,8.911601111931869066e-07,8.932133475956885270e-07,8.788320783109843971e-07,8.799628868472564445e-07,8.927110781260180653e-07,8.786216092592296446e-07,8.780344778627923352e-07,8.892372265222892335e-07,8.868586060614862415e-07,8.731446978076719486e-07,8.827191714221398494e-07,8.786757022183839440e-07,8.652848486277302806e-07,8.605345115057864501e-07,8.675865376973891583e-07,8.612027022530660914e-07,8.483219154876688172e-07,8.537526284046090926e-07,8.459996198343293848e-07,8.335291988758200791e-07,8.253240222645572543e-07,8.284205440187062633e-07,8.163959762226574788e-07,8.070724302200661613e-07,8.087377287923727909e-07,7.982088373289984115e-07,7.869047649004829053e-07,7.872410778459997685e-07,7.758866701150264244e-07,7.651094977548858495e-07,7.642329664938595629e-07,7.627475967112707038e-07,7.606563568831668961e-07,7.607738680493372913e-07,7.580966524264281729e-07,7.548238023876246234e-07,7.549854317689356183e-07,7.511385105566954999e-07,7.467127896779133959e-07,7.469143541110108419e-07,7.419333350130885133e-07,7.363963847305417387e-07,7.303171431051234096e-07,7.305675854109539006e-07,7.239725799451071089e-07,7.168661009987969262e-07,7.171507660066124806e-07,7.095610813909412933e-07,7.014953180400460614e-07,6.929727899257021344e-07,6.933003046074265289e-07,6.843514568532392084e-07,6.749869153335609034e-07,6.753444932152587631e-07,6.655956569674469883e-07,6.554751567640703001e-07,6.450060177245805515e-07,6.454007087112624824e-07,6.346151578912894218e-07,6.235281681871723087e-07,6.239482686142097844e-07,6.125920535623569701e-07,6.009828507283881828e-07,6.014261148563005911e-07,5.895957380275922406e-07,5.775613996764443605e-07,5.653477591366944289e-07,5.658182029040523560e-07,5.534559331324471519e-07,5.409630320035667847e-07,5.414509709765189195e-07,5.288568439868867375e-07,5.161797485359860837e-07
1.283409280942251373e-06,1.315229398990731285e-06,1.314744599708626056e-06,1.346299184069271132e-06,1.377522820941024728e-06,1.377055891064642478e-06,1.407894456200300959e-06,1.438280671098816066e-06,1.468153248970902626e-06,1.467713876147061102e-06,1.497019028275987702e-06,1.525688315425828372e-06,1.525272288116324822e-06,1.553253193608174689e-06,1.580477485438873086e-06,1.580086955010002958e-06,1.606504176855570722e-06,1.632047196672505513e-06,1.656658832915134725e-06,1.656305374816706349e-06,1.679939656051791052e-06,1.702532889152064209e-06,1.702209337370078724e-06,1.723719597484452182e-06,1.744086502253453763e-06,1.763262070007720036e-06,1.762980973310973334e-06,1.780930719589873229e-06,1.797600824986883355e-06,1.797353495799552631e-06,1.812715463808391623e-06,1.826720662378359884e-06,1.839335014345137839e-06,1.839135687693130305e-06,1.850341027273762905e-06,1.860097574624965129e-06,1.859937254959029135e-06,1.868234887708670526e-06,1.875040021730589062e-06,1.874922557600730187e-06,1.880234135769136264e-06,1.884024731538434824e-06,1.886285614671289661e-06,1.886234785204548203e-06,1.886976795616337059e-06,1.912918102538470018e-06,1.940218490393489600e-06,1.937806240429310687e-06,1.961502211062416013e-06,1.983914650622194578e-06,1.984031067835361381e-06,2.005089152439260392e-06,2.024658865991147171e-06,2.024882348749677738e-06,2.042901591946417345e-06,2.059226755469908764e-06,2.089772006796756224e-06,2.074175691838385583e-06,2.086863806886569563e-06,2.097555194072871866e-06,2.098185674862532380e-06,2.106865831196212995e-06,2.113363782357126958e-06,2.145073357351440989e-06,2.118609831091552945e-06,2.120599308327256368e-06,2.120162136403704287e-06,2.121588752129534638e-06,2.118814369170528351e-06,2.113491502610820926e-06,2.115449268080480093e-06,2.107733180727747662e-06,2.097387416685384028e-06,2.084379149118453287e-06,2.087291562013550833e-06,2.071890408414502300e-06,2.053821044187661240e-06,2.057675798182457558e-06,2.037309118804396485e-06,2.014330300026801117e-06,2.044242434009194789e-06,1.994253204629908951e-06,1.966661419376665885e-06,1.936656303777670704e-06,1.943657664170984901e-06,1.911904316901114572e-06,1.877973251599626179e-06,1.886794759714624573e-06,1.851490294859457358e-06,1.814320668306025961e-06,1.775453172656467844e-06,1.787180014386968846e-06,1.747612125388805747e-06,1.706768945492797006e-06,1.721029934704058310e-06,1.680040000423890704e-06,1.638260576572816174e-06,1.664115392885721616e-06,1.614006954314636900e-06,1.572424741694864577e-06,1.530858634271033079e-06,1.552031604438336377e-06,1.511830163429463824e-06,1.472221269916067226e-06,1.498011009219666678e-06,1.458988741472086457e-06,1.422510668734828278e-06,1.387475066578424853e-06,1.416208375257137268e-06,1.383939166134297691e-06,1.353627054472421336e-06,1.385435366321112383e-06,1.358288570192809285e-06,1.333532790693064764e-06,1.361868003828922443e-06,1.346754268541483053e-06,1.328126025248648959e-06,1.312360276017763792e-06,1.349807983999366347e-06,1.337561061129826651e-06,1.328297737010888184e-06,1.358700308801070679e-06,1.361125060857614969e-06,1.358099777596711951e-06,1.357991023112409006e-06,1.397203581691108063e-06,1.399774164900717271e-06,1.404981481231586164e-06,1.443310190196726498e-06,1.450478971592420113e-06,1.459855524617525360e-06,1.471241332458347102e-06,1.506652855992891692e-06,1.518777425459657386e-06,1.532314218284280816e-06,1.564214515186816315e-06,1.577485326994511824e-06,1.591511826491777001e-06,1.614443157074226040e-06,1.631570994811540358e-06,1.644413724583829637e-06,1.657077655160651580e-06,1.676790444051786580e-06,1.686893525091206193e-06,1.696235582594572516e-06,1.707491942222034390e-06,1.715426157082113741e-06,1.720252352163755845e-06,1.723696635322186431e-06,1.727352846625240778e-06,1.726844217646764839e-06,1.726844217646764839e-06,1.724730866219063609e-06,1.721074654916009262e-06,1.714863837976407582e-06,1.706982434992988309e-06,1.697014374202791399e-06,1.684304777484707383e-06,1.670902072080973662e-06,1.656025336606361355e-06,1.636312547715226356e-06,1.618025673358842614e-06,1.598578684393228272e-06,1.576385558006100731e-06,1.550807453707109537e-06,1.527841583986145800e-06,1.504293144078808847e-06,1.472392847176273349e-06,1.447139421578316235e-06,1.421770336731522912e-06,1.386358813196978322e-06,1.360125215390879868e-06,1.334237193531091137e-06,1.308849170827994959e-06,1.270520461862854625e-06,1.245359437104467219e-06,1.221092190926411675e-06,1.181879632347712618e-06,1.158558984924947365e-06,1.136451210657169543e-06,1.112231202642646035e-06,1.076834953417573117e-06,1.057719445164697691e-06,1.040081002410816182e-06,1.002633294429213627e-06,9.871068102431613200e-07,9.731505825917720999e-07,9.582215734230273141e-07,9.261804503123865354e-07,9.161631649366774175e-07,9.076621525527239784e-07,8.758538407040329318e-07,8.698010577719807883e-07,8.651519945908797234e-07,8.364186859121675202e-07,8.341504584952240152e-07,8.331091739394883318e-07,8.337452521127127617e-07,8.087772194678508567e-07,8.109455352297826166e-07,8.139963338377798490e-07,7.928233636703069325e-07,7.976902963326309565e-07,8.031804840331604184e-07,8.127285362068704685e-07,7.920978652763976404e-07,7.994373792865599137e-07,8.070153178940428943e-07,7.927543286472033478e-07,8.013353282462404127e-07,8.099025104327112997e-07,7.981756685037511136e-07,8.074049343022647609e-07,8.163888879358379520e-07,8.250392565700591383e-07,8.162177471177203402e-07,8.250942378258538438e-07,8.334495012356358094e-07,8.264481364074162370e-07,8.347578455241294920e-07,8.423925962355781879e-07,8.593835535144799052e-07,8.442765707396939002e-07,8.508420607494250749e-07,8.565818116011909148e-07,8.527270170818366890e-07,8.579537546680856320e-07,8.622863554400446675e-07,8.593738565352355766e-07,8.630698136664729672e-07,8.658347421326211803e-07,8.676703100347199330e-07,8.657123408945249257e-07,8.668180333863168916e-07,8.669965277845118797e-07,8.655695565158190486e-07,8.649853818293508087e-07,8.634984737923434603e-07,8.736095667110175211e-07,8.602240986233339799e-07,8.571111203378787061e-07,8.531691929421014798e-07,8.525376838752313048e-07,8.478762522527171527e-07,8.424470875886672496e-07,8.485117788079062291e-07,8.359205162765463072e-07,8.291197222831075273e-07,8.216605153573154777e-07,8.214347344230422256e-07,8.133956897550388660e-07,8.047746872995799704e-07,8.046552193270251023e-07,7.955221869667728676e-07,7.858852859036726118e-07,7.868383038210294148e-07,7.757698104041863512e-07,7.652644512873363505e-07,7.649778632261890729e-07,7.650234181512770287e-07,7.641429451073727033e-07,7.626526104095621962e-07,7.605554411632656088e-07,7.606661095969981007e-07,7.579811827195109870e-07,7.546997922374577869e-07,7.548520867003066273e-07,7.509950669338555022e-07,7.465585114906964910e-07,7.467485303417833539e-07,7.417552775116934631e-07,7.362054265306376902e-07,7.301126371212999897e-07,7.303489034617025879e-07,7.237391120521188396e-07,7.166172549181297815e-07,7.168859669520169507e-07,7.092797719140436549e-07,7.011969580361777652e-07,6.926568567379245556e-07,6.929662932047530528e-07,6.839988800622046148e-07,6.746153041051500352e-07,6.749533969117955274e-07,6.651846436563753458e-07,6.550438135076507565e-07,6.445539508563910398e-07,6.449275440920514411e-07,6.341205411381988982e-07,6.230117648716354540e-07,6.234097644249649920e-07,6.120311544310007103e-07,6.003992829157464229e-07,6.008196249986297842e-07,5.889660931422502113e-07,5.769083871272025055e-07,5.646711865593072379e-07,5.651178980930723167e-07,5.527317438905746461e-07,5.402148259550701178e-07,5.406786353464490418e-07,5.280602853479615647e-07
1.314467788856310618e-06,1.314006921627260137e-06,1.345585314523390303e-06,1.376832617262672902e-06,1.376389191246798225e-06,1.407251078742098321e-06,1.437660414886270256e-06,1.467555893194549199e-06,1.467139180257681965e-06,1.496466731979302759e-06,1.525158138716670132e-06,1.524763931352388492e-06,1.552766337622927882e-06,1.580011791692607204e-06,1.579642065777314620e-06,1.606079715446755422e-06,1.631642767685409952e-06,1.656274022512956931e-06,1.655939751026013216e-06,1.679592769073653439e-06,1.702204271677659092e-06,1.701898504890367615e-06,1.723426048581597100e-06,1.743809718859468905e-06,1.763001517613458948e-06,1.762736101105894218e-06,1.780700960510123097e-06,1.797385595646048637e-06,1.797152196272959061e-06,1.812527477238066919e-06,1.826545354361720539e-06,1.839171732066094888e-06,1.838983758749649828e-06,1.850199758150976482e-06,1.859966248757694205e-06,1.859815130322101434e-06,1.868121193867701678e-06,1.874933956279985866e-06,1.874823281909610993e-06,1.880140769949711535e-06,1.883936348545206317e-06,1.886201233433283572e-06,1.886153362686811429e-06,1.886897217701167579e-06,1.886112727872400669e-06,1.886122497047561968e-06,1.910493777775029581e-06,1.933710267180486930e-06,1.928108050868952882e-06,1.955782683045257763e-06,1.976422580111441161e-06,1.967284720896538470e-06,1.995820193326594198e-06,2.013494245551647206e-06,2.000592502854277269e-06,2.029859131358003892e-06,2.044182078895534741e-06,2.056657531077952374e-06,2.037727587075694045e-06,2.067778416969920039e-06,2.076345816351844037e-06,2.053249608142223661e-06,2.083638546067659412e-06,2.087970546687531823e-06,2.090015206540485157e-06,2.060521073648607544e-06,2.091030267705528225e-06,2.088426352131337616e-06,2.054756216474012127e-06,2.085168924469919788e-06,2.077738240870372772e-06,2.040051476072964173e-06,2.028017144148826058e-06,2.057869097184678008e-06,2.042924563081071443e-06,1.999597834838612027e-06,2.028975247694278249e-06,2.009159315765105885e-06,1.962674490257353034e-06,1.991485182199772026e-06,1.967006240644968316e-06,1.940083895473791254e-06,1.889723133386392124e-06,1.917337314436119780e-06,1.886290139833517438e-06,1.834388176012738586e-06,1.861349406991142412e-06,1.826753652540585356e-06,1.774182348878079474e-06,1.737391289777435148e-06,1.763145372733004686e-06,1.724239768966141654e-06,1.672097077766740506e-06,1.697427957153864727e-06,1.657002768565742051e-06,1.606698479430130844e-06,1.631804145848405447e-06,1.590901833066279339e-06,1.549684426208571704e-06,1.503678251639263055e-06,1.528377285136617444e-06,1.488344899005131678e-06,1.446824524626751528e-06,1.471888235999962029e-06,1.434193456854013925e-06,1.397560613315399841e-06,1.363975261262697875e-06,1.389524486725609595e-06,1.356856302628594341e-06,1.329833833973838198e-06,1.356312815674386292e-06,1.328532203554431871e-06,1.308543751215633245e-06,1.336062068552924948e-06,1.313879901718260720e-06,1.294315315090598231e-06,1.284795096052006727e-06,1.313518640807119129e-06,1.300200325646706979e-06,1.297690350120498504e-06,1.327288140898000559e-06,1.320190598054343586e-06,1.316002564591607583e-06,1.322731639401345124e-06,1.352922365849261197e-06,1.354403700968038148e-06,1.366183321071008994e-06,1.396180482331964918e-06,1.402437976045521476e-06,1.417935871792669533e-06,1.428136182652560002e-06,1.456813551417496502e-06,1.468409654183976900e-06,1.487140931001400837e-06,1.513686826802642145e-06,1.526831902386786410e-06,1.545465076024297365e-06,1.568896489452799669e-06,1.581981148520673128e-06,1.595323880378538614e-06,1.611738581808273189e-06,1.629684217765358500e-06,1.640774138816361484e-06,1.653439158685994915e-06,1.666147214515336095e-06,1.673639313850017408e-06,1.680054897319706857e-06,1.686202248348101689e-06,1.691091631050145222e-06,1.692531341702208283e-06,1.692715019945037481e-06,1.692715019945037481e-06,1.691272145356097815e-06,1.687244651676928823e-06,1.681163744838331037e-06,1.673412150531407895e-06,1.663854807634010018e-06,1.652738013008556310e-06,1.638519679651819789e-06,1.623122025467759683e-06,1.607038114206980981e-06,1.587159707615229969e-06,1.566803198335146302e-06,1.546580257778780516e-06,1.525490474399101605e-06,1.499306155702553027e-06,1.474183753290866711e-06,1.450456171487624440e-06,1.420567140355836446e-06,1.393163083753726844e-06,1.368036533926848792e-06,1.335459004475712876e-06,1.309898375423697611e-06,1.281800523132247937e-06,1.257123310366483482e-06,1.222580238542488441e-06,1.195234969467305869e-06,1.171947997104874215e-06,1.136985797255365735e-06,1.111544267625121783e-06,1.090603949644924338e-06,1.070980406118729100e-06,1.036687739611982844e-06,1.015647711472270023e-06,9.992826972673061559e-07,9.662319962433131570e-07,9.490582271625965804e-07,9.363784496206008272e-07,9.252200723493106888e-07,8.944235988862686914e-07,8.833913082022129211e-07,8.760615133001476140e-07,8.473212926818878547e-07,8.408371285743193227e-07,8.372393637232326931e-07,8.106712633751426021e-07,8.086743531882018426e-07,8.085354607969015748e-07,8.094524623367175890e-07,7.855742690140626398e-07,7.892881911108996395e-07,7.930161718506685949e-07,7.711338562017150817e-07,7.784905225757202135e-07,7.844959807786078186e-07,7.909494405225190663e-07,7.712276535930580202e-07,7.825966252841076282e-07,7.904933669188137625e-07,7.722674025300944125e-07,7.859158968937475831e-07,7.946776453843660813e-07,7.777046908993929789e-07,7.865020387284403833e-07,8.021078869580692605e-07,8.108297432382431929e-07,7.949952928556311587e-07,8.114624606442155319e-07,8.198211772079432265e-07,8.047390027045673238e-07,8.215421951577126161e-07,8.291351840886091474e-07,8.360045797509339976e-07,8.215381796082637777e-07,8.378032815632962741e-07,8.434834441466176237e-07,8.294401347197556102e-07,8.450337731612512160e-07,8.493056018052562801e-07,8.355940644796191236e-07,8.389978837886447217e-07,8.529299659687539976e-07,8.547336243670432469e-07,8.413253974892259103e-07,8.539810647456636667e-07,8.541514514632861310e-07,8.409991401467746406e-07,8.522333205038703881e-07,8.507675788872170271e-07,8.484436222435076281e-07,8.356274335428277127e-07,8.445320038505562527e-07,8.406625669941700900e-07,8.281378902666524024e-07,8.354952683519888533e-07,8.301702563593977775e-07,8.241317455439400334e-07,8.120718730804277469e-07,8.171210171190910165e-07,8.098114272627924069e-07,7.981260606255865746e-07,8.017218465624510871e-07,7.932757356992681097e-07,7.819981148925738081e-07,7.842157248946507215e-07,7.747753429337009324e-07,7.648810797819622357e-07,7.648672924777443861e-07,7.651871104102023168e-07,7.648989453581317354e-07,7.649418301070879273e-07,7.640576653817748760e-07,7.625626800033822566e-07,7.604599555872541532e-07,7.605642119442320473e-07,7.578720577030574038e-07,7.545826610959647457e-07,7.547262028803119415e-07,7.508597124637707110e-07,7.464129939675639118e-07,7.465921804579374413e-07,7.415874470543479785e-07,7.360254867931066385e-07,7.299199776700161208e-07,7.301429312083981530e-07,7.235192505854512684e-07,7.163829440536662062e-07,7.166366624638242883e-07,7.090149454151660113e-07,7.009160969790182352e-07,6.923594645089947522e-07,6.926518892914158837e-07,6.836670002719246315e-07,6.742655008203929638e-07,6.745852393661010817e-07,6.647977182192735939e-07,6.546377239680211115e-07,6.441283186955877159e-07,6.444820087396572170e-07,6.336547602046258702e-07,6.225254143529984831e-07,6.229025388767042940e-07,6.115027671076530916e-07,5.998494658750645823e-07,6.002481291689414433e-07,5.883726883525395367e-07,5.762928620999024935e-07,5.640333488662163086e-07,5.644575740751649635e-07,5.520487785427681091e-07,5.395090827772485466e-07,5.399499961622357140e-07
1.313310937773834222e-06,1.344911912720229195e-06,1.376181651602829840e-06,1.375760497775045505e-06,1.406644475334676781e-06,1.437075701163935628e-06,1.466992850470103072e-06,1.466597571518951087e-06,1.495946301908236875e-06,1.524658613744891884e-06,1.524285019753116617e-06,1.552307729638711893e-06,1.579573159697754428e-06,1.579223064473223622e-06,1.605679982087623179e-06,1.631261922330901568e-06,1.655911668303443914e-06,1.655595474474850027e-06,1.679266140369695102e-06,1.701894844989779490e-06,1.701605818664136377e-06,1.723149625816477489e-06,1.743549067352896924e-06,1.762756130155965851e-06,1.762505455608993662e-06,1.780484520046014116e-06,1.797182808375264631e-06,1.796962495232918936e-06,1.812350279962034987e-06,1.826380062293974100e-06,1.839017729735108905e-06,1.838840412656861272e-06,1.850066415328163342e-06,1.859842234941239807e-06,1.859699747687411063e-06,1.868013718261816769e-06,1.874833633885045414e-06,1.874729325264279354e-06,1.880052353250052453e-06,1.883852602140826308e-06,1.886121237428943511e-06,1.886076139554188652e-06,1.886821723800158998e-06,1.886037843776366871e-06,1.886047016562370061e-06,1.883747233505193516e-06,1.879923092798286103e-06,1.901027052396255324e-06,1.928125315467304523e-06,1.920973903692522490e-06,1.939436854222726127e-06,1.967370844544801121e-06,1.956658096762311310e-06,1.972113883639452064e-06,2.000757119089266217e-06,1.986278082732931097e-06,1.998368760312509387e-06,2.008615509818187198e-06,2.038018930630624993e-06,2.017556126904271461e-06,2.023929298302738879e-06,2.053658145871248377e-06,2.029101608893190831e-06,2.031311107165133826e-06,2.031282640497277436e-06,2.061123078333811150e-06,2.030340101274796073e-06,2.025796278609256816e-06,2.055535138757918557e-06,2.020745603647514678e-06,2.011551909495974504e-06,1.999895961054033258e-06,2.002442396566672386e-06,1.988556081538965514e-06,1.972195382520658786e-06,2.000897096921938854e-06,1.957051186734367009e-06,1.936104726110195569e-06,1.964232413142040568e-06,1.917545582345923415e-06,1.892260258852634920e-06,1.864706800594882898e-06,1.891632672360754466e-06,1.841597199915763931e-06,1.810290211517982052e-06,1.836541270538546414e-06,1.785358059086733309e-06,1.750893414204060269e-06,1.714775651926143237e-06,1.725086074491824278e-06,1.688199115028339666e-06,1.650028534285705737e-06,1.674574137330225447e-06,1.624153381326096068e-06,1.584851085665343929e-06,1.609116031157930353e-06,1.560911273722048238e-06,1.521491900410594573e-06,1.481934960705149981e-06,1.505719114330503072e-06,1.462295757399577972e-06,1.424215690211032554e-06,1.448295490112636870e-06,1.409595726799172810e-06,1.374079616381917696e-06,1.339728931267876161e-06,1.364214192448893817e-06,1.333657234034800472e-06,1.303379840618040572e-06,1.328745101107533692e-06,1.304744315692333713e-06,1.279374387862481273e-06,1.305754344105153249e-06,1.288660977485404562e-06,1.268819823399539772e-06,1.251549499995253221e-06,1.279152235631005053e-06,1.272165085207932772e-06,1.260946491708859058e-06,1.289495247467427631e-06,1.289107172358508858e-06,1.283848357107753041e-06,1.281362617529366949e-06,1.310679634571970463e-06,1.318808715778721155e-06,1.321664911559292114e-06,1.351001850772637622e-06,1.363584395817444385e-06,1.370878689734632482e-06,1.380277974293161999e-06,1.415219868986917990e-06,1.425769729884981040e-06,1.437924655677865220e-06,1.464538129155655909e-06,1.482608125330074486e-06,1.496052086207666223e-06,1.519946116842027030e-06,1.537392168632872162e-06,1.550585569660698282e-06,1.563945315322106642e-06,1.582906309433442041e-06,1.597551384252114486e-06,1.608582293742746438e-06,1.622712003761184216e-06,1.633355569495206566e-06,1.640790663107946236e-06,1.647137804340945577e-06,1.653919721466053432e-06,1.657907640368972438e-06,1.659368819777914231e-06,1.660074073211576197e-06,1.660074073211576197e-06,1.658190508186764350e-06,1.654308755259530556e-06,1.648881217956282780e-06,1.640926635212972868e-06,1.631648185536062545e-06,1.620836269272389456e-06,1.607792524727009090e-06,1.592115482773850162e-06,1.576443154532457093e-06,1.558327435240398821e-06,1.537381297905160278e-06,1.517634672303455137e-06,1.497011457972042914e-06,1.473787196520282692e-06,1.447092958137743816e-06,1.423823872097454122e-06,1.397964338510091518e-06,1.367979492435939279e-06,1.343249290221971105e-06,1.318643121892533439e-06,1.283701227198777448e-06,1.258711173434023593e-06,1.234252610516609652e-06,1.207398768244117069e-06,1.173571666572782950e-06,1.150349189177142168e-06,1.124933792425991285e-06,1.090940859909291026e-06,1.069893956006043167e-06,1.050091790029670700e-06,1.028492636958911971e-06,9.953999955960144302e-07,9.786910061107561560e-07,9.605891358223112714e-07,9.288395760258178769e-07,9.156674165630403129e-07,9.039731824021563832e-07,8.916341917757886951e-07,8.621826871633910290e-07,8.542136725581295468e-07,8.462325598155832423e-07,8.188161545850287632e-07,8.145131205573036810e-07,8.109101945613386493e-07,7.856078178101436307e-07,7.847381773963204451e-07,7.849447063892883596e-07,7.870452344999565578e-07,7.643191842879485946e-07,7.673690465645383559e-07,7.731747188931221764e-07,7.523410008968070915e-07,7.577365906111198976e-07,7.636376288652577073e-07,7.736452053250960818e-07,7.548324485534472278e-07,7.622858101453795203e-07,7.747444621247214728e-07,7.573225022965525128e-07,7.657706572047331656e-07,7.741475110438511117e-07,7.638370882137238438e-07,7.727437754469208462e-07,7.813733307883310999e-07,7.971483885339743777e-07,7.819135049542489453e-07,7.903289572439368981e-07,8.066485455450265821e-07,7.920951067382427228e-07,7.998913763881596373e-07,8.070347325996759875e-07,8.230961178223698905e-07,8.090872005304797495e-07,8.151739068564819645e-07,8.307394340062568713e-07,8.171087547830012491e-07,8.219065261951507565e-07,8.258651369983335267e-07,8.233186161567303167e-07,8.266642981086986187e-07,8.291413366004629806e-07,8.421045209035772023e-07,8.290393722656145131e-07,8.299604969688754085e-07,8.416015084720336570e-07,8.287708469376628528e-07,8.281153134643480390e-07,8.266232907902496017e-07,8.360366979495221835e-07,8.235198563884913027e-07,8.205161228307661618e-07,8.284303810843526956e-07,8.161899055661127012e-07,8.117484770498697865e-07,8.065961107311066488e-07,8.122384539812063269e-07,8.004436644130587827e-07,7.940173302984724024e-07,7.982149927784316448e-07,7.867809322771604044e-07,7.792033234679241608e-07,7.820192584135710022e-07,7.709791483922202660e-07,7.623824497472763596e-07,7.638970626452198709e-07,7.648072740572146291e-07,7.647942977129421569e-07,7.651137387403131029e-07,7.648240963397040699e-07,7.648644796933138079e-07,7.639768562005001296e-07,7.624775128283200407e-07,7.603695818972149253e-07,7.604678274701678042e-07,7.577688968680141724e-07,7.544719922585436568e-07,7.546073242978503870e-07,7.507319488971062780e-07,7.462756938548565437e-07,7.464447135905418972e-07,7.414292026931062617e-07,7.358558721686228000e-07,7.297384168154592578e-07,7.299488640781237580e-07,7.233121324172266065e-07,7.161622449365136823e-07,7.164018670774587598e-07,7.087655529106897742e-07,7.006516209739588930e-07,6.920794331729254243e-07,6.923558455012975532e-07,6.833545018189601677e-07,6.739361206525998882e-07,6.742385658529963406e-07,6.644333554270466111e-07,6.542552919353466682e-07,6.437274537018278161e-07,6.440623635586205120e-07,6.332160043383184703e-07,6.220672342409161643e-07,6.224246380771974979e-07,6.110048664487611536e-07,5.993313035729620657e-07,5.997094609127911470e-07,5.878132873551055727e-07,5.757125191137558272e-07,5.634318721657701426e-07,5.638347894051171131e-07,5.514045290338132826e-07,5.388432288301516166e-07
1.344276527545596863e-06,1.375567538695785677e-06,1.375167492098925196e-06,1.406072394924621369e-06,1.436524347068081591e-06,1.466462006722949914e-06,1.466087005147671945e-06,1.495455762972430197e-06,1.524187835409944438e-06,1.523833718396950392e-06,1.551875604991244262e-06,1.579159895011854600e-06,1.578828326725343614e-06,1.605303422205562436e-06,1.630903175445363891e-06,1.655570354019105154e-06,1.655271197155624383e-06,1.678958489431688454e-06,1.701603395194104029e-06,1.701330130400262187e-06,1.722889245365150297e-06,1.743303527115804951e-06,1.762524948837310635e-06,1.762288138331882128e-06,1.780280558384136128e-06,1.796991680277642159e-06,1.796783664816598765e-06,1.812183197144449103e-06,1.826224162233287657e-06,1.838872432043239797e-06,1.838705120345958125e-06,1.849940513447209853e-06,1.859725088855084326e-06,1.859590700945958444e-06,1.867912090002345818e-06,1.874738715705687251e-06,1.874640377501624612e-06,1.879968600588707191e-06,1.883773228477546531e-06,1.886045379908813410e-06,1.886002881691244102e-06,1.886750087589966682e-06,1.885966780703457487e-06,1.885975397401186603e-06,1.883673836809469813e-06,1.879846591970661757e-06,1.874504964713968324e-06,1.874601666905282264e-06,1.894058895647123507e-06,1.912167946163651493e-06,1.912353203765251354e-06,1.929056836226257748e-06,1.944230522646293260e-06,1.944532439434747934e-06,1.958131059058937031e-06,1.970021317284958315e-06,1.952437081871959728e-06,1.980633668366385676e-06,1.988910276354965815e-06,1.995224335941151699e-06,1.995971882598069526e-06,2.000334260329032397e-06,2.002585864530305377e-06,1.975187910171236746e-06,2.003825910507509906e-06,2.001780671403563681e-06,1.997441734439453095e-06,1.999045181720096311e-06,1.992533155614644454e-06,1.983649313181874915e-06,1.946686690537827097e-06,1.974743741597400563e-06,1.961266235732569348e-06,1.920897337397448694e-06,1.948522208379518349e-06,1.930504773650272525e-06,1.910104710961820388e-06,1.914218517796767436e-06,1.891831084940668769e-06,1.867155709123312165e-06,1.819987057472928880e-06,1.845988428981586186e-06,1.817397716637707106e-06,1.786765201055041961e-06,1.794011196187095237e-06,1.762002454431279355e-06,1.728207275394424971e-06,1.678190444848239695e-06,1.702433854472949935e-06,1.666175427465563549e-06,1.616611996721180166e-06,1.640427116694154405e-06,1.602529379029268867e-06,1.563744872374800105e-06,1.577948499457711855e-06,1.539340159523079174e-06,1.500303104394755779e-06,1.455702902143386198e-06,1.478819908926462125e-06,1.440568262775610160e-06,1.402625344531937279e-06,1.423230692468792438e-06,1.386821905318774022e-06,1.351232741542142962e-06,1.317448936677651914e-06,1.341235919937837980e-06,1.309009966108462810e-06,1.278335672720683922e-06,1.305742573434633788e-06,1.277778429057537323e-06,1.251791637057742736e-06,1.281899677821297072e-06,1.258926884493503666e-06,1.238275552738373132e-06,1.226478418100184185e-06,1.253284482494226747e-06,1.238368906231948689e-06,1.226120989031154306e-06,1.261014103333550664e-06,1.251944745767972407e-06,1.245597424958253835e-06,1.249511019246021051e-06,1.278108476436368854e-06,1.277314268639306711e-06,1.279108257487864244e-06,1.315186039959289791e-06,1.319274436329351217e-06,1.325660492606762216e-06,1.340727235117000811e-06,1.368771226143551485e-06,1.378660172630317212e-06,1.395972537309181495e-06,1.422514617973735434e-06,1.434599251735860433e-06,1.447835366889493542e-06,1.476812496169894482e-06,1.489651241420645829e-06,1.503055022783433857e-06,1.520202991083160865e-06,1.539913089462273960e-06,1.552011393702090638e-06,1.563854907919232319e-06,1.581667737373794367e-06,1.591105559806298122e-06,1.599784783377298844e-06,1.608905492834269409e-06,1.617286161151430693e-06,1.621772884567085146e-06,1.624968444068334163e-06,1.628265056394665916e-06,1.627857600307828762e-06,1.627857600307828762e-06,1.625969588434003782e-06,1.622672976107672029e-06,1.617059157489035440e-06,1.609908839248846228e-06,1.600358196292762683e-06,1.589376526764538668e-06,1.577177949169409623e-06,1.563612710013947132e-06,1.545799880559385084e-06,1.529103344002301767e-06,1.511311800825908438e-06,1.489513256094325067e-06,1.467809598406343552e-06,1.446705187670920530e-06,1.425010085609806300e-06,1.396032956329405360e-06,1.372693254670879836e-06,1.349175444440572546e-06,1.319222255724893289e-06,1.292486414145371358e-06,1.268301531860477415e-06,1.236376999983045081e-06,1.209386661324630475e-06,1.185655557301344856e-06,1.162663474366581631e-06,1.126585691895156083e-06,1.104327231862533813e-06,1.083109959993912986e-06,1.050038064292346767e-06,1.027070186483370930e-06,1.008417095240838807e-06,9.910752229786394575e-07,9.561821086762428884e-07,9.406834586618767070e-07,9.266062852505622792e-07,8.960084407405546523e-07,8.814601257193275201e-07,8.709427083028177910e-07,8.618380343938644528e-07,8.317299936303103279e-07,8.248617297633731055e-07,8.193311131715496152e-07,7.919242124575997486e-07,7.886070737916264993e-07,7.864915055867060566e-07,7.622672635372751493e-07,7.619452673239073581e-07,7.629388320565935264e-07,7.648474740244665651e-07,7.442421260875773125e-07,7.479259782537417122e-07,7.523016368110683372e-07,7.323774698323634762e-07,7.404291535963276241e-07,7.467622800479449865e-07,7.534432001942584996e-07,7.392395731012569989e-07,7.469904822565626753e-07,7.548576787254271454e-07,7.381866887428588774e-07,7.516791521304468981e-07,7.602061228027861866e-07,7.446325471313087872e-07,7.595259072275459264e-07,7.682183150507023947e-07,7.765387461706168353e-07,7.692927492986364421e-07,7.777055998512525118e-07,7.855901937253988514e-07,7.716440124913241492e-07,7.876007096670063805e-07,7.946956840715994863e-07,8.010975750073698597e-07,7.969837495744796362e-07,8.030035041211606342e-07,8.082485404254543253e-07,7.951832443009871417e-07,8.098234327563630899e-07,8.137237715987041466e-07,8.009416681078075871e-07,8.146263001273154126e-07,8.170579016180328731e-07,8.186395863046480097e-07,8.170359469098923482e-07,8.179327782560601095e-07,8.179862456956180972e-07,8.056898699351167089e-07,8.161626198291631412e-07,8.146912277928290346e-07,8.124245365879702579e-07,8.116763845615232192e-07,8.087229597483636063e-07,8.050195582083045952e-07,7.932883876170479415e-07,8.001378787725036253e-07,7.950823540657763029e-07,7.893654083439095633e-07,7.890620412757678201e-07,7.827600297763746254e-07,7.758611953252927406e-07,7.756739621402285634e-07,7.682456314220722236e-07,7.602885124895764568e-07,7.601892056691504774e-07,7.623071854985633884e-07,7.638250724148902854e-07,7.647372470750374544e-07,7.647250290427082611e-07,7.650441163165659929e-07,7.647530894205509559e-07,7.647911286214482444e-07,7.639002633677013491e-07,7.623968347424486785e-07,7.602840222549685713e-07,7.603766311434766791e-07,7.576713447168453457e-07,7.543673966879415531e-07,7.544950254821964731e-07,7.506113115997593737e-07,7.461461047764683231e-07,7.463055791843957580e-07,7.412799473907357666e-07,7.356959369637160553e-07,7.295672581586087130e-07,7.297659530393135913e-07,7.231169540770612521e-07,7.159542979710546894e-07,7.161806635051617355e-07,7.085306179733084806e-07,7.004024931264138860e-07,6.918156641600307333e-07,6.920770005018925486e-07,6.830601596404332182e-07,6.736258739610062485e-07,6.739120214259915070e-07,6.640901344186763379e-07,6.538950301433799895e-07,6.433498018297914525e-07,6.436669874660097558e-07,6.328025852736318317e-07,6.216354690531998380e-07,6.219742394027009316e-07,6.105355628701096795e-07,5.988428397489555938e-07,5.992015976775476780e-07,5.872858017857972577e-07,5.751652045666361378e-07,5.628645382805780190e-07,5.632472620782697471e-07,5.507966503610684465e-07
1.374988048310873816e-06,1.374608007020132565e-06,1.405532734025415519e-06,1.436004313419673243e-06,1.465961387589884155e-06,1.465605572014003027e-06,1.494993271598819394e-06,1.523744025921707637e-06,1.523408315402714069e-06,1.551468317731432900e-06,1.578770417535737724e-06,1.578456338094781734e-06,1.604948586722937473e-06,1.630565142902412890e-06,1.655248759962520384e-06,1.654965663164304797e-06,1.678668623399434391e-06,1.701328791610310595e-06,1.701070370619800679e-06,1.722643897857087361e-06,1.743072147678929051e-06,1.762307080768548467e-06,1.762083312531645163e-06,1.780088293380373594e-06,1.796811482147927141e-06,1.796615026984900860e-06,1.812025600026354246e-06,1.826077072700327076e-06,1.838735302673643203e-06,1.838577388425595719e-06,1.849821599680712476e-06,1.859614395743143690e-06,1.859487610780632442e-06,1.867815962427831705e-06,1.874648884787516491e-06,1.874556148242599528e-06,1.879889244825175200e-06,1.883697980084856334e-06,1.885973429240053046e-06,1.885933369168692798e-06,1.886682096364191487e-06,1.885899328290697172e-06,1.885907426205730179e-06,1.883604203434214240e-06,1.879774055216072807e-06,1.874428172163374997e-06,1.874519139992952246e-06,1.867698015502420373e-06,1.859397767318512539e-06,1.885636317262733867e-06,1.902027539534630268e-06,1.890315496398264961e-06,1.917209623377171816e-06,1.930570024974238968e-06,1.915272359098332801e-06,1.925092053156252880e-06,1.952693630203004929e-06,1.933675992849524449e-06,1.939911272346651694e-06,1.967818404155369012e-06,1.972167575976912481e-06,1.947379704635371533e-06,1.947695595049996344e-06,1.975719221806292931e-06,1.947101825078653059e-06,1.943238031791616114e-06,1.971176359137694285e-06,1.964908561535943214e-06,1.930639386561122619e-06,1.920184687798156487e-06,1.947624999292428749e-06,1.909879348760735289e-06,1.895046695880221757e-06,1.922051794862121600e-06,1.881145447650732725e-06,1.862026888422561489e-06,1.888504769859090082e-06,1.866674781185087238e-06,1.821661263219283327e-06,1.796330622768785075e-06,1.821702859603530836e-06,1.774752432208595165e-06,1.745839891733423008e-06,1.770576450762870645e-06,1.739221309807094195e-06,1.690401976154645469e-06,1.656822252926773475e-06,1.680393193733609746e-06,1.631496978761027353e-06,1.595819529990181347e-06,1.618922360133933146e-06,1.570852026226218259e-06,1.533893166149895638e-06,1.556693347010102737e-06,1.518536747442454803e-06,1.473065841458758757e-06,1.435471609627095220e-06,1.457759481717721213e-06,1.415472583423280159e-06,1.378945905387822099e-06,1.401454795007283712e-06,1.365102997549659407e-06,1.328814337070972581e-06,1.295283539765539076e-06,1.318097838386065252e-06,1.287108243313900108e-06,1.257067644439238407e-06,1.280672719504207911e-06,1.252248133449561106e-06,1.229873450999635365e-06,1.254426347041649855e-06,1.230791363001319723e-06,1.214922761106424911e-06,1.196448360584514120e-06,1.222187002369689215e-06,1.212885461595822195e-06,1.199999659034613875e-06,1.226740833634506070e-06,1.216660489467919070e-06,1.216532222814438817e-06,1.211889500768766488e-06,1.239589028140705691e-06,1.245057880851245499e-06,1.245683081415470006e-06,1.273695002236386625e-06,1.276815074279285443e-06,1.289055818265706930e-06,1.296404136028088840e-06,1.324020896311302119e-06,1.339326222527372953e-06,1.349877561370351612e-06,1.376292399595277727e-06,1.393281250734051485e-06,1.405764240686027692e-06,1.430134451332168213e-06,1.442917598817512871e-06,1.460379101740375749e-06,1.473871440575208995e-06,1.494298507256902781e-06,1.509989238224223464e-06,1.522063939140004547e-06,1.538429086884547201e-06,1.548800990480778749e-06,1.560434618914591793e-06,1.569024853372139881e-06,1.578980478706710248e-06,1.586099724392922490e-06,1.590550388168783904e-06,1.595000392805644503e-06,1.596367906542301325e-06,1.596559674161558120e-06,1.596559674161558120e-06,1.595264724528397512e-06,1.591631864038463029e-06,1.586138224442231353e-06,1.579198397738272078e-06,1.570433182165203522e-06,1.559295201306174778e-06,1.547425443998626295e-06,1.533430768759813562e-06,1.518742289272927301e-06,1.500700146738782969e-06,1.483334292239019926e-06,1.463608772268066982e-06,1.441043627486910557e-06,1.420397480279439297e-06,1.397360479773655387e-06,1.375450103010310245e-06,1.348163845776851286e-06,1.325049797844414267e-06,1.299542118010989520e-06,1.269704516484139645e-06,1.245841869335085752e-06,1.219670661177346389e-06,1.188191289618981785e-06,1.164662556419374650e-06,1.138956246812150771e-06,1.116808645893202557e-06,1.084502755232724729e-06,1.063271572551572029e-06,1.040116073187031831e-06,1.008047176457252052e-06,9.892209016697283042e-07,9.687570520592721898e-07,9.525612083409833723e-07,9.217307218088274771e-07,9.072712323726115070e-07,8.917170250100595766e-07,8.623607913543597918e-07,8.513349635762815038e-07,8.397031905952973091e-07,8.316912792195719425e-07,8.046563273970943105e-07,7.971433476133716771e-07,7.926101810936996545e-07,7.675441141474910915e-07,7.647587375072998886e-07,7.629161652456888051e-07,7.398430564137662849e-07,7.401573190849603633e-07,7.421529935281573518e-07,7.447360194592855585e-07,7.240346522466560930e-07,7.277964631081802154e-07,7.344340494070465165e-07,7.154484236499920810e-07,7.212398753157917646e-07,7.307311813254926083e-07,7.377557607408488789e-07,7.205712627893329288e-07,7.280585687821270519e-07,7.404970522012615333e-07,7.245408173817827902e-07,7.328108481205770072e-07,7.468352962437205142e-07,7.318896947252344000e-07,7.404585380153704633e-07,7.555483654643617895e-07,7.638952312465047621e-07,7.498359726654106036e-07,7.578044447817216215e-07,7.733598189974955516e-07,7.598853603109152623e-07,7.671970524040980722e-07,7.827150182230379533e-07,7.890614840486039510e-07,7.760456545995678001e-07,7.816899880948478541e-07,7.963377400224829048e-07,7.836436926882482505e-07,7.880500461891680539e-07,8.018800581164458310e-07,7.894384856521963810e-07,7.924683344425588793e-07,8.052567833375018421e-07,8.068068451294713151e-07,7.945969222171390530e-07,7.953559172307391948e-07,8.062215279525079873e-07,7.942179770757049935e-07,7.935045290918897565e-07,8.030206043638479465e-07,8.007905067287461678e-07,7.890690783023247480e-07,7.861721355023087692e-07,7.935459968913206897e-07,7.820749292109912492e-07,7.778411662990109188e-07,7.838127564660518417e-07,7.782049946314408580e-07,7.671413805718478268e-07,7.717388596740896685e-07,7.649745469159139578e-07,7.542410978442568150e-07,7.575154295247564042e-07,7.602068850759945575e-07,7.601134453410660728e-07,7.622358271635088361e-07,7.637567778163293921e-07,7.646707898382219857e-07,7.646592812338490200e-07,7.649780364120135884e-07,7.646857115841891008e-07,7.647215531908148211e-07,7.638276484523359450e-07,7.623203888414884194e-07,7.602029978049690895e-07,7.602903189117149005e-07,7.575790689598704865e-07,7.542685109997986598e-07,7.543889092614847159e-07,7.504973670694329134e-07,7.460237544949959080e-07,7.461742639915141856e-07,7.411391247355306185e-07,7.355450795671021456e-07,7.294058529664464934e-07,7.295935004263643053e-07,7.229329672657378914e-07,7.157583026324658760e-07,7.159721975132582913e-07,7.083092312860365519e-07,7.001677477706468630e-07,6.915671342997032037e-07,6.918142725712022638e-07,6.827828325262106749e-07,6.733335592203935800e-07,6.736043435274297093e-07,6.637667309958766642e-07,6.535555522534753460e-07,6.429939142082225884e-07,6.432943687719224607e-07,6.324129283206475680e-07,6.212284810213872183e-07,6.215496420284296836e-07,6.100930926112184705e-07,5.983822479233236566e-07,5.987226505737347838e-07,5.867882807449098738e-07,5.746489060350113948e-07,5.623292738332367823e-07,5.626928584134062446e-07
1.374080016136426976e-06,1.405023526373506057e-06,1.435513694603038093e-06,1.465489148530512414e-06,1.465151488995365104e-06,1.494557106337397675e-06,1.523325525666993595e-06,1.523007213065230516e-06,1.551084332037926517e-06,1.578403253210215836e-06,1.578105686063531344e-06,1.604614124341030338e-06,1.630246534198501222e-06,1.654945655897927075e-06,1.654677701901496441e-06,1.678395430573958247e-06,1.701069980599131237e-06,1.700825542797705341e-06,1.722412642831411044e-06,1.742854043491295965e-06,1.762101694050599882e-06,1.761890198599829386e-06,1.779906996252810817e-06,1.796641534464096742e-06,1.796455949806456525e-06,1.811876902494722968e-06,1.825938251523894866e-06,1.838605841414281669e-06,1.838456756551027223e-06,1.849709251345751484e-06,1.859509768259216022e-06,1.859390122729139191e-06,1.867725011368939935e-06,1.874563844511832304e-06,1.874476365508924430e-06,1.879814035523232337e-06,1.883626624757494863e-06,1.885905167895087478e-06,1.885867395306237998e-06,1.886617550141182388e-06,1.885835288740325759e-06,1.885842902425847928e-06,1.883538124655453220e-06,1.879705259657616577e-06,1.874355394582086948e-06,1.874440997830059848e-06,1.867612993531282712e-06,1.859304200697328260e-06,1.859467979343823314e-06,1.849732642704589834e-06,1.864114159325267726e-06,1.890451028734787067e-06,1.877299893223863970e-06,1.888636608823406479e-06,1.898309355661955665e-06,1.898767159707816008e-06,1.906756635396384558e-06,1.912931159398877119e-06,1.913588671157118121e-06,1.917954527747114826e-06,1.920369137275801157e-06,1.920767153523117446e-06,1.921794614412616973e-06,1.920231071733666485e-06,1.916546484741759719e-06,1.917952972723789415e-06,1.912249629710555205e-06,1.904350509756386521e-06,1.894224079343824230e-06,1.896312204684111420e-06,1.884143400494784113e-06,1.869727917961405916e-06,1.872490626699381077e-06,1.856087272787989348e-06,1.837463495221145072e-06,1.841069026328717944e-06,1.820568932975504280e-06,1.797925871331305831e-06,1.773187256285151905e-06,1.778221722213953320e-06,1.751865836456074368e-06,1.723575427495193474e-06,1.729939901781831054e-06,1.700300642984326451e-06,1.668947403434114896e-06,1.635998824232943226e-06,1.644513372184874367e-06,1.610709575387982166e-06,1.575618635461258933e-06,1.586038256912761863e-06,1.550511378672395295e-06,1.514059327188965626e-06,1.526629656214466971e-06,1.490206925995501058e-06,1.453266658791353120e-06,1.416015544998485964e-06,1.431798127061394091e-06,1.395307236237210939e-06,1.358961602406168261e-06,1.377359197042780926e-06,1.342285103324225480e-06,1.307823302110962197e-06,1.274203403043407445e-06,1.296241936735620428e-06,1.264610319117932806e-06,1.234271654725454991e-06,1.259044719580525090e-06,1.231108000964230505e-06,1.204873768337930807e-06,1.228407701816038792e-06,1.208756320252133462e-06,1.187293296921536779e-06,1.168038660327957954e-06,1.198533039487614777e-06,1.182302762931096685e-06,1.168496009515426049e-06,1.200850603325513994e-06,1.190067878538357194e-06,1.181810589491684665e-06,1.176120512591363176e-06,1.210079916208835397e-06,1.207186096160951320e-06,1.206779450652273842e-06,1.241125723712635388e-06,1.243115209272642768e-06,1.247384335167314781e-06,1.253833305267986583e-06,1.287415003339105460e-06,1.295481196154164127e-06,1.305351604160824260e-06,1.337313588991300493e-06,1.348071446371187445e-06,1.360169527221624914e-06,1.389586794354661332e-06,1.401768681316368994e-06,1.414769737590280116e-06,1.428366590718447089e-06,1.452995744583043397e-06,1.465531008921694268e-06,1.478120280462011540e-06,1.498208793841238960e-06,1.508959854947543498e-06,1.519261159545276648e-06,1.528916631410909411e-06,1.541923352018597683e-06,1.548838084970320263e-06,1.554718391588458380e-06,1.561862098954613726e-06,1.564550777814438567e-06,1.565934151478848071e-06,1.566958224539020070e-06,1.565924870981068201e-06,1.564900797920896202e-06,1.561396274898183813e-06,1.556423189415771189e-06,1.549279482049615842e-06,1.540842926154417705e-06,1.530991967826026545e-06,1.517985247218338273e-06,1.504906213092536412e-06,1.490587869226320329e-06,1.475121966937471636e-06,1.455033453558244216e-06,1.436929778500193051e-06,1.417982252608151457e-06,1.393353098743555148e-06,1.372352330755248522e-06,1.350867556358815122e-06,1.329040862078093365e-06,1.299623594945056948e-06,1.276646446130594599e-06,1.253711439408689003e-06,1.221749454578212770e-06,1.198350520857092642e-06,1.175362725433820837e-06,1.141781027362701960e-06,1.118988193529251649e-06,1.096937015623813665e-06,1.075725153301240708e-06,1.041378880240879374e-06,1.021134787441936409e-06,1.001975646386601995e-06,9.680162427691297737e-07,9.502912927199468730e-07,9.338252811464195705e-07,9.186432645426359948e-07,8.862886707325480504e-07,8.729683289516777641e-07,8.609995420662022159e-07,8.305051629065453925e-07,8.205893537640463238e-07,8.120201221372466084e-07,8.031905782134975263e-07,7.773607661516708246e-07,7.721972337957443752e-07,7.682437519862359336e-07,7.434706871311658347e-07,7.415587810305923977e-07,7.407136828204213252e-07,7.186751491282070717e-07,7.197272283191821877e-07,7.216646767425660311e-07,7.243907707592155135e-07,7.059931761225230155e-07,7.102972338046101714e-07,7.151791912773843967e-07,6.993966092134837591e-07,7.055928670208382062e-07,7.121481793125859613e-07,7.189653523678833621e-07,7.063950233266302751e-07,7.141234795573566910e-07,7.219038602069542351e-07,7.114842386675771424e-07,7.198930967787132058e-07,7.281584416988650599e-07,7.196438933625567209e-07,7.282685714868930671e-07,7.365749912268833701e-07,7.444986379460128319e-07,7.381341616369695297e-07,7.460859521150243338e-07,7.535177944965638854e-07,7.484833227502217099e-07,7.557420382404558693e-07,7.623711568614053771e-07,7.683376119759899806e-07,7.647320614642451045e-07,7.703097213628470646e-07,7.751549467061453725e-07,7.723921958202064259e-07,7.767316278791801440e-07,7.802946191542036528e-07,7.782064103083950400e-07,7.811798736598276283e-07,7.833564293552173596e-07,7.847405036797718354e-07,7.833338316242157299e-07,7.840710926592448924e-07,7.840241898707564382e-07,7.829964207957461549e-07,7.822863422590698090e-07,7.808167193214077995e-07,7.786089814234957392e-07,7.779509081201181785e-07,7.751014859684044959e-07,7.715563198948484827e-07,7.710976834395689941e-07,7.669390644035030472e-07,7.621360090927924021e-07,7.672786304412004361e-07,7.564509717616227001e-07,7.504880012075987164e-07,7.543137410187880385e-07,7.541481749777758246e-07,7.574311535373819220e-07,7.601296024285276827e-07,7.600416527790848433e-07,7.621681547577042989e-07,7.636919735939831132e-07,7.646077059098358365e-07,7.645968613186498767e-07,7.649153046667474984e-07,7.646217626411557789e-07,7.646555433133352200e-07,7.637587877186809844e-07,7.622479342716062062e-07,7.601262473480336182e-07,7.602086062164864028e-07,7.574917588540228881e-07,7.541749956086642673e-07,7.542886047010169392e-07,7.503897106525477155e-07,7.459082023947680988e-07,7.460502893089389916e-07,7.410062159236743649e-07,7.354027391674454604e-07,7.292535966170263022e-07,7.294308561049562454e-07,7.227594747347533757e-07,7.155735130554819611e-07,7.157756732161303511e-07,7.081005456383792048e-07,6.999464851660978923e-07,6.913328902158205393e-07,6.915666536920811072e-07,6.825214569129659263e-07,6.730580565165301761e-07,6.733143551878304632e-07,6.634619105296885395e-07,6.532355654725739723e-07,6.426584394741947866e-07,6.429430972356352187e-07,6.320455641494806163e-07,6.208447416101032588e-07,6.211492581904516873e-07,6.096758087477834278e-07,5.979478221685985909e-07,5.982708549145181771e-07,5.863189011140110142e-07,5.741617423778018609e-07,5.618241401472185287e-07
1.404542933357578401e-06,1.435050709205438795e-06,1.465043565686223011e-06,1.464723090063553347e-06,1.494145659184823593e-06,1.522930784777566641e-06,1.522628919675190734e-06,1.550722214295736831e-06,1.578057026359806198e-06,1.577775052649027013e-06,1.604298774430517239e-06,1.629946145623716363e-06,1.654659894506017914e-06,1.654406221814149652e-06,1.678137874448257493e-06,1.700825979883444130e-06,1.700594717974725779e-06,1.722194603639184204e-06,1.742648389111603933e-06,1.761908013252507057e-06,1.761708069824443373e-06,1.779735987623407013e-06,1.796481203703691229e-06,1.796305844042652643e-06,1.811736557929240565e-06,1.825807192941569229e-06,1.838483581503527949e-06,1.838342795004778282e-06,1.849603073708718895e-06,1.859410844483982228e-06,1.859297905400085905e-06,1.867638933549368425e-06,1.874483317165840742e-06,1.874400774445721288e-06,1.879742737807593292e-06,1.883558944526058488e-06,1.885840391514177050e-06,1.885804765802935180e-06,1.886556260835532158e-06,1.885774476002869074e-06,1.885781637481254261e-06,1.883475404349929830e-06,1.879639996105086720e-06,1.874286403601983892e-06,1.874366986088058915e-06,1.867532544293515986e-06,1.859215758108723573e-06,1.859369831142315804e-06,1.849622901285192608e-06,1.838446238589712663e-06,1.838696768092974567e-06,1.851392939213871032e-06,1.862544951573362810e-06,1.846561545064175218e-06,1.872503579091104354e-06,1.880388127422219508e-06,1.860890346087263631e-06,1.887119373313469081e-06,1.891466465363910577e-06,1.868396300051555825e-06,1.869001645946935354e-06,1.895350203323003081e-06,1.893908730415501949e-06,1.865438355233919658e-06,1.891715516007461078e-06,1.886227896439810649e-06,1.854298197520825417e-06,1.844912371770075973e-06,1.870744723347239530e-06,1.858933016868566661e-06,1.822075954734750374e-06,1.847511772327390119e-06,1.831546836085116458e-06,1.791833261456364619e-06,1.816784130978149776e-06,1.796790840402444743e-06,1.754635178195105594e-06,1.731322148237103293e-06,1.755254404504286080e-06,1.729486633728209709e-06,1.684444484302990383e-06,1.707777811013940531e-06,1.678744490667466348e-06,1.632686547581493900e-06,1.601449027160943778e-06,1.623683614937025194e-06,1.590475948748852992e-06,1.543996247246678441e-06,1.565765925865817450e-06,1.530778347278358465e-06,1.485221819898376950e-06,1.506671547049043980e-06,1.470697732807236572e-06,1.426943480407278867e-06,1.391253272839111103e-06,1.412165745397519493e-06,1.375947790899820424e-06,1.336131167564490164e-06,1.357197121206235094e-06,1.322230580234579410e-06,1.286354713538897632e-06,1.253745104879103826e-06,1.275023755397452801e-06,1.243231081106082618e-06,1.214205752731318784e-06,1.236185780121822818e-06,1.207887798647421273e-06,1.184460674564359752e-06,1.207313355607737163e-06,1.183249568411375082e-06,1.161144962222143953e-06,1.146390865282244452e-06,1.170368705997564603e-06,1.153336924148751627e-06,1.144771172901703064e-06,1.169770866896663562e-06,1.158071630647689437e-06,1.155496009297614150e-06,1.148926049728049878e-06,1.175004420989288868e-06,1.171107423543396443e-06,1.176506086733330773e-06,1.203114500790573169e-06,1.204145061096267753e-06,1.214038435401705929e-06,1.219342154599726793e-06,1.245987827350875783e-06,1.253263759505392443e-06,1.268158395713647648e-06,1.294077512088543509e-06,1.304282137094700242e-06,1.320934703263949148e-06,1.345384923772262925e-06,1.357320084885361315e-06,1.374392982732820168e-06,1.387561713712971969e-06,1.408942722376949080e-06,1.421720771674459241e-06,1.437659810683656302e-06,1.455690462714285747e-06,1.467080865536781765e-06,1.480366475133813721e-06,1.490581892201560944e-06,1.503121197533421093e-06,1.511192762026315019e-06,1.519555361313269620e-06,1.527192560516594887e-06,1.531368593363916865e-06,1.534959224661535927e-06,1.537319139491625921e-06,1.536996406756711651e-06,1.536996406756711651e-06,1.535305466228151996e-06,1.532003700885949858e-06,1.527236621660295568e-06,1.520733155854285663e-06,1.512072758347478073e-06,1.502092552703395077e-06,1.490963081152897928e-06,1.477167621065206063e-06,1.463211583782625630e-06,1.447145435657022965e-06,1.430834475522493480e-06,1.410989069134005451e-06,1.391126222580017190e-06,1.371698379421724658e-06,1.348044095855726282e-06,1.326985399650768887e-06,1.303694089729561501e-06,1.281868605809047012e-06,1.254427778136625968e-06,1.229649724390172182e-06,1.207045076087383602e-06,1.177699476469597365e-06,1.152499685643414273e-06,1.130124266972697406e-06,1.099700144335944622e-06,1.077773360126197117e-06,1.053896097477244313e-06,1.033570942141505310e-06,1.002899965064651424e-06,9.808847341712697439e-07,9.627476109124656345e-07,9.326277336442124856e-07,9.159343658377999987e-07,8.978662889443073892e-07,8.837752246628090280e-07,8.551362488688049379e-07,8.404427894230043688e-07,8.295582256244262746e-07,8.024694589605090027e-07,7.915001222455235966e-07,7.839605110982380748e-07,7.776854376950991542e-07,7.528935834852769690e-07,7.473473415706834931e-07,7.442844880554652720e-07,7.213749074597916317e-07,7.196491261185718754e-07,7.195715504973945699e-07,6.985257404750501177e-07,6.998348190412245094e-07,7.029913674037042731e-07,7.062993458981054055e-07,6.874246752108795612e-07,6.937160505068287407e-07,6.990459924499597527e-07,6.817208842134488316e-07,6.877968393312725471e-07,6.976006409389823891e-07,7.047010415894580314e-07,6.889759139899329808e-07,7.008109804552051886e-07,7.087691291157845634e-07,6.941261903251290231e-07,7.075004595017525393e-07,7.158556448872607987e-07,7.020946425346652616e-07,7.103173616108460483e-07,7.248520091712841612e-07,7.327840022833308132e-07,7.197825387802167109e-07,7.347391798549572182e-07,7.421364113184043478e-07,7.296358396699914753e-07,7.364912566464218784e-07,7.511845675251449992e-07,7.570935639262339881e-07,7.449778765479167772e-07,7.592225421965035983e-07,7.640042081888186028e-07,7.521618735602297600e-07,7.656863181756704579e-07,7.691911754809863306e-07,7.575639517840178790e-07,7.603087372574487635e-07,7.722834645470738545e-07,7.736384980636367271e-07,7.622105490429078571e-07,7.730346915849479343e-07,7.729809023098871296e-07,7.617349514453549870e-07,7.609750356396245069e-07,7.698585318646097854e-07,7.676855434524264950e-07,7.566938184233615867e-07,7.642643674345170509e-07,7.607805848209967042e-07,7.500161577063372521e-07,7.562641806668390154e-07,7.515486811386491385e-07,7.462328942219310448e-07,7.459811060518167132e-07,7.503787123677980239e-07,7.542161229527373133e-07,7.540603494194572395e-07,7.573514181988854511e-07,7.600564120604788926e-07,7.599736018774559172e-07,7.621039618310701319e-07,7.636304669030723947e-07,7.645478105901634798e-07,7.645375877969435719e-07,7.648557382826844670e-07,7.645610543874692101e-07,7.645929016095206019e-07,7.636934711362217669e-07,7.621792451317483257e-07,7.600535261165701686e-07,7.601312266236973763e-07,7.574091236717640418e-07,7.540865330205567167e-07,7.541937652056944914e-07,7.502879644439227711e-07,7.457990371672385246e-07,7.459332084393379903e-07,7.408807369855402750e-07,7.352683927368260025e-07,7.291099253325236826e-07,7.292774139480404239e-07,7.225958264995231469e-07,7.153992339800156748e-07,7.155903487503572744e-07,7.079037713259925415e-07,6.997378666204508720e-07,6.911120431719736273e-07,6.913332041192329232e-07,6.822750411733856356e-07,6.727983215588393971e-07,6.730409587640556719e-07,6.631745214269358038e-07,6.529338637514688320e-07,6.423421167073961442e-07,6.426118567407757521e-07,6.316991212118259065e-07,6.204828236910508553e-07,6.207716051187338672e-07,6.092821728908913119e-07,5.975379685825211576e-07,5.978445614703939106e-07,5.858759586007302761e-07,5.737019545799786026e-07
1.434613691356715434e-06,1.464623027426566339e-06,1.464318818045691471e-06,1.493757427567407930e-06,1.522558355342206034e-06,1.522272041966883375e-06,1.550380625785742418e-06,1.577730452629577228e-06,1.577463207593345287e-06,1.604001360477434435e-06,1.629662853968283459e-06,1.654390405354088802e-06,1.654150204631769024e-06,1.677894988211259639e-06,1.700595873320916252e-06,1.700377029798901206e-06,1.721988962753129150e-06,1.742454414784727599e-06,1.761725315252469432e-06,1.761536248492423217e-06,1.779574633877953532e-06,1.796329898956466315e-06,1.796164160007316949e-06,1.811604056302500498e-06,1.825683424933010133e-06,1.838368087188288872e-06,1.838235102470399001e-06,1.849502697964578225e-06,1.859317286098698771e-06,1.859210648829036255e-06,1.867557445111131171e-06,1.874407042622904142e-06,1.874329136141224127e-06,1.879675131306217313e-06,1.883494734703512115e-06,1.885778908036011975e-06,1.885745297929788167e-06,1.886498051488320512e-06,1.885716715018061676e-06,1.885723453983138495e-06,1.883415858163883693e-06,1.879578068133339324e-06,1.874220985081255854e-06,1.874296866646959803e-06,1.867456398726715230e-06,1.859132131784823777e-06,1.859277123963163126e-06,1.849519350116178965e-06,1.838329898083595030e-06,1.838565489833977972e-06,1.826011326432518922e-06,1.812094100479381862e-06,1.821364461400957003e-06,1.846774055961748371e-06,1.829475947087677343e-06,1.835502227460730413e-06,1.861189082189091698e-06,1.840428940026426941e-06,1.842969629378025956e-06,1.843643263001180911e-06,1.844546827415562425e-06,1.843398671046090397e-06,1.840286025606637589e-06,1.866011338086829401e-06,1.836531238710489687e-06,1.829505040586037833e-06,1.820412603441100083e-06,1.822245516565882848e-06,1.811246145480234767e-06,1.798158026440058169e-06,1.823043964050668218e-06,1.785630019736246807e-06,1.768606562236843517e-06,1.793004578154486222e-06,1.752976489826676562e-06,1.732173974697880340e-06,1.709402721022648090e-06,1.713824941676309387e-06,1.689504216970263881e-06,1.663352071841139210e-06,1.686119952406212224e-06,1.641480798742984361e-06,1.612372132639503241e-06,1.581725397050331063e-06,1.589228749326521208e-06,1.557699911880238254e-06,1.524902922317950560e-06,1.546058810288508726e-06,1.500798390394925275e-06,1.466543365511601262e-06,1.487339040662483197e-06,1.443326622267416795e-06,1.408393637195572534e-06,1.373058914965845907e-06,1.387093823957085568e-06,1.352328901086587808e-06,1.317573530472718717e-06,1.337871332435075419e-06,1.300283233014996634e-06,1.267004964497205280e-06,1.234371926571663390e-06,1.254165171839043699e-06,1.223246578028250851e-06,1.193393714179655417e-06,1.214475135492414862e-06,1.188026590742335648e-06,1.161748257599715275e-06,1.183657307473128488e-06,1.162800883930082658e-06,1.140767390993299681e-06,1.120689180795581256e-06,1.143691786420522225e-06,1.131359544266959666e-06,1.116261280787874210e-06,1.140296205866501587e-06,1.133917091444538046e-06,1.123995582500843614e-06,1.116459944335879469e-06,1.148244701714318472e-06,1.143444978486937251e-06,1.141009654432182931e-06,1.166828759394188618e-06,1.173519650055309124e-06,1.175749293394573152e-06,1.180138780804368744e-06,1.212498402464175708e-06,1.218701295427003298e-06,1.226767576906029389e-06,1.252340456943034671e-06,1.267341952270787809e-06,1.278076179500301893e-06,1.302454168245888157e-06,1.318719486525864239e-06,1.330958919834486693e-06,1.344023283191802390e-06,1.369611335323093007e-06,1.382109947454661080e-06,1.394933261748267458e-06,1.413648869258924455e-06,1.428220338970089916e-06,1.439567004307302392e-06,1.450556564005343630e-06,1.466185734277974573e-06,1.474936163543934967e-06,1.482918158484891457e-06,1.491997444919302340e-06,1.498534357820999537e-06,1.502672956364635585e-06,1.506733617401268503e-06,1.508499147704812110e-06,1.508229003170442812e-06,1.508229003170442812e-06,1.506611753405098876e-06,1.503778093625682434e-06,1.498801485258032852e-06,1.492485511129668635e-06,1.484514841953510793e-06,1.474402191065128391e-06,1.463567229664458677e-06,1.451482511114627249e-06,1.435853340841996306e-06,1.420953717372628176e-06,1.405028327182806910e-06,1.386978127709273604e-06,1.366403223433769911e-06,1.347395001930791568e-06,1.327781018253824205e-06,1.302192966122533588e-06,1.281004205293235610e-06,1.259558896352142674e-06,1.235947243118564976e-06,1.208563003157053572e-06,1.186272560381926696e-06,1.161881537698984389e-06,1.132890771411184381e-06,1.110728601143058678e-06,1.089115170800024369e-06,1.056755549140217406e-06,1.035626460603250446e-06,1.015325970793212069e-06,9.932226377255092687e-07,9.634242170663085231e-07,9.451698015916126024e-07,9.280172111543370416e-07,8.962324537758982502e-07,8.806007747169568893e-07,8.661992001404411568e-07,8.506612818336033556e-07,8.231347801587360534e-07,8.118193411782208850e-07,7.997703800987867754e-07,7.738198699249890733e-07,7.657514699741412190e-07,7.589258491636376704e-07,7.520902163940455994e-07,7.284125249325809386e-07,7.247442080316128392e-07,7.216442902208877098e-07,6.997978544045930202e-07,6.990918216611672206e-07,6.993286053667523734e-07,6.795353600993683587e-07,6.814861380807307792e-07,6.842030341645454077e-07,6.891648400815424251e-07,6.711720422423471804e-07,6.759623226688138054e-07,6.812305387393222910e-07,6.671956297463116955e-07,6.736095184352097700e-07,6.802996697073255968e-07,6.910931347677735493e-07,6.760477675592364783e-07,6.836981064183771272e-07,6.961887534424067562e-07,6.821448775362067446e-07,6.903068954345233540e-07,6.982921005563762209e-07,6.907887478029284327e-07,6.990442969800855818e-07,7.069678320479155494e-07,7.214580086356600343e-07,7.089061549453054828e-07,7.164162604128418909e-07,7.234173159042824779e-07,7.189950889213088317e-07,7.257934267588062896e-07,7.319873226377329112e-07,7.461492108765283690e-07,7.343840210434938351e-07,7.395540829226136565e-07,7.531299222356090465e-07,7.416073728667798040e-07,7.455926951125950079e-07,7.488490977316679520e-07,7.470161027671573927e-07,7.497084738046756097e-07,7.516561489864989321e-07,7.627837169715479934e-07,7.516283233390786899e-07,7.522254296443202765e-07,7.520924979376785605e-07,7.511886433859337204e-07,7.504329010460808872e-07,7.489711161038102281e-07,7.569931675584272273e-07,7.462435561340601949e-07,7.434955009423051373e-07,7.502296113388354998e-07,7.396963760600482525e-07,7.357289555220449397e-07,7.411796861914326186e-07,7.461019279060547782e-07,7.458651353754059308e-07,7.502755965107323110e-07,7.541239247511355554e-07,7.539773145135273593e-07,7.572759558570505476e-07,7.599870776065352557e-07,7.599090806433167897e-07,7.620430545547107339e-07,7.635720764895072365e-07,7.644909301525076176e-07,7.644812898947238050e-07,7.647991652754477107e-07,7.645034098232769832e-07,7.645334425700126446e-07,7.636315014624831736e-07,7.621141094581302791e-07,7.599846046428202702e-07,7.600579305591686940e-07,7.573308912890365156e-07,7.540028262594526333e-07,7.541040667723594112e-07,7.501917753533250267e-07,7.456958746810761926e-07,7.458226043549051774e-07,7.407622362345651103e-07,7.351415522566277116e-07,7.289743131750365235e-07,7.291326085952968224e-07,7.224414163570748426e-07,7.152348170224936313e-07,7.154155322959190880e-07,7.077181719187935485e-07,6.995411100024853857e-07,6.909037643276890106e-07,6.911130473782070280e-07,6.820426603580987946e-07,6.725533801661611853e-07,6.727831301705202707e-07,6.629034891091952430e-07,6.526493215145095004e-07,6.420437689141805385e-07,6.422994185379412882e-07,6.313723187469379648e-07,6.201413943176845978e-07,6.204152975863478962e-07,6.089107475170649373e-07,5.971511974056669199e-07,5.974422283815306026e-07,5.854578594533127289e-07
1.464226026528028124e-06,1.463937217004761683e-06,1.493391006930056738e-06,1.522206884210329076e-06,1.521935278142339921e-06,1.550058315934735665e-06,1.577422332465993311e-06,1.577169002079211676e-06,1.603720784038157777e-06,1.629395610719745471e-06,1.654136189338035239e-06,1.653908700055198557e-06,1.677665869684706081e-06,1.700378806089613803e-06,1.700171669959816525e-06,1.721794957449730022e-06,1.742271402370134816e-06,1.761552925410285836e-06,1.761374102303063154e-06,1.779422343816681544e-06,1.796187068807603296e-06,1.796030384677176940e-06,1.811478921511572982e-06,1.825566506765704006e-06,1.838258951476201821e-06,1.838133303982565022e-06,1.849407779375494131e-06,1.859228776702117164e-06,1.859128062962574868e-06,1.867480280253673398e-06,1.874334777123584906e-06,1.874261226535510908e-06,1.879611009171253321e-06,1.883433803001491363e-06,1.885720536890956012e-06,1.885688819779726224e-06,1.886442755551573705e-06,1.885661841009169734e-06,1.885668185010979986e-06,1.883359312741817099e-06,1.879519291228782706e-06,1.874158938130123008e-06,1.874230416456862038e-06,1.867384305191916737e-06,1.859053034335694412e-06,1.859189526673435280e-06,1.849421605392768488e-06,1.838220188866227772e-06,1.838441810235487539e-06,1.825871460755566074e-06,1.811935600551620821e-06,1.796672257746843920e-06,1.797051803907952288e-06,1.804657848532516952e-06,1.810623089060968881e-06,1.811167019512210164e-06,1.815491372059839768e-06,1.818052418329025912e-06,1.794837228854441838e-06,1.819639176666160850e-06,1.818596118767248101e-06,1.792051592588809144e-06,1.816794047812142411e-06,1.811994397508840726e-06,1.805206114840754569e-06,1.773772579909666182e-06,1.798117058278533264e-06,1.787438379387893675e-06,1.753006346822885658e-06,1.776988948938401995e-06,1.762432944162097885e-06,1.745848082660563313e-06,1.748814284937869849e-06,1.730480958499162183e-06,1.710176503656933500e-06,1.669487583918255100e-06,1.692083859754220653e-06,1.668303567922195156e-06,1.625936036404138511e-06,1.647967941789771192e-06,1.621061683783353065e-06,1.592530141447095716e-06,1.548520966283077890e-06,1.569517046322383882e-06,1.538549769450246695e-06,1.494425239621075483e-06,1.514961892574924396e-06,1.482172397654116220e-06,1.448418071006892082e-06,1.458893815642743243e-06,1.424988663178048202e-06,1.390467117617465956e-06,1.349094784632423447e-06,1.368742236927677919e-06,1.334269978418492320e-06,1.295532062862939349e-06,1.315272526255666310e-06,1.281706503981259850e-06,1.248511998446495944e-06,1.214778363610318969e-06,1.234646809785132917e-06,1.203636981577161478e-06,1.174377772080245972e-06,1.194860304510711089e-06,1.166851063383447832e-06,1.140215017128342067e-06,1.163916364023033633e-06,1.139631319337067088e-06,1.117059667594753059e-06,1.100784244978379518e-06,1.123108783748214572e-06,1.105124024265120595e-06,1.089254770746708600e-06,1.117972623334647719e-06,1.104902579654498268e-06,1.094100062545630087e-06,1.091853365351786127e-06,1.116335253547435582e-06,1.110598180965977729e-06,1.113592367641822875e-06,1.138760511329453268e-06,1.137833504021992281e-06,1.139130436124323370e-06,1.148738165181183698e-06,1.174275932008070600e-06,1.179654140330577042e-06,1.192625892161867712e-06,1.217824160892469473e-06,1.226439426140584068e-06,1.236597406803740308e-06,1.265891501351208454e-06,1.276716008705405688e-06,1.288654760452580342e-06,1.305508905356499909e-06,1.327412827825036174e-06,1.339937123546621872e-06,1.356132745017881619e-06,1.375330957593734466e-06,1.387223274266368961e-06,1.399080488609175536e-06,1.412858877765431344e-06,1.427436194576444342e-06,1.437061105750793716e-06,1.447551934500485130e-06,1.457837901894675579e-06,1.464275351310582792e-06,1.469731026029989819e-06,1.476205330203105804e-06,1.478729695398864810e-06,1.480039302037457140e-06,1.480253102053188123e-06,1.480253102053188123e-06,1.479131323910867857e-06,1.475959276157303558e-06,1.471433035330565076e-06,1.464958731157449091e-06,1.457268874991264199e-06,1.448272256823712557e-06,1.436915309907908473e-06,1.424519008880101538e-06,1.411408758666686456e-06,1.395470294749925751e-06,1.378968347139964682e-06,1.362338275958760085e-06,1.344898565870826118e-06,1.323756787907172268e-06,1.303099645711292474e-06,1.283233579237897670e-06,1.258947826198262231e-06,1.236123241817896746e-06,1.214754141480521773e-06,1.193360929392470091e-06,1.164066834845001945e-06,1.142149853259813317e-06,1.120542656278738267e-06,1.091957252642126389e-06,1.068115308855362495e-06,1.047192816002999019e-06,1.018000325459623210e-06,9.952059905861272530e-07,9.757724691586590298e-07,9.572814952318905455e-07,9.283076820523726704e-07,9.084457608545785651e-07,8.922919060343501343e-07,8.641081731229443076e-07,8.469977409482779038e-07,8.336337687144842993e-07,8.215007177901031724e-07,7.927828652021641585e-07,7.824928966447756516e-07,7.734514276017149166e-07,7.484954335012556378e-07,7.396058243237912967e-07,7.337140191175954808e-07,7.289773333817056241e-07,7.052759864870140576e-07,7.024449732826015537e-07,7.006578528734691819e-07,6.797211579830377613e-07,6.794268227072475261e-07,6.803363598508244157e-07,6.611309055543729976e-07,6.641271609305676275e-07,6.673903716472641095e-07,6.712831267078382465e-07,6.540554668219761631e-07,6.609771387566340716e-07,6.666236493882606577e-07,6.507906308260380463e-07,6.601036925364046710e-07,6.670592582953851121e-07,6.741694317257878124e-07,6.636936870616960435e-07,6.715099299675471700e-07,6.792975261895706589e-07,6.658328588009100098e-07,6.788921027261940769e-07,6.869400249947144816e-07,6.742434110488317337e-07,6.881658771902262622e-07,6.960932338809654144e-07,7.036221084257204206e-07,6.915743476861402936e-07,7.058437797754363985e-07,7.128032028984246052e-07,7.011835535269617558e-07,7.153909115398082986e-07,7.215226718121850251e-07,7.270255263760367192e-07,7.240593037502764259e-07,7.291598875115600555e-07,7.335760962725972861e-07,7.225098950604456132e-07,7.352230842977219750e-07,7.384246850317118202e-07,7.275415952019690017e-07,7.393451571201315804e-07,7.412525156909882111e-07,7.424338991093107867e-07,7.317223170466074363e-07,7.418516893718709968e-07,7.417131743432759457e-07,7.311624262388542414e-07,7.401125749103563838e-07,7.386690663122668847e-07,7.365542471196893703e-07,7.360098156646185273e-07,7.333051097921369926e-07,7.299682267319349751e-07,7.295879477810028919e-07,7.355706658663082327e-07,7.410400732369077803e-07,7.459785495568878902e-07,7.457557825419682354e-07,7.501782704544598404e-07,7.540368161079145767e-07,7.538987839375699963e-07,7.572045162209655919e-07,7.599213776884499137e-07,7.598478902283131653e-07,7.619852508753935531e-07,7.635166319290886868e-07,7.644369011332647155e-07,7.644278068749469234e-07,7.647454237789429157e-07,7.644486624270095943e-07,7.644769917774972771e-07,7.635726933929410483e-07,7.620523282841728293e-07,7.599192677124084217e-07,7.599884841407646710e-07,7.572568068821664448e-07,7.539235974162645372e-07,7.540192063791624434e-07,7.501008133244805455e-07,7.455983560209573668e-07,7.457180875469103066e-07,7.406502919193469573e-07,7.350217621647623202e-07,7.288462692822874246e-07,7.289959124714264804e-07,7.222956786818010073e-07,7.150796572446829845e-07,7.152505784144547378e-07,7.075430603657368929e-07,6.993554856111904043e-07,6.907072803704101040e-07,6.909053656594824941e-07,6.818234513517901720e-07,6.723223231854963877e-07,6.725399135618230451e-07,6.626478104612037400e-07,6.523808878762873583e-07,6.417622970156214763e-07,6.420046350077671168e-07,6.310639603238919582e-07,6.198192080513460650e-07,6.200790410246307584e-07,6.085601888780371969e-07,5.967861157318279710e-07,5.970624136751264384e-07
1.463576925190086577e-06,1.493045083882355594e-06,1.521875106339247602e-06,1.521617411424931781e-06,1.549754116080105354e-06,1.577131545096964607e-06,1.576891362929219387e-06,1.603456019161076018e-06,1.629143436709838609e-06,1.653896313556609516e-06,1.653680820859855364e-06,1.677449676656350814e-06,1.700173980251528017e-06,1.699977883982174251e-06,1.721611875831912927e-06,1.742098681592063532e-06,1.761390214042747483e-06,1.761221041065650091e-06,1.779278565570477449e-06,1.796052198468140364e-06,1.795904039031441831e-06,1.811360708920965281e-06,1.825456026734821913e-06,1.838155794065177894e-06,1.838037049038368953e-06,1.849317995555178400e-06,1.859145020258412132e-06,1.859049876259533000e-06,1.867407189977246089e-06,1.874266292149089561e-06,1.874196835410932364e-06,1.879550177172247511e-06,1.883375968710829314e-06,1.885665108252017566e-06,1.885635169570530888e-06,1.886390216222794582e-06,1.885609698826622654e-06,1.885615673440307413e-06,1.883305605010518812e-06,1.879463491998468231e-06,1.874100074209941599e-06,1.874167426487575444e-06,1.867316028229110142e-06,1.858978197260265178e-06,1.859106730357832641e-06,1.849329309552616085e-06,1.838116695529015195e-06,1.838325245761097677e-06,1.825739756347617402e-06,1.811786471204059035e-06,1.796503179577033642e-06,1.796859989835795491e-06,1.780334571289675811e-06,1.762569508002183864e-06,1.786750312910305834e-06,1.791051132870268825e-06,1.770027751418678615e-06,1.770932113081694824e-06,1.795228044729144663e-06,1.770937926871409915e-06,1.768325665784182365e-06,1.792559296814450282e-06,1.765051747494064184e-06,1.758800554607264281e-06,1.750629965919337564e-06,1.774468478880651385e-06,1.742288557749545939e-06,1.730391727630447830e-06,1.753867778681064313e-06,1.718876169189842129e-06,1.703296648449934348e-06,1.726323913540052665e-06,1.708442424412408241e-06,1.669693155606458783e-06,1.648709713837226598e-06,1.670798437079894795e-06,1.630133467013500676e-06,1.605935088070756012e-06,1.627448926422950550e-06,1.585385200741112313e-06,1.558340425270433450e-06,1.529816753881127979e-06,1.550280838916672984e-06,1.507014183546554600e-06,1.476350871731621682e-06,1.496328525106293955e-06,1.453254118756221833e-06,1.421064718626006644e-06,1.440673919145884456e-06,1.407221388123446929e-06,1.365525772481388506e-06,1.332034259947045292e-06,1.351036991769582687e-06,1.311433092701255643e-06,1.278245936254710513e-06,1.297288783440455780e-06,1.260559822207108445e-06,1.228498857243233722e-06,1.196914435656501657e-06,1.216015843594523599e-06,1.184566772738556418e-06,1.155318528177331488e-06,1.174978084857612059e-06,1.148106292419889079e-06,1.121953689641026328e-06,1.142358517572812847e-06,1.117663374808425424e-06,1.098167906676335870e-06,1.077495555535236019e-06,1.098907527344811509e-06,1.084961136923085958e-06,1.068815722804093145e-06,1.091236322510130961e-06,1.077383515586126545e-06,1.071547548244646126e-06,1.062399690700705383e-06,1.086002985993369309e-06,1.085528074482669663e-06,1.081250892100540565e-06,1.105618997969022882e-06,1.110019328588827004e-06,1.110323052637327666e-06,1.112735843319805182e-06,1.137640951061462322e-06,1.148058379567380752e-06,1.154297386631544748e-06,1.179049347127517025e-06,1.192366986947585606e-06,1.201594554933491934e-06,1.225593390156846699e-06,1.235957892886742316e-06,1.251924810021522083e-06,1.264143826762391113e-06,1.286195206564862599e-06,1.302318506172039602e-06,1.314955057644204800e-06,1.334607560893306781e-06,1.349703315811364843e-06,1.361593631161101108e-06,1.373392916066206829e-06,1.388844876927084860e-06,1.401126680011126229e-06,1.410661067994732213e-06,1.422124856855938722e-06,1.430955173437814241e-06,1.437322609778899678e-06,1.444299638318224395e-06,1.448190918032026575e-06,1.451494343239913097e-06,1.452811533953167340e-06,1.453405825639869850e-06,1.453405825639869850e-06,1.451959827597995196e-06,1.448896225053861106e-06,1.444561789830230451e-06,1.438632456063176244e-06,1.430758705214017428e-06,1.422000034088812694e-06,1.411488232263362065e-06,1.398928190277197083e-06,1.386144399134795095e-06,1.371456293911579266e-06,1.354605259979897727e-06,1.338361669566082224e-06,1.321307131803589143e-06,1.302231603782597430e-06,1.280596460958494372e-06,1.261124590276771119e-06,1.239634127406624922e-06,1.215171448275763229e-06,1.194166039613150511e-06,1.171177697370363879e-06,1.150038676448688289e-06,1.123013230744750555e-06,1.101655945228827579e-06,1.078380707607775702e-06,1.050263333836576328e-06,1.029484433010119944e-06,1.006903111339901622e-06,9.783919830373874602e-07,9.589769978312162355e-07,9.404476715183398559e-07,9.203343123795726768e-07,8.922503165156974750e-07,8.759264856192837776e-07,8.582577937645277014e-07,8.310670889484031121e-07,8.174064881114013802e-07,8.026995418114903699e-07,7.915634547962342221e-07,7.660844317327846350e-07,7.565998081975969349e-07,7.466187158676876293e-07,7.227285200134040765e-07,7.163136346422430787e-07,7.098648301077297558e-07,7.059763798644491820e-07,6.842835292117436522e-07,6.819192076540359506e-07,6.803214707604041666e-07,6.603543158385124736e-07,6.606764649122714730e-07,6.623683855385816504e-07,6.440605967445691744e-07,6.467549135364119089e-07,6.501084793052311590e-07,6.558121873996533186e-07,6.393767482179136327e-07,6.445392536023028047e-07,6.527328379647846255e-07,6.376086935141446846e-07,6.441565989073256125e-07,6.544243752285404423e-07,6.617371294807148711e-07,6.479276407996614330e-07,6.554559990671010627e-07,6.677361443873286957e-07,6.548056591229366160e-07,6.627018365636908058e-07,6.760032840911986804e-07,6.637766433349561918e-07,6.716646538799117600e-07,6.792118977442451329e-07,6.930872397132564391e-07,6.814417388987120660e-07,6.885303408445618356e-07,7.024944122949422748e-07,6.912334079128122558e-07,6.976003507223192031e-07,7.113334391440272973e-07,7.167730892228710583e-07,7.057911403769147608e-07,7.105853805596548203e-07,7.233713667100400094e-07,7.125946750421401224e-07,7.162568585379262929e-07,7.282375735076139268e-07,7.176230477815236093e-07,7.200616404997427391e-07,7.218037132515236151e-07,7.322301993658347145e-07,7.217673410615097590e-07,7.222413073654505292e-07,7.315535461274188038e-07,7.212387144636358835e-07,7.204469222651421450e-07,7.285810706640627599e-07,7.264978490596719687e-07,7.163988928065403654e-07,7.233235728145608621e-07,7.297765508220318627e-07,7.294190383101802696e-07,7.354217405316676147e-07,7.409086134025026249e-07,7.458622759469446958e-07,7.456526325855823862e-07,7.500863772411577463e-07,7.539544889052270483e-07,7.538244902149772712e-07,7.571368651191514088e-07,7.598591048686221313e-07,7.597898440332956138e-07,7.619303797321647372e-07,7.634639729213175688e-07,7.643855696720756430e-07,7.643769873965269287e-07,7.646943613985933141e-07,7.643966554807482447e-07,7.644233851842515390e-07,7.635168727726611045e-07,7.619937147697656840e-07,7.598573133961793024e-07,7.599226680990016160e-07,7.571866317245537044e-07,7.538485863099266520e-07,7.539389005002721311e-07,7.500147696934860096e-07,7.455061456805558761e-07,7.456192940449044017e-07,7.405445100614336461e-07,7.349085970051198911e-07,7.287253353225135186e-07,7.288668330409483131e-07,7.221580854753061237e-07,7.149331899944122704e-07,7.150948846773460045e-07,7.073777954074199034e-07,6.991803123707023397e-07,6.905218694912325445e-07,6.907093955741042125e-07,6.816166084084709076e-07,6.721043018072573663e-07,6.723104164289240278e-07,6.624065487094905048e-07,6.521275813048114401e-07,6.414966742978584201e-07,6.417264339015890631e-07,6.307729278761993683e-07,6.195151007939305372e-07,6.197616251584403756e-07,6.082292404435441807e-07,5.964414207636707458e-07
1.492718429857146263e-06,1.521561838641243776e-06,1.521317304099521111e-06,1.549466933707232868e-06,1.576857042970239941e-06,1.576629287248512172e-06,1.603206107236386759e-06,1.628905417173725019e-06,1.653669906581895581e-06,1.653465738378716630e-06,1.677245622576170142e-06,1.699980650662143795e-06,1.699794967348276305e-06,1.721439053163393338e-06,1.741935626584084971e-06,1.761236593176143720e-06,1.761076513657021217e-06,1.779142783759971637e-06,1.795924807131441644e-06,1.795784675600868466e-06,1.811249003098859656e-06,1.825351600080558660e-06,1.838058259435128786e-06,1.837946009856048917e-06,1.849233044886560825e-06,1.859065739665032075e-06,1.858975834399519940e-06,1.867337940921837056e-06,1.874201373379480705e-06,1.874135765457567213e-06,1.879492452855791802e-06,1.883321061941217177e-06,1.885612462339050658e-06,1.885584194996641459e-06,1.886340285825749303e-06,1.885560142337216777e-06,1.885565771317493599e-06,1.883254581514019324e-06,1.879410507436755445e-06,1.874044216299635217e-06,1.874107700758843648e-06,1.867251347410659265e-06,1.858907369577044636e-06,1.859028446674746835e-06,1.849242129298416538e-06,1.838019031336243621e-06,1.838215346760560847e-06,1.825615690059490400e-06,1.811646103972458620e-06,1.796344155500857399e-06,1.796679708155903579e-06,1.780130162201195999e-06,1.762337806870941695e-06,1.762818013521238768e-06,1.743888582777424652e-06,1.746537336981632457e-06,1.747495621616078292e-06,1.748242874240743002e-06,1.747543305779255556e-06,1.745063979306174370e-06,1.746084344260846401e-06,1.741892156590656113e-06,1.735852976002633497e-06,1.706483170570166494e-06,1.729449198607093151e-06,1.719784927016209978e-06,1.708218453766288611e-06,1.710216930310316190e-06,1.696929679579837240e-06,1.681748245070797470e-06,1.684356964941719453e-06,1.667525972665774994e-06,1.648847319110862015e-06,1.628350920405734071e-06,1.632000034439924051e-06,1.610031364998770108e-06,1.586354945504805490e-06,1.590979711521643844e-06,1.566023356160967747e-06,1.539515316999035458e-06,1.497911183284123968e-06,1.517758265861229020e-06,1.488865409386217629e-06,1.458730865372098557e-06,1.466378655673785722e-06,1.435643012670733234e-06,1.403935711756456607e-06,1.413219307283538481e-06,1.381269990607220552e-06,1.348659123762826811e-06,1.315544295833168079e-06,1.327318920904923629e-06,1.294540042390435010e-06,1.261614993292530649e-06,1.275466020870591991e-06,1.243298924022411364e-06,1.211361842694843177e-06,1.178097423337579969e-06,1.196671442910895709e-06,1.166523649434501321e-06,1.137173055703263797e-06,1.156330569389226546e-06,1.128741693808909088e-06,1.102313996738120358e-06,1.123799980704169907e-06,1.099470016590561207e-06,1.076630226176930094e-06,1.055435870595403791e-06,1.079883269315031676e-06,1.061170295543015488e-06,1.044352716764727295e-06,1.070788039635026426e-06,1.056577989127204933e-06,1.044437448904039543e-06,1.034443969158024096e-06,1.063019298184005355e-06,1.055649344087499307e-06,1.050470129713208836e-06,1.080129743706605518e-06,1.077398624640027979e-06,1.076802234997779042e-06,1.084191547312412931e-06,1.108533208407332246e-06,1.112056380942844938e-06,1.117483677810211653e-06,1.147359942981134753e-06,1.154322287491309351e-06,1.162898843747249557e-06,1.191702844749485566e-06,1.201237076835444540e-06,1.212021927870837563e-06,1.223896706897981936e-06,1.250094893194021692e-06,1.262027013928703225e-06,1.274615614915115906e-06,1.297987342695729501e-06,1.309947745496073977e-06,1.322118359897477583e-06,1.336723725101670669e-06,1.352847212059867593e-06,1.363508959443498557e-06,1.373781115535302672e-06,1.387993804440373976e-06,1.396166623010485017e-06,1.403591851628607689e-06,1.413029082172952163e-06,1.417906700633195843e-06,1.421759956798772921e-06,1.424495196769990875e-06,1.427113718414477851e-06,1.426906715526976630e-06,1.426906715526976630e-06,1.425453314802497649e-06,1.422834793158010673e-06,1.418356415389698493e-06,1.412594544227699759e-06,1.405560104783569905e-06,1.396122874239225431e-06,1.386209988786788767e-06,1.375136318588145375e-06,1.360923629683074072e-06,1.347255618263497068e-06,1.332622151917705722e-06,1.315023027104169701e-06,1.297266329628870499e-06,1.279736223135431681e-06,1.261609405724916463e-06,1.238237677944302869e-06,1.218605053237266296e-06,1.198685235843611538e-06,1.172487049547571782e-06,1.151620404145285653e-06,1.130785534743254764e-06,1.110096582020139965e-06,1.081292581017903956e-06,1.060418339000719103e-06,1.039986132090227096e-06,1.010109866919303996e-06,9.900210177733281143e-07,9.706352975810373921e-07,9.427945536644290939e-07,9.218420404097400549e-07,9.041884296209359424e-07,8.875046413241982342e-07,8.578450273308013408e-07,8.424778939384422456e-07,8.282138922466475893e-07,7.996385632206663309e-07,7.869642391506247177e-07,7.754662428732220096e-07,7.651388042750783274e-07,7.387034814047790908e-07,7.301642716644185761e-07,7.227878095285043235e-07,6.983404108088763332e-07,6.928053957646779909e-07,6.883736707280474112e-07,6.849918311215144129e-07,6.635058471554651814e-07,6.618863549549138316e-07,6.611995901516021816e-07,6.420420764656386914e-07,6.429965510288606455e-07,6.447357965177089575e-07,6.271986815670377208e-07,6.311124316960805276e-07,6.349360452199105515e-07,6.392929868537244361e-07,6.254419592752040022e-07,6.309599533001592223e-07,6.368307782915081180e-07,6.250561532159661191e-07,6.318533621264282995e-07,6.388235037509388069e-07,6.458900467244363929e-07,6.366064511576563080e-07,6.442642344507761971e-07,6.518528902672384235e-07,6.442050997907650570e-07,6.521582255543460637e-07,6.598918982937123449e-07,6.481533437751852244e-07,6.615622184564734684e-07,6.690997400278419589e-07,6.762391307709650936e-07,6.716143620155903403e-07,6.786583809221210052e-07,6.852040339654683098e-07,6.815549129034209785e-07,6.878564785837042763e-07,6.935814771001694333e-07,6.987074150300864855e-07,6.960986743560984218e-07,7.008257651929577048e-07,7.049064793030396056e-07,7.029079606395139488e-07,7.065080606707077349e-07,7.094340824747923589e-07,6.992322985332438412e-07,7.103114928019841070e-07,7.120164415214809687e-07,7.130430840664240075e-07,7.120225555605651303e-07,7.124784966261870875e-07,7.122675579342636727e-07,7.115200410380959929e-07,7.107322804283998546e-07,7.093011206449668502e-07,7.166479503698996354e-07,7.161672797678475588e-07,7.231192733231755106e-07,7.295964039306635243e-07,7.292601783067279056e-07,7.352815711727250907e-07,7.407847837407929193e-07,7.457526577315069912e-07,7.455552992033386837e-07,7.499995841598140395e-07,7.538766555702078767e-07,7.537541833471670575e-07,7.570727833555030890e-07,7.598000646841005828e-07,7.597347668800426863e-07,7.618782803300994842e-07,7.634139486335268110e-07,7.643367908982048311e-07,7.643286889178608044e-07,7.646458346095349509e-07,7.643472414428764531e-07,7.643724684409932125e-07,7.634638758647800970e-07,7.619380933942819485e-07,7.597985521539352705e-07,7.598602767788294554e-07,7.571201420748272396e-07,7.537775492511602707e-07,7.538628837353203439e-07,7.499333556747700435e-07,7.454189298965777505e-07,7.455258835910711056e-07,7.404445224628956413e-07,7.348016592619117175e-07,7.286110831497570880e-07,7.287449102792344393e-07,7.220281436486030397e-07,7.147948879949509490e-07,7.149478885589116145e-07,7.072217782703225119e-07,6.990149543234190249e-07,6.903468576753100585e-07,6.905244242403819940e-07,6.814213790340423561e-07,6.718985232438317914e-07,6.720938050743897854e-07,6.621788286955171242e-07,6.518884846942727812e-07,6.412459412867102711e-07,6.414638130206068715e-07,6.304981761886745661e-07,6.192279840860454310e-07,6.194619181195982849e-07,6.079167268344256447e-07
1.521265974290416439e-06,1.521033891999966375e-06,1.549195747121325247e-06,1.576597846612834152e-06,1.576381837474663848e-06,1.602970152238840933e-06,1.628680697187557801e-06,1.653456154093176280e-06,1.653262678333469297e-06,1.677052972585270418e-06,1.699798121197059966e-06,1.699622261921771288e-06,1.721275868488424037e-06,1.741781652703169199e-06,1.761091513552408192e-06,1.760940005216983486e-06,1.779014516876859482e-06,1.795804445536477586e-06,1.795671876208479651e-06,1.811143415730176868e-06,1.825252867067867601e-06,1.837966015088104433e-06,1.837859879768670388e-06,1.849152645061537020e-06,1.858990675430399952e-06,1.858905699089800662e-06,1.867272314293740909e-06,1.874139819729698877e-06,1.874077831407620342e-06,1.879437664766306892e-06,1.883268922915344628e-06,1.885562448772067081e-06,1.885535752626113921e-06,1.886292825234024578e-06,1.885513033855448582e-06,1.885518339278003541e-06,1.883206097795525102e-06,1.879360184244963352e-06,1.873991198123930680e-06,1.874051055444386722e-06,1.867190056284176613e-06,1.858840316564063614e-06,1.858954406346038901e-06,1.849159753784074074e-06,1.837926836047193875e-06,1.838111694859516827e-06,1.825498775626452265e-06,1.811513933813978095e-06,1.796194529557488508e-06,1.796510198468656145e-06,1.779938090405488432e-06,1.762120220195606281e-06,1.762571659280631831e-06,1.743609881356749604e-06,1.723505615649343327e-06,1.702312693377459457e-06,1.725217252823774399e-06,1.724604832440191723e-06,1.700359193662167740e-06,1.723212001981351927e-06,1.719183678352670923e-06,1.691950162045669593e-06,1.684602715976075385e-06,1.707101578994710958e-06,1.677006792645274003e-06,1.666180795577685715e-06,1.688348729641605272e-06,1.675412028927781329e-06,1.641312642087282271e-06,1.663067256749303372e-06,1.646647853133380463e-06,1.610289464854795332e-06,1.590932562655841142e-06,1.611821166866437927e-06,1.590341274967446358e-06,1.551172982909280449e-06,1.571521204404031493e-06,1.547079198598184312e-06,1.506719105012733728e-06,1.480153979849211367e-06,1.499514446287586419e-06,1.458529066562876765e-06,1.429849393690417168e-06,1.448734600092227634e-06,1.418495315039044727e-06,1.377504097492808724e-06,1.396015939958255959e-06,1.364506891081985939e-06,1.324523991657922971e-06,1.292798101316193511e-06,1.310695717754206426e-06,1.278239701989699782e-06,1.240794455127444097e-06,1.258683293223486863e-06,1.226719328199045185e-06,1.192066753818689935e-06,1.161571136929082629e-06,1.179446909357640075e-06,1.148269067273649454e-06,1.119717571829956710e-06,1.138069603258285666e-06,1.110319053982339643e-06,1.085090417257967128e-06,1.104105847417589018e-06,1.079448601735672469e-06,1.059029359537911693e-06,1.037962853332401230e-06,1.057892613667820106e-06,1.038621506612078054e-06,1.025618450306963453e-06,1.046516100124394006e-06,1.031614751577056693e-06,1.023907685544242685e-06,1.013371235601458039e-06,1.035452331898701808e-06,1.027246034018673268e-06,1.026969128059630382e-06,1.049896688735657168e-06,1.046295690592355632e-06,1.050652821614196313e-06,1.051203008334469060e-06,1.074875916711227476e-06,1.083229812118672068e-06,1.087668847720827947e-06,1.111462649898031109e-06,1.117697843734659012e-06,1.130645792472423638e-06,1.154050211301113237e-06,1.163034233241814680e-06,1.177814893714874312e-06,1.188959437316597089e-06,1.211015429739582043e-06,1.222718158948770255e-06,1.238661409718420078e-06,1.258858441558929136e-06,1.270886527942769397e-06,1.286046497685172419e-06,1.298203202284460226e-06,1.314970649577387685e-06,1.328305244651969962e-06,1.338892814125789035e-06,1.352255246251593588e-06,1.361253373369710979e-06,1.370925595029581425e-06,1.380341543759252775e-06,1.386340796334830153e-06,1.392231388472015594e-06,1.396042762826214319e-06,1.399664280043483219e-06,1.400904046772649760e-06,1.401118229956332143e-06,1.401118229956332143e-06,1.400104767120951624e-06,1.397226639165916717e-06,1.392849334067449076e-06,1.387249679473776800e-06,1.380188531698785814e-06,1.371953738393922049e-06,1.361600782380493865e-06,1.350271807951531743e-06,1.338242493114600423e-06,1.323692506953091691e-06,1.309402651404640232e-06,1.293269951579886717e-06,1.274989157547621011e-06,1.257839258624966267e-06,1.238822250655722861e-06,1.220427022659177107e-06,1.198145068277894167e-06,1.177039039749271334e-06,1.157146029359375225e-06,1.132611343160408906e-06,1.112088582675421947e-06,1.089737685396547933e-06,1.069424673187331620e-06,1.043010473910090304e-06,1.020618146019400219e-06,1.000778443628353666e-06,9.737070899489685751e-07,9.544009098224568537e-07,9.334789230632436380e-07,9.063646355903162691e-07,8.886702193353226915e-07,8.695274858627458985e-07,8.537397353467814414e-07,8.273740562660367688e-07,8.106088090320346783e-07,7.972886627768414757e-07,7.719635631289165545e-07,7.601407230826739674e-07,7.474875733472315903e-07,7.380872019891455128e-07,7.145458523801305897e-07,7.051139366416679856e-07,6.986150402153277383e-07,6.766459438831698225e-07,6.717024520308259247e-07,6.669265571006446746e-07,6.643047557354440093e-07,6.444365157008212199e-07,6.429364771840760261e-07,6.429070912629083465e-07,6.246533022545384154e-07,6.258460898611435730e-07,6.285481675871074621e-07,6.118223411856533733e-07,6.151252638781923233e-07,6.205411774140782018e-07,6.252895449938606523e-07,6.102577468153288640e-07,6.180422807624431612e-07,6.241987730813631132e-07,6.103413111760171942e-07,6.169541792354794947e-07,6.272697799302260587e-07,6.344988278855816323e-07,6.217999173979883161e-07,6.335229131265923064e-07,6.411978657129852009e-07,6.292687766676342042e-07,6.368866428126918252e-07,6.497566072752179881e-07,6.384381020014286685e-07,6.459636977871479950e-07,6.593062596330971220e-07,6.664181457740826073e-07,6.555926195819257503e-07,6.690675308055409674e-07,6.755595659805490625e-07,6.650610229934004018e-07,6.710241918690830068e-07,6.840238484021811322e-07,6.890874198191305102e-07,6.788194154702383694e-07,6.912970552490572934e-07,6.953161248933199929e-07,6.852213358317767352e-07,6.885884318318760602e-07,6.998507849394289375e-07,6.898935971657984581e-07,6.921028428349855409e-07,7.024380782647937207e-07,7.034394795122092609e-07,6.936128144673221776e-07,7.029186659446667542e-07,7.027024953011581278e-07,6.930071180861218210e-07,7.012158969228147786e-07,7.090224733720205792e-07,7.164016650646460185e-07,7.159497796051162555e-07,7.229273087502144917e-07,7.294270256711706388e-07,7.291107118702809646e-07,7.351495928695078721e-07,7.406680981894932977e-07,7.456492768377755429e-07,7.454634225771673819e-07,7.499175809325400140e-07,7.538030475654763652e-07,7.536876295550094412e-07,7.570120656546011967e-07,7.597440747542294837e-07,7.596824942445080557e-07,7.618288014666268820e-07,7.633664170914241952e-07,7.642904283596213249e-07,7.642827771415236682e-07,7.645997081963776575e-07,7.643002813644129449e-07,7.643240962730664680e-07,7.634135486713596747e-07,7.618852992082536334e-07,7.597428060042500541e-07,7.598011172159298108e-07,7.570571281488889519e-07,7.537102579003510473e-07,7.537909075439473368e-07,7.498563009638393111e-07,7.453364151118939468e-07,7.454375379565530325e-07,7.403499848692489045e-07,7.347005773631730091e-07,7.285031126425005942e-07,7.286297143413934549e-07,7.219053925169119118e-07,7.146642586619476282e-07,7.148090645722549024e-07,7.070744496188784124e-07,6.988588173961517996e-07,6.901816152804800171e-07,6.903497856739106876e-07,6.812370601871552186e-07,6.717042467412356830e-07,6.718893004352953320e-07,6.619638325107721535e-07,6.516627408137467626e-07,6.410092010118586803e-07,6.412158352978588708e-07,6.302387277999321966e-07,6.189568398331583886e-07,6.191788610001968431e-07
1.520766179408143184e-06,1.548939600518700719e-06,1.576353039877428582e-06,1.576148136801651837e-06,1.602747316331346828e-06,1.628468477453349878e-06,1.653254294844258408e-06,1.653070916985037543e-06,1.676871039849890906e-06,1.699625741269261916e-06,1.699459152647506971e-06,1.721121741513039291e-06,1.741636213590631360e-06,1.760954461867563370e-06,1.760811034561550387e-06,1.778893314868701447e-06,1.795690693720444330e-06,1.795565249885743890e-06,1.811043583691531803e-06,1.825159491214879579e-06,1.837878749924338156e-06,1.837778371741413236e-06,1.849076531732562268e-06,1.858919584452307969e-06,1.858839246962374435e-06,1.867210104872574282e-06,1.874081442457067660e-06,1.874022859233224794e-06,1.879385651723109376e-06,1.883219401313272802e-06,1.885514925969886631e-06,1.885489707339318249e-06,1.886247703334142611e-06,1.885468243613821365e-06,1.885473246004807684e-06,1.883160017822706311e-06,1.879312378199816086e-06,1.873940863438373290e-06,1.873997318043593805e-06,1.867131961397205391e-06,1.858776818598507416e-06,1.858884357768637516e-06,1.849081892949667260e-06,1.837839773919523690e-06,1.838013900569222278e-06,1.825388560814255029e-06,1.811389435710611552e-06,1.796053692756467964e-06,1.796350755353596710e-06,1.779757540200460319e-06,1.761915806615017253e-06,1.762340346764481620e-06,1.743348329887812479e-06,1.723210154161036911e-06,1.701979291774856760e-06,1.702638845883315813e-06,1.680444626414106497e-06,1.678387024581131134e-06,1.700783475727527788e-06,1.675631594610034335e-06,1.670258654928216254e-06,1.663140041687281149e-06,1.664471640363732406e-06,1.655716990113825868e-06,1.645189374460227446e-06,1.646949342742702108e-06,1.634806338885079672e-06,1.620893307898607072e-06,1.642195074046393741e-06,1.607721201700285139e-06,1.590518878496145668e-06,1.571608188250869950e-06,1.574823432404674462e-06,1.554507802037509831e-06,1.532577550251309206e-06,1.552469535498499521e-06,1.513488173364282796e-06,1.488841026885456478e-06,1.462787692494685482e-06,1.468280238947763885e-06,1.441308050265543612e-06,1.413127472446631569e-06,1.419894530815954050e-06,1.391076436321726382e-06,1.361288643492686438e-06,1.379286917202181204e-06,1.339417021387073998e-06,1.308619724929831509e-06,1.277269232220456863e-06,1.287747097078940961e-06,1.256602621941542813e-06,1.225227024824750605e-06,1.242516058390855074e-06,1.206808901610800992e-06,1.176136566700564360e-06,1.145743529360632037e-06,1.160844077532996412e-06,1.131615201024808616e-06,1.103018132439675943e-06,1.120281049877831347e-06,1.093217804395758112e-06,1.067127819115427433e-06,1.085378891172885138e-06,1.062358363539267373e-06,1.039420370635320601e-06,1.017920225299704206e-06,1.040227779861834935e-06,1.020985348256421912e-06,1.003432902434353332e-06,1.023493576297206302e-06,1.012574206594926592e-06,9.993145286215299931e-07,9.880189616814629591e-07,1.014529511286149957e-06,1.005729983537484318e-06,9.989715422313255314e-07,1.021109569909496056e-06,1.022359327219392225e-06,1.020018994813216693e-06,1.019699328576848128e-06,1.048373662352009482e-06,1.050121010184015678e-06,1.053746158161269259e-06,1.082439624577907878e-06,1.087739616873915769e-06,1.094688921657869547e-06,1.117719501060292886e-06,1.130888937052838384e-06,1.140368717946512141e-06,1.151059907583375114e-06,1.177217434387234729e-06,1.188300194431186127e-06,1.200212357025152430e-06,1.220578631409760975e-06,1.235794518056275077e-06,1.247890990074840315e-06,1.260238514867035389e-06,1.280103104736904547e-06,1.291348033502753115e-06,1.302441630705783472e-06,1.318572660615062700e-06,1.327994068703326087e-06,1.336899354976702309e-06,1.347403827292863991e-06,1.355550122181190410e-06,1.361479995055675020e-06,1.366480479195852634e-06,1.372182519977036174e-06,1.374544459996344898e-06,1.375788783380201001e-06,1.376339571418486084e-06,1.376339571418486084e-06,1.375038375573630132e-06,1.372256369599078655e-06,1.368246120002557292e-06,1.362544079221373752e-06,1.355710834563178776e-06,1.347689866182880882e-06,1.338079014643776431e-06,1.326615794814151598e-06,1.314881290147229996e-06,1.302151472041347003e-06,1.286020442132067775e-06,1.271066765111471260e-06,1.255338891382139990e-06,1.235474301512270832e-06,1.217951644787964633e-06,1.199921091144751261e-06,1.180062289969235064e-06,1.157582457502312705e-06,1.138032127614818567e-06,1.118375183187547742e-06,1.092217656383688127e-06,1.071967767183298707e-06,1.051902911660643467e-06,1.030084182497959340e-06,1.004056982333392873e-06,9.843745318837584871e-07,9.652364151107012223e-07,9.365429486940626027e-07,9.179660495307467369e-07,9.001540967500688563e-07,8.714797629749075022e-07,8.546323461148888594e-07,8.387231345087532621e-07,8.215144981159023373e-07,7.960329007764247040e-07,7.824748445449828382e-07,7.699916142540397986e-07,7.434810646493529069e-07,7.325838490546320886e-07,7.228048148498286653e-07,7.124209783703734381e-07,6.898501439139065582e-07,6.828922705409678336e-07,6.770107481598320059e-07,6.547031935977010649e-07,6.505538287322383584e-07,6.474087128514964781e-07,6.447249896157392298e-07,6.257564032049246277e-07,6.251830001176957778e-07,6.254394790189760098e-07,6.081765615808187002e-07,6.099220876979327535e-07,6.123527866238726895e-07,5.972522384514739044e-07,6.009973672641922491e-07,6.052670062677143034e-07,6.119793500791574285e-07,5.976199619322890282e-07,6.033570016647811010e-07,6.093748355107093298e-07,5.988969706463223656e-07,6.057137922219523114e-07,6.126467805973029011e-07,6.235827371413208877e-07,6.113948463614321618e-07,6.188659414283589895e-07,6.262348068283871911e-07,6.194677482396775655e-07,6.271215248737837724e-07,6.345385521897425845e-07,6.290460049915459214e-07,6.365592388381392261e-07,6.437189835379685314e-07,6.568891745673916066e-07,6.464055610766511022e-07,6.530438905295214880e-07,6.591992370458176648e-07,6.559839854528237918e-07,6.618814493911150383e-07,6.672278769865368891e-07,6.797018666419353781e-07,6.697067347809064522e-07,6.740898417586639341e-07,6.778624257672531028e-07,6.761024157618286835e-07,6.794111238621070807e-07,6.820865013543423119e-07,6.807548261824780425e-07,6.829182779836418651e-07,6.844413356913297413e-07,6.940372638472675860e-07,6.844301104050615550e-07,6.847799017092636005e-07,6.933335502524611762e-07,6.926737482418487761e-07,7.009204770890719620e-07,7.087609755199273435e-07,7.161704204775715502e-07,7.157454509188657871e-07,7.227468633792048310e-07,7.292677106428415959e-07,7.289700300762981323e-07,7.350252807301370692e-07,7.405581047168174206e-07,7.455517440741061473e-07,7.453766673770117719e-07,7.498400780497309072e-07,7.537334140014809939e-07,7.536246101199141251e-07,7.569545196887386820e-07,7.596909639557790020e-07,7.596328715465819091e-07,7.617818009062628916e-07,7.633212446124600317e-07,7.642463534915499844e-07,7.642391254970464197e-07,7.645558547314133805e-07,7.642556443457200611e-07,7.642781319003294333e-07,7.633657463025300061e-07,7.618351771390579010e-07,7.596899077550477388e-07,7.597450082814710673e-07,7.569973931689577497e-07,7.536464982117411679e-07,7.537227390766877012e-07,7.497833524470306022e-07,7.452583265569220520e-07,7.453539593877885729e-07,7.402605752746129062e-07,7.346050038391329524e-07,7.284010497101537774e-07,7.285208434122849247e-07,7.217894014891190738e-07,7.145408416287458050e-07,7.146779216273465550e-07,7.069352867437315111e-07,6.987113464164501542e-07,6.900255538800386521e-07,6.901848574556605203e-07,6.810629947719530520e-07,6.715207798963167526e-07,6.716961742251518964e-07,6.617607954641330168e-07,6.514495481011331679e-07,6.407856146289290381e-07,6.409816242504124013e-07,6.299936682870428525e-07,6.187007154254442686e-07
1.548697599425539575e-06,1.576121765544602273e-06,1.575927364947684573e-06,1.602536815800136269e-06,1.628268010402828901e-06,1.653063616936967354e-06,1.652889777577245500e-06,1.676699182175341931e-06,1.699462902613003770e-06,1.699305064504578508e-06,1.720976129726038773e-06,1.741498798459361695e-06,1.760824958223053050e-06,1.760689151795757241e-06,1.778778756910144563e-06,1.795583158944841863e-06,1.795464430949489987e-06,1.810949167274492934e-06,1.825071157657546368e-06,1.837796172742824697e-06,1.837701217002151535e-06,1.849004457266799465e-06,1.858852238888670193e-06,1.858776268553838197e-06,1.867151120092164199e-06,1.874026064334503127e-06,1.873970685402583154e-06,1.879336262149337823e-06,1.883172355663140838e-06,1.885469760590668881e-06,1.885445931806230995e-06,1.886204796525293275e-06,1.885425649269230013e-06,1.885430367723949025e-06,1.883116213453025266e-06,1.879266953566857348e-06,1.873893065366547692e-06,1.873946326615267457e-06,1.867076881396764608e-06,1.858716670087406178e-06,1.858818065737224747e-06,1.849008275991891729e-06,1.837757531877492467e-06,1.837921601096121213e-06,1.825284624806398912e-06,1.811272121562466415e-06,1.795921079396437413e-06,1.796200724023296512e-06,1.779587754946170657e-06,1.761723693467099367e-06,1.762123071588836104e-06,1.743102774903018849e-06,1.722932893125694021e-06,1.701666563861925788e-06,1.702286528271959870e-06,1.680048205644698018e-06,1.656833814836458812e-06,1.657679114950609056e-06,1.654169219838786891e-06,1.648979988109346708e-06,1.622078814857052410e-06,1.643334248858514415e-06,1.634832568569443713e-06,1.605295292118885286e-06,1.626248165308344035e-06,1.614422979899990486e-06,1.582448567895645202e-06,1.603020336576375234e-06,1.587926218361132601e-06,1.571131301227658126e-06,1.535905835976026827e-06,1.555677603022055843e-06,1.535811398081324508e-06,1.498922516291324805e-06,1.518186236780842586e-06,1.495494935962068347e-06,1.471341224577926383e-06,1.432624582442227721e-06,1.450958732575340959e-06,1.424480025111853817e-06,1.385293175740353186e-06,1.403164419535845710e-06,1.374817891556929613e-06,1.335753169661180195e-06,1.353249038694081272e-06,1.323571405097835959e-06,1.293182719941737008e-06,1.255225005975751499e-06,1.272103322127685819e-06,1.241286455627429463e-06,1.205060317390480340e-06,1.221887328266721450e-06,1.191327956047897713e-06,1.160834057752111628e-06,1.128120320723760923e-06,1.144871042767730998e-06,1.115687118274243256e-06,1.086309118864752580e-06,1.103459671634493356e-06,1.076294673832121589e-06,1.050812633760874602e-06,1.068546973098647417e-06,1.044065930008685646e-06,1.020805050308198375e-06,1.001656062540150097e-06,1.020209362078132929e-06,1.000494663679440499e-06,9.861856597315899214e-07,1.005654234650821115e-06,9.899107838787974069e-07,9.759857366593712994e-07,9.688500284325083032e-07,9.894755580880324224e-07,9.799166065166024557e-07,9.776542606734446265e-07,9.991723316782366498e-07,9.939903298140447176e-07,9.908115216035093616e-07,9.951042979945729909e-07,1.017513624121903791e-06,1.018440502117724478e-06,1.026559801798681363e-06,1.049302939739011497e-06,1.053858176961435853e-06,1.065063441823375977e-06,1.087712318400552545e-06,1.095235284562254751e-06,1.104153536368802975e-06,1.118565989893560624e-06,1.140368645764513087e-06,1.151100882833524996e-06,1.166367876068985228e-06,1.186781932907244401e-06,1.198361565048864753e-06,1.210456286057078296e-06,1.225594708810071007e-06,1.243272728705470221e-06,1.254811775633527365e-06,1.268403572831130370e-06,1.283224099991023802e-06,1.293242925818026014e-06,1.304403557374926051e-06,1.315807123297911725e-06,1.323445936559038235e-06,1.330360920069888594e-06,1.337284399867743052e-06,1.343511303869620728e-06,1.347103226352551671e-06,1.350090454054346581e-06,1.352033476898063956e-06,1.351879316108674393e-06,1.351879316108674393e-06,1.350570162955974522e-06,1.347941809116909376e-06,1.344105609700106073e-06,1.338837347725900302e-06,1.331871998407544790e-06,1.323797448219244939e-06,1.314708562188407679e-06,1.304540272617237714e-06,1.292126734577033865e-06,1.279020048413731803e-06,1.265548169550940221e-06,1.249438944062427471e-06,1.233116189922946012e-06,1.216922716170156187e-06,1.197624711355564251e-06,1.178750918308319449e-06,1.160536460285623597e-06,1.142012715951398519e-06,1.119436501127922923e-06,1.098507444084489472e-06,1.079020215400973455e-06,1.054702735831519442e-06,1.033074563005788260e-06,1.013412080756507037e-06,9.941004102084850297e-07,9.684915326189347145e-07,9.473902723097713796e-07,9.288974115253830298e-07,9.029939016756470311e-07,8.830102672854784055e-07,8.659752897307942849e-07,8.403116212941447268e-07,8.220946631639979125e-07,8.070467656658748162e-07,7.929852596047748173e-07,7.683142759589320597e-07,7.535094746129243961e-07,7.419205505972543120e-07,7.183901917368382694e-07,7.064117664904272435e-07,6.975108962605373006e-07,6.896923403326036815e-07,6.679730629981767736e-07,6.603115347707393867e-07,6.552278385922440245e-07,6.350420857203348644e-07,6.305344203542675745e-07,6.281054610321063371e-07,6.265885853261523162e-07,6.083931519855336393e-07,6.081247599104997233e-07,6.089600781868254381e-07,5.922657458180817507e-07,5.948353156081828879e-07,5.977395181739367362e-07,5.824457087317086961e-07,5.875889756841554170e-07,5.922271349711629616e-07,5.972775891230383130e-07,5.835108671244707872e-07,5.916004007352773776e-07,5.978556060038766881e-07,5.851377111507276258e-07,5.949658750187323506e-07,6.020512858964023921e-07,6.091599473999792309e-07,5.974601729331276454e-07,6.089574467821941844e-07,6.163882284929440653e-07,6.053611883726961748e-07,6.176962152995889494e-07,6.251223995724938946e-07,6.146238308497546267e-07,6.274488421643633074e-07,6.345787837477779849e-07,6.413088773099391155e-07,6.312266774402393239e-07,6.440602474868883098e-07,6.501596457684275246e-07,6.403546679666212166e-07,6.529679331224004656e-07,6.582483267366878184e-07,6.629635349204373620e-07,6.533476295076758003e-07,6.651230764561572627e-07,6.688369681300175576e-07,6.593668229622049902e-07,6.704337533259647584e-07,6.730597730787915773e-07,6.637061926470343956e-07,6.739263897336761465e-07,6.754147072190138276e-07,6.762803962821097480e-07,6.754349448189711112e-07,6.843834984015497606e-07,6.929812565184481731e-07,6.923610521166864035e-07,7.006432574761945265e-07,7.085154735647359081e-07,7.159532121775507121e-07,7.155534210155975760e-07,7.225771805625786274e-07,7.291178040840679488e-07,7.288375672940696385e-07,7.349081467834097141e-07,7.404543827081400351e-07,7.454596969391536187e-07,7.452947209289008996e-07,7.497668052407472780e-07,7.536675203599400882e-07,7.535649203159449694e-07,7.568999651797266140e-07,7.596405716599650837e-07,7.595857534918017159e-07,7.617371447999475569e-07,7.632783052787397315e-07,7.642044451215230275e-07,7.641976146589411826e-07,7.645141540884098468e-07,7.642132070305527682e-07,7.642344464974138937e-07,7.633203323901816196e-07,7.617875813463680848e-07,7.596397002901009644e-07,7.596917798897916368e-07,7.569407524833317453e-07,7.535860694568436676e-07,7.536581600942256748e-07,7.497142730093705105e-07,7.451844069393889212e-07,7.452748691719829289e-07,7.401759923571843383e-07,7.345146136224601430e-07,7.283045444533060361e-07,7.284179217224726060e-07,7.216797679355776319e-07,7.144242064626331151e-07,7.145540005927725102e-07,7.068038009664787506e-07,6.985720223582834129e-07,6.898781233477474720e-07,6.900290576551316105e-07,6.808985683986334077e-07,6.713474752544037901e-07,6.715137453687463059e-07,6.615690023544051962e-07,6.512481567743044678e-07,6.405743973705424376e-07,6.407603597719863115e-07,6.297621419017500911e-07
1.575903221252432502e-06,1.575718754239254260e-06,1.602337917294732421e-06,1.628078596594428658e-06,1.652883454375896702e-06,1.652718627049681011e-06,1.676536798876942562e-06,1.699309036312383353e-06,1.699159459691696607e-06,1.720838525739892165e-06,1.741368929588597492e-06,1.760702553772283964e-06,1.760573936109463582e-06,1.778670449345044237e-06,1.795481473780555503e-06,1.795369077226162617e-06,1.810859848544799450e-06,1.824987571639171501e-06,1.837718010856089531e-06,1.837628163775941662e-06,1.848936189594347433e-06,1.858788425113054693e-06,1.858716567361277920e-06,1.867095179189334381e-06,1.873973518884164801e-06,1.873921156189824794e-06,1.879289353448677558e-06,1.883127652774646949e-06,1.885426827011152876e-06,1.885404305999443008e-06,1.886163988252964759e-06,1.885385135442749579e-06,1.885389587734488322e-06,1.883074563936063490e-06,1.879223782555330917e-06,1.873847665785322111e-06,1.873897929068321859e-06,1.867024646197464891e-06,1.858659678481554898e-06,1.858755310268286658e-06,1.848938649957954354e-06,1.837679817830199173e-06,1.837834458333077771e-06,1.825186575810475658e-06,1.811161537344054874e-06,1.795796163698169849e-06,1.796059496351047381e-06,1.779428032395419862e-06,1.761543071320016094e-06,1.761918902664802892e-06,1.742872147653826156e-06,1.722672608476369203e-06,1.701373110809139657e-06,1.701956058264260326e-06,1.679676505782459381e-06,1.656416279944454449e-06,1.657210718592500511e-06,1.633114020918312584e-06,1.608167434367362149e-06,1.601761493532186811e-06,1.622597688392658867e-06,1.594998406776798580e-06,1.585406280370723463e-06,1.605940700188042787e-06,1.575848736756009926e-06,1.563083706716576627e-06,1.583237082439002549e-06,1.550875584616181949e-06,1.535015561261124093e-06,1.517549334205256517e-06,1.536906469454735480e-06,1.501579946468180355e-06,1.481247886225104472e-06,1.500091652901066918e-06,1.463322630710547314e-06,1.440387795140457641e-06,1.416107306426401376e-06,1.434015035895403572e-06,1.395769767683322402e-06,1.369404072106775194e-06,1.386831301990624877e-06,1.348367754959259309e-06,1.320378092787412451e-06,1.337405452381487733e-06,1.299317574167534016e-06,1.270237911986243570e-06,1.240568531355173318e-06,1.256942498065199501e-06,1.220322452137041578e-06,1.190449156273242325e-06,1.206730871209834297e-06,1.172065036228547679e-06,1.142651586726313190e-06,1.113401708847587177e-06,1.129550470008039677e-06,1.098675099712200494e-06,1.070891847936569365e-06,1.087389996721688254e-06,1.059984416534903448e-06,1.034336735201862931e-06,1.051369890516176420e-06,1.027941406151903286e-06,1.005049052476479292e-06,9.834063919474742998e-07,1.001204215054825460e-06,9.841344057967321106e-07,9.660364541572625073e-07,9.847217906793131453e-07,9.724180658976647555e-07,9.582401865816512477e-07,9.458498968369798929e-07,9.656822413915847925e-07,9.603434566789032850e-07,9.521991738323222425e-07,9.729485613473933132e-07,9.722471734416712513e-07,9.683219406105103003e-07,9.663194457692406853e-07,9.880371614924818136e-07,9.934718581943282888e-07,9.953767162630846834e-07,1.017532472049975844e-06,1.026439058683224236e-06,1.031763087178189736e-06,1.053966939678585008e-06,1.065580720608562211e-06,1.073665713739364913e-06,1.083046884859110446e-06,1.104646358299062987e-06,1.118927648987246248e-06,1.129939703184235913e-06,1.150373612444287227e-06,1.165145614485564548e-06,1.176854197777512808e-06,1.189006607633208060e-06,1.207034758739436818e-06,1.221230009931390193e-06,1.232734236780197774e-06,1.248167520610089975e-06,1.260569476857183654e-06,1.270506856247370509e-06,1.282781814238032688e-06,1.292577189778582804e-06,1.300132218382939818e-06,1.306955377277857045e-06,1.314367498093297198e-06,1.319799019573035564e-06,1.323349816462314363e-06,1.326671917687456625e-06,1.328178174613268443e-06,1.328058776351912334e-06,1.328058776351912334e-06,1.326803570020945618e-06,1.324523272750019420e-06,1.320534786682195760e-06,1.315411845979007477e-06,1.308955096633098936e-06,1.300798313257487239e-06,1.291941355175194212e-06,1.282022386882962246e-06,1.270504991440140502e-06,1.257191821477058364e-06,1.244032092262401935e-06,1.229202891841387076e-06,1.212447232032531834e-06,1.196602084049130926e-06,1.179064761284930061e-06,1.159384093230564983e-06,1.141523349787146122e-06,1.123335588306055485e-06,1.103442237503224922e-06,1.080826266471957737e-06,1.061637648052688110e-06,1.040783104237021805e-06,1.016663462133056552e-06,9.972342483273980279e-07,9.781154407397952958e-07,9.573950304741437461e-07,9.322542823940559481e-07,9.138608017027919706e-07,8.939665719269414062e-07,8.686949901539398483e-07,8.516529740737030048e-07,8.332444847920534436e-07,8.083386298280018115e-07,7.931719666640723873e-07,7.789469181832741208e-07,7.636085766328806406e-07,7.398019761029015478e-07,7.279451689157365292e-07,7.152224046959148646e-07,6.925965259328680256e-07,6.833350321892688844e-07,6.751282762805881117e-07,6.665091939458999975e-07,6.456989325827921870e-07,6.401610137882713649e-07,6.345902382350102274e-07,6.152884091116140062e-07,6.123608657829859008e-07,6.103434142099502923e-07,6.089504087408352463e-07,5.915774650245098214e-07,5.919018613412971830e-07,5.933466236750193308e-07,5.774140445747629800e-07,5.798199732014553197e-07,5.838758580160204844e-07,5.692762192801737450e-07,5.734502203113097482e-07,5.780676876064546407e-07,5.851814209445548869e-07,5.720184534106679461e-07,5.779005781813316344e-07,5.868552032452871542e-07,5.746735998180939898e-07,5.814599527310896527e-07,5.883141877141151076e-07,5.991124556994016502e-07,5.878698298720129524e-07,5.951332772544765817e-07,6.068993148100508680e-07,5.962751469620239805e-07,6.036261498692399469e-07,6.160142849440626335e-07,6.058715519918439495e-07,6.130200586548505068e-07,6.198154795159513914e-07,6.323958167012712176e-07,6.226211736373314316e-07,6.288757906193550225e-07,6.413553081292455747e-07,6.318271976913960532e-07,6.373475222589958188e-07,6.423417413133475394e-07,6.541361636895657215e-07,6.447677816057792960e-07,6.488339675531687474e-07,6.600122709506935484e-07,6.507713833421906541e-07,6.538140029573453977e-07,6.642251416459414648e-07,6.550864676384896442e-07,6.570459640393968733e-07,6.665740886233040425e-07,6.758120086119319575e-07,6.750174226170747095e-07,6.840118162853691239e-07,6.926508105476710941e-07,6.920676308251792935e-07,7.003830139620040112e-07,7.082848987072779304e-07,7.157491090347052004e-07,7.153728804384121280e-07,7.224175580516513433e-07,7.289766978993822199e-07,7.287127978190799600e-07,7.347977371344615953e-07,7.403565405718102795e-07,7.453727976127490256e-07,7.452172915330933329e-07,7.496975100680825662e-07,7.536051473186593083e-07,7.535083684251336032e-07,7.568482330691816808e-07,7.595927470262698267e-07,7.595410034608514320e-07,7.616947071455075696e-07,7.632374804464694399e-07,7.641645890082074369e-07,7.641581320973669485e-07,7.644744929893537043e-07,7.641728531346621640e-07,7.641929186913013470e-07,7.632771785427821768e-07,7.617423746234811790e-07,7.595920359070193023e-07,7.596412722639698770e-07,7.568870327511464653e-07,7.535287833206129596e-07,7.535969659677647622e-07,7.496488404324478208e-07,7.451144152334951744e-07,7.452000063118159073e-07,7.400959540341816478e-07,7.344291024785664329e-07,7.282132694649312301e-07,7.283205977162898596e-07,7.215761152194039491e-07,7.143139505561466696e-07,7.144368720442357853e-07,7.066795352429623281e-07,6.984403597981205314e-07,6.897388091650997463e-07,6.898818419876066828e-07,6.807432063898782832e-07,6.711837271644995942e-07,6.713413767060598676e-07,6.613877840233078885e-07,6.510578652338610775e-07,6.403748147999010186e-07,6.405512742387675939e-07
1.575521585986143545e-06,1.602149934348261364e-06,1.627899581379798960e-06,1.652713183881667211e-06,1.652556872997904661e-06,1.676383327887024898e-06,1.699163610054618056e-06,1.699021835025841350e-06,1.720708454833503777e-06,1.741246160009144883e-06,1.760586828546280769e-06,1.760464993741023051e-06,1.778568023785356613e-06,1.795385294338787146e-06,1.795278868411224744e-06,1.810775329826280920e-06,1.824908457114508864e-06,1.837644008809729792e-06,1.837558976114867874e-06,1.848871511142849446e-06,1.858727942748075803e-06,1.858659958968025994e-06,1.867042112415130801e-06,1.873923649666732551e-06,1.873874127034362035e-06,1.879244791426183675e-06,1.883085167212029606e-06,1.885386006841692657e-06,1.885364716740232360e-06,1.886125168573991305e-06,1.885346593290382701e-06,1.885350795970284609e-06,1.883034955450053456e-06,1.879182744811324815e-06,1.873804534754310891e-06,1.873851982504797389e-06,1.866975096212470967e-06,1.858605663365580461e-06,1.858695885516746521e-06,1.848872778452048279e-06,1.837606359126453207e-06,1.837752157015896047e-06,1.825094048863650794e-06,1.811057260499457933e-06,1.795678456722827855e-06,1.795926507237592897e-06,1.779277720425525129e-06,1.761373188975982622e-06,1.761726976371000460e-06,1.742655457337271949e-06,1.722428165944406809e-06,1.701097636952030734e-06,1.701645959101533098e-06,1.679327847384135227e-06,1.656024762271806458e-06,1.656771648317815895e-06,1.632622283299211094e-06,1.607617464268578587e-06,1.581821953662591261e-06,1.582925800178303941e-06,1.575216182108311810e-06,1.565887053565130488e-06,1.567345172421128025e-06,1.556524144915210803e-06,1.544080684085431306e-06,1.545983805571532638e-06,1.532092591330903193e-06,1.516605258491449605e-06,1.483473900983554589e-06,1.502205294653724072e-06,1.483813092983796306e-06,1.463918017876776194e-06,1.467302051912739879e-06,1.446217742011822043e-06,1.423741225223021617e-06,1.387122086919159172e-06,1.404500822025141924e-06,1.379769542294852334e-06,1.353872045401322933e-06,1.359512915162496086e-06,1.332931167853329218e-06,1.305385125582085239e-06,1.312267165178809632e-06,1.284312977754346039e-06,1.255630491687599809e-06,1.219204516008885993e-06,1.235141718873701111e-06,1.205896755783211714e-06,1.176323220784504150e-06,1.186755322991269044e-06,1.157569902855815008e-06,1.128356094195644328e-06,1.096372278703759251e-06,1.112090026915194048e-06,1.083899762719308950e-06,1.056145830331584340e-06,1.070898358655993308e-06,1.044392544146379324e-06,1.018635530821767866e-06,1.035375964405677452e-06,1.011185398163325448e-06,9.880397561389272869e-07,9.681938760173621844e-07,9.854724580304707054e-07,9.654800344243678522e-07,9.469241500497242529e-07,9.682201155190496312e-07,9.518202472553539689e-07,9.370592396317830754e-07,9.283565369908783757e-07,9.476005324026804814e-07,9.368829096267693613e-07,9.280091732369495003e-07,9.529809630327024600e-07,9.463913898423766505e-07,9.416847413217954845e-07,9.440038522902751003e-07,9.651448763312943101e-07,9.644330018530314175e-07,9.655430393694480989e-07,9.922548023289015798e-07,9.951807793028566982e-07,9.997748784747048698e-07,1.026396203702590665e-06,1.032428046282512110e-06,1.039901922379687149e-06,1.052952244780694071e-06,1.074298717768765339e-06,1.083904990392035019e-06,1.094539097506152491e-06,1.118618170484017098e-06,1.129502574699288765e-06,1.141065138459282154e-06,1.156019974902895891e-06,1.174260693577144487e-06,1.185817874071463512e-06,1.197533423923500097e-06,1.215718361948103744e-06,1.226347311510802801e-06,1.236778300089722615e-06,1.251520591191659468e-06,1.260362897647484708e-06,1.268686911768707048e-06,1.277438673276927509e-06,1.285861456670204644e-06,1.291389966937672309e-06,1.296040157657948979e-06,1.301239405227470734e-06,1.303456640102151261e-06,1.304632494382423621e-06,1.304855888645669775e-06,1.304855888645669775e-06,1.303970207928664430e-06,1.301438089218427710e-06,1.297769471291329564e-06,1.292570223721807809e-06,1.286309984101481618e-06,1.278949051064608602e-06,1.269756552543151879e-06,1.259655856671646246e-06,1.248863059108045994e-06,1.237138052010563719e-06,1.222395760908626866e-06,1.208604769675442281e-06,1.194075902146929478e-06,1.175890964122325831e-06,1.159674207666183811e-06,1.142954953636430349e-06,1.123002259674297438e-06,1.103879302723517986e-06,1.085664571497471085e-06,1.067305701714875441e-06,1.043226628737010834e-06,1.024250082892855586e-06,1.005392990948226622e-06,9.815251880608617953e-07,9.608025370608158726e-07,9.421642783432361412e-07,9.239765671889823482e-07,8.973552419610964469e-07,8.796006078808166379e-07,8.625041856570689092e-07,8.357924226976154283e-07,8.195049648989465976e-07,8.040436848058638787e-07,7.798514033792017668e-07,7.634342150966829789e-07,7.500431081363674436e-07,7.376222499159421107e-07,7.126504601201891510e-07,7.016444955573411430e-07,6.916637966223019177e-07,6.698453538607904667e-07,6.596629488561326939e-07,6.522667177710736324e-07,6.458807381468257904e-07,6.245847726775005180e-07,6.198001144660951998e-07,6.159753349691571011e-07,5.974389144640595066e-07,5.943301802251796525e-07,5.929521528663081847e-07,5.923937348350745015e-07,5.756533012511647040e-07,5.765230418110159914e-07,5.780907221986586958e-07,5.633381938742423160e-07,5.661902624761006103e-07,5.696011082447489137e-07,5.556027893677580726e-07,5.612948004910216249e-07,5.662257240004743472e-07,5.714975187759518996e-07,5.610654165674312115e-07,5.671712065174065783e-07,5.734673571814598225e-07,5.617753852656958455e-07,5.715953702613328480e-07,5.785700280033512537e-07,5.855297007490644811e-07,5.786476610715126051e-07,5.859681857957662575e-07,5.931442461344205020e-07,5.875033760775766282e-07,5.948608968541040200e-07,6.019587817299815670e-07,5.922018827423084076e-07,6.045082158867207171e-07,6.112670380881227096e-07,6.176328353861844687e-07,6.142487979435892652e-07,6.204456055224587817e-07,6.261761286192215793e-07,6.170033306162368926e-07,6.289627628500023823e-07,6.338925013031712900e-07,6.382850046559123661e-07,6.363818618054291365e-07,6.403846392754627517e-07,6.438183757348967291e-07,6.423602160884828406e-07,6.453472360450984933e-07,6.477484082611759476e-07,6.466444890237859593e-07,6.564959975132532287e-07,6.660823569541249269e-07,6.753729473858707709e-07,6.746259179525959755e-07,6.836631758707109575e-07,6.923407355311482988e-07,6.917921886510738059e-07,7.001386122274357204e-07,7.080682600993525192e-07,7.155572473924270845e-07,7.152030779703153006e-07,7.222673437278316600e-07,7.288438270255838552e-07,7.285952327906565137e-07,7.346936293593613563e-07,7.402642135441641630e-07,7.452907311121188165e-07,7.451441069189036722e-07,7.496319566341442106e-07,7.535460896689319569e-07,7.534547748289038151e-07,7.567991647515771371e-07,7.595473483484286013e-07,7.594984929430506175e-07,7.616543692860614631e-07,7.631986582891773201e-07,7.641266774115022808e-07,7.641205716590368393e-07,7.644367645817235890e-07,7.641344730063902552e-07,7.641534340934100386e-07,7.632361638381769548e-07,7.616994278409682814e-07,7.595467757026819593e-07,7.595933352546753468e-07,7.568360711869064831e-07,7.534744630644792976e-07,7.535389647538975028e-07,7.495868463749228531e-07,7.450481255603081048e-07,7.451291263003791203e-07,7.400201961263888579e-07,7.343481855552081685e-07,7.281269182608807341e-07,7.282285423594306575e-07,7.214780908777474530e-07,7.142096971789748857e-07,7.143261341844106364e-07,7.065620619487650524e-07,6.983159045641246180e-07,6.896071299326377567e-07,6.897427011863759796e-07,6.805963710131332038e-07,6.710289688711136267e-07,6.711784719435064706e-07,6.612165141663097259e-07,6.508780167340952570e-07,6.401861793427330093e-07
1.601972224155745124e-06,1.627730351818247784e-06,1.652552221941914899e-06,1.652403960861054960e-06,1.676238243078899914e-06,1.699026125589781802e-06,1.698891719536840247e-06,1.720585472680358161e-06,1.741130071363481181e-06,1.760477389443773429e-06,1.760361956095050831e-06,1.778471135353921498e-06,1.795294298635846727e-06,1.795193504552599135e-06,1.810695332299243071e-06,1.824833555459028483e-06,1.837573927198145743e-06,1.837493432815461998e-06,1.848810217851447143e-06,1.858670603770348166e-06,1.858606270233668822e-06,1.866991760303506142e-06,1.873876309621921342e-06,1.873829461945870252e-06,1.879202449749803129e-06,1.883044780803557745e-06,1.885347188474418755e-06,1.885327057275267894e-06,1.886088233750715367e-06,1.885309920102501535e-06,1.885313888591264739e-06,1.882997280670059700e-06,1.879143726946245010e-06,1.873763549986072321e-06,1.873808352610961449e-06,1.866928081642110878e-06,1.858554455617717561e-06,1.858639598777210906e-06,1.848810440444576417e-06,1.837536901134195122e-06,1.837674403030334157e-06,1.825006703819291519e-06,1.810958897554597132e-06,1.795567503549282204e-06,1.795801231285593614e-06,1.779136213134037679e-06,1.761213348903621843e-06,1.761546491228515484e-06,1.742451784909317664e-06,1.722198513896078069e-06,1.700838941524444260e-06,1.701354862710650352e-06,1.679000675148057283e-06,1.655657497503981179e-06,1.656359907036972641e-06,1.632161287821413465e-06,1.607102015962521060e-06,1.581246404966171711e-06,1.582284025992514714e-06,1.555800423603544374e-06,1.528662443948330570e-06,1.548097884818115877e-06,1.537558461211491303e-06,1.508133448953288578e-06,1.527217529400847460e-06,1.513661614504812043e-06,1.482172767030700255e-06,1.466023871811666894e-06,1.484372175043557503e-06,1.451103754323453960e-06,1.432235808662763794e-06,1.450102305487948673e-06,1.429452899423151786e-06,1.394042408792637134e-06,1.371398017455639581e-06,1.388384870598909130e-06,1.352148953746860880e-06,1.327468840825876224e-06,1.343991142432691342e-06,1.317855934482102504e-06,1.281113262602005310e-06,1.297239472292763046e-06,1.269699276371906771e-06,1.233414307341379726e-06,1.205342817873443772e-06,1.220820713951555848e-06,1.185581030785084276e-06,1.157157778037434892e-06,1.172510982843804929e-06,1.143579249310769138e-06,1.110748247254690747e-06,1.082643123881044137e-06,1.097813190393712441e-06,1.067500165566148365e-06,1.040573259810838299e-06,1.056025255614745974e-06,1.029496791515995484e-06,1.003664786302200152e-06,1.019577243162660058e-06,9.952280303883320479e-07,9.731840198188593647e-07,9.515378194670186950e-07,9.681189394374379684e-07,9.502333185292205457e-07,9.317563452447766958e-07,9.491599667120591929e-07,9.322715837440554406e-07,9.207707261731794252e-07,9.074763331628753396e-07,9.259692573692183569e-07,9.190303098777148634e-07,9.096854007574641144e-07,9.290991902722831362e-07,9.217854705630530048e-07,9.212664464069119963e-07,9.177340223716702002e-07,9.381860230541888120e-07,9.417220518851796782e-07,9.420104699853945185e-07,9.630370984347911515e-07,9.652174290765754852e-07,9.738654040702611468e-07,9.951474765693055247e-07,1.000515375142258727e-06,1.011800374817169822e-06,1.019799861898423057e-06,1.040852166907020431e-06,1.053967960697612542e-06,1.063920009981220694e-06,1.084180263696886205e-06,1.094780111418610081e-06,1.109322363924343582e-06,1.121001742408501027e-06,1.139432718316617255e-06,1.153657718358897391e-06,1.165224062540612974e-06,1.181541866927391251e-06,1.192473651479948183e-06,1.205134363900901004e-06,1.218784321014964177e-06,1.228200663977132042e-06,1.238546499774338769e-06,1.246770538031551269e-06,1.256177062232788952e-06,1.263554916807778053e-06,1.269011675418572707e-06,1.274729353686642933e-06,1.278081561041040670e-06,1.280841532381891553e-06,1.282017206901132641e-06,1.282521057952236393e-06,1.282521057952236393e-06,1.281394638184756895e-06,1.278944415787515136e-06,1.275436878976742327e-06,1.270609571841456981e-06,1.264241606918310398e-06,1.257068225045377712e-06,1.248494941499013322e-06,1.238301312236784420e-06,1.227769281448712502e-06,1.215729372593339902e-06,1.203304371694241394e-06,1.188526865786788231e-06,1.173494139931047486e-06,1.158511742750524589e-06,1.140775162746693055e-06,1.124390700166103078e-06,1.106415003088018802e-06,1.086245366316532508e-06,1.068353859808348559e-06,1.048894022234312126e-06,1.030654704583464827e-06,1.008170177135106269e-06,9.895652472265186891e-07,9.694251101871881558e-07,9.458554511988376920e-07,9.273972003729335854e-07,9.074721642591166172e-07,8.898458518305714194e-07,8.657132369068995156e-07,8.466742708348696883e-07,8.302667123803445477e-07,8.062714240908109417e-07,7.907550390432429096e-07,7.740335741431153727e-07,7.506005927751523430e-07,7.370512001880295727e-07,7.224765839129985373e-07,7.108744869180923737e-07,6.886899020328846479e-07,6.784189925441907222e-07,6.674580742391306597e-07,6.464982548009639814e-07,6.387321994748000161e-07,6.305721057288671664e-07,6.249390521080722308e-07,6.057714294765204069e-07,6.015016541019733939e-07,5.973639778841351847e-07,5.796427816387582367e-07,5.777869781978877386e-07,5.764762904552639829e-07,5.764845049521916816e-07,5.605697123924598092e-07,5.619471817471529570e-07,5.639877720954138420e-07,5.494014438335647292e-07,5.523533322558619813e-07,5.570437010577779659e-07,5.436714996576995192e-07,5.481810844119245008e-07,5.549500286777977482e-07,5.604761134134265462e-07,5.483919496055083100e-07,5.543573288719679470e-07,5.633915832159292812e-07,5.521802156542372347e-07,5.588956491614018646e-07,5.692143273656272501e-07,5.762564623347322042e-07,5.658661121322213688e-07,5.771341037998474827e-07,5.843383973881608008e-07,5.744862935088669055e-07,5.815346853715563968e-07,5.934646671660936951e-07,5.840272808245536481e-07,5.908230570047686012e-07,6.029603847873585867e-07,6.092797629048127676e-07,6.001499795649580724e-07,6.060422868282251894e-07,6.179016117291803446e-07,6.089792636069862098e-07,6.141477787140512793e-07,6.256398208027172603e-07,6.299708399637819287e-07,6.211767379184262606e-07,6.321204065946545726e-07,6.354972461334654547e-07,6.268095629358096616e-07,6.370576906758716759e-07,6.471066348722773296e-07,6.460689424446959380e-07,6.559805531223600726e-07,6.656213677711893355e-07,6.749612154795377674e-07,6.742586664711128783e-07,6.833360218117712786e-07,6.920496633487526355e-07,6.915335247803945598e-07,6.999090005929211547e-07,7.078646386567361726e-07,7.153768257419255432e-07,7.150433160660978329e-07,7.221259316978060492e-07,7.287186661056434925e-07,7.284844173687315514e-07,7.345954301168732546e-07,7.401770616757419551e-07,7.452132035986530417e-07,7.450749128241176535e-07,7.495699243908073933e-07,7.534901553175540671e-07,7.534039711691700175e-07,7.567526113648595928e-07,7.595042424483647415e-07,7.594581010103639173e-07,7.616160194434524775e-07,7.631617333721765882e-07,7.640906086916032916e-07,7.640848331761600416e-07,7.644008680440617154e-07,7.640979632169004039e-07,7.641158848636178928e-07,7.631971743514961976e-07,7.616586194293892431e-07,7.595037890024114747e-07,7.595478277080950337e-07,7.567877148600242174e-07,7.534229427508711604e-07,7.534839763379471586e-07,7.495280954289511831e-07,7.449853261519309117e-07,7.450619999881332585e-07,7.399484711233049857e-07,7.342715960415867658e-07,7.280452038290358535e-07,7.281414475745984204e-07,7.213853649407169560e-07,7.141110936772768254e-07,7.142214109201073583e-07,7.064509808320086848e-07,6.981982315627034492e-07,6.894826350687080636e-07,6.896111585724813631e-07,6.804575589204516213e-07,6.708826698236426914e-07,6.710244728326051758e-07,6.610546063806635805e-07,6.507079963007649531e-07
1.627570333819374726e-06,1.652400022081005917e-06,1.652259371318610749e-06,1.676101051790327302e-06,1.698896116380339861e-06,1.698768672242017017e-06,1.720469163247018029e-06,1.741020271926516705e-06,1.760373868372336819e-06,1.760264478001721812e-06,1.778379461059394715e-06,1.795208185080874203e-06,1.795112704648022239e-06,1.810619594703971841e-06,1.824762624274780061e-06,1.837507541568640661e-06,1.837431326416593993e-06,1.848752118257675404e-06,1.858616231681249107e-06,1.858555338543173923e-06,1.866943972992909937e-06,1.873831360456210253e-06,1.873787032951365522e-06,1.879162209449482870e-06,1.883006382184776508e-06,1.885310266662062919e-06,1.885291226881696622e-06,1.886053085872156790e-06,1.885275018929908965e-06,1.885278767602033675e-06,1.882961438365452255e-06,1.879106622097929739e-06,1.873724596353856929e-06,1.873766913092645183e-06,1.866883461815404003e-06,1.858505896633452821e-06,1.858586269562613617e-06,1.848751429175222189e-06,1.837471205933525419e-06,1.837600921856256126e-06,1.824924223498511267e-06,1.810866081926998985e-06,1.795462880686904575e-06,1.795683179753626270e-06,1.779002947264853470e-06,1.761062903059179191e-06,1.761376703031615576e-06,1.742260277430206165e-06,1.721982676787808441e-06,1.700595911108300320e-06,1.701081501021820867e-06,1.678693547961687017e-06,1.655312851372723067e-06,1.655973645383259021e-06,1.631728946140846070e-06,1.606618736209075885e-06,1.580706909205268835e-06,1.581682589424429450e-06,1.555130847077051125e-06,1.527918026102839937e-06,1.529206313567675803e-06,1.501522621356320231e-06,1.490090964281145668e-06,1.508800101252780155e-06,1.478974257350934483e-06,1.464677460381863530e-06,1.448896604052687964e-06,1.451251735497613773e-06,1.434207374181872829e-06,1.415742652933782656e-06,1.418734862903877018e-06,1.399126808624689046e-06,1.378194261508426477e-06,1.355989806426061906e-06,1.360034071531231675e-06,1.336920528556680422e-06,1.312680522694114079e-06,1.317681804734756146e-06,1.292745012513933790e-06,1.266860516398799651e-06,1.282579077184788947e-06,1.246638827448246426e-06,1.219567331066048361e-06,1.191865710537182677e-06,1.199705983100705151e-06,1.171963846726829756e-06,1.143843015717099399e-06,1.153160142657827462e-06,1.125311287874133998e-06,1.097355865074541185e-06,1.069428549298930201e-06,1.080933104688420643e-06,1.053752707772885425e-06,1.026890900123443499e-06,1.040170024591435366e-06,1.014378817240334486e-06,9.891965661179135781e-07,1.004498116644767855e-06,9.805204112023208108e-07,9.576019136714834660e-07,9.357047434539596261e-07,9.533434775805523574e-07,9.332165633167831895e-07,9.143555313752636847e-07,9.338301111320049204e-07,9.169392468847784509e-07,9.015189516057098676e-07,8.876632018717994630e-07,9.093962621299254540e-07,8.977010365677498238e-07,8.876994276149011600e-07,9.108867895626624650e-07,9.030592720624632212e-07,8.969903425082828296e-07,8.927067376307013943e-07,9.173647782676434834e-07,9.151437281784882101e-07,9.146711487394127056e-07,9.399819112130767766e-07,9.413554006081049602e-07,9.443681617655331622e-07,9.651345607532588676e-07,9.744189366594016147e-07,9.804303508215986101e-07,9.878215966658433682e-07,1.012759399517712746e-06,1.021139933688761419e-06,1.030636365030443442e-06,1.054491231407802193e-06,1.064496338567586601e-06,1.075310456299768055e-06,1.086801308031475530e-06,1.108305067460002102e-06,1.119587537513987475e-06,1.131205948191642946e-06,1.150283392335421576e-06,1.161168123063346929e-06,1.172049444979742216e-06,1.186281875385134212e-06,1.197828482370833750e-06,1.207158825924302142e-06,1.216043678813387664e-06,1.227539234210938223e-06,1.234601073948928025e-06,1.240959526404413330e-06,1.248575130478998816e-06,1.252787146524609069e-06,1.256099282122681785e-06,1.258446029471758696e-06,1.260555888072267282e-06,1.260475592235147165e-06,1.260475592235147165e-06,1.259341399178509750e-06,1.257231540578001165e-06,1.253613613605475341e-06,1.248916813762506811e-06,1.243149669715969503e-06,1.235534065641384017e-06,1.227392815924041135e-06,1.218263095141009924e-06,1.206767539743459365e-06,1.195472188509891540e-06,1.183331249559175709e-06,1.169674377271021440e-06,1.154284354614906852e-06,1.139621412024061053e-06,1.124385894335331721e-06,1.105308450191553091e-06,1.088716289730273858e-06,1.071785488129870832e-06,1.050281728701344260e-06,1.032419139153376203e-06,1.014464491370804163e-06,9.965087659688329376e-07,9.726538995914741866e-07,9.543601944482626930e-07,9.363044982449176156e-07,9.113666953930482381e-07,8.933970568180447342e-07,8.758850559108524846e-07,8.569823935898972364e-07,8.333993251849221400e-07,8.170121711932625003e-07,8.013271127384752414e-07,7.760163502648111704e-07,7.612498939271798925e-07,7.473216171350046510e-07,7.226635764980625618e-07,7.099121213226057328e-07,6.980920168529201243e-07,6.872152144096468238e-07,6.640278524618857305e-07,6.545551162270889750e-07,6.460573734674086647e-07,6.243243132092826736e-07,6.173255186636894136e-07,6.112918348034646418e-07,6.061959248677052624e-07,5.867213451109640267e-07,5.831333178716469005e-07,5.804226170494754814e-07,5.627838829228827501e-07,5.615311666206344018e-07,5.610656795519651321e-07,5.614030427350281475e-07,5.462031536738283248e-07,5.477720121981965845e-07,5.499550576516646377e-07,5.366759331836557245e-07,5.400141139013684899e-07,5.438335220182451271e-07,5.323289666285668555e-07,5.371343089628085369e-07,5.422809417279838246e-07,5.477057098487017321e-07,5.383885829052267413e-07,5.445385097802159928e-07,5.508280174552474623e-07,5.429877448767569638e-07,5.498164209787349963e-07,5.566521315422785389e-07,5.673319267836731197e-07,5.573285290350584680e-07,5.644072667547592343e-07,5.713224593307425262e-07,5.663211769382729367e-07,5.733638804142867126e-07,5.801400344130042883e-07,5.760957682663490649e-07,5.828538413667830718e-07,5.892576195844413143e-07,5.952766998741608820e-07,5.922844862580471855e-07,5.981178767119493864e-07,6.035021844375057577e-07,6.011470447405125492e-07,6.062486764810456615e-07,6.108527108773327228e-07,6.218434102823171898e-07,6.132649756868468620e-07,6.169788618899462377e-07,6.273534719869512567e-07,6.260651445440356113e-07,6.363881142644028538e-07,6.465051993838321182e-07,6.455294491073701053e-07,6.554972776032061312e-07,6.651890327019672510e-07,6.745749634928037573e-07,6.739140338664362445e-07,6.830289129544368503e-07,6.917763258868789399e-07,6.912905257510272586e-07,6.996932034733678161e-07,7.076731814042213094e-07,7.152070998525518649e-07,7.148929466730999830e-07,7.219927587191568274e-07,7.286007264421850658e-07,7.283799281461274953e-07,7.345027729577615571e-07,7.400947679824721252e-07,7.451399408218590302e-07,7.450094716880580042e-07,7.495112070428381391e-07,7.534371643662331026e-07,7.533557995732674766e-07,7.567084331339008587e-07,7.594633041142215130e-07,7.594197138287615181e-07,7.615795522840387184e-07,7.631266062559431827e-07,7.640562869349142579e-07,7.640508221013858533e-07,7.643667082177914185e-07,7.640632261778747252e-07,7.640801693038533509e-07,7.631601027155247942e-07,7.616198348980864751e-07,7.594629528295019730e-07,7.595046168790869046e-07,7.567418200450092891e-07,7.533740665243161551e-07,7.534318316402785729e-07,7.494724042463912293e-07,7.449258183926569567e-07,7.449984125344023218e-07,7.398805470407023195e-07,7.341990839280122141e-07,7.279678572874335714e-07,7.280590247947581790e-07,7.212976283767283375e-07,7.140178098084014457e-07,7.141223500839421756e-07,7.063459171198557253e-07,6.980869427680310288e-07,6.893649026804908853e-07,6.894867678060427866e-07,6.803262987792073886e-07,6.707443331858549942e-07,6.708788565579126126e-07,6.609015114317535222e-07
1.652256072331103424e-06,1.652122617879636321e-06,1.675971292530539053e-06,1.698773145425265210e-06,1.698652280086432982e-06,1.720359136848240045e-06,1.740916394774051420e-06,1.760275920528355654e-06,1.760172236106139557e-06,1.778292698292619778e-06,1.795126671076527364e-06,1.795036205347072501e-06,1.810547872140845783e-06,1.824695436285033193e-06,1.837444641406752654e-06,1.837372462271350213e-06,1.848697032651445851e-06,1.858564660738239616e-06,1.858507011110447796e-06,1.866898609596624178e-06,1.873788672074110882e-06,1.873746719581131216e-06,1.879123958451013088e-06,1.882969866372986057e-06,1.885275142125188516e-06,1.885257130498556711e-06,1.886019632500236574e-06,1.885241798234598027e-06,1.885245340495832024e-06,1.882927333024512446e-06,1.879071329521938533e-06,1.873687565434002159e-06,1.873727545151295144e-06,1.866841104580193945e-06,1.858459837607729805e-06,1.858535728753705884e-06,1.848695551141802459e-06,1.837409051113460155e-06,1.837531457136846704e-06,1.824846311991960335e-06,1.810778471915339833e-06,1.795364193702563028e-06,1.795571897764297763e-06,1.778877398934509629e-06,1.760921249060848993e-06,1.761216920392141462e-06,1.742080142892522618e-06,1.721779749182467301e-06,1.700367512733030729e-06,1.700824698035884023e-06,1.678405129810724845e-06,1.654989309269715943e-06,1.655611149882127189e-06,1.631323323851178071e-06,1.606165445713416130e-06,1.580201016254378825e-06,1.581118741500885203e-06,1.554503247433456117e-06,1.527220407397738489e-06,1.528431911239890404e-06,1.500664146896823711e-06,1.472375702609471367e-06,1.473956620738356469e-06,1.461465064299190260e-06,1.447502390194151068e-06,1.416890181439144442e-06,1.434296977167684272e-06,1.417626449531662575e-06,1.385418249605773534e-06,1.402372741177280416e-06,1.383167392963397096e-06,1.349697637278607110e-06,1.328563882327466041e-06,1.344691540307887828e-06,1.322007178887467545e-06,1.287235283312502978e-06,1.302914705117606428e-06,1.278399846098615794e-06,1.243410248718300180e-06,1.258699129268201156e-06,1.232761525778553042e-06,1.206077850601902135e-06,1.171503591096523353e-06,1.186152126903748314e-06,1.158744194749453089e-06,1.125245067455660891e-06,1.139741589724525573e-06,1.112153917801768708e-06,1.080289636077770698e-06,1.053320499114042261e-06,1.067591023139267144e-06,1.040541240629580661e-06,1.011872712619234142e-06,1.026363905208315118e-06,1.000589469321256536e-06,9.748737762838429969e-07,9.897557560613324385e-07,9.658419211723280642e-07,9.427616686517449171e-07,9.220034117937378554e-07,9.374617531909852678e-07,9.170429168426724228e-07,9.002327551839296011e-07,9.164456802832921048e-07,8.991382107221421827e-07,8.865075023819298092e-07,8.724822949112410603e-07,8.897158257735461139e-07,8.774425466739658239e-07,8.709980930650808980e-07,8.891376053960499750e-07,8.806512822233849083e-07,8.784288790340803393e-07,8.735216078278506244e-07,8.927331577864085141e-07,8.897815272154066703e-07,8.932757344600308454e-07,9.131591659483758808e-07,9.138092321261937957e-07,9.207071125054982479e-07,9.410059337187144413e-07,9.448854442498162505e-07,9.502437323041333763e-07,9.611895319889531445e-07,9.815609421684863264e-07,9.894065281778025606e-07,1.002177287218824394e-06,1.022071608144161040e-06,1.031704161734034265e-06,1.045489781516687636e-06,1.056479831013409131e-06,1.075045095144427670e-06,1.086229032535374098e-06,1.100340988652315427e-06,1.117226083791470059e-06,1.128251202232367052e-06,1.141370178280069134e-06,1.156041612860044847e-06,1.166084904636145061e-06,1.175894716444705570e-06,1.186674192015666705e-06,1.197700115098608272e-06,1.205486858201430061e-06,1.213584219317521679e-06,1.221331917619521285e-06,1.226491816443969556e-06,1.231406575270354921e-06,1.234676536271211926e-06,1.237657028410573174e-06,1.238768553552720616e-06,1.238988034591264699e-06,1.238988034591264699e-06,1.238183087957022096e-06,1.235873321610434190e-06,1.232339378360294096e-06,1.227769077713585529e-06,1.222010841136575330e-06,1.215242028530736253e-06,1.206817588974140076e-06,1.197540880049325936e-06,1.187595362686783185e-06,1.175717696687701870e-06,1.163272904916541436e-06,1.150532259185501336e-06,1.137089263835616002e-06,1.121201522146553187e-06,1.105375949921334398e-06,1.089851610971874326e-06,1.071462738440391666e-06,1.053727632554093418e-06,1.036739969436054041e-06,1.016369050987844429e-06,9.987021744602441539e-07,9.795799686396285431e-07,9.618509141891073917e-07,9.397154607597372506e-07,9.202514482483810397e-07,9.026051820984151699e-07,8.797451905482490052e-07,8.605984342317023693e-07,8.436454782731764586e-07,8.272565558486304062e-07,8.042154081297212459e-07,7.866330197634830366e-07,7.716431362828178823e-07,7.489544328130331801e-07,7.330243409851384953e-07,7.198523105733789349e-07,6.978757499347798806e-07,6.858651995121298195e-07,6.729861556037308014e-07,6.628840628306262715e-07,6.422559592907092125e-07,6.318618415561321896e-07,6.241206539059612868e-07,6.047337289019547355e-07,5.983266512417268575e-07,5.916839919460835374e-07,5.872741342516069595e-07,5.696329332781113548e-07,5.657200557107063300e-07,5.636258513996164426e-07,5.473598195767966982e-07,5.461255798845102220e-07,5.461947562861096142e-07,5.469639296417919215e-07,5.323794917274377315e-07,5.345971300959198119e-07,5.371927723038488813e-07,5.238283369139750713e-07,5.282898735451418190e-07,5.324335583078101316e-07,5.201712832369331418e-07,5.249365015154929231e-07,5.319997190102610487e-07,5.376373272014217154e-07,5.265263350425963177e-07,5.351443671458518459e-07,5.415738827610873181e-07,5.312372894305705082e-07,5.410973869709832375e-07,5.480102534979614710e-07,5.548596488613587365e-07,5.452387933287796432e-07,5.562017771778039201e-07,5.631304110870485662e-07,5.539768460889676642e-07,5.654474240104827709e-07,5.722011196696991199e-07,5.634037632249259671e-07,5.698598308651920771e-07,5.814643436411644463e-07,5.874341280319884166e-07,5.788920456446045907e-07,5.903900128874752485e-07,5.957132937496001365e-07,5.873449109038886977e-07,5.985309219077603449e-07,6.030704142604892393e-07,6.071048952685180721e-07,6.055239557933233675e-07,6.161203863699101520e-07,6.265790688703774371e-07,6.253675255049635778e-07,6.357605149782608319e-07,6.459413528086082571e-07,6.450235588679765556e-07,6.550439916380871704e-07,6.647834173126028644e-07,6.742124779191117310e-07,6.735905054942518417e-07,6.827405132453329742e-07,6.915195471056203883e-07,6.910621585519775848e-07,6.994903153942043194e-07,7.074930963033685015e-07,7.150473783158222217e-07,7.147513674051164829e-07,7.218673009261983316e-07,7.284895532051259690e-07,7.282813707750898338e-07,7.344153163139241584e-07,7.400170367471514308e-07,7.450706866884197158e-07,7.449475614484059051e-07,7.494556115371146060e-07,7.533869482618364574e-07,7.533101119374042615e-07,7.566664987624800148e-07,7.594244155789817822e-07,7.593832242040288591e-07,7.615448685143910968e-07,7.630931831262698399e-07,7.640236216048541983e-07,7.640184491668738751e-07,7.643341952633882695e-07,7.640301697846825052e-07,7.640461914790762922e-07,7.631248477111085909e-07,7.615829663873226302e-07,7.594241514119960081e-07,7.594635778860396660e-07,7.566982516183275941e-07,7.533276879446376229e-07,7.533823718805547642e-07,7.494196007291989396e-07,7.448694159309091881e-07,7.449381624365771942e-07,7.398162063631126664e-07,7.341304148579815789e-07,7.278946266425288468e-07,7.279810036244533053e-07,7.212145916540271349e-07,7.139295362000406465e-07,7.140286217888222184e-07,7.062465197663049766e-07,6.979816653614059946e-07,6.892535375934500502e-07,6.893691108046036763e-07,6.802021490784110340e-07,6.706134935295231890e-07,6.707411333175880321e-07
1.651993244649259304e-06,1.675848532856222603e-06,1.698656803244815433e-06,1.698542156035488510e-06,1.720255028346167744e-06,1.740818096087066221e-06,1.760183222804666071e-06,1.760084927377306327e-06,1.778210563434653756e-06,1.795049491723527315e-06,1.794963759749440462e-06,1.810479934959271293e-06,1.824631778310563087e-06,1.837385029196299446e-06,1.837316657686988759e-06,1.848644792290773528e-06,1.858515735241944462e-06,1.858461144332040039e-06,1.866855537618041440e-06,1.873748122049609261e-06,1.873708408390531485e-06,1.879087591141983815e-06,1.882935134370629830e-06,1.885241721185748404e-06,1.885224678382607447e-06,1.885987786339267378e-06,1.885210171563446015e-06,1.885213519922019700e-06,1.882894874504177350e-06,1.879037754210754160e-06,1.873652355080299589e-06,1.873690136997527999e-06,1.866800885737966015e-06,1.858416138870882385e-06,1.858487817813443892e-06,1.848642625167588547e-06,1.837350228663441578e-06,1.837465769361958996e-06,1.824772693098612875e-06,1.810695748852771082e-06,1.795271075042616970e-06,1.795466961743548295e-06,1.778759080631415865e-06,1.760787826683997986e-06,1.761066500659666284e-06,1.741910645487542816e-06,1.721588890274914386e-06,1.700152787564531351e-06,1.700583362571538728e-06,1.678134181469653172e-06,1.654685466755176055e-06,1.655270832141889797e-06,1.630942628209641894e-06,1.605740125228710021e-06,1.579726456366395464e-06,1.580589936049818958e-06,1.553914774142946633e-06,1.526566402932097517e-06,1.527706045961075570e-06,1.499859599463723341e-06,1.471485134579606945e-06,1.472972151350165122e-06,1.444273781296127330e-06,1.415198449028634377e-06,1.400590301148209223e-06,1.417654461994457418e-06,1.386863248288128099e-06,1.369710134114486360e-06,1.386320004655974399e-06,1.354107881487714990e-06,1.334597637515571277e-06,1.313873676136748644e-06,1.317457706614263194e-06,1.295842320247523290e-06,1.273141148185970437e-06,1.288463459564528122e-06,1.254175174340194201e-06,1.229843985450376163e-06,1.244759432375468041e-06,1.210464035317120215e-06,1.184911683965252916e-06,1.158715208326981105e-06,1.172965862713748156e-06,1.139393331237831076e-06,1.112666490225550841e-06,1.126734580455996821e-06,1.094435609420297489e-06,1.067709785842326393e-06,1.040934846025951654e-06,1.051252721886950768e-06,1.025086930002456141e-06,9.991384221342358014e-07,1.013114988417993646e-06,9.860518202240750518e-07,9.615017184673293708e-07,9.758251356284955398e-07,9.518221430510663465e-07,9.292229201548409675e-07,9.074977418208448635e-07,9.223428746318080515e-07,9.033869660659935518e-07,8.843584359075380459e-07,8.999215264297476758e-07,8.849078484206854543e-07,8.689860893879029753e-07,8.544723608013684867e-07,8.744718925424773299e-07,8.619659446247925580e-07,8.510083634786884272e-07,8.684582699191192130e-07,8.635827015622365534e-07,8.563130940476891426e-07,8.507132247064940556e-07,8.737810371207138775e-07,8.701866847591126483e-07,8.682569318367407079e-07,8.875210729966276147e-07,8.920557487700432539e-07,8.935649848017169388e-07,9.133229823623349061e-07,9.209727598388173863e-07,9.255386133073986982e-07,9.314997307758224338e-07,9.514783429760419033e-07,9.627369655886269705e-07,9.710134443170969054e-07,9.906649603118123603e-07,1.003427417357639154e-06,1.013333501598966831e-06,1.024034450811912302e-06,1.045656028873696855e-06,1.056429999627559975e-06,1.067690428000191182e-06,1.084776230570378791e-06,1.098177256421537808e-06,1.109188833812842618e-06,1.124277751522636111e-06,1.136457512817491060e-06,1.146433355467623302e-06,1.156148090618006031e-06,1.167881450550304725e-06,1.177485336064033480e-06,1.185174201229979831e-06,1.193834198718378885e-06,1.200664440162191952e-06,1.205755229686610065e-06,1.210021480425704413e-06,1.214635662156989685e-06,1.216703072295069283e-06,1.217812866388060830e-06,1.218281389401806791e-06,1.218281389401806791e-06,1.217262078708417967e-06,1.215025334737624464e-06,1.211754792394572405e-06,1.207140610663287133e-06,1.201544070624141777e-06,1.194944612342215531e-06,1.187067568374997282e-06,1.177715818839520146e-06,1.168006745042538087e-06,1.156924955222339889e-06,1.144315698443651483e-06,1.131861629514354357e-06,1.118709227370982741e-06,1.104109095389120164e-06,1.087775644790953164e-06,1.072560677683740332e-06,1.055897980358455029e-06,1.037283274195687374e-06,1.020598348363173168e-06,1.003721740273124824e-06,9.821001622113402707e-07,9.645773168689998239e-07,9.470926406146442571e-07,9.282031338527252166e-07,9.063101944882913425e-07,8.888469684563174884e-07,8.700340015353377639e-07,8.475816058451718261e-07,8.307335966834900985e-07,8.144107930829193006e-07,7.968312779865579041e-07,7.743710910350110534e-07,7.593566111994392344e-07,7.431997713496299494e-07,7.211875863617699350e-07,7.078972372510439049e-07,6.954433171397849482e-07,6.723755047255651262e-07,6.611271599261214284e-07,6.507831166450630583e-07,6.397161361447475275e-07,6.198701695854246862e-07,6.118102661783310172e-07,6.046711130238272898e-07,5.846715812827184465e-07,5.789685505500316803e-07,5.741620317861725280e-07,5.693217045239294295e-07,5.524365952607586416e-07,5.499081887337133560e-07,5.476992824148670003e-07,5.321504253437308574e-07,5.317666593408199127e-07,5.320890302499317590e-07,5.333308510720911215e-07,5.193970671199901648e-07,5.215543282490178776e-07,5.250706127127505634e-07,5.122997974703169031e-07,5.160310056044185064e-07,5.201740916589491182e-07,5.098562157976191316e-07,5.148719964040026262e-07,5.201689452548137848e-07,5.280158480453012933e-07,5.173653916755476758e-07,5.235134860926548696e-07,5.326995610605297102e-07,5.227703582864101525e-07,5.294701874770579878e-07,5.361452275215828683e-07,5.465879770729438237e-07,5.373143752282636003e-07,5.441445176199812407e-07,5.552050226421909475e-07,5.463584330650815219e-07,5.530917018222878469e-07,5.595544205151715238e-07,5.559703888765321396e-07,5.623839244342462940e-07,5.684489567435035605e-07,5.797938039439443263e-07,5.714902104472922764e-07,5.769816660664819524e-07,5.881091989888409194e-07,5.799577377625374500e-07,5.847332989837749499e-07,5.954604619972376086e-07,6.061204247479210729e-07,6.046333866891636703e-07,6.153158380236924879e-07,6.258532029790255397e-07,6.247135209104111790e-07,6.351720422771881290e-07,6.454125489604608086e-07,6.445490019613301045e-07,6.546186759578705229e-07,6.644027288337727421e-07,6.738721703361819457e-07,6.732866768806896178e-07,6.824695834222957060e-07,6.912782357858768342e-07,6.908474643121478748e-07,6.992994955166943227e-07,7.073236475185619394e-07,7.148970184652275638e-07,7.146180180372250196e-07,7.217490708287807924e-07,7.283847228705402733e-07,7.281883777888608948e-07,7.343327416513530654e-07,7.399435919579619142e-07,7.450052019454241696e-07,7.448889744328087217e-07,7.494029571303301075e-07,7.533393490115287162e-07,7.532667692638054472e-07,7.566266848698709752e-07,7.593874660364669310e-07,7.593485311593733238e-07,7.615118745046534580e-07,7.630613754492311398e-07,7.639925272157629115e-07,7.639876300657652589e-07,7.643032443391592414e-07,7.639987070831789334e-07,7.640138608636458009e-07,7.630913138853672076e-07,7.615479122512463663e-07,7.593872757238669327e-07,7.594245932042184178e-07,7.566568824982864733e-07,7.532836693681457191e-07,7.533354478953486553e-07,7.493695232788967777e-07,7.448159438563040096e-07,7.448810606307960939e-07,7.397552450644170254e-07,7.340653690652325923e-07,7.278252756395257958e-07,7.279071306004824909e-07,7.211359834090276019e-07,7.138459829238013293e-07,7.139399169045713781e-07,7.061524598299408083e-07,6.978820500084460017e-07,6.891481695265454607e-07,6.892577958151821934e-07,6.800846960966714737e-07,6.704897146976158444e-07
1.675732367403114727e-06,1.698546706013244990e-06,1.698437937307781268e-06,1.720156495482132540e-06,1.740725053581021455e-06,1.760095472315667134e-06,1.760002267727134535e-06,1.778132790567516638e-06,1.794976398620754984e-06,1.794895136291740484e-06,1.810415567728344673e-06,1.824571450321056673e-06,1.837328519548188900e-06,1.837263741127558550e-06,1.848595238674366400e-06,1.858469308874603363e-06,1.858417603187075566e-06,1.866814632407395735e-06,1.873709595134696583e-06,1.873671992514984168e-06,1.879053007967450999e-06,1.882902092795460682e-06,1.885209915425053032e-06,1.885193785786829419e-06,1.885957464927047167e-06,1.885180057243209145e-06,1.885183223375398638e-06,1.882863977703099696e-06,1.879005806538814408e-06,1.873618869027901151e-06,1.873654583399254539e-06,1.866762688519764859e-06,1.858374669273903754e-06,1.858442388060867672e-06,1.848592481540457325e-06,1.837294543951490928e-06,1.837403634655703268e-06,1.824703108889549050e-06,1.810617615409567456e-06,1.795183182032560331e-06,1.795367977070429502e-06,1.778647538463434038e-06,1.760662114648231280e-06,1.760924846183239562e-06,1.741751101269845598e-06,1.721409318880135704e-06,1.699950845129438830e-06,1.700356481629844866e-06,1.677879552901537826e-06,1.654400020878596847e-06,1.654951218971219734e-06,1.630585196916963546e-06,1.605340902853761397e-06,1.579281125832701463e-06,1.580093813556963785e-06,1.553362786018196732e-06,1.525953062038660773e-06,1.527025427775119603e-06,1.499105317947815350e-06,1.470650317996403649e-06,1.472049418176875259e-06,1.443255216417382451e-06,1.414075580402806599e-06,1.384581836646147031e-06,1.386542358959661122e-06,1.371076128154242055e-06,1.354288736241078818e-06,1.356781496463668883e-06,1.338903753978593430e-06,1.319783392077755241e-06,1.287513751471064424e-06,1.302838955608552733e-06,1.281624940659289137e-06,1.248621778692522502e-06,1.263515262958254666e-06,1.240509695625345513e-06,1.216578303330818978e-06,1.221701126916183178e-06,1.197267437994816579e-06,1.172087826863776946e-06,1.138971467151147274e-06,1.152851474403038555e-06,1.126870391281450646e-06,1.100453330525282605e-06,1.108321677923520032e-06,1.082032285811850467e-06,1.055545237224629729e-06,1.025307042627316496e-06,1.038750175781611411e-06,1.012735613451372392e-06,9.846271057520270089e-07,9.982356958774556424e-07,9.732487306575557089e-07,9.487037041700594478e-07,9.616929048084784726e-07,9.382821466283913079e-07,9.155708855576525248e-07,8.945320878533187826e-07,9.089558726503502182e-07,8.885842486859197475e-07,8.692693768818648089e-07,8.862580926596650344e-07,8.686710670653602535e-07,8.523454499303006147e-07,8.404939704934465401e-07,8.565486132770340119e-07,8.435336248007203098e-07,8.357412091444246062e-07,8.526729250152416637e-07,8.431755468549900277e-07,8.352727034441094848e-07,8.332817304089554843e-07,8.512909823013836502e-07,8.470160394125466045e-07,8.488042292425379502e-07,8.675502352119735569e-07,8.667738312611967430e-07,8.675828780649847926e-07,8.912624445267563164e-07,8.937069478453302156e-07,8.976175294036911877e-07,9.070345880028767983e-07,9.266280904894894213e-07,9.331618402143431468e-07,9.409030868541288986e-07,9.640370377014389889e-07,9.725959453608917495e-07,9.821130141540302670e-07,9.955902860293757000e-07,1.014068475829317731e-06,1.024635648139795626e-06,1.038394858190503920e-06,1.055576906817310117e-06,1.066422629288439386e-06,1.077514079741784437e-06,1.095060910570046588e-06,1.105407120111755441e-06,1.115695952623668981e-06,1.127305280728503264e-06,1.139606321797914374e-06,1.148370322700647452e-06,1.156686150767969225e-06,1.167222422976143681e-06,1.173828940298005715e-06,1.179761068687856326e-06,1.185541223046425508e-06,1.190674155091300667e-06,1.193767344826698044e-06,1.196273289886790209e-06,1.197888681984223824e-06,1.197840974647782605e-06,1.197840974647782605e-06,1.196813960618364915e-06,1.194694618191295544e-06,1.191568958654516759e-06,1.187254099120602973e-06,1.181582021143773197e-06,1.174972057966742144e-06,1.167474125874065679e-06,1.159055091862470848e-06,1.148518819654296391e-06,1.138093643792534505e-06,1.126873208675360302e-06,1.113646261209225832e-06,1.100109119404504822e-06,1.086519407756075463e-06,1.072375958272162194e-06,1.054829127443900043e-06,1.039395959041117529e-06,1.023617479307427237e-06,1.004861602799995250e-06,9.871079354136006060e-07,9.702950813502484381e-07,9.499644354041358952e-07,9.313778547393843938e-07,9.141479928177636031e-07,8.970946015483254638e-07,8.739606507010154794e-07,8.569173573590174236e-07,8.402533737136461988e-07,8.182227374690791761e-07,8.002694144271789353e-07,7.845332689139169393e-07,7.694082610558311151e-07,7.457286945940595913e-07,7.313878231161964867e-07,7.177911816503391052e-07,6.964147571208395977e-07,6.820592964030294414e-07,6.703348746648872400e-07,6.497808972009451834e-07,6.375447517769871928e-07,6.279384542308919701e-07,6.192302547388835572e-07,6.000846061655716907e-07,5.912351077343115274e-07,5.847950312172516390e-07,5.668851745216487671e-07,5.605930499370042194e-07,5.564354703088803086e-07,5.531176700595492592e-07,5.361289542817490337e-07,5.341829441816826065e-07,5.330054632191647319e-07,5.180759350934965709e-07,5.178526749442837715e-07,5.186480970722228806e-07,5.200662177576860717e-07,5.070770171192631295e-07,5.096238934900479671e-07,5.126780169615645718e-07,5.004218958689175478e-07,5.053802724545541667e-07,5.098008199689572837e-07,4.985421443061674285e-07,5.052721575875361057e-07,5.107702092637667786e-07,5.164672135041793353e-07,5.085988661009685547e-07,5.148791693940950673e-07,5.212350186407045697e-07,5.116879205827771139e-07,5.214101978026338442e-07,5.281416881446981075e-07,5.347856045211894587e-07,5.296627807957398800e-07,5.365042341065553414e-07,5.431572919251675226e-07,5.346368205188326483e-07,5.456855493897703753e-07,5.521189446685915645e-07,5.439034371636954370e-07,5.551093342593111613e-07,5.611241040742524922e-07,5.667627572510753054e-07,5.642699930623782962e-07,5.696991032931498986e-07,5.746985301236097868e-07,5.727379992245482485e-07,5.836104293601508294e-07,5.944418960747741793e-07,6.051976905371676795e-07,6.037985691505323039e-07,6.145615557393175620e-07,6.251725843518586862e-07,6.241001800855850572e-07,6.346200549632699402e-07,6.449164283110920604e-07,6.441036746610413372e-07,6.542194586396818067e-07,6.640453049406422961e-07,6.735525675235143119e-07,6.730012450430342709e-07,6.822149734140999084e-07,6.910513788937342741e-07,6.906455525244388267e-07,6.991199626258406665e-07,7.071641510813373549e-07,7.147554226376466069e-07,7.144923772924806694e-07,7.216376145594749718e-07,7.282858408700368427e-07,7.281006066009426018e-07,7.342547517724533666e-07,7.398741758720240434e-07,7.449432629678715937e-07,7.448335163371520172e-07,7.493530745285356456e-07,7.532942184573904250e-07,7.532256410471525167e-07,7.565888754684563056e-07,7.593523511917852381e-07,7.593155395423934350e-07,7.614804819374988829e-07,7.630310996491474031e-07,7.639629230282463072e-07,7.639582851544597326e-07,7.642737753010215164e-07,7.639687559584392349e-07,7.639830920112298393e-07,7.630594111956629027e-07,7.615145766693830039e-07,7.593522230579960257e-07,7.593875521946389992e-07,7.566175931246124814e-07,7.532418813730717783e-07,7.532909195049119352e-07,7.493220201004452013e-07,7.447652379366688838e-07,7.448269296584072963e-07,7.396974717003008184e-07,7.340037403889785952e-07,7.277595826974113192e-07,7.278371680439814265e-07,7.210615492129229404e-07,7.137668781740491463e-07,7.138559456469404938e-07,7.060634289712730979e-07,6.977877692631471007e-07,6.890484514016289158e-07,6.891524556278505844e-07,6.799735520190311767e-07
1.698442493827797886e-06,1.698339283737151167e-06,1.720063217330571689e-06,1.740636965050255368e-06,1.760012385030587860e-06,1.759923990730750432e-06,1.778059130279495828e-06,1.794907158753294442e-06,1.794830117715824195e-06,1.810354568282747653e-06,1.824514264555686151e-06,1.837274938392547155e-06,1.837213551474242830e-06,1.848548222866607007e-06,1.858425244085879987e-06,1.858376260679823066e-06,1.866775776656757022e-06,1.873672982802159881e-06,1.873637371255596089e-06,1.879020115053101919e-06,1.882870653535520234e-06,1.885179641364387345e-06,1.885164372659971973e-06,1.885928590346032197e-06,1.885151378095315121e-06,1.885154372905814327e-06,1.882834562256327215e-06,1.878975401931471916e-06,1.873587016524518865e-06,1.873620785261682207e-06,1.866726403099941221e-06,1.858335305619042507e-06,1.858399299999555380e-06,1.848544961217840891e-06,1.837241814781625085e-06,1.837344843659303029e-06,1.824637318385876365e-06,1.810543794032002503e-06,1.795100195038624007e-06,1.795274575918655916e-06,1.778542349631600269e-06,1.760543627670062448e-06,1.760791400883869857e-06,1.741600874184068066e-06,1.721240308841866501e-06,1.699760858025866808e-06,1.700143114319506700e-06,1.677640176302048861e-06,1.654131762237034536e-06,1.654650943338207805e-06,1.630249487854362027e-06,1.604966042415538846e-06,1.578863073869065142e-06,1.579628186403124845e-06,1.552844834641252843e-06,1.525377649728948891e-06,1.526387007481998269e-06,1.498397909374113339e-06,1.469867484580667659e-06,1.471184244107968972e-06,1.442300283841849541e-06,1.413022947001584990e-06,1.383423013773586621e-06,1.385268290554209270e-06,1.355573146239774260e-06,1.325708099650907250e-06,1.341491582478515751e-06,1.323980943987483034e-06,1.292853888172957307e-06,1.273497406716112016e-06,1.288502984244237347e-06,1.256449053875097383e-06,1.235176839016358742e-06,1.249741649805693999e-06,1.217142679795771025e-06,1.194263160669735534e-06,1.208430508708462664e-06,1.184376076513674106e-06,1.151589198482414810e-06,1.126816429180673760e-06,1.140332809604703193e-06,1.108101195846784366e-06,1.082708290021725154e-06,1.096022835694875446e-06,1.070007936435465264e-06,1.039310675618743824e-06,1.013666748654965268e-06,1.026679715493804595e-06,9.977652646788827122e-07,9.727399901705528672e-07,9.858795384928186474e-07,9.592374164053726595e-07,9.353621504935911882e-07,9.487867184471852415e-07,9.253373974896554336e-07,9.026694974748950016e-07,8.812068182731022544e-07,8.950674822647725518e-07,8.757129302919560959e-07,8.566353425180124922e-07,8.711443292169415334e-07,8.532364846189057326e-07,8.391229624899386900e-07,8.241016201421937778e-07,8.395174711694551091e-07,8.293103682062976974e-07,8.175554310240600959e-07,8.338347119145948219e-07,8.275806569660837989e-07,8.192651165232600244e-07,8.125027861796603445e-07,8.298662589715324809e-07,8.291893198381138427e-07,8.259329985324777936e-07,8.440664151959041416e-07,8.469507672162064569e-07,8.470499279470499139e-07,8.657778490324686193e-07,8.675600684440032918e-07,8.749916794618003292e-07,8.795457080958588306e-07,8.987042158766365478e-07,9.085684312999061119e-07,9.155836409047135806e-07,9.346524949690801933e-07,9.427444098737879015e-07,9.551855548008394606e-07,9.649586435880497456e-07,9.833318308554433747e-07,9.965471029921549790e-07,1.007242750283084692e-06,1.024501613733113286e-06,1.037729268138550774e-06,1.048603219568785519e-06,1.064259042442923263e-06,1.074764023152370751e-06,1.087053073545677749e-06,1.097267872485609059e-06,1.110113709561271176e-06,1.120693424549186932e-06,1.129361942874507678e-06,1.139535211304939263e-06,1.146825128785866648e-06,1.154329060890730390e-06,1.160174183444265153e-06,1.166290908073729779e-06,1.170840106234061972e-06,1.173892811081113957e-06,1.176639706315814460e-06,1.177930307897150737e-06,1.177905706897918589e-06,1.177905706897918589e-06,1.176918740351788362e-06,1.175061034620319795e-06,1.171824160657120878e-06,1.167623219703743242e-06,1.162331706171077468e-06,1.155672040934084230e-06,1.148358472818952121e-06,1.139821374415195758e-06,1.130640000787963058e-06,1.119718586356065258e-06,1.108751927285337105e-06,1.096454690041993744e-06,1.082657668273853791e-06,1.069356731928565521e-06,1.054710024387433486e-06,1.040276236339280529e-06,1.023297728506061345e-06,1.007811081629294208e-06,9.909683583426046158e-07,9.721159711917123501e-07,9.555756909967368293e-07,9.377059802302033581e-07,9.174692122577915356e-07,9.004706914027138551e-07,8.821812940160926841e-07,8.654755470884058195e-07,8.441791990412309555e-07,8.276528253474367223e-07,8.098923653428389256e-07,7.883183211327912659e-07,7.726413758398115417e-07,7.558100869819450568e-07,7.413068832689169542e-07,7.200071453666793648e-07,7.063466999993259890e-07,6.916769430742057891e-07,6.709732048987634806e-07,6.590985699360861429e-07,6.463654257635221800e-07,6.265309478491239342e-07,6.166928490927449827e-07,6.077248477416266303e-07,5.981781089357418005e-07,5.797743152954373018e-07,5.730082804978650303e-07,5.659086751976574420e-07,5.487333318485992474e-07,5.441975687584712933e-07,5.396117740169512755e-07,5.368859532672222411e-07,5.213568509935329729e-07,5.197621080329680712e-07,5.186113295049505519e-07,5.043390462134523642e-07,5.047063962119853743e-07,5.058923020627593428e-07,5.077226704632752409e-07,4.949418634116694922e-07,4.975899136891491288e-07,5.016743286097413736e-07,4.899552263020769049e-07,4.939987596121683940e-07,4.999148171729476484e-07,4.891381232078908086e-07,4.943018108087939364e-07,5.017867106136138269e-07,5.076410487634377318e-07,4.978224078002375432e-07,5.039309472605893495e-07,5.130492630536619508e-07,5.038680116769288884e-07,5.104174404291806542e-07,5.204254907179378805e-07,5.270998532390797059e-07,5.184867961372674632e-07,5.250650214962940941e-07,5.357566919851244525e-07,5.275124975631879138e-07,5.339434943756292517e-07,5.448926709495466465e-07,5.369232525533213717e-07,5.430072498780449044e-07,5.539863030148561992e-07,5.595699798828149580e-07,5.517806626334387674e-07,5.625872931892917313e-07,5.734244609262913962e-07,5.715791754744947399e-07,5.825577950174027603e-07,5.934869625297958617e-07,6.043325155255798973e-07,6.030157348967813024e-07,6.138541465386578567e-07,6.245341637836096164e-07,6.235247680342446937e-07,6.341021046078808205e-07,6.444508032273874553e-07,6.436856261654653757e-07,6.538446034894741933e-07,6.637096034898865818e-07,6.732523024214387641e-07,6.727330005479708057e-07,6.819756153843998019e-07,6.908380355056260771e-07,6.904555957563158894e-07,6.989509905387918210e-07,7.070139709168720091e-07,7.146220347455169973e-07,7.143739598942410300e-07,7.215325093469252916e-07,7.281925394319398025e-07,7.280177376663551287e-07,7.341810692546327554e-07,7.398085476931221657e-07,7.448846606414747800e-07,7.447810052831186141e-07,7.493058050924895992e-07,7.532514176055989146e-07,7.531866047063132984e-07,7.565529614791036750e-07,7.593189728435488649e-07,7.592841596591828564e-07,7.614506074807890405e-07,7.630022768078833366e-07,7.639347327644345279e-07,7.639303391742276340e-07,7.642457124217940725e-07,7.639402388438636279e-07,7.639538042465558756e-07,7.630290546774384027e-07,7.614828692845266700e-07,7.593188966285506631e-07,7.593523506657671900e-07,7.565802709746641787e-07,7.532022022258147372e-07,7.532486549252603967e-07,7.492769485562443029e-07,7.447171439102827768e-07,7.447756028930094294e-07,7.396427065668765816e-07,7.339453353611140703e-07,7.276973399219561019e-07,7.277708929966417473e-07,7.209910504287506045e-07,7.136919670436571587e-07,7.137764362700831440e-07,7.059791380601891248e-07,6.976985160887700297e-07,6.889540577764303006e-07,6.890527459196938662e-07
1.698245876253771361e-06,1.719974892865459752e-06,1.740553547018409686e-06,1.759933694506370818e-06,1.759849846440099522e-06,1.777989348557534522e-06,1.794841553461478391e-06,1.794768500112157361e-06,1.810296746837936349e-06,1.824460044707398475e-06,1.837224122229194629e-06,1.837165937338900593e-06,1.848503604870839774e-06,1.858383411522350747e-06,1.858336997321617049e-06,1.866738859930364355e-06,1.873638182820039447e-06,1.873604449693163576e-06,1.878988823853891728e-06,1.882840733427127642e-06,1.885150820166647882e-06,1.885136363365659299e-06,1.885901088953174800e-06,1.885124061169060678e-06,1.885126894846609751e-06,1.882806552250057727e-06,1.878946460556117255e-06,1.873556711986872935e-06,1.873588649236741639e-06,1.866691926144751783e-06,1.858297932132078033e-06,1.858358422696175551e-06,1.848499915091997914e-06,1.837191870523850394e-06,1.837289200501088776e-06,1.824575096340942139e-06,1.810474025505611305e-06,1.795021815777148291e-06,1.795186415272999078e-06,1.778443120109912607e-06,1.760431913757493464e-06,1.760665647109888060e-06,1.741459372421215908e-06,1.721081184823723934e-06,1.699582057076520771e-06,1.699942386291985849e-06,1.677415059729027194e-06,1.653879567703647053e-06,1.654368736094101632e-06,1.629934069690115727e-06,1.604613932837359185e-06,1.578470490615212632e-06,1.579191025355805090e-06,1.552358649198766851e-06,1.524837629714661196e-06,1.525787957679152612e-06,1.497734227788641288e-06,1.469133140547856446e-06,1.470372756373090480e-06,1.441404698759538651e-06,1.412035817013778265e-06,1.382336376341093086e-06,1.384073647732332430e-06,1.354261445103716755e-06,1.324269713791785756e-06,1.326479559519284975e-06,1.296557899963444563e-06,1.278720919903723913e-06,1.259740924225091587e-06,1.262736043660659847e-06,1.242883893744176158e-06,1.221996038072267089e-06,1.225711039637274230e-06,1.204111341526833735e-06,1.181610236856642867e-06,1.186167964511716545e-06,1.163144810217645172e-06,1.139380776164364399e-06,1.114958043782506898e-06,1.120841725293956200e-06,1.096216625350402328e-06,1.071128956524331614e-06,1.078161860895257112e-06,1.053122250437169538e-06,1.027835926376237863e-06,1.002410032655659297e-06,1.011174626135112786e-06,9.861860723370404022e-07,9.612948352646364026e-07,9.714933766970298081e-07,9.473153333074020735e-07,9.234772491527406683e-07,9.352043615247267468e-07,9.123494209273590412e-07,8.900751276908850094e-07,8.684965368806144774e-07,8.823594558961789663e-07,8.621322322504594913e-07,8.428246995772507548e-07,8.583138495991428792e-07,8.405689065977755205e-07,8.239439035572324579e-07,8.085316365175350726e-07,8.261320741040243339e-07,8.125229809785783116e-07,8.002777244473568173e-07,8.193473401754940305e-07,8.089900773840340525e-07,8.001029147613824119e-07,7.966384730159153634e-07,8.134927537231211274e-07,8.080342010174844631e-07,8.041233196404298051e-07,8.258679089225395332e-07,8.237774971543564633e-07,8.232083785037692620e-07,8.456245994802726356e-07,8.467063246669382271e-07,8.492249517230133909e-07,8.531403205553563819e-07,8.758669080029526255e-07,8.810883130816066269e-07,8.875426405140819375e-07,9.100011198741220190e-07,9.174221003087974148e-07,9.258651582413278692e-07,9.352372475412751975e-07,9.566066872856810127e-07,9.663998335762129040e-07,9.768600080037416650e-07,9.968440024839921741e-07,1.007289184676528411e-06,1.018120363529500525e-06,1.036235893392253756e-06,1.046609223990025833e-06,1.057083173279808926e-06,1.067541525225392836e-06,1.082459828520729576e-06,1.091873841421400327e-06,1.101005337397296049e-06,1.113057068054697676e-06,1.120769920216300951e-06,1.127964734217491820e-06,1.134553542104791041e-06,1.142286269168473489e-06,1.147040953994135673e-06,1.151017888016430700e-06,1.155247998641595921e-06,1.157189933229369451e-06,1.158238077341791280e-06,1.158843508013757389e-06,1.158355484054561714e-06,1.157750053382595605e-06,1.155703918524690990e-06,1.152698101633316991e-06,1.148467991008151770e-06,1.143317153060418429e-06,1.137234136318103906e-06,1.129501409254421458e-06,1.121385101270911234e-06,1.112418537173149778e-06,1.102644313033678408e-06,1.090592582376276781e-06,1.079064548217477942e-06,1.066873301154644003e-06,1.051954997859307263e-06,1.038293456797198245e-06,1.024145697270009464e-06,1.009584243092139136e-06,9.914687132293859058e-07,9.758928100693292378e-07,9.601058893616392368e-07,9.401218948813888337e-07,9.236849222027512960e-07,9.072447452448308203e-07,8.858753055004250051e-07,8.691541545872771696e-07,8.526320633170969993e-07,8.363784474507351432e-07,8.139199680906950617e-07,7.978604929784102557e-07,7.822475947546425778e-07,7.595210073070463343e-07,7.444193388972870668e-07,7.299167447312426517e-07,7.160562793597451855e-07,6.936400583832418119e-07,6.806443953290843638e-07,6.683985595648686869e-07,6.466539702827589589e-07,6.354774920315066391e-07,6.251235684175776091e-07,6.059454242394694690e-07,5.952275710461774770e-07,5.869515036056523777e-07,5.795299327765400796e-07,5.604603170484027605e-07,5.543570958681791704e-07,5.490981107578687401e-07,5.314976731713794788e-07,5.275759482422346233e-07,5.244579085671243526e-07,5.221103114771261132e-07,5.066211614552339887e-07,5.055484029900685398e-07,5.051710215324636126e-07,4.913081025168990178e-07,4.921224015350232424e-07,4.935380407750772285e-07,4.955055068309810623e-07,4.837783944589864076e-07,4.867654800672073782e-07,4.901936119462355339e-07,4.799950705137506489e-07,4.843009937365144882e-07,4.889308550325327381e-07,4.801662615523775880e-07,4.855202650594717493e-07,4.910795160430882140e-07,4.967924296102493473e-07,4.897595252322640412e-07,4.959737212204638944e-07,5.022284882151706537e-07,4.963448066727938492e-07,5.029471432108884395e-07,5.094842442968278432e-07,5.159140626632338749e-07,5.113563348398498799e-07,5.179343545049613893e-07,5.243143337810434784e-07,5.205993317114204824e-07,5.270003807699493453e-07,5.331246101188661906e-07,5.301294893474618574e-07,5.361628721417626571e-07,5.418534614561847406e-07,5.525521260672927350e-07,5.503422761891109987e-07,5.612755913773873784e-07,5.722298173425187965e-07,5.704925372069583259e-07,5.815706641454498100e-07,5.925913765527631165e-07,6.035210269422940410e-07,6.022813901415637465e-07,6.131904644642694945e-07,6.239351138662074119e-07,6.229847484601565269e-07,6.336159203869712388e-07,6.440136444630915912e-07,6.432930465973187638e-07,6.534924994102422726e-07,6.633941931262676015e-07,6.729701058548405072e-07,6.724808202400808022e-07,6.817505173612169318e-07,6.906373312433227097e-07,6.902768248027566072e-07,6.987919038957600465e-07,7.068725152000373063e-07,7.144963371319044696e-07,7.142623138604205851e-07,7.214333611952993127e-07,7.281044755973476410e-07,7.279394727906960275e-07,7.341114350133061113e-07,7.397464823537562565e-07,7.448291993326273892e-07,7.447312709483429318e-07,7.492610001033321449e-07,7.532108160056933334e-07,7.531495450577121479e-07,7.565188402813181985e-07,7.592872384954065467e-07,7.592543069335252041e-07,7.614221724821907526e-07,7.629748323839439552e-07,7.639078843417415999e-07,7.639037209907975722e-07,7.642189841286304933e-07,7.639130824492093378e-07,7.639259213774374699e-07,7.630001641341867501e-07,7.614527048650880840e-07,7.592872052005632578e-07,7.593188904655550325e-07,7.565448101134821935e-07,7.531645173848509842e-07,7.532085302220595015e-07,7.492341745663524270e-07,7.446715168290141781e-07,7.447269238233062648e-07,7.395907809202599955e-07,7.338899723597108781e-07,7.276383521905256886e-07,7.277080962344189866e-07,7.209242631517689069e-07,7.136210103890103809e-07,7.137011338543359848e-07,7.058993158848454953e-07,6.976140024863675588e-07,6.888646833914351896e-07
1.719891239630460518e-06,1.740474533486593058e-06,1.759859150712368179e-06,1.759779600283526469e-06,1.777923225759867566e-06,1.794779377484572936e-06,1.794710092032369494e-06,1.810241925169195027e-06,1.824408625165931112e-06,1.837175917431905650e-06,1.837120756426670048e-06,1.848461253047219879e-06,1.858343689497310451e-06,1.858299700649113780e-06,1.866703778227610882e-06,1.873605098855371152e-06,1.873573138328432276e-06,1.878959050826276438e-06,1.882812253954207262e-06,1.885123377357503334e-06,1.885109686419675546e-06,1.885874891127122592e-06,1.885098037491931045e-06,1.885100719560598512e-06,1.882779875955026841e-06,1.878918907033854211e-06,1.873527874680491062e-06,1.873558087359686452e-06,1.866659160393071712e-06,1.858262439972940025e-06,1.858319633205058867e-06,1.848457203310615493e-06,1.837144551310654935e-06,1.837236521846244345e-06,1.824516232117915323e-06,1.810408067632090289e-06,1.794947765758860743e-06,1.795103175105217536e-06,1.778349482513030187e-06,1.760326551725067796e-06,1.760547102750016012e-06,1.741326045075066696e-06,1.720931318448530424e-06,1.699413726884380124e-06,1.699753484640439119e-06,1.677203281264648192e-06,1.653642393765764452e-06,1.654103418392342358e-06,1.629637613276717190e-06,1.604283078403156407e-06,1.578101696146866395e-06,1.578780447201220445e-06,1.551902122597725516e-06,1.524330648862456742e-06,1.525225655402438715e-06,1.497111354924760851e-06,1.468444045131532565e-06,1.469611362747514205e-06,1.440564486742469851e-06,1.411109801263227566e-06,1.381317086079354653e-06,1.382953107001494987e-06,1.353031153740137853e-06,1.322920629321266728e-06,1.325002080188624650e-06,1.294941849137547521e-06,1.264843904129060467e-06,1.234777957812102576e-06,1.249057404771539967e-06,1.229576141108652099e-06,1.198714458216883623e-06,1.212571312083684902e-06,1.191344466562044345e-06,1.160050249408946202e-06,1.173519956684780651e-06,1.150857686819089006e-06,1.119531696166441794e-06,1.096103990775308999e-06,1.108938181572470177e-06,1.084636941543397282e-06,1.053892812106942521e-06,1.066509725747351034e-06,1.041743963392820462e-06,1.012065128398597973e-06,9.875252859632263843e-07,9.998147752594483763e-07,9.750065739821440228e-07,9.475677886805247759e-07,9.599377559915494346e-07,9.358536420354419582e-07,9.106148809098707150e-07,9.232134879965244317e-07,9.003549464180742146e-07,8.777390932927675304e-07,8.566131354255943338e-07,8.695683293400536558e-07,8.491862625292596322e-07,8.309251193648894247e-07,8.444606579160311198e-07,8.264513470746816853e-07,8.116294955291493605e-07,7.962341420308197904e-07,8.105943917783995628e-07,7.965696011728683871e-07,7.869955842052110044e-07,8.021746240262349206e-07,7.913121669003577265e-07,7.854874063571900764e-07,7.777097905371451226e-07,7.939450756001917314e-07,7.917972944109304248e-07,7.873459409504739431e-07,8.043766886093771116e-07,8.016467171794330615e-07,8.045053776216640632e-07,8.222006818214335726e-07,8.226428705524355712e-07,8.285330163972472325e-07,8.317264872317271037e-07,8.500125305253971120e-07,8.546424642060087093e-07,8.642095417627523319e-07,8.825990874051675153e-07,8.895176860811012977e-07,9.008460882663478364e-07,9.095972501900113234e-07,9.276231303599542371e-07,9.370857266940942562e-07,9.500230624097716927e-07,9.672485215051272153e-07,9.775329452795807288e-07,9.905932161956341682e-07,1.006567256210605258e-06,1.016972876641781443e-06,1.029452271827974947e-06,1.039880483723883485e-06,1.053546149391169093e-06,1.063273055199588950e-06,1.074106121725462211e-06,1.085482120940176466e-06,1.093717990605901557e-06,1.102477204674248104e-06,1.109573549888680510e-06,1.117370817749065545e-06,1.122911324797588113e-06,1.128264510664282698e-06,1.132999155905416387e-06,1.135891175275884841e-06,1.138215339554349623e-06,1.139259103629676697e-06,1.139688748225898520e-06,1.139688748225898520e-06,1.138799473984069432e-06,1.136816028534502753e-06,1.133943871670809292e-06,1.129972198145852223e-06,1.124760752679574900e-06,1.118677173922033345e-06,1.111758905932218835e-06,1.103389790287134337e-06,1.094633055417144476e-06,1.084664972476798826e-06,1.074278036131625086e-06,1.062088365947028788e-06,1.049572107775061207e-06,1.036958501130596074e-06,1.022267430231674472e-06,1.008402341861644555e-06,9.932682421376956629e-07,9.785474073384747378e-07,9.611846252906534566e-07,9.446390052548434784e-07,9.288831632672014427e-07,9.100164492781664950e-07,8.926156252377848793e-07,8.763819025736477504e-07,8.564720698293791727e-07,8.401412429988905061e-07,8.226203754707761217e-07,8.067695938499566633e-07,7.861866813951249401e-07,7.691207540355816073e-07,7.540267888669974920e-07,7.334015795158364472e-07,7.189168068840160889e-07,7.033930332404738628e-07,6.901542785269012154e-07,6.700293875544101937e-07,6.560391145248968468e-07,6.444590866648953019e-07,6.250418027827851434e-07,6.145117005203781727e-07,6.032520268237458370e-07,5.847660828260211201e-07,5.762413716462138504e-07,5.671740418785316775e-07,5.604078800564156362e-07,5.433651332414500253e-07,5.366297801104063020e-07,5.319866359315287822e-07,5.161425175004223931e-07,5.126531205113596830e-07,5.092381575800092623e-07,5.074243996015859829e-07,4.931457546621115152e-07,4.920599877851448351e-07,4.921470832872573833e-07,4.790438843008178625e-07,4.800566158696510843e-07,4.819816187364853256e-07,4.843103884104327312e-07,4.725786107794076904e-07,4.764695936323443307e-07,4.801842392320410499e-07,4.694185813698816774e-07,4.750565885740310300e-07,4.799013356638031255e-07,4.699846762093791847e-07,4.752433061750470754e-07,4.828332065818096989e-07,4.886747402610227681e-07,4.796078403112046604e-07,4.883294971986533742e-07,4.946581284986509919e-07,4.861531928342816412e-07,4.925358611346492370e-07,5.023089371413638280e-07,5.087555331320754715e-07,5.007412558073194590e-07,5.110248543906166665e-07,5.173887505090131947e-07,5.096921117534593527e-07,5.202511669015625041e-07,5.263353987553219593e-07,5.188722840093266403e-07,5.294916546352688637e-07,5.402374102210987872e-07,5.510746462480533233e-07,5.489931911468573309e-07,5.600452993594149616e-07,5.711092758812788075e-07,5.694732461539083737e-07,5.806446475689691424e-07,5.917511637158421270e-07,6.027596325617552887e-07,6.015922941163214323e-07,6.125675912457614564e-07,6.233728116297739549e-07,6.224777682219247524e-07,6.331593951968480371e-07,6.436030687908705116e-07,6.429242560157549411e-07,6.531616506663151428e-07,6.630977446797959507e-07,6.727047989521791400e-07,6.722436605798629582e-07,6.815387573990188425e-07,6.904484531727481263e-07,6.901085242417709132e-07,6.986420742991416700e-07,7.067392330115597345e-07,7.143778476832948019e-07,7.141570180182438385e-07,7.213398027516719091e-07,7.280213293957522493e-07,7.278655335741382688e-07,7.340456069785733862e-07,7.396877693925885297e-07,7.447766959381457449e-07,7.446841537630767874e-07,7.492185200835945413e-07,7.531722911758460643e-07,7.531143538270066662e-07,7.564864152954480947e-07,7.592570609946450215e-07,7.592259015892993602e-07,7.613951026841483484e-07,7.629486959499540845e-07,7.638823096238240888e-07,7.638783633506646250e-07,7.641935227573243564e-07,7.638872175062169683e-07,7.638993714256299789e-07,7.629726638479541823e-07,7.614240029901023807e-07,7.592570627446906882e-07,7.592870791015368142e-07,7.565111107751059193e-07,7.531287190394261345e-07,7.531704288030886971e-07,7.491935720513424134e-07,7.446282204483952273e-07,7.446807453874200300e-07,7.395415362523281273e-07,7.338374808236098155e-07,7.275824363030647389e-07,7.276485813526447721e-07,7.208609772266025501e-07,7.135537837772614589e-07,7.136297991818303696e-07,7.058237079540559874e-07,6.975339582225395212e-07
1.740399674771663296e-06,1.759788518939695527e-06,1.759713032044628591e-06,1.777860555662645006e-06,1.794720438073279752e-06,1.794654713665581645e-06,1.810189935849577290e-06,1.824359850314991116e-06,1.837130179602284949e-06,1.837077874943835632e-06,1.848421043571692979e-06,1.858305963497801040e-06,1.858264264776123611e-06,1.866670433576217940e-06,1.873573640105025557e-06,1.873543352746672530e-06,1.878930717122325597e-06,1.882785140967428397e-06,1.885097242564692633e-06,1.885084274244156065e-06,1.885849931031571224e-06,1.885073241835852942e-06,1.885075781202338050e-06,1.882754465577216841e-06,1.878892670170237326e-06,1.873500428421140128e-06,1.873529016710796114e-06,1.866628014266731550e-06,1.858228726781632125e-06,1.858282816035076255e-06,1.848416694648207371e-06,1.837099707294465553e-06,1.837186636019591424e-06,1.824460528654631560e-06,1.810345694010104261e-06,1.794877784856411982e-06,1.795024556695643277e-06,1.778261094135443415e-06,1.760227148910013140e-06,1.760435318581366056e-06,1.741200379072039463e-06,1.720790124754818659e-06,1.699255201754978458e-06,1.699575653220919623e-06,1.677003983662344339e-06,1.653419270417638426e-06,1.653853894740243685e-06,1.629358883767299881e-06,1.603972089836945516e-06,1.577755130408833611e-06,1.578394703413768978e-06,1.551473298746174413e-06,1.523854522952963016e-06,1.524697666222752504e-06,1.496526582489279539e-06,1.467797190903732405e-06,1.468896729744966877e-06,1.439775959642217943e-06,1.410240826638224647e-06,1.380360652909907081e-06,1.381901727619026154e-06,1.351876845374079074e-06,1.321654896433273504e-06,1.323615897791533107e-06,1.293425647309330233e-06,1.263187553944374915e-06,1.232970758925646186e-06,1.235631066302255141e-06,1.205706348054381529e-06,1.186121725684993950e-06,1.199687770911689330e-06,1.169134818216314898e-06,1.147969511614691705e-06,1.161138017793031354e-06,1.130326581069953033e-06,1.107893908945011093e-06,1.084802762849420349e-06,1.090052878636534574e-06,1.066714419538386413e-06,1.042894051423364134e-06,1.055171805235087828e-06,1.025342659009825164e-06,1.001216324666096301e-06,9.769007302001096483e-07,9.847633696078929710e-07,9.607849783899391445e-07,9.368340095785890316e-07,9.487982750237361018e-07,9.226516985689619687e-07,8.995453513144390666e-07,9.117012588544539106e-07,8.878709443455543489e-07,8.660873632862289085e-07,8.448867665718920939e-07,8.574613379956674128e-07,8.374597619361392940e-07,8.182541121869869158e-07,8.312602647109186155e-07,8.145655531186853925e-07,7.977580816787272807e-07,7.820310565034946889e-07,7.981658008127224658e-07,7.840952886898334726e-07,7.712589116669998589e-07,7.858443508603753091e-07,7.777579768936252792e-07,7.680302734979233551e-07,7.597034789914481706e-07,7.789952213410000089e-07,7.724891412928526532e-07,7.674337985447145502e-07,7.877816811966803494e-07,7.844938105065464109e-07,7.826552640622377252e-07,7.997960699402653171e-07,8.036007634514357758e-07,8.047997523350270017e-07,8.073670685529525985e-07,8.290623196929167137e-07,8.329967594477830184e-07,8.381704826829581609e-07,8.561790245708087145e-07,8.660929583624357946e-07,8.734101779269884542e-07,8.817133576154670832e-07,9.026879815910345768e-07,9.115936699228627187e-07,9.212561559047671966e-07,9.384085869507934272e-07,9.510561001925483585e-07,9.614302729342745163e-07,9.774978056740897205e-07,9.900297386339799488e-07,1.000440077719505988e-06,1.010980663494883010e-06,1.026722366368420664e-06,1.036497829842596410e-06,1.046144816995759197e-06,1.058037931779744996e-06,1.067907076721847638e-06,1.076048024544045327e-06,1.083731901159124553e-06,1.093143397310032423e-06,1.099246632986588784e-06,1.104704549312825437e-06,1.110349620875538132e-06,1.114567551492298954e-06,1.117420835488114774e-06,1.119440605105755923e-06,1.121162331841320134e-06,1.121161479082722595e-06,1.121161479082722595e-06,1.120265170814510867e-06,1.118543444078946655e-06,1.115587085881799851e-06,1.111718231244951387e-06,1.106845862890830334e-06,1.100720881761436819e-06,1.093969720587783782e-06,1.086373847916539821e-06,1.076962351765631951e-06,1.067545578854316055e-06,1.057390293012041498e-06,1.046020176001311573e-06,1.033290874011274701e-06,1.020942510579402175e-06,1.008060284375851878e-06,9.923185815023142236e-07,9.782252036209306920e-07,9.637762780444483878e-07,9.480892147691091147e-07,9.306139382284933689e-07,9.151158081070565920e-07,8.984019738191882295e-07,8.795961712689596376e-07,8.635862034533550189e-07,8.476762371933546850e-07,8.267016132177872973e-07,8.107118328300129450e-07,7.950040481041389737e-07,7.781561642031813227e-07,7.579696528308458419e-07,7.429498372443784913e-07,7.284271517448800396e-07,7.067319006049159243e-07,6.928312491058727873e-07,6.795560876867861440e-07,6.653200798730114477e-07,6.457990983225791931e-07,6.341036386042816246e-07,6.231530193937239535e-07,6.028051367417581544e-07,5.929406574496937773e-07,5.838736836419417788e-07,5.645819412923899406e-07,5.567152747286540913e-07,5.496663853358739088e-07,5.422138998966143300e-07,5.258490053256974073e-07,5.208705356145714385e-07,5.166782545619343206e-07,5.005435102527066496e-07,4.976113673591912590e-07,4.954174257857978137e-07,4.934809000081408119e-07,4.798185755987516922e-07,4.795087416172402898e-07,4.798259082042465453e-07,4.672513367804708028e-07,4.686585327173589638e-07,4.706000101993119630e-07,4.736649887239989858e-07,4.624438356645140680e-07,4.657908847651457404e-07,4.706490677131744772e-07,4.603440996898978513e-07,4.648538954446085777e-07,4.696352306155032377e-07,4.617725912066258131e-07,4.671896121367041945e-07,4.727681199446721525e-07,4.808868334453356318e-07,4.721723535200634441e-07,4.782935948164038033e-07,4.844255845524276083e-07,4.791754687258283075e-07,4.855945368152597216e-07,4.919282412026659306e-07,5.018290243348192541e-07,4.940809227073058601e-07,5.003971294866192326e-07,5.106654248838838335e-07,5.032052950591501601e-07,5.093075049133199963e-07,5.197253936731563264e-07,5.170650848498450620e-07,5.278353041149792224e-07,5.387212079877337821e-07,5.496884633710882879e-07,5.477274577020541876e-07,5.588909903618716277e-07,5.700578958012347207e-07,5.685168122379337130e-07,5.797756721768279656e-07,5.909626358704688884e-07,6.020449988965686861e-07,6.009454393906870811e-07,6.119828185859416683e-07,6.228448226392917171e-07,6.220016430920465033e-07,6.327305729349416651e-07,6.432173276718205857e-07,6.425776943494849207e-07,6.528506679628395138e-07,6.628190232821558911e-07,6.724552861971439808e-07,6.720205515364316750e-07,6.813394782255576715e-07,6.902706451250616718e-07,6.899500283565227880e-07,6.985009167698263197e-07,7.066136112676605803e-07,7.142661171773317465e-07,7.140576797201050345e-07,7.212514913449046017e-07,7.279428021663445574e-07,7.277956599787141399e-07,7.339833588758291727e-07,7.396322119191812413e-07,7.447269790080743139e-07,7.446395041678360615e-07,7.491782341690034963e-07,7.531357280704217312e-07,7.530809291960311636e-07,7.564555955944458637e-07,7.592283581957987885e-07,7.591988683543750720e-07,7.613693279577329950e-07,7.629238009472130944e-07,7.638579441875360776e-07,7.638542026529580024e-07,7.641692643223154354e-07,7.638625785305991134e-07,7.638740863751820431e-07,7.629464823088992404e-07,7.613966877552474791e-07,7.592283881152951920e-07,7.592568293868870324e-07,7.564790789727987040e-07,7.530947056803837644e-07,7.531342409463299278e-07,7.491550224145112041e-07,7.445871266610022007e-07,7.446369293546702245e-07,7.394948236182925851e-07,7.337877005233459004e-07,7.275294201940948644e-07,7.275921639169727525e-07,7.208009953351687719e-07,7.134900765094230080e-07,7.135622076930953538e-07,7.057520753859013151e-07
1.759721578788685285e-06,1.759649934914237106e-06,1.777801144574806370e-06,1.794664554165718509e-06,1.794602196073571232e-06,1.810140621542176377e-06,1.824313573879409987e-06,1.837086772969435598e-06,1.837037167047483593e-06,1.848382859932957591e-06,1.858270125726038744e-06,1.858230589976478166e-06,1.866638733653339436e-06,1.873543720951634027e-06,1.873515013304792391e-06,1.878903748304131799e-06,1.882759324421735629e-06,1.885072349274184700e-06,1.885060062937508063e-06,1.885826146393658551e-06,1.885049612498279761e-06,1.885052017495569192e-06,1.882730257024657080e-06,1.878867682703700994e-06,1.873474301296285552e-06,1.873501359100292824e-06,1.866598401508189350e-06,1.858196696256678441e-06,1.858247862655426716e-06,1.848378265924166935e-06,1.837057197961043592e-06,1.837139382195325248e-06,1.824407801508343309e-06,1.810286692911151499e-06,1.794811629984600517e-06,1.794950281087852698e-06,1.778177635147217981e-06,1.760133339071906759e-06,1.760329875831755395e-06,1.741081896350434596e-06,1.720657058942461769e-06,1.699105861952748105e-06,1.699408188358268718e-06,1.676816369435246146e-06,1.653209295558297258e-06,1.653619146626682335e-06,1.629096733386873091e-06,1.603679676124377431e-06,1.577429343986524619e-06,1.578032169769897345e-06,1.551070360894496982e-06,1.523407223627219155e-06,1.524201729668162222e-06,1.495977395923777315e-06,1.467189785732268677e-06,1.468225762621391461e-06,1.439035693484873099e-06,1.409425111717373950e-06,1.379462908137411408e-06,1.380914922183179037e-06,1.350793480875127665e-06,1.320466989687746179e-06,1.322314964485987583e-06,1.292002686696332106e-06,1.261633034785317170e-06,1.231274606896240022e-06,1.233782653086979076e-06,1.203694482365723952e-06,1.173763505549525494e-06,1.176879075343873480e-06,1.156939963769097559e-06,1.136130145916779963e-06,1.139959942519016738e-06,1.118602090956021453e-06,1.096511026358780689e-06,1.066518168705292276e-06,1.078717762697762656e-06,1.055692957875139491e-06,1.026152655957428349e-06,1.038122912296691246e-06,1.014554126987256949e-06,9.906815333409988713e-07,9.624244953524916078e-07,9.740466630929708478e-07,9.502584692489463105e-07,9.235114400165544366e-07,9.351733490085290405e-07,9.119293004625230712e-07,8.889033342168188314e-07,8.989585692974243380e-07,8.767252704366348806e-07,8.549293468170560307e-07,8.335266188970119548e-07,8.456495289055723343e-07,8.255361062115239019e-07,8.069989055998690625e-07,8.196367788188002386e-07,8.016251908216673620e-07,7.845588612741337726e-07,7.705882270286027616e-07,7.839687782292064397e-07,7.695404086785752912e-07,7.590175091372923344e-07,7.731666544319387535e-07,7.616424975232545384e-07,7.514285142742563598e-07,7.459960911167229841e-07,7.611595935255771415e-07,7.541006491390365751e-07,7.521603897809783152e-07,7.681260545696276084e-07,7.642424430732290034e-07,7.656187683073720839e-07,7.822938105781622461e-07,7.814877301627788904e-07,7.820680837074786002e-07,7.877916784816296978e-07,8.051754860738723353e-07,8.085219316034033023e-07,8.167173281471656406e-07,8.343590688158866678e-07,8.400898742689766029e-07,8.469081257614528999e-07,8.579107835191923576e-07,8.754641189151170202e-07,8.839839815165842653e-07,8.961116446361383431e-07,9.131346709245947727e-07,9.227630108013003139e-07,9.329479989703157770e-07,9.514486055686579333e-07,9.615463889772966132e-07,9.719449684870062802e-07,9.843639354259230944e-07,9.985919390700946661e-07,1.008547712024597440e-06,1.019895420461025504e-06,1.032192886684542878e-06,1.041077561844750719e-06,1.049664763358263236e-06,1.058816524610287389e-06,1.068001298406332536e-06,1.074739682721875159e-06,1.081564809460141628e-06,1.088003363563752332e-06,1.092448961070630221e-06,1.096160896195556837e-06,1.099395053659930105e-06,1.101872720300654900e-06,1.102863147379038877e-06,1.103078015066769755e-06,1.103078015066769755e-06,1.102430106134299370e-06,1.100554579643422087e-06,1.097667614789744226e-06,1.093900540872513890e-06,1.089150990709401502e-06,1.083533803243864802e-06,1.076600941575978081e-06,1.068925622604038707e-06,1.060630504602996578e-06,1.050827838129833779e-06,1.040485310663764772e-06,1.029797544942783730e-06,1.018480269758733543e-06,1.005301849980757181e-06,9.920303772020408243e-07,9.788579918602977312e-07,9.635361786495725374e-07,9.485433535105103926e-07,9.339878621029733596e-07,9.192070994902666357e-07,9.007064928919244793e-07,8.852774205486657586e-07,8.698110743301927752e-07,8.511160470813871289e-07,8.341982977613356148e-07,8.185651964543046862e-07,7.991260042646826484e-07,7.822212396333166552e-07,7.669206023990607277e-07,7.519975077550816114e-07,7.322140133813791938e-07,7.162472043972596634e-07,7.022604887915019568e-07,6.826286923382385054e-07,6.677844126184365210e-07,6.551107286301381322e-07,6.431076733704483993e-07,6.241535410753491072e-07,6.115453158794582608e-07,6.012350678929169354e-07,5.830693598795144341e-07,5.723568282886016011e-07,5.639325899578259844e-07,5.467354387961935061e-07,5.381211078814662089e-07,5.316948244654113528e-07,5.260601205920104898e-07,5.102957123972580483e-07,5.048012546405765178e-07,5.011712676892341211e-07,4.865647124304422688e-07,4.833280708664326100e-07,4.816393853571302757e-07,4.806293617884244029e-07,4.675012953363117946e-07,4.672971410129015963e-07,4.680268315316203589e-07,4.559927154262803396e-07,4.578291556424627076e-07,4.601125032022947438e-07,4.628566813930713907e-07,4.528014463124415318e-07,4.564197621217528238e-07,4.603947620487655110e-07,4.504933471130999394e-07,4.564053465103009290e-07,4.613678957679619935e-07,4.522293740625554206e-07,4.594785729443517294e-07,4.651789098493539235e-07,4.709755551277826710e-07,4.625886225417516248e-07,4.712192532703627494e-07,4.774065034774573896e-07,4.695138577317864804e-07,4.788911869851873922e-07,4.852398942590497889e-07,4.914558380142828531e-07,4.876260411975755352e-07,4.939255435697699023e-07,5.000139533360041875e-07,4.968983829416236738e-07,5.072956390499820966e-07,5.178769802373519521e-07,5.153689325467138479e-07,5.262807846220347484e-07,5.372982469747977199e-07,5.483875295956602357e-07,5.465395504159824112e-07,5.578076252556502176e-07,5.690710897017886403e-07,5.676190667645302407e-07,5.789599565479587327e-07,5.902223690423300658e-07,6.013740312012857354e-07,6.003380338298186960e-07,6.114336319221807632e-07,6.223488864167763610e-07,6.215543447033946738e-07,6.323276368411256857e-07,6.428547968693699963e-07,6.422519121683207175e-07,6.525582602673457295e-07,6.625568811379358082e-07,6.722205490563153029e-07,6.718105909853156829e-07,6.811518823302261499e-07,6.901032034024302674e-07,6.898007173915224540e-07,6.983678864926408543e-07,7.064951718990759081e-07,7.141607268448901891e-07,7.139639327429729295e-07,7.211681071811249797e-07,7.278686150124298089e-07,7.277296090083144523e-07,7.339244791014582865e-07,7.395796256586622153e-07,7.446798879354557048e-07,7.445971819269925151e-07,7.491400195269418032e-07,7.531010185864317474e-07,7.530491753822275433e-07,7.564262955429050906e-07,7.592010526473812200e-07,7.591731361844109658e-07,7.613447820540104694e-07,7.629000844561230293e-07,7.638347271047675722e-07,7.638311787357936087e-07,7.641461483013116684e-07,7.638391035992532228e-07,7.638500019370511663e-07,7.629215519625504203e-07,7.613706874983521505e-07,7.592011047501376224e-07,7.592280591105170504e-07,7.564486261360175758e-07,7.530623817007030849e-07,7.530998633609723745e-07,7.491184140604352097e-07,7.445481149698173289e-07,7.445953457511590735e-07,7.394505030120819643e-07,7.337404808840487621e-07,7.274791422009985471e-07,7.275386706750545620e-07,7.207441321498950143e-07,7.134296907134200018e-07,7.134981485183763106e-07
1.759590114609893142e-06,1.777744810515942870e-06,1.794611555622001099e-06,1.794552380480242260e-06,1.810093834342547021e-06,1.824269658318437689e-06,1.837045569831910626e-06,1.836998514333758147e-06,1.848346592464529150e-06,1.858236074672635687e-06,1.858198582295606658e-06,1.866608591432511733e-06,1.873515260642750009e-06,1.873488044839339110e-06,1.878878074077051836e-06,1.882734738130969088e-06,1.885048634602015938e-06,1.885036992058972437e-06,1.885803478296362563e-06,1.885027091097096943e-06,1.885029369524774895e-06,1.882707189689196321e-06,1.878843881070416341e-06,1.873449425405123751e-06,1.873475040774735957e-06,1.866570240843446492e-06,1.858166257763553135e-06,1.858214671037241092e-06,1.848341801463709948e-06,1.837016891494231144e-06,1.837094609648141549e-06,1.824357877973684742e-06,1.810230866242464024e-06,1.794749073883693565e-06,1.794880087665017254e-06,1.778098806932818833e-06,1.760044780459956153e-06,1.760230383937668536e-06,1.740970151267217477e-06,1.720531613382035248e-06,1.698965130261991409e-06,1.699250434902693982e-06,1.676639696347023859e-06,1.653011629849661538e-06,1.653398226674575179e-06,1.628850094800071747e-06,1.603404637010262397e-06,1.577122989641166638e-06,1.577691336822196740e-06,1.550691620942774058e-06,1.522986866414862836e-06,1.523735745853732853e-06,1.495461459510267230e-06,1.466619236230064281e-06,1.467595587029778838e-06,1.438340508187667605e-06,1.408659144399367122e-06,1.378619979839740387e-06,1.379988429627381822e-06,1.349776379197431470e-06,1.319351775736984202e-06,1.321093660850292140e-06,1.290666826635344303e-06,1.260173648255895786e-06,1.229682207870437734e-06,1.232047228371211369e-06,1.201805482139424861e-06,1.171709835849990930e-06,1.174649092731262749e-06,1.144978796698105285e-06,1.115596233879532494e-06,1.128137056151918539e-06,1.107120824028938141e-06,1.077569046711494772e-06,1.055733655056766998e-06,1.067642337090039500e-06,1.038301806535621139e-06,1.015687449942083777e-06,1.027347382873922885e-06,9.986216022330747399e-07,9.756124220642330331e-07,9.523732396892730551e-07,9.636560466916070516e-07,9.364388782636168159e-07,9.134177324495376047e-07,9.247096285782943810e-07,8.991387282131372939e-07,8.767792372938602720e-07,8.882145924673175187e-07,8.660245975977706539e-07,8.434454272812165071e-07,8.226770422194721879e-07,8.343496244943729131e-07,8.143684737093601019e-07,7.953442525968824580e-07,8.074952546921475072e-07,7.904262643876111355e-07,7.735378937899958763e-07,7.576082797935275930e-07,7.704587788846470791e-07,7.579681456049512995e-07,7.446672316559565794e-07,7.582613022922810267e-07,7.491727557066878654e-07,7.387376421271532829e-07,7.295911259521636740e-07,7.441814005001902999e-07,7.400566384913750933e-07,7.339865408650246340e-07,7.493836811503961688e-07,7.486086942797676820e-07,7.456127571483057410e-07,7.617424350569846005e-07,7.641062714159088507e-07,7.640691764470319222e-07,7.653603767404629211e-07,7.822591364914280886e-07,7.886743518854352915e-07,7.925967970897613171e-07,8.098281287185440098e-07,8.184768361330066371e-07,8.246472872371356827e-07,8.318405452143437332e-07,8.491163289463704204e-07,8.602226652983823792e-07,8.689899159282541001e-07,8.858633731052155468e-07,8.978471027325360947e-07,9.076104364113354572e-07,9.236894879990471180e-07,9.336659410762515621e-07,9.460564165050153483e-07,9.564551754663320801e-07,9.708965788882950650e-07,9.826479145843198335e-07,9.925473061884515946e-07,1.005230008580152915e-06,1.015745319221908060e-06,1.024544175095398719e-06,1.033029416569515816e-06,1.042826139688006798e-06,1.050979287308817320e-06,1.057623213306662851e-06,1.064832087985525150e-06,1.070597487212993907e-06,1.074978324109546788e-06,1.078632402681358116e-06,1.082060662486909910e-06,1.084219838481133241e-06,1.085205180870579987e-06,1.085605908615163049e-06,1.085605908615163049e-06,1.084797048056238393e-06,1.082977722312669847e-06,1.080333223616724032e-06,1.076503085588752543e-06,1.071872901618056136e-06,1.066391076286311001e-06,1.059868220101361603e-06,1.052154585248236522e-06,1.044050464074197304e-06,1.034837453207553187e-06,1.024405277204945411e-06,1.013952124694500868e-06,1.002875076048781868e-06,9.906364380998845915e-07,9.770508633432589218e-07,9.641397308060034418e-07,9.500688221119447197e-07,9.345126455184924063e-07,9.202206653266943552e-07,9.047837675668892796e-07,8.900069779506196299e-07,8.724726952343898574e-07,8.572353864396799370e-07,8.408677755504643326e-07,8.223157485200387387e-07,8.068710479382398249e-07,7.903315496918607112e-07,7.711731001612103396e-07,7.560057644737745293e-07,7.411869487991775725e-07,7.253248139527575630e-07,7.059723444248000932e-07,6.920215823554070243e-07,6.770961503480367904e-07,6.579825394393417673e-07,6.452712057268693964e-07,6.331995479744312322e-07,6.202772078249616238e-07,6.019198884009047670e-07,5.914682576545291642e-07,5.802926512489322876e-07,5.627577355530325037e-07,5.541237940175173162e-07,5.449207481796608219e-07,5.283680195565665292e-07,5.216715812166510728e-07,5.157483864052867010e-07,5.095395055522468465e-07,4.944100396151382762e-07,4.904476205989593872e-07,4.864352642864865863e-07,4.724407211012003024e-07,4.703888388436776766e-07,4.690125285532649284e-07,4.679976444285903452e-07,4.554355731520331915e-07,4.557887560338077526e-07,4.568157210236417214e-07,4.453052108472389849e-07,4.472158887328239644e-07,4.501373408472535648e-07,4.531742497724921771e-07,4.428594957245515108e-07,4.464964462669599099e-07,4.516915356749805971e-07,4.422065555003182588e-07,4.468649136065055543e-07,4.534609254026082122e-07,4.446935218822473967e-07,4.501331225938917153e-07,4.556960092742041122e-07,4.637833494664453871e-07,4.557137445066908454e-07,4.617206615363299829e-07,4.706380261498948385e-07,4.630256834721151425e-07,4.692521250961672791e-07,4.787672421420239657e-07,4.849806978154564916e-07,4.777501392932163112e-07,4.876417799563273412e-07,4.977839706159346217e-07,4.948447131029244553e-07,5.054066386464083276e-07,5.161415552994843713e-07,5.137765332473197062e-07,5.248213977614276112e-07,5.359623865201960359e-07,5.471662255012764405e-07,5.454243359421690129e-07,5.567905229960584805e-07,5.681445965173370191e-07,5.667761378121959245e-07,5.781939885811487015e-07,5.895271831480095421e-07,6.007438551272651909e-07,5.997674840437641363e-07,6.109176955321081855e-07,6.218829030711389650e-07,6.211339885774440832e-07,6.319488988051117683e-07,6.425139669234042314e-07,6.419455622184109883e-07,6.522832273072807045e-07,6.623102508923680694e-07,6.719996401316119263e-07,6.716129395665189125e-07,6.809752274548143917e-07,6.899454728344910826e-07,6.896600141134497341e-07,6.982424758255326726e-07,7.063834692576365988e-07,7.140612861278065077e-07,7.138754353554277248e-07,7.210893516823022794e-07,7.277985073775424132e-07,7.276671534918064927e-07,7.338687696855893949e-07,7.395298380696268494e-07,7.446352722075117209e-07,7.445570554937293663e-07,7.491037608177928788e-07,7.530680611057874405e-07,7.530190022480209169e-07,7.563984344612796449e-07,7.591750713000013481e-07,7.591486380050977629e-07,7.613214023716731281e-07,7.628774869813731125e-07,7.638126007381385669e-07,7.638092346761190981e-07,7.641241174335251685e-07,7.638167341416458565e-07,7.638270573288455031e-07,7.628978089735048378e-07,7.613459345429924750e-07,7.591751403901074810e-07,7.592006907294364354e-07,7.564196687721361299e-07,7.530316570235169062e-07,7.530671987788451602e-07,7.490836419471091562e-07,7.445110719985202982e-07,7.445558723258118046e-07,7.394084427858643451e-07,7.336956803563198260e-07,7.274314503842535999e-07,7.274879388242649093e-07,7.206902135471974801e-07,7.133724405017113772e-07
1.777691382452329797e-06,1.794561282512907131e-06,1.794505117611244559e-06,1.810049435167444756e-06,1.824227974261655763e-06,1.837006450038730631e-06,1.836961805361788725e-06,1.848312137909249034e-06,1.858203714719230898e-06,1.858168153188675364e-06,1.866579924854540907e-06,1.873488182991547831e-06,1.873462376393882429e-06,1.878853628040436980e-06,1.882711319538365323e-06,1.885026039080718498e-06,1.885015004426819012e-06,1.885781870983951690e-06,1.885005622378397798e-06,1.885007781539889814e-06,1.882685206242200713e-06,1.878821205184408882e-06,1.873425736615831392e-06,1.873449992143291725e-06,1.866543455668286360e-06,1.858137325970763734e-06,1.858183145228173742e-06,1.848307192598258725e-06,1.836978664187878101e-06,1.837052177060710674e-06,1.824310596267764849e-06,1.810178028589639295e-06,1.794689903997128725e-06,1.794813732837571590e-06,1.778024330560751818e-06,1.759961154033458220e-06,1.760136478480933098e-06,1.740864728212582066e-06,1.720413314864904378e-06,1.698832468825813480e-06,1.699101782606253740e-06,1.676473273269721010e-06,1.652825491994336542e-06,1.653190253271796157e-06,1.628617975022663049e-06,1.603145856112230444e-06,1.576834814541082911e-06,1.577370801157537953e-06,1.550335509628691530e-06,1.522591699748371502e-06,1.523297763212339434e-06,1.494976602702613743e-06,1.466083132565194846e-06,1.467003532181137355e-06,1.437687448937851408e-06,1.407939661361940653e-06,1.377828270265026466e-06,1.379118290409988214e-06,1.348821190214295001e-06,1.318304483655808062e-06,1.319946763559341351e-06,1.289412358456516911e-06,1.258803166113692752e-06,1.228186778599792977e-06,1.230417417356956707e-06,1.200031343489314874e-06,1.169780904311542722e-06,1.172554377570015689e-06,1.142706777761095103e-06,1.113134860072644103e-06,1.116548165217403648e-06,1.087550830579313905e-06,1.066695099440041874e-06,1.045182711235672763e-06,1.049612603999134606e-06,1.027796210356371690e-06,1.005476272925069726e-06,1.010797442118955994e-06,9.883731721362747046e-07,9.656163281098837390e-07,9.382893555402492696e-07,9.492952965918374246e-07,9.265030142740520765e-07,9.036553110554466882e-07,9.114852684260368251e-07,8.890806017373265377e-07,8.668210751729374571e-07,8.758944242356311698e-07,8.543106375759645761e-07,8.330756995658860441e-07,8.122873560234426102e-07,8.231403837954462690e-07,8.033571617367112867e-07,7.842187654970865101e-07,7.964673622646704764e-07,7.785382148830350918e-07,7.614391551522261934e-07,7.469140779273565806e-07,7.593874258791072285e-07,7.446688351122466551e-07,7.310215099034839463e-07,7.465298488758436411e-07,7.344683483685352221e-07,7.236025929125941709e-07,7.170511688416010113e-07,7.312020060085502223e-07,7.232783671618238522e-07,7.166769478114832644e-07,7.350063969335045998e-07,7.300877987388450298e-07,7.265186339529078182e-07,7.457662791998453424e-07,7.438097080623573356e-07,7.431835844504351733e-07,7.474826919546566769e-07,7.639526977915810332e-07,7.660698324979678138e-07,7.694201961729952430e-07,7.897573544310768079e-07,7.943107949812223868e-07,7.999668920864958657e-07,8.098111743047907708e-07,8.267964707051936522e-07,8.343140043217061609e-07,8.426896089546484747e-07,8.622083447441653131e-07,8.710665075045351342e-07,8.805688336914945155e-07,8.990670620533290353e-07,9.086900061146358919e-07,9.187246932691971169e-07,9.290736990730617981e-07,9.455730185396106558e-07,9.555269459726674311e-07,9.655544697185819084e-07,9.800959934059019120e-07,9.893654734448720940e-07,9.984770311398828933e-07,1.008421922769980964e-06,1.018722326897146778e-06,1.026372404286058786e-06,1.033573018796646662e-06,1.042240760114356222e-06,1.047958272509872542e-06,1.053060337954588277e-06,1.057923777225181832e-06,1.062196772085141329e-06,1.064866717517401640e-06,1.066756160032629719e-06,1.068339832165012258e-06,1.068358584422170662e-06,1.068358584422170662e-06,1.067543013129667417e-06,1.065959340997284878e-06,1.063238853112148491e-06,1.059669282730139384e-06,1.054998598853809694e-06,1.049530048666221712e-06,1.043287078269612448e-06,1.036255231580570412e-06,1.027587490262860852e-06,1.018863375169617414e-06,1.009444510910144439e-06,9.984717615613632529e-07,9.871487208181560695e-07,9.756683751730244615e-07,9.636752525922871458e-07,9.491337289049670363e-07,9.359914136039233702e-07,9.224958054728231993e-07,9.059964860062742357e-07,8.916440518724977089e-07,8.771105705967689634e-07,8.624614694330075738e-07,8.439632410711730540e-07,8.288774110900597457e-07,8.138508216515727481e-07,7.943320858620559097e-07,7.791783483611819517e-07,7.642513522737255379e-07,7.453951059322863062e-07,7.293628578259631103e-07,7.149840721358356710e-07,7.010339182378461597e-07,6.806967599797645948e-07,6.672696896728345888e-07,6.543943352745182174e-07,6.357792129262902367e-07,6.221885300343546532e-07,6.107071482988608828e-07,5.998976799622184329e-07,5.806500347152809087e-07,5.708114749180778496e-07,5.617019798199919889e-07,5.433725306979706535e-07,5.353511209887162798e-07,5.280869487642722754e-07,5.121139096168428399e-07,5.047683807324453633e-07,4.994208874550211191e-07,4.948156038470176653e-07,4.793072648746580764e-07,4.758778078172202820e-07,4.731557839395063784e-07,4.596963194742462379e-07,4.574514946874145413e-07,4.565294469659902290e-07,4.562242175566540545e-07,4.439756207890700352e-07,4.447193123961314950e-07,4.460011860952230313e-07,4.351481583232174666e-07,4.373825646412202462e-07,4.400650413288311670e-07,4.431515706218342284e-07,4.340782215590954112e-07,4.379487564445716096e-07,4.421247823141461767e-07,4.342948249432162737e-07,4.391250578927396438e-07,4.441603286361800300e-07,4.357261748682907108e-07,4.430323218130069647e-07,4.486936244079990883e-07,4.544191906303101331e-07,4.490980214215823128e-07,4.551570839190096387e-07,4.611889315138576221e-07,4.567590386957512478e-07,4.629991019015325010e-07,4.691279207811096350e-07,4.787020708146077417e-07,4.752887654226719649e-07,4.853697609347952361e-07,4.956892553442901579e-07,4.929157814226163335e-07,5.036324998169628308e-07,5.145117440622319800e-07,5.122811037040321959e-07,5.234509152916885829e-07,5.347079179551346431e-07,5.460193277639497707e-07,5.443770433565470597e-07,5.558353334574147231e-07,5.672744567070293474e-07,5.659844276294884247e-07,5.774745049540129191e-07,5.888741233738838690e-07,6.001517998836654795e-07,5.992313801975320302e-07,6.104328388650617446e-07,6.214449210290336376e-07,6.207388231385458477e-07,6.315927895543894286e-07,6.421934344084268709e-07,6.416573916535355251e-07,6.520244526836690256e-07,6.620781395428222114e-07,6.717916777911721344e-07,6.714268159622541093e-07,6.808088224512566253e-07,6.897968431547223524e-07,6.895273806499454596e-07,6.981242115494873023e-07,7.062780877306347825e-07,7.139674306153425178e-07,7.137918685378957672e-07,7.210149459556649892e-07,7.277322357329046544e-07,7.276080809605575027e-07,7.338160453346016673e-07,7.394826875291874944e-07,7.445929907131843965e-07,7.445190014221802013e-07,7.490693496957276018e-07,7.530367600705225584e-07,7.529903249378155882e-07,7.563719363133702391e-07,7.591503452342751775e-07,7.591253104715059485e-07,7.612991297397787086e-07,7.628559522508550772e-07,7.637915105495959618e-07,7.637883166021293233e-07,7.641031175305896941e-07,7.637954147443937142e-07,7.638051950686401572e-07,7.628751930044108635e-07,7.613223649588837966e-07,7.591504268175409824e-07,7.591746510817533154e-07,7.563921281510910923e-07,7.530024467555610239e-07,7.530361555739961123e-07,7.490506071691326062e-07,7.444758910359095685e-07,7.445183940537902416e-07,7.393685191103432040e-07,7.336531658314199080e-07,7.273862018956443142e-07,7.274398153311859895e-07,7.206390758766049909e-07
1.794513584458545174e-06,1.794460267079929104e-06,1.810007293186365162e-06,1.824188399984279596e-06,1.836969300506515716e-06,1.836926935210602167e-06,1.848279399013811370e-06,1.858172955768334581e-06,1.858139219183331083e-06,1.866552656520569768e-06,1.873462416097486687e-06,1.873437940964380380e-06,1.878830347454607650e-06,1.882689009501831907e-06,1.885004506459329230e-06,1.884994045929245597e-06,1.885761271679598275e-06,1.884985154036266659e-06,1.884987200773261778e-06,1.882664252443215618e-06,1.878799598231864191e-06,1.873403174338794338e-06,1.873426147522415207e-06,1.866517973756076981e-06,1.858109820511460823e-06,1.858153194957392544e-06,1.848274337202135442e-06,1.836942399901134957e-06,1.837011951882893562e-06,1.824265804776852762e-06,1.810128006332367883e-06,1.794633921435677808e-06,1.794750988832798596e-06,1.777953945372907181e-06,1.759882161822345389e-06,1.760047819288757996e-06,1.740765239414355313e-06,1.720301722073182130e-06,1.698707376238857156e-06,1.698961662791352398e-06,1.676316456376493360e-06,1.652650154396315170e-06,1.652994405638539412e-06,1.628399449829028372e-06,1.602902294596329191e-06,1.576563653127780472e-06,1.577069257370242420e-06,1.550000567518520564e-06,1.522220094876654383e-06,1.522885967229771751e-06,1.494520807576218125e-06,1.465579234512554300e-06,1.466447115380110028e-06,1.437073769089130104e-06,1.407263629191350406e-06,1.377084435062277132e-06,1.378300823710708627e-06,1.347923869742449493e-06,1.317320677654002411e-06,1.318869415644943908e-06,1.288233973151866762e-06,1.257515795208845760e-06,1.226782008516122383e-06,1.228886357689375507e-06,1.198364616913791433e-06,1.167968638052770819e-06,1.170586196631452653e-06,1.140571800125935078e-06,1.110821694089485796e-06,1.114044909388239465e-06,1.084845075969863000e-06,1.056043751249999154e-06,1.027700103776099841e-06,1.039041298416915349e-06,1.017529006723695183e-06,9.894540545620806855e-07,1.000539836359926824e-06,9.783864576098915950e-07,9.509589169246738122e-07,9.287597709552850012e-07,9.394557815646534093e-07,9.130663231186554577e-07,8.909592624102549570e-07,9.016315521755098583e-07,8.793678507210141929e-07,8.550675548824647730e-07,8.658401881595929946e-07,8.443221118832374257e-07,8.220086447074985013e-07,8.017150281889048362e-07,8.126611943268015263e-07,7.928231821200427566e-07,7.739086740193723122e-07,7.852725184132070953e-07,7.671963142024662959e-07,7.510626637168031952e-07,7.350282717530173851e-07,7.470114150851859062e-07,7.338894317707924279e-07,7.202371879149811984e-07,7.329082508374061739e-07,7.204790926389943417e-07,7.119365178256860487e-07,7.020969244655820150e-07,7.157065985490311809e-07,7.104361391146629801e-07,7.034754259752717478e-07,7.178763720955296347e-07,7.124264874527023663e-07,7.117826701042520037e-07,7.269302634553696368e-07,7.244113466185071359e-07,7.267609958087575801e-07,7.268578128762837899e-07,7.428400838051868031e-07,7.478942976992103773e-07,7.506121766938891536e-07,7.670320403355119691e-07,7.710507018015470803e-07,7.794395241248306506e-07,7.855095309947138694e-07,8.021750388978039966e-07,8.122396066798273988e-07,8.200478292374947511e-07,8.365218317966030941e-07,8.450459226654153095e-07,8.567548371228997844e-07,8.726862852834470141e-07,8.821102790217640965e-07,8.941391381626298308e-07,9.042117588559034398e-07,9.188893738043010814e-07,9.288573369961687066e-07,9.405680976563606856e-07,9.538048037662277346e-07,9.632633151911179155e-07,9.739038786570290487e-07,9.829249282359625728e-07,9.937082793008008545e-07,1.002763758023403084e-06,1.010316686546914198e-06,1.018824926089508184e-06,1.025141309617940569e-06,1.031486536251146607e-06,1.036509364850131424e-06,1.041606364563044307e-06,1.045445123338102808e-06,1.048077256559548957e-06,1.050370321169891888e-06,1.051306689560626347e-06,1.051515184584307714e-06,1.051515184584307714e-06,1.050921901515253639e-06,1.049199441290702378e-06,1.046542698386325526e-06,1.043063377022483688e-06,1.038681186191672169e-06,1.033184198317681374e-06,1.027089103040052849e-06,1.019995599751430031e-06,1.012308979975637423e-06,1.003255704627409194e-06,9.940442138821607889e-07,9.837581180921831431e-07,9.722835004828770313e-07,9.610428427261115504e-07,9.487185486721585102e-07,9.364389460844665238e-07,9.222370076032071287e-07,9.082743157407393670e-07,8.946586805279473988e-07,8.788099481728919604e-07,8.645196195072893647e-07,8.491601628015328457e-07,8.346018212088808233e-07,8.171820683974936627e-07,8.012721623887869402e-07,7.864779083400471144e-07,7.683161558629942928e-07,7.535425020361403348e-07,7.377589705252995319e-07,7.192308951747532530e-07,7.049484289919930388e-07,6.897049183831322600e-07,6.762332153436328792e-07,6.577629016099570776e-07,6.448890878242803417e-07,6.311366047768203629e-07,6.130456069695567355e-07,6.014962280554908835e-07,5.891598311582347396e-07,5.789382082583237465e-07,5.617197034067946251e-07,5.510716078698216573e-07,5.425583183451899562e-07,5.262054439741543664e-07,5.187179554678293417e-07,5.107693393242729036e-07,4.954064006593346592e-07,4.897832068311009112e-07,4.838836610259547387e-07,4.798137466156323765e-07,4.658376512446792278e-07,4.627888602039874217e-07,4.597936566320755635e-07,4.469003779243820927e-07,4.456279392153313813e-07,4.446686683118500122e-07,4.447690369134879515e-07,4.332165548438905121e-07,4.341985746936959218e-07,4.358225420770784668e-07,4.252422501750260416e-07,4.275770191753122162e-07,4.309871820752549780e-07,4.343278308449668902e-07,4.248367124045116172e-07,4.297941126222372055e-07,4.341629840612019847e-07,4.254213881227490628e-07,4.301810336208552911e-07,4.368926008940878491e-07,4.287932046172878524e-07,4.342216504934443735e-07,4.419644411184172553e-07,4.477603827689628105e-07,4.402750530030179491e-07,4.488269335087715256e-07,4.548885397443292625e-07,4.478036112018297361e-07,4.569468172518534082e-07,4.664221661353254107e-07,4.761988149359817580e-07,4.729755993732929396e-07,4.832347832124164403e-07,4.937210742926959752e-07,4.911035150197041990e-07,5.019657730605803855e-07,5.129806841714217053e-07,5.108763333494627836e-07,5.221635440638642228e-07,5.335295322726230962e-07,5.449419794165184861e-07,5.433932368698994320e-07,5.549380124573223061e-07,5.664569894512024216e-07,5.652405918656520789e-07,5.767984722524824090e-07,5.882604430725800500e-07,5.995953827730856203e-07,5.987274820627876274e-07,6.099770439918047816e-07,6.210331257699931334e-07,6.203672196275509472e-07,6.312578496452319883e-07,6.418918939067528700e-07,6.413862349012050968e-07,6.517808975467119119e-07,6.618596228462690598e-07,6.715958412366810228e-07,6.712514925575860574e-07,6.806520234742891404e-07,6.896567456688294384e-07,6.894023155822082544e-07,6.980126523383243083e-07,7.061786395450457176e-07,7.138788201440220626e-07,7.137129343429844509e-07,7.209446293828355513e-07,7.276695723668182980e-07,7.275521926124385274e-07,7.337661325467468865e-07,7.394380225796292324e-07,7.445529111024304285e-07,7.444829038229416914e-07,7.490366843457907494e-07,7.530070255883974708e-07,7.529630635404823873e-07,7.563467294153177896e-07,7.591268094070681666e-07,7.591030937433020743e-07,7.612779082145313496e-07,7.628354270273571542e-07,7.637714049210332663e-07,7.637683735174006958e-07,7.640830972993023822e-07,7.637750929681393470e-07,7.637843607818950690e-07,7.628536470091639697e-07,7.612999183378772486e-07,7.591268996117904271e-07,7.591498711188075149e-07,7.563659300112683396e-07,7.529746708641716514e-07,7.530066474083148833e-07,7.490192165696182034e-07,7.444424716118819149e-07,7.444828026744576140e-07,7.393306154727343266e-07,7.336128120974005823e-07,7.273432623907983712e-07,7.273941562989083899e-07
1.794417696816135465e-06,1.809967285292650358e-06,1.824150820918880342e-06,1.836934014770016345e-06,1.836893805066550550e-06,1.848248284151064904e-06,1.858143712898373526e-06,1.858111701565225969e-06,1.866526713405700896e-06,1.873437892085502843e-06,1.873414675261246040e-06,1.878808173022927716e-06,1.882667752092956897e-06,1.884983983516041884e-06,1.884974065347111983e-06,1.885741630414336364e-06,1.884965636543750282e-06,1.884967577268040793e-06,1.882644276960701886e-06,1.878779006478621883e-06,1.873381681314670484e-06,1.873403444897595023e-06,1.866493726985520660e-06,1.858083665668619413e-06,1.858124735268604195e-06,1.848243139262683595e-06,1.836907989553641076e-06,1.836973809738502315e-06,1.824223361359602307e-06,1.810080636827211421e-06,1.794580940020865851e-06,1.794691642577772091e-06,1.777887407683491119e-06,1.759807525415916208e-06,1.759964088683191203e-06,1.740671322915973660e-06,1.720196423250637161e-06,1.698589384871917883e-06,1.698829545285957969e-06,1.676168645640179470e-06,1.652484939171268322e-06,1.652809919293083735e-06,1.628193658612320546e-06,1.602672985365457307e-06,1.576308420561335190e-06,1.576785490687750279e-06,1.549685436730940163e-06,1.521870536599397194e-06,1.522498670096445157e-06,1.494092197298481052e-06,1.465105458639107173e-06,1.465924027815898382e-06,1.436496914444287370e-06,1.406628227038216026e-06,1.376385364187946575e-06,1.377532606461963145e-06,1.347080656569506745e-06,1.316396231969256620e-06,1.317857099122654641e-06,1.287126731604521497e-06,1.256306145185552622e-06,1.225462024777807115e-06,1.227447661724629151e-06,1.196798366667818270e-06,1.166265519049915147e-06,1.168736414679074450e-06,1.138565075793835082e-06,1.108647259164500020e-06,1.111691505507887603e-06,1.082300955641881111e-06,1.053296681466084610e-06,1.024737372428081715e-06,1.028695719708898631e-06,1.000894883312624815e-06,9.797116468091996032e-07,9.905264537722897150e-07,9.631427660187400304e-07,9.414559529220797431e-07,9.194914466179350340e-07,9.254902710364296575e-07,9.036663781659309303e-07,8.817401857818948851e-07,8.887854448502927503e-07,8.672133950480609950e-07,8.457235299839671740e-07,8.561456645837056448e-07,8.329915441612975582e-07,8.123440687896732723e-07,7.920584792140293983e-07,8.018921378108461766e-07,7.824889135813807984e-07,7.636342012290247472e-07,7.745716389761057265e-07,7.569972455579312594e-07,7.399477339701914721e-07,7.237063901300533798e-07,7.366255020463073323e-07,7.217166632250069952e-07,7.077683492534767111e-07,7.220116242307500451e-07,7.095251992856973074e-07,6.981262179452715707e-07,6.878719339637672714e-07,7.037899320851736585e-07,6.951228284861213487e-07,6.876810478200447443e-07,7.047291756688881110e-07,6.988909952068017603e-07,6.943204660980478579e-07,7.089458299691997840e-07,7.093313657251818460e-07,7.075932300783051412e-07,7.071220028080644070e-07,7.260988708263371272e-07,7.270530021271710645e-07,7.292130211201971017e-07,7.485995039252361279e-07,7.520053594280258866e-07,7.565143224197909552e-07,7.620794548344905963e-07,7.815210649477755730e-07,7.880054665744637177e-07,7.953892044784639790e-07,8.144616821622734227e-07,8.224695871885381682e-07,8.311900892065575857e-07,8.470032568829562033e-07,8.585354771342634715e-07,8.680579010157844207e-07,8.779961776514529366e-07,8.947296206612831384e-07,9.044886040174807879e-07,9.144392863158014960e-07,9.278907885329410393e-07,9.389602067228639436e-07,9.483545844900619203e-07,9.576301951920019333e-07,9.699977765696087025e-07,9.782974658798732960e-07,9.862769532544865221e-07,9.962379437831916325e-07,1.002959280558276939e-06,1.009185366110451056e-06,1.014851808858836675e-06,1.021224846140810954e-06,1.025324408740735793e-06,1.028738831903043140e-06,1.032220751500628698e-06,1.033920503755435553e-06,1.034851268522580232e-06,1.035349364193570096e-06,1.034986464737992348e-06,1.034488369067002484e-06,1.032816402371982226e-06,1.030329176072524725e-06,1.026847256474939168e-06,1.022568034015318848e-06,1.017495003982041718e-06,1.011121966700067439e-06,1.004341674699800029e-06,9.968292254949717041e-07,9.886164508516824246e-07,9.786554603229773142e-07,9.689465103086254509e-07,9.586460767040362938e-07,9.462784953264293128e-07,9.346974288443174781e-07,9.226594623609965337e-07,9.095596984797874825e-07,8.951236335393812446e-07,8.817540375879494948e-07,8.681402515175716482e-07,8.514068085077414464e-07,8.371470849726280402e-07,8.228072887104972213e-07,8.074304881575500816e-07,7.901211498958274674e-07,7.755112485017219285e-07,7.610425549721026469e-07,7.419700772882933090e-07,7.275342799708926309e-07,7.133898302116790157e-07,6.939482200983940390e-07,6.801017710324300599e-07,6.666806183883460808e-07,6.537259671266209960e-07,6.343394843215819698e-07,6.219923531810788477e-07,6.102152105017005884e-07,5.912383424834279741e-07,5.802572604079464688e-07,5.699245827428519798e-07,5.588828632717424054e-07,5.422393140222303433e-07,5.335509365777917364e-07,5.255686343642269551e-07,5.085205065153835884e-07,5.016069655734227285e-07,4.954142180078666746e-07,4.794962198864601816e-07,4.744197684653354312e-07,4.700538468218528602e-07,4.663807006302982027e-07,4.521374256530248687e-07,4.495734744989746392e-07,4.476614800951114189e-07,4.347423681788574134e-07,4.339002547535836759e-07,4.336511074507238212e-07,4.338795198006238734e-07,4.228227613946398304e-07,4.240948840398821918e-07,4.258480464374993175e-07,4.160143878406785687e-07,4.186323937241184964e-07,4.216445330147343380e-07,4.259148221057924584e-07,4.168227177886886350e-07,4.208888370951586149e-07,4.252146824058230381e-07,4.181694233368945597e-07,4.230731565521980393e-07,4.281430307277141695e-07,4.221442063064083495e-07,4.276661151246099878e-07,4.332628347757953720e-07,4.413474522257269085e-07,4.341331498372154366e-07,4.400461739433250960e-07,4.487992271808547662e-07,4.448408798338292559e-07,4.541997474400393463e-07,4.638780457690515447e-07,4.738454110039435216e-07,4.708011643796710250e-07,4.812280587906265598e-07,4.918712922249706254e-07,4.894003958708504335e-07,5.003995226327625900e-07,5.115419879838722264e-07,5.095563493427625848e-07,5.209538937230172683e-07,5.324222903567184440e-07,5.439296624754799521e-07,5.424687907207993800e-07,5.540947987841270872e-07,5.656887716827432512e-07,5.645415204771998398e-07,5.761630696266655283e-07,5.876835880456174601e-07,5.990722949825137366e-07,5.982537062031275505e-07,6.095484340750161884e-07,6.206458294781696329e-07,6.200176628361819309e-07,6.309427211865442176e-07,6.416081306341916519e-07,6.411310071080546409e-07,6.515515947842153887e-07,6.616538401794174654e-07,6.714113659690968303e-07,6.710862914506619223e-07,6.805042304799357275e-07,6.895246501898550000e-07,6.892843512694807753e-07,6.979073864294517669e-07,7.060847627453308622e-07,7.137951370469021077e-07,7.136383543840212740e-07,7.208781583185727134e-07,7.276103042674359684e-07,7.274993023551031366e-07,7.337188687948389935e-07,7.393957012316239516e-07,7.445149091930724856e-07,7.444486538584831484e-07,7.490056690544142111e-07,7.529787730665190915e-07,7.529371427753849447e-07,7.563227461644927336e-07,7.591044024147225196e-07,7.590819312746935873e-07,7.612576848891168709e-07,7.628158609321571789e-07,7.637522349861160192e-07,7.637493571359546015e-07,7.640640081753898262e-07,7.637557191758871192e-07,7.637645030205734582e-07,7.628331170393258206e-07,7.612785375844581186e-07,7.591044979208118153e-07,7.591262856550594074e-07,7.563410042850798943e-07,7.529482538760986096e-07,7.529785929012728984e-07,7.489893823786788576e-07,7.444107191026084538e-07,7.444489962612958834e-07,7.392946222095858443e-07,7.335745013330894521e-07,7.273025054827002427e-07
1.809929295611195991e-06,1.824115129200801406e-06,1.836900492563549048e-06,1.836862321838982270e-06,1.848218706968035872e-06,1.858115906042074605e-06,1.858085526084667568e-06,1.866502026591689342e-06,1.873414546862390678e-06,1.873392519486923879e-06,1.878787048687915839e-06,1.882647494408812725e-06,1.884964419882644067e-06,1.884955014187715449e-06,1.885722899866602963e-06,1.884947022994277606e-06,1.884948863717214831e-06,1.882625231204019243e-06,1.878759379089945417e-06,1.873361203416230201e-06,1.873381825700915912e-06,1.866470651086867242e-06,1.858058790082007885e-06,1.858097686178943458e-06,1.848213508481201559e-06,1.836875330657427820e-06,1.836937633875778678e-06,1.824183132702221070e-06,1.810035767651925973e-06,1.794530785401086305e-06,1.794635494667883515e-06,1.777824489578358066e-06,1.759736984568946497e-06,1.759884989867332885e-06,1.740582640713254079e-06,1.720097034057376415e-06,1.698478058408559509e-06,1.698704935602593578e-06,1.676029281611314418e-06,1.652329214476197192e-06,1.652636081881449357e-06,1.627999799658025941e-06,1.602457027716096668e-06,1.576068106694734904e-06,1.576518370192061969e-06,1.549388853330007902e-06,1.521541614750857368e-06,1.522134301196166924e-06,1.493689025531560489e-06,1.464659866524631698e-06,1.465432121500119729e-06,1.435954508804634751e-06,1.406030830668722127e-06,1.375728164345123900e-06,1.376810454058882882e-06,1.346288051314781257e-06,1.315527307756722294e-06,1.316905609786731571e-06,1.286086037165426932e-06,1.255169198717661937e-06,1.224221360043406253e-06,1.226095381723990692e-06,1.195326133264830832e-06,1.164664543840306516e-06,1.166997451275459957e-06,1.136678413708270949e-06,1.106602719474780111e-06,1.109478438498381326e-06,1.079908240613101143e-06,1.050712728909279029e-06,1.021950128761818948e-06,1.025692674773711956e-06,9.976630808172009800e-07,9.701883708190186005e-07,9.746954380101200662e-07,9.536278518751837530e-07,9.321943799538585068e-07,9.060007597636830922e-07,9.161536225438967079e-07,8.945378371019482540e-07,8.693832054168854226e-07,8.794839323831895069e-07,8.580632229526786916e-07,8.343138284300146725e-07,8.444765490086740183e-07,8.236420973467932539e-07,8.030497307321573407e-07,7.818685852478328951e-07,7.921474451641898778e-07,7.727195051858799553e-07,7.537845522100300372e-07,7.644243001905328546e-07,7.465396311383021084e-07,7.293433235682592390e-07,7.140835104663933605e-07,7.252658855065416742e-07,7.101225532296001970e-07,6.977316387397238264e-07,7.095455388080684370e-07,6.967406639622924794e-07,6.873656538296824310e-07,6.769493114211444362e-07,6.896390378464875381e-07,6.805444072138139095e-07,6.756168746123328763e-07,6.890724697576540026e-07,6.827490793091915798e-07,6.808822830215071354e-07,6.950839223271826098e-07,6.915533747012520444e-07,6.892735533016249401e-07,6.915988503406618644e-07,7.066742748369708379e-07,7.070801884129457106e-07,7.119961335551776581e-07,7.275875741089654483e-07,7.304655998901838486e-07,7.376243298700313645e-07,7.425799355506757583e-07,7.585767162596561030e-07,7.645993166203290370e-07,7.743702525654432290e-07,7.903513794037171903e-07,7.979853826678879582e-07,8.088973748819134469e-07,8.245518753717598295e-07,8.333101189304529804e-07,8.426143452736227022e-07,8.544224716818871592e-07,8.691605698070141161e-07,8.788449563264510292e-07,8.904824923455210486e-07,9.040675384369365834e-07,9.135755209360509816e-07,9.231101810264556781e-07,9.338197717864548415e-07,9.453543461870700525e-07,9.539616626495162402e-07,9.632598251896964280e-07,9.728210981301338121e-07,9.800143797635467347e-07,9.874697149773933383e-07,9.936039498654579602e-07,1.000126952848757616e-06,1.004901546766112080e-06,1.009421444696257158e-06,1.013379019672320888e-06,1.015880159252329007e-06,1.017851586621990436e-06,1.019109371661192985e-06,1.019144229225197203e-06,1.019144229225197203e-06,1.018400713446814968e-06,1.016810111353916296e-06,1.014433071441620937e-06,1.011133835646664515e-06,1.006823229886249433e-06,1.001768466803632511e-06,9.959857114909174457e-07,9.890428640422398727e-07,9.817005044232401138e-07,9.733721263598919871e-07,9.646229779119813862e-07,9.544685110193260574e-07,9.439614406898440398e-07,9.332734317879022094e-07,9.209908921821085335e-07,9.086375077817971944e-07,8.963676199266233039e-07,8.837488462089928381e-07,8.691431942187785038e-07,8.550083941178621220e-07,8.413684239749439415e-07,8.254135719624443239e-07,8.103994713598665972e-07,7.961774836073331596e-07,7.819804419825864653e-07,7.648186369844224498e-07,7.494303375375686257e-07,7.352466878449886552e-07,7.175834248160511591e-07,7.023605898570350463e-07,6.886043635403365145e-07,6.707793843199237790e-07,6.574201342007694961e-07,6.431836594733168803e-07,6.307171216251071498e-07,6.131571795131664442e-07,5.999968407980492945e-07,5.887572210789154294e-07,5.716871621893184095e-07,5.599096130446064107e-07,5.501410519729212891e-07,5.410374095715163740e-07,5.249232548086688296e-07,5.155021687276879174e-07,5.080823314390613474e-07,4.928576329009669433e-07,4.852951965623788186e-07,4.796452982953443218e-07,4.654037601612716909e-07,4.607600034961566582e-07,4.559386270231730620e-07,4.527552824281513558e-07,4.398525059483113986e-07,4.370091354364828598e-07,4.355377834049500928e-07,4.236614341226832301e-07,4.227541196426657179e-07,4.228893713846398765e-07,4.235605228177832088e-07,4.129331354716752954e-07,4.145379422361363784e-07,4.165924027309716770e-07,4.068605697561426900e-07,4.101141564845634077e-07,4.133673467729833776e-07,4.169518641646277056e-07,4.082090323161687155e-07,4.134249395370656093e-07,4.179144326588877635e-07,4.098469400257431292e-07,4.162642675509834080e-07,4.214463962029842009e-07,4.139522998493622871e-07,4.213654841057971649e-07,4.270289822822390999e-07,4.327159809975441394e-07,4.282089137849763706e-07,4.368143714373157840e-07,4.457961822305017546e-07,4.420536361462179231e-07,4.516157948536952380e-07,4.614853307000774810e-07,4.716323439406294769e-07,4.687566246190637233e-07,4.793413966131406124e-07,4.901323287040208935e-07,4.877994205138141307e-07,4.989272890474801085e-07,5.101897077614982239e-07,5.083156843432304579e-07,5.198169469438146584e-07,5.313815955592276158e-07,5.429781727359443068e-07,5.415998660651711082e-07,5.533021930577433732e-07,5.649666187970964605e-07,5.638843201671132393e-07,5.755656728420624868e-07,5.871411820928752055e-07,5.985803885212047653e-07,5.978081141948505247e-07,6.091452627720749687e-07,6.202814615311261850e-07,6.196887425908522809e-07,6.306461402328527713e-07,6.413410136615046933e-07,6.408906981141904251e-07,6.513356436783140743e-07,6.614599898122554237e-07,6.712375396182659054e-07,6.709305807823050976e-07,6.803648840034422036e-07,6.894000622170666244e-07,6.891730513855375010e-07,6.978080294784034906e-07,7.059961193300472341e-07,7.137160845396117063e-07,7.135678684409850973e-07,7.208153048899299553e-07,7.275542320911294416e-07,7.274492359219801132e-07,7.336741017705068340e-07,7.393555903193990927e-07,7.444788684213754157e-07,7.444161492752752769e-07,7.489762138107325573e-07,7.529519228708095985e-07,7.529124917001578776e-07,7.562999227867955615e-07,7.590830662720318801e-07,7.590617696180545111e-07,7.612384097156833413e-07,7.627972062797009240e-07,7.637339544725576896e-07,7.637312217275158100e-07,7.640458041675590402e-07,7.637372463720233264e-07,7.637455730936295676e-07,7.628135520628517043e-07,7.612581687197309896e-07,7.590831642476339809e-07,7.591038331344545116e-07,7.563172848428017860e-07,7.529231245965377213e-07,7.529519153220032682e-07,7.489610218765263191e-07,7.443805443627345148e-07,7.444168788213915085e-07,7.392604360718320040e-07,7.335381226370892200e-07
1.824081223244760125e-06,1.836868639431044899e-06,1.836832397802070139e-06,1.848190586057779601e-06,1.858089459686486568e-06,1.858060622682852481e-06,1.866478531017326681e-06,1.873392319889153901e-06,1.873371417127887050e-06,1.878766921440419104e-06,1.882628186395665344e-06,1.884945767879933240e-06,1.884936846528860039e-06,1.885705035211654215e-06,1.884929268952821668e-06,1.884931015312588093e-06,1.882607069165894900e-06,1.878740667961717117e-06,1.873341689463001607e-06,1.873361234603296375e-06,1.866448685405224514e-06,1.858035126475293674e-06,1.858071972361746617e-06,1.848185359902280335e-06,1.836844326882638399e-06,1.836903314658092185e-06,1.824144993721384379e-06,1.809993255906315750e-06,1.794483294234438917e-06,1.794582358413861671e-06,1.777764977806378602e-06,1.759670295915344452e-06,1.759810245436791884e-06,1.740498877036533329e-06,1.720003195592700603e-06,1.698372989575656585e-06,1.698587372340266755e-06,1.675897842451644240e-06,1.652182391131018215e-06,1.652472229339626343e-06,1.627817125795303878e-06,1.602253582422929547e-06,1.575841770531499962e-06,1.576266842585489553e-06,1.549109640329471408e-06,1.521232016368390965e-06,1.521791398359728023e-06,1.493309666687082715e-06,1.464240653928873139e-06,1.464969397253118437e-06,1.435444340677787891e-06,1.405468997792021770e-06,1.375110142824924880e-06,1.376131402605677505e-06,1.345542796968785564e-06,1.314710331807575381e-06,1.316011033992216173e-06,1.285107610382769170e-06,1.254100284069583080e-06,1.223054922749598903e-06,1.224823977736975792e-06,1.193941898857139598e-06,1.163159186297496718e-06,1.165362240856525990e-06,1.134904177041409260e-06,1.104679834562120812e-06,1.107396831508048690e-06,1.077657384640714213e-06,1.048281644893595297e-06,1.019327388740550487e-06,1.022866407665472060e-06,9.946209809139284892e-07,9.669177091699910219e-07,9.711830768736557549e-07,9.443378451106905457e-07,9.181477815772452741e-07,8.971833629798476709e-07,9.070667022022161820e-07,8.816838811052773419e-07,8.606568182606561024e-07,8.704645855386616391e-07,8.462457997831176989e-07,8.255227589758448959e-07,8.353653616604138034e-07,8.126641600248249227e-07,7.926223043657416859e-07,7.728676464300358700e-07,7.827881214848273093e-07,7.627914717706718738e-07,7.442702358278778652e-07,7.545189733156051539e-07,7.368326797295468748e-07,7.199027829758898603e-07,7.036823513258704794e-07,7.144319168121677353e-07,7.004722591265214838e-07,6.863189099133857830e-07,6.976711402294272705e-07,6.865751703673756062e-07,6.747503368941874086e-07,6.639688939089860390e-07,6.786656972259045703e-07,6.693677413105227837e-07,6.612010012935054357e-07,6.741535672036845905e-07,6.703790961792575309e-07,6.649173461712310011e-07,6.786168773135926389e-07,6.777863770691944618e-07,6.750327596307039415e-07,6.734878481222686301e-07,6.880832123791493207e-07,6.912352376589845074e-07,6.922704365290480283e-07,7.074205038706908315e-07,7.129824558926094419e-07,7.163765507454533601e-07,7.208259142723093709e-07,7.395086453281094261e-07,7.449526175513371606e-07,7.513214195085721269e-07,7.670234698395551611e-07,7.769489029394518317e-07,7.848192297088182055e-07,8.002970304281957077e-07,8.111525721076780775e-07,8.200483965110921556e-07,8.294443201287279332e-07,8.441659462435807678e-07,8.556364802256185483e-07,8.653365555105813379e-07,8.790415005304274406e-07,8.901628682950838846e-07,8.996308424533105399e-07,9.090989745791187470e-07,9.209457918053038985e-07,9.309307071242568307e-07,9.394468642103810847e-07,9.494663225443547134e-07,9.579312599438049427e-07,9.650303944823488471e-07,9.716850785919549312e-07,9.794747892644053875e-07,9.847582901046409440e-07,9.894581894606917595e-07,9.941811490129946086e-07,9.977523973997190935e-07,1.000217687177739137e-06,1.002343576985760443e-06,1.003383274940468828e-06,1.003431288097651033e-06,1.003431288097651033e-06,1.002714641421119381e-06,1.001302101717686302e-06,9.988526335257138537e-07,9.956352288537144900e-07,9.915829342029868844e-07,9.865050690849642509e-07,9.808569099621526331e-07,9.744839723612318485e-07,9.666942616887813923e-07,9.587796598317334614e-07,9.502203884919664495e-07,9.406750083739843428e-07,9.300455071662360397e-07,9.195780803088993134e-07,9.081169122009575905e-07,8.955036827081163220e-07,8.834708758176988267e-07,8.710858112246836402e-07,8.577022024036848957e-07,8.429600414631438667e-07,8.295489225796293779e-07,8.151570465241378266e-07,7.992059410385308547e-07,7.851925688054930254e-07,7.711874814788287111e-07,7.562182925307047106e-07,7.392298566390818487e-07,7.251993162193326328e-07,7.102366420901630912e-07,6.928573660443304213e-07,6.792043866414906839e-07,6.658941798538759224e-07,6.472114487980758672e-07,6.343047728764518387e-07,6.218567710179233471e-07,6.085815498286796175e-07,5.914923762085560826e-07,5.802082004410549930e-07,5.681715242278058659e-07,5.516208960549502367e-07,5.417444281471068071e-07,5.325084565813257586e-07,5.226578491007543330e-07,5.070985950773229577e-07,4.994888469884761508e-07,4.913943254923185517e-07,4.767326241066114816e-07,4.708419318726716449e-07,4.656335600967652203e-07,4.509367567798467421e-07,4.467962378721929084e-07,4.433193360746656386e-07,4.397920074380148427e-07,4.274197563164782569e-07,4.256284346617343429e-07,4.240098404684576049e-07,4.126344841515469226e-07,4.124349256264695576e-07,4.127734480480607787e-07,4.136675565772506238e-07,4.034936424599479412e-07,4.052174576788293148e-07,4.077801059931407040e-07,3.984623168039773291e-07,4.013978779412781303e-07,4.046786431675711176e-07,4.092605655466368796e-07,4.008793579276595490e-07,4.050920862085730550e-07,4.109283201479722436e-07,4.031836646669910562e-07,4.081241838609727382e-07,4.150182422902664868e-07,4.078105715067249705e-07,4.132742529208012713e-07,4.210245311010743430e-07,4.292036198556833282e-07,4.249382521280076994e-07,4.337722715225713967e-07,4.429699151059818325e-07,4.394308961022420971e-07,4.491847108068655749e-07,4.592344746856625235e-07,4.695507368944837749e-07,4.668337396334427000e-07,4.775671598523761090e-07,4.884971181660990197e-07,4.862940628225764194e-07,4.975430544575703822e-07,5.089183035544388808e-07,5.071492467882540517e-07,5.187480319914356145e-07,5.304031684291296440e-07,5.420835965537169410e-07,5.407828896948533670e-07,5.525569382691546478e-07,5.642875668986405910e-07,5.632662982262447287e-07,5.750038396069847133e-07,5.866310137203884734e-07,5.981176642070130075e-07,5.973889017941323134e-07,6.087659044897943490e-07,6.199385597534525273e-07,6.193791459212158812e-07,6.303669297886354549e-07,6.410894896801670112e-07,6.406643669108123870e-07,6.511322049900796951e-07,6.612773245593636542e-07,6.710736981051113962e-07,6.707837713575393795e-07,6.802334621927088982e-07,6.892825203377869171e-07,6.890680086491099240e-07,6.977142225815561271e-07,7.059123935338325073e-07,7.136413852316458537e-07,7.135012331739961870e-07,7.207558558874651143e-07,7.275011692093702672e-07,7.274018300550034439e-07,7.336316886849879419e-07,7.393175649036641240e-07,7.444446793328511194e-07,7.443852939697376693e-07,7.489482339362987739e-07,7.529264000093382968e-07,7.528890434385939611e-07,7.562781991010075918e-07,7.590627462058221545e-07,7.590425582402619154e-07,7.612200353386255124e-07,7.627794179226112697e-07,7.637165195541433381e-07,7.637139239722871939e-07,7.640284417111477420e-07,7.637196300513050438e-07,7.637275249080914117e-07,7.627949037942807555e-07,7.612387606979498622e-07,7.590628442506580815e-07,7.590824554120921731e-07,7.562947092533588176e-07,7.528992158469143989e-07,7.529265423020864216e-07,7.489340570793702923e-07,7.443518633826053115e-07,7.443863599222953033e-07,7.392279598196831440e-07
1.836838366362599748e-06,1.836803950260871819e-06,1.848163844653311716e-06,1.858064302593057256e-06,1.858036925236272266e-06,1.866456165245250301e-06,1.873371153968187246e-06,1.873351314760037507e-06,1.878747741140939052e-06,1.882609780683780360e-06,1.884927982363374610e-06,1.884919518872536916e-06,1.885687993980203856e-06,1.884912332316168386e-06,1.884913989603035763e-06,1.882589747274668598e-06,1.878722827562270862e-06,1.873323091047819600e-06,1.873341619320351475e-06,1.866427772679714912e-06,1.858012611401784938e-06,1.858047522851385270e-06,1.848158613569350823e-06,1.836814887654412190e-06,1.836870749091666356e-06,1.824108827011061377e-06,1.809952967565034074e-06,1.794438313432843459e-06,1.794532058960835811e-06,1.777708672755231148e-06,1.759607231780404415e-06,1.759739596005912419e-06,1.740419736765959306e-06,1.719914572571945407e-06,1.698273798051459302e-06,1.698476424790408740e-06,1.675773841201380164e-06,1.652043919507162450e-06,1.652317742359936940e-06,1.627644940393742480e-06,1.602061867214655655e-06,1.575628535125104292e-06,1.576029926453981027e-06,1.548846701255925287e-06,1.520940518486937151e-06,1.521468599817716162e-06,1.492952606959804970e-06,1.463846140824129966e-06,1.464533993649207004e-06,1.434964351045105338e-06,1.404940454555444487e-06,1.374528792631371979e-06,1.375492692568793597e-06,1.344841860970428960e-06,1.313941976943724134e-06,1.315169727258971542e-06,1.284187465706254248e-06,1.253095049791666696e-06,1.221957969689426383e-06,1.223628287956177840e-06,1.192640055264250091e-06,1.161743363234414987e-06,1.163824195816730316e-06,1.133235243675954160e-06,1.102870917135117127e-06,1.105438400968211384e-06,1.075539476479571168e-06,1.045993858963941259e-06,1.016858891210588499e-06,1.020205935284693729e-06,9.917568477660369359e-07,9.638378160859231798e-07,9.678749236739433145e-07,9.407885458408822291e-07,9.143440828928163531e-07,8.885889205856790168e-07,8.936930330051739367e-07,8.730164137293199080e-07,8.521819221613032722e-07,8.581966808004652156e-07,8.376045908739963983e-07,8.170193083376989311e-07,8.240352716302474743e-07,8.038894988750732974e-07,7.839210017468106053e-07,7.630230318815619767e-07,7.726887771618009513e-07,7.537061466468524196e-07,7.351545519285512459e-07,7.448036878969323791e-07,7.271661377678991939e-07,7.101253050279776925e-07,6.945910590068739417e-07,7.050351050163874375e-07,6.898304917785496036e-07,6.754482510212293306e-07,6.879589042325698583e-07,6.748751398792231782e-07,6.627420187807045289e-07,6.539023268960589686e-07,6.657320231148329442e-07,6.560539524970637000e-07,6.501498821907504736e-07,6.627127828648252083e-07,6.556253792652706760e-07,6.496969959743886978e-07,6.659428611003361298e-07,6.615020750364708536e-07,6.582441302076522410e-07,6.593294024595890821e-07,6.735174675129131069e-07,6.728620205989068479e-07,6.733676957631346551e-07,6.912837766865258875e-07,6.930725036895467306e-07,6.959537092420938642e-07,7.028896593243707874e-07,7.181787758427816287e-07,7.231526672807814165e-07,7.318621307504737200e-07,7.472802176377668385e-07,7.539857075038124790e-07,7.614804404542928017e-07,7.792977445991096517e-07,7.873078077861491846e-07,7.959315289461940272e-07,8.071953519240348584e-07,8.218468319526722061e-07,8.311052982437168152e-07,8.407034637815393203e-07,8.562506148456559478e-07,8.656271627562339583e-07,8.751396194047508104e-07,8.860414668640380163e-07,8.981172547754669643e-07,9.070306566726911075e-07,9.158006524468304377e-07,9.272471332254711418e-07,9.350786934479147842e-07,9.425871177788454675e-07,9.503964154238750389e-07,9.581138012628035840e-07,9.639536214904388581e-07,9.697441951970625566e-07,9.751430650303003105e-07,9.789834868006116126e-07,9.821777841516796517e-07,9.853914976533511235e-07,9.869910853501496470e-07,9.878708277197247952e-07,9.880755822052789166e-07,9.880755822052789166e-07,9.875477270319273043e-07,9.860083663060173617e-07,9.837088486527122755e-07,9.804951351510408037e-07,9.765335240074237624e-07,9.718310506823279579e-07,9.660674882503170436e-07,9.596570989933097270e-07,9.526821750089472421e-07,9.445119320469703052e-07,9.358412115293764212e-07,9.268103255939523536e-07,9.172187501396474853e-07,9.057722693610067812e-07,8.949750665825763239e-07,8.837375041272544144e-07,8.708596951200167430e-07,8.581090516022857394e-07,8.455896955908012411e-07,8.328212680679269166e-07,8.172741170038102892e-07,8.038709968084141453e-07,7.903675037567577084e-07,7.744648587835725585e-07,7.597415086653436554e-07,7.459175509739328342e-07,7.321958488161858389e-07,7.143785446713689888e-07,7.006412301321704595e-07,6.871452734146533996e-07,6.700639963909244417e-07,6.556652826255761624e-07,6.427659718726999784e-07,6.256953114651619423e-07,6.120347810626396619e-07,6.000624601478347427e-07,5.885969023005689547e-07,5.706808213771777222e-07,5.599155198055595652e-07,5.497351506702876978e-07,5.336720696934604490e-07,5.230601008858304629e-07,5.143643789620723637e-07,5.063170586063922290e-07,4.900711934804447971e-07,4.829980051533924123e-07,4.765946601250393986e-07,4.624407780525690553e-07,4.559833292650067941e-07,4.512775054908447441e-07,4.380885852395336942e-07,4.335052756083214153e-07,4.304933592032144744e-07,4.281069848556742762e-07,4.155963316443338015e-07,4.142229570439260622e-07,4.134277295984714838e-07,4.024885806569253856e-07,4.023164490638596155e-07,4.029977860576600849e-07,4.041621951051083802e-07,3.945130591367261882e-07,3.965226924161345063e-07,3.989395377791434804e-07,3.899810963230827256e-07,3.936270474628994756e-07,3.971164281588172595e-07,4.008925955338252321e-07,3.938766322411095586e-07,3.982448822907149679e-07,4.028145047221109118e-07,3.967997460819852567e-07,4.018470556515630740e-07,4.070110434247840729e-07,4.019069310007874906e-07,4.094705542337275429e-07,4.174752318272643781e-07,4.258954666500325516e-07,4.218583590352905921e-07,4.309081383623064390e-07,4.403094427078070856e-07,4.369623985482294027e-07,4.468969248445012952e-07,4.571165664807366630e-07,4.675923062969558488e-07,4.650248221315911604e-07,4.758982263912959658e-07,4.869590730060029621e-07,4.848782396104950289e-07,4.962412106830581656e-07,5.077226135558906754e-07,5.060522934715478622e-07,5.177427974169484321e-07,5.294830234168547792e-07,5.412422894493363536e-07,5.400145344323103818e-07,5.518560018576177014e-07,5.636488564538545210e-07,5.626849476582098798e-07,5.744752960677767466e-07,5.861510239078027929e-07,5.976822606116538549e-07,5.969943889696339089e-07,6.084088454181070819e-07,6.196157623695995092e-07,6.190876498546680114e-07,6.301039933714919117e-07,6.408525772656972970e-07,6.404511365396338239e-07,6.509404964353239311e-07,6.611051477766457204e-07,6.709192221079540962e-07,6.706453135341292669e-07,6.801094780754690795e-07,6.891715938332358175e-07,6.889688427318346030e-07,6.976256304528412942e-07,7.058332902425549101e-07,7.135707797524405660e-07,7.134382209354177281e-07,7.206996117408875494e-07,7.274509408276686500e-07,7.273569317486328723e-07,7.335914956218874770e-07,7.392815077184614989e-07,7.444122391100972919e-07,7.443559975853476908e-07,7.489216497409990451e-07,7.529021338376975129e-07,7.528667349271347906e-07,7.562575182989391226e-07,7.590433904620889922e-07,7.590242493508493428e-07,7.612025169383940614e-07,7.627624531063306796e-07,7.636998887118522131e-07,7.636974228246095051e-07,7.640118795307361378e-07,7.637028280571498201e-07,7.637103148200244828e-07,7.627771265356039817e-07,7.612202652347268502e-07,7.590434865568199171e-07,7.590620975501105295e-07,7.562732185608418045e-07,7.528764642200647583e-07,7.529024055675347999e-07,7.489084144464512320e-07,7.443245969686793522e-07,7.443573543442362146e-07
1.836776901239857385e-06,1.848138410342023149e-06,1.858040367536325421e-06,1.858014371317983977e-06,1.866434871244009869e-06,1.873350995044246817e-06,1.873332161866577608e-06,1.878729460352276809e-06,1.882592232432566778e-06,1.884911020578307830e-06,1.884902990007571618e-06,1.885671735925673886e-06,1.884896173181681935e-06,1.884897746361416703e-06,1.882573224255659158e-06,1.878705814784138026e-06,1.873305362374452191e-06,1.873322930430901419e-06,1.866407858837318704e-06,1.857991185007421637e-06,1.858024270768491806e-06,1.848133194204423420e-06,1.836786927778500195e-06,1.836839840387410243e-06,1.824074522329760455e-06,1.809914776878159978e-06,1.794395699462461662e-06,1.794484432473563623e-06,1.777655387504678105e-06,1.759547579083508722e-06,1.759672798939234884e-06,1.740344943968830530e-06,1.719830851644412110e-06,1.698180128536243871e-06,1.698371690729610381e-06,1.675656823260423113e-06,1.651913286660547138e-06,1.652172043135692722e-06,1.627482593676133828e-06,1.601881152607663439e-06,1.575427582882513340e-06,1.575806706985549505e-06,1.548599014223114097e-06,1.520665981506035750e-06,1.521164636792919592e-06,1.492616436073866166e-06,1.463474762219651714e-06,1.464124176839407234e-06,1.434512622099001033e-06,1.404443083108825690e-06,1.373981778781649696e-06,1.374891753718791528e-06,1.344182418693391911e-06,1.313219143949216955e-06,1.314378294546882693e-06,1.283321890003740557e-06,1.252149441375538128e-06,1.220926080704078756e-06,1.222503501344697983e-06,1.191415374437617890e-06,1.160411402610781909e-06,1.162377172369407872e-06,1.131664969634964467e-06,1.101168793992785211e-06,1.103595414944257079e-06,1.073546195605341773e-06,1.043840431948720613e-06,1.014535048255222105e-06,1.017700991008949230e-06,9.890597064160731014e-07,9.609369791868806415e-07,9.647585002898545450e-07,9.374442655997665285e-07,9.107593119288699084e-07,8.847506805428044509e-07,8.895880232366642766e-07,8.645800070217367207e-07,8.403455605060327475e-07,8.496505984112920281e-07,8.292252516947954504e-07,8.061424274074745765e-07,8.154509160613961248e-07,7.954148115726258063e-07,7.738130433146856497e-07,7.546094577537997604e-07,7.639475753821401843e-07,7.441429053430282212e-07,7.259952004235671578e-07,7.356108386752946115e-07,7.179132838265335310e-07,7.011445984579026698e-07,6.850132828538733850e-07,6.950588570255617217e-07,6.807479752771937198e-07,6.664739325087216165e-07,6.770660653749641019e-07,6.637299129084702321e-07,6.532508959367748378e-07,6.420447524679296701e-07,6.534149652930552252e-07,6.457701222529299250e-07,6.369857107617350790e-07,6.490738507421033174e-07,6.442987047032842326e-07,6.380511860992779128e-07,6.508682573018013673e-07,6.459598324756989124e-07,6.452491014000926299e-07,6.427232020633474722e-07,6.564428772476966547e-07,6.583824190536581444e-07,6.583654295154452512e-07,6.726849546705778624e-07,6.739648216937350180e-07,6.793665453534454498e-07,6.827343294478283903e-07,6.976444219795407585e-07,7.050237746768924845e-07,7.103756823470099092e-07,7.254838923994971522e-07,7.344421803321930052e-07,7.414200991321394356e-07,7.564716255565407368e-07,7.641532955110297058e-07,7.747447244074635033e-07,7.834977467413944631e-07,7.980658152621067336e-07,8.091098992306933684e-07,8.184179591612157811e-07,8.322127035199200166e-07,8.415416581102860549e-07,8.525682300755232066e-07,8.620386509880282335e-07,8.743290239869639260e-07,8.846179369546295507e-07,8.934546898527673197e-07,9.041952883982022756e-07,9.123282052189284413e-07,9.210305731685192133e-07,9.284391458265321985e-07,9.366875676148212675e-07,9.436454602259360908e-07,9.493980713571117989e-07,9.554519478379246608e-07,9.603500690749626066e-07,9.641317308066626361e-07,9.678033387548966300e-07,9.701488313869304039e-07,9.719863527912922622e-07,9.728593797066844201e-07,9.732039084978527677e-07,9.732039084978527677e-07,9.725543662978130443e-07,9.710587815261978175e-07,9.688607453639090288e-07,9.658062248024354496e-07,9.618207921538471041e-07,9.572274552598513732e-07,9.517752408911790420e-07,9.453493342360089994e-07,9.385298044574895930e-07,9.308030842379165338e-07,9.220889855015082938e-07,9.132510974666851479e-07,9.034864409591960468e-07,8.935228919051798813e-07,8.821214024113716265e-07,8.711041537664397098e-07,8.591472522429426527e-07,8.460378518017076955e-07,8.337459833701564664e-07,8.205277011278142288e-07,8.077159288705203055e-07,7.928402042048928195e-07,7.795453648190991045e-07,7.653353221216444337e-07,7.495071196647279229e-07,7.358655380013463040e-07,7.213337641798819087e-07,7.078567231698880859e-07,6.912930680642052067e-07,6.779196730822205385e-07,6.636857580399478740e-07,6.469233646785675691e-07,6.340958068095612950e-07,6.204500741203319134e-07,6.037763794769373771e-07,5.918189649842516119e-07,5.790967511174981447e-07,5.681203739628604784e-07,5.519549872419447448e-07,5.417049594606905553e-07,5.307855444815679157e-07,5.152315767675533458e-07,5.064079075089558640e-07,4.970111112117575304e-07,4.894878899033361171e-07,4.749684958062607160e-07,4.683641443046940472e-07,4.613647466039220050e-07,4.477437201314270672e-07,4.427926408988590859e-07,4.376012236365299508e-07,4.249338697222786391e-07,4.216412795021838543e-07,4.182875836346817767e-07,4.163270377456245960e-07,4.049118623952666232e-07,4.038072718120778706e-07,4.029563786756131126e-07,3.924782548210737669e-07,3.928404727821644451e-07,3.936966123707952142e-07,3.951625882844563919e-07,3.857962491323304476e-07,3.879032666737217624e-07,3.909056398236680271e-07,3.823239116907615600e-07,3.855189124388967368e-07,3.898965118644625164e-07,3.938461948939892848e-07,3.861108657296391792e-07,3.916913006481832142e-07,3.963853335575935595e-07,3.892212857107009726e-07,3.958208042905049427e-07,4.029060336550299097e-07,3.980686909559746486e-07,4.058857832668231532e-07,4.141309515817225598e-07,4.227790432594440748e-07,4.189575221268747871e-07,4.282109969990591162e-07,4.378044984135535403e-07,4.346385555674929954e-07,4.447434977950577652e-07,4.551232855610603504e-07,4.657493202135722305e-07,4.633226989127220882e-07,4.743279522532254447e-07,4.855120494374118696e-07,4.835462788377152244e-07,4.950165296759036552e-07,5.065978267295332766e-07,5.050204042349375464e-07,5.167971887126432680e-07,5.286174473909159571e-07,5.404508563832765658e-07,5.392917010620433997e-07,5.511965591970432867e-07,5.630479172332029045e-07,5.621379334796538429e-07,5.739779243731599367e-07,5.856992948457035723e-07,5.972724438834622149e-07,5.966230107269187699e-07,6.080726752763373328e-07,6.193118005963019532e-07,6.188131147833824847e-07,6.298563090864581432e-07,6.406293615960949347e-07,6.402501893964161605e-07,6.507597885182560604e-07,6.609428096740753440e-07,6.707735338071256467e-07,6.705146943554941370e-07,6.799924770404378575e-07,6.890668804711751267e-07,6.888751983287969180e-07,6.975419397415510647e-07,7.057585335305165478e-07,7.135040254826946612e-07,7.133786186724186559e-07,7.206463855722026785e-07,7.274033831706863553e-07,7.273143975501951556e-07,7.335533969377206204e-07,7.392473086584420485e-07,7.443814511347471346e-07,7.443281751384840032e-07,7.488963862031538200e-07,7.528790577847524903e-07,7.528455066785785535e-07,7.562378267402219364e-07,7.590249501257224926e-07,7.590067977411516515e-07,7.611858120851102978e-07,7.627462713327490020e-07,7.636840226034743919e-07,7.636816793849202750e-07,7.639960785111295111e-07,7.636868004486095769e-07,7.636939014947133986e-07,7.627601770270855617e-07,7.612026366461136022e-07,7.590250425867159551e-07,7.590427076267868831e-07,7.562527570756379321e-07,7.528548098515639342e-07,7.528794406885912879e-07,7.488840246066684014e-07,7.442986704454346760e-07
1.848114214799090283e-06,1.858017591059881636e-06,1.857992901974545305e-06,1.866414594184307842e-06,1.873331792018240268e-06,1.873313910667488624e-06,1.878712034182719763e-06,1.882575499185362299e-06,1.884894842024070639e-06,1.884887220880649316e-06,1.885656222899492681e-06,1.884880753724017829e-06,1.884882247459580621e-06,1.882557461001043060e-06,1.878689588805032644e-06,1.873288460105529704e-06,1.873305121207237378e-06,1.866388892800344891e-06,1.857970790809737836e-06,1.858002153064044071e-06,1.848109030910173190e-06,1.836760367093392634e-06,1.836810497554187397e-06,1.824041976124985470e-06,1.809878565815729879e-06,1.794355317695890652e-06,1.794439325382447611e-06,1.777604946951001878e-06,1.759491138323855517e-06,1.759609627179511840e-06,1.740274240548857478e-06,1.719751739840635505e-06,1.698091648971970601e-06,1.698272794383500411e-06,1.675546364065572775e-06,1.651790013688329986e-06,1.652034592360641150e-06,1.627329479320538830e-06,1.601710758067253050e-06,1.575238151237581074e-06,1.575596331105209041e-06,1.548365626474011392e-06,1.520407343080820433e-06,1.520878326678090810e-06,1.492299839681266734e-06,1.463125059710857548e-06,1.463738331177579277e-06,1.434087366868396044e-06,1.403974910148088532e-06,1.373466925683232490e-06,1.374326191253312984e-06,1.343561838224452923e-06,1.312538944911087015e-06,1.313633572064510696e-06,1.282507422741706551e-06,1.251259679709755319e-06,1.219955135317256780e-06,1.221445132353696705e-06,1.190262981167804989e-06,1.159158014139252012e-06,1.161015438965385127e-06,1.130187155231757625e-06,1.099566769831246448e-06,1.101860654532685665e-06,1.071669771145084227e-06,1.041813012378254530e-06,1.012346899068149104e-06,1.015341976002980556e-06,9.865192915306504625e-07,9.582042385864429550e-07,9.618221248478359822e-07,9.342925739350980627e-07,9.073802641419702073e-07,8.811318947917141694e-07,8.857167952860043674e-07,8.604433328875283326e-07,8.359301623080278197e-07,8.413443412955057732e-07,8.179269700977440415e-07,7.981088256798729709e-07,8.071392640235086486e-07,7.849816431286165628e-07,7.656448490273417796e-07,7.465048085500272417e-07,7.541809901120708089e-07,7.356705601900164254e-07,7.175174852569396272e-07,7.262820535138658238e-07,7.089374321022119383e-07,6.921068555074368931e-07,6.758639493257815206e-07,6.861538467919142518e-07,6.709598314616346402e-07,6.564964335536872927e-07,6.679572416074194010e-07,6.546805863781767502e-07,6.422612475825723261e-07,6.307569298590724571e-07,6.437621000864521363e-07,6.336013448192829442e-07,6.244506747178303726e-07,6.385589572039729421e-07,6.308105060038753389e-07,6.241394674179989022e-07,6.392629231612698158e-07,6.340104057860070135e-07,6.298713354823505220e-07,6.268602647200323685e-07,6.431326868730452414e-07,6.414981706198092116e-07,6.409786418453601696e-07,6.579075522937710971e-07,6.586672828414121905e-07,6.604937653897968392e-07,6.633638981090199007e-07,6.808212400289455272e-07,6.847664991317392616e-07,6.896582718878639298e-07,7.072068230448805246e-07,7.129675013701866955e-07,7.195472248716629147e-07,7.368934504530886677e-07,7.440994324126363918e-07,7.519713844701246939e-07,7.604431587582918658e-07,7.770281881911592509e-07,7.857488764714095204e-07,7.948898043425562934e-07,8.105221141574389403e-07,8.196173259072724622e-07,8.289441102543959065e-07,8.384247702805078294e-07,8.522814163300259604e-07,8.613071705493358915e-07,8.702984300298586263e-07,8.824637115462799139e-07,8.907181410411317653e-07,8.987603216085589030e-07,9.065213079640457018e-07,9.160052028666716383e-07,9.226824782204143213e-07,9.289280355730969463e-07,9.361333243039037679e-07,9.410908359007966462e-07,9.454933275804767905e-07,9.502461944733759961e-07,9.532041972574620337e-07,9.555157387788342157e-07,9.571513335688521694e-07,9.584643128942621734e-07,9.585235657732261468e-07,9.585235657732261468e-07,9.578685111782512931e-07,9.565555318528412891e-07,9.542998959997106940e-07,9.513197189035263993e-07,9.476199068677090622e-07,9.428670399748098567e-07,9.376246689703996367e-07,9.317039227738104937e-07,9.244986340430036721e-07,9.171407687039106890e-07,9.091759490250323794e-07,8.996920541224064429e-07,8.904417029684183319e-07,8.806813930713741123e-07,8.704528651601079469e-07,8.582875836436866593e-07,8.470389283263152828e-07,8.354452005237285563e-07,8.215885544742104253e-07,8.092023141942968078e-07,7.966057958941348386e-07,7.838508835982610066e-07,7.682185737833784655e-07,7.550031680327041819e-07,7.417696934055781180e-07,7.251846639727107329e-07,7.117398237449950562e-07,6.984143919789731107e-07,6.852564866560182773e-07,6.679102610745925242e-07,6.548644970030130382e-07,6.421105753026756748e-07,6.245620241456590800e-07,6.121395143055737116e-07,6.001187063444674092e-07,5.826613644245417828e-07,5.711666724488573136e-07,5.601656539607441293e-07,5.496837546355196568e-07,5.327548441871087293e-07,5.230102673418776235e-07,5.138477955455609055e-07,4.975753733925479268e-07,4.892689576626321423e-07,4.815856938536942856e-07,4.745298522188091977e-07,4.594063964755383371e-07,4.533049207740611872e-07,4.478414663338350499e-07,4.337331838476924275e-07,4.292600377571641766e-07,4.254150646674610578e-07,4.124098944400814314e-07,4.095588695704729274e-07,4.073076154067443641e-07,4.056346111834135074e-07,3.941738031296813992e-07,3.934462238820137964e-07,3.932469969424803383e-07,3.829570994763475012e-07,3.836445905073962276e-07,3.847984466038024392e-07,3.863864231289281048e-07,3.776218548719998435e-07,3.799799979727679813e-07,3.826988532617165848e-07,3.750226716996532182e-07,3.784159049730673612e-07,3.820916059160703686e-07,3.871077023458167704e-07,3.796836750883408903e-07,3.841320671857530744e-07,3.902200665009880499e-07,3.848058875121347267e-07,3.916841301553953116e-07,3.990348057029539731e-07,3.944499052027049513e-07,4.025067354766349525e-07,4.109792599121854016e-07,4.198426678103480753e-07,4.162247815163274977e-07,4.256705820994394640e-07,4.354454833879742012e-07,4.324504063537623326e-07,4.427160781889175669e-07,4.532468610537908347e-07,4.640145597409799799e-07,4.617206746731628029e-07,4.728501377517535690e-07,4.841503159114949425e-07,4.822928902173098637e-07,4.938641362271593850e-07,5.055394575270800701e-07,5.040494586027200675e-07,5.159074267676902581e-07,5.278029798183768247e-07,5.397061335646028423e-07,5.386115016714392277e-07,5.505759783743288130e-07,5.624823544341120691e-07,5.616230800973899671e-07,5.735097512178279707e-07,5.852740395610838220e-07,5.968865983735404055e-07,5.962733086576898102e-07,6.077560797116964067e-07,6.190254918203581396e-07,6.185544783553145799e-07,6.296229241680957148e-07,6.404189895867760377e-07,6.400607629043585358e-07,6.505894006926894078e-07,6.607897039177328924e-07,6.706360938843739089e-07,6.703914349074029145e-07,6.798820345144476745e-07,6.889680044696968888e-07,6.887867433780846502e-07,6.974628574794916275e-07,7.056878653095913884e-07,7.134408953822538248e-07,7.133222269125701751e-07,7.205960023200289891e-07,7.273583427281565223e-07,7.272740929120115388e-07,7.335172747064233912e-07,7.392148643033639784e-07,7.443522245808596586e-07,7.443017466707791504e-07,7.488723726719561969e-07,7.528571090972332161e-07,7.528253025617352073e-07,7.562190737606849298e-07,7.590073789519267907e-07,7.589901606336775706e-07,7.611698806013187683e-07,7.627308342322164738e-07,7.636688839411617928e-07,7.636666567794674067e-07,7.639810015761621016e-07,7.636715093754542126e-07,7.636782457754448522e-07,7.627440143073640253e-07,7.611858316978110139e-07,7.590074663908662499e-07,7.590242365579278871e-07,7.562332721791405334e-07,7.528341962060518548e-07,7.528575868460598232e-07,7.488608221033902320e-07
1.857995913248372015e-06,1.857972461517501966e-06,1.866395282248421497e-06,1.873313496572946598e-06,1.873296515959814838e-06,1.878695420139052122e-06,1.882559540733209470e-06,1.884879408326440778e-06,1.884872174475169192e-06,1.885641418733915613e-06,1.884866038079261522e-06,1.884867456750934782e-06,1.882542420447680112e-06,1.878674110957453651e-06,1.873272343220074268e-06,1.873288147456311276e-06,1.866370826306547028e-06,1.857951375491630994e-06,1.857981110280902722e-06,1.848086056892677820e-06,1.836735130146917743e-06,1.836782635021072423e-06,1.824011091091986851e-06,1.809844223552739851e-06,1.794317041811992255e-06,1.794396593685452893e-06,1.777557186996830141e-06,1.759437722642433706e-06,1.759549868164356897e-06,1.740207384998135131e-06,1.719676963138298456e-06,1.698008048898576658e-06,1.698179384547510946e-06,1.675442066947348968e-06,1.651673653290703649e-06,1.651904886461826878e-06,1.627185031327324741e-06,1.601550048468836660e-06,1.575059528663136700e-06,1.575398002991293183e-06,1.548145649351224907e-06,1.520163612492783441e-06,1.520608566749723309e-06,1.492001592357631416e-06,1.462795673692397418e-06,1.463374950582460317e-06,1.433686919657860013e-06,1.403534096356190487e-06,1.372982205498087515e-06,1.373793773002979276e-06,1.342977666326801593e-06,1.311898687853438094e-06,1.312932610485388084e-06,1.281740837693770971e-06,1.250422241189743664e-06,1.219041291155540303e-06,1.220448997562822015e-06,1.189178327856020845e-06,1.157978262101494974e-06,1.159733647070416460e-06,1.128796013730028196e-06,1.098058593713553212e-06,1.100227378074649295e-06,1.069902943776870350e-06,1.039903796022653043e-06,1.010286067093046625e-06,1.013119913936295831e-06,9.841259996868689732e-07,9.556293367538753256e-07,9.590548591845584195e-07,9.313218262191091698e-07,9.041945635173376884e-07,8.777194321473067106e-07,8.820654403967482064e-07,8.565406544399105405e-07,8.317634509217608402e-07,8.369006356418115386e-07,8.131930862015984097e-07,7.903185809590382674e-07,7.963318558457588411e-07,7.769944606793882428e-07,7.577561238495642477e-07,7.371924639520290205e-07,7.459951820549249275e-07,7.275204103228436935e-07,7.086943246466678764e-07,7.177280170361161235e-07,7.003500493247128997e-07,6.835330141501165868e-07,6.675487233663775288e-07,6.769462971392877366e-07,6.616142717164039907e-07,6.480566391868687343e-07,6.579464289297073317e-07,6.444569294518900314e-07,6.334269317502757510e-07,6.218884479609837041e-07,6.324883054124716008e-07,6.220119225369212479e-07,6.148060476558644318e-07,6.260831916120500597e-07,6.179570566331148001e-07,6.134825187596990199e-07,6.254628955382618664e-07,6.197825187956763706e-07,6.180024417150131370e-07,6.145877386077946321e-07,6.274621064784275001e-07,6.253491664049541868e-07,6.272739839468206022e-07,6.407761743635569593e-07,6.410486406768722102e-07,6.452903847742577226e-07,6.476223218439367509e-07,6.617933173399134356e-07,6.652679627269900016e-07,6.724191515856247353e-07,6.868922951636167409e-07,6.922275776442956085e-07,7.009224169381425986e-07,7.154780885488444191e-07,7.223271915540928607e-07,7.321500413234977558e-07,7.401868287519906565e-07,7.544921341648131168e-07,7.629796680150016751e-07,7.737971057939506506e-07,7.875435322610601310e-07,7.965220877021530323e-07,8.073652886301680177e-07,8.166771013681391506e-07,8.292383017747610889e-07,8.383246986527794939e-07,8.486071992951011740e-07,8.598763215554219395e-07,8.683326365895067944e-07,8.775605289500630049e-07,8.855082058717312036e-07,8.946308662497755398e-07,9.017004360804818688e-07,9.089968138716208116e-07,9.161715954917547115e-07,9.216540060185500455e-07,9.270536214168025588e-07,9.320689481732199878e-07,9.356703129641379855e-07,9.389322369158502074e-07,9.412094571700821886e-07,9.431402617085926720e-07,9.439722732338470445e-07,9.441698829220680083e-07,9.441698829220680083e-07,9.436842462860485193e-07,9.422644718952846430e-07,9.400614501063743488e-07,9.371534766449541865e-07,9.334897994230199951e-07,9.291239150468253163e-07,9.237848357728902412e-07,9.178374433715462451e-07,9.113518148557227449e-07,9.037760517087373276e-07,8.957206281925004445e-07,8.873086610670205646e-07,8.776788880207112769e-07,8.681180481397413058e-07,8.576743464087675840e-07,8.471715447282966339e-07,8.351924925884251493e-07,8.232857244919909437e-07,8.115509490867595061e-07,7.981236037568826976e-07,7.857410801945892963e-07,7.724913626126333293e-07,7.597673964966526967e-07,7.449057042397011109e-07,7.310436206316796008e-07,7.179592574639517713e-07,7.023742563185869211e-07,6.892044540739363026e-07,6.752085115101019493e-07,6.623346606530912466e-07,6.462772196736534666e-07,6.325514279827594665e-07,6.201635571346927985e-07,6.040704899426425943e-07,5.909576432335859769e-07,5.793662257272743439e-07,5.634916377126669802e-07,5.524783255827096921e-07,5.407730448643851801e-07,5.307721162990908611e-07,5.155232795963061486e-07,5.050880905708023064e-07,4.964252109512085706e-07,4.818402718710263821e-07,4.740127184646330480e-07,4.656925950667363757e-07,4.591310351973371352e-07,4.456030619273471351e-07,4.389347742221436880e-07,4.339468425551120654e-07,4.213067063728680004e-07,4.163652906749058232e-07,4.129649935654046237e-07,4.012476092612297042e-07,3.987199825845037148e-07,3.962109952508382013e-07,3.949241471473642514e-07,3.843940541558995951e-07,3.835879475393448673e-07,3.837265559186336541e-07,3.740732528738115281e-07,3.749240597599956847e-07,3.763331398994907965e-07,3.781877445732920646e-07,3.695595121967375486e-07,3.724276778335787266e-07,3.753614691435121331e-07,3.674502446337301556e-07,3.716332164024913351e-07,3.754739610007406064e-07,3.795444854013789362e-07,3.735312105143363311e-07,3.793981832893650853e-07,3.857763608468923218e-07,3.806391761252171200e-07,3.877814517067463627e-07,3.953834508120970257e-07,3.910374425558619022e-07,3.993210348483670212e-07,4.080085121908691478e-07,4.170754021394005762e-07,4.136498796729054058e-07,4.232772902405493421e-07,4.332234213005946084e-07,4.303895743507540880e-07,4.408068617962605052e-07,4.514800336371086732e-07,4.623812832204874247e-07,4.602124984761769075e-07,4.714589961508491286e-07,4.828685238943481260e-07,4.811131380313578471e-07,4.927794827385075620e-07,5.045433225287035896e-07,5.031356142020320907e-07,5.150699879780719336e-07,5.270363944733728148e-07,5.390051716672691165e-07,5.379712442848602029e-07,5.499918061526771099e-07,5.619499358868778554e-07,5.611383596726145007e-07,5.730689372834069979e-07,5.848735923565010556e-07,5.965232179978116613e-07,5.959439231528682359e-07,6.074578332950641807e-07,6.187557333124230696e-07,6.183107498449814332e-07,6.294029499509020183e-07,6.402206654068939037e-07,6.398821455261784900e-07,6.504286978232235590e-07,6.606452644968137837e-07,6.705063987556811817e-07,6.702750878797148760e-07,6.797777538191990390e-07,6.888746146179044027e-07,6.887031674169833282e-07,6.973881096467877370e-07,7.056210440810789103e-07,7.133811769066402742e-07,7.132688588257057367e-07,7.205482979293154151e-07,7.273156755567111456e-07,7.272358915911678681e-07,7.334830182043412623e-07,7.391840774768896060e-07,7.443244740373024449e-07,7.442766369259413368e-07,7.488495425905532419e-07,7.528362286017601963e-07,7.528060695958560305e-07,7.562012114933342304e-07,7.589906332085085574e-07,7.589742975410048099e-07,7.611546844332598479e-07,7.627161054433847918e-07,7.636544373763928417e-07,7.636523200472720988e-07,7.639666135748110900e-07,7.636569189608337169e-07,7.636633105603227634e-07,7.627285995822101094e-07,7.611698094638208171e-07,7.589907144963454698e-07,7.590066379296932995e-07,7.562147141410832573e-07,7.528145698774926026e-07,7.528367866129886892e-07
1.857952997328399441e-06,1.866376886451880901e-06,1.873296063009835043e-06,1.873279934968014850e-06,1.878679577988726352e-06,1.882544318987025485e-06,1.884864683117852828e-06,1.884857815697408726e-06,1.885627289131878362e-06,1.884851992236010980e-06,1.884853339960075406e-06,1.882528067462363984e-06,1.878659344606323566e-06,1.873256972879966549e-06,1.873271967371088079e-06,1.866353613740982526e-06,1.857932888708853824e-06,1.857961086331505949e-06,1.848064209203252346e-06,1.836711145895445127e-06,1.836756172286359156e-06,1.823981775764122277e-06,1.809811645991427093e-06,1.794280753239566622e-06,1.794356102301443915e-06,1.777511953801082657e-06,1.759387156954076564e-06,1.759493322824312739e-06,1.740144151243416344e-06,1.719606265137039748e-06,1.697929037935636893e-06,1.698091132851546055e-06,1.675343561151520449e-06,1.651563787520674143e-06,1.651782455046400885e-06,1.627048721129039613e-06,1.601398430834020035e-06,1.574891050993401392e-06,1.575210979941193245e-06,1.547938253659809012e-06,1.519933865460096832e-06,1.520354328372917063e-06,1.491720551145236881e-06,1.462485336179518400e-06,1.463032630574133123e-06,1.433309727232596442e-06,1.403118926666783915e-06,1.372525727412067374e-06,1.373292417630665544e-06,1.342427615490694195e-06,1.311295862558647736e-06,1.312272659456970405e-06,1.281019126053087179e-06,1.249633839348327797e-06,1.218180964011356829e-06,1.219511194090172040e-06,1.188157171186668990e-06,1.156867540200767434e-06,1.158526804117999351e-06,1.127486142320897295e-06,1.096638427999819443e-06,1.098689287974037446e-06,1.068238930377947767e-06,1.038105488320749844e-06,1.008344720193922434e-06,1.011026408866958776e-06,9.818708449544290830e-07,9.532026717938357709e-07,9.564464598394184761e-07,9.285211123865050673e-07,9.011906091040728974e-07,8.745009774614733958e-07,8.786209071046265387e-07,8.528581632074010812e-07,8.278308418516963950e-07,8.327054916085746423e-07,8.087227591729890699e-07,7.855602213822974770e-07,7.912724451600260628e-07,7.692610623769212792e-07,7.481437939678530080e-07,7.295829937250757705e-07,7.381008799167578249e-07,7.185147262104166797e-07,7.007881052132445401e-07,7.095093280000018027e-07,6.917323215462340937e-07,6.751575029191538949e-07,6.590918884962806014e-07,6.684763550344636800e-07,6.533547953703480969e-07,6.388798029147153635e-07,6.483913584007881450e-07,6.359768085636941492e-07,6.233538254282953657e-07,6.115581980359980329e-07,6.235275642174035823e-07,6.129758266841015805e-07,6.033488016212194737e-07,6.141944945848289412e-07,6.080793166791283423e-07,6.007637809656338005e-07,6.123010279258739965e-07,6.088471016389911418e-07,6.039210346497812244e-07,6.000579012407856825e-07,6.152928513258611632e-07,6.127627979098570871e-07,6.112974120615975165e-07,6.243694283946300708e-07,6.270449525270861556e-07,6.278760247133503012e-07,6.297259609860531007e-07,6.463333377363819360e-07,6.492830846558901341e-07,6.531751855078212725e-07,6.673080996340729798e-07,6.748255589266807740e-07,6.804795249620466110e-07,6.947613609853599049e-07,7.036440826069698907e-07,7.107170716459614242e-07,7.184371948255150334e-07,7.347373788340795815e-07,7.428354781166010279e-07,7.514201274104351867e-07,7.651052032191719088e-07,7.756868740035866244e-07,7.846932228621413239e-07,7.939416633109268144e-07,8.080686972574328942e-07,8.170406377587838639e-07,8.260764004327673043e-07,8.375581334538007544e-07,8.472548899843178965e-07,8.556322800930000932e-07,8.638327668190859967e-07,8.741837672638908017e-07,8.814873685382774426e-07,8.884608200584686854e-07,8.961356168634766178e-07,9.026371719276383988e-07,9.080369145896140221e-07,9.136642717810737754e-07,9.182340631897314152e-07,9.217800058586539260e-07,9.247236872103262932e-07,9.276198619954783990e-07,9.291087424728720004e-07,9.299339147871930076e-07,9.302565565552859686e-07,9.302565565552859686e-07,9.296618465906472451e-07,9.282815921343581687e-07,9.262047363985115808e-07,9.233085616133594751e-07,9.197219002893209277e-07,9.154555987515266335e-07,9.103954861371614578e-07,9.044379934949706277e-07,8.980945724842754492e-07,8.909148547005931338e-07,8.828277578999022435e-07,8.745930543506838816e-07,8.658329938098914749e-07,8.554819933650866699e-07,8.456050726528366453e-07,8.353062544062147640e-07,8.241434267471247297e-07,8.119362018396130841e-07,8.004136406789326158e-07,7.886347946570392894e-07,7.745077607105332095e-07,7.621078774125008776e-07,7.495817901011594517e-07,7.362138016649223691e-07,7.214041671751334480e-07,7.084958290246892984e-07,6.956409749890203790e-07,6.793407909804558308e-07,6.664122651330669773e-07,6.536625560747872907e-07,6.401161637208707729e-07,6.243384316591489333e-07,6.120298720038810726e-07,5.989594379910908388e-07,5.832202345518765933e-07,5.716572542038264249e-07,5.605208999574345577e-07,5.439135232071057224e-07,5.333600765443949215e-07,5.233104262954780756e-07,5.126187240441156172e-07,4.978341280000388020e-07,4.890685269233845745e-07,4.808763568649606297e-07,4.656414067798851490e-07,4.583050635236160384e-07,4.515712950124748884e-07,4.444215710935220588e-07,4.313874785649390106e-07,4.261842293226658822e-07,4.206951533018324039e-07,4.085415295377999242e-07,4.048902036187724073e-07,4.018268100022873739e-07,3.898574438208818775e-07,3.877324924574057642e-07,3.861625104074212174e-07,3.847287733698189000e-07,3.746347160957473551e-07,3.744769280569577005e-07,3.748005790528321220e-07,3.654161125146487787e-07,3.665563480121659428e-07,3.681165331853593566e-07,3.703745155500733277e-07,3.621069694810950945e-07,3.647561672975095339e-07,3.683586605984765360e-07,3.607734514128298746e-07,3.643478900933151573e-07,3.691445137468505437e-07,3.744850747155463139e-07,3.687728509374243342e-07,3.749278562604693424e-07,3.815812168131872280e-07,3.767065670544040036e-07,3.840989604730647157e-07,3.919389175181771071e-07,3.878189878673224230e-07,3.963170804311046582e-07,4.052077983524646696e-07,4.144670027859884033e-07,4.112232147012630879e-07,4.210221354920965058e-07,4.311299162095021476e-07,4.284482274225235151e-07,4.390085540559981495e-07,4.498160201883777476e-07,4.608431930561466688e-07,4.587923326820949691e-07,4.701491246419086294e-07,4.816616808198068658e-07,4.800024159835143427e-07,4.917583258948049864e-07,5.036055188529964183e-07,5.022752868258151636e-07,5.142815858771160659e-07,5.263146825495071679e-07,5.383452203390735602e-07,5.373684186848512632e-07,5.494417550222593265e-07,5.614485802539476498e-07,5.606818813903088738e-07,5.726537675021279494e-07,5.844963999950763464e-07,5.961808982735054139e-07,5.956335862239741779e-07,6.071767930640289955e-07,6.185014964318850665e-07,6.180810049637897443e-07,6.291955572321292990e-07,6.400336463450754907e-07,6.397136730865178892e-07,6.502770869213070837e-07,6.605089628334727669e-07,6.703839780180326721e-07,6.701652353161014179e-07,6.796792641927208395e-07,6.887863825404996848e-07,6.886241800635426155e-07,6.973174398465876469e-07,7.055578437818689393e-07,7.133246710050080171e-07,7.132183393558644153e-07,7.205031186011911711e-07,7.272752466331416679e-07,7.271996750931421640e-07,7.334505234325066012e-07,7.391548568370013085e-07,7.442981191568879391e-07,7.442527750491795983e-07,7.488278332382159363e-07,7.528163604830120331e-07,7.527877577587605429e-07,7.561841947010372954e-07,7.589746715282748379e-07,7.589591701335432887e-07,7.611401875300908886e-07,7.627020505003588183e-07,7.636406493918665045e-07,7.636386360338703622e-07,7.639528811741469864e-07,7.636429951910209506e-07,7.636490606865842246e-07,7.627138961013630858e-07,7.611545311938964641e-07,7.589747457630748627e-07,7.589898678420620711e-07,7.561970359486171847e-07,7.527958804023843793e-07
1.866359360476552382e-06,1.873279448096223273e-06,1.873264127203691646e-06,1.878664469630576299e-06,1.882529797857601974e-06,1.884850631924875387e-06,1.884844111269532202e-06,1.885613801563429990e-06,1.884838583932958541e-06,1.884839864579032482e-06,1.882514368734006991e-06,1.878645255034128701e-06,1.873242312304744541e-06,1.873256541391354983e-06,1.866337211978780680e-06,1.857915282910237687e-06,1.857942028290531054e-06,1.848043428497950676e-06,1.836688347423978004e-06,1.836731033591265153e-06,1.823953944132379428e-06,1.809780735317910645e-06,1.794246340641413238e-06,1.794317724470856978e-06,1.777469103084228926e-06,1.759339277143943404e-06,1.759439804655745182e-06,1.740084327579021215e-06,1.719539405833264549e-06,1.697854344379112526e-06,1.698007732156720551e-06,1.675250500011753095e-06,1.651460025706275266e-06,1.651666858544648806e-06,1.626920054922960289e-06,1.601255351318706897e-06,1.574732098030892463e-06,1.575034568557403361e-06,1.547742665389780521e-06,1.519717239350837442e-06,1.520114651656401996e-06,1.491455649597715769e-06,1.462192864187120277e-06,1.462710060928891541e-06,1.432954340687412815e-06,1.402727801282504419e-06,1.372095727734771034e-06,1.372820183742401570e-06,1.341909551982282128e-06,1.310728127478713872e-06,1.311651153297123934e-06,1.280339480835005617e-06,1.248891407884484168e-06,1.217370809417139663e-06,1.218628079631178215e-06,1.187195550550937328e-06,1.155821548291611672e-06,1.157390248468821847e-06,1.126252495238883052e-06,1.095300819550611041e-06,1.097240499924342816e-06,1.066671391217436506e-06,1.036411269488464470e-06,1.006515533637716850e-06,1.009053606067056267e-06,9.797454175440090477e-07,9.509152539105225465e-07,9.539873323415652861e-07,9.258802090671730945e-07,8.983575250335112975e-07,8.714649795856497551e-07,8.753709472228523338e-07,8.493828934462995014e-07,8.241186327456055274e-07,8.287444528879204960e-07,8.045007633521731111e-07,7.810649302271840540e-07,7.864913391021829151e-07,7.641814729273582964e-07,7.427529391671287831e-07,7.222342090492018652e-07,7.288474233833440178e-07,7.108814671085748517e-07,6.931830072239525131e-07,7.007662594652755450e-07,6.837414750483414512e-07,6.671291647006208179e-07,6.511565559132787182e-07,6.599580371795378061e-07,6.447297279321811386e-07,6.309104574000728181e-07,6.401521007488360133e-07,6.265813585513293969e-07,6.137507921448589007e-07,6.033105768247349559e-07,6.131952677993609752e-07,6.023680999749900319e-07,5.944538014853953041e-07,6.049725425116677812e-07,5.963219394555389527e-07,5.886426595067127043e-07,6.021810912479220405e-07,5.958221901973398311e-07,5.904843718866932048e-07,5.888540553292783153e-07,6.009179922392462348e-07,5.979423275548726921e-07,5.987783978776740209e-07,6.114839647377084693e-07,6.108184910007008056e-07,6.111789318365682630e-07,6.153023378586701918e-07,6.287308519819449760e-07,6.312201872217837721e-07,6.373037328367955029e-07,6.511158012683379578e-07,6.555046290608751692e-07,6.607410275915262453e-07,6.772384933666160105e-07,6.832315664760040617e-07,6.899487156791204757e-07,6.995016524923203188e-07,7.134567070168670763e-07,7.212812359541352779e-07,7.315382103678080859e-07,7.451214264903695837e-07,7.536409013546748271e-07,7.625111678783123534e-07,7.731840589595389822e-07,7.858668874886338444e-07,7.948233280906431347e-07,8.051505010459967983e-07,8.167776127037278422e-07,8.253779533342245193e-07,8.339154817945953718e-07,8.432291615089200939e-07,8.530353203671713500e-07,8.606327473713982816e-07,8.686430790357472523e-07,8.767414758566161769e-07,8.830263861688197603e-07,8.888931113754150308e-07,8.955693542639804162e-07,9.002252384165472378e-07,9.043534662210591297e-07,9.081965478075767901e-07,9.115328471522056941e-07,9.137025059149655359e-07,9.153859717196578160e-07,9.164529638890477722e-07,9.165212285022972727e-07,9.165212285022972727e-07,9.159214129101631056e-07,9.146045268858979994e-07,9.126182206495886976e-07,9.098533518135430022e-07,9.062533718364821506e-07,9.020147806479234966e-07,8.971415760971218545e-07,8.916327486211909480e-07,8.849565057326255626e-07,8.781062684373261623e-07,8.706842319713533036e-07,8.621493442890440940e-07,8.532612843365606050e-07,8.441486744861174554e-07,8.337922475327061164e-07,8.232885018690539221e-07,8.127610914896227037e-07,8.018968539187579172e-07,7.895146555895295630e-07,7.773802868989435950e-07,7.655390968106174798e-07,7.519496970483986349e-07,7.389525806915456218e-07,7.264826211000314240e-07,7.139726769254693094e-07,6.992494939603329000e-07,6.857305757918045012e-07,6.730734893021399692e-07,6.578297644569275286e-07,6.442847866254355689e-07,6.318231935406101935e-07,6.196085078132855778e-07,6.031110420381958126e-07,5.911647642255425640e-07,5.795692042752101287e-07,5.641810841777130461e-07,5.519640790344877940e-07,5.412593084351895358e-07,5.261950827812518268e-07,5.149857566784669766e-07,5.054001509685004108e-07,4.963425562617452678e-07,4.819936481991509338e-07,4.725885447990657736e-07,4.648740667960216441e-07,4.512242949929776229e-07,4.432869554996569135e-07,4.370251533326602620e-07,4.313582121198680182e-07,4.178197803786586290e-07,4.130694601768832225e-07,4.089115713300805418e-07,3.971925110617719703e-07,3.931468410177615121e-07,3.904910623285398197e-07,3.796582309762455845e-07,3.772719579736995193e-07,3.760688169446897564e-07,3.753807827826270979e-07,3.656676654052948013e-07,3.655097548821554890e-07,3.661356720141205075e-07,3.572396419054417016e-07,3.585875341373085257e-07,3.604010638742816953e-07,3.625851809004373208e-07,3.550019286591086244e-07,3.578555148893860594e-07,3.610099129550367152e-07,3.543966986208501993e-07,3.589570352925517042e-07,3.640649242972179454e-07,3.697039686575825699e-07,3.642775597821073057e-07,3.707058604393175351e-07,3.776201780919912453e-07,3.729943579474575798e-07,3.806236907106395410e-07,3.886889576343945871e-07,3.847829899885084384e-07,3.934839963561700919e-07,4.025668950268479240e-07,4.120078752792532787e-07,4.089357968055993291e-07,4.188967080647715987e-07,4.291571133868143464e-07,4.266190408360653558e-07,4.373143351841352137e-07,4.482484809768414865e-07,4.593944049416189200e-07,4.574547241517016888e-07,4.689154774597250115e-07,4.805251250488903976e-07,4.789564239287076658e-07,4.907967050876718667e-07,5.027224041958533170e-07,5.014651320069750250e-07,5.135391541642483504e-07,5.256350370625136090e-07,5.377237138981465111e-07,5.368006833234925021e-07,5.489236912490500434e-07,5.609763461408289331e-07,5.602518815591116235e-07,5.722626420751270766e-07,5.841410135694770424e-07,5.958583289740358097e-07,5.953411148821966734e-07,6.069118925676083260e-07,6.182618212819017434e-07,6.178643810732703736e-07,6.289999719943027888e-07,6.398572389954628715e-07,6.395547253788375703e-07,6.501340141333230533e-07,6.603803051153405651e-07,6.702683920924013116e-07,6.700614865362065805e-07,6.795862189619540412e-07,6.887030010944450735e-07,6.885495096132383811e-07,6.972506080797776478e-07,7.054980527172485329e-07,7.132711911929344247e-07,7.131705044176741182e-07,7.204603200981348849e-07,7.272369292550023620e-07,7.271653321558271956e-07,7.334196926732843676e-07,7.391271164955821912e-07,7.442730843302065802e-07,7.442300943075144757e-07,7.488071854901673248e-07,7.527974520768430270e-07,7.527703198076702964e-07,7.561679806200787859e-07,7.589594547708348619e-07,7.589447421155644518e-07,7.611263557305236709e-07,7.626886367266798201e-07,7.636274881998770738e-07,7.636255732913957429e-07,7.639397727586780574e-07,7.636297058117776936e-07,7.636354628219243266e-07,7.626998690429093871e-07,7.611399601892052555e-07,7.589595212491144784e-07,7.589738847622093540e-07,7.561801931463140336e-07
1.873263610922066143e-06,1.873249054334070196e-06,1.878650058973502169e-06,1.882515943142923786e-06,1.884837222062476372e-06,1.884831029628992000e-06,1.885600925168323728e-06,1.884825782562548325e-06,1.884826999769695600e-06,1.882501292672313136e-06,1.878631809333066886e-06,1.873228326654171977e-06,1.873241832073331493e-06,1.866321580238049888e-06,1.857898513169735489e-06,1.857923886201429164e-06,1.848023658813423297e-06,1.836666671685563310e-06,1.836707147616448888e-06,1.823927515291812154e-06,1.809751399590523215e-06,1.794213699435610140e-06,1.794281341199964459e-06,1.777428499484454416e-06,1.759293929323280644e-06,1.759389138862549350e-06,1.740027715679380689e-06,1.719476160486844398e-06,1.697783713903818429e-06,1.697928895073376320e-06,1.675162559260994454e-06,1.651362002531045819e-06,1.651557686033070943e-06,1.626798571207934770e-06,1.601120292432397542e-06,1.574582090414278064e-06,1.574868121227341135e-06,1.547558161768526302e-06,1.519512928765729973e-06,1.519888640520420354e-06,1.491205892284897412e-06,1.461917153620355284e-06,1.462406018901396354e-06,1.432619407943242807e-06,1.402359227385756718e-06,1.371690560761671497e-06,1.372375259835241526e-06,1.341421484809144515e-06,1.310193297648108428e-06,1.311065697781991413e-06,1.279699282466028363e-06,1.248192084978234378e-06,1.216607705610251689e-06,1.217796253997425420e-06,1.186289768083755381e-06,1.154836270840223443e-06,1.156319626221591747e-06,1.125090358852832793e-06,1.094040673031081107e-06,1.095875514363526711e-06,1.065194399504876629e-06,1.034814762110509850e-06,1.004791655686314171e-06,1.007194155581022825e-06,9.777418453080271723e-07,9.487586648384101563e-07,9.516684885708768788e-07,9.233895348917436499e-07,8.956851137991420776e-07,8.686006026716496891e-07,8.723040652285410543e-07,8.461026696967789174e-07,8.206139492250665197e-07,8.250039287014182399e-07,8.005127758081399147e-07,7.768176386229290450e-07,7.819727112832238831e-07,7.593793146786455642e-07,7.376549264800493779e-07,7.168279232927212758e-07,7.231203893907769174e-07,7.035204367994427543e-07,6.848740904979183962e-07,6.930867396629071988e-07,6.760643544510125909e-07,6.591629691631558084e-07,6.433196241267149431e-07,6.517999543653997351e-07,6.368779016141708633e-07,6.224514315399646257e-07,6.313443781829058991e-07,6.186033295961987508e-07,6.058498029673844823e-07,5.938420548908371655e-07,6.033442507753285506e-07,5.939870910417035840e-07,5.839713135259742728e-07,5.940865722569634857e-07,5.872258024253579927e-07,5.793572849693860778e-07,5.901297491323968550e-07,5.833987881360749367e-07,5.801742344266830992e-07,5.755489238882558698e-07,5.871868605757568261e-07,5.864399330988069467e-07,5.841089386996137114e-07,5.963961858985455190e-07,5.980034472612175940e-07,5.979036126575966759e-07,5.987915025488343359e-07,6.118299324705203021e-07,6.165359388946515210e-07,6.194625953847725575e-07,6.329240138260826240e-07,6.394360177308383089e-07,6.441697078328575594e-07,6.578821220019368800e-07,6.634908502742468554e-07,6.721191223783055646e-07,6.790480951650084311e-07,6.928012492985350029e-07,7.023827030596994958e-07,7.103367430234650203e-07,7.238064441185591344e-07,7.339264492859736667e-07,7.425038674227063230e-07,7.513990667362623378e-07,7.641033543724125507e-07,7.744232789060148175e-07,7.833526176774290525e-07,7.951133100468498361e-07,8.049527509500254184e-07,8.134901250113655847e-07,8.219473394759221972e-07,8.320428315335000792e-07,8.407143515303191982e-07,8.482193146312057305e-07,8.567235614096861310e-07,8.640129646976888865e-07,8.702092644611188984e-07,8.768895666389422305e-07,8.820409598789000343e-07,8.870826601255493814e-07,8.911445616978204694e-07,8.951294421339693612e-07,8.981734925100229062e-07,9.003107660069123901e-07,9.021072749394633337e-07,9.030081765258405799e-07,9.030851587106329360e-07,9.030851587106329360e-07,9.025058819330024373e-07,9.013258301057035170e-07,8.992863608519084480e-07,8.965872392061035509e-07,8.931862661628747217e-07,8.889365956715233276e-07,8.841726963530856787e-07,8.786461437691390904e-07,8.726067486873717222e-07,8.655708952420093883e-07,8.583053499791260717e-07,8.502298266629829728e-07,8.412764731850291499e-07,8.323478276861490089e-07,8.226059175572861016e-07,8.119458666077408990e-07,8.016193842027509841e-07,7.909552540536590335e-07,7.794774645903826008e-07,7.669477417247972851e-07,7.553074757330523864e-07,7.428689924612722034e-07,7.292462679097683960e-07,7.169661002376211518e-07,7.046346749207982854e-07,6.915177277110839484e-07,6.769019230565973855e-07,6.643970956229120436e-07,6.511293612631422127e-07,6.360867771884408311e-07,6.237417297932843896e-07,6.106601859578995276e-07,5.987713299064227262e-07,5.835872281153496380e-07,5.720441103953964743e-07,5.598013651670001672e-07,5.447803835714959335e-07,5.340785188081608047e-07,5.227226773931018312e-07,5.080726157579036200e-07,4.984383877956646148e-07,4.893111831792393006e-07,4.796114362200224320e-07,4.657159010291982027e-07,4.578821365530596682e-07,4.495571002394560807e-07,4.363748734176826177e-07,4.299475995118836963e-07,4.231278814403759173e-07,4.179100433139981428e-07,4.057899501854305602e-07,4.014131226131870972e-07,3.968252818333401518e-07,3.855622126308959702e-07,3.826572443654846797e-07,3.796919049268392322e-07,3.692957222093261382e-07,3.678214685753094883e-07,3.668591405432275818e-07,3.661015861881279353e-07,3.567904277233156536e-07,3.571330337290359767e-07,3.578830403575629832e-07,3.493585577183585373e-07,3.508886751497624646e-07,3.530468257585386228e-07,3.554503111084704963e-07,3.478251652930811776e-07,3.512683686291111204e-07,3.552828789624549505e-07,3.489904128643426637e-07,3.538590226054239123e-07,3.592627660484206158e-07,3.651853408384792776e-07,3.600302681776120040e-07,3.667178728948934330e-07,3.738796539048663671e-07,3.694896744259471841e-07,3.773434669596329966e-07,3.856220756378532287e-07,3.819186130712216727e-07,3.908115851170407586e-07,4.000762208446402042e-07,4.096890314990691027e-07,4.067792077203933447e-07,4.168931358110112958e-07,4.272976628770023069e-07,4.248951628533243103e-07,4.357178277654762663e-07,4.467714892121688074e-07,4.580294193150374829e-07,4.561945775503718771e-07,4.677533409734181863e-07,4.794545026806305133e-07,4.779711463335046770e-07,4.898909224524463123e-07,5.018905783692907298e-07,5.007020279833042144e-07,5.128398310198858462e-07,5.249948384392145005e-07,5.371382581208228821e-07,5.362658532352564812e-07,5.484356238403656967e-07,5.605314220439692956e-07,5.598467144734560193e-07,5.718940681832437800e-07,5.838060809984529566e-07,5.955542873511708032e-07,5.950654050290070686e-07,6.066621363710977603e-07,6.180358117772897818e-07,6.176600727678264031e-07,6.288154714576296908e-07,6.396907957375292207e-07,6.394047230332589090e-07,6.499989619598646842e-07,6.602588298323386179e-07,6.701592300467883791e-07,6.699634762160736659e-07,6.794982938540711210e-07,6.886241828869043873e-07,6.884789017413566587e-07,6.971873896115907854e-07,7.054414725733509261e-07,7.132205626940305840e-07,7.131252001520232887e-07,7.204197671000630098e-07,7.272006044848157922e-07,7.271327582707795183e-07,7.333904340787121950e-07,7.391007756649154635e-07,7.442492983822762445e-07,7.442085318294014633e-07,7.487875435937572362e-07,7.527794536772578150e-07,7.527537111118332595e-07,7.561525288138205900e-07,7.589449458931563627e-07,7.589309791089340335e-07,7.611131566563866667e-07,7.626758331356932183e-07,7.636149236467495825e-07,7.636131019845960402e-07,7.639272583356785134e-07,7.636170202309138813e-07,7.636224853623721490e-07,7.626864854047039944e-07,7.611260616856503988e-07,7.589450040843495911e-07,7.589586493871152169e-07
1.873234680058630703e-06,1.878636311822596898e-06,1.882502722422320148e-06,1.884824422534632809e-06,1.884818540833918611e-06,1.885588630664368643e-06,1.884813559080331858e-06,1.884814716272025646e-06,1.882488809312509985e-06,1.878618976303734065e-06,1.873214982918050145e-06,1.873227803967478568e-06,1.866306679942217439e-06,1.857882537029432174e-06,1.857906612895825946e-06,1.848004847357922703e-06,1.836646059258568900e-06,1.836684447199612358e-06,1.823902413112828162e-06,1.809723552357379614e-06,1.794182731351110876e-06,1.794246840745310631e-06,1.777390015960717485e-06,1.759250969139750220e-06,1.759341161561166480e-06,1.739974129684823522e-06,1.719416318572296234e-06,1.697716908363050595e-06,1.697854352590522874e-06,1.675079435470286990e-06,1.651269376259846258e-06,1.651454553222777904e-06,1.626683838508766162e-06,1.600992770469679803e-06,1.574440486725710325e-06,1.574711032872752820e-06,1.547384067615923726e-06,1.519320181459949104e-06,1.519675458143441801e-06,1.490970349719879020e-06,1.461657173634677436e-06,1.462119362967494248e-06,1.432303666819725232e-06,1.402011811485279413e-06,1.371308690336221551e-06,1.371955955013906324e-06,1.340961555528057638e-06,1.309689333517076437e-06,1.310514057937273773e-06,1.279096085463873410e-06,1.247533198789001299e-06,1.215888737778265295e-06,1.217012542037070741e-06,1.185436370187686110e-06,1.153907956980872343e-06,1.155310869732415323e-06,1.123995328580793286e-06,1.092853226156767268e-06,1.094589189989927967e-06,1.063802413120127538e-06,1.033310001033819997e-06,1.003166675609745043e-06,1.005441178322677645e-06,9.758527578945232146e-07,9.467250200361270093e-07,9.494815069863509276e-07,9.210401087616232953e-07,8.931638125892820881e-07,8.658976806031136036e-07,8.694094708454539033e-07,8.430060575870603973e-07,8.173046940000161734e-07,8.214711413338861136e-07,7.967453224215462835e-07,7.728041618146619861e-07,7.777016540559313327e-07,7.548389470416205454e-07,7.328333747702943448e-07,7.117132022513732597e-07,7.177004370153971777e-07,6.977831519762716336e-07,6.788073734006008720e-07,6.856910493373536232e-07,6.679892666253894378e-07,6.516923656246117142e-07,6.358079842456343331e-07,6.439742163476441948e-07,6.288988265532177614e-07,6.143656104284219311e-07,6.235410263516135406e-07,6.099520605513891605e-07,5.970251148629715703e-07,5.861415968583685763e-07,5.953636362213378219e-07,5.842654340749803462e-07,5.739831998062907345e-07,5.855519303420832145e-07,5.764630625521995768e-07,5.682696124205428730e-07,5.808203547814648110e-07,5.738709636832023117e-07,5.678734960780081261e-07,5.628521360703241231e-07,5.766001236680382999e-07,5.728451740041096066e-07,5.700852498770988209e-07,5.846049469420974952e-07,5.830734360286870631e-07,5.825274608490846861e-07,5.855859951627738667e-07,5.982781826056251731e-07,5.998298130371720426e-07,6.023100435120171712e-07,6.180094028948718472e-07,6.214745242129416661e-07,6.257893894522915074e-07,6.416531491986465039e-07,6.467838633962728327e-07,6.526600260225401397e-07,6.592355859603255011e-07,6.749363715188292781e-07,6.820471585854571659e-07,6.897226192319380911e-07,7.049901794610555735e-07,7.129663391461025611e-07,7.213573525123879894e-07,7.316782467045926985e-07,7.443554601697030757e-07,7.530539041954637684e-07,7.619423188698696403e-07,7.751114914335031699e-07,7.837007006694270868e-07,7.923178192014079903e-07,8.018835807191885117e-07,8.122010372162516241e-07,8.201437533178364005e-07,8.278974270819705867e-07,8.375140776448670997e-07,8.444086997249583680e-07,8.509770770201010964e-07,8.586942485692666232e-07,8.642108432871855363e-07,8.692839741251796926e-07,8.738713427176390563e-07,8.787918131156138648e-07,8.821201300573087227e-07,8.848802522001191910e-07,8.875644785764961093e-07,8.889674361007377496e-07,8.897478831236622376e-07,8.901316339397569409e-07,8.898886664472552218e-07,8.895049156311605186e-07,8.882289557651427825e-07,8.863016995375786824e-07,8.836174731612017641e-07,8.802849044496956613e-07,8.763163838053495127e-07,8.713959134073747042e-07,8.660806479251124987e-07,8.601716031575596132e-07,8.536903273885444270e-07,8.459731558393789002e-07,8.382901414641041811e-07,8.301093140909319643e-07,8.204926635280354512e-07,8.112592258051118781e-07,8.016208931130611745e-07,7.907108960071844661e-07,7.798037121867869115e-07,7.689917221741784609e-07,7.579242581060385598e-07,7.447550855424050302e-07,7.330828230038441205e-07,7.212731889072828472e-07,7.076563059880296433e-07,6.948154691880324194e-07,6.825962291685649730e-07,6.704041448258023495e-07,6.551365845966848671e-07,6.428397485871375007e-07,6.306859299757799906e-07,6.149851444172762136e-07,6.029304457253706265e-07,5.911265345747290603e-07,5.796090853125471665e-07,5.637453255661921700e-07,5.525766453662225246e-07,5.417849546794205811e-07,5.260855952965657992e-07,5.158028966504616106e-07,5.059723706533507557e-07,4.917185344674576720e-07,4.814684723286371885e-07,4.727918435687812499e-07,4.646388894176457976e-07,4.501191923526470703e-07,4.427430481169434845e-07,4.359232289423847813e-07,4.221752413446706045e-07,4.161986089208019078e-07,4.107928176575879297e-07,4.059540059905855781e-07,3.934032636296636401e-07,3.894461209829617677e-07,3.860466401291662579e-07,3.744779095933737779e-07,3.719605878695349750e-07,3.699763111442465811e-07,3.599651149548520069e-07,3.583022198495066291e-07,3.576716872159277873e-07,3.575135977844695601e-07,3.483381818612779506e-07,3.489680406770363643e-07,3.500177825823705757e-07,3.418515504803600788e-07,3.436225356158836248e-07,3.457531616632788514e-07,3.486421241325213809e-07,3.417584481957585183e-07,3.455310838059301529e-07,3.498629265870567350e-07,3.438756918229609780e-07,3.490374708956096398e-07,3.547223984112935825e-07,3.609142836110155207e-07,3.560167913690637832e-07,3.629504195078480156e-07,3.703468665366235272e-07,3.661804191998007772e-07,3.742468548482563565e-07,3.827274812523030646e-07,3.792156909990909912e-07,3.882902839020237678e-07,3.977267947072415073e-07,4.075020499044332309e-07,4.047455629042829672e-07,4.150040483788785425e-07,4.255446855939272591e-07,4.232701827443982060e-07,4.342130666470524121e-07,4.453795027743526783e-07,4.567430948749170594e-07,4.550071305938634427e-07,4.666583106013029007e-07,4.784457460714479438e-07,4.770428323325303036e-07,4.890375243920770014e-07,5.011068662218646952e-07,4.999830599427626390e-07,5.121809446037953208e-07,5.243916411975851219e-07,5.365866180329246238e-07,5.357618888703130596e-07,5.479756943526418499e-07,5.601121170674050363e-07,5.594648439756849172e-07,5.715466523335962872e-07,5.834903400994254767e-07,5.952676318778630856e-07,5.948054258162184094e-07,6.064265949831535151e-07,6.178226310912508306e-07,6.174673277965406527e-07,6.286413804351195275e-07,6.395337114854789173e-07,6.392631246238845771e-07,6.498714466872077691e-07,6.601441055010297776e-07,6.700561075845781664e-07,6.698708626139104277e-07,6.794151854352300216e-07,6.885496589046149732e-07,6.884121183025414960e-07,6.971275739227007630e-07,7.053879175028539798e-07,7.131726216448709630e-07,7.130822822363051420e-07,7.203813326073161219e-07,7.271661606344585538e-07,7.271018552387951562e-07,7.333626612880867198e-07,7.390757583290397842e-07,7.442266942902762449e-07,7.441880283622218762e-07,7.487688549597758112e-07,7.527623183562342277e-07,7.527378894960966304e-07,7.561378010357573473e-07,7.589311098282745885e-07,7.589178485440323192e-07,7.611005596126535529e-07,7.626636103368860142e-07,7.636029271229490675e-07,7.636011938024061379e-07,7.639153094461179109e-07,7.636049094266428739e-07,7.636100983362930223e-07,7.626737139023738004e-07,7.611128027443440367e-07,7.589311593520044491e-07
1.878623195772219258e-06,1.882490104957003947e-06,1.884812203940879591e-06,1.884806616474111665e-06,1.885576890261179455e-06,1.884801885919648127e-06,1.884802986317685393e-06,1.882476890225756727e-06,1.878606726359927533e-06,1.873202249812792405e-06,1.873214423503949061e-06,1.866292474591140104e-06,1.857867314352754967e-06,1.857890163824855115e-06,1.847986944316344358e-06,1.836626454120504363e-06,1.836662869072603655e-06,1.823878565935440191e-06,1.809697112300940765e-06,1.794153344015005469e-06,1.794214118135187814e-06,1.777353533239012602e-06,1.759210261138012036e-06,1.759295719043887814e-06,1.739923395354759963e-06,1.719359682807670555e-06,1.697653704677557167e-06,1.697783852807711928e-06,1.675000844604696975e-06,1.651181827098211991e-06,1.651357100599745490e-06,1.626575453272839074e-06,1.600872333136588622e-06,1.574306780818054401e-06,1.574562737946636784e-06,1.547219751977376234e-06,1.519138294576204527e-06,1.519474322756678720e-06,1.490748153673747637e-06,1.461411961426915803e-06,1.461849027045132875e-06,1.432005938636808216e-06,1.401684252346683499e-06,1.370948682055025868e-06,1.371560690413851453e-06,1.340528028826917338e-06,1.309214330631228638e-06,1.309994146752396812e-06,1.278527606121468229e-06,1.246912254043338927e-06,1.215211183483350713e-06,1.216273977828255761e-06,1.184632130427632350e-06,1.153033102044618332e-06,1.154360177711274505e-06,1.122963287489687962e-06,1.091734026734310480e-06,1.093376719185049723e-06,1.062490248363253024e-06,1.031891405394481533e-06,1.001634593945975807e-06,1.003788234530539209e-06,9.740712533685839838e-07,9.448069334535823246e-07,9.474184955286544277e-07,9.188235108879736944e-07,8.907846524759496399e-07,8.633466743613784181e-07,8.666770346287805253e-07,8.400823176949957509e-07,8.141794990821191407e-07,8.181340767917260336e-07,7.931857271004055735e-07,7.690111470690064577e-07,7.736641252639458312e-07,7.505456276341285423e-07,7.282728328281841334e-07,7.068738797132310355e-07,7.125706815234299550e-07,6.923512513737993594e-07,6.730615928784578408e-07,6.796196712095049352e-07,6.615806326960168081e-07,6.445155708370524384e-07,6.284393171631707248e-07,6.363980168489720808e-07,6.212575702697139437e-07,6.070815780048712474e-07,6.154046181502852322e-07,6.016862948000871385e-07,5.895977466743893304e-07,5.774481705014474271e-07,5.863158240832111577e-07,5.764637918944543539e-07,5.661386297223798884e-07,5.755738188767327193e-07,5.662033573424042569e-07,5.597253936118907915e-07,5.697802674484623613e-07,5.624957619813266227e-07,5.584274292776602549e-07,5.531260010272395502e-07,5.640115426768149676e-07,5.598585575509110148e-07,5.592079284167054194e-07,5.707393750430015301e-07,5.687836756016716745e-07,5.703831788478190369e-07,5.703716885889577579e-07,5.826784707069075282e-07,5.863544987558849137e-07,5.883586557619938043e-07,6.011410116593001213e-07,6.041812970873225266e-07,6.104941500143735953e-07,6.236086167203678182e-07,6.283486418399022321e-07,6.361027251434985748e-07,6.422194750964477152e-07,6.555234953948381700e-07,6.623168387834352605e-07,6.716443381696544101e-07,6.848143344033792191e-07,6.925519856182622043e-07,7.024477182095560842e-07,7.108928415627374730e-07,7.235333477882001423e-07,7.335964580419233866e-07,7.422928680051212002e-07,7.541935976456571944e-07,7.627854746709799646e-07,7.725669823116761486e-07,7.811203484670240440e-07,7.916467084256390267e-07,8.006571789630631248e-07,8.085158951706715552e-07,8.176749942159699487e-07,8.248552095499353739e-07,8.323675024877946534e-07,8.399209278611676977e-07,8.458407097816289674e-07,8.518097619771449194e-07,8.568043283117533606e-07,8.619291580429301237e-07,8.658041430667756614e-07,8.693921426959158830e-07,8.724983339511536242e-07,8.745368816538929277e-07,8.761107282102463048e-07,8.768838362472179407e-07,8.771815154710700815e-07,8.771815154710700815e-07,8.766541320460404348e-07,8.754126504734592893e-07,8.735687674685116915e-07,8.709996986650225807e-07,8.676583509143178287e-07,8.637189495748261051e-07,8.591822391888573416e-07,8.537807297294322264e-07,8.479990019720763440e-07,8.414664933316991749e-07,8.345409255942552614e-07,8.266004803941811792e-07,8.183137988532640787e-07,8.097953885680385693e-07,8.001485069930730295e-07,7.906960771476873575e-07,7.804740237136349810e-07,7.693415531381762210e-07,7.587251253206142687e-07,7.473515936665094608e-07,7.362113254359285122e-07,7.235035439353142957e-07,7.118807700871572880e-07,6.995114070716370871e-07,6.859218773214462736e-07,6.738731051474096456e-07,6.610971085810947791e-07,6.490729819086976757e-07,6.347445526663883216e-07,6.218861218745202018e-07,6.099852704369961749e-07,5.953958073020317075e-07,5.836829537988176228e-07,5.712889572058559035e-07,5.601140081825243087e-07,5.455609243041687236e-07,5.337919879700962719e-07,5.233924373008100162e-07,5.091047955568675729e-07,4.992543289320452538e-07,4.888110100115912276e-07,4.749683705733439368e-07,4.662234069147505536e-07,4.569449387050072073e-07,4.492357284499756448e-07,4.362022366416537285e-07,4.282505858095076848e-07,4.218731061702387952e-07,4.095671402004007780e-07,4.039872534818308747e-07,3.980833670594580201e-07,3.936629092880281639e-07,3.824043955902976756e-07,3.780317075666456682e-07,3.750230588908683923e-07,3.645922062862311398e-07,3.623623606888515112e-07,3.601393421796945354e-07,3.505332105675486563e-07,3.496397574963059503e-07,3.489209993644980777e-07,3.490610975760244241e-07,3.404708655504119007e-07,3.411898447146917948e-07,3.424934222051752727e-07,3.346322226229517968e-07,3.366952333562763081e-07,3.393445277339045275e-07,3.425707460046692518e-07,3.360126676736087108e-07,3.400991832034451733e-07,3.447331710950662189e-07,3.390363692847774609e-07,3.444769289534276424e-07,3.504290790036798183e-07,3.568767548188282665e-07,3.522237766230815647e-07,3.593908241861889214e-07,3.670098019936573894e-07,3.630552242806745408e-07,3.713231149543515311e-07,3.799950450329235222e-07,3.766646847534439958e-07,3.859111237831295954e-07,3.955101968258099500e-07,4.054390384360159938e-07,4.028274763071907034e-07,4.132225438334883118e-07,4.238917417761546415e-07,4.217381010473255407e-07,4.327944709650529744e-07,4.440673379635947461e-07,4.555306240029378713e-07,4.538879310890379416e-07,4.656262694105663321e-07,4.774950539316290217e-07,4.761679772571830010e-07,4.882332844718275004e-07,5.003683018320811259e-07,4.993055054478656951e-07,5.115599996428231033e-07,5.238231616307519978e-07,5.360667066239328044e-07,5.352868857741258045e-07,5.475421674733595093e-07,5.597168523458386300e-07,5.591048356612330275e-07,5.712190932901293724e-07,5.831926121901033847e-07,5.949972964691757375e-07,5.945602144370697224e-07,6.062044001705244495e-07,6.176214974498908280e-07,6.172854432962627208e-07,6.284770679656185409e-07,6.393854206851638054e-07,6.391294239960135003e-07,6.497510160136472735e-07,6.600357285612170724e-07,6.699586651847533703e-07,6.697833259293936638e-07,6.793366096664445978e-07,6.884791772456943080e-07,6.883489362196928159e-07,6.970709637380322811e-07,7.053372132780823359e-07,7.131272143582157780e-07,7.130416152449274842e-07,7.203448973868590379e-07,7.271334927865929526e-07,7.270725307571522471e-07,7.333362930725484517e-07,7.390519929380707416e-07,7.442052089207808760e-07,7.441685280463104476e-07,7.487510699677947434e-07,7.527460017954671826e-07,7.527228150946505059e-07,7.561237611013133542e-07,7.589179133715966581e-07,7.589053195573779319e-07,7.610885354935155153e-07,7.626519404478088091e-07,7.635914714784990361e-07,7.635898218747214050e-07,7.639038990808347497e-07,7.635933458613609145e-07,7.635982733141205445e-07,7.626615248734713841e-07,7.611001521487591305e-07
1.882478061596585117e-06,1.884800538388409905e-06,1.884795229587275359e-06,1.885565677578981646e-06,1.884790736911300726e-06,1.884791783548742130e-06,1.882465508434859097e-06,1.878595031439162206e-06,1.873190097684312930e-06,1.873201658885156627e-06,1.866278929640381829e-06,1.857852807187153460e-06,1.857874496901573667e-06,1.847969902668284655e-06,1.836607803437161914e-06,1.836642353616557532e-06,1.823855906284743625e-06,1.809672002907513099e-06,1.794125450569003592e-06,1.794183074725279290e-06,1.777318939298468469e-06,1.759171678166621116e-06,1.759252667095841957e-06,1.739875349282921183e-06,1.719306068254964526e-06,1.697593893806712309e-06,1.697717159761125121e-06,1.674926520686931762e-06,1.651099055674467793e-06,1.651264991704644727e-06,1.626473037925033178e-06,1.600758557356006997e-06,1.574180499344131687e-06,1.574422707657537501e-06,1.547064625012129809e-06,1.518966611163740035e-06,1.519284503758056807e-06,1.490538492846379078e-06,1.461180617422287191e-06,1.461594015154492357e-06,1.431725122302419412e-06,1.401375334459619699e-06,1.370609196064059577e-06,1.371187991273762163e-06,1.340119283818518276e-06,1.308766510089559684e-06,1.309504014743840904e-06,1.277991711115012235e-06,1.246326919625774771e-06,1.214572499172895163e-06,1.215577790045806443e-06,1.183874033689670469e-06,1.152208430446532094e-06,1.153463996774630368e-06,1.121990386451627883e-06,1.090678911361770356e-06,1.092233605200844358e-06,1.061253055575178750e-06,1.030553752622402647e-06,1.000189794845331475e-06,1.002229294413770382e-06,9.723908671285639403e-07,9.429974846951945546e-07,9.454720570161194133e-07,9.167318464163218321e-07,8.885392202751136713e-07,8.609386321406681836e-07,8.640972463679478076e-07,8.373213622856432270e-07,8.112276809197998475e-07,8.149814384146741225e-07,7.898220639653856120e-07,7.654260245482409854e-07,7.698468979394419075e-07,7.464854609569540587e-07,7.239587272003313058e-07,7.022946970386491232e-07,7.077151742626055226e-07,6.872080941229442832e-07,6.676194164799452703e-07,6.738670993847277612e-07,6.555063211753693506e-07,6.381082489443328248e-07,6.216878317934382316e-07,6.291274989397920010e-07,6.140083877708897698e-07,5.996018454342217705e-07,6.076180656965910079e-07,5.944348909801934221e-07,5.814725124910600305e-07,5.691533837127283303e-07,5.788391131535741397e-07,5.675413209142904692e-07,5.569850238282058516e-07,5.676492851230416251e-07,5.582009554524462277e-07,5.495756507519439415e-07,5.592503392219106089e-07,5.537372814660460153e-07,5.471641971614433830e-07,5.415023243912175039e-07,5.543113623026029001e-07,5.498580442387899965e-07,5.463441238755964149e-07,5.574796848564018248e-07,5.576195369752326517e-07,5.562364709639817436e-07,5.557948753750471090e-07,5.702569652777044379e-07,5.709243867264720561e-07,5.724974593633442244e-07,5.874209121650033165e-07,5.899950232977544355e-07,5.934127125075047225e-07,6.062100909695822917e-07,6.128826391260533359e-07,6.179154766500506352e-07,6.236665741468963037e-07,6.388801698742557309e-07,6.452453900840424936e-07,6.522115273172145488e-07,6.652068078147688503e-07,6.745275304573664306e-07,6.823649011057468432e-07,6.906127015231231199e-07,7.047989255297132587e-07,7.131348431491613100e-07,7.217323027606482697e-07,7.350399836006651964e-07,7.434861395763936047e-07,7.520414327242283200e-07,7.606441011416441987e-07,7.723762702973412883e-07,7.805020800646878092e-07,7.885274702553973361e-07,7.987928531727761866e-07,8.061208516243206005e-07,8.132111085052094760e-07,8.211497095259948284e-07,8.279853308153369661e-07,8.338205383490646374e-07,8.392512680701646043e-07,8.452975418910875072e-07,8.496073896407795781e-07,8.534200792725101365e-07,8.571315952042832390e-07,8.599761346716169308e-07,8.619841346488448211e-07,8.634052253457214374e-07,8.645044523961362346e-07,8.645872810149866317e-07,8.645872810149866317e-07,8.640555446177914261e-07,8.629563175673766289e-07,8.610689567107655079e-07,8.585598633931029210e-07,8.553978034226851847e-07,8.514502388475422597e-07,8.470135762413498761e-07,8.419910790085524726e-07,8.359448051876295698e-07,8.296940811388514581e-07,8.229124410167440568e-07,8.153826874323813542e-07,8.070458240568016682e-07,7.986972768113967263e-07,7.899247959860019356e-07,7.796594130686230851e-07,7.699827634127572302e-07,7.599781428297197425e-07,7.482459736740226529e-07,7.375161033417536548e-07,7.265644573233098128e-07,7.154322816481379220e-07,7.021246008081209953e-07,6.905313621189313079e-07,6.788704275972473290e-07,6.646842035906571903e-07,6.527634822972242928e-07,6.408876344427411672e-07,6.283070223115027618e-07,6.141511599226091964e-07,6.023675298087159261e-07,5.907743659931008083e-07,5.755607702657413811e-07,5.641596230881429892e-07,5.530449092661472820e-07,5.412768652593774201e-07,5.270536374768097312e-07,5.166696941034642625e-07,5.066812843215898563e-07,4.917578315199307641e-07,4.823216647422556547e-07,4.733440435341236013e-07,4.588819536314662724e-07,4.505704071104439226e-07,4.427640339510059179e-07,4.344739930813501339e-07,4.218719970284017523e-07,4.153536507042305269e-07,4.093729708032900940e-07,3.965639328919048036e-07,3.914062776417857766e-07,3.867926954593063884e-07,3.819293412003174929e-07,3.710977250412381568e-07,3.678654233980897536e-07,3.651560819473137538e-07,3.544918206524779804e-07,3.526162212250112254e-07,3.512352010156405918e-07,3.415494715747947295e-07,3.409714763884134920e-07,3.408481380204474351e-07,3.410073532421317142e-07,3.327714311082200371e-07,3.338077594667526017e-07,3.353204043995735495e-07,3.278807372532187743e-07,3.302879114635555828e-07,3.332702162132546878e-07,3.368181741798874192e-07,3.305704912750874583e-07,3.349560259525741093e-07,3.398776638342130932e-07,3.344571866101450973e-07,3.401628233254885763e-07,3.463689123263611804e-07,3.530595274940887088e-07,3.486386541019390039e-07,3.560271610505778368e-07,3.638571636156969296e-07,3.601034061169844307e-07,3.685621595429676104e-07,3.774152567691323831e-07,3.742566425284963731e-07,3.836656915763214621e-07,3.934185323458714055e-07,4.034925999121559900e-07,4.010180275335527404e-07,4.115421575732274631e-07,4.223328016329006293e-07,4.202933019125080881e-07,4.314568181494921285e-07,4.428301451209610681e-07,4.543875099512302795e-07,4.528328156341719328e-07,4.646533682735759288e-07,4.765988728779266250e-07,4.753433055228526246e-07,4.874751875781093892e-07,4.996721138750988699e-07,4.986668209463036304e-07,5.109746650217389520e-07,5.232872664150557838e-07,5.355765744103200662e-07,5.348390650454773974e-07,5.471334223148338105e-07,5.593441531171394237e-07,5.587653496748528904e-07,5.709101755407915413e-07,5.829117961761623918e-07,5.947422851424243228e-07,5.943288713132479077e-07,6.059947406288565078e-07,6.174316802461965286e-07,6.171137623106108329e-07,6.283219442021230932e-07,6.392453945383680839e-07,6.390031477953698916e-07,6.496372468548765796e-07,6.599333214308251872e-07,6.698665663816883848e-07,6.697005667857372590e-07,6.792623005671461971e-07,6.884125019456648267e-07,6.882891464550691426e-07,6.970173741270974862e-07,7.052891965061694519e-07,7.130841966399254020e-07,7.130030720561413622e-07,7.203103494583239870e-07,7.271025023502730742e-07,7.270446980360865941e-07,7.333112530046069979e-07,7.390294121237509895e-07,7.441847827850323256e-07,7.441499782042982350e-07,7.487341417845131227e-07,7.527304621291755680e-07,7.527084502142245425e-07,7.561103747677735257e-07,7.589053250742862647e-07,7.588933628955123562e-07,7.610770566940999816e-07,7.626407970112238064e-07,7.635805309433727566e-07,7.635789606940457722e-07,7.638930016016240239e-07,7.635823034005065608e-07,7.635869833234509508e-07,7.626498901873803519e-07
1.884789399409377080e-06,1.884784354580170279e-06,1.885554967572152980e-06,1.884780087207913572e-06,1.884781082941124253e-06,1.882454638334954482e-06,1.878583864918535252e-06,1.873178498416808237e-06,1.873189479984989385e-06,1.866266012388098619e-06,1.857838979635596656e-06,1.857859572353665819e-06,1.847953678018166979e-06,1.836590057365949737e-06,1.836622844633737965e-06,1.823834370606027897e-06,1.809648152159790199e-06,1.794098969312911200e-06,1.794153617785836405e-06,1.777286128894195092e-06,1.759135100827622844e-06,1.759211870361461035e-06,1.739829838169760097e-06,1.719255301486392740e-06,1.697537279795356812e-06,1.697654052336364240e-06,1.674856214560031326e-06,1.651020781634757012e-06,1.651177911541027669e-06,1.626376239068163598e-06,1.600651047237657926e-06,1.574061199471650665e-06,1.574290447402810625e-06,1.546918135116194069e-06,1.518804516960087114e-06,1.519105318119757765e-06,1.490340608864463057e-06,1.460962300825292900e-06,1.461353396481808464e-06,1.431460188846933820e-06,1.401083921998295276e-06,1.370288980398356289e-06,1.370836479605321029e-06,1.339733805989196818e-06,1.308344209718760392e-06,1.309041840300091735e-06,1.277486406962906921e-06,1.245775017093668614e-06,1.213970307691126911e-06,1.214921388409686843e-06,1.183159261505974159e-06,1.151430879826756243e-06,1.152619004342781840e-06,1.121073025738741089e-06,1.089683985663693252e-06,1.091155640980021406e-06,1.060086296491149165e-06,1.029292154279480380e-06,9.988270203493753034e-07,1.000758710833042453e-06,9.708055429563487669e-07,9.412901884140508545e-07,9.436352568653139774e-07,9.147577114650714088e-07,8.864196229046928335e-07,8.586651520381684050e-07,8.616611761334292145e-07,8.347137147525657059e-07,8.084391982858930559e-07,8.120026032767608532e-07,7.866431123470749474e-07,7.620369610038081547e-07,7.662375128105841520e-07,7.426453498514415015e-07,7.198773127528229268e-07,6.979612530041202628e-07,7.031188519819425052e-07,6.823379513882915889e-07,6.624644488143859740e-07,6.684162737368529982e-07,6.497486120142989210e-07,6.320326767248373223e-07,6.152835037440463830e-07,6.223836521092357558e-07,6.069144342500085674e-07,5.924392074544672280e-07,6.004541400847603532e-07,5.867996827426128942e-07,5.737095164166767998e-07,5.622335981587570573e-07,5.705148561012205207e-07,5.590284101359551406e-07,5.496889896297616702e-07,5.584923716962508040e-07,5.487970911523839535e-07,5.416907511034662919e-07,5.510743467505857653e-07,5.433166402784749573e-07,5.364206128134384343e-07,5.325965480566965368e-07,5.427702443474894109e-07,5.379520339270166132e-07,5.364001492995073264e-07,5.472081212923421466e-07,5.444878684995171095e-07,5.426961377536533602e-07,5.442816805140060160e-07,5.558739892452008230e-07,5.561218607772681937e-07,5.596986552571540218e-07,5.718036384169892773e-07,5.739638069371431987e-07,5.793185345025153237e-07,5.918184737349250475e-07,5.957037343435548293e-07,6.003540123454178596e-07,6.078727456502885360e-07,6.206833528172910857e-07,6.267142401949724326e-07,6.353170049480383821e-07,6.481203852342841546e-07,6.552218265383877665e-07,6.628147404602964767e-07,6.724781222420119912e-07,6.849572157537146088e-07,6.931357791315881162e-07,7.030167028788983322e-07,7.149381637377727661e-07,7.233264317125179508e-07,7.330465291134647467e-07,7.415572390941142751e-07,7.523700034923589879e-07,7.605851616392412923e-07,7.696138740197792167e-07,7.792694826325747296e-07,7.868013173034727846e-07,7.948237965759624180e-07,8.030834144760517450e-07,8.095953103908507314e-07,8.157863946880143400e-07,8.220598271866037918e-07,8.281561033542127382e-07,8.329266226437542611e-07,8.375494588050582013e-07,8.418038601285434505e-07,8.449310030892980993e-07,8.475218096441042406e-07,8.496982075537608647e-07,8.513367896025411726e-07,8.520754034094642940e-07,8.522599427979159793e-07,8.522599427979159793e-07,8.518581782015737915e-07,8.506767189015369737e-07,8.488328288500601367e-07,8.463936596172222504e-07,8.432925577589765011e-07,8.395956903464938718e-07,8.350994731803278626e-07,8.300717790632008493e-07,8.245597491029508287e-07,8.181658480028218374e-07,8.113353969579202928e-07,8.041578130013491416e-07,7.965084155522678616e-07,7.878275052398363564e-07,7.789182774783986890e-07,7.698879896135879983e-07,7.597063559035748094e-07,7.494946765823681242e-07,7.393397134430824246e-07,7.278823838303365437e-07,7.171175911168940952e-07,7.056430489202932006e-07,6.945014590048412999e-07,6.817410819339044536e-07,6.696352144309803783e-07,6.580635157020717252e-07,6.446123884250262900e-07,6.321807461288672682e-07,6.204835445328911377e-07,6.088982299182437888e-07,5.949327737192447871e-07,5.826144632394842626e-07,5.712996508184785547e-07,5.572162792602780950e-07,5.452693001247346146e-07,5.344920687853177573e-07,5.240471106544654953e-07,5.101491918550591426e-07,4.991953715321948904e-07,4.895983883423893709e-07,4.760485063113123068e-07,4.660400197961311630e-07,4.574781287369123409e-07,4.444299088129175839e-07,4.355535830816372801e-07,4.281731073353415049e-07,4.213051914285436978e-07,4.091020286704136358e-07,4.020568688569400655e-07,3.964929559120122835e-07,3.850207030038361577e-07,3.793876914757266842e-07,3.751730550521388036e-07,3.714855284368916305e-07,3.610363807573935215e-07,3.574507843021266464e-07,3.551003425661067079e-07,3.454451530264954087e-07,3.433279998237569966e-07,3.422703699877290064e-07,3.333957755086015494e-07,3.327134429834650319e-07,3.328737367496834923e-07,3.334501269533361564e-07,3.254351943230428724e-07,3.267138059458713993e-07,3.285765575690169337e-07,3.214764092038261844e-07,3.242123392440584921e-07,3.275125070521813465e-07,3.313673485320068328e-07,3.254155236095172563e-07,3.300858832179015097e-07,3.352813415535147651e-07,3.301237425755552505e-07,3.360814088778773357e-07,3.425288012206792695e-07,3.494501423649574676e-07,3.452495905570739747e-07,3.528482094315976456e-07,3.608783284767653149e-07,3.573149234815571620e-07,3.659545120076591633e-07,3.749791865313948531e-07,3.719831624214270105e-07,3.815460941995146313e-07,3.914443973858315331e-07,4.016557997494313713e-07,3.993107312364778858e-07,4.099568333800192134e-07,4.208622180248933159e-07,4.189305273815906315e-07,4.301952197623774525e-07,4.416633859818386603e-07,4.533095456626815380e-07,4.518378898540257536e-07,4.637360074627079633e-07,4.757538803309184624e-07,4.745657547699831745e-07,4.867604152434054216e-07,4.990157120711801364e-07,4.980646292825679257e-07,5.104227622980972589e-07,5.227819620689853247e-07,5.351143997805052868e-07,5.344167645107845356e-07,5.467479443628611345e-07,5.589926413921207238e-07,5.584451340503121210e-07,5.706187632580613687e-07,5.826468630857234354e-07,5.945016670810076851e-07,5.941105556457915963e-07,6.057968579807253642e-07,6.172524964475822147e-07,6.169516705717256386e-07,6.281754575346979011e-07,6.391131384360648014e-07,6.388838531830192706e-07,6.495297433139578318e-07,6.598365307063132165e-07,6.697794961732952955e-07,6.696223048246749071e-07,6.791920089778217302e-07,6.883494118901842207e-07,6.882325530570650985e-07,6.969666316701988663e-07,7.052437139013902309e-07,7.130434331553568508e-07,7.129665333015753153e-07,7.202775836168084480e-07,7.270730966480927732e-07,7.270182754422630040e-07,7.332874691507140555e-07,7.390079524346366202e-07,7.441653598109137936e-07,7.441323291446471396e-07,7.487180261941668279e-07,7.527156597971844848e-07,7.526947592060742789e-07,7.560976096217908555e-07,7.588933151432499433e-07,7.588819508247283557e-07,7.610660970274727211e-07,7.626301549171432638e-07,7.635700810525437601e-07,7.635685860417062679e-07,7.638825926669277633e-07,7.635717572361780066e-07,7.635762027691572138e-07
1.884773967154366301e-06,1.885544736457203460e-06,1.884769913212673837e-06,1.884770860732531779e-06,1.882444255618851685e-06,1.878573201535587387e-06,1.873167425347051223e-06,1.873177858254217730e-06,1.866253691869005691e-06,1.857825797736262750e-06,1.857845352585707405e-06,1.847938228436574009e-06,1.836573168872387599e-06,1.836604289134846708e-06,1.823813899018053799e-06,1.809625492250705385e-06,1.794073823373048472e-06,1.794125660117981967e-06,1.777255003114044992e-06,1.759100416965539682e-06,1.759173201756562960e-06,1.739786718147542918e-06,1.719207219811339214e-06,1.697483678890336797e-06,1.697594323261070279e-06,1.674789692741254968e-06,1.650946742341979901e-06,1.651095565101602304e-06,1.626284725817295277e-06,1.600549432199477873e-06,1.573948466768899163e-06,1.574165494394043413e-06,1.546779766260979780e-06,1.518651437414399945e-06,1.518936127065677718e-06,1.490153792580394417e-06,1.460756225505192873e-06,1.461126300814400348e-06,1.431210176368534313e-06,1.400808953235753590e-06,1.369986864821641448e-06,1.370504867412527303e-06,1.339370179750138700e-06,1.307945875906908304e-06,1.308605920746327439e-06,1.277009830268450248e-06,1.245254510043526811e-06,1.213402386713522846e-06,1.214302351131105790e-06,1.182485178455714235e-06,1.150697586349140183e-06,1.151822092779449477e-06,1.120207837947675535e-06,1.088745605945776022e-06,1.090138889487949939e-06,1.058985723199409481e-06,1.028102033597731475e-06,9.975413464649980426e-07,9.993711938716988853e-07,9.693096060521209968e-07,9.396789657830466079e-07,9.419015929784622734e-07,9.128941614171456975e-07,8.844184540773346156e-07,8.565183471547757184e-07,8.593604378031812416e-07,8.322504715995153806e-07,8.058046127569314887e-07,8.091875812192908693e-07,7.836383144433827511e-07,7.588328161443582077e-07,7.628242334827500702e-07,7.390129496134907188e-07,7.160156258552892291e-07,6.938599562120011697e-07,6.987674886414484123e-07,6.777259577711587198e-07,6.575811827610497748e-07,6.632510456070950282e-07,6.442907179403561930e-07,6.262714341474436301e-07,6.092082891965212003e-07,6.159839411985970287e-07,6.001798437672637563e-07,5.853595395287959098e-07,5.930194282783557146e-07,5.794931297923446665e-07,5.669662608883082668e-07,5.545967954287560843e-07,5.625639342336360982e-07,5.520500033262887192e-07,5.412881952693281698e-07,5.497549145909590525e-07,5.413730121595479237e-07,5.323912081392304643e-07,5.414190696028644220e-07,5.352454155629951352e-07,5.281752646562037641e-07,5.219530508935729456e-07,5.317527792369869571e-07,5.287940133787373466e-07,5.246034532637452592e-07,5.350327166213753757e-07,5.342715291052692216e-07,5.321211415078367897e-07,5.308710262114879319e-07,5.420910073555466909e-07,5.443326865642675219e-07,5.450509035006798717e-07,5.568020435377377109e-07,5.609181700804628907e-07,5.634719425622629646e-07,5.756485295529426916e-07,5.814129993340515727e-07,5.856127456332865313e-07,5.905404764413259490e-07,6.030863998351592355e-07,6.108193579948631291e-07,6.170500848392415909e-07,6.296488615059507534e-07,6.383212641173904486e-07,6.455503191975094479e-07,6.532376275374486117e-07,6.656094787434556424e-07,6.751431703960350262e-07,6.833559148743628363e-07,6.952561129344241668e-07,7.048735935822345084e-07,7.132473398873159215e-07,7.217438579263366897e-07,7.337611568792658185e-07,7.419282030498839606e-07,7.500762304288599676e-07,7.599368350452179219e-07,7.684364302238616339e-07,7.758849844208625181e-07,7.844506855960639770e-07,7.918656077002759746e-07,7.982917108730367984e-07,8.043937483048366315e-07,8.109261876402874067e-07,8.165175998105885416e-07,8.212139804062993289e-07,8.259936610372079263e-07,8.299108862452868540e-07,8.329887922250981672e-07,8.355374312745633222e-07,8.378022011132626927e-07,8.392754875226108276e-07,8.400068573941898601e-07,8.402863047383383992e-07,8.402863047383383992e-07,8.398013773226108231e-07,8.386511828526387785e-07,8.369368224095619647e-07,8.344706618810949969e-07,8.314400042538122055e-07,8.278243893321060511e-07,8.235436754124775876e-07,8.185176508844063159e-07,8.131225243715538231e-07,8.070322084565054523e-07,8.001938258398543684e-07,7.931632328762472338e-07,7.856668395888155242e-07,7.774543942599379154e-07,7.684557713636788888e-07,7.595978515506640986e-07,7.500293169290135145e-07,7.396303264180029022e-07,7.296577969029735268e-07,7.194297930386960857e-07,7.074124940857669569e-07,6.965993576191147256e-07,6.856343520246380081e-07,6.739804919894302881e-07,6.612321826471911667e-07,6.498236894874211583e-07,6.377437449264699411e-07,6.243938576434332888e-07,6.128373650930896597e-07,6.013789850836570765e-07,5.892646302771571583e-07,5.755043817484410074e-07,5.642836304391062806e-07,5.524299334451487945e-07,5.386172393431003087e-07,5.278953921448095690e-07,5.174876945522950845e-07,5.064791869054865105e-07,4.929196306790987431e-07,4.833166760635684746e-07,4.731518945918959958e-07,4.599771092615967175e-07,4.513647608081102432e-07,4.422392356544582588e-07,4.295906867642491592e-07,4.221159288625702542e-07,4.151370701938409053e-07,4.077345959922816850e-07,3.959456950192101739e-07,3.902314064751116187e-07,3.841769341841264720e-07,3.731186651034888145e-07,3.687188185202569893e-07,3.648352044846569493e-07,3.607646992567915456e-07,3.507159165732330559e-07,3.481433972175125355e-07,3.455110779876927910e-07,3.362386307930457194e-07,3.349398752469198219e-07,3.337261115834808020e-07,3.252117410116325161e-07,3.251192462324867280e-07,3.252739395840108953e-07,3.260154151469314648e-07,3.183555263973714483e-07,3.199792154631262705e-07,3.221768466583776772e-07,3.154011946562999959e-07,3.184510966666627882e-07,3.220546129782344892e-07,3.262021204022413984e-07,3.205322575561672400e-07,3.254738896007439178e-07,3.309299782129776853e-07,3.260224457833631537e-07,3.322197219802222476e-07,3.388964009825307575e-07,3.460368630368082894e-07,3.420454456971319015e-07,3.498434115271512194e-07,3.580633064181607304e-07,3.546803379509181519e-07,3.634912688521706537e-07,3.726784481976605985e-07,3.698363575331274621e-07,3.795449253653552152e-07,3.895808473286183173e-07,3.999221358500796844e-07,3.976995085888870930e-07,4.084608964540868064e-07,4.194747010355364101e-07,4.176448534615485720e-07,4.290050990358377630e-07,4.405628126346157771e-07,4.522927941028366880e-07,4.508995100545052635e-07,4.628708195748503657e-07,4.749569686545903693e-07,4.738324611627047411e-07,4.860863320471692158e-07,4.983966746317988790e-07,4.974967081323579217e-07,5.099022550685526072e-07,5.223053851958735213e-07,5.346784800595447346e-07,5.340184305577949483e-07,5.463843180280332366e-07,5.586610291738639165e-07,5.581430185500341681e-07,5.703437947132348905e-07,5.823968510147195658e-07,5.942745720694451098e-07,5.939044813005740816e-07,6.056100430745331604e-07,6.170833072733515042e-07,6.167985935236043706e-07,6.280370919291073032e-07,6.389881895838285512e-07,6.387711257210450546e-07,6.494281348026736928e-07,6.597450254969594917e-07,6.696971595472641614e-07,6.695482774053558822e-07,6.791255014138511451e-07,6.882896998076068966e-07,6.881789722766851009e-07,6.969185736853161279e-07,7.052006216101849240e-07,7.130047968413853805e-07,7.129318868551659767e-07,7.202465009895929500e-07,7.270451885324624900e-07,7.269931861671933354e-07,7.332648737851487046e-07,7.389875540894514401e-07,7.441468871303873153e-07,7.441155339783384240e-07,7.487026814401322012e-07,7.527015574075548195e-07,7.526817083461448206e-07,7.560854349739508253e-07,7.588818553472838084e-07,7.588710570462594219e-07,7.610556316465786766e-07,7.626199903294498641e-07,7.635600985754003611e-07,7.635586749183479303e-07,7.638726491618416300e-07,7.635616838152086554e-07
1.885534961644923759e-06,1.884760192512188706e-06,1.884761094354521665e-06,1.882434337206728884e-06,1.878563017313847406e-06,1.873156853183829858e-06,1.873166766631689067e-06,1.866241938754951681e-06,1.857813229349864257e-06,1.857831802050318183e-06,1.847923514311982015e-06,1.836557093558806289e-06,1.836586637140664895e-06,1.823794435083153273e-06,1.809603959316995588e-06,1.794049940393723991e-06,1.794099119696917307e-06,1.777225468966693250e-06,1.759067521192709996e-06,1.759136541922522125e-06,1.739745854154021870e-06,1.719161670559244259e-06,1.697432918721258954e-06,1.697537778171080835e-06,1.674726736359958966e-06,1.650876691670406445e-06,1.651017676003216724e-06,1.626198188257266334e-06,1.600453365228293900e-06,1.573841913247554664e-06,1.574047415459262147e-06,1.546649035530372899e-06,1.518506834933017128e-06,1.518776332997171529e-06,1.489977380647919249e-06,1.460561656189263658e-06,1.460911914317198888e-06,1.430974185356609548e-06,1.400549435375687957e-06,1.369701755126067199e-06,1.370191950416860325e-06,1.339027081543553423e-06,1.307570056044390660e-06,1.308194664072109974e-06,1.276560238684743083e-06,1.244763494262190425e-06,1.212866658032167169e-06,1.213718413279028858e-06,1.181849319559084444e-06,1.150005871068857866e-06,1.151070354679165109e-06,1.119391672153455368e-06,1.087860362162873839e-06,1.089179665444007384e-06,1.057947358587146635e-06,1.026979104593743713e-06,9.963281609046188770e-07,9.980617871629517770e-07,9.678977379145470067e-07,9.381581178995752247e-07,9.402649676504699474e-07,9.111346813143455403e-07,8.825287631751259294e-07,8.544908129520895482e-07,8.571871549136443734e-07,8.299232668078715419e-07,8.033150516310494621e-07,8.065269763657200791e-07,7.807977354912387095e-07,7.558031015383011416e-07,7.595960041609175284e-07,7.355766246404460672e-07,7.123614400733118034e-07,6.899779799663765173e-07,6.946476496267859959e-07,6.733580650361906583e-07,6.529549528988425618e-07,6.583561311461532268e-07,6.391167379397490582e-07,6.208080069858602491e-07,6.034450675311187941e-07,6.099106490546972172e-07,5.937863157044400843e-07,5.786357618127551921e-07,5.859555819713463595e-07,5.720796356576994024e-07,5.591938259872820404e-07,5.473006521391051173e-07,5.558111135800124937e-07,5.442183965987862685e-07,5.332729181022126904e-07,5.426945377248586004e-07,5.327434061875097069e-07,5.235226393884827769e-07,5.338495281893586236e-07,5.256928183118111409e-07,5.183332198603760326e-07,5.137826149953116680e-07,5.232854344441134856e-07,5.178786363333842845e-07,5.133368568334864485e-07,5.256222160343949467e-07,5.222095624428554153e-07,5.196784664710394683e-07,5.203427851005242857e-07,5.312428181001807995e-07,5.306859519303160051e-07,5.309991975096220602e-07,5.447549843638654801e-07,5.460787747273465862e-07,5.482313680544405733e-07,5.623808995677770530e-07,5.654352642019062232e-07,5.692539693609563041e-07,5.759127239397240318e-07,5.881987703776707338e-07,5.934584421557609231e-07,5.993586344051783257e-07,6.136895502596857369e-07,6.201191900368211013e-07,6.270774002126824219e-07,6.361757585965599983e-07,6.484131863918934354e-07,6.561071862585253344e-07,6.641513015160912281e-07,6.774444735713487465e-07,6.855288246618513160e-07,6.938259366652199602e-07,7.034180666712165490e-07,7.143906213315744975e-07,7.225819679467786910e-07,7.317302272340273463e-07,7.417404442959674922e-07,7.494737232608079620e-07,7.570904270929103282e-07,7.666587150997534371e-07,7.736007197768793025e-07,7.803024967352887815e-07,7.872310658976876229e-07,7.941393342078950341e-07,7.996385715972609141e-07,8.047483063365808226e-07,8.103717628361106251e-07,8.144262870969426548e-07,8.180086446374375646e-07,8.212976110568325145e-07,8.241320542587688779e-07,8.260204795493554715e-07,8.273570289935686782e-07,8.283784617641508653e-07,8.284657289020239883e-07,8.284657289020239883e-07,8.279768234142963575e-07,8.269553906437141705e-07,8.252019653662500437e-07,8.228660981202034409e-07,8.198331611801497018e-07,8.162491737088373890e-07,8.121114651677438683e-07,8.074236671982248481e-07,8.018002106986950456e-07,7.959628189872285402e-07,7.896246741987256425e-07,7.823924955110184756e-07,7.748203932148286736e-07,7.670049427234526993e-07,7.587849657263986540e-07,7.492166777195555451e-07,7.401393157378242603e-07,7.307440666954896704e-07,7.201716004493524640e-07,7.097035438251029434e-07,6.993912915386914503e-07,6.877398219777179834e-07,6.764481786275705823e-07,6.654967236174779075e-07,6.544641571480545203e-07,6.411709850927970020e-07,6.298674304800973310e-07,6.185861977781817726e-07,6.053611766541877319e-07,5.933197752043758677e-07,5.820730496145786972e-07,5.709838444185698700e-07,5.566529285640624588e-07,5.457104159060304902e-07,5.350155802253534759e-07,5.214771863283448489e-07,5.102344368167572184e-07,5.001717508031370596e-07,4.904612861921342491e-07,4.763117546787977694e-07,4.670885266365077081e-07,4.582792824374673587e-07,4.445234955832239917e-07,4.363118699281207059e-07,4.285615255073960227e-07,4.162883823874365075e-07,4.082874365193319689e-07,4.017147652342681792e-07,3.956402773009399139e-07,3.833549181000314156e-07,3.780389432131743100e-07,3.732321707156381768e-07,3.625497566764752290e-07,3.577273143191987134e-07,3.542137913674880839e-07,3.511972232738842982e-07,3.408703344730084515e-07,3.386395941698893749e-07,3.368843841903913585e-07,3.274627645677453955e-07,3.264717835487420830e-07,3.259238088118201919e-07,3.174133473709128155e-07,3.173468113314603956e-07,3.178604454493656312e-07,3.189515688399220568e-07,3.116317486813306247e-07,3.135856874003021750e-07,3.161035545144772304e-07,3.096379729908961604e-07,3.129876695050767073e-07,3.168806329776222722e-07,3.213072059412900678e-07,3.159060276939428216e-07,3.211059968657458396e-07,3.268101391982635469e-07,3.221404695376516804e-07,3.285655361981023086e-07,3.354600760092570364e-07,3.428086337146152293e-07,3.390157310905178054e-07,3.470028325741626860e-07,3.554027015633320433e-07,3.521907768231945698e-07,3.611640640578745960e-07,3.705051653043642275e-07,3.678088233251939228e-07,3.776552344559312906e-07,3.878213672160401176e-07,3.982855105090233046e-07,3.961786606882028357e-07,4.070490282941421997e-07,4.181652942981074427e-07,4.164316678648889735e-07,4.278821699865755080e-07,4.395244479666227687e-07,4.513335699912468528e-07,4.500142661906690827e-07,4.620546536852576242e-07,4.742052304437244206e-07,4.731407457564521069e-07,4.854504730098510638e-07,4.978127366261541317e-07,4.969609792879418381e-07,5.094112391200501397e-07,5.218557934488085347e-07,5.342672232368271469e-07,5.336426105765147089e-07,5.460412197519180949e-07,5.583481121828905605e-07,5.578579089648404885e-07,5.700842771082475121e-07,5.821608604503031652e-07,5.940601862699104898e-07,5.937099130015652004e-07,6.054336325601589638e-07,6.169235151204424074e-07,6.166539935676622495e-07,6.279063644638861249e-07,6.388701148040299771e-07,6.386645774153425619e-07,6.493320743021825618e-07,6.596584958823564567e-07,6.696192801160124569e-07,6.694782383989152992e-07,6.790625590033350986e-07,6.882331713350890704e-07,6.881282317482437562e-07,6.968730475109326108e-07,7.051597845847738186e-07,7.129681683605174811e-07,7.128990273584490457e-07,7.202170086241844806e-07,7.270186960287974682e-07,7.269693579187160759e-07,7.332434031236194057e-07,7.389681607472638495e-07,7.441293148812642286e-07,7.440995484477630572e-07,7.486880680769230280e-07,7.526881196080848516e-07,7.526692657228455391e-07,7.560738217599121778e-07,7.588709189289675162e-07,7.588606566165732332e-07,7.610456369708067491e-07,7.626102806168070967e-07,7.635505614492539948e-07,7.635492054784440781e-07,7.638631491321672625e-07
